0.0
0.0
0.0
0.0
0.0
0.025117999999999998
0.217882
0.398383
0.527551
0.6084700000000001
0.647101
0.660037
0.6671670000000001
0.659134
0.611382
0.49923700000000004
0.316965
0.063888
0.0
0.0
0.0
0.0
0.0
0.0
0.0
0.0
0.0
0.0
0.0
0.025885000000000002
0.20632499999999998
0.373185
0.49597
0.574588
0.611906
0.6249089999999999
0.627193
0.613133
0.564693
0.454978
0.278271
0.06499500000000001
0.0
0.0
0.0
0.0
0.0
0.0
0.0
0.0
0.0
0.0
0.0
0.024987
0.21400999999999998
0.391832
0.518378
0.602209
0.640365
0.658278
0.657841
0.649201
0.5977469999999999
0.490631
0.31073700000000004
0.063396
0.0
0.0
0.0
0.0
0.0
0.0
0.0
0.0
0.0
0.0
0.0
0.024751000000000002
0.186631
0.324735
0.43411099999999997
0.505209
0.5368869999999999
0.546494
0.54304
0.5219980000000001
0.466464
0.36266699999999996
0.207582
0.055210999999999996
0.0
0.0
0.0
0.0
0.0
0.0
0.0
0.0
0.0
0.0
0.0
0.018050999999999998
0.134889
0.243762
0.328335
0.388332
0.418573
0.425245
0.41722899999999996
0.386728
0.327975
0.23890899999999998
0.13025399999999998
0.033208
0.0
0.0
0.0
0.0
0.0
0.0
0.0
0.0
0.0
0.0
0.0
0.025012
0.19312
0.340557
0.45886200000000005
0.532117
0.569192
0.578144
0.5780299999999999
0.557803
0.50505
0.39663600000000004
0.228755
0.060399
0.0
0.0
0.0
0.0
0.0
0.0
0.0
0.0
0.0
0.0
0.0
0.024436
0.203452
0.37323
0.503235
0.584059
0.62401
0.637433
0.640751
0.627343
0.5764750000000001
0.466157
0.284295
0.06322699999999999
0.0
0.0
0.0
0.0
0.0
0.0
0.0
0.0
0.0
0.0
0.0
0.023231
0.211393
0.39619600000000005
0.532828
0.621268
0.664689
0.683945
0.686311
0.6737179999999999
0.621802
0.509798
0.322322
0.061591
0.0
0.0
0.0
0.0
0.0
0.0
0.0
0.0
0.0
0.0
0.0
0.0
0.20946299999999998
0.390728
0.5234690000000001
0.60642
0.6472899999999999
0.665098
0.669692
0.659504
0.612278
0.501806
0.318812
0.060156
0.0
0.0
0.0
0.0
0.0
0.0
0.0
0.0
0.0
0.0
0.0
0.0
0.20020500000000002
0.370178
0.49646300000000004
0.578703
0.619738
0.6370750000000001
0.639654
0.628568
0.5783550000000001
0.469
0.28647500000000004
0.061321
0.0
0.0
0.0
0.0
0.0
0.0
0.0
0.0
0.0
0.0
0.0
0.0
0.2043
0.389081
0.524638
0.6119969999999999
0.659242
0.6786989999999999
0.690491
0.6829489999999999
0.635082
0.5217670000000001
0.335248
0.057957
0.0
0.0
0.0
0.0
0.0
0.0
0.0
0.0
0.0
0.0
0.0
0.0
0.205113
0.392036
0.5181180000000001
0.615308
0.6645030000000001
0.6911459999999999
0.698256
0.689687
0.644215
0.533799
0.346098
0.055911
0.0
0.0
0.0
0.0
0.0
0.0
0.0
0.0
0.0
0.0
0.0
0.0
0.191834
0.362377
0.490438
0.568935
0.6094809999999999
0.622619
0.6306069999999999
0.622848
0.577863
0.469736
0.28939800000000004
0.060607
0.0
0.0
0.0
0.0
0.0
0.0
0.0
0.0
0.0
0.0
0.0
0.0
0.20899299999999998
0.405212
0.547788
0.6415109999999999
0.690261
0.7128410000000001
0.722198
0.7159070000000001
0.672933
0.5569080000000001
0.36653199999999997
0.052578
0.0
0.0
0.0
0.0
0.0
0.0
0.0
0.0
0.0
0.0
0.0
0.0
0.125969
0.22414099999999998
0.312893
0.371377
0.396883
0.40842399999999995
0.396555
0.368395
0.309487
0.22327000000000002
0.119289
0.027920999999999998
0.0
0.0
0.0
0.0
0.0
0.0
0.0
0.0
0.0
0.0
0.0
0.0
0.039223999999999995
0.086273
0.134721
0.17660900000000002
0.20450100000000002
0.212575
0.203576
0.17471799999999998
0.132969
0.083997
0.038689999999999995
0.006652999999999999
0.0
0.0
0.0
0.0
0.0
0.0
0.0
0.0
0.0
0.0
0.0
0.0
0.051257
0.10635299999999999
0.16159800000000002
0.204916
0.232265
0.241384
0.230873
0.202182
0.156802
0.10284499999999999
0.049204
0.009136
0.0
0.0
0.0
0.0
0.0
0.0
0.0
0.0
0.0
0.0
0.0
0.0
0.171182
0.29286
0.39728199999999997
0.465929
0.498564
0.508496
0.50262
0.476397
0.416633
0.313024
0.17303
0.042404000000000004
0.0
0.0
0.0
0.0
0.0
0.0
0.0
0.0
0.0
0.0
0.0
0.0
0.138652
0.249386
0.339129
0.400638
0.43115499999999995
0.44110000000000005
0.43070600000000003
0.399215
0.33833199999999997
0.245076
0.130825
0.031145
0.0
0.0
0.0
0.0
0.0
0.0
0.0
0.0
0.0
0.0
0.0
0.0
0.17614500000000002
0.302433
0.414071
0.485241
0.5205639999999999
0.530158
0.524649
0.50229
0.444567
0.339383
0.187184
0.044375
0.0
0.0
0.0
0.0
0.0
0.0
0.0
0.0
0.0
0.0
0.0
0.0
0.182568
0.34440499999999996
0.478098
0.561759
0.601442
0.614876
0.6170460000000001
0.6030639999999999
0.552129
0.43971499999999997
0.25888900000000004
0.054719000000000004
0.0
0.0
0.0
0.0
0.0
0.0
0.0
0.0
0.0
0.0
0.0
0.0
0.185458
0.374899
0.5231979999999999
0.61686
0.666697
0.685056
0.69398
0.685378
0.6341079999999999
0.518706
0.326853
0.051393
0.0
0.0
0.0
0.0
0.0
0.0
0.0
0.0
0.0
0.0
0.0
0.0
0.18664699999999998
0.384658
0.538098
0.6326430000000001
0.684225
0.707044
0.71648
0.710009
0.662395
0.5459360000000001
0.354129
0.04693
0.0
0.0
0.0
0.0
0.0
0.0
0.0
0.0
0.0
0.0
0.0
0.0
0.182041
0.375313
0.519533
0.612231
0.661181
0.6871649999999999
0.6917490000000001
0.687275
0.6419239999999999
0.534593
0.346792
0.046308999999999996
0.0
0.0
0.0
0.0
0.0
0.0
0.0
0.0
0.0
0.0
0.0
0.0
0.175988
0.366618
0.511506
0.605253
0.653831
0.675365
0.681886
0.6749700000000001
0.625968
0.5164880000000001
0.32841000000000004
0.047674999999999995
0.0
0.0
0.0
0.0
0.0
0.0
0.0
0.0
0.0
0.0
0.0
0.0
0.115665
0.315396
0.475003
0.573068
0.626972
0.647528
0.6536029999999999
0.646798
0.6068920000000001
0.519399
0.36708300000000005
0.13737
0.001676
0.0
0.0
0.0
0.0
0.0
0.0
0.0
0.0
0.0
0.0
0.0
0.057085000000000004
0.14806899999999998
0.236224
0.303882
0.345779
0.36630599999999996
0.365798
0.347634
0.30429
0.236611
0.14674199999999998
0.056137
0.0
0.0
0.0
0.0
0.0
0.0
0.0
0.0
0.0
0.0
0.0
0.0
0.11226900000000001
0.31461500000000003
0.467036
0.569646
0.622773
0.646439
0.65132
0.645126
0.607384
0.5188630000000001
0.36752300000000004
0.135816
0.0015680000000000002
0.0
0.0
0.0
0.0
0.0
0.0
0.0
0.0
0.0
0.0
0.0
0.11040699999999999
0.336349
0.504661
0.6147039999999999
0.672003
0.697348
0.699393
0.692
0.650541
0.56028
0.40125099999999997
0.143411
0.001132
0.0
0.0
0.0
0.0
0.0
0.0
0.0
0.0
0.0
0.0
0.0
0.10832299999999999
0.328978
0.49762799999999996
0.606193
0.6639769999999999
0.68569
0.6931710000000001
0.685633
0.646605
0.5531280000000001
0.39507600000000004
0.140786
0.0011149999999999999
0.0
0.0
0.0
0.0
0.0
0.0
0.0
0.0
0.0
0.0
0.0
0.106357
0.323276
0.490898
0.595915
0.6530499999999999
0.673175
0.683314
0.676886
0.641014
0.546844
0.39005599999999996
0.138856
0.000644
0.0
0.0
0.0
0.0
0.0
0.0
0.0
0.0
0.0
0.0
0.0
0.104333
0.339571
0.513795
0.626013
0.682913
0.70947
0.713538
0.7079829999999999
0.670646
0.5769099999999999
0.416011
0.144208
0.000249
0.0
0.0
0.0
0.0
0.0
0.0
0.0
0.0
0.0
0.0
0.0
0.104729
0.300285
0.463134
0.567138
0.6213200000000001
0.637932
0.6444460000000001
0.634996
0.5974640000000001
0.505098
0.35238400000000003
0.127278
0.00023300000000000003
0.0
0.0
0.0
0.0
0.0
0.0
0.0
0.0
0.0
0.0
0.0
0.102488
0.316396
0.489367
0.597823
0.656674
0.678613
0.682224
0.673194
0.6297670000000001
0.53699
0.37933
0.133713
0.0
0.0
0.0
0.0
0.0
0.0
0.0
0.0
0.0
0.0
0.0
0.0
0.092273
0.23241499999999998
0.36589299999999997
0.457148
0.506059
0.524851
0.529239
0.5144930000000001
0.47590499999999997
0.387363
0.25127
0.097103
0.000206
0.0
0.0
0.0
0.0
0.0
0.0
0.0
0.0
0.0
0.0
0.0
0.101647
0.305587
0.476663
0.585033
0.643028
0.665735
0.667539
0.657515
0.612567
0.5194529999999999
0.359823
0.125634
0.0
0.0
0.0
0.0
0.0
0.0
0.0
0.0
0.0
0.0
0.0
0.0
0.091746
0.234989
0.372764
0.46298
0.5092300000000001
0.526177
0.526323
0.510046
0.469067
0.38456599999999996
0.251793
0.09677
0.0
0.0
0.0
0.0
0.0
0.0
0.0
0.0
0.0
0.0
0.0
0.0
0.03313
0.09929900000000001
0.16868100000000003
0.22530699999999998
0.264241
0.281198
0.280303
0.260447
0.22262200000000001
0.165477
0.09733499999999999
0.033314
0.0
0.0
0.0
0.0
0.0
0.0
0.0
0.0
0.0
0.0
0.0
0.0
0.090328
0.22981100000000002
0.364349
0.459092
0.5084460000000001
0.5293049999999999
0.528456
0.51379
0.47074400000000005
0.38591699999999995
0.251793
0.095749
0.0
0.0
0.0
0.0
0.0
0.0
0.0
0.0
0.0
0.0
0.0
0.0
0.093234
0.270656
0.428132
0.5337329999999999
0.589795
0.614189
0.61676
0.608568
0.570075
0.47897500000000004
0.32569600000000004
0.114115
0.0
0.0
0.0
0.0
0.0
0.0
0.0
0.0
0.0
0.0
0.0
0.0
0.035033
0.105628
0.179347
0.240283
0.280353
0.301559
0.29957100000000003
0.279655
0.23731
0.17757
0.10426
0.035144
0.0
0.0
0.0
0.0
0.0
0.0
0.0
0.0
0.0
0.0
0.0
0.0
0.08974599999999999
0.277395
0.441275
0.544881
0.599715
0.622579
0.625721
0.617362
0.5755159999999999
0.487082
0.332599
0.112993
0.0
0.0
0.0
0.0
0.0
0.0
0.0
0.0
0.0
0.0
0.0
0.0
0.08733
0.241042
0.38673
0.482978
0.5327569999999999
0.552581
0.555751
0.545659
0.507063
0.41962
0.276173
0.098194
0.0
0.0
0.0
0.0
0.0
0.0
0.0
0.0
0.0
0.0
0.0
0.0
0.08233700000000001
0.300509
0.482512
0.5960890000000001
0.6550940000000001
0.6788379999999999
0.687145
0.680346
0.643332
0.5458139999999999
0.379507
0.119581
0.0
0.0
0.0
0.0
0.0
0.0
0.0
0.0
0.0
0.0
0.0
0.0
0.083805
0.281696
0.44820800000000005
0.5598139999999999
0.6158089999999999
0.641343
0.64348
0.635992
0.5987509999999999
0.50602
0.34671199999999996
0.11365
0.0
0.0
0.0
0.0
0.0
0.0
0.0
0.0
0.0
0.0
0.0
0.0
0.082525
0.27019099999999996
0.43901999999999997
0.548686
0.607094
0.630993
0.634562
0.6274400000000001
0.5848690000000001
0.492024
0.331632
0.10710599999999999
0.0
0.0
0.0
0.0
0.0
0.0
0.0
0.0
0.0
0.0
0.0
0.0
0.068123
0.187788
0.30807999999999996
0.39146
0.437999
0.455123
0.45823899999999995
0.440133
0.397512
0.313868
0.19417099999999998
0.067801
0.0
0.0
0.0
0.0
0.0
0.0
0.0
0.0
0.0
0.0
0.0
0.0
0.076794
0.277119
0.45398700000000003
0.566836
0.626374
0.651421
0.65464
0.647156
0.60562
0.512081
0.348191
0.108904
0.0
0.0
0.0
0.0
0.0
0.0
0.0
0.0
0.0
0.0
0.0
0.0
0.073063
0.280171
0.463748
0.578831
0.6394610000000001
0.664243
0.671451
0.663471
0.623064
0.525376
0.357889
0.107518
0.0
0.0
0.0
0.0
0.0
0.0
0.0
0.0
0.0
0.0
0.0
0.0
0.07446599999999999
0.26195
0.430577
0.5429579999999999
0.6015969999999999
0.624463
0.627721
0.619071
0.5796789999999999
0.48563999999999996
0.32589100000000004
0.102148
0.0
0.0
0.0
0.0
0.0
0.0
0.0
0.0
0.0
0.0
0.0
0.0
0.07120099999999999
0.26468200000000003
0.43955700000000003
0.553567
0.613903
0.639452
0.643344
0.6338809999999999
0.592638
0.497333
0.334049
0.10173
0.0
0.0
0.0
0.0
0.0
0.0
0.0
0.0
0.0
0.0
0.0
0.0
0.07235
0.250517
0.41841199999999995
0.5282129999999999
0.5869930000000001
0.609942
0.614073
0.6034729999999999
0.5625370000000001
0.466708
0.307849
0.094846
0.0
0.0
0.0
0.0
0.0
0.0
0.0
0.0
0.0
0.0
0.0
0.0
0.069294
0.253458
0.42257799999999995
0.5332279999999999
0.591602
0.616687
0.62
0.6119450000000001
0.570624
0.47680900000000004
0.31567
0.096524
0.0
0.0
0.0
0.0
0.0
0.0
0.0
0.0
0.0
0.0
0.0
0.0
0.068226
0.202487
0.337517
0.429636
0.479163
0.49769
0.499574
0.484456
0.443167
0.356394
0.22353800000000001
0.074557
0.0
0.0
0.0
0.0
0.0
0.0
0.0
0.0
0.0
0.0
0.0
0.0
0.030873
0.10562300000000001
0.181263
0.24519200000000002
0.286737
0.308594
0.30698000000000003
0.287203
0.245358
0.18362
0.10542900000000001
0.03188
0.0
0.0
0.0
0.0
0.0
0.0
0.0
0.0
0.0
0.0
0.0
0.0
0.067378
0.21554900000000002
0.35762900000000003
0.445667
0.521547
0.548203
0.550739
0.5403859999999999
0.499397
0.408881
0.25787099999999996
0.08004900000000001
0.0
0.0
0.0
0.0
0.0
0.0
0.0
0.0
0.0
0.0
0.0
0.0
0.051878
0.161656
0.270367
0.347374
0.39161599999999996
0.410814
0.41126799999999997
0.39518400000000004
0.35104199999999997
0.274126
0.164604
0.05328
0.0
0.0
0.0
0.0
0.0
0.0
0.0
0.0
0.0
0.0
0.0
0.0
0.060007
0.187861
0.31731200000000004
0.406406
0.455814
0.47189600000000004
0.47310199999999997
0.457009
0.416194
0.329638
0.200323
0.06355
0.0
0.0
0.0
0.0
0.0
0.0
0.0
0.0
0.0
0.0
0.0
0.0
0.041634
0.140557
0.23971
0.30973
0.351881
0.36470600000000003
0.370227
0.35318700000000003
0.312218
0.23912899999999998
0.141506
0.043294
0.0
0.0
0.0
0.0
0.0
0.0
0.0
0.0
0.0
0.0
0.0
0.0
0.048959
0.15817699999999998
0.264867
0.345428
0.393754
0.409723
0.418102
0.400579
0.35825
0.276331
0.164676
0.050911
0.0
0.0
0.0
0.0
0.0
0.0
0.0
0.0
0.0
0.0
0.0
0.0
0.003356
0.026919000000000002
0.061082
0.09892000000000001
0.131839
0.151988
0.15162899999999999
0.133202
0.100091
0.06252100000000001
0.027694
0.0041600000000000005
0.0
0.0
0.0
0.0
0.0
0.0
0.0
0.0
0.0
0.0
0.0
0.0
0.009994
0.048499
0.095357
0.14147200000000001
0.177448
0.196256
0.195646
0.176636
0.14013
0.094664
0.048268
0.011114
0.0
0.0
0.0
0.0
0.0
0.0
0.0
0.0
0.0
0.0
0.0
0.0
0.036587
0.131124
0.22929
0.302953
0.346392
0.367983
0.36698899999999995
0.344997
0.30056099999999997
0.22766499999999998
0.131436
0.038562
0.0
0.0
0.0
0.0
0.0
0.0
0.0
0.0
0.0
0.0
0.0
0.0
0.05294
0.21755000000000002
0.389386
0.504722
0.565105
0.588677
0.592493
0.5781280000000001
0.531173
0.43264400000000003
0.266978
0.071664
0.0
0.0
0.0
0.0
0.0
0.0
0.0
0.0
0.0
0.0
0.0
0.0
0.052725
0.200013
0.35295499999999996
0.459475
0.516009
0.539885
0.54071
0.525644
0.478862
0.385459
0.232931
0.06501699999999999
0.0
0.0
0.0
0.0
0.0
0.0
0.0
0.0
0.0
0.0
0.0
0.0
0.051723
0.19570300000000002
0.349665
0.45526
0.512265
0.533905
0.535059
0.518193
0.472382
0.377075
0.226982
0.06283899999999999
0.0
0.0
0.0
0.0
0.0
0.0
0.0
0.0
0.0
0.0
0.0
0.0
0.07237
0.237537
0.407597
0.5169790000000001
0.575035
0.6003970000000001
0.606669
0.593559
0.5334930000000001
0.411901
0.21181899999999998
0.012029999999999999
0.0
0.0
0.0
0.0
0.0
0.0
0.0
0.0
0.0
0.0
0.0
0.0
0.060268
0.239528
0.42473500000000003
0.5402359999999999
0.60056
0.628662
0.6398630000000001
0.630254
0.5715410000000001
0.445604
0.238666
0.009691
0.0
0.0
0.0
0.0
0.0
0.0
0.0
0.0
0.0
0.0
0.0
0.0
0.066762
0.22984200000000002
0.397825
0.507996
0.56438
0.588936
0.596785
0.583409
0.527518
0.405364
0.206303
0.011028
0.0
0.0
0.0
0.0
0.0
0.0
0.0
0.0
0.0
0.0
0.0
0.0
0.078219
0.220734
0.370251
0.46910599999999997
0.5204059999999999
0.540414
0.5423239999999999
0.5241699999999999
0.466538
0.34993799999999997
0.16812100000000002
0.01084
0.0
0.0
0.0
0.0
0.0
0.0
0.0
0.0
0.0
0.0
0.0
0.0
0.084937
0.21344
0.336241
0.419082
0.46086200000000005
0.474541
0.46925599999999995
0.44347699999999995
0.383738
0.274031
0.12531799999999998
0.009989000000000001
0.0
0.0
0.0
0.0
0.0
0.0
0.0
0.0
0.0
0.0
0.0
0.0
0.06541200000000001
0.169402
0.25936200000000004
0.31982
0.354142
0.363704
0.35130900000000004
0.32059699999999997
0.26233
0.175173
0.076411
0.00498
0.0
0.0
0.0
0.0
0.0
0.0
0.0
0.0
0.0
0.0
0.0
0.0
0.041512
0.221845
0.40652699999999997
0.525534
0.58776
0.617467
0.627927
0.6177870000000001
0.5574560000000001
0.429044
0.156858
0.0069619999999999994
0.0
0.0
0.0
0.0
0.0
0.0
0.0
0.0
0.0
0.0
0.0
0.0
0.044854
0.214796
0.390113
0.505889
0.565253
0.594523
0.602816
0.591764
0.533137
0.407813
0.15115399999999998
0.007489
0.0
0.0
0.0
0.0
0.0
0.0
0.0
0.0
0.0
0.0
0.0
0.0
0.039165
0.213097
0.392927
0.510884
0.570083
0.5989690000000001
0.608659
0.598286
0.5390510000000001
0.413323
0.14913900000000002
0.00605
0.0
0.0
0.0
0.0
0.0
0.0
0.0
0.0
0.0
0.0
0.0
0.0
0.045813
0.203127
0.371687
0.483164
0.540965
0.56611
0.575152
0.562231
0.505653
0.381164
0.142701
0.006609
0.0
0.0
0.0
0.0
0.0
0.0
0.0
0.0
0.0
0.0
0.0
0.0
0.053033000000000004
0.200493
0.35975
0.468038
0.523815
0.548052
0.550571
0.533952
0.473716
0.351765
0.13631200000000002
0.00653
0.0
0.0
0.0
0.0
0.0
0.0
0.0
0.0
0.0
0.0
0.0
0.0
0.065512
0.200359
0.323375
0.410251
0.453792
0.47086
0.461335
0.43643099999999996
0.37417500000000004
0.26454500000000003
0.1154
0.0064800000000000005
0.0
0.0
0.0
0.0
0.0
0.0
0.0
0.0
0.0
0.0
0.0
0.0
0.035098
0.196916
0.373818
0.489603
0.5475639999999999
0.5711029999999999
0.582604
0.5708880000000001
0.511692
0.38540199999999997
0.135843
0.004953
0.0
0.0
0.0
0.0
0.0
0.0
0.0
0.0
0.0
0.0
0.0
0.0
0.03501
0.19167099999999998
0.36145
0.475779
0.531762
0.5617730000000001
0.569181
0.559077
0.50129
0.375987
0.131899
0.004226
0.0
0.0
0.0
0.0
0.0
0.0
0.0
0.0
0.0
0.0
0.0
0.0
0.032896
0.188138
0.35837
0.473476
0.5298769999999999
0.555413
0.566407
0.554967
0.498342
0.370176
0.129143
0.004131
0.0
0.0
0.0
0.0
0.0
0.0
0.0
0.0
0.0
0.0
0.0
0.0
0.035028
0.18334999999999999
0.350311
0.461603
0.5175810000000001
0.544997
0.550344
0.537053
0.475997
0.353374
0.124633
0.004102000000000001
0.0
0.0
0.0
0.0
0.0
0.0
0.0
0.0
0.0
0.0
0.0
0.0
0.028874
0.180634
0.351437
0.469125
0.5266770000000001
0.554914
0.562952
0.551057
0.49222899999999997
0.362013
0.122892
0.0026379999999999997
0.0
0.0
0.0
0.0
0.0
0.0
0.0
0.0
0.0
0.0
0.0
0.0
0.034538
0.176089
0.336218
0.451329
0.50647
0.533963
0.536318
0.5214500000000001
0.462226
0.336989
0.117537
0.003285
0.0
0.0
0.0
0.0
0.0
0.0
0.0
0.0
0.0
0.0
0.0
0.0
0.027172
0.17253200000000002
0.343217
0.461175
0.519883
0.546014
0.553569
0.539474
0.477164
0.347385
0.116675
0.002538
0.0
0.0
0.0
0.0
0.0
0.0
0.0
0.0
0.0
0.0
0.0
0.0
0.03354
0.170261
0.321515
0.430192
0.485375
0.50906
0.5114529999999999
0.493654
0.433933
0.30868799999999996
0.110419
0.001856
0.0
0.0
0.0
0.0
0.0
0.0
0.0
0.0
0.0
0.0
0.0
0.0
0.025334
0.165933
0.335001
0.451978
0.508684
0.531721
0.539431
0.524092
0.462524
0.332893
0.110494
0.000517
0.0
0.0
0.0
0.0
0.0
0.0
0.0
0.0
0.0
0.0
0.0
0.0
0.019143999999999998
0.163879
0.340026
0.463785
0.5231979999999999
0.551898
0.56156
0.548107
0.48721499999999995
0.350782
0.108696
0.0
0.0
0.0
0.0
0.0
0.0
0.0
0.0
0.0
0.0
0.0
0.0
0.0
0.019573
0.15942599999999998
0.329743
0.45082
0.5086120000000001
0.5397540000000001
0.548446
0.535136
0.473773
0.339582
0.10491299999999999
0.0
0.0
0.0
0.0
0.0
0.0
0.0
0.0
0.0
0.0
0.0
0.0
0.0
0.016749
0.156472
0.330954
0.45447899999999997
0.5132089999999999
0.542783
0.550361
0.5368339999999999
0.473132
0.338575
0.102187
0.0
0.0
0.0
0.0
0.0
0.0
0.0
0.0
0.0
0.0
0.0
0.0
0.0
0.028004
0.159281
0.296865
0.399873
0.449737
0.46823000000000004
0.46877300000000005
0.44731099999999996
0.38693700000000003
0.26649700000000004
0.09537699999999999
0.0010329999999999998
0.0
0.0
0.0
0.0
0.0
0.0
0.0
0.0
0.0
0.0
0.0
0.0
0.019619
0.147741
0.30746300000000004
0.42403199999999996
0.479301
0.507355
0.511429
0.49484500000000003
0.434418
0.304196
0.095716
0.0
0.0
0.0
0.0
0.0
0.0
0.0
0.0
0.0
0.0
0.0
0.0
0.0
0.022488
0.155274
0.256914
0.327183
0.364077
0.375954
0.369063
0.337541
0.27721300000000004
0.180453
0.069898
0.000339
0.0
0.0
0.0
0.0
0.0
0.0
0.0
0.0
0.0
0.0
0.0
0.0
0.02043
0.14313399999999998
0.306973
0.42639699999999997
0.484334
0.511054
0.516503
0.499758
0.43568799999999996
0.298554
0.091839
0.0
0.0
0.0
0.0
0.0
0.0
0.0
0.0
0.0
0.0
0.0
0.0
0.0
0.016784
0.141255
0.310348
0.436081
0.494545
0.5218619999999999
0.526833
0.5089239999999999
0.442629
0.302653
0.08857
0.0
0.0
0.0
0.0
0.0
0.0
0.0
0.0
0.0
0.0
0.0
0.0
0.0
0.016093
0.136922
0.305124
0.43102999999999997
0.490604
0.51958
0.523159
0.5045729999999999
0.43591399999999997
0.297194
0.08555800000000001
0.0
0.0
0.0
0.0
0.0
0.0
0.0
0.0
0.0
0.0
0.0
0.0
0.0
0.020581
0.151968
0.274659
0.36929
0.41608999999999996
0.434141
0.431865
0.404065
0.34327199999999997
0.224245
0.07979
0.0
0.0
0.0
0.0
0.0
0.0
0.0
0.0
0.0
0.0
0.0
0.0
0.0
0.020506
0.137814
0.281068
0.391013
0.446916
0.468308
0.468237
0.44487099999999996
0.38076499999999996
0.25087
0.08007299999999999
0.0
0.0
0.0
0.0
0.0
0.0
0.0
0.0
0.0
0.0
0.0
0.0
0.0
0.018078
0.14774199999999998
0.269501
0.364173
0.412509
0.429623
0.425755
0.395829
0.330839
0.21459299999999998
0.07646800000000001
0.0
0.0
0.0
0.0
0.0
0.0
0.0
0.0
0.0
0.0
0.0
0.0
0.0
0.01537
0.137661
0.231349
0.298251
0.332656
0.342737
0.33469
0.303471
0.243522
0.15315600000000001
0.054963
0.0
0.0
0.0
0.0
0.0
0.0
0.0
0.0
0.0
0.0
0.0
0.0
0.0
0.015026
0.121959
0.28956400000000004
0.417371
0.47945699999999997
0.507156
0.51134
0.490713
0.419894
0.276001
0.073755
0.0
0.0
0.0
0.0
0.0
0.0
0.0
0.0
0.0
0.0
0.0
0.0
0.0
0.013212999999999999
0.117816
0.286385
0.41589499999999996
0.478642
0.506
0.511887
0.490024
0.41589800000000005
0.27261399999999997
0.070304
0.0
0.0
0.0
0.0
0.0
0.0
0.0
0.0
0.0
0.0
0.0
0.0
0.0
0.019681
0.127048
0.26528199999999996
0.37408300000000005
0.429661
0.450046
0.448838
0.421505
0.35362400000000005
0.22694499999999998
0.07079200000000001
0.0
0.0
0.0
0.0
0.0
0.0
0.0
0.0
0.0
0.0
0.0
0.0
0.0
0.014698000000000001
0.110421
0.27718200000000004
0.405615
0.469977
0.495866
0.50339
0.481303
0.408702
0.265376
0.06554
0.0
0.0
0.0
0.0
0.0
0.0
0.0
0.0
0.0
0.0
0.0
0.0
0.0
0.016307
0.138216
0.24993600000000002
0.336779
0.38327100000000003
0.39806
0.38937
0.362047
0.297931
0.187629
0.06438200000000001
0.0
0.0
0.0
0.0
0.0
0.0
0.0
0.0
0.0
0.0
0.0
0.0
0.0
0.013276999999999999
0.135638
0.236279
0.310997
0.34948599999999996
0.362468
0.35444099999999995
0.325779
0.263573
0.165104
0.057253
0.0
0.0
0.0
0.0
0.0
0.0
0.0
0.0
0.0
0.0
0.0
0.0
0.0
0.013063
0.13603200000000001
0.240287
0.316972
0.356385
0.368268
0.360011
0.33009
0.266223
0.165989
0.056576999999999995
0.0
0.0
0.0
0.0
0.0
0.0
0.0
0.0
0.0
0.0
0.0
0.0
0.0
0.012507999999999998
0.13358
0.240426
0.320458
0.36150099999999996
0.374488
0.36717099999999997
0.337041
0.26910199999999995
0.169095
0.05639
0.0
0.0
0.0
0.0
0.0
0.0
0.0
0.0
0.0
0.0
0.0
0.0
0.0
0.012244999999999999
0.130628
0.232988
0.308409
0.347286
0.359985
0.352777
0.322857
0.259606
0.160668
0.054335
0.0
0.0
0.0
0.0
0.0
0.0
0.0
0.0
0.0
0.0
0.0
0.0
0.0
0.010254
0.081307
0.14457599999999998
0.193296
0.222326
0.231774
0.221805
0.19279300000000002
0.144373
0.083516
0.024391
0.0
0.0
0.0
0.0
0.0
0.0
0.0
0.0
0.0
0.0
0.0
0.0
0.0
0.02357
0.115282
0.197948
0.25870499999999996
0.29208999999999996
0.30230599999999996
0.29288400000000003
0.262246
0.20523
0.123918
0.039879
0.0
0.0
0.0
0.0
0.0
0.0
0.0
0.0
0.0
0.0
0.0
0.0
0.0
0.015568
0.088537
0.242292
0.36676299999999995
0.431968
0.45846
0.461086
0.43833
0.359515
0.220276
0.048705
0.0
0.0
0.0
0.0
0.0
0.0
0.0
0.0
0.0
0.0
0.0
0.0
0.0
0.013827
0.083986
0.23906200000000002
0.364148
0.428265
0.45454300000000003
0.45855599999999996
0.435561
0.35982600000000003
0.218914
0.045928
0.0
0.0
0.0
0.0
0.0
0.0
0.0
0.0
0.0
0.0
0.0
0.0
0.0
0.019353000000000002
0.087632
0.225115
0.341167
0.403197
0.428716
0.42820600000000003
0.40499
0.333994
0.199368
0.048192
0.0
0.0
0.0
0.0
0.0
0.0
0.0
0.0
0.0
0.0
0.0
0.0
0.0
0.013571
0.078533
0.231653
0.357346
0.424753
0.451239
0.456912
0.43119799999999997
0.35123000000000004
0.209831
0.04238
0.0
0.0
0.0
0.0
0.0
0.0
0.0
0.0
0.0
0.0
0.0
0.0
0.0
0.012091
0.074117
0.222197
0.339949
0.40314
0.424555
0.448817
0.42686599999999997
0.346524
0.20639
0.040253
0.0
0.0
0.0
0.0
0.0
0.0
0.0
0.0
0.0
0.0
0.0
0.0
0.0
0.010981999999999999
0.071415
0.228678
0.359555
0.43308199999999997
0.461979
0.464648
0.43889
0.353842
0.20865
0.037689
0.0
0.0
0.0
0.0
0.0
0.0
0.0
0.0
0.0
0.0
0.0
0.0
0.0
0.010086
0.06779900000000001
0.222572
0.349812
0.422104
0.450089
0.456706
0.43329
0.35011200000000003
0.205074
0.036115
0.0
0.0
0.0
0.0
0.0
0.0
0.0
0.0
0.0
0.0
0.0
0.0
0.0
0.021751
0.08927
0.210915
0.31987299999999996
0.38115699999999997
0.40169299999999997
0.398884
0.370736
0.295011
0.172237
0.043764000000000004
0.0
0.0
0.0
0.0
0.0
0.0
0.0
0.0
0.0
0.0
0.0
0.0
0.0
0.022331
0.091227
0.209274
0.312058
0.371212
0.390909
0.38753699999999996
0.357161
0.282252
0.164305
0.040729
0.0
0.0
0.0
0.0
0.0
0.0
0.0
0.0
0.0
0.0
0.0
0.0
0.0
0.014581
0.067018
0.206146
0.32412599999999997
0.394249
0.419049
0.421073
0.39587
0.315327
0.180936
0.028777
0.0
0.0
0.0
0.0
0.0
0.0
0.0
0.0
0.0
0.0
0.0
0.0
0.0
0.015771
0.066743
0.20016399999999998
0.31629399999999996
0.382781
0.407866
0.40886500000000003
0.383138
0.30500099999999997
0.172283
0.030581
0.0
0.0
0.0
0.0
0.0
0.0
0.0
0.0
0.0
0.0
0.0
0.0
0.0
0.019548
0.079637
0.199418
0.310955
0.37593
0.399117
0.39492
0.36338400000000004
0.286769
0.161881
0.035365
0.0
0.0
0.0
0.0
0.0
0.0
0.0
0.0
0.0
0.0
0.0
0.0
0.0
0.009929
0.054527
0.20182499999999998
0.332128
0.407226
0.434848
0.43898200000000004
0.407813
0.32167599999999996
0.178124
0.019932
0.0
0.0
0.0
0.0
0.0
0.0
0.0
0.0
0.0
0.0
0.0
0.0
0.0
0.015538
0.062138
0.193579
0.314527
0.383052
0.410677
0.409277
0.378711
0.297716
0.16336
0.02863
0.0
0.0
0.0
0.0
0.0
0.0
0.0
0.0
0.0
0.0
0.0
0.0
0.0
0.014214000000000001
0.05933
0.19371000000000002
0.31273500000000004
0.382338
0.41018
0.411497
0.381432
0.29757799999999995
0.16126400000000002
0.026277000000000002
0.0
0.0
0.0
0.0
0.0
0.0
0.0
0.0
0.0
0.0
0.0
0.0
0.0
0.014252
0.058149
0.189342
0.30845
0.377318
0.405187
0.40354
0.37565699999999996
0.291629
0.157249
0.025998
0.0
0.0
0.0
0.0
0.0
0.0
0.0
0.0
0.0
0.0
0.0
0.0
0.0
0.020559
0.10118
0.19489599999999999
0.266907
0.310017
0.322452
0.31445
0.277775
0.21398
0.124141
0.034262999999999995
0.0
0.0
0.0
0.0
0.0
0.0
0.0
0.0
0.0
0.0
0.0
0.0
0.0
0.019998000000000002
0.099761
0.19337000000000001
0.264886
0.308192
0.31984199999999996
0.307917
0.276455
0.21370699999999998
0.123834
0.034155
0.0
0.0
0.0
0.0
0.0
0.0
0.0
0.0
0.0
0.0
0.0
0.0
0.0
0.020787
0.09668600000000001
0.19435
0.273258
0.31845100000000004
0.332805
0.32548
0.292562
0.223445
0.12994999999999998
0.033918
0.0
0.0
0.0
0.0
0.0
0.0
0.0
0.0
0.0
0.0
0.0
0.0
0.0
0.008489
0.065675
0.126471
0.175017
0.204818
0.215334
0.20519300000000001
0.175995
0.128833
0.070172
0.015723
0.0
0.0
0.0
0.0
0.0
0.0
0.0
0.0
0.0
0.0
0.0
0.0
0.0
0.019267
0.09620000000000001
0.189691
0.260712
0.299894
0.30755200000000005
0.304484
0.273769
0.21099500000000002
0.121279
0.032655
0.0
0.0
0.0
0.0
0.0
0.0
0.0
0.0
0.0
0.0
0.0
0.0
0.0
0.009943
0.040995
0.168294
0.29284
0.363664
0.394903
0.39477100000000004
0.363367
0.278297
0.144297
0.019414999999999998
0.0
0.0
0.0
0.0
0.0
0.0
0.0
0.0
0.0
0.0
0.0
0.0
0.0
0.010362999999999999
0.074803
0.14359200000000003
0.19669499999999998
0.227943
0.23806
0.22867500000000002
0.19830899999999999
0.14743799999999999
0.081638
0.019195
0.0
0.0
0.0
0.0
0.0
0.0
0.0
0.0
0.0
0.0
0.0
0.0
0.0
0.018109
0.073533
0.172776
0.269902
0.32805
0.351454
0.341357
0.307219
0.232207
0.126047
0.029866
0.0
0.0
0.0
0.0
0.0
0.0
0.0
0.0
0.0
0.0
0.0
0.0
0.0
0.00808
0.032776000000000007
0.157913
0.28121199999999996
0.35459500000000005
0.382994
0.38713400000000003
0.354937
0.27024000000000004
0.13713399999999998
0.015672000000000002
0.0
0.0
0.0
0.0
0.0
0.0
0.0
0.0
0.0
0.0
0.0
0.0
0.0
0.008102
0.031858
0.15183000000000002
0.26879899999999995
0.347185
0.377603
0.38138299999999997
0.348833
0.265923
0.133276
0.0154
0.0
0.0
0.0
0.0
0.0
0.0
0.0
0.0
0.0
0.0
0.0
0.0
0.0
0.007514
0.030504
0.151031
0.274158
0.349037
0.378336
0.382303
0.348192
0.263637
0.13087200000000002
0.014637
0.0
0.0
0.0
0.0
0.0
0.0
0.0
0.0
0.0
0.0
0.0
0.0
0.0
0.007507
0.028710999999999997
0.148215
0.27196
0.34714
0.376287
0.38071
0.34656400000000004
0.26125099999999996
0.129046
0.014536
0.0
0.0
0.0
0.0
0.0
0.0
0.0
0.0
0.0
0.0
0.0
0.0
0.0
0.0070339999999999995
0.02755
0.144901
0.268816
0.34392
0.37491800000000003
0.377313
0.343089
0.25711
0.126326
0.013760999999999999
0.0
0.0
0.0
0.0
0.0
0.0
0.0
0.0
0.0
0.0
0.0
0.0
0.0
0.007136999999999999
0.026789999999999998
0.143333
0.268563
0.344404
0.373575
0.37735399999999997
0.34192700000000004
0.256606
0.124171
0.013842
0.0
0.0
0.0
0.0
0.0
0.0
0.0
0.0
0.0
0.0
0.0
0.0
0.0
0.012135
0.04195
0.144237
0.253425
0.320486
0.345126
0.343628
0.31195999999999996
0.233779
0.116718
0.020555
0.0
0.0
0.0
0.0
0.0
0.0
0.0
0.0
0.0
0.0
0.0
0.0
0.0
0.008287000000000001
0.031109
0.140984
0.259248
0.32744799999999996
0.353673
0.35528
0.323849
0.241772
0.118465
0.015745
0.0
0.0
0.0
0.0
0.0
0.0
0.0
0.0
0.0
0.0
0.0
0.0
0.0
0.010626
0.038859000000000005
0.138927
0.25004499999999996
0.314975
0.341726
0.34067000000000003
0.308631
0.232696
0.113191
0.018390999999999998
0.0
0.0
0.0
0.0
0.0
0.0
0.0
0.0
0.0
0.0
0.0
0.0
0.0
0.0
0.031524
0.13622900000000002
0.250376
0.323591
0.351566
0.353161
0.321224
0.237711
0.115309
0.015659
0.0
0.0
0.0
0.0
0.0
0.0
0.0
0.0
0.0
0.0
0.0
0.0
0.0
0.0
0.045647
0.136599
0.244007
0.31158199999999997
0.339752
0.33509
0.298894
0.223046
0.108311
0.020224
0.0
0.0
0.0
0.0
0.0
0.0
0.0
0.0
0.0
0.0
0.0
0.0
0.0
0.0
0.031615
0.132173
0.245675
0.317152
0.348817
0.349982
0.317463
0.233556
0.10948999999999999
0.015658
0.0
0.0
0.0
0.0
0.0
0.0
0.0
0.0
0.0
0.0
0.0
0.0
0.0
0.0
0.06482500000000001
0.149084
0.241999
0.302391
0.325532
0.315445
0.28054399999999996
0.207846
0.10778
0.023588
0.0
0.0
0.0
0.0
0.0
0.0
0.0
0.0
0.0
0.0
0.0
0.0
0.0
0.0
0.07637000000000001
0.16508799999999998
0.240641
0.284813
0.30077699999999996
0.293752
0.260639
0.195582
0.107418
0.025049
0.0
0.0
0.0
0.0
0.0
0.0
0.0
0.0
0.0
0.0
0.0
0.0
0.0
0.0
0.071247
0.157818
0.241566
0.29218900000000003
0.31039
0.304214
0.270093
0.201453
0.10743699999999999
0.023535
0.0
0.0
0.0
0.0
0.0
0.0
0.0
0.0
0.0
0.0
0.0
0.0
0.0
0.0
0.026632000000000003
0.06286699999999999
0.097781
0.124571
0.133876
0.124403
0.097476
0.06264600000000001
0.026893
0.001953
0.0
0.0
0.0
0.0
0.0
0.0
0.0
0.0
0.0
0.0
0.0
0.0
0.0
0.0
0.021120999999999997
0.118032
0.23897900000000002
0.31312
0.346294
0.351482
0.314898
0.22933099999999998
0.105208
0.012084
0.0
0.0
0.0
0.0
0.0
0.0
0.0
0.0
0.0
0.0
0.0
0.0
0.0
0.0
0.028907
0.12021
0.232223
0.304086
0.335658
0.336864
0.304107
0.221634
0.10111400000000001
0.014734
0.0
0.0
0.0
0.0
0.0
0.0
0.0
0.0
0.0
0.0
0.0
0.0
0.0
0.0
0.048089
0.128706
0.229492
0.294509
0.32029199999999997
0.316348
0.27939800000000004
0.203957
0.100326
0.020066
0.0
0.0
0.0
0.0
0.0
0.0
0.0
0.0
0.0
0.0
0.0
0.0
0.0
0.0
0.071947
0.157815
0.230849
0.273594
0.288551
0.28097500000000003
0.24910400000000002
0.186346
0.10108400000000001
0.022015999999999997
0.0
0.0
0.0
0.0
0.0
0.0
0.0
0.0
0.0
0.0
0.0
0.0
0.0
0.0
0.069303
0.152448
0.21376599999999998
0.249755
0.262654
0.253399
0.22388
0.16712
0.09175
0.019309999999999997
0.0
0.0
0.0
0.0
0.0
0.0
0.0
0.0
0.0
0.0
0.0
0.0
0.0
0.0
0.069188
0.153463
0.219671
0.257664
0.27255399999999996
0.262638
0.226136
0.171783
0.09624500000000001
0.020432
0.0
0.0
0.0
0.0
0.0
0.0
0.0
0.0
0.0
0.0
0.0
0.0
0.0
0.0
0.06604600000000001
0.14816900000000002
0.22793
0.277509
0.29288099999999995
0.28810800000000003
0.254631
0.188702
0.099834
0.021002
0.0
0.0
0.0
0.0
0.0
0.0
0.0
0.0
0.0
0.0
0.0
0.0
0.0
0.0
0.021611000000000002
0.106036
0.21979200000000002
0.29013900000000004
0.320475
0.324334
0.293428
0.214566
0.09703
0.01248
0.0
0.0
0.0
0.0
0.0
0.0
0.0
0.0
0.0
0.0
0.0
0.0
0.0
0.0
0.020370000000000003
0.10646800000000001
0.224928
0.29867200000000005
0.332206
0.331432
0.299253
0.21634
0.097988
0.012089
0.0
0.0
0.0
0.0
0.0
0.0
0.0
0.0
0.0
0.0
0.0
0.0
0.0
0.0
0.019189
0.105282
0.226851
0.301712
0.336385
0.335749
0.303525
0.21923099999999998
0.097965
0.011529999999999999
0.0
0.0
0.0
0.0
0.0
0.0
0.0
0.0
0.0
0.0
0.0
0.0
0.0
0.0
0.019645
0.104678
0.224114
0.298896
0.33288799999999996
0.33373899999999995
0.30179300000000003
0.218243
0.098248
0.011545999999999999
0.0
0.0
0.0
0.0
0.0
0.0
0.0
0.0
0.0
0.0
0.0
0.0
0.0
0.0
0.015738
0.101685
0.226207
0.307824
0.34040699999999996
0.346071
0.30991
0.22371000000000002
0.098199
0.009618
0.0
0.0
0.0
0.0
0.0
0.0
0.0
0.0
0.0
0.0
0.0
0.0
0.0
0.0
0.018208
0.101313
0.223459
0.29938600000000004
0.335247
0.339246
0.30370400000000003
0.21887600000000001
0.09692
0.01082
0.0
0.0
0.0
0.0
0.0
0.0
0.0
0.0
0.0
0.0
0.0
0.0
0.0
0.0
0.064929
0.14771
0.227546
0.27580200000000005
0.292477
0.286459
0.249151
0.185199
0.097533
0.02001
0.0
0.0
0.0
0.0
0.0
0.0
0.0
0.0
0.0
0.0
0.0
0.0
0.0
0.0
0.018423
0.09879600000000001
0.217655
0.29402100000000003
0.32956599999999997
0.330457
0.298802
0.215428
0.09611199999999999
0.011428
0.0
0.0
0.0
0.0
0.0
0.0
0.0
0.0
0.0
0.0
0.0
0.0
0.0
0.0
0.018013
0.098246
0.21878399999999998
0.295664
0.332443
0.336567
0.300982
0.21653899999999998
0.096233
0.010762
0.0
0.0
0.0
0.0
0.0
0.0
0.0
0.0
0.0
0.0
0.0
0.0
0.0
0.0
0.05579
0.121063
0.172326
0.20318
0.214213
0.204656
0.175308
0.127343
0.065624
0.011192
0.0
0.0
0.0
0.0
0.0
0.0
0.0
0.0
0.0
0.0
0.0
0.0
0.0
0.0
0.017651
0.095654
0.215529
0.293478
0.331966
0.337343
0.302786
0.218059
0.09662000000000001
0.01014
0.0
0.0
0.0
0.0
0.0
0.0
0.0
0.0
0.0
0.0
0.0
0.0
0.0
0.0
0.014291
0.093872
0.21699700000000002
0.299965
0.33757299999999996
0.34058999999999995
0.305947
0.221476
0.096776
0.008814
0.0
0.0
0.0
0.0
0.0
0.0
0.0
0.0
0.0
0.0
0.0
0.0
0.0
0.0
0.018265
0.096156
0.215814
0.291359
0.32650599999999996
0.328012
0.297662
0.215348
0.09678700000000001
0.010855
0.0
0.0
0.0
0.0
0.0
0.0
0.0
0.0
0.0
0.0
0.0
0.0
0.0
0.0
0.013226000000000002
0.093019
0.217257
0.299358
0.336519
0.34033300000000005
0.306369
0.222537
0.097775
0.008136
0.0
0.0
0.0
0.0
0.0
0.0
0.0
0.0
0.0
0.0
0.0
0.0
0.0
0.0
0.022256
0.09670999999999999
0.214023
0.288788
0.321129
0.324013
0.29343
0.21339599999999997
0.09699200000000001
0.012208
0.0
0.0
0.0
0.0
0.0
0.0
0.0
0.0
0.0
0.0
0.0
0.0
0.0
0.0
0.038066
0.102014
0.208624
0.280476
0.31010000000000004
0.307572
0.273341
0.20023
0.093303
0.016111
0.0
0.0
0.0
0.0
0.0
0.0
0.0
0.0
0.0
0.0
0.0
0.0
0.0
0.0
0.018838
0.093574
0.21202000000000001
0.287203
0.323563
0.323512
0.293651
0.211951
0.09700700000000001
0.011359999999999999
0.0
0.0
0.0
0.0
0.0
0.0
0.0
0.0
0.0
0.0
0.0
0.0
0.0
0.0
0.014999
0.091918
0.215559
0.297843
0.33419099999999996
0.337942
0.30425599999999997
0.22184700000000002
0.098438
0.0095
0.0
0.0
0.0
0.0
0.0
0.0
0.0
0.0
0.0
0.0
0.0
0.0
0.0
0.0
0.035351
0.10016
0.209695
0.283277
0.31420600000000004
0.311732
0.27954
0.204554
0.094812
0.015609
0.0
0.0
0.0
0.0
0.0
0.0
0.0
0.0
0.0
0.0
0.0
0.0
0.0
0.0
0.018106
0.09369
0.215901
0.29352100000000003
0.331106
0.334943
0.301072
0.217263
0.099573
0.010206
0.0
0.0
0.0
0.0
0.0
0.0
0.0
0.0
0.0
0.0
0.0
0.0
0.0
0.0
0.018571999999999998
0.095081
0.216941
0.296096
0.333498
0.335414
0.305063
0.222436
0.10169199999999999
0.011053
0.0
0.0
0.0
0.0
0.0
0.0
0.0
0.0
0.0
0.0
0.0
0.0
0.0
0.0
0.019485
0.09511199999999999
0.2166
0.29435300000000003
0.33248500000000003
0.33359500000000003
0.303589
0.22231800000000002
0.10216700000000001
0.011749
0.0
0.0
0.0
0.0
0.0
0.0
0.0
0.0
0.0
0.0
0.0
0.0
0.0
0.0
0.055954000000000004
0.126775
0.219655
0.284615
0.30961
0.300205
0.26601400000000003
0.196802
0.09990900000000001
0.020467
0.0
0.0
0.0
0.0
0.0
0.0
0.0
0.0
0.0
0.0
0.0
0.0
0.0
0.0
0.018649000000000002
0.095134
0.216828
0.295598
0.33181099999999997
0.339871
0.306581
0.225193
0.104527
0.01108
0.0
0.0
0.0
0.0
0.0
0.0
0.0
0.0
0.0
0.0
0.0
0.0
0.0
0.0
0.030795000000000003
0.099377
0.211088
0.28443999999999997
0.31921499999999997
0.319023
0.28879000000000005
0.216113
0.101387
0.015764
0.0
0.0
0.0
0.0
0.0
0.0
0.0
0.0
0.0
0.0
0.0
0.0
0.0
0.0
0.060898
0.136452
0.22225899999999998
0.277928
0.29807100000000003
0.294509
0.25784500000000005
0.19256399999999999
0.102784
0.021012
0.0
0.0
0.0
0.0
0.0
0.0
0.0
0.0
0.0
0.0
0.0
0.0
0.0
0.0
0.031119
0.099922
0.20493199999999998
0.276743
0.308047
0.30824799999999997
0.277337
0.209302
0.101286
0.015619999999999998
0.0
0.0
0.0
0.0
0.0
0.0
0.0
0.0
0.0
0.0
0.0
0.0
0.0
0.0
0.023382999999999998
0.09681999999999999
0.21025200000000002
0.28606099999999995
0.317667
0.32356599999999996
0.29653399999999996
0.221145
0.106545
0.012960000000000001
0.0
0.0
0.0
0.0
0.0
0.0
0.0
0.0
0.0
0.0
0.0
0.0
0.0
0.0
0.022533
0.097229
0.210891
0.286722
0.321712
0.325928
0.29964999999999997
0.222077
0.108274
0.013052
0.0
0.0
0.0
0.0
0.0
0.0
0.0
0.0
0.0
0.0
0.0
0.0
0.0
0.0
0.024255
0.10001399999999999
0.213887
0.292704
0.324793
0.330091
0.302344
0.225133
0.108837
0.013567000000000001
0.0
0.0
0.0
0.0
0.0
0.0
0.0
0.0
0.0
0.0
0.0
0.0
0.0
0.0
0.016207999999999997
0.09876
0.22622
0.311954
0.34766800000000003
0.357299
0.324925
0.24192
0.11538
0.010701
0.0
0.0
0.0
0.0
0.0
0.0
0.0
0.0
0.0
0.0
0.0
0.0
0.0
0.0
0.017687
0.10076500000000001
0.22653399999999999
0.308935
0.343917
0.35019799999999995
0.31869600000000003
0.237799
0.115143
0.011327
0.0
0.0
0.0
0.0
0.0
0.0
0.0
0.0
0.0
0.0
0.0
0.0
0.0
0.0
0.014574
0.100398
0.23022800000000002
0.315326
0.3546
0.361217
0.330484
0.247194
0.118948
0.010038
0.0
0.0
0.0
0.0
0.0
0.0
0.0
0.0
0.0
0.0
0.0
0.0
0.0
0.0
0.020954
0.10510800000000001
0.228189
0.305921
0.341901
0.346161
0.31889999999999996
0.239711
0.117979
0.013508
0.0
0.0
0.0
0.0
0.0
0.0
0.0
0.0
0.0
0.0
0.0
0.0
0.0
0.0
0.044708
0.119559
0.226385
0.297067
0.327407
0.325697
0.29106099999999996
0.217825
0.111483
0.021092
0.0
0.0
0.0
0.0
0.0
0.0
0.0
0.0
0.0
0.0
0.0
0.0
0.0
0.0
0.025494
0.108984
0.226803
0.30818799999999996
0.342704
0.34830099999999997
0.321052
0.241141
0.121238
0.014938
0.0
0.0
0.0
0.0
0.0
0.0
0.0
0.0
0.0
0.0
0.0
0.0
0.0
0.0
0.023077
0.108932
0.23235499999999998
0.310493
0.347031
0.35158100000000003
0.32403699999999996
0.24481899999999998
0.122737
0.014968
0.0
0.0
0.0
0.0
0.0
0.0
0.0
0.0
0.0
0.0
0.0
0.0
0.0
0.0
0.028474
0.11116200000000001
0.230147
0.307359
0.342648
0.344357
0.314801
0.241124
0.119925
0.017053000000000002
0.0
0.0
0.0
0.0
0.0
0.0
0.0
0.0
0.0
0.0
0.0
0.0
0.0
0.0
0.029238
0.11328400000000001
0.231283
0.307305
0.342497
0.345284
0.316288
0.242544
0.12186799999999999
0.017763
0.0
0.0
0.0
0.0
0.0
0.0
0.0
0.0
0.0
0.0
0.0
0.0
0.0
0.0
0.064264
0.148587
0.240763
0.298682
0.321463
0.31691800000000003
0.280671
0.212098
0.114938
0.02539
0.0
0.0
0.0
0.0
0.0
0.0
0.0
0.0
0.0
0.0
0.0
0.0
0.0
0.0
0.026573
0.11529900000000001
0.23041999999999999
0.307861
0.33518400000000004
0.347027
0.32216500000000003
0.248725
0.12844
0.016399999999999998
0.0
0.0
0.0
0.0
0.0
0.0
0.0
0.0
0.0
0.0
0.0
0.0
0.0
0.0
0.031248
0.119468
0.239554
0.31448899999999996
0.347585
0.349137
0.32067
0.24940299999999999
0.12685
0.018748
0.0
0.0
0.0
0.0
0.0
0.0
0.0
0.0
0.0
0.0
0.0
0.0
0.0
0.0
0.072962
0.16555899999999998
0.245307
0.29163900000000004
0.30757999999999996
0.299739
0.267227
0.19944
0.11449200000000001
0.026711
0.0
0.0
0.0
0.0
0.0
0.0
0.0
0.0
0.0
0.0
0.0
0.0
0.0
0.0
0.029786999999999998
0.124018
0.246316
0.322381
0.352874
0.358033
0.333166
0.256184
0.132717
0.019925000000000002
0.0
0.0
0.0
0.0
0.0
0.0
0.0
0.0
0.0
0.0
0.0
0.0
0.0
0.0
0.028072
0.12358799999999999
0.247468
0.325231
0.36200099999999996
0.366449
0.33941899999999997
0.261985
0.13580899999999999
0.019899
0.0
0.0
0.0
0.0
0.0
0.0
0.0
0.0
0.0
0.0
0.0
0.0
0.0
0.0
0.028677
0.125674
0.248277
0.325838
0.362006
0.36833
0.340614
0.26304700000000003
0.13755
0.020559
0.0
0.0
0.0
0.0
0.0
0.0
0.0
0.0
0.0
0.0
0.0
0.0
0.0
0.0
0.051438000000000005
0.1412
0.249618
0.319156
0.348454
0.347308
0.314673
0.24246600000000001
0.130887
0.02686
0.0
0.0
0.0
0.0
0.0
0.0
0.0
0.0
0.0
0.0
0.0
0.0
0.0
0.0
0.044203000000000006
0.134946
0.250351
0.325517
0.357274
0.35878899999999997
0.32766199999999995
0.254831
0.136212
0.024895
0.0
0.0
0.0
0.0
0.0
0.0
0.0
0.0
0.0
0.0
0.0
0.0
0.0
0.0
0.047653
0.14084100000000002
0.252945
0.325395
0.356012
0.35444099999999995
0.323275
0.251764
0.136063
0.027068000000000002
0.0
0.0
0.0
0.0
0.0
0.0
0.0
0.0
0.0
0.0
0.0
0.0
0.0
0.0
0.030850000000000002
0.13571100000000003
0.259735
0.336557
0.37237
0.378832
0.35218099999999997
0.275343
0.149655
0.021687
0.0
0.0
0.0
0.0
0.0
0.0
0.0
0.0
0.0
0.0
0.0
0.0
0.0
0.0
0.079348
0.171153
0.238176
0.276503
0.29007499999999997
0.28145800000000004
0.249955
0.191267
0.10977100000000001
0.027619
0.0
0.0
0.0
0.0
0.0
0.0
0.0
0.0
0.0
0.0
0.0
0.0
0.0
0.0
0.026957000000000002
0.14060599999999998
0.26992099999999997
0.347954
0.385469
0.390913
0.36604899999999996
0.28749
0.15784299999999998
0.019871
0.0
0.0
0.0
0.0
0.0
0.0
0.0
0.0
0.0
0.0
0.0
0.0
0.0
0.0
0.029402
0.143785
0.271347
0.34820100000000004
0.386288
0.390967
0.366931
0.288693
0.160628
0.020804
0.0
0.0
0.0
0.0
0.0
0.0
0.0
0.0
0.0
0.0
0.0
0.0
0.0
0.0
0.080542
0.174487
0.26356999999999997
0.315098
0.333061
0.33117399999999997
0.302999
0.23465799999999998
0.13664099999999998
0.034207
0.0
0.0
0.0
0.0
0.0
0.0
0.0
0.0
0.0
0.0
0.0
0.0
0.0
0.0
0.046769
0.150061
0.267009
0.33925900000000003
0.373475
0.372995
0.347659
0.274943
0.15476900000000002
0.028134
0.0
0.0
0.0
0.0
0.0
0.0
0.0
0.0
0.0
0.0
0.0
0.0
0.0
0.0
0.066134
0.164802
0.270401
0.334892
0.36121800000000004
0.35939
0.329245
0.259023
0.148027
0.033962000000000006
0.0
0.0
0.0
0.0
0.0
0.0
0.0
0.0
0.0
0.0
0.0
0.0
0.0
0.0
0.038485
0.155358
0.278325
0.352686
0.384882
0.390301
0.364811
0.29056099999999996
0.16283
0.026334
0.0
0.0
0.0
0.0
0.0
0.0
0.0
0.0
0.0
0.0
0.0
0.0
0.0
0.0
0.04
0.159268
0.281304
0.35703500000000005
0.391298
0.398252
0.37455700000000003
0.29813
0.171507
0.025963999999999997
0.0
0.0
0.0
0.0
0.0
0.0
0.0
0.0
0.0
0.0
0.0
0.0
0.0
0.0
0.037181
0.162024
0.291837
0.36834
0.40505599999999997
0.408306
0.38572500000000004
0.30888299999999996
0.177005
0.024679
0.0
0.0
0.0
0.0
0.0
0.0
0.0
0.0
0.0
0.0
0.0
0.0
0.0
0.0
0.090647
0.17996600000000001
0.24563
0.281991
0.292844
0.284863
0.25466300000000003
0.197396
0.114993
0.031985
0.0
0.0
0.0
0.0
0.0
0.0
0.0
0.0
0.0
0.0
0.0
0.0
0.0
0.0
0.094107
0.187804
0.259681
0.309075
0.326386
0.319025
0.28970999999999997
0.226732
0.134188
0.038604999999999993
0.0
0.0
0.0
0.0
0.0
0.0
0.0
0.0
0.0
0.0
0.0
0.0
0.0
0.0
0.09611700000000001
0.19402699999999998
0.270227
0.313076
0.326604
0.321621
0.292018
0.230535
0.13625299999999999
0.039762
0.0
0.0
0.0
0.0
0.0
0.0
0.0
0.0
0.0
0.0
0.0
0.0
0.0
0.010728999999999999
0.039710999999999996
0.181344
0.31678300000000004
0.398176
0.428902
0.438368
0.41304
0.331716
0.195279
0.02174
0.0
0.0
0.0
0.0
0.0
0.0
0.0
0.0
0.0
0.0
0.0
0.0
0.0
0.01423
0.048591999999999996
0.18574100000000002
0.315849
0.391308
0.420665
0.42632299999999995
0.40306000000000003
0.323789
0.190672
0.028699000000000002
0.0
0.0
0.0
0.0
0.0
0.0
0.0
0.0
0.0
0.0
0.0
0.0
0.0
0.013890000000000001
0.048991999999999994
0.188219
0.31355700000000003
0.372998
0.402377
0.404961
0.394509
0.323473
0.192435
0.027254999999999998
0.0
0.0
0.0
0.0
0.0
0.0
0.0
0.0
0.0
0.0
0.0
0.0
0.0
0.014132
0.051057000000000005
0.186078
0.308015
0.392097
0.42660000000000003
0.429004
0.41010700000000005
0.333285
0.199285
0.027584
0.0
0.0
0.0
0.0
0.0
0.0
0.0
0.0
0.0
0.0
0.0
0.0
0.0
0.015291
0.055445999999999995
0.19011
0.306701
0.379158
0.40134
0.41608300000000004
0.397747
0.32608499999999996
0.196193
0.041446
0.0
0.0
0.0
0.0
0.0
0.0
0.0
0.0
0.0
0.0
0.0
0.0
0.0
0.014085
0.055523
0.19762200000000002
0.325973
0.397769
0.428339
0.434184
0.414381
0.339798
0.205626
0.04296
0.0
0.0
0.0
0.0
0.0
0.0
0.0
0.0
0.0
0.0
0.0
0.0
0.0
0.013208000000000001
0.05697
0.20443
0.331609
0.402304
0.432469
0.44225099999999995
0.423579
0.34887799999999997
0.213455
0.043565
0.0
0.0
0.0
0.0
0.0
0.0
0.0
0.0
0.0
0.0
0.0
0.0
0.0
0.015684
0.06298
0.206573
0.33081299999999997
0.39949
0.421908
0.432462
0.415295
0.344674
0.21121700000000002
0.046083
0.0
0.0
0.0
0.0
0.0
0.0
0.0
0.0
0.0
0.0
0.0
0.0
0.0
0.019253
0.070947
0.201882
0.315671
0.390915
0.420555
0.422354
0.402187
0.332738
0.202626
0.048933
0.0
0.0
0.0
0.0
0.0
0.0
0.0
0.0
0.0
0.0
0.0
0.0
0.0
0.018963
0.072832
0.208107
0.326122
0.393407
0.42051
0.425302
0.405509
0.337717
0.205162
0.050001
0.0
0.0
0.0
0.0
0.0
0.0
0.0
0.0
0.0
0.0
0.0
0.0
0.0
0.027777999999999997
0.117894
0.217286
0.292851
0.336699
0.35033
0.338099
0.308405
0.245782
0.150597
0.049159999999999995
0.0
0.0
0.0
0.0
0.0
0.0
0.0
0.0
0.0
0.0
0.0
0.0
0.0
0.014792
0.083277
0.150831
0.201168
0.231354
0.24222300000000002
0.23235
0.203047
0.153061
0.088408
0.02583
0.0
0.0
0.0
0.0
0.0
0.0
0.0
0.0
0.0
0.0
0.0
0.0
0.0
0.029135
0.11086
0.22872399999999998
0.330492
0.38823799999999997
0.409094
0.40136099999999997
0.37440300000000004
0.305693
0.18852000000000002
0.057522
0.0
0.0
0.0
0.0
0.0
0.0
0.0
0.0
0.0
0.0
0.0
0.0
0.0
0.030757000000000003
0.122807
0.232882
0.31987299999999996
0.369094
0.38500999999999996
0.378121
0.345846
0.280037
0.174275
0.057241
0.0
0.0
0.0
0.0
0.0
0.0
0.0
0.0
0.0
0.0
0.0
0.0
0.0
0.026168
0.10316299999999999
0.233706
0.342205
0.401738
0.42195
0.420801
0.39355599999999996
0.325277
0.20433099999999998
0.060342
0.0
0.0
0.0
0.0
0.0
0.0
0.0
0.0
0.0
0.0
0.0
0.0
0.0
0.026647999999999998
0.10598300000000001
0.235028
0.342891
0.402139
0.424182
0.424114
0.39863099999999996
0.333252
0.208528
0.062304000000000005
0.0
0.0
0.0
0.0
0.0
0.0
0.0
0.0
0.0
0.0
0.0
0.0
0.0
0.016059
0.093068
0.256747
0.38850799999999996
0.45751600000000003
0.4859
0.48980900000000005
0.468798
0.39314299999999996
0.24956399999999998
0.060813
0.0
0.0
0.0
0.0
0.0
0.0
0.0
0.0
0.0
0.0
0.0
0.0
0.0
0.01577
0.09657299999999999
0.256033
0.38621
0.451364
0.48216699999999996
0.48765
0.466794
0.395824
0.253476
0.062213000000000004
0.0
0.0
0.0
0.0
0.0
0.0
0.0
0.0
0.0
0.0
0.0
0.0
0.0
0.02153
0.104256
0.251307
0.37239
0.433731
0.46041000000000004
0.46222399999999997
0.441102
0.373882
0.238256
0.064735
0.0
0.0
0.0
0.0
0.0
0.0
0.0
0.0
0.0
0.0
0.0
0.0
0.0
0.017681000000000002
0.105362
0.26026299999999997
0.379631
0.441906
0.46743599999999996
0.472782
0.45170699999999997
0.382383
0.245942
0.06614400000000001
0.0
0.0
0.0
0.0
0.0
0.0
0.0
0.0
0.0
0.0
0.0
0.0
0.0
0.019579
0.109623
0.257401
0.373572
0.432947
0.460553
0.46249799999999996
0.441651
0.376426
0.242341
0.06771899999999999
0.0
0.0
0.0
0.0
0.0
0.0
0.0
0.0
0.0
0.0
0.0
0.0
0.0
0.016471
0.111486
0.270358
0.390216
0.454077
0.478236
0.484874
0.464882
0.396
0.256507
0.06905700000000001
0.0
0.0
0.0
0.0
0.0
0.0
0.0
0.0
0.0
0.0
0.0
0.0
0.0
0.019386
0.11852
0.2687
0.386198
0.44435399999999997
0.46731
0.472926
0.452731
0.389357
0.251419
0.071949
0.0
0.0
0.0
0.0
0.0
0.0
0.0
0.0
0.0
0.0
0.0
0.0
0.0
0.020142
0.128159
0.262861
0.36935700000000005
0.423894
0.444621
0.444308
0.41868099999999997
0.35334899999999997
0.228177
0.072869
0.0
0.0
0.0
0.0
0.0
0.0
0.0
0.0
0.0
0.0
0.0
0.0
0.0
0.019149999999999997
0.130815
0.275285
0.38897699999999996
0.44679800000000003
0.470399
0.46829899999999997
0.442819
0.37506599999999995
0.242533
0.075075
0.0
0.0
0.0
0.0
0.0
0.0
0.0
0.0
0.0
0.0
0.0
0.0
0.0
0.018611999999999997
0.130447
0.29358
0.41404199999999997
0.47383600000000003
0.496694
0.498709
0.476794
0.407932
0.26762400000000003
0.076692
0.0
0.0
0.0
0.0
0.0
0.0
0.0
0.0
0.0
0.0
0.0
0.0
0.0
0.019218
0.13461199999999998
0.298325
0.417478
0.47681
0.500991
0.50393
0.483175
0.412351
0.272546
0.078284
0.0
0.0
0.0
0.0
0.0
0.0
0.0
0.0
0.0
0.0
0.0
0.0
0.0
0.020592
0.137711
0.296685
0.413273
0.469986
0.49121
0.49638499999999997
0.476373
0.40975
0.27137599999999995
0.07990900000000001
0.0
0.0
0.0
0.0
0.0
0.0
0.0
0.0
0.0
0.0
0.0
0.0
0.0
0.027972
0.148114
0.292476
0.402177
0.454934
0.475491
0.472723
0.448356
0.383072
0.252793
0.082114
0.0
0.0
0.0
0.0
0.0
0.0
0.0
0.0
0.0
0.0
0.0
0.0
0.0
0.026288
0.14724299999999999
0.30938299999999996
0.425005
0.47966899999999996
0.503218
0.506058
0.484792
0.41668299999999997
0.280089
0.083508
0.0
0.0
0.0
0.0
0.0
0.0
0.0
0.0
0.0
0.0
0.0
0.0
0.0
0.035701000000000004
0.15692599999999998
0.297685
0.40286700000000003
0.453034
0.472605
0.471505
0.44692899999999997
0.383024
0.25531
0.08556100000000001
0.0
0.0
0.0
0.0
0.0
0.0
0.0
0.0
0.0
0.0
0.0
0.0
0.0
0.036012999999999996
0.156643
0.30790300000000004
0.417022
0.467433
0.489531
0.487858
0.46764
0.404769
0.272951
0.087525
0.0
0.0
0.0
0.0
0.0
0.0
0.0
0.0
0.0
0.0
0.0
0.0
0.0
0.034555999999999996
0.16053299999999998
0.318287
0.427525
0.479344
0.50151
0.503077
0.483113
0.418879
0.286053
0.08889799999999999
0.0
0.0
0.0
0.0
0.0
0.0
0.0
0.0
0.0
0.0
0.0
0.0
0.0
0.038056
0.16512000000000002
0.322001
0.430684
0.480911
0.49887400000000004
0.501278
0.47933
0.415443
0.281466
0.090264
0.000145
0.0
0.0
0.0
0.0
0.0
0.0
0.0
0.0
0.0
0.0
0.0
0.0
0.039879
0.16968799999999998
0.325623
0.43546300000000004
0.486951
0.510147
0.509599
0.488547
0.42447
0.288297
0.09278700000000001
0.000171
0.0
0.0
0.0
0.0
0.0
0.0
0.0
0.0
0.0
0.0
0.0
0.0
0.039959
0.17375200000000002
0.336172
0.446675
0.49961700000000003
0.5223479999999999
0.523763
0.502519
0.434649
0.298262
0.094793
0.000174
0.0
0.0
0.0
0.0
0.0
0.0
0.0
0.0
0.0
0.0
0.0
0.0
0.045426
0.176811
0.334462
0.439364
0.49159800000000003
0.51037
0.513644
0.492199
0.427547
0.291539
0.097413
0.0008110000000000001
0.0
0.0
0.0
0.0
0.0
0.0
0.0
0.0
0.0
0.0
0.0
0.0
0.046520000000000006
0.179048
0.331123
0.433286
0.48308300000000004
0.501963
0.503472
0.483329
0.42177499999999996
0.290586
0.098289
0.000828
0.0
0.0
0.0
0.0
0.0
0.0
0.0
0.0
0.0
0.0
0.0
0.0
0.045535
0.186505
0.350089
0.45342200000000005
0.5047389999999999
0.519467
0.525165
0.502555
0.43738900000000003
0.303408
0.10087
0.000885
0.0
0.0
0.0
0.0
0.0
0.0
0.0
0.0
0.0
0.0
0.0
0.0
0.047025
0.194548
0.35524700000000003
0.460746
0.51038
0.532471
0.531511
0.511371
0.44471
0.311328
0.10331100000000001
0.0022080000000000003
0.0
0.0
0.0
0.0
0.0
0.0
0.0
0.0
0.0
0.0
0.0
0.0
0.047909
0.198672
0.360327
0.46614999999999995
0.5151910000000001
0.537337
0.536769
0.515624
0.447797
0.316014
0.10539
0.002193
0.0
0.0
0.0
0.0
0.0
0.0
0.0
0.0
0.0
0.0
0.0
0.0
0.049616999999999994
0.20331
0.367889
0.47180900000000003
0.522279
0.541772
0.546134
0.525573
0.45899599999999996
0.323266
0.107541
0.0028740000000000003
0.0
0.0
0.0
0.0
0.0
0.0
0.0
0.0
0.0
0.0
0.0
0.0
0.053691
0.206375
0.35916699999999996
0.46448500000000004
0.514949
0.536072
0.5385460000000001
0.517882
0.454472
0.320606
0.10948999999999999
0.0035870000000000003
0.0
0.0
0.0
0.0
0.0
0.0
0.0
0.0
0.0
0.0
0.0
0.0
0.058179
0.211626
0.364062
0.465708
0.513362
0.53632
0.535687
0.51661
0.451372
0.31920499999999996
0.111557
0.0036269999999999996
0.0
0.0
0.0
0.0
0.0
0.0
0.0
0.0
0.0
0.0
0.0
0.0
0.055688
0.21938300000000002
0.377744
0.480551
0.527396
0.550888
0.54634
0.526638
0.46197699999999997
0.332355
0.114453
0.00436
0.0
0.0
0.0
0.0
0.0
0.0
0.0
0.0
0.0
0.0
0.0
0.0
0.060738999999999994
0.221683
0.376611
0.47599
0.523192
0.543418
0.541723
0.521948
0.455766
0.328233
0.115773
0.005066
0.0
0.0
0.0
0.0
0.0
0.0
0.0
0.0
0.0
0.0
0.0
0.0
0.06626699999999999
0.225751
0.37604000000000004
0.47429899999999997
0.5199819999999999
0.539995
0.537705
0.516974
0.45288799999999996
0.323436
0.117525
0.005069
0.0
0.0
0.0
0.0
0.0
0.0
0.0
0.0
0.0
0.0
0.0
0.0
0.064545
0.23028
0.386406
0.486013
0.533653
0.555466
0.555074
0.5346380000000001
0.46966399999999997
0.337248
0.120059
0.005794
0.0
0.0
0.0
0.0
0.0
0.0
0.0
0.0
0.0
0.0
0.0
0.0
0.064349
0.23899700000000001
0.396805
0.49707799999999996
0.544453
0.564662
0.5658500000000001
0.5456749999999999
0.479529
0.34776100000000004
0.123136
0.005849
0.0
0.0
0.0
0.0
0.0
0.0
0.0
0.0
0.0
0.0
0.0
0.0
0.067333
0.24450899999999998
0.398395
0.500433
0.547595
0.5695650000000001
0.5682630000000001
0.5477770000000001
0.481735
0.349903
0.124643
0.005902
0.0
0.0
0.0
0.0
0.0
0.0
0.0
0.0
0.0
0.0
0.0
0.0
0.071294
0.247971
0.40816399999999997
0.507374
0.555917
0.5776
0.577313
0.556243
0.48747199999999996
0.353271
0.128771
0.006702
0.0
0.0
0.0
0.0
0.0
0.0
0.0
0.0
0.0
0.0
0.0
0.0
0.082594
0.240892
0.38680000000000003
0.476439
0.521197
0.538528
0.536643
0.512161
0.44708600000000004
0.321533
0.127992
0.008052
0.0
0.0
0.0
0.0
0.0
0.0
0.0
0.0
0.0
0.0
0.0
0.0
0.089893
0.250458
0.405707
0.49635199999999996
0.54208
0.557646
0.559506
0.537194
0.47183600000000003
0.342451
0.157419
0.008118
0.0
0.0
0.0
0.0
0.0
0.0
0.0
0.0
0.0
0.0
0.0
0.0
0.093375
0.264524
0.427087
0.518081
0.562766
0.578466
0.581024
0.559817
0.494933
0.36370600000000003
0.170192
0.008322
0.0
0.0
0.0
0.0
0.0
0.0
0.0
0.0
0.0
0.0
0.0
0.0
0.099963
0.251069
0.391277
0.472737
0.5101410000000001
0.5240370000000001
0.515428
0.492419
0.43040100000000003
0.316106
0.145961
0.00975
0.0
0.0
0.0
0.0
0.0
0.0
0.0
0.0
0.0
0.0
0.0
0.0
0.09947700000000001
0.269189
0.425409
0.518335
0.563423
0.580957
0.578846
0.556832
0.487476
0.361616
0.17099799999999998
0.009813
0.0
0.0
0.0
0.0
0.0
0.0
0.0
0.0
0.0
0.0
0.0
0.0
0.102896
0.277345
0.436205
0.529353
0.576139
0.59248
0.5950599999999999
0.5740449999999999
0.5078360000000001
0.37422300000000003
0.17807499999999998
0.009885
0.0
0.0
0.0
0.0
0.0
0.0
0.0
0.0
0.0
0.0
0.0
0.0
0.106922
0.285492
0.446364
0.5340069999999999
0.580426
0.58969
0.5977089999999999
0.574729
0.508464
0.375927
0.181783
0.009984999999999999
0.0
0.0
0.0
0.0
0.0
0.0
0.0
0.0
0.0
0.0
0.0
0.0
0.112094
0.294436
0.45429899999999995
0.5471630000000001
0.591613
0.604452
0.606188
0.582403
0.517423
0.381551
0.183748
0.010933
0.0
0.0
0.0
0.0
0.0
0.0
0.0
0.0
0.0
0.0
0.0
0.0
0.115358
0.295925
0.44493400000000005
0.5275460000000001
0.565416
0.578717
0.579232
0.559882
0.49627899999999997
0.376624
0.184135
0.011605
0.0
0.0
0.0
0.0
0.0
0.0
0.0
0.0
0.0
0.0
0.0
0.0
0.117473
0.29217899999999997
0.432029
0.511351
0.5459959999999999
0.558237
0.5587150000000001
0.569583
0.5113840000000001
0.38385199999999997
0.190084
0.011720000000000001
0.0
0.0
0.0
0.0
0.0
0.0
0.0
0.0
0.0
0.0
0.0
0.0
0.122188
0.308601
0.455064
0.535434
0.607533
0.6329859999999999
0.631815
0.614333
0.550139
0.415643
0.20999299999999999
0.01117
0.0
0.0
0.0
0.0
0.0
0.0
0.0
0.0
0.0
0.0
0.0
0.0
0.12382800000000001
0.317938
0.47942700000000005
0.573634
0.619829
0.63589
0.637306
0.6146849999999999
0.5424779999999999
0.409142
0.204928
0.01261
0.0
0.0
0.0
0.0
0.0
0.0
0.0
0.0
0.0
0.0
0.0
0.0
0.12597
0.308407
0.46129000000000003
0.5517770000000001
0.5971040000000001
0.6083780000000001
0.6147440000000001
0.593569
0.5283289999999999
0.396293
0.19859100000000002
0.01333
0.0
0.0
0.0
0.0
0.0
0.0
0.0
0.0
0.0
0.0
0.0
0.0
0.124124
0.273647
0.40025099999999997
0.476755
0.5168010000000001
0.537267
0.5342319999999999
0.513893
0.449296
0.333709
0.161709
0.015829
0.0
0.0
0.0
0.0
0.0
0.0
0.0
0.0
0.0
0.0
0.0
0.0
0.072129
0.160621
0.238912
0.294637
0.325187
0.335334
0.324956
0.294421
0.23875
0.160279
0.07297
0.007392
0.0
0.0
0.0
0.0
0.0
0.0
0.0
0.0
0.0
0.0
0.0
0.0
0.082557
0.179149
0.26590199999999997
0.32299
0.354751
0.363212
0.352943
0.320594
0.264825
0.180052
0.083223
0.008784
0.0
0.0
0.0
0.0
0.0
0.0
0.0
0.0
0.0
0.0
0.0
0.0
0.13874799999999998
0.314452
0.455135
0.538412
0.581765
0.6001770000000001
0.6030270000000001
0.582991
0.512831
0.395138
0.202823
0.016953
0.0
0.0
0.0
0.0
0.0
0.0
0.0
0.0
0.0
0.0
0.0
0.0
0.14455
0.331798
0.482528
0.563148
0.604229
0.615782
0.62253
0.60451
0.539829
0.414465
0.217173
0.016312999999999998
0.0
0.0
0.0
0.0
0.0
0.0
0.0
0.0
0.0
0.0
0.0
0.0
0.148022
0.335598
0.485867
0.5683279999999999
0.610313
0.6224310000000001
0.627422
0.608091
0.5461480000000001
0.418137
0.21939599999999998
0.017198
0.0
0.0
0.0
0.0
0.0
0.0
0.0
0.0
0.0
0.0
0.0
0.008368
0.151582
0.340881
0.49000099999999996
0.577688
0.619332
0.631407
0.633568
0.610041
0.54231
0.416354
0.217834
0.018123999999999998
0.0
0.0
0.0
0.0
0.0
0.0
0.0
0.0
0.0
0.0
0.0
0.009283
0.1502
0.33640499999999995
0.48477800000000004
0.572196
0.6149049999999999
0.626894
0.631168
0.610005
0.542692
0.413333
0.217014
0.019763000000000003
0.0
0.0
0.0
0.0
0.0
0.0
0.0
0.0
0.0
0.0
0.0
0.008795
0.154878
0.342854
0.49294
0.574448
0.61799
0.622669
0.6348769999999999
0.612176
0.551292
0.418269
0.222269
0.019872
0.0
0.0
0.0
0.0
0.0
0.0
0.0
0.0
0.0
0.0
0.0
0.011419
0.14158099999999998
0.288788
0.40242500000000003
0.47440699999999997
0.508658
0.515544
0.517226
0.494548
0.436681
0.319328
0.161863
0.022587
0.0
0.0
0.0
0.0
0.0
0.0
0.0
0.0
0.0
0.0
0.0
0.009392
0.16672399999999998
0.359149
0.509824
0.592735
0.634543
0.649711
0.649719
0.628673
0.5609919999999999
0.433526
0.23351
0.021451
0.0
0.0
0.0
0.0
0.0
0.0
0.0
0.0
0.0
0.0
0.0
0.010773
0.162939
0.346005
0.484171
0.565121
0.6023350000000001
0.6158830000000001
0.61675
0.597354
0.534505
0.411827
0.220878
0.022881
0.0
0.0
0.0
0.0
0.0
0.0
0.0
0.0
0.0
0.0
0.0
0.009998
0.171497
0.366087
0.511718
0.595305
0.636841
0.650141
0.6539020000000001
0.634411
0.569788
0.442113
0.244106
0.022688
0.0
0.0
0.0
0.0
0.0
0.0
0.0
0.0
0.0
0.0
0.0
0.010737
0.175563
0.35915199999999997
0.48386
0.556511
0.5869460000000001
0.597172
0.651401
0.631943
0.567213
0.44162
0.24465299999999998
0.023586
0.0
0.0
0.0
0.0
0.0
0.0
0.0
0.0
0.0
0.0
0.0
0.010967000000000001
0.17829499999999998
0.370421
0.5130560000000001
0.59997
0.641962
0.6568099999999999
0.656479
0.633426
0.570744
0.439816
0.24221399999999998
0.024577
0.0
0.0
0.0
0.0
0.0
0.0
0.0
0.0
0.0
0.0
0.0
0.012978
0.168857
0.34541000000000005
0.48031999999999997
0.560055
0.598303
0.6165940000000001
0.612291
0.592973
0.5260349999999999
0.407325
0.21933699999999998
0.027979
0.0
0.0
0.0
0.0
0.0
0.0
0.0
0.0
0.0
0.0
0.0
0.011493999999999999
0.18540600000000002
0.38015899999999997
0.526845
0.6094189999999999
0.649513
0.659068
0.661165
0.639821
0.572658
0.44714299999999996
0.250568
0.025918
0.0
0.0
0.0
0.0
0.0
0.0
0.0
0.0
0.0
0.0
0.0
0.011981
0.187419
0.38225400000000004
0.5262060000000001
0.611783
0.653254
0.664325
0.6654450000000001
0.642415
0.578217
0.44869099999999995
0.250373
0.026861999999999997
0.0
0.0
0.0
0.0
0.0
0.0
0.0
0.0
0.0
0.0
0.0
0.012994
0.187492
0.37850900000000004
0.51974
0.605101
0.644882
0.658252
0.661099
0.640131
0.57371
0.445246
0.249125
0.028719
0.0
0.0
0.0
0.0
0.0
0.0
0.0
0.0
0.0
0.0
0.0
0.013074
0.192639
0.38549900000000004
0.529725
0.6143099999999999
0.6535489999999999
0.663643
0.666323
0.642738
0.577392
0.44838900000000004
0.252207
0.028933
0.0
0.0
0.0
0.0
0.0
0.0
0.0
0.0
0.0
0.0
0.0
0.014227
0.194673
0.386013
0.523351
0.606305
0.644189
0.6564070000000001
0.655199
0.6343840000000001
0.568457
0.444459
0.252163
0.03134
0.0
0.0
0.0
0.0
0.0
0.0
0.0
0.0
0.0
0.0
0.0
0.014707000000000001
0.19921
0.389532
0.520688
0.605628
0.643574
0.65467
0.657451
0.638081
0.575272
0.448779
0.255786
0.032356
0.0
0.0
0.0
0.0
0.0
0.0
0.0
0.0
0.0
0.0
0.0
0.015042
0.196069
0.38690399999999997
0.5206029999999999
0.603519
0.641437
0.657891
0.65559
0.636673
0.572572
0.450472
0.25894799999999996
0.032493
0.0
0.0
0.0
0.0
0.0
0.0
0.0
0.0
0.0
0.0
0.0
0.015916
0.19948500000000002
0.386501
0.5175019999999999
0.5991609999999999
0.634957
0.6460370000000001
0.644397
0.624303
0.5596140000000001
0.44262
0.254189
0.034572000000000006
0.0
0.0
0.0
0.0
0.0
0.0
0.0
0.0
0.0
0.0
0.0
0.018599
0.17424
0.334344
0.451112
0.526081
0.558166
0.567696
0.5639120000000001
0.541344
0.481696
0.366469
0.198359
0.038721
0.0
0.0
0.0
0.0
0.0
0.0
0.0
0.0
0.0
0.0
0.0
0.01785
0.191625
0.367586
0.496032
0.5686829999999999
0.603461
0.610591
0.613381
0.592958
0.532111
0.414488
0.23268899999999998
0.038277
0.0
0.0
0.0
0.0
0.0
0.0
0.0
0.0
0.0
0.0
0.0
0.018193
0.15903299999999998
0.30035500000000004
0.4032
0.472497
0.50188
0.5131570000000001
0.505176
0.481155
0.42191
0.316209
0.168982
0.034336
0.0
0.0
0.0
0.0
0.0
0.0
0.0
0.0
0.0
0.0
0.0
0.018609
0.200035
0.380439
0.508915
0.58347
0.618263
0.627867
0.625952
0.608516
0.544789
0.42839299999999997
0.24478999999999998
0.039814999999999996
0.0
0.0
0.0
0.0
0.0
0.0
0.0
0.0
0.0
0.0
0.0
0.018638000000000002
0.20571199999999998
0.391581
0.519303
0.599106
0.63419
0.645567
0.644847
0.625193
0.5659
0.44466
0.25897000000000003
0.040158
0.0
0.0
0.0
0.0
0.0
0.0
0.0
0.0
0.0
0.0
0.0
0.02404
0.20538399999999998
0.38729399999999997
0.515744
0.594804
0.62998
0.644948
0.641845
0.623606
0.559496
0.440855
0.25645
0.042164
0.0
0.0
0.0
0.0
0.0
0.0
0.0
0.0
0.0
0.0
0.0
0.021963
0.221555
0.414115
0.549764
0.631422
0.671731
0.682883
0.685164
0.665111
0.6031960000000001
0.47819
0.285514
0.039113999999999996
0.0
0.0
0.0
0.0
0.0
0.0
0.0
0.0
0.0
0.0
0.0
0.022742000000000002
0.223329
0.416372
0.551956
0.633454
0.674609
0.687507
0.691994
0.670968
0.609422
0.483528
0.28896499999999997
0.040326999999999995
0.0
0.0
0.0
0.0
0.0
0.0
0.0
0.0
0.0
0.0
0.0
0.023024999999999997
0.225933
0.419739
0.556018
0.6363479999999999
0.676575
0.689447
0.6916420000000001
0.6693709999999999
0.6061989999999999
0.48146300000000003
0.28850099999999995
0.041344
0.0
0.0
0.0
0.0
0.0
0.0
0.0
0.0
0.0
0.0
0.0
0.025867
0.217745
0.405015
0.5308959999999999
0.611684
0.646248
0.661651
0.656533
0.6378039999999999
0.573827
0.456912
0.27109300000000003
0.044061
0.0
0.0
0.0
0.0
0.0
0.0
0.0
0.0
0.0
0.0
0.0
0.025228
0.217361
0.406414
0.539388
0.6181599999999999
0.658423
0.670369
0.676086
0.658857
0.597314
0.475781
0.286074
0.043796999999999996
0.0
0.0
0.0
0.0
0.0
0.0
0.0
0.0
0.0
0.0
0.0
0.024915
0.230275
0.422892
0.552689
0.632076
0.669219
0.6812849999999999
0.6818909999999999
0.661985
0.604194
0.48380700000000004
0.295288
0.044133000000000006
0.0
0.0
0.0
0.0
0.0
0.0
0.0
0.0
0.0
0.0
0.0
0.027352
0.22717099999999998
0.415713
0.54422
0.622352
0.657538
0.666165
0.6693859999999999
0.6523289999999999
0.592457
0.47461000000000003
0.28813099999999997
0.04629
0.0
0.0
0.0
0.0
0.0
0.0
0.0
0.0
0.0
0.0
0.0
0.030229
0.17678899999999997
0.324942
0.43000299999999997
0.510433
0.5433819999999999
0.559647
0.550418
0.5278339999999999
0.465572
0.354217
0.195311
0.044368000000000005
0.0
0.0
0.0
0.0
0.0
0.0
0.0
0.0
0.0
0.0
0.0
0.031088
0.216286
0.396287
0.524704
0.600938
0.6364059999999999
0.649491
0.648961
0.62952
0.565604
0.44942200000000004
0.264367
0.050345
0.0
0.0
0.0
0.0
0.0
0.0
0.0
0.0
0.0
0.0
0.0
0.027173
0.23991200000000001
0.433339
0.5646230000000001
0.6464070000000001
0.685621
0.69772
0.6981609999999999
0.680892
0.622765
0.500039
0.30820800000000004
0.046564999999999995
0.0
0.0
0.0
0.0
0.0
0.0
0.0
0.0
0.0
0.0
0.0
0.025663000000000002
0.15043
0.272829
0.375387
0.43197800000000003
0.46102699999999996
0.46872
0.458323
0.43103800000000003
0.365388
0.2755
0.14887
0.036325
0.0
0.0
0.0
0.0
0.0
0.0
0.0
0.0
0.0
0.0
0.0
0.034772
0.20860800000000002
0.382035
0.489389
0.570529
0.600238
0.610754
0.603992
0.5834779999999999
0.534334
0.41754399999999997
0.24698599999999998
0.053644
0.0
0.0
0.0
0.0
0.0
0.0
0.0
0.0
0.0
0.0
0.0
0.011728
0.087792
0.16839400000000002
0.23859200000000003
0.293208
0.32441000000000003
0.335582
0.32602
0.295271
0.24238900000000002
0.16780199999999998
0.08635899999999999
0.018652000000000002
0.0
0.0
0.0
0.0
0.0
0.0
0.0
0.0
0.0
0.0
0.0
0.030703
0.165703
0.30009600000000003
0.404778
0.46994400000000003
0.502482
0.509832
0.505104
0.47739499999999996
0.416301
0.311198
0.169558
0.04238
0.0
0.0
0.0
0.0
0.0
0.0
0.0
0.0
0.0
0.0
0.0
0.035061999999999996
0.188419
0.340852
0.45440499999999995
0.5240130000000001
0.5542469999999999
0.5634880000000001
0.555736
0.532728
0.471774
0.361796
0.203467
0.049505
0.0
0.0
0.0
0.0
0.0
0.0
0.0
0.0
0.0
0.0
0.0
0.037005
0.205362
0.372808
0.49853800000000004
0.568423
0.59893
0.6019450000000001
0.600737
0.578484
0.518294
0.403654
0.2315
0.057928
0.0
0.0
0.0
0.0
0.0
0.0
0.0
0.0
0.0
0.0
0.0
0.036923000000000004
0.20313900000000001
0.36718900000000004
0.486204
0.563655
0.5951230000000001
0.6091960000000001
0.599212
0.576634
0.512851
0.39959500000000003
0.229206
0.058072000000000006
0.0
0.0
0.0
0.0
0.0
0.0
0.0
0.0
0.0
0.0
0.0
0.02917
0.256298
0.454507
0.592769
0.675264
0.714803
0.730898
0.73137
0.712669
0.6489360000000001
0.528829
0.337094
0.051493000000000004
0.0
0.0
0.0
0.0
0.0
0.0
0.0
0.0
0.0
0.0
0.0
0.031552
0.255548
0.448573
0.577268
0.6571849999999999
0.693874
0.712309
0.709724
0.6934049999999999
0.6363759999999999
0.518752
0.33040800000000004
0.053229
0.0
0.0
0.0
0.0
0.0
0.0
0.0
0.0
0.0
0.0
0.0
0.034188
0.249441
0.438311
0.561287
0.64073
0.6768970000000001
0.6890599999999999
0.693394
0.680384
0.623048
0.505951
0.320149
0.056165
0.0
0.0
0.0
0.0
0.0
0.0
0.0
0.0
0.0
0.0
0.0
0.035953000000000006
0.235254
0.419823
0.5474990000000001
0.626539
0.6605679999999999
0.67651
0.673828
0.659029
0.597449
0.483548
0.29852100000000004
0.05878
0.0
0.0
0.0
0.0
0.0
0.0
0.0
0.0
0.0
0.0
0.0
0.029353
0.26073599999999997
0.46249900000000005
0.603113
0.688948
0.7307899999999999
0.749891
0.749943
0.732653
0.672169
0.548198
0.353018
0.052308
0.0
0.0
0.0
0.0
0.0
0.0
0.0
0.0
0.0
0.0
0.0
0.03692
0.236745
0.422938
0.552851
0.633458
0.669519
0.68377
0.682998
0.667319
0.605951
0.487829
0.30253399999999997
0.060377
0.0
0.0
0.0
0.0
0.0
0.0
0.0
0.0
0.0
0.0
0.0
0.027245000000000002
0.27147000000000004
0.474169
0.6114489999999999
0.692195
0.729086
0.7434890000000001
0.746993
0.7347809999999999
0.6749160000000001
0.555842
0.366382
0.049513
0.0
0.0
0.0
0.0
0.0
0.0
0.0
0.0
0.0
0.0
0.0
0.038579
0.23947
0.422587
0.542807
0.6221720000000001
0.6550739999999999
0.667981
0.6663239999999999
0.6520199999999999
0.5978300000000001
0.483585
0.30389
0.060398
0.0
0.0
0.0
0.0
0.0
0.0
0.0
0.0
0.0
0.0
0.0
0.040557
0.22306299999999998
0.394894
0.512696
0.588078
0.621201
0.632916
0.634473
0.618852
0.567295
0.452925
0.275342
0.063164
0.0
0.0
0.0
0.0
0.0
0.0
0.0
0.0
0.0
0.0
0.0
0.037645000000000005
0.24212899999999998
0.427143
0.5496449999999999
0.631903
0.6683300000000001
0.6849299999999999
0.683191
0.666961
0.608282
0.49732
0.315846
0.061112
0.0
0.0
0.0
0.0
0.0
0.0
0.0
0.0
0.0
0.0
0.0
0.036696
0.24524600000000002
0.432176
0.5597300000000001
0.641303
0.678651
0.687176
0.693606
0.677087
0.6244829999999999
0.505873
0.32312799999999997
0.060450000000000004
0.0
0.0
0.0
0.0
0.0
0.0
0.0
0.0
0.0
0.0
0.0
0.005288
0.051379
0.10555400000000001
0.158721
0.20256200000000002
0.230773
0.24047900000000003
0.22967400000000002
0.202362
0.15667699999999998
0.103857
0.050469
0.010343
0.0
0.0
0.0
0.0
0.0
0.0
0.0
0.0
0.0
0.0
0.0
0.0
0.008125
0.028948
0.059418
0.093138
0.11896999999999999
0.12959800000000002
0.119125
0.093256
0.059389000000000004
0.028829
0.008161
0.0
0.0
0.0
0.0
0.0
0.0
0.0
0.0
0.0
0.0
0.0
0.0
0.0
0.008161
0.028992999999999998
0.059497
0.092973
0.1186
0.128495
0.118748
0.093001
0.059435
0.02881
0.00816
0.0
0.0
0.0
0.0
0.0
0.0
0.0
0.0
0.0
0.0
0.0
0.0
0.0
0.008145
0.028915
0.058996
0.092357
0.117491
0.12776
0.11732
0.09192700000000001
0.05875
0.028537
0.008079000000000001
0.0
0.0
0.0
0.0
0.0
0.0
0.0
0.0
0.0
0.0
0.0
0.0
0.037756
0.17385
0.30418900000000004
0.406077
0.470932
0.498986
0.50764
0.5012610000000001
0.472551
0.41261000000000003
0.312021
0.17383
0.04772
0.0
0.0
0.0
0.0
0.0
0.0
0.0
0.0
0.0
0.0
0.0
0.036357999999999994
0.169539
0.296243
0.39741899999999997
0.460181
0.489257
0.497286
0.48958300000000005
0.463127
0.401474
0.303105
0.168706
0.046196
0.0
0.0
0.0
0.0
0.0
0.0
0.0
0.0
0.0
0.0
0.0
0.023411
0.259441
0.45576
0.5868819999999999
0.67387
0.715745
0.7331660000000001
0.7397549999999999
0.725993
0.674357
0.5540470000000001
0.36725
0.05795
0.0
0.0
0.0
0.0
0.0
0.0
0.0
0.0
0.0
0.0
0.0
0.022428
0.262818
0.460544
0.590678
0.676528
0.715241
0.742371
0.7410370000000001
0.735194
0.680395
0.564736
0.37570600000000004
0.056193
0.0
0.0
0.0
0.0
0.0
0.0
0.0
0.0
0.0
0.0
0.0
0.023042
0.255694
0.448527
0.5767749999999999
0.667965
0.7117190000000001
0.737572
0.738546
0.727465
0.672987
0.556439
0.368453
0.057954
0.0
0.0
0.0
0.0
0.0
0.0
0.0
0.0
0.0
0.0
0.0
0.02714
0.23544900000000002
0.41914100000000004
0.550148
0.6293289999999999
0.667295
0.679646
0.682981
0.668333
0.6141040000000001
0.501675
0.319075
0.065808
0.0
0.0
0.0
0.0
0.0
0.0
0.0
0.0
0.0
0.0
0.0
0.024427
0.24572
0.433299
0.566608
0.649741
0.693682
0.714249
0.720662
0.7066749999999999
0.6549149999999999
0.539701
0.35290499999999997
0.061723999999999994
0.0
0.0
0.0
0.0
0.0
0.0
0.0
0.0
0.0
0.0
0.0
0.023318000000000002
0.249983
0.443769
0.583266
0.6646559999999999
0.708121
0.727909
0.73339
0.721932
0.667881
0.552674
0.36385700000000004
0.060112
0.0
0.0
0.0
0.0
0.0
0.0
0.0
0.0
0.0
0.0
0.0
0.027236
0.18756899999999999
0.33125099999999996
0.44168
0.509768
0.5406299999999999
0.548563
0.547091
0.526884
0.472428
0.365524
0.21024199999999998
0.057478
0.0
0.0
0.0
0.0
0.0
0.0
0.0
0.0
0.0
0.0
0.0
0.0
0.008098000000000001
0.028872
0.058741
0.092445
0.117823
0.128576
0.117738
0.092072
0.058545
0.028392
0.007995
0.0
0.0
0.0
0.0
0.0
0.0
0.0
0.0
0.0
0.0
0.0
0.0
0.028505
0.217183
0.38764699999999996
0.514957
0.592669
0.629465
0.6414070000000001
0.642165
0.626034
0.570915
0.457712
0.277048
0.069235
0.0
0.0
0.0
0.0
0.0
0.0
0.0
0.0
0.0
0.0
0.0
0.013788
0.102423
0.18745900000000001
0.260996
0.313471
0.342215
0.35245800000000005
0.342183
0.31157999999999997
0.257633
0.182377
0.09706000000000001
0.024798999999999998
0.0
0.0
0.0
0.0
0.0
0.0
0.0
0.0
0.0
0.0
0.0
0.026733
0.22859100000000002
0.4122
0.538504
0.6242179999999999
0.662496
0.6823579999999999
0.681192
0.6697580000000001
0.614456
0.503591
0.31954000000000005
0.067434
0.0
0.0
0.0
0.0
0.0
0.0
0.0
0.0
0.0
0.0
0.0
0.021774
0.25093899999999997
0.45072199999999996
0.585259
0.672941
0.716157
0.7346609999999999
0.7436710000000001
0.7346509999999999
0.6865030000000001
0.5705929999999999
0.381903
0.058358
0.0
0.0
0.0
0.0
0.0
0.0
0.0
0.0
0.0
0.0
0.0
0.024247
0.239017
0.427602
0.5614969999999999
0.642802
0.684448
0.7027190000000001
0.711586
0.6993440000000001
0.649284
0.539157
0.354773
0.063064
0.0
0.0
0.0
0.0
0.0
0.0
0.0
0.0
0.0
0.0
0.0
0.027251
0.21749000000000002
0.39090199999999997
0.511943
0.5892999999999999
0.62599
0.640617
0.643788
0.63237
0.5818329999999999
0.47631999999999997
0.297176
0.067932
0.0
0.0
0.0
0.0
0.0
0.0
0.0
0.0
0.0
0.0
0.0
0.024337
0.17768899999999999
0.30499200000000004
0.410426
0.47182999999999997
0.5037429999999999
0.507773
0.505673
0.47864100000000004
0.419882
0.319299
0.18205600000000002
0.049466
0.0
0.0
0.0
0.0
0.0
0.0
0.0
0.0
0.0
0.0
0.0
0.027323
0.20752299999999999
0.370877
0.48965499999999995
0.568091
0.6032609999999999
0.613953
0.615093
0.599523
0.550612
0.44222500000000003
0.26896
0.06873900000000001
0.0
0.0
0.0
0.0
0.0
0.0
0.0
0.0
0.0
0.0
0.0
0.025713
0.220024
0.401783
0.5328440000000001
0.613906
0.65422
0.670036
0.673581
0.6643300000000001
0.609668
0.49995
0.317341
0.066557
0.0
0.0
0.0
0.0
0.0
0.0
