0.0
0.0
0.0
0.0
0.0
0.063424
0.152116
0.24634999999999999
0.379704
0.45213
0.646771
0.731438
0.635374
0.573606
0.598711
0.40757600000000005
0.33087900000000003
0.170314
0.014419000000000001
0.0
0.0
0.0
0.0
0.0
0.0
0.0
0.0
0.0
0.0
0.039021
0.112705
0.196457
0.252986
0.5130739999999999
0.651873
0.7300420000000001
0.681748
0.31589
0.352452
0.28098399999999996
0.237877
0.09041500000000001
0.005554
0.0
0.0
0.0
0.0
0.0
0.0
0.0
0.0
0.0
0.0
0.07540000000000001
0.24204
0.438287
0.500298
0.551563
0.619197
0.468637
0.606823
0.468235
0.253703
0.211415
0.244832
0.068247
0.009233
0.0
0.0
0.0
0.0
0.0
0.0
0.0
0.0
0.0
0.0
0.08152
0.1699
0.194623
0.27046800000000004
0.33796699999999996
0.447027
0.569177
0.417891
0.5123540000000001
0.691561
0.542673
0.395189
0.08247700000000001
0.0
0.0
0.0
0.0
0.0
0.0
0.0
0.0
0.0
0.0
0.0
0.063261
0.270838
0.3936
0.502833
0.6092519999999999
0.732185
0.774826
0.759144
0.725283
0.654925
0.550135
0.413539
0.158002
0.010723
0.0
0.0
0.0
0.0
0.0
0.0
0.0
0.0
0.0
0.0
0.065358
0.245305
0.326221
0.349448
0.484017
0.669504
0.584291
0.707783
0.7264729999999999
0.504553
0.430647
0.18873099999999998
0.051588
0.005667
0.0
0.0
0.0
0.0
0.0
0.0
0.0
0.0
0.0
0.0
0.044005
0.149024
0.189228
0.27259300000000003
0.418377
0.569587
0.751015
0.7539239999999999
0.62202
0.650089
0.544732
0.401765
0.162963
0.009243
0.0
0.0
0.0
0.0
0.0
0.0
0.0
0.0
0.0
0.0
0.052543999999999993
0.175066
0.276404
0.317569
0.46936
0.533678
0.493362
0.5381849999999999
0.47635500000000003
0.393677
0.236715
0.26971100000000003
0.104571
0.007484
0.0
0.0
0.0
0.0
0.0
0.0
0.0
0.0
0.0
0.0
0.020838000000000002
0.105545
0.347597
0.569826
0.38744
0.357255
0.562748
0.5597880000000001
0.525529
0.6528099999999999
0.556645
0.414482
0.164106
0.009004
0.0
0.0
0.0
0.0
0.0
0.0
0.0
0.0
0.0
0.0
0.06092
0.236441
0.416089
0.563074
0.674049
0.688056
0.742256
0.7308920000000001
0.6938179999999999
0.6401870000000001
0.535759
0.402197
0.160203
0.010582000000000001
0.0
0.0
0.0
0.0
0.0
0.0
0.0
0.0
0.0
0.0
0.053766
0.230936
0.41562299999999996
0.541701
0.5835929999999999
0.7008099999999999
0.7184210000000001
0.571611
0.544318
0.5388200000000001
0.41995299999999997
0.165791
0.029786999999999998
0.008891
0.0
0.0
0.0
0.0
0.0
0.0
0.0
0.0
0.0
0.0
0.0
0.023942
0.015672000000000002
0.035351
0.119072
0.11076699999999999
0.07027800000000001
0.112087
0.092715
0.167972
0.247198
0.16086099999999998
0.035465
0.0034159999999999998
0.0
0.0
0.0
0.0
0.0
0.0
0.0
0.0
0.0
0.0
0.060338
0.231392
0.39432100000000003
0.49982600000000005
0.58792
0.675493
0.723844
0.61297
0.6087440000000001
0.333596
0.40190699999999996
0.261432
0.06793600000000001
0.004179
0.0
0.0
0.0
0.0
0.0
0.0
0.0
0.0
0.0
0.0
0.016665
0.086759
0.17275100000000002
0.250788
0.353029
0.491225
0.665136
0.7083010000000001
0.687442
0.61588
0.525223
0.398611
0.15149700000000002
0.008359
0.0
0.0
0.0
0.0
0.0
0.0
0.0
0.0
0.0
0.0
0.038933999999999996
0.190526
0.399377
0.543439
0.599833
0.611051
0.586843
0.35749200000000003
0.261761
0.324135
0.242528
0.119235
0.082109
0.005699
0.0
0.0
0.0
0.0
0.0
0.0
0.0
0.0
0.0
0.0
0.038223
0.12929
0.190025
0.185536
0.462674
0.531029
0.324366
0.350266
0.4045
0.407339
0.469434
0.40231900000000004
0.159965
0.007099
0.0
0.0
0.0
0.0
0.0
0.0
0.0
0.0
0.0
0.0
0.030909
0.21937600000000002
0.393452
0.530495
0.64816
0.7049589999999999
0.726501
0.718911
0.689299
0.6274379999999999
0.516892
0.382928
0.152831
0.008279
0.0
0.0
0.0
0.0
0.0
0.0
0.0
0.0
0.0
0.0
0.028015
0.22703700000000002
0.39755599999999996
0.500653
0.373191
0.339875
0.163132
0.335382
0.258135
0.116625
0.12590600000000002
0.355604
0.110806
0.011455
0.0
0.0
0.0
0.0
0.0
0.0
0.0
0.0
0.0
0.0
0.025547999999999998
0.224091
0.403329
0.55065
0.37071499999999996
0.185709
0.341414
0.610518
0.5456960000000001
0.509582
0.36033699999999996
0.27989400000000003
0.088118
0.009798
0.0
0.0
0.0
0.0
0.0
0.0
0.0
0.0
0.0
0.0
0.018488
0.095334
0.284678
0.38889999999999997
0.435132
0.6140059999999999
0.683564
0.7265159999999999
0.693894
0.635221
0.5348590000000001
0.39317399999999997
0.15904
0.006652999999999999
0.0
0.0
0.0
0.0
0.0
0.0
0.0
0.0
0.0
0.0
0.021466000000000002
0.220936
0.388257
0.53707
0.643086
0.696902
0.707389
0.7078
0.6777920000000001
0.619768
0.5182519999999999
0.38842899999999997
0.15415
0.006416000000000001
0.0
0.0
0.0
0.0
0.0
0.0
0.0
0.0
0.0
0.0
0.018388
0.206177
0.372062
0.49165499999999995
0.611011
0.666022
0.697581
0.660358
0.6513150000000001
0.594715
0.500228
0.367838
0.146448
0.006356
0.0
0.0
0.0
0.0
0.0
0.0
0.0
0.0
0.0
0.0
0.010683
0.08512
0.254848
0.510181
0.632028
0.700275
0.7037140000000001
0.720032
0.6920149999999999
0.625895
0.523927
0.38842899999999997
0.146457
0.003993
0.0
0.0
0.0
0.0
0.0
0.0
0.0
0.0
0.0
0.0
0.01819
0.121075
0.382022
0.46942399999999995
0.641199
0.604644
0.741595
0.7122430000000001
0.702265
0.608235
0.534365
0.22483
0.127713
0.006328
0.0
0.0
0.0
0.0
0.0
0.0
0.0
0.0
0.0
0.0
0.021864
0.162116
0.233148
0.28353500000000004
0.5378339999999999
0.487379
0.71889
0.696882
0.680584
0.631769
0.534533
0.398031
0.14721700000000001
0.0056890000000000005
0.0
0.0
0.0
0.0
0.0
0.0
0.0
0.0
0.0
0.0
0.024168
0.19427
0.381127
0.5200779999999999
0.624783
0.6844
0.705973
0.697427
0.6710320000000001
0.604384
0.505131
0.371656
0.13791499999999998
0.00691
0.0
0.0
0.0
0.0
0.0
0.0
0.0
0.0
0.0
0.0
0.011329
0.18782400000000002
0.344335
0.468979
0.555
0.654541
0.6927300000000001
0.677122
0.650569
0.588295
0.490876
0.36174700000000004
0.134637
0.004971
0.0
0.0
0.0
0.0
0.0
0.0
0.0
0.0
0.0
0.0
0.011455
0.098802
0.127571
0.148141
0.15039
0.22972900000000002
0.222959
0.497344
0.468652
0.334382
0.166236
0.110124
0.030319
0.0012330000000000002
0.0
0.0
0.0
0.0
0.0
0.0
0.0
0.0
0.0
0.0
0.010372
0.089507
0.200893
0.403473
0.34945800000000005
0.589759
0.629514
0.6768160000000001
0.627413
0.38844799999999996
0.243828
0.10175100000000001
0.029574000000000003
0.0
0.0
0.0
0.0
0.0
0.0
0.0
0.0
0.0
0.0
0.0
0.0022370000000000003
0.071748
0.176647
0.248846
0.25477
0.271075
0.251234
0.19720500000000002
0.212137
0.149946
0.13879
0.053252
0.015872999999999998
0.0
0.0
0.0
0.0
0.0
0.0
0.0
0.0
0.0
0.0
0.0
0.006099
0.058349
0.11038500000000001
0.14822200000000002
0.172697
0.269863
0.222273
0.214234
0.210891
0.128577
0.084184
0.04271
0.031809000000000004
0.001406
0.0
0.0
0.0
0.0
0.0
0.0
0.0
0.0
0.0
0.0
0.010581
0.146852
0.273897
0.5077579999999999
0.622042
0.6815399999999999
0.720201
0.7047899999999999
0.6869489999999999
0.611544
0.522377
0.38160700000000003
0.137185
0.006444
0.0
0.0
0.0
0.0
0.0
0.0
0.0
0.0
0.0
0.0
0.011344
0.203413
0.24807099999999999
0.20931899999999998
0.40102499999999996
0.595555
0.544859
0.576727
0.491462
0.396989
0.097124
0.06875400000000001
0.016739999999999998
0.0
0.0
0.0
0.0
0.0
0.0
0.0
0.0
0.0
0.0
0.0
0.0
0.061672
0.101888
0.171846
0.203977
0.24713300000000002
0.263671
0.161249
0.14686600000000002
0.112009
0.054816000000000004
0.031998
0.020367
0.000893
0.0
0.0
0.0
0.0
0.0
0.0
0.0
0.0
0.0
0.0
0.0
0.06769700000000001
0.13399100000000003
0.288649
0.37121
0.36112700000000003
0.397228
0.376661
0.493534
0.44257799999999997
0.174691
0.149635
0.038874000000000006
0.001238
0.0
0.0
0.0
0.0
0.0
0.0
0.0
0.0
0.0
0.0
0.0
0.039104
0.13555899999999999
0.17249199999999998
0.218215
0.248683
0.34842399999999996
0.33810500000000004
0.28513299999999997
0.22830699999999998
0.161926
0.110301
0.036511
0.0
0.0
0.0
0.0
0.0
0.0
0.0
0.0
0.0
0.0
0.0
0.0
0.055388
0.18780000000000002
0.33054300000000003
0.404864
0.52426
0.477101
0.494575
0.5246810000000001
0.468171
0.502766
0.33364
0.082751
0.001747
0.0
0.0
0.0
0.0
0.0
0.0
0.0
0.0
0.0
0.0
0.0
0.114058
0.293783
0.288917
0.361307
0.355182
0.463078
0.6419579999999999
0.615672
0.571659
0.494525
0.358772
0.09781000000000001
0.000292
0.0
0.0
0.0
0.0
0.0
0.0
0.0
0.0
0.0
0.0
0.0
0.153953
0.32061
0.451685
0.550823
0.623191
0.658894
0.657455
0.62982
0.5652630000000001
0.475773
0.34112
0.088893
0.001011
0.0
0.0
0.0
0.0
0.0
0.0
0.0
0.0
0.0
0.0
0.0
0.052378999999999995
0.249764
0.300153
0.384553
0.404214
0.45068
0.355285
0.280264
0.10903700000000001
0.12727
0.052808999999999995
0.036425
0.0
0.0
0.0
0.0
0.0
0.0
0.0
0.0
0.0
0.0
0.0
0.0
0.108509
0.28535000000000005
0.47626
0.5130549999999999
0.5651079999999999
0.515338
0.563115
0.588283
0.559297
0.41707299999999997
0.076018
0.0384
0.0
0.0
0.0
0.0
0.0
0.0
0.0
0.0
0.0
0.0
0.0
0.0
0.109528
0.25363399999999997
0.32603699999999997
0.44682299999999997
0.17104499999999997
0.429957
0.489705
0.40516800000000003
0.284495
0.278466
0.150231
0.062625
0.0011020000000000001
0.0
0.0
0.0
0.0
0.0
0.0
0.0
0.0
0.0
0.0
0.0
0.105316
0.254157
0.248468
0.364391
0.6065320000000001
0.565558
0.559671
0.639619
0.563235
0.44942200000000004
0.339929
0.077891
0.0
0.0
0.0
0.0
0.0
0.0
0.0
0.0
0.0
0.0
0.0
0.0
0.08195699999999999
0.196993
0.303305
0.29983699999999996
0.481863
0.549798
0.6409640000000001
0.632478
0.544709
0.42359500000000005
0.318512
0.065276
0.0
0.0
0.0
0.0
0.0
0.0
0.0
0.0
0.0
0.0
0.0
0.0
0.128122
0.29287799999999997
0.432327
0.5430389999999999
0.61212
0.6498740000000001
0.646428
0.6138790000000001
0.547803
0.448467
0.313641
0.074495
0.0
0.0
0.0
0.0
0.0
0.0
0.0
0.0
0.0
0.0
0.0
0.0
0.026843
0.113576
0.19865
0.314286
0.26332900000000004
0.186771
0.195328
0.454675
0.514925
0.286932
0.217062
0.06969
0.0
0.0
0.0
0.0
0.0
0.0
0.0
0.0
0.0
0.0
0.0
0.0
0.037406999999999996
0.09323300000000001
0.282601
0.36068700000000004
0.328701
0.504815
0.357906
0.28568
0.351677
0.263606
0.18134299999999998
0.04485
0.0
0.0
0.0
0.0
0.0
0.0
0.0
0.0
0.0
0.0
0.0
0.0
0.06600700000000001
0.128782
0.343038
0.5750259999999999
0.6214379999999999
0.44399
0.628944
0.64003
0.5635
0.36423300000000003
0.306165
0.057944
0.0
0.0
0.0
0.0
0.0
0.0
0.0
0.0
0.0
0.0
0.0
0.0
0.10430800000000001
0.20627
0.261449
0.430485
0.56975
0.637229
0.6454610000000001
0.6160180000000001
0.550531
0.451127
0.30979
0.060547
0.0
0.0
0.0
0.0
0.0
0.0
0.0
0.0
0.0
0.0
0.0
0.0
0.11153400000000001
0.26760500000000004
0.373318
0.530462
0.5990420000000001
0.629929
0.624261
0.499961
0.56355
0.344084
0.085885
0.027454999999999997
0.0
0.0
0.0
0.0
0.0
0.0
0.0
0.0
0.0
0.0
0.0
0.0
0.026527000000000002
0.127974
0.290773
0.279471
0.434572
0.426002
0.389421
0.286518
0.309526
0.287609
0.12493000000000001
0.050737000000000004
0.0
0.0
0.0
0.0
0.0
0.0
0.0
0.0
0.0
0.0
0.0
0.0
0.09331199999999999
0.186888
0.28094600000000003
0.4707
0.516178
0.631829
0.632803
0.5984299999999999
0.530117
0.432162
0.290233
0.042786000000000005
0.0
0.0
0.0
0.0
0.0
0.0
0.0
0.0
0.0
0.0
0.0
0.0
0.043338
0.14610900000000002
0.36638299999999996
0.426257
0.52962
0.483686
0.48907999999999996
0.568187
0.5199349999999999
0.36482600000000004
0.337886
0.061007
0.0
0.0
0.0
0.0
0.0
0.0
0.0
0.0
0.0
0.0
0.0
0.0
0.062494999999999995
0.16114900000000001
0.249521
0.42110000000000003
0.510491
0.598496
0.606225
0.584669
0.5312169999999999
0.43294900000000003
0.271963
0.046037
0.0
0.0
0.0
0.0
0.0
0.0
0.0
0.0
0.0
0.0
0.0
0.0
0.088687
0.244493
0.385169
0.495346
0.569769
0.601286
0.6108300000000001
0.581399
0.52197
0.423967
0.27824200000000004
0.029936
0.0
0.0
0.0
0.0
0.0
0.0
0.0
0.0
0.0
0.0
0.0
0.0
0.095114
0.23730600000000002
0.366121
0.473155
0.544701
0.579129
0.589031
0.553366
0.492452
0.39122
0.20344
0.035052999999999994
0.0
0.0
0.0
0.0
0.0
0.0
0.0
0.0
0.0
0.0
0.0
0.0
0.107208
0.238257
0.34622
0.442556
0.498822
0.49595999999999996
0.534015
0.4909
0.483568
0.371801
0.23854499999999998
0.04199
0.0
0.0
0.0
0.0
0.0
0.0
0.0
0.0
0.0
0.0
0.0
0.0
0.073889
0.21935400000000002
0.37552800000000003
0.49503199999999997
0.5219020000000001
0.532471
0.576148
0.543923
0.470777
0.36976299999999995
0.22333799999999998
0.017563
0.0
0.0
0.0
0.0
0.0
0.0
0.0
0.0
0.0
0.0
0.0
0.0
0.06550199999999999
0.220464
0.31500599999999995
0.431514
0.49074599999999996
0.519519
0.56468
0.524289
0.385033
0.102107
0.08164
0.018959
0.0
0.0
0.0
0.0
0.0
0.0
0.0
0.0
0.0
0.0
0.0
0.0
0.06962399999999999
0.222511
0.357931
0.46596899999999997
0.534695
0.567427
0.555827
0.479323
0.437113
0.356673
0.19236699999999998
0.026447
0.0
0.0
0.0
0.0
0.0
0.0
0.0
0.0
0.0
0.0
0.0
0.0
0.055377
0.214089
0.345566
0.457502
0.527865
0.563859
0.561082
0.5317430000000001
0.461621
0.35155000000000003
0.206024
0.022471
0.0
0.0
0.0
0.0
0.0
0.0
0.0
0.0
0.0
0.0
0.0
0.0
0.051789
0.204278
0.337327
0.443256
0.517412
0.551375
0.555049
0.496002
0.428773
0.330521
0.185712
0.020825
0.0
0.0
0.0
0.0
0.0
0.0
0.0
0.0
0.0
0.0
0.0
0.0
0.061643
0.225866
0.28430500000000003
0.38246199999999997
0.37847000000000003
0.478449
0.534223
0.5146029999999999
0.401712
0.31150599999999995
0.15031999999999998
0.04137
0.0
0.0
0.0
0.0
0.0
0.0
0.0
0.0
0.0
0.0
0.0
0.0
0.072262
0.15513
0.36800299999999997
0.45276799999999995
0.498743
0.465411
0.543945
0.44935899999999995
0.302133
0.227356
0.186405
0.01043
0.0
0.0
0.0
0.0
0.0
0.0
0.0
0.0
0.0
0.0
0.0
0.0
0.067725
0.14631
0.20896199999999998
0.34424400000000005
0.18491
0.437305
0.280279
0.362341
0.392064
0.333247
0.060484
0.014278
0.0
0.0
0.0
0.0
0.0
0.0
0.0
0.0
0.0
0.0
0.0
0.0
0.021705
0.09658
0.137617
0.27222500000000005
0.33266
0.321004
0.329555
0.263964
0.24332900000000002
0.12856700000000001
0.075154
0.023443000000000002
0.0
0.0
0.0
0.0
0.0
0.0
0.0
0.0
0.0
0.0
0.0
0.0
0.032567
0.117822
0.32174200000000003
0.318113
0.449058
0.492754
0.40005900000000005
0.503181
0.498828
0.33304
0.104052
0.018436
0.0
0.0
0.0
0.0
0.0
0.0
0.0
0.0
0.0
0.0
0.0
0.0
0.051674
0.14215799999999998
0.282651
0.415125
0.5041979999999999
0.544428
0.533906
0.491465
0.432548
0.346594
0.192051
0.017826
0.0
0.0
0.0
0.0
0.0
0.0
0.0
0.0
0.0
0.0
0.0
0.0
0.082173
0.180941
0.31394900000000003
0.401706
0.462494
0.5210520000000001
0.504837
0.48464100000000004
0.433284
0.316014
0.16691999999999999
0.013732
0.0
0.0
0.0
0.0
0.0
0.0
0.0
0.0
0.0
0.0
0.0
0.0
0.059635
0.116272
0.236297
0.380173
0.460452
0.50898
0.424137
0.492181
0.369557
0.130138
0.061761
0.0077729999999999995
0.0
0.0
0.0
0.0
0.0
0.0
0.0
0.0
0.0
0.0
0.0
0.0
0.024041
0.072242
0.124428
0.29396
0.34188
0.408493
0.364876
0.462793
0.34852999999999995
0.24362899999999998
0.11520999999999999
0.011482
0.0
0.0
0.0
0.0
0.0
0.0
0.0
0.0
0.0
0.0
0.0
0.0
0.026407
0.155527
0.275975
0.385711
0.458091
0.485974
0.461017
0.464763
0.404284
0.298438
0.14735499999999999
0.009947
0.0
0.0
0.0
0.0
0.0
0.0
0.0
0.0
0.0
0.0
0.0
0.0
0.021582999999999998
0.163881
0.27501600000000004
0.36727499999999996
0.44444799999999995
0.475302
0.44304899999999997
0.44742899999999997
0.36410000000000003
0.21912700000000002
0.10727500000000001
0.0013189999999999999
0.0
0.0
0.0
0.0
0.0
0.0
0.0
0.0
0.0
0.0
0.0
0.0
0.030413
0.15317699999999998
0.276212
0.384031
0.45033999999999996
0.4809
0.404886
0.47534899999999997
0.408576
0.291106
0.14637899999999998
0.007377
0.0
0.0
0.0
0.0
0.0
0.0
0.0
0.0
0.0
0.0
0.0
0.0
0.025152
0.148644
0.28212200000000004
0.314707
0.467914
0.34159500000000004
0.198619
0.08832599999999999
0.112712
0.148273
0.058817
0.001232
0.0
0.0
0.0
0.0
0.0
0.0
0.0
0.0
0.0
0.0
0.0
0.0
0.012437
0.11100700000000001
0.276245
0.320487
0.402957
0.418505
0.385695
0.326892
0.34299599999999997
0.164305
0.009191000000000001
0.0
0.0
0.0
0.0
0.0
0.0
0.0
0.0
0.0
0.0
0.0
0.0
0.0
0.016328
0.102786
0.19805099999999998
0.325886
0.425132
0.357378
0.40819
0.398389
0.395961
0.293477
0.132708
0.0068449999999999995
0.0
0.0
0.0
0.0
0.0
0.0
0.0
0.0
0.0
0.0
0.0
0.0
0.011534
0.08644299999999999
0.093138
0.131674
0.199716
0.313526
0.31861399999999995
0.334308
0.216262
0.129642
0.04908
0.0034460000000000003
0.0
0.0
0.0
0.0
0.0
0.0
0.0
0.0
0.0
0.0
0.0
0.0
0.009106999999999999
0.09404699999999999
0.172456
0.19440100000000002
0.13837200000000002
0.217355
0.378309
0.33736200000000005
0.273055
0.20152099999999998
0.139846
0.0013720000000000002
0.0
0.0
0.0
0.0
0.0
0.0
0.0
0.0
0.0
0.0
0.0
0.0
0.018777000000000002
0.11867100000000001
0.204533
0.227207
0.235132
0.49651799999999996
0.356178
0.376953
0.392856
0.184553
0.078369
0.007418999999999999
0.0
0.0
0.0
0.0
0.0
0.0
0.0
0.0
0.0
0.0
0.0
0.0
0.01736
0.16200299999999998
0.29541
0.315704
0.431776
0.45485000000000003
0.46769099999999997
0.440738
0.36715800000000004
0.261668
0.08777700000000001
0.0013189999999999999
0.0
0.0
0.0
0.0
0.0
0.0
0.0
0.0
0.0
0.0
0.0
0.0
0.017629000000000002
0.11211
0.235191
0.27743
0.339377
0.436342
0.462018
0.437654
0.361906
0.259774
0.084584
0.00127
0.0
0.0
0.0
0.0
0.0
0.0
0.0
0.0
0.0
0.0
0.0
0.0
0.015529
0.10602299999999999
0.216062
0.202627
0.370483
0.444804
0.46445299999999995
0.425044
0.359705
0.245727
0.080891
0.003472
0.0
0.0
0.0
0.0
0.0
0.0
0.0
0.0
0.0
0.0
0.0
0.0
0.014751
0.108638
0.23247700000000002
0.337582
0.406839
0.445875
0.440788
0.409591
0.33018200000000003
0.22708799999999998
0.071963
0.0
0.0
0.0
0.0
0.0
0.0
0.0
0.0
0.0
0.0
0.0
0.0
0.0
0.013045999999999999
0.100779
0.21707400000000002
0.32270800000000005
0.384027
0.421222
0.435316
0.376116
0.291671
0.199928
0.072655
0.0
0.0
0.0
0.0
0.0
0.0
0.0
0.0
0.0
0.0
0.0
0.0
0.0
0.028106000000000003
0.131198
0.211743
0.262241
0.395079
0.274515
0.228824
0.16227
0.132251
0.10941200000000001
0.073245
0.0
0.0
0.0
0.0
0.0
0.0
0.0
0.0
0.0
0.0
0.0
0.0
0.0
0.019818000000000002
0.10335899999999999
0.205831
0.209034
0.25788
0.375554
0.326214
0.24918
0.22174700000000003
0.098828
0.015967000000000002
0.0
0.0
0.0
0.0
0.0
0.0
0.0
0.0
0.0
0.0
0.0
0.0
0.0
0.026678
0.10498600000000001
0.148274
0.145554
0.140461
0.17877
0.189273
0.199423
0.177982
0.115065
0.043448
0.0
0.0
0.0
0.0
0.0
0.0
0.0
0.0
0.0
0.0
0.0
0.0
0.0
0.0022570000000000003
0.05436
0.120666
0.15337399999999998
0.07511799999999999
0.08960299999999999
0.092994
0.066595
0.06483
0.051122
0.005679999999999999
0.0
0.0
0.0
0.0
0.0
0.0
0.0
0.0
0.0
0.0
0.0
0.0
0.0
0.0
0.019626
0.09120600000000001
0.12290300000000001
0.077494
0.23311400000000002
0.17817
0.09556300000000001
0.083417
0.040395
0.013703
0.0
0.0
0.0
0.0
0.0
0.0
0.0
0.0
0.0
0.0
0.0
0.0
0.0
0.016870999999999997
0.072337
0.123435
0.151884
0.27823200000000003
0.28832
0.084355
0.237596
0.33881
0.23710599999999998
0.068116
0.0
0.0
0.0
0.0
0.0
0.0
0.0
0.0
0.0
0.0
0.0
0.0
0.0
0.025707999999999998
0.09068899999999999
0.210003
0.326372
0.37894900000000004
0.386141
0.39828800000000003
0.42122899999999996
0.302166
0.198299
0.062798
0.0
0.0
0.0
0.0
0.0
0.0
0.0
0.0
0.0
0.0
0.0
0.0
0.0
0.018257000000000002
0.104417
0.134188
0.198509
0.306758
0.34166
0.293242
0.31915699999999997
0.20726599999999998
0.11765300000000001
0.032753
0.0
0.0
0.0
0.0
0.0
0.0
0.0
0.0
0.0
0.0
0.0
0.0
0.0
0.000919
0.039692
0.10521
0.26874400000000004
0.312105
0.31514800000000004
0.340489
0.32482
0.28674400000000005
0.11805
0.035756
0.0
0.0
0.0
0.0
0.0
0.0
0.0
0.0
0.0
0.0
0.0
0.0
0.0
0.011391
0.10356
0.194251
0.288688
0.40865199999999996
0.429607
0.423559
0.368286
0.26760300000000004
0.152778
0.024755
0.0
0.0
0.0
0.0
0.0
0.0
0.0
0.0
0.0
0.0
0.0
0.0
0.0
0.020050000000000002
0.11226
0.22429300000000002
0.29325799999999996
0.305139
0.40949
0.359643
0.32955599999999996
0.268219
0.163565
0.048781
0.0
0.0
0.0
0.0
0.0
0.0
0.0
0.0
0.0
0.0
0.0
0.0
0.0
0.007378
0.061388
0.13717400000000002
0.18324100000000001
0.348629
0.401368
0.38317599999999996
0.330072
0.191532
0.07105
0.030067
0.0
0.0
0.0
0.0
0.0
0.0
0.0
0.0
0.0
0.0
0.0
0.0
0.0
0.008799
0.049409
0.16060400000000002
0.267853
0.35282600000000003
0.386411
0.369178
0.32785000000000003
0.264743
0.15350299999999997
0.031945
0.0
0.0
0.0
0.0
0.0
0.0
0.0
0.0
0.0
0.0
0.0
0.0
0.0
0.015747999999999998
0.060778
0.162136
0.276235
0.351006
0.370856
0.29024099999999997
0.203285
0.120899
0.101982
0.044177999999999995
0.0
0.0
0.0
0.0
0.0
0.0
0.0
0.0
0.0
0.0
0.0
0.0
0.0
0.015586000000000001
0.035066
0.149263
0.242405
0.297168
0.367365
0.36377499999999996
0.309924
0.261083
0.066491
0.020271
0.0
0.0
0.0
0.0
0.0
0.0
0.0
0.0
0.0
0.0
0.0
0.0
0.0
0.004625
0.045488
0.163639
0.248526
0.324405
0.36938099999999996
0.352265
0.290259
0.105181
0.049521
0.012289999999999999
0.0
0.0
0.0
0.0
0.0
0.0
0.0
0.0
0.0
0.0
0.0
0.0
0.0
0.0
0.016695
0.075163
0.129266
0.063741
0.086367
0.016391
0.13896799999999998
0.179524
0.159982
0.027457000000000002
0.0
0.0
0.0
0.0
0.0
0.0
0.0
0.0
0.0
0.0
0.0
0.0
0.0
0.0
0.07418300000000001
0.172264
0.261426
0.324127
0.367107
0.349012
0.26073399999999997
0.136016
0.09811199999999999
0.020661000000000002
0.0
0.0
0.0
0.0
0.0
0.0
0.0
0.0
0.0
0.0
0.0
0.0
0.0
0.0
0.011893
0.027722999999999998
0.089687
0.040965
0.122742
0.098498
0.09032
0.058578000000000005
0.082026
0.019850000000000003
0.0
0.0
0.0
0.0
0.0
0.0
0.0
0.0
0.0
0.0
0.0
0.0
0.0
0.0
0.027353000000000002
0.124317
0.09108100000000001
0.08566700000000001
0.14452199999999998
0.140352
0.109496
0.093239
0.051497999999999995
0.029873999999999998
0.0
0.0
0.0
0.0
0.0
0.0
0.0
0.0
0.0
0.0
0.0
0.0
0.0
0.0
0.036557
0.09371800000000001
0.230036
0.29422000000000004
0.195564
0.214572
0.145636
0.168117
0.07816500000000001
0.020168
0.0
0.0
0.0
0.0
0.0
0.0
0.0
0.0
0.0
0.0
0.0
0.0
0.0
0.0
0.050734
0.106969
0.221186
0.253925
0.21812299999999998
0.29135700000000003
0.22777699999999998
0.16420500000000002
0.067105
0.005982
0.0
0.0
0.0
0.0
0.0
0.0
0.0
0.0
0.0
0.0
0.0
0.0
0.0
0.0
0.061051
0.11054900000000001
0.126829
0.337066
0.303462
0.30500499999999997
0.197352
0.23666900000000002
0.11679600000000001
0.016641
0.0
0.0
0.0
0.0
0.0
0.0
0.0
0.0
0.0
0.0
0.0
0.0
0.0
0.0
0.024537
0.114273
0.215701
0.29174
0.32525
0.31951799999999997
0.275444
0.20978899999999998
0.10263599999999999
0.01165
0.0
0.0
0.0
0.0
0.0
0.0
0.0
0.0
0.0
0.0
0.0
0.0
0.0
0.0
0.072424
0.110572
0.155304
0.32401100000000005
0.320424
0.29738400000000004
0.242735
0.145437
0.073191
0.021644
0.0
0.0
0.0
0.0
0.0
0.0
0.0
0.0
0.0
0.0
0.0
0.0
0.0
0.0
0.063154
0.113393
0.188069
0.27981
0.32861900000000005
0.30232600000000004
0.25936000000000003
0.185869
0.089672
0.011276
0.0
0.0
0.0
0.0
0.0
0.0
0.0
0.0
0.0
0.0
0.0
0.0
0.0
0.0
0.052381
0.128822
0.24831
0.212076
0.302132
0.287142
0.247314
0.17059100000000002
0.105324
0.012859
0.0
0.0
0.0
0.0
0.0
0.0
0.0
0.0
0.0
0.0
0.0
0.0
0.0
0.0
0.054897
0.109778
0.196153
0.236999
0.300796
0.262815
0.21901900000000002
0.158144
0.065536
0.015071
0.0
0.0
0.0
0.0
0.0
0.0
0.0
0.0
0.0
0.0
0.0
0.0
0.0
0.0
0.04197
0.09764400000000001
0.139152
0.171296
0.24854300000000001
0.19044
0.19553
0.10975199999999999
0.084011
0.024573
0.0
0.0
0.0
0.0
0.0
0.0
0.0
0.0
0.0
0.0
0.0
0.0
0.0
0.0
0.059979
0.12170099999999999
0.184627
0.221809
0.20296199999999998
0.29342399999999996
0.208987
0.170714
0.060528
0.005612
0.0
0.0
0.0
0.0
0.0
0.0
0.0
0.0
0.0
0.0
0.0
0.0
0.0
0.0
0.059591
0.13020199999999998
0.207784
0.29194200000000003
0.353799
0.304156
0.244558
0.176511
0.072396
0.011469
0.0
0.0
0.0
0.0
0.0
0.0
0.0
0.0
0.0
0.0
0.0
0.0
0.0
0.0
0.041936
0.09716200000000001
0.197245
0.262229
0.304754
0.286334
0.217171
0.148117
0.053124000000000005
0.011262000000000001
0.0
0.0
0.0
0.0
0.0
0.0
0.0
0.0
0.0
0.0
0.0
0.0
0.0
0.0
0.055242
0.14396
0.179937
0.249495
0.25480600000000003
0.234244
0.172542
0.15568600000000002
0.044674
0.005477
0.0
0.0
0.0
0.0
0.0
0.0
0.0
0.0
0.0
0.0
0.0
0.0
0.0
0.0
0.025727
0.07823999999999999
0.077183
0.105159
0.10413299999999999
0.121879
0.071208
0.053847
0.060476
0.0076100000000000004
0.0
0.0
0.0
0.0
0.0
0.0
0.0
0.0
0.0
0.0
0.0
0.0
0.0
0.0
0.046556
0.113158
0.185368
0.18865
0.122488
0.157041
0.207377
0.086132
0.028776
0.001262
0.0
0.0
0.0
0.0
0.0
0.0
0.0
0.0
0.0
0.0
0.0
0.0
0.0
0.0
0.050908
0.128638
0.174206
0.264125
0.25136400000000003
0.23784899999999998
0.22895500000000002
0.160015
0.050034999999999996
0.007636
0.0
0.0
0.0
0.0
0.0
0.0
0.0
0.0
0.0
0.0
0.0
0.0
0.0
0.0
0.012984
0.063767
0.15382900000000002
0.226917
0.263613
0.262953
0.22543000000000002
0.14151499999999997
0.051856
0.003312
0.0
0.0
0.0
0.0
0.0
0.0
0.0
0.0
0.0
0.0
0.0
0.0
0.0
0.0
0.040006
0.15489
0.19034600000000002
0.233328
0.271159
0.182001
0.08927500000000001
0.075532
0.067843
0.003286
0.0
0.0
0.0
0.0
0.0
0.0
0.0
0.0
0.0
0.0
0.0
0.0
0.0
0.0
0.015368
0.061792
0.08169499999999999
0.14090899999999998
0.173485
0.160476
0.1564
0.12925
0.05191
0.007091999999999999
0.0
0.0
0.0
0.0
0.0
0.0
0.0
0.0
0.0
0.0
0.0
0.0
0.0
0.0
0.026784
0.107167
0.138741
0.204253
0.114025
0.134387
0.147634
0.163887
0.039668999999999996
0.003437
0.0
0.0
0.0
0.0
0.0
0.0
0.0
0.0
0.0
0.0
0.0
0.0
0.0
0.0
0.050511
0.06727
0.18811000000000003
0.206285
0.21931299999999998
0.230867
0.15511699999999998
0.114525
0.06494899999999999
0.003442
0.0
0.0
0.0
0.0
0.0
0.0
0.0
0.0
0.0
0.0
0.0
0.0
0.0
0.0
0.027946000000000002
0.109006
0.19681
0.195443
0.161232
0.13778
0.155215
0.09898399999999999
0.041506999999999995
0.005503
0.0
0.0
0.0
0.0
0.0
0.0
0.0
0.0
0.0
0.0
0.0
0.0
0.0
0.0
0.031983
0.059808999999999994
0.139613
0.20872900000000003
0.243786
0.254027
0.187122
0.105887
0.040639
0.007547
0.0
0.0
0.0
0.0
0.0
0.0
0.0
0.0
0.0
0.0
0.0
0.0
0.0
0.0
0.025882000000000002
0.062371
0.145448
0.146186
0.131265
0.148927
0.061619
0.025292000000000002
0.011609999999999999
0.0
0.0
0.0
0.0
0.0
0.0
0.0
0.0
0.0
0.0
0.0
0.0
0.0
0.0
0.0
0.030838
0.065314
0.11677
0.144567
0.1525
0.047659
0.117622
0.07659
0.007821
0.0
0.0
0.0
0.0
0.0
0.0
0.0
0.0
0.0
0.0
0.0
0.0
0.0
0.0
0.0
0.022861
0.081304
0.13763
0.08716800000000001
0.214675
0.139466
0.192964
0.08637399999999999
0.057561
0.0
0.0
0.0
0.0
0.0
0.0
0.0
0.0
0.0
0.0
0.0
0.0
0.0
0.0
0.0
0.034957
0.09578400000000001
0.168613
0.21825999999999998
0.174237
0.138413
0.160266
0.095626
0.038672
0.001216
0.0
0.0
0.0
0.0
0.0
0.0
0.0
0.0
0.0
0.0
0.0
0.0
0.0
0.0
0.018979
0.049391
0.118907
0.22475
0.145925
0.122291
0.14841100000000002
0.11008
0.033049999999999996
0.001292
0.0
0.0
0.0
0.0
0.0
0.0
0.0
0.0
0.0
0.0
0.0
0.0
0.0
0.0
0.03897
0.091376
0.169097
0.214448
0.23576499999999997
0.171536
0.11553400000000001
0.088664
0.044017
0.0013160000000000001
0.0
0.0
0.0
0.0
0.0
0.0
0.0
0.0
0.0
0.0
0.0
0.0
0.0
0.0
0.00813
0.034017000000000006
0.104034
0.172096
0.209172
0.207368
0.169037
0.10117
0.024999
0.001211
0.0
0.0
0.0
0.0
0.0
0.0
0.0
0.0
0.0
0.0
0.0
0.0
0.0
0.0
0.029593
0.08428400000000001
0.15912
0.19377
0.19725800000000002
0.125584
0.106321
0.103048
0.038894
0.0
0.0
0.0
0.0
0.0
0.0
0.0
0.0
0.0
0.0
0.0
0.0
0.0
0.0
0.0
0.022876999999999998
0.035781
0.114782
0.169489
0.202047
0.19679400000000002
0.171124
0.084631
0.046937
0.0
0.0
0.0
0.0
0.0
0.0
0.0
0.0
0.0
0.0
0.0
0.0
0.0
0.0
0.0
0.027811
0.099326
0.13863399999999998
0.239906
0.191869
0.09936
0.07212
0.043357
0.039414000000000005
0.0
0.0
0.0
0.0
0.0
0.0
0.0
0.0
0.0
0.0
0.0
0.0
0.0
0.0
0.0
0.021567
0.083302
0.159233
0.16240700000000002
0.213283
0.193159
0.122384
0.08187900000000001
0.041173
0.001286
0.0
0.0
0.0
0.0
0.0
0.0
0.0
0.0
0.0
0.0
0.0
0.0
0.0
0.0
0.016108
0.08384399999999999
0.113418
0.158107
0.20283600000000002
0.168303
0.099642
0.052399
0.027774
0.0
0.0
0.0
0.0
0.0
0.0
0.0
0.0
0.0
0.0
0.0
0.0
0.0
0.0
0.0
0.018606
0.030696
0.09854
0.147572
0.137321
0.209034
0.146096
0.112234
0.023344
0.001307
0.0
0.0
0.0
0.0
0.0
0.0
0.0
0.0
0.0
0.0
0.0
0.0
0.0
0.0
0.024247
0.042116
0.131602
0.225047
0.23019
0.178174
0.189244
0.114611
0.044783
0.0
0.0
0.0
0.0
0.0
0.0
0.0
0.0
0.0
0.0
0.0
0.0
0.0
0.0
0.0
0.031649000000000004
0.067449
0.056069
0.0799
0.153002
0.117382
0.065084
0.047056
0.008621
0.0
0.0
0.0
0.0
0.0
0.0
0.0
0.0
0.0
0.0
0.0
0.0
0.0
0.0
0.0
0.00738
0.065051
0.13243100000000002
0.183626
0.218054
0.21138300000000002
0.183116
0.087256
0.036683
0.003159
0.0
0.0
0.0
0.0
0.0
0.0
0.0
0.0
0.0
0.0
0.0
0.0
0.0
0.0
0.013985
0.071725
0.122614
0.156237
0.194056
0.199338
0.14915899999999999
0.071677
0.007716
0.0
0.0
0.0
0.0
0.0
0.0
0.0
0.0
0.0
0.0
0.0
0.0
0.0
0.0
0.0
0.021951000000000002
0.056759
0.08473699999999999
0.141785
0.190682
0.195989
0.137769
0.077057
0.021023
0.0
0.0
0.0
0.0
0.0
0.0
0.0
0.0
0.0
0.0
0.0
0.0
0.0
0.0
0.0
0.010571
0.038363999999999995
0.094501
0.16241399999999998
0.206233
0.153742
0.127879
0.081864
0.025089
0.001113
0.0
0.0
0.0
0.0
0.0
0.0
0.0
0.0
0.0
0.0
0.0
0.0
0.0
0.0
0.005829
0.022907
0.074965
0.143926
0.169261
0.16626
0.15171199999999999
0.092729
0.026631000000000002
0.0
0.0
0.0
0.0
0.0
0.0
0.0
0.0
0.0
0.0
0.0
0.0
0.0
0.0
0.0
0.013980000000000001
0.031252
0.077674
0.13769399999999998
0.147772
0.19592199999999999
0.132509
0.082564
0.017933
0.0
0.0
0.0
0.0
0.0
0.0
0.0
0.0
0.0
0.0
0.0
0.0
0.0
0.0
0.0
0.015344
0.081853
0.09183100000000001
0.134249
0.176674
0.15814799999999998
0.148929
0.08239199999999999
0.038904
0.0
0.0
0.0
0.0
0.0
0.0
0.0
0.0
0.0
0.0
0.0
0.0
0.0
0.0
0.0
0.012335
0.048310000000000006
0.076349
0.15336000000000002
0.137553
0.163599
0.133333
0.075615
0.027131
0.0
0.0
0.0
0.0
0.0
0.0
0.0
0.0
0.0
0.0
0.0
0.0
0.0
0.0
0.0
0.01316
0.038976
0.12612
0.197119
0.15892699999999998
0.121264
0.13459100000000002
0.089738
0.034928
0.0
0.0
0.0
0.0
0.0
0.0
0.0
0.0
0.0
0.0
0.0
0.0
0.0
0.0
0.0
0.018713999999999998
0.033895
0.072755
0.124509
0.194967
0.124788
0.07626300000000001
0.076167
0.013679
0.0
0.0
0.0
0.0
0.0
0.0
0.0
0.0
0.0
0.0
0.0
0.0
0.0
0.0
0.0
0.015707000000000002
0.058608
0.07749299999999999
0.125298
0.154137
0.154263
0.121027
0.074438
0.037556
0.0
0.0
0.0
0.0
0.0
0.0
0.0
0.0
0.0
0.0
0.0
0.0
0.0
0.0
0.0
0.009555999999999999
0.024832
0.061037999999999995
0.117065
0.148367
0.150699
0.11789
0.056891
0.040624
0.0
0.0
0.0
0.0
0.0
0.0
0.0
0.0
0.0
0.0
0.0
0.0
0.0
0.0
0.0
0.004416000000000001
0.056212000000000005
0.069782
0.124958
0.167025
0.15431
0.154909
0.084637
0.036946
0.0
0.0
0.0
0.0
0.0
0.0
0.0
0.0
0.0
0.0
0.0
0.0
0.0
0.0
0.0
0.013532
0.055764
0.08751099999999999
0.13114099999999998
0.158018
0.140094
0.150043
0.069405
0.033139
0.0
0.0
0.0
0.0
0.0
0.0
0.0
0.0
0.0
0.0
0.0
0.0
0.0
0.0
0.0
0.008494
0.06103
0.085213
0.157908
0.15971000000000002
0.120093
0.09739700000000001
0.08297
0.028547999999999997
0.0
0.0
0.0
0.0
0.0
0.0
0.0
0.0
0.0
0.0
0.0
0.0
0.0
0.0
0.0
0.011732
0.065634
0.110966
0.174989
0.19168000000000002
0.154849
0.11915
0.067149
0.045001
0.0
0.0
0.0
0.0
0.0
0.0
0.0
0.0
0.0
0.0
0.0
0.0
0.0
0.0
0.0
0.013141
0.030599
0.10313800000000001
0.142149
0.17893
0.13569399999999998
0.092054
0.058321
0.016295
0.0
0.0
0.0
0.0
0.0
0.0
0.0
0.0
0.0
0.0
0.0
0.0
0.0
0.0
0.0
0.014452999999999999
0.080376
0.061348999999999994
0.116803
0.143183
0.143482
0.113579
0.068438
0.031303
0.0
0.0
0.0
0.0
0.0
0.0
0.0
0.0
0.0
0.0
0.0
0.0
0.0
0.0
0.0
0.034364
0.039168
0.075845
0.142446
0.155547
0.119073
0.076002
0.064042
0.019724
0.0
0.0
0.0
0.0
0.0
0.0
0.0
0.0
0.0
0.0
0.0
0.0
0.0
0.0
0.0
0.019806999999999998
0.039106999999999996
0.11572
0.109041
0.10360599999999999
0.089859
0.08187699999999999
0.026298
0.0
0.0
0.0
0.0
0.0
0.0
0.0
0.0
0.0
0.0
0.0
0.0
0.0
0.0
0.0
0.0
0.006245
0.061116
0.11919199999999999
0.161526
0.130523
0.16350800000000001
0.105536
0.064735
0.03427
0.0
0.0
0.0
0.0
0.0
0.0
0.0
0.0
0.0
0.0
0.0
0.0
0.0
0.0
0.0
0.013326000000000001
0.057026
0.096747
0.150891
0.195866
0.16511699999999999
0.11618099999999999
0.07015
0.020332999999999997
0.0
0.0
0.0
0.0
0.0
0.0
0.0
0.0
0.0
0.0
0.0
0.0
0.0
0.0
0.0
0.014714
0.067038
0.12128900000000001
0.150175
0.170678
0.154004
0.10540300000000001
0.088256
0.038884
0.0
0.0
0.0
0.0
0.0
0.0
0.0
0.0
0.0
0.0
0.0
0.0
0.0
0.0
0.0
0.01979
0.032234
0.087577
0.12440999999999999
0.151401
0.140152
0.113206
0.063678
0.040354999999999995
0.0
0.0
0.0
0.0
0.0
0.0
0.0
0.0
0.0
0.0
0.0
0.0
0.0
0.0
0.0
0.011598
0.07232999999999999
0.120879
0.109356
0.13842400000000002
0.14556200000000002
0.117425
0.067385
0.023395
0.0
0.0
0.0
0.0
0.0
0.0
0.0
0.0
0.0
0.0
0.0
0.0
0.0
0.0
0.0
0.022974
0.021042
0.058776
0.108166
0.139746
0.14086600000000002
0.109629
0.063404
0.039737
0.0
0.0
0.0
0.0
0.0
0.0
0.0
0.0
0.0
0.0
0.0
0.0
0.0
0.0
0.0
0.01627
0.047320999999999995
0.075874
0.150568
0.171424
0.171932
0.11103700000000001
0.066276
0.037973
0.0
0.0
0.0
0.0
0.0
0.0
0.0
0.0
0.0
0.0
0.0
0.0
0.0
0.0
0.0
0.018346
0.046467
0.043689
0.073991
0.074105
0.097998
0.043249
0.018381
0.003593
0.0
0.0
0.0
0.0
0.0
0.0
0.0
0.0
0.0
0.0
0.0
0.0
0.0
0.0
0.0
0.012951
0.037552999999999996
0.074906
0.128668
0.148418
0.097682
0.112098
0.031061
0.016482
0.0
0.0
0.0
0.0
0.0
0.0
0.0
0.0
0.0
0.0
0.0
0.0
0.0
0.0
0.0
0.016224
0.06499200000000001
0.108872
0.133523
0.166803
0.157558
0.111736
0.084991
0.02477
0.0
0.0
0.0
0.0
0.0
0.0
0.0
0.0
0.0
0.0
0.0
0.0
0.0
0.0
0.0
0.018501999999999998
0.068208
0.101027
0.127968
0.154555
0.170412
0.125521
0.092783
0.033178
0.0
0.0
0.0
0.0
0.0
0.0
0.0
0.0
0.0
0.0
0.0
0.0
0.0
0.0
0.0
0.023988
0.043354
0.062639
0.105974
0.13812
0.140338
0.115213
0.098684
0.045204999999999995
0.0
0.0
0.0
0.0
0.0
0.0
0.0
0.0
0.0
0.0
0.0
0.0
0.0
0.0
0.0
0.004901
0.027102
0.091769
0.13986500000000002
0.158405
0.177565
0.14465199999999998
0.09406300000000001
0.036744
0.0
0.0
0.0
0.0
0.0
0.0
0.0
0.0
0.0
0.0
0.0
0.0
0.0
0.0
0.0
0.019604
0.025386
0.060119
0.106549
0.14127099999999998
0.141983
0.115334
0.065025
0.037183999999999995
0.0
0.0
0.0
0.0
0.0
0.0
0.0
0.0
0.0
0.0
0.0
0.0
0.0
0.0
0.0
0.023891
0.027253
0.053517
0.105131
0.14012200000000002
0.142094
0.11402200000000001
0.063452
0.038318
0.0
0.0
0.0
0.0
0.0
0.0
0.0
0.0
0.0
0.0
0.0
0.0
0.0
0.0
0.0
0.02568
0.043606
0.053425
0.110125
0.13958
0.139556
0.112736
0.07617499999999999
0.027689
0.0
0.0
0.0
0.0
0.0
0.0
0.0
0.0
0.0
0.0
0.0
0.0
0.0
0.0
0.0
0.023428
0.039805999999999994
0.057097
0.108553
0.143123
0.145923
0.11784900000000001
0.067058
0.036641
0.0
0.0
0.0
0.0
0.0
0.0
0.0
0.0
0.0
0.0
0.0
0.0
0.0
0.0
0.0
0.02552
0.044951
0.09716200000000001
0.122458
0.160677
0.110462
0.110289
0.103145
0.045573
0.0
0.0
0.0
0.0
0.0
0.0
0.0
0.0
0.0
0.0
0.0
0.0
0.0
0.0
0.0
0.016995
0.07054200000000001
0.11445699999999999
0.164603
0.138049
0.146886
0.11576900000000001
0.076164
0.022639
0.0
0.0
0.0
0.0
0.0
0.0
0.0
0.0
0.0
0.0
0.0
0.0
0.0
0.0
0.0
0.01312
0.068625
0.109579
0.140025
0.145228
0.163343
0.131106
0.06695000000000001
0.034524
0.0
0.0
0.0
0.0
0.0
0.0
0.0
0.0
0.0
0.0
0.0
0.0
0.0
0.0
0.0
0.018600000000000002
0.048494999999999996
0.12101
0.152251
0.160572
0.149081
0.14510699999999999
0.060946
0.034884
0.0010500000000000002
0.0
0.0
0.0
0.0
0.0
0.0
0.0
0.0
0.0
0.0
0.0
0.0
0.0
0.0
0.017339
0.07219400000000001
0.133206
0.155498
0.18369
0.179204
0.159655
0.10503799999999999
0.026579000000000002
0.0
0.0
0.0
0.0
0.0
0.0
0.0
0.0
0.0
0.0
0.0
0.0
0.0
0.0
0.0
0.01311
0.048915999999999994
0.106211
0.147582
0.151893
0.154172
0.100283
0.081913
0.024622
0.0
0.0
0.0
0.0
0.0
0.0
0.0
0.0
0.0
0.0
0.0
0.0
0.0
0.0
0.0
0.0046879999999999995
0.039971
0.041587000000000006
0.165023
0.189028
0.160023
0.095589
0.08522400000000001
0.013633
0.0
0.0
0.0
0.0
0.0
0.0
0.0
0.0
0.0
0.0
0.0
0.0
0.0
0.0
0.0
0.006282
0.026336
0.097845
0.162441
0.155058
0.150725
0.124764
0.069775
0.02101
0.0012430000000000002
0.0
0.0
0.0
0.0
0.0
0.0
0.0
0.0
0.0
0.0
0.0
0.0
0.0
0.0
0.013181
0.062082
0.118799
0.159761
0.214868
0.174446
0.151634
0.09316100000000001
0.033817
0.001932
0.0
0.0
0.0
0.0
0.0
0.0
0.0
0.0
0.0
0.0
0.0
0.0
0.0
0.0
0.0062889999999999995
0.051792000000000005
0.09938899999999999
0.147604
0.14505099999999999
0.151501
0.10670199999999999
0.088548
0.036718
0.001246
0.0
0.0
0.0
0.0
0.0
0.0
0.0
0.0
0.0
0.0
0.0
0.0
0.0
0.0
0.024224
0.066511
0.11861400000000001
0.16128299999999998
0.158081
0.204587
0.126267
0.075462
0.032944
0.0
0.0
0.0
0.0
0.0
0.0
0.0
0.0
0.0
0.0
0.0
0.0
0.0
0.0
0.0
0.017321000000000003
0.016741
0.050308
0.110944
0.151213
0.154684
0.11587900000000001
0.071889
0.040922
0.0
0.0
0.0
0.0
0.0
0.0
0.0
0.0
0.0
0.0
0.0
0.0
0.0
0.0
0.0
0.02876
0.04922
0.065263
0.150818
0.205896
0.142157
0.021424
0.060618000000000005
0.031132999999999997
0.001348
0.0
0.0
0.0
0.0
0.0
0.0
0.0
0.0
0.0
0.0
0.0
0.0
0.0
0.0
0.00392
0.013443
0.055869
0.11323699999999999
0.164208
0.17639
0.130849
0.098267
0.029222
0.0
0.0
0.0
0.0
0.0
0.0
0.0
0.0
0.0
0.0
0.0
0.0
0.0
0.0
0.0
0.0
0.015358
0.083523
0.132782
0.152201
0.195423
0.121062
0.097939
0.031536999999999996
0.002852
0.0
0.0
0.0
0.0
0.0
0.0
0.0
0.0
0.0
0.0
0.0
0.0
0.0
0.0
0.016498000000000002
0.053174
0.102867
0.135359
0.20506200000000002
0.182697
0.14271899999999998
0.11529500000000001
0.039642000000000004
0.001338
0.0
0.0
0.0
0.0
0.0
0.0
0.0
0.0
0.0
0.0
0.0
0.0
0.0
0.0
0.004017000000000001
0.01176
0.059789
0.120162
0.159335
0.176361
0.1167
0.07798000000000001
0.038884999999999996
0.0
0.0
0.0
0.0
0.0
0.0
0.0
0.0
0.0
0.0
0.0
0.0
0.0
0.0
0.0
0.004876
0.047271
0.14581899999999998
0.183779
0.199086
0.19153299999999998
0.179126
0.091192
0.020132999999999998
0.00123
0.0
0.0
0.0
0.0
0.0
0.0
0.0
0.0
0.0
0.0
0.0
0.0
0.0
0.0
0.008128
0.081343
0.131682
0.112126
0.217619
0.196219
0.094296
0.092068
0.033651
0.005883
0.0
0.0
0.0
0.0
0.0
0.0
0.0
0.0
0.0
0.0
0.0
0.0
0.0
0.0
0.004341
0.021318999999999998
0.065881
0.13159800000000002
0.172286
0.18715600000000002
0.134383
0.089515
0.037866
0.00136
0.0
0.0
0.0
0.0
0.0
0.0
0.0
0.0
0.0
0.0
0.0
0.0
0.0
0.0
0.004176999999999999
0.019466
0.06629
0.130683
0.172343
0.176756
0.13962200000000002
0.078758
0.026284
0.001312
0.0
0.0
0.0
0.0
0.0
0.0
0.0
0.0
0.0
0.0
0.0
0.0
0.0
0.0
0.012043
0.042837
0.088421
0.175549
0.198256
0.192798
0.168351
0.096208
0.027236
0.003505
0.0
0.0
0.0
0.0
0.0
0.0
0.0
0.0
0.0
0.0
0.0
0.0
0.0
0.0
0.004848
0.021872
0.076065
0.14517
0.21613200000000002
0.203036
0.171284
0.106249
0.035823999999999995
0.002032
0.0
0.0
0.0
0.0
0.0
0.0
0.0
0.0
0.0
0.0
0.0
0.0
0.0
0.0
0.015967000000000002
0.048097
0.075049
0.156122
0.208203
0.190798
0.15067599999999998
0.10193200000000001
0.027722999999999998
0.0019199999999999998
0.0
0.0
0.0
0.0
0.0
0.0
0.0
0.0
0.0
0.0
0.0
0.0
0.0
0.0
0.003601
0.060471
0.101797
0.19603299999999999
0.149459
0.057180999999999996
0.077955
0.049271
0.010008
0.0
0.0
0.0
0.0
0.0
0.0
0.0
0.0
0.0
0.0
0.0
0.0
0.0
0.0
0.0
0.023235
0.083741
0.1462
0.214316
0.243143
0.18547
0.146142
0.11351399999999999
0.056182
0.005781
0.0
0.0
0.0
0.0
0.0
0.0
0.0
0.0
0.0
0.0
0.0
0.0
0.0
0.0
0.006181
0.024669
0.131409
0.166324
0.215894
0.20657
0.144434
0.104991
0.032678
0.004073
0.0
0.0
0.0
0.0
0.0
0.0
0.0
0.0
0.0
0.0
0.0
0.0
0.0
0.0
0.014497
0.039634
0.147232
0.204026
0.23887
0.156386
0.11540099999999999
0.093596
0.012276
0.0
0.0
0.0
0.0
0.0
0.0
0.0
0.0
0.0
0.0
0.0
0.0
0.0
0.0
0.0
0.010666
0.034469
0.100903
0.168012
0.23144900000000002
0.207577
0.174162
0.117003
0.038105
0.001349
0.0
0.0
0.0
0.0
0.0
0.0
0.0
0.0
0.0
0.0
0.0
0.0
0.0
0.0
0.023324
0.076251
0.147981
0.192155
0.231854
0.189476
0.14111400000000002
0.11519
0.061589
0.006397
0.0
0.0
0.0
0.0
0.0
0.0
0.0
0.0
0.0
0.0
0.0
0.0
0.0
0.0
0.018106999999999998
0.087791
0.136761
0.189417
0.223083
0.191319
0.191321
0.123727
0.051
0.008135
0.0
0.0
0.0
0.0
0.0
0.0
0.0
0.0
0.0
0.0
0.0
0.0
0.0
0.0
0.021312
0.088545
0.14688900000000002
0.191888
0.19368100000000002
0.21739699999999998
0.164909
0.128411
0.058108
0.0034860000000000004
0.0
0.0
0.0
0.0
0.0
0.0
0.0
0.0
0.0
0.0
0.0
0.0
0.0
0.0
0.011327
0.03453199999999999
0.110059
0.18078
0.225381
0.23685900000000001
0.201736
0.132507
0.040068
0.0056879999999999995
0.0
0.0
0.0
0.0
0.0
0.0
0.0
0.0
0.0
0.0
0.0
0.0
0.0
0.0
0.008442
0.057559
0.074282
0.15320699999999998
0.218248
0.23537200000000003
0.127039
0.030872
0.066406
0.011868
0.0
0.0
0.0
0.0
0.0
0.0
0.0
0.0
0.0
0.0
0.0
0.0
0.0
0.0
0.020393
0.057162
0.131826
0.19438
0.223994
0.24059899999999998
0.192851
0.13178
0.049063
0.007731
0.0
0.0
0.0
0.0
0.0
0.0
0.0
0.0
0.0
0.0
0.0
0.0
0.0
0.0
0.022033999999999998
0.11502599999999999
0.126244
0.041741999999999994
0.100898
0.15565600000000002
0.120643
0.05559
0.038533
0.009618
0.0
0.0
0.0
0.0
0.0
0.0
0.0
0.0
0.0
0.0
0.0
0.0
0.0
0.0
0.034
0.078731
0.146763
0.219899
0.153179
0.210175
0.137187
0.091571
0.044581
0.007853
0.0
0.0
0.0
0.0
0.0
0.0
0.0
0.0
0.0
0.0
0.0
0.0
0.0
0.0
0.037670999999999996
0.08666
0.189024
0.247122
0.204934
0.19240700000000002
0.18591300000000002
0.128652
0.075594
0.011256
0.0
0.0
0.0
0.0
0.0
0.0
0.0
0.0
0.0
0.0
0.0
0.0
0.0
0.0
0.037594999999999996
0.10655500000000001
0.159359
0.234954
0.214271
0.268906
0.21646700000000002
0.14190899999999998
0.09335399999999999
0.016866
0.0
0.0
0.0
0.0
0.0
0.0
0.0
0.0
0.0
0.0
0.0
0.0
0.0
0.0
0.037854
0.114792
0.18318299999999998
0.23177899999999999
0.243371
0.187724
0.185336
0.169511
0.064321
0.009616
0.0
0.0
0.0
0.0
0.0
0.0
0.0
0.0
0.0
0.0
0.0
0.0
0.0
0.0
0.037708
0.101925
0.09315000000000001
0.20435599999999998
0.221066
0.259185
0.19139599999999998
0.124014
0.056803
0.011632
0.0
0.0
0.0
0.0
0.0
0.0
0.0
0.0
0.0
0.0
0.0
0.0
0.0
0.0
0.041031
0.099751
0.189874
0.242438
0.202066
0.181283
0.16112
0.148388
0.05888
0.019096
0.0
0.0
0.0
0.0
0.0
0.0
0.0
0.0
0.0
0.0
0.0
0.0
0.0
0.0
0.046034
0.084106
0.14933000000000002
0.230711
0.299392
0.246908
0.186502
0.122071
0.054563
0.01175
0.0
0.0
0.0
0.0
0.0
0.0
0.0
0.0
0.0
0.0
0.0
0.0
0.0
0.0
0.017109000000000003
0.063057
0.153678
0.23316399999999998
0.275733
0.277551
0.240357
0.172975
0.083528
0.00795
0.0
0.0
0.0
0.0
0.0
0.0
0.0
0.0
0.0
0.0
0.0
0.0
0.0
0.0
0.02581
0.071229
0.16597499999999998
0.23333299999999998
0.276125
0.28475900000000004
0.22365700000000002
0.12271
0.060569000000000005
0.011513
0.0
0.0
0.0
0.0
0.0
0.0
0.0
0.0
0.0
0.0
0.0
0.0
0.0
0.0
0.048339
0.11145999999999999
0.17972300000000002
0.19072
0.266214
0.289459
0.23922900000000002
0.14991200000000002
0.064751
0.013759
0.0
0.0
0.0
0.0
0.0
0.0
0.0
0.0
0.0
0.0
0.0
0.0
0.0
0.0
0.01638
0.07040600000000001
0.166964
0.230868
0.287457
0.28289
0.245025
0.185047
0.087227
0.008024
0.0
0.0
0.0
0.0
0.0
0.0
0.0
0.0
0.0
0.0
0.0
0.0
0.0
0.0
0.011244
0.044035
0.095841
0.116521
0.22941999999999999
0.27429000000000003
0.19476
0.032555999999999995
0.07334399999999999
0.016187999999999998
0.0
0.0
0.0
0.0
0.0
0.0
0.0
0.0
0.0
0.0
0.0
0.0
0.0
0.0
0.0013839999999999998
0.040350000000000004
0.036388
0.20558600000000002
0.25842200000000004
0.24562799999999999
0.141654
0.105257
0.042112000000000004
0.005988
0.0
0.0
0.0
0.0
0.0
0.0
0.0
0.0
0.0
0.0
0.0
0.0
0.0
0.0
0.04248
0.092254
0.217453
0.273769
0.289234
0.28380700000000003
0.261494
0.19394399999999998
0.086893
0.018397
0.0
0.0
0.0
0.0
0.0
0.0
0.0
0.0
0.0
0.0
0.0
0.0
0.0
0.0
0.029984
0.095116
0.20679
0.26740600000000003
0.27948700000000004
0.343884
0.284774
0.1125
0.11192400000000001
0.012195000000000001
0.0
0.0
0.0
0.0
0.0
0.0
0.0
0.0
0.0
0.0
0.0
0.0
0.0
0.0
0.044478000000000004
0.116292
0.206893
0.253746
0.233993
0.285275
0.246282
0.17984
0.10138
0.024468
0.0
0.0
0.0
0.0
0.0
0.0
0.0
0.0
0.0
0.0
0.0
0.0
0.0
0.0
0.03326
0.102032
0.218394
0.297891
0.319541
0.230942
0.245985
0.164825
0.103708
0.019022999999999998
0.0
0.0
0.0
0.0
0.0
0.0
0.0
0.0
0.0
0.0
0.0
0.0
0.0
0.0
0.028929
0.100757
0.202956
0.30184500000000003
0.293047
0.294505
0.198859
0.167976
0.104075
0.008257
0.0
0.0
0.0
0.0
0.0
0.0
0.0
0.0
0.0
0.0
0.0
0.0
0.0
0.0
0.051643
0.13625
0.236203
0.322768
0.317142
0.322214
0.286293
0.153454
0.079524
0.022761
0.0
0.0
0.0
0.0
0.0
0.0
0.0
0.0
0.0
0.0
0.0
0.0
0.0
0.0
0.071956
0.166163
0.226615
0.232765
0.250332
0.311322
0.253708
0.109667
0.10897799999999999
0.022535
0.0
0.0
0.0
0.0
0.0
0.0
0.0
0.0
0.0
0.0
0.0
0.0
0.0
0.0
0.041506
0.12190300000000001
0.232236
0.30140100000000003
0.240964
0.265183
0.258985
0.20776499999999998
0.08386
0.015259
0.0
0.0
0.0
0.0
0.0
0.0
0.0
0.0
0.0
0.0
0.0
0.0
0.0
0.0
0.08320699999999999
0.154022
0.26078500000000004
0.186363
0.211635
0.304741
0.234196
0.14188900000000002
0.087924
0.023552
0.0
0.0
0.0
0.0
0.0
0.0
0.0
0.0
0.0
0.0
0.0
0.0
0.0
0.0
0.060492
0.14597
0.24951099999999998
0.349827
0.290173
0.332652
0.234137
0.13611
0.060759999999999995
0.010353
0.0
0.0
0.0
0.0
0.0
0.0
0.0
0.0
0.0
0.0
0.0
0.0
0.0
0.0
0.07342900000000001
0.134192
0.197123
0.24986000000000003
0.23091
0.23591499999999999
0.158803
0.106193
0.070845
0.022278
0.0
0.0
0.0
0.0
0.0
0.0
0.0
0.0
0.0
0.0
0.0
0.0
0.0
0.0
0.062455
0.12620900000000002
0.237089
0.257269
0.244474
0.30567300000000003
0.226697
0.138808
0.057464
0.014765
0.0
0.0
0.0
0.0
0.0
0.0
0.0
0.0
0.0
0.0
0.0
0.0
0.0
0.0062380000000000005
0.054863
0.161853
0.234096
0.347854
0.286877
0.17808500000000002
0.213834
0.136104
0.108324
0.026707
0.0
0.0
0.0
0.0
0.0
0.0
0.0
0.0
0.0
0.0
0.0
0.0
0.0
0.014629
0.083172
0.184101
0.254329
0.30419999999999997
0.36944
0.33867899999999995
0.297722
0.217297
0.124987
0.034462000000000007
0.0
0.0
0.0
0.0
0.0
0.0
0.0
0.0
0.0
0.0
0.0
0.0
0.0
0.014783
0.089809
0.17355600000000002
0.280758
0.33555900000000005
0.30300900000000003
0.197589
0.201294
0.107362
0.05701
0.020556
0.0
0.0
0.0
0.0
0.0
0.0
0.0
0.0
0.0
0.0
0.0
0.0
0.0
0.004881
0.097153
0.165709
0.259426
0.27524099999999996
0.245522
0.3078
0.20891200000000001
0.209813
0.098845
0.037431
0.0
0.0
0.0
0.0
0.0
0.0
0.0
0.0
0.0
0.0
0.0
0.0
0.0
0.017086999999999998
0.10737300000000001
0.198282
0.26931299999999997
0.310455
0.362891
0.316023
0.2635
0.244985
0.143063
0.030973
0.0
0.0
0.0
0.0
0.0
0.0
0.0
0.0
0.0
0.0
0.0
0.0
0.0
0.0
0.052067
0.196115
0.282173
0.285472
0.252974
0.22913999999999998
0.182584
0.163609
0.11806100000000001
0.028271
0.0
0.0
0.0
0.0
0.0
0.0
0.0
0.0
0.0
0.0
0.0
0.0
0.0
0.014851000000000001
0.065008
0.188179
0.336512
0.299525
0.325169
0.29254199999999997
0.252931
0.140073
0.078943
0.02057
0.0
0.0
0.0
0.0
0.0
0.0
0.0
0.0
0.0
0.0
0.0
0.0
0.0
0.013295999999999999
0.111027
0.202294
0.313272
0.27892500000000003
0.345858
0.34124
0.28654399999999997
0.183576
0.10901999999999999
0.028034
0.0
0.0
0.0
0.0
0.0
0.0
0.0
0.0
0.0
0.0
0.0
0.0
0.0
0.026242
0.08665300000000001
0.21762600000000001
0.257416
0.267002
0.202025
0.249276
0.255556
0.229023
0.149184
0.02655
0.0
0.0
0.0
0.0
0.0
0.0
0.0
0.0
0.0
0.0
0.0
0.0
0.0
0.009278
0.069336
0.128226
0.250183
0.291793
0.29164
0.267201
0.210884
0.130389
0.065058
0.009685000000000001
0.0
0.0
0.0
0.0
0.0
0.0
0.0
0.0
0.0
0.0
0.0
0.0
0.0
0.028954
0.104026
0.207582
0.322964
0.397508
0.414048
0.41430700000000004
0.38098899999999997
0.29204399999999997
0.17477299999999998
0.045831000000000004
0.0
0.0
0.0
0.0
0.0
0.0
0.0
0.0
0.0
0.0
0.0
0.0
0.0
0.029064
0.107459
0.21616
0.321808
0.39277100000000004
0.42268900000000004
0.415028
0.36634300000000003
0.284914
0.171837
0.031065000000000002
0.0
0.0
0.0
0.0
0.0
0.0
0.0
0.0
0.0
0.0
0.0
0.0
0.0
0.018568
0.142651
0.166426
0.23103200000000002
0.214891
0.146201
0.167375
0.045628999999999996
0.067717
0.058026
0.011744
0.0
0.0
0.0
0.0
0.0
0.0
0.0
0.0
0.0
0.0
0.0
0.0
0.0
0.015051
0.088033
0.14331
0.25678500000000004
0.38011
0.37667399999999995
0.369086
0.293002
0.235524
0.191601
0.042796999999999995
0.0
0.0
0.0
0.0
0.0
0.0
0.0
0.0
0.0
0.0
0.0
0.0
0.0
0.013863
0.123818
0.24469
0.20363399999999998
0.35726100000000005
0.35304599999999997
0.386175
0.337844
0.079543
0.132609
0.045409
0.0
0.0
0.0
0.0
0.0
0.0
0.0
0.0
0.0
0.0
0.0
0.0
0.0
0.021317
0.137896
0.22400399999999998
0.185899
0.253488
0.154169
0.268558
0.072244
0.118713
0.020149999999999998
0.045035
0.0
0.0
0.0
0.0
0.0
0.0
0.0
0.0
0.0
0.0
0.0
0.0
0.0
0.019368
0.14111
0.277353
0.327609
0.141404
0.423467
0.393642
0.140209
0.17871299999999998
0.097288
0.022892
0.0
0.0
0.0
0.0
0.0
0.0
0.0
0.0
0.0
0.0
0.0
0.0
0.0
0.019734
0.134306
0.22641399999999998
0.289782
0.376364
0.313187
0.340606
0.305643
0.27159500000000003
0.12140300000000001
0.02913
0.0
0.0
0.0
0.0
0.0
0.0
0.0
0.0
0.0
0.0
0.0
0.0
0.0
0.031435
0.156487
0.21248
0.353937
0.38921100000000003
0.319724
0.31595
0.15735400000000002
0.132466
0.109637
0.020339
0.0
0.0
0.0
0.0
0.0
0.0
0.0
0.0
0.0
0.0
0.0
0.0
0.0
0.032651000000000006
0.142262
0.273534
0.333657
0.407055
0.35486900000000005
0.375987
0.26195999999999997
0.16158
0.137292
0.048332
0.0
0.0
0.0
0.0
0.0
0.0
0.0
0.0
0.0
0.0
0.0
0.0
0.0
0.030337
0.133436
0.251822
0.353662
0.429525
0.431953
0.466862
0.395883
0.326675
0.210927
0.06001
0.0
0.0
0.0
0.0
0.0
0.0
0.0
0.0
0.0
0.0
0.0
0.0
0.0
0.046172
0.153275
0.193433
0.17032499999999998
0.085325
0.053826
0.155667
0.135857
0.046030999999999996
0.032318
0.0035830000000000002
0.0
0.0
0.0
0.0
0.0
0.0
0.0
0.0
0.0
0.0
0.0
0.0
0.0
0.051787
0.169682
0.204667
0.20857900000000001
0.173527
0.143483
0.248431
0.155227
0.253146
0.175403
0.026101
0.0
0.0
0.0
0.0
0.0
0.0
0.0
0.0
0.0
0.0
0.0
0.0
0.0
0.060715000000000005
0.165152
0.293606
0.223573
0.304988
0.251432
0.356665
0.252795
0.355996
0.230648
0.06415900000000001
0.0
0.0
0.0
0.0
0.0
0.0
0.0
0.0
0.0
0.0
0.0
0.0
0.0
0.050603999999999996
0.158219
0.26446800000000004
0.30145
0.35769999999999996
0.35168900000000003
0.317691
0.25819
0.09918300000000001
0.015965
0.048104
0.0
0.0
0.0
0.0
0.0
0.0
0.0
0.0
0.0
0.0
0.0
0.0
0.0
0.049661000000000004
0.175671
0.302045
0.35852100000000003
0.410632
0.469694
0.315104
0.032012
0.019837
0.084037
0.07102
0.0
0.0
0.0
0.0
0.0
0.0
0.0
0.0
0.0
0.0
0.0
0.0
0.0
0.038126
0.13714500000000002
0.290036
0.29131799999999997
0.28890699999999997
0.30532600000000004
0.37070800000000004
0.34313
0.22364900000000001
0.155954
0.076592
0.0
0.0
0.0
0.0
0.0
0.0
0.0
0.0
0.0
0.0
0.0
0.0
0.0
0.082816
0.096953
0.24734
0.256475
0.342937
0.376261
0.319629
0.361693
0.359543
0.250262
0.071912
0.0
0.0
0.0
0.0
0.0
0.0
0.0
0.0
0.0
0.0
0.0
0.0
0.0
0.071015
0.18532200000000001
0.334459
0.336845
0.27958
0.37150900000000003
0.36671
0.325069
0.318073
0.219667
0.057648000000000005
0.0
0.0
0.0
0.0
0.0
0.0
0.0
0.0
0.0
0.0
0.0
0.0
0.0
0.08154
0.204217
0.26464800000000005
0.349401
0.394822
0.465926
0.381594
0.328326
0.286637
0.23188999999999999
0.118081
0.0
0.0
0.0
0.0
0.0
0.0
0.0
0.0
0.0
0.0
0.0
0.0
0.0
0.074473
0.20333500000000002
0.32879899999999995
0.424952
0.482558
0.5065230000000001
0.482859
0.428821
0.35347199999999995
0.245983
0.086512
0.0
0.0
0.0
0.0
0.0
0.0
0.0
0.0
0.0
0.0
0.0
0.0
0.0
0.076795
0.198863
0.320983
0.419425
0.476728
0.493101
0.492012
0.445834
0.367707
0.248329
0.08238
0.0
0.0
0.0
0.0
0.0
0.0
0.0
0.0
0.0
0.0
0.0
0.0
0.0
0.07339
0.22185300000000002
0.34231900000000004
0.446853
0.464592
0.434389
0.453807
0.421726
0.20308400000000001
0.155842
0.050325
2e-06
0.0
0.0
0.0
0.0
0.0
0.0
0.0
0.0
0.0
0.0
0.0
0.0
0.032507
0.151041
0.347813
0.450682
0.490331
0.509507
0.38855
0.285735
0.212477
0.129458
0.079333
0.000484
0.0
0.0
0.0
0.0
0.0
0.0
0.0
0.0
0.0
0.0
0.0
0.0
0.089012
0.156526
0.288136
0.33598700000000004
0.367528
0.44883300000000004
0.323737
0.373636
0.27486900000000003
0.12662
0.049519
0.0005899999999999999
0.0
0.0
0.0
0.0
0.0
0.0
0.0
0.0
0.0
0.0
0.0
0.0
0.141276
0.176968
0.252176
0.308394
0.19311099999999998
0.24574700000000002
0.166932
0.14966900000000002
0.258998
0.16178499999999998
0.080179
0.001898
0.0
0.0
0.0
0.0
0.0
0.0
0.0
0.0
0.0
0.0
0.0
0.0
0.087321
0.235774
0.362668
0.477208
0.475673
0.460329
0.47787799999999997
0.317838
0.220179
0.249495
0.066092
0.0013460000000000002
0.0
0.0
0.0
0.0
0.0
0.0
0.0
0.0
0.0
0.0
0.0
0.0
0.11228400000000001
0.220713
0.263925
0.225774
0.134669
0.092197
0.041625
0.025532
0.022126999999999997
0.023703
0.018759
0.0
0.0
0.0
0.0
0.0
0.0
0.0
0.0
0.0
0.0
0.0
0.0
0.0
0.09956999999999999
0.24806899999999998
0.343786
0.46248500000000003
0.39736099999999996
0.375692
0.19524799999999998
0.13523
0.150191
0.188964
0.059126
0.001509
0.0
0.0
0.0
0.0
0.0
0.0
0.0
0.0
0.0
0.0
0.0
0.0
0.034421999999999994
0.174499
0.327778
0.424438
0.410479
0.410329
0.345519
0.369029
0.29868
0.117158
0.044943
0.001464
0.0
0.0
0.0
0.0
0.0
0.0
0.0
0.0
0.0
0.0
0.0
0.0
0.11906
0.112891
0.15425299999999997
0.27559100000000003
0.230829
0.392041
0.219884
0.269504
0.37352300000000005
0.24016300000000002
0.067607
0.0035299999999999997
0.0
0.0
0.0
0.0
0.0
0.0
0.0
0.0
0.0
0.0
0.0
0.0
0.038537999999999996
0.117301
0.22923500000000002
0.287539
0.423905
0.446173
0.45006999999999997
0.294265
0.29092599999999996
0.24214
0.094421
0.005628
0.0
0.0
0.0
0.0
0.0
0.0
0.0
0.0
0.0
0.0
0.0
0.0
0.117131
0.162683
0.14121899999999998
0.173091
0.302473
0.351557
0.391933
0.452546
0.442998
0.26727999999999996
0.120791
0.002643
0.0
0.0
0.0
0.0
0.0
0.0
0.0
0.0
0.0
0.0
0.0
0.013102
0.103012
0.20252699999999998
0.39256599999999997
0.474611
0.544312
0.5134569999999999
0.534827
0.489805
0.40588799999999997
0.322009
0.13375800000000002
0.009913
0.0
0.0
0.0
0.0
0.0
0.0
0.0
0.0
0.0
0.0
0.0
0.004914
0.146845
0.267298
0.389806
0.47389299999999995
0.5488379999999999
0.57367
0.5697949999999999
0.431756
0.22938
0.08573399999999999
0.045200000000000004
0.002911
0.0
0.0
0.0
0.0
0.0
0.0
0.0
0.0
0.0
0.0
0.0
0.010803
0.141208
0.291417
0.445327
0.5437179999999999
0.586603
0.60658
0.59692
0.546129
0.4711
0.35506299999999996
0.128494
0.001822
0.0
0.0
0.0
0.0
0.0
0.0
0.0
0.0
0.0
0.0
0.0
0.005193
0.147135
0.305543
0.437229
0.519138
0.542239
0.5543490000000001
0.545453
0.516885
0.440111
0.332501
0.124719
0.007586000000000001
0.0
0.0
0.0
0.0
0.0
0.0
0.0
0.0
0.0
0.0
0.0
0.011537
0.169161
0.327943
0.455604
0.542159
0.579187
0.532375
0.573909
0.493299
0.39508
0.253457
0.073229
0.001081
0.0
0.0
0.0
0.0
0.0
0.0
0.0
0.0
0.0
0.0
0.0
0.022859
0.127507
0.227434
0.31879599999999997
0.35602300000000003
0.37589100000000003
0.352039
0.39108699999999996
0.269033
0.24571199999999999
0.153221
0.16367199999999998
0.009297000000000001
0.0
0.0
0.0
0.0
0.0
0.0
0.0
0.0
0.0
0.0
0.0
0.019204000000000002
0.151952
0.309041
0.13613399999999998
0.33422
0.31441
0.503658
0.52625
0.5142140000000001
0.46957
0.32237099999999996
0.119243
0.004264
0.0
0.0
0.0
0.0
0.0
0.0
0.0
0.0
0.0
0.0
0.0
0.005503999999999999
0.07362099999999999
0.167556
0.237528
0.335827
0.297613
0.314876
0.21711000000000003
0.230574
0.23716399999999999
0.184992
0.149111
0.01093
0.0
0.0
0.0
0.0
0.0
0.0
0.0
0.0
0.0
0.0
0.0
0.009205
0.089834
0.164789
0.271062
0.370504
0.355168
0.42554000000000003
0.41158300000000003
0.46928800000000004
0.467238
0.35052
0.135864
0.0057729999999999995
0.0
0.0
0.0
0.0
0.0
0.0
0.0
0.0
0.0
0.0
0.0
0.022463999999999998
0.12072100000000001
0.213673
0.274714
0.288507
0.246558
0.326975
0.40125700000000003
0.519812
0.471065
0.326609
0.17253200000000002
0.011445
0.0
0.0
0.0
0.0
0.0
0.0
0.0
0.0
0.0
0.0
0.0
0.026936
0.158621
0.196109
0.284962
0.404931
0.349421
0.339452
0.546022
0.417099
0.35425799999999996
0.37143
0.201717
0.011543
0.0
0.0
0.0
0.0
0.0
0.0
0.0
0.0
0.0
0.0
0.0
0.0304
0.17905600000000002
0.33561599999999997
0.346209
0.326463
0.477387
0.389306
0.35577800000000004
0.24048
0.153868
0.13262100000000002
0.147978
0.007562999999999999
0.0
0.0
0.0
0.0
0.0
0.0
0.0
0.0
0.0
0.0
0.0
0.015298
0.053388
0.09217700000000001
0.161106
0.315326
0.279993
0.280277
0.303967
0.36129500000000003
0.28521199999999997
0.197022
0.103994
0.018623999999999998
0.0
0.0
0.0
0.0
0.0
0.0
0.0
0.0
0.0
0.0
0.0
0.014841
0.094276
0.17061400000000002
0.230124
0.398092
0.537254
0.6276889999999999
0.589193
0.5793200000000001
0.491013
0.369037
0.18406
0.011618999999999999
0.0
0.0
0.0
0.0
0.0
0.0
0.0
0.0
0.0
0.0
0.0
0.032305
0.198252
0.333736
0.465709
0.54435
0.5321130000000001
0.601303
0.588305
0.519266
0.41226
0.309307
0.137874
0.024886
0.0
0.0
0.0
0.0
0.0
0.0
0.0
0.0
0.0
0.0
0.0
0.010429
0.042103
0.190498
0.375133
0.486622
0.560049
0.354332
0.226716
0.065709
0.037887
0.05527
0.053255000000000004
0.019614
0.0
0.0
0.0
0.0
0.0
0.0
0.0
0.0
0.0
0.0
0.0
0.033428
0.208778
0.37202999999999997
0.375608
0.350274
0.38686200000000004
0.458891
0.600854
0.303964
0.23506200000000002
0.257211
0.17700200000000002
0.020152
0.0
0.0
0.0
0.0
0.0
0.0
0.0
0.0
0.0
0.0
0.0
0.054271
0.268598
0.302331
0.353327
0.40830900000000003
0.5161849999999999
0.39467599999999997
0.45598700000000003
0.254767
0.222539
0.188454
0.137713
0.012051000000000001
0.0
0.0
0.0
0.0
0.0
0.0
0.0
0.0
0.0
0.0
0.0
0.039555999999999994
0.157114
0.315394
0.415934
0.451913
0.50492
0.47958100000000004
0.6387759999999999
0.44229399999999996
0.193486
0.320182
0.07743699999999999
0.016753
0.0
0.0
0.0
0.0
0.0
0.0
0.0
0.0
0.0
0.0
0.0
0.022724
0.090459
0.133292
0.16892
0.253332
0.20149799999999998
0.26612
0.183365
0.165789
0.103284
0.072941
0.025027999999999998
0.007917
0.0
0.0
0.0
0.0
0.0
0.0
0.0
0.0
0.0
0.0
0.0
0.025791
0.124186
0.161486
0.228983
0.24410400000000002
0.444035
0.36641199999999996
0.485402
0.5828300000000001
0.48934
0.422646
0.239179
0.021497
0.0
0.0
0.0
0.0
0.0
0.0
0.0
0.0
0.0
0.0
0.0
0.028378
0.093941
0.27445800000000004
0.5557859999999999
0.5273479999999999
0.607403
0.67776
0.556802
0.573457
0.422841
0.232173
0.093279
0.014802
0.0
0.0
0.0
0.0
0.0
0.0
0.0
0.0
0.0
0.0
0.0
0.039877
0.184514
0.247626
0.35697300000000004
0.355768
0.452678
0.519773
0.547243
0.5479109999999999
0.52465
0.251189
0.129289
0.025047
0.0
0.0
0.0
0.0
0.0
0.0
0.0
0.0
0.0
0.0
0.0
0.047046
0.23005799999999998
0.24161600000000003
0.381928
0.473779
0.472935
0.539852
0.5043639999999999
0.4957
0.336012
0.33839400000000003
0.082762
0.012766999999999999
0.0
0.0
0.0
0.0
0.0
0.0
0.0
0.0
0.0
0.0
0.0
0.043665999999999996
0.126808
0.165712
0.31764600000000004
0.32061
0.395157
0.278011
0.229418
0.308398
0.31967700000000004
0.360055
0.159193
0.031417
0.0
0.0
0.0
0.0
0.0
0.0
0.0
0.0
0.0
0.0
0.0
0.089575
0.10072199999999999
0.14993199999999998
0.23242500000000002
0.370122
0.356711
0.330186
0.46969900000000003
0.34916699999999995
0.384943
0.259344
0.14523
0.031634
0.0
0.0
0.0
0.0
0.0
0.0
0.0
0.0
0.0
0.0
0.0
0.07733
0.210784
0.38165899999999997
0.480277
0.6237910000000001
0.7098289999999999
0.485721
0.44632299999999997
0.37576299999999996
0.26072500000000004
0.37900599999999995
0.136171
0.029037
0.0
0.0
0.0
0.0
0.0
0.0
0.0
0.0
0.0
0.0
0.0
0.08999299999999999
0.23748
0.34838
0.38971100000000003
0.544293
0.387299
0.552892
0.541126
0.20847300000000002
0.404129
0.189894
0.15809499999999999
0.030023
0.0
0.0
0.0
0.0
0.0
0.0
0.0
0.0
0.0
0.0
0.0
0.0989
0.17157
0.275366
0.413293
0.286236
0.431616
0.49335
0.468229
0.504674
0.5420130000000001
0.263395
0.10100400000000001
0.035286
0.0
0.0
0.0
0.0
0.0
0.0
0.0
0.0
0.0
0.0
0.0
0.068845
0.12224
0.209387
0.23522200000000001
0.410643
0.279138
0.285057
0.24434299999999998
0.237459
0.28347100000000003
0.114095
0.085585
0.020608
0.0
0.0
0.0
0.0
0.0
0.0
0.0
0.0
0.0
0.0
0.0
0.071324
0.255519
0.475454
0.545034
0.463934
0.47181599999999996
0.47586700000000004
0.6471290000000001
0.64791
0.535434
0.43214600000000003
0.229909
0.030545000000000003
0.0
0.0
0.0
0.0
0.0
0.0
0.0
0.0
0.0
0.0
0.0
0.021215
0.070412
0.11775
0.09806999999999999
0.21320599999999998
0.296676
0.319729
0.28874900000000003
0.266535
0.200186
0.17513900000000002
0.08024500000000001
0.033013
0.0
0.0
0.0
0.0
0.0
0.0
0.0
0.0
0.0
0.0
0.0
0.050293
0.126098
0.25663400000000003
0.321337
0.311238
0.40008499999999997
0.314593
0.352423
0.3979
0.446446
0.239031
0.18130600000000002
0.044566
0.0
0.0
0.0
0.0
0.0
0.0
0.0
0.0
0.0
0.0
0.0
0.037856
0.10855100000000001
0.252589
0.48191199999999995
0.5697340000000001
0.660037
0.7380800000000001
0.71121
0.67483
0.588357
0.470742
0.281175
0.03742
0.0
0.0
0.0
0.0
0.0
0.0
0.0
0.0
0.0
0.0
0.0
0.10424299999999999
0.279904
0.449073
0.518541
0.671471
0.7084020000000001
0.715921
0.7000879999999999
0.6597649999999999
0.577016
0.45171
0.271842
0.045146
0.0
0.0
0.0
0.0
0.0
0.0
0.0
0.0
0.0
0.0
0.0
0.032146999999999995
0.093999
0.117571
0.19087600000000002
0.264017
0.256777
0.276767
0.224693
0.216771
0.13872
0.13194399999999998
0.059369
0.026173
0.0
0.0
0.0
0.0
0.0
0.0
0.0
0.0
0.0
0.0
0.0
0.06409699999999999
0.162072
0.241598
0.204657
0.308329
0.368577
0.320775
0.406448
0.29515800000000003
0.29268299999999997
0.35639
0.16999
0.035075
0.0
0.0
0.0
0.0
0.0
0.0
0.0
0.0
0.0
0.0
0.0
0.030637
0.072021
0.255419
0.218561
0.257216
0.322865
0.327401
0.481821
0.344676
0.187978
0.32056799999999996
0.28701499999999996
0.028873000000000003
0.0
0.0
0.0
0.0
0.0
0.0
0.0
0.0
0.0
0.0
0.0
0.089109
0.283388
0.43867399999999995
0.472038
0.5412290000000001
0.549336
0.581144
0.67813
0.517057
0.553991
0.41701699999999997
0.178323
0.037456
0.0
0.0
0.0
0.0
0.0
0.0
0.0
0.0
0.0
0.0
0.0
0.038691
0.126499
0.215118
0.382899
0.577883
0.64709
0.646412
0.6364569999999999
0.655717
0.583603
0.46572
0.285985
0.031076
0.0
0.0
0.0
0.0
0.0
0.0
0.0
0.0
0.0
0.0
0.0
0.084103
0.26739999999999997
0.453931
0.580557
0.66465
0.703543
0.7108869999999999
0.695922
0.659161
0.5796760000000001
0.46558
0.293625
0.066805
0.0
0.0
0.0
0.0
0.0
0.0
0.0
0.0
0.0
0.0
0.0
0.087074
0.28611000000000003
0.45083999999999996
0.566519
0.6567649999999999
0.7014389999999999
0.681037
0.717158
0.510856
0.5602820000000001
0.383918
0.151968
0.024769
0.0
0.0
0.0
0.0
0.0
0.0
0.0
0.0
0.0
0.0
0.0
0.008585
0.04857
0.124097
0.097619
0.35302300000000003
0.486597
0.09980599999999999
0.092568
0.10363800000000001
0.173746
0.067356
0.003395
0.0
0.0
0.0
0.0
0.0
0.0
0.0
0.0
0.0
0.0
0.0
0.0
0.094809
0.28080099999999997
0.442772
0.505366
0.460368
0.493242
0.43227
0.44589100000000004
0.422786
0.473706
0.311124
0.173067
0.026006
0.0
0.0
0.0
0.0
0.0
0.0
0.0
0.0
0.0
0.0
0.0
0.085897
0.273704
0.36442
0.595543
0.447003
0.5571929999999999
0.551034
0.565539
0.49066699999999996
0.38721
0.448915
0.23626499999999998
0.034886
0.0
0.0
0.0
0.0
0.0
0.0
0.0
0.0
0.0
0.0
0.0
0.102103
0.347084
0.334472
0.304168
0.485773
0.519084
0.5238189999999999
0.633886
0.649989
0.45913
0.49113799999999996
0.25103
0.04859
0.0
0.0
0.0
0.0
0.0
0.0
0.0
0.0
0.0
0.0
0.0
0.117467
0.302896
0.425603
0.352894
0.600976
0.500236
0.556049
0.7548980000000001
0.629204
0.595105
0.419045
0.213689
0.037328
0.0
0.0
0.0
0.0
0.0
0.0
0.0
0.0
0.0
0.0
0.0
0.058175
0.19978100000000001
0.392031
0.292931
0.355585
0.386087
0.657197
0.77452
0.5780689999999999
0.334345
0.170178
0.33764299999999997
0.076402
0.0
0.0
0.0
0.0
0.0
0.0
0.0
0.0
0.0
0.0
0.0
0.10684099999999999
0.22592099999999998
0.473607
0.5858450000000001
0.69296
0.6624909999999999
0.732311
0.727632
0.691114
0.640638
0.477089
0.262716
0.067298
0.0
0.0
0.0
0.0
0.0
0.0
0.0
0.0
0.0
0.0
0.0
0.130175
0.195709
0.319656
0.29234699999999997
0.335714
0.578379
0.580792
0.509104
0.303508
0.153334
0.184384
0.181728
0.053689
0.0
0.0
0.0
0.0
0.0
0.0
0.0
0.0
0.0
0.0
0.0
0.084209
0.176649
0.113564
0.341709
0.26483
0.38778199999999996
0.457923
0.6149969999999999
0.5779460000000001
0.40183199999999997
0.283616
0.16213399999999997
0.035406999999999994
0.0
0.0
0.0
0.0
0.0
0.0
0.0
0.0
0.0
0.0
0.0
0.053194000000000005
0.128781
0.367409
0.376161
0.238711
0.526671
0.511801
0.511161
0.510605
0.449784
0.406667
0.141407
0.072241
0.0011140000000000002
0.0
0.0
0.0
0.0
0.0
0.0
0.0
0.0
0.0
0.0
0.129443
0.301192
0.38737
0.515518
0.592585
0.640467
0.653663
0.6607649999999999
0.6350950000000001
0.576933
0.479174
0.355582
0.130487
0.003025
0.0
0.0
0.0
0.0
0.0
0.0
0.0
0.0
0.0
0.0
0.101786
0.291173
0.43412599999999996
0.531297
0.607225
0.6638719999999999
0.682847
0.687338
0.652157
0.59033
0.48678
0.337716
0.088833
0.0
0.0
0.0
0.0
0.0
0.0
0.0
0.0
0.0
0.0
0.0
0.08331999999999999
0.201965
0.412661
0.371247
0.317747
0.219095
0.254727
0.27242
0.158085
0.121533
0.112748
0.108837
0.057087000000000006
0.003301
0.0
0.0
0.0
0.0
0.0
0.0
0.0
0.0
0.0
0.0
0.059165999999999996
0.172942
0.257615
0.336501
0.46458699999999997
0.656884
0.674747
0.699809
0.654036
0.585053
0.486126
0.341007
0.079253
0.00174
0.0
0.0
0.0
0.0
0.0
0.0
0.0
0.0
0.0
0.0
0.044229
0.060638
0.09187000000000001
0.18626099999999998
0.243961
0.34859500000000004
0.622986
0.649884
0.35912099999999997
0.32867399999999997
0.39338999999999996
0.213768
0.131174
0.003898
0.0
0.0
0.0
0.0
0.0
0.0
0.0
0.0
0.0
0.0
0.12302800000000001
0.31945999999999997
0.454918
0.5506559999999999
0.628303
0.677731
0.686155
0.697801
0.660114
0.602659
0.426789
0.119585
0.028343
0.0
0.0
0.0
0.0
0.0
0.0
0.0
0.0
0.0
0.0
0.0
0.079437
0.321993
0.455148
0.43899099999999996
0.5544690000000001
0.5404070000000001
0.477319
0.450627
0.32420299999999996
0.494317
0.47540499999999997
0.37487400000000004
0.143987
0.001682
0.0
0.0
0.0
0.0
0.0
0.0
0.0
0.0
0.0
0.0
0.039182
0.082704
0.099673
0.186409
0.326498
0.423916
0.402748
0.393776
0.335767
0.332218
0.34915300000000005
0.105837
0.059307000000000006
0.0
0.0
0.0
0.0
0.0
0.0
0.0
0.0
0.0
0.0
0.0
0.024575
0.132011
0.26674200000000003
0.289632
0.31745100000000004
0.31072000000000005
0.444031
0.524612
0.5959070000000001
0.495213
0.451399
0.266495
0.071157
0.0
0.0
0.0
0.0
0.0
0.0
0.0
0.0
0.0
0.0
0.0
0.019331
0.073482
0.166576
0.26160300000000003
0.293236
0.46368
0.574148
0.49858800000000003
0.490361
0.32613400000000003
0.304409
0.103634
0.063205
0.0
0.0
0.0
0.0
0.0
0.0
0.0
0.0
0.0
0.0
0.0
0.042319
0.110286
0.187464
0.26011599999999996
0.421089
0.682481
0.696239
0.6674370000000001
0.677078
0.630656
0.319108
0.34103100000000003
0.06344
0.001454
0.0
0.0
0.0
0.0
0.0
0.0
0.0
0.0
0.0
0.0
0.088382
0.14219
0.22600800000000001
0.40559500000000004
0.640822
0.64459
0.6887430000000001
0.7153849999999999
0.656218
0.6385449999999999
0.495576
0.36586
0.173587
0.0
0.0
0.0
0.0
0.0
0.0
0.0
0.0
0.0
0.0
0.0
0.037369
0.066055
0.162282
0.207202
0.494753
0.7159439999999999
0.723216
0.7287089999999999
0.683692
0.618637
0.507945
0.339088
0.10054600000000001
0.001451
0.0
0.0
0.0
0.0
0.0
0.0
0.0
0.0
0.0
0.0
0.047862
0.096374
0.204421
0.235221
0.35769
0.522106
0.704119
0.6932849999999999
0.688673
0.622064
0.52959
0.393765
0.15981
0.0033239999999999997
0.0
0.0
0.0
0.0
0.0
0.0
0.0
0.0
0.0
0.0
0.12232599999999999
0.312094
0.446998
0.562747
0.6381849999999999
0.6878110000000001
0.70248
0.694625
0.661963
0.59774
0.500698
0.37599
0.15351499999999998
0.005039
0.0
0.0
0.0
0.0
0.0
0.0
0.0
0.0
0.0
0.0
0.091001
0.105509
0.266913
0.387498
0.505475
0.673202
0.722698
0.666941
0.688039
0.5236280000000001
0.253685
0.063487
0.028259
0.001421
0.0
0.0
0.0
0.0
0.0
0.0
0.0
0.0
0.0
0.0
0.019167999999999998
0.056698
0.136913
0.248782
0.421084
0.401314
0.617626
0.393629
0.39575299999999997
0.326239
0.210312
0.11584799999999999
0.122771
0.001232
0.0
0.0
0.0
0.0
0.0
0.0
0.0
0.0
0.0
0.0
0.115717
0.160351
0.29307799999999995
0.242862
0.190066
0.13540100000000002
0.494398
0.612271
0.599193
0.38217599999999996
0.286403
0.12270099999999999
0.024301
0.0
0.0
0.0
0.0
0.0
0.0
0.0
0.0
0.0
0.0
0.0
0.015084
0.08849800000000001
0.123637
0.20438800000000001
0.398438
0.559663
0.598001
0.523818
0.5724400000000001
0.504923
0.44096300000000005
0.259093
0.099382
0.010016
0.0
0.0
0.0
0.0
0.0
0.0
0.0
0.0
0.0
0.0
0.118717
0.20078000000000001
0.288255
0.428591
0.538861
0.656471
0.656824
0.6685059999999999
0.6831860000000001
0.624349
0.5300119999999999
0.40269600000000005
0.181068
0.009788
0.0
0.0
0.0
0.0
0.0
0.0
0.0
0.0
0.0
0.0
0.10831199999999999
0.317519
0.453164
0.5463129999999999
0.605982
0.6468550000000001
0.698141
0.69131
0.6893279999999999
0.619047
0.5155270000000001
0.33451
0.146845
0.007542
0.0
0.0
0.0
0.0
0.0
0.0
0.0
0.0
0.0
0.0
0.037552
0.090756
0.185831
0.129614
0.201005
0.305871
0.194963
0.30527499999999996
0.397843
0.263563
0.169962
0.10757699999999999
0.07516800000000001
0.001527
0.0
0.0
0.0
0.0
0.0
0.0
0.0
0.0
0.0
0.0
0.07657
0.25992000000000004
0.419055
0.519405
0.552018
0.651203
0.441002
0.41535500000000003
0.520654
0.5583089999999999
0.430211
0.314397
0.19449100000000002
0.009869999999999999
0.0
0.0
0.0
0.0
0.0
0.0
0.0
0.0
0.0
0.0
0.062276000000000005
0.147205
0.32794799999999996
0.35137
0.534698
0.669111
0.709609
0.711127
0.683879
0.618145
0.516285
0.30770299999999995
0.072518
0.015449
0.0
0.0
0.0
0.0
0.0
0.0
0.0
0.0
0.0
0.0
0.046991
0.273264
0.434753
0.528783
0.566213
0.604113
0.554079
0.583083
0.5944969999999999
0.501595
0.476134
0.380872
0.179785
0.008954
0.0
0.0
0.0
0.0
0.0
0.0
0.0
0.0
0.0
0.0
0.132827
0.285994
0.430739
0.520712
0.600384
0.654766
0.6847960000000001
0.687809
0.6552899999999999
0.594106
0.510556
0.394571
0.181867
0.012876
0.0
0.0
0.0
0.0
0.0
0.0
0.0
0.0
0.0
0.0
0.083305
0.188695
0.28038
0.314981
0.237352
0.139631
0.178234
0.090734
0.155248
0.126609
0.033699
0.0135
0.00141
0.0
0.0
0.0
0.0
0.0
0.0
0.0
0.0
0.0
0.0
0.0
0.021226
0.07033299999999999
0.133767
0.180698
0.16526400000000002
0.13639300000000001
0.13036799999999998
0.140671
0.109833
0.081974
0.040351
0.026542000000000003
0.008069000000000002
0.0
0.0
0.0
0.0
0.0
0.0
0.0
0.0
0.0
0.0
0.0
0.167157
0.28202699999999997
0.414341
0.498645
0.573904
0.686793
0.71548
0.706876
0.6811029999999999
0.633544
0.532265
0.30515699999999996
0.16034600000000002
0.008994
0.0
0.0
0.0
0.0
0.0
