0.0
0.0
0.0
0.0
0.0
0.0
0.0
0.06621200000000001
0.134752
0.43749
0.6223909999999999
0.688096
0.646289
0.624338
0.552803
0.370411
0.250431
0.05945
0.0
0.0
0.0
0.0
0.0
0.0
0.0
0.0
0.0
0.0
0.0
0.0
0.0
0.11542100000000001
0.264896
0.481202
0.616611
0.700898
0.718859
0.701108
0.6261720000000001
0.47070999999999996
0.253718
0.069595
0.0
0.0
0.0
0.0
0.0
0.0
0.0
0.0
0.0
0.0
0.0
0.0
0.0
0.007899
0.035792000000000004
0.081679
0.183338
0.28182
0.56312
0.42529199999999995
0.34113
0.35889800000000005
0.15297999999999998
0.073399
0.0
0.0
0.0
0.0
0.0
0.0
0.0
0.0
0.0
0.0
0.0
0.0
0.0
0.019192
0.064954
0.19708
0.544616
0.357725
0.706136
0.715774
0.642135
0.49189
0.293694
0.075512
0.0
0.0
0.0
0.0
0.0
0.0
0.0
0.0
0.0
0.0
0.0
0.0
0.0
0.050101999999999994
0.24397
0.47444200000000003
0.619721
0.721743
0.7571939999999999
0.7259950000000001
0.626476
0.495291
0.275924
0.078879
0.0
0.0
0.0
0.0
0.0
0.0
0.0
0.0
0.0
0.0
0.0
0.0
0.0
0.028698
0.190373
0.35421800000000003
0.621842
0.723284
0.7547670000000001
0.720726
0.649905
0.502483
0.301087
0.083301
0.0
0.0
0.0
0.0
0.0
0.0
0.0
0.0
0.0
0.0
0.0
0.0
0.0
0.09391500000000001
0.057254
0.340203
0.52863
0.616399
0.651547
0.676584
0.566271
0.468437
0.26963299999999996
0.087116
0.0
0.0
0.0
0.0
0.0
0.0
0.0
0.0
0.0
0.0
0.0
0.0
0.0
0.0044740000000000005
0.027164
0.059409
0.13449799999999998
0.19603399999999999
0.169907
0.1439
0.113038
0.150772
0.022094000000000003
0.007976
0.0
0.0
0.0
0.0
0.0
0.0
0.0
0.0
0.0
0.0
0.0
0.0
0.0
0.038693
0.015411
0.07077
0.212518
0.37376
0.554978
0.38631099999999996
0.339168
0.404212
0.16275
0.014147999999999999
0.0
0.0
0.0
0.0
0.0
0.0
0.0
0.0
0.0
0.0
0.0
0.0
0.0
0.0868
0.29611200000000004
0.506215
0.6345850000000001
0.6589360000000001
0.723186
0.694877
0.6095839999999999
0.476143
0.271158
0.08176399999999999
0.0
0.0
0.0
0.0
0.0
0.0
0.0
0.0
0.0
0.0
0.0
0.0
0.0
0.083365
0.176346
0.416962
0.514383
0.6799299999999999
0.711213
0.677895
0.51007
0.383914
0.19797
0.077989
0.0
0.0
0.0
0.0
0.0
0.0
0.0
0.0
0.0
0.0
0.0
0.0
0.0
0.004507
0.011895
0.032106
0.057747
0.083301
0.090964
0.07897
0.047657
0.03546
0.016434
0.0023090000000000003
0.0
0.0
0.0
0.0
0.0
0.0
0.0
0.0
0.0
0.0
0.0
0.0
0.0
0.004587
0.012021
0.032320999999999996
0.060243000000000005
0.149051
0.33908499999999997
0.38101100000000004
0.165721
0.109888
0.038189
0.009113
0.0
0.0
0.0
0.0
0.0
0.0
0.0
0.0
0.0
0.0
0.0
0.0
0.0
0.004561
0.017103999999999998
0.138642
0.21424700000000002
0.24945599999999998
0.44234300000000004
0.171487
0.312465
0.036731
0.060041
0.005017000000000001
0.0
0.0
0.0
0.0
0.0
0.0
0.0
0.0
0.0
0.0
0.0
0.0
0.0
0.108217
0.068345
0.045587
0.085047
0.22369
0.162374
0.587913
0.072823
0.156602
0.348122
0.037891
0.0
0.0
0.0
0.0
0.0
0.0
0.0
0.0
0.0
0.0
0.0
0.0
0.0
0.141493
0.021488
0.089714
0.383987
0.661704
0.7135990000000001
0.30780799999999997
0.222199
0.176387
0.079191
0.0050739999999999995
0.0
0.0
0.0
0.0
0.0
0.0
0.0
0.0
0.0
0.0
0.0
0.0
0.0
0.004564
0.012
0.07174599999999999
0.307765
0.375321
0.606414
0.5293450000000001
0.482281
0.368575
0.149226
0.022719
0.0
0.0
0.0
0.0
0.0
0.0
0.0
0.0
0.0
0.0
0.0
0.0
0.0
0.004568
0.012715
0.026317
0.06766
0.115011
0.143745
0.091934
0.052838
0.036164999999999996
0.02234
0.007182
0.0
0.0
0.0
0.0
0.0
0.0
0.0
0.0
0.0
0.0
0.0
0.0
0.0
0.22309
0.034051000000000005
0.068218
0.14887299999999998
0.19914400000000002
0.16181700000000002
0.181315
0.107151
0.31292899999999996
0.110884
0.061172
0.0
0.0
0.0
0.0
0.0
0.0
0.0
0.0
0.0
0.0
0.0
0.0
0.0
0.00442
0.012465
0.037634999999999995
0.09259
0.092753
0.09409000000000001
0.131911
0.078084
0.065254
0.034398000000000005
0.017413
0.0
0.0
0.0
0.0
0.0
0.0
0.0
0.0
0.0
0.0
0.0
0.0
0.0
0.004392
0.056292999999999996
0.103642
0.31901999999999997
0.439612
0.424541
0.214923
0.450849
0.36437400000000003
0.036656999999999995
0.003009
0.0
0.0
0.0
0.0
0.0
0.0
0.0
0.0
0.0
0.0
0.0
0.0
0.0
0.167952
0.027602
0.061683999999999996
0.14456
0.21397
0.255503
0.387657
0.321288
0.184046
0.27499599999999996
0.061521
0.0
0.0
0.0
0.0
0.0
0.0
0.0
0.0
0.0
0.0
0.0
0.0
0.0
0.0044080000000000005
0.019649999999999997
0.209482
0.449553
0.525768
0.5422469999999999
0.43230799999999997
0.33349599999999996
0.264502
0.22030000000000002
0.100753
0.0
0.0
0.0
0.0
0.0
0.0
0.0
0.0
0.0
0.0
0.0
0.0
0.0
0.1023
0.294279
0.496207
0.568885
0.697097
0.70152
0.651557
0.627358
0.497959
0.29947
0.111672
0.0
0.0
0.0
0.0
0.0
0.0
0.0
0.0
0.0
0.0
0.0
0.0
0.0
0.004476
0.2391
0.368096
0.185138
0.188831
0.228046
0.539585
0.462115
0.15653
0.27544
0.013483
0.0
0.0
0.0
0.0
0.0
0.0
0.0
0.0
0.0
0.0
0.0
0.0
0.0
0.0044989999999999995
0.012584
0.10408400000000001
0.169
0.532807
0.510006
0.28545600000000004
0.211831
0.243401
0.019181
0.020021999999999998
0.0
0.0
0.0
0.0
0.0
0.0
0.0
0.0
0.0
0.0
0.0
0.0
0.0
0.004479
0.012515
0.463269
0.606208
0.700605
0.7193379999999999
0.6666559999999999
0.618201
0.514766
0.330843
0.120671
0.0
0.0
0.0
0.0
0.0
0.0
0.0
0.0
0.0
0.0
0.0
0.0
0.0
0.0044729999999999995
0.11328
0.471642
0.62463
0.701787
0.735066
0.7051459999999999
0.645514
0.515009
0.298072
0.064197
0.0
0.0
0.0
0.0
0.0
0.0
0.0
0.0
0.0
0.0
0.0
0.0
0.0
0.004437
0.015236000000000001
0.13075499999999998
0.30769
0.449366
0.5968490000000001
0.639437
0.579781
0.532261
0.323714
0.132487
0.0
0.0
0.0
0.0
0.0
0.0
0.0
0.0
0.0
0.0
0.0
0.0
0.0
0.08115699999999999
0.296348
0.501988
0.648702
0.743505
0.776914
0.74118
0.6546839999999999
0.545166
0.347056
0.12871100000000002
0.0
0.0
0.0
0.0
0.0
0.0
0.0
0.0
0.0
0.0
0.0
0.0
0.0
0.004466
0.257727
0.496164
0.630506
0.726505
0.759899
0.735108
0.662354
0.542643
0.339798
0.135357
0.0
0.0
0.0
0.0
0.0
0.0
0.0
0.0
0.0
0.0
0.0
0.0
0.0
0.027116
0.172881
0.03545
0.085837
0.135221
0.21771600000000002
0.175231
0.12961
0.27696499999999996
0.10029600000000001
0.016199
0.0
0.0
0.0
0.0
0.0
0.0
0.0
0.0
0.0
0.0
0.0
0.0
0.0
0.005385
0.013648
0.037231
0.13749899999999998
0.17133400000000001
0.184454
0.176292
0.09117
0.075017
0.047048
0.017717
0.0
0.0
0.0
0.0
0.0
0.0
0.0
0.0
0.0
0.0
0.0
0.0
0.0
0.013852999999999999
0.045677
0.301334
0.304742
0.338969
0.44698200000000005
0.345745
0.215724
0.15381299999999998
0.041157
0.015356999999999999
0.0
0.0
0.0
0.0
0.0
0.0
0.0
0.0
0.0
0.0
0.0
0.0
0.0
0.005331000000000001
0.167502
0.476597
0.641968
0.713356
0.733573
0.6941649999999999
0.6608200000000001
0.5233110000000001
0.345335
0.129177
0.0
0.0
0.0
0.0
0.0
0.0
0.0
0.0
0.0
0.0
0.0
0.0
0.0
0.069175
0.102255
0.292877
0.474801
0.5510259999999999
0.551717
0.654193
0.642126
0.512992
0.32966199999999996
0.139514
0.0
0.0
0.0
0.0
0.0
0.0
0.0
0.0
0.0
0.0
0.0
0.0
0.0
0.005359
0.193404
0.482133
0.656212
0.7045800000000001
0.753282
0.747521
0.6789850000000001
0.5459890000000001
0.368398
0.141339
0.0
0.0
0.0
0.0
0.0
0.0
0.0
0.0
0.0
0.0
0.0
0.0
0.0
0.169757
0.309838
0.519225
0.673755
0.7530209999999999
0.764084
0.747067
0.6777949999999999
0.541972
0.36839
0.134769
0.0
0.0
0.0
0.0
0.0
0.0
0.0
0.0
0.0
0.0
0.0
0.0
0.0
0.006035
0.039736
0.390732
0.428631
0.7189220000000001
0.7557670000000001
0.745229
0.67245
0.539323
0.365639
0.142566
0.0
0.0
0.0
0.0
0.0
0.0
0.0
0.0
0.0
0.0
0.0
0.0
0.0
0.053063
0.19730899999999998
0.432867
0.616205
0.741476
0.766002
0.748568
0.672892
0.5513899999999999
0.370053
0.144183
0.0
0.0
0.0
0.0
0.0
0.0
0.0
0.0
0.0
0.0
0.0
0.0
0.0
0.02146
0.177578
0.42307
0.6236280000000001
0.749799
0.7755420000000001
0.758638
0.6754370000000001
0.546495
0.381472
0.139186
0.0
0.0
0.0
0.0
0.0
0.0
0.0
0.0
0.0
0.0
0.0
0.0
0.0
0.005894999999999999
0.013805999999999999
0.128136
0.43549200000000005
0.579767
0.7129289999999999
0.604706
0.5043690000000001
0.460185
0.31089100000000003
0.122734
0.0
0.0
0.0
0.0
0.0
0.0
0.0
0.0
0.0
0.0
0.0
0.0
0.0
0.00596
0.014734
0.040034999999999994
0.08133
0.213995
0.574187
0.381547
0.37638099999999997
0.304608
0.189903
0.104434
0.0
0.0
0.0
0.0
0.0
0.0
0.0
0.0
0.0
0.0
0.0
0.0
0.0
0.005948
0.014627000000000001
0.043293
0.31550900000000004
0.208541
0.25865499999999997
0.346839
0.31834199999999996
0.281872
0.125192
0.059753999999999995
0.0
0.0
0.0
0.0
0.0
0.0
0.0
0.0
0.0
0.0
0.0
0.0
0.0
0.006044
0.014904
0.050256999999999996
0.11837600000000001
0.17337
0.396285
0.534486
0.21099199999999999
0.106751
0.023061
0.011115
0.0
0.0
0.0
0.0
0.0
0.0
0.0
0.0
0.0
0.0
0.0
0.0
0.0
0.006754
0.014856999999999999
0.07478
0.22598400000000002
0.472793
0.643713
0.6532039999999999
0.6168020000000001
0.437721
0.312289
0.123094
0.0
0.0
0.0
0.0
0.0
0.0
0.0
0.0
0.0
0.0
0.0
0.0
0.0
0.006664
0.078477
0.43259699999999995
0.62305
0.7431939999999999
0.7608769999999999
0.737656
0.667316
0.5316660000000001
0.355502
0.13576
0.0
0.0
0.0
0.0
0.0
0.0
0.0
0.0
0.0
0.0
0.0
0.0
0.0
0.006657
0.058046
0.443284
0.626524
0.75406
0.775303
0.741297
0.636342
0.517675
0.360684
0.14487
0.0
0.0
0.0
0.0
0.0
0.0
0.0
0.0
0.0
0.0
0.0
0.0
0.0
0.00666
0.015323999999999999
0.126332
0.323415
0.378593
0.35627499999999995
0.48952300000000004
0.5866
0.47674099999999997
0.177164
0.078112
0.0
0.0
0.0
0.0
0.0
0.0
0.0
0.0
0.0
0.0
0.0
0.0
0.0
0.006646
0.019609
0.121654
0.16347399999999998
0.234626
0.371121
0.355305
0.304044
0.20874600000000001
0.138869
0.080212
0.0
0.0
0.0
0.0
0.0
0.0
0.0
0.0
0.0
0.0
0.0
0.0
0.0
0.007413
0.015439999999999999
0.041454
0.220894
0.36465499999999995
0.345825
0.24972
0.14319800000000002
0.086118
0.046694
0.023374
0.0
0.0
0.0
0.0
0.0
0.0
0.0
0.0
0.0
0.0
0.0
0.0
0.0
0.007435
0.015423
0.129011
0.201124
0.23358199999999998
0.26879000000000003
0.259501
0.342068
0.262457
0.07781199999999999
0.061933999999999996
0.0
0.0
0.0
0.0
0.0
0.0
0.0
0.0
0.0
0.0
0.0
0.0
0.0
0.035315
0.065188
0.162218
0.352262
0.40347000000000005
0.408408
0.609377
0.6109220000000001
0.558341
0.384546
0.156226
0.0
0.0
0.0
0.0
0.0
0.0
0.0
0.0
0.0
0.0
0.0
0.0
0.0
0.0074210000000000005
0.090252
0.39009699999999997
0.5434410000000001
0.728932
0.6678769999999999
0.765356
0.6948139999999999
0.5713210000000001
0.38884399999999997
0.152138
0.0
0.0
0.0
0.0
0.0
0.0
0.0
0.0
0.0
0.0
0.0
0.0
0.0
0.230494
0.302631
0.527225
0.663996
0.7497469999999999
0.777244
0.752694
0.695056
0.574275
0.388173
0.15800999999999998
0.0
0.0
0.0
0.0
0.0
0.0
0.0
0.0
0.0
0.0
0.0
0.0
0.0
0.078423
0.26404700000000003
0.504221
0.609369
0.735392
0.779362
0.7664500000000001
0.695714
0.568592
0.388038
0.15827699999999997
0.0
0.0
0.0
0.0
0.0
0.0
0.0
0.0
0.0
0.0
0.0
0.0
0.0
0.050821
0.30730399999999997
0.525139
0.6719299999999999
0.735692
0.772795
0.757679
0.699438
0.569563
0.380701
0.152876
0.0
0.0
0.0
0.0
0.0
0.0
0.0
0.0
0.0
0.0
0.0
0.0
0.0
0.23248500000000002
0.351662
0.5451950000000001
0.683404
0.7808999999999999
0.781131
0.779068
0.6894790000000001
0.5543440000000001
0.379868
0.153683
0.0
0.0
0.0
0.0
0.0
0.0
0.0
0.0
0.0
0.0
0.0
0.0
0.0
0.19114099999999998
0.18551499999999999
0.419451
0.5316000000000001
0.730206
0.6771710000000001
0.7008070000000001
0.681988
0.490802
0.363759
0.113361
0.0
0.0
0.0
0.0
0.0
0.0
0.0
0.0
0.0
0.0
0.0
0.0
0.0
0.078542
0.193552
0.485743
0.6280439999999999
0.729364
0.7522430000000001
0.727989
0.647687
0.5119239999999999
0.344441
0.138259
0.0
0.0
0.0
0.0
0.0
0.0
0.0
0.0
0.0
0.0
0.0
0.0
0.0
0.200004
0.21134899999999998
0.500363
0.6397039999999999
0.721916
0.747159
0.722804
0.652303
0.530249
0.345051
0.14494300000000002
0.0
0.0
0.0
0.0
0.0
0.0
0.0
0.0
0.0
0.0
0.0
0.0
0.0
0.008136
0.047408
0.216912
0.444403
0.624895
0.7222999999999999
0.728432
0.654543
0.501116
0.342501
0.137326
0.0
0.0
0.0
0.0
0.0
0.0
0.0
0.0
0.0
0.0
0.0
0.0
0.0
0.026962
0.13705099999999998
0.396627
0.496199
0.612904
0.681391
0.478557
0.613272
0.46146699999999996
0.34158999999999995
0.140706
0.0
0.0
0.0
0.0
0.0
0.0
0.0
0.0
0.0
0.0
0.0
0.0
0.0
0.008136
0.027544
0.123173
0.244977
0.283034
0.26547899999999997
0.298495
0.270033
0.18402600000000002
0.125514
0.058987000000000005
0.0
0.0
0.0
0.0
0.0
0.0
0.0
0.0
0.0
0.0
0.0
0.0
0.0
0.008853999999999999
0.13652099999999998
0.387733
0.5333300000000001
0.692885
0.7348450000000001
0.72622
0.631896
0.49395999999999995
0.320786
0.137404
0.0
0.0
0.0
0.0
0.0
0.0
0.0
0.0
0.0
0.0
0.0
0.0
0.0
0.008837
0.027471
0.10312600000000001
0.254095
0.47908999999999996
0.495034
0.494558
0.528509
0.492819
0.329152
0.134043
0.0
0.0
0.0
0.0
0.0
0.0
0.0
0.0
0.0
0.0
0.0
0.0
0.0
0.096639
0.017289000000000002
0.199502
0.39147699999999996
0.411994
0.394235
0.597719
0.43265499999999996
0.502541
0.33523000000000003
0.137315
0.0
0.0
0.0
0.0
0.0
0.0
0.0
0.0
0.0
0.0
0.0
0.0
0.0
0.008852
0.025241
0.089946
0.182114
0.384892
0.375573
0.427339
0.38485
0.41359300000000004
0.255432
0.081414
0.0
0.0
0.0
0.0
0.0
0.0
0.0
0.0
0.0
0.0
0.0
0.0
0.0
0.00957
0.024602
0.217732
0.47484899999999997
0.470871
0.438904
0.504512
0.6047530000000001
0.493178
0.280954
0.138003
0.0
0.0
0.0
0.0
0.0
0.0
0.0
0.0
0.0
0.0
0.0
0.0
0.0
0.063439
0.179534
0.369654
0.571422
0.62571
0.656843
0.6416810000000001
0.602675
0.522707
0.35158
0.141163
0.0
0.0
0.0
0.0
0.0
0.0
0.0
0.0
0.0
0.0
0.0
0.0
0.0
0.21876099999999998
0.210072
0.504927
0.647243
0.734147
0.765222
0.7362989999999999
0.656085
0.5339700000000001
0.355785
0.139862
0.0
0.0
0.0
0.0
0.0
0.0
0.0
0.0
0.0
0.0
0.0
0.0
0.0
0.208488
0.19694399999999998
0.47458999999999996
0.618221
0.717635
0.75562
0.731271
0.644952
0.50613
0.345355
0.13588399999999998
0.0
0.0
0.0
0.0
0.0
0.0
0.0
0.0
0.0
0.0
0.0
0.0
0.0
0.016658000000000003
0.052961
0.387252
0.560823
0.651021
0.6924450000000001
0.584697
0.365066
0.294431
0.316563
0.10067400000000001
0.0
0.0
0.0
0.0
0.0
0.0
0.0
0.0
0.0
0.0
0.0
0.0
0.0
0.010308999999999999
0.080607
0.098838
0.167495
0.48886900000000005
0.531967
0.467084
0.142065
0.18524600000000002
0.34719
0.141571
0.0
0.0
0.0
0.0
0.0
0.0
0.0
0.0
0.0
0.0
0.0
0.0
0.0
0.0103
0.018716
0.504321
0.479834
0.6132960000000001
0.588469
0.390579
0.556818
0.13691499999999998
0.134627
0.045575000000000004
0.0
0.0
0.0
0.0
0.0
0.0
0.0
0.0
0.0
0.0
0.0
0.0
0.0
0.010276
0.022251
0.123085
0.262815
0.39492
0.43787099999999995
0.7047
0.653555
0.509938
0.354555
0.142935
0.0
0.0
0.0
0.0
0.0
0.0
0.0
0.0
0.0
0.0
0.0
0.0
0.0
0.010957000000000001
0.32898099999999997
0.5182709999999999
0.680466
0.762134
0.78873
0.740407
0.624973
0.47476999999999997
0.325154
0.134648
0.0
0.0
0.0
0.0
0.0
0.0
0.0
0.0
0.0
0.0
0.0
0.0
0.0
0.010926
0.065956
0.405667
0.639734
0.738536
0.7694529999999999
0.750802
0.6698160000000001
0.530613
0.351462
0.140405
0.0
0.0
0.0
0.0
0.0
0.0
0.0
0.0
0.0
0.0
0.0
0.0
0.0
0.010895
0.087499
0.380605
0.586429
0.7091770000000001
0.747929
0.721012
0.6356470000000001
0.44095
0.03367
0.020045999999999998
0.0
0.0
0.0
0.0
0.0
0.0
0.0
0.0
0.0
0.0
0.0
0.0
0.0
0.011679
0.078301
0.166
0.42920400000000003
0.339337
0.511219
0.441909
0.283908
0.158018
0.049897
0.02707
0.0
0.0
0.0
0.0
0.0
0.0
0.0
0.0
0.0
0.0
0.0
0.0
0.0
0.011840999999999999
0.020345
0.100823
0.23365
0.270569
0.358401
0.190166
0.193726
0.160071
0.062252
0.024196000000000002
0.0
0.0
0.0
0.0
0.0
0.0
0.0
0.0
0.0
0.0
0.0
0.0
0.0
0.011854
0.089792
0.18815
0.267218
0.36712599999999995
0.374966
0.60977
0.419428
0.488271
0.191389
0.027895
0.0
0.0
0.0
0.0
0.0
0.0
0.0
0.0
0.0
0.0
0.0
0.0
0.0
0.058669
0.207255
0.323073
0.5602480000000001
0.578858
0.6966979999999999
0.69521
0.622597
0.514255
0.33547899999999997
0.136835
0.0
0.0
0.0
0.0
0.0
0.0
0.0
0.0
0.0
0.0
0.0
0.0
0.0
0.01248
0.027341999999999998
0.243138
0.426712
0.49961700000000003
0.684504
0.7215280000000001
0.644856
0.514208
0.330749
0.129269
0.0
0.0
0.0
0.0
0.0
0.0
0.0
0.0
0.0
0.0
0.0
0.0
0.0
0.012452
0.079721
0.384181
0.554009
0.6639769999999999
0.718488
0.73212
0.6559919999999999
0.522127
0.345257
0.13394399999999998
0.0
0.0
0.0
0.0
0.0
0.0
0.0
0.0
0.0
0.0
0.0
0.0
0.0
0.012402
0.207235
0.515841
0.634324
0.728081
0.759832
0.750544
0.672914
0.535476
0.352037
0.127493
0.0
0.0
0.0
0.0
0.0
0.0
0.0
0.0
0.0
0.0
0.0
0.0
0.0
0.012262
0.217162
0.462829
0.621404
0.715844
0.761887
0.733617
0.632181
0.082846
0.0979
0.010705
0.0
0.0
0.0
0.0
0.0
0.0
0.0
0.0
0.0
0.0
0.0
0.0
0.0
0.012946999999999998
0.19386099999999998
0.426631
0.575294
0.6945209999999999
0.737658
0.715997
0.644614
0.50615
0.032691000000000005
0.008601000000000001
0.0
0.0
0.0
0.0
0.0
0.0
0.0
0.0
0.0
0.0
0.0
0.0
0.0
0.048600000000000004
0.206774
0.46141000000000004
0.611298
0.713508
0.755642
0.727765
0.6554869999999999
0.418161
0.341322
0.130856
0.0
0.0
0.0
0.0
0.0
0.0
0.0
0.0
0.0
0.0
0.0
0.0
0.0
0.177238
0.26303899999999997
0.5169210000000001
0.6480560000000001
0.721132
0.751887
0.734738
0.658047
0.089287
0.148566
0.013976
0.0
0.0
0.0
0.0
0.0
0.0
0.0
0.0
0.0
0.0
0.0
0.0
0.0
0.016286000000000002
0.27107600000000004
0.49179
0.6116849999999999
0.675048
0.694779
0.6898110000000001
0.416456
0.08747400000000001
0.091234
0.09043899999999999
0.0
0.0
0.0
0.0
0.0
0.0
0.0
0.0
0.0
0.0
0.0
0.0
0.0
0.074033
0.063867
0.32602600000000004
0.450534
0.547124
0.6143200000000001
0.597592
0.534891
0.445543
0.270394
0.115443
0.0
0.0
0.0
0.0
0.0
0.0
0.0
0.0
0.0
0.0
0.0
0.0
0.0
0.014306
0.186683
0.47351499999999996
0.630533
0.7033339999999999
0.737084
0.7179249999999999
0.6108680000000001
0.22209399999999999
0.027864
0.009381
0.0
0.0
0.0
0.0
0.0
0.0
0.0
0.0
0.0
0.0
0.0
0.0
0.0
0.247918
0.022958
0.157298
0.120855
0.107757
0.168201
0.144362
0.107538
0.094567
0.034091
0.014565
0.0
0.0
0.0
0.0
0.0
0.0
0.0
0.0
0.0
0.0
0.0
0.0
0.0
0.014492000000000001
0.349129
0.522038
0.607876
0.674698
0.6109990000000001
0.7055520000000001
0.630341
0.49041500000000005
0.159051
0.042254
0.0
0.0
0.0
0.0
0.0
0.0
0.0
0.0
0.0
0.0
0.0
0.0
0.0
0.014454
0.055839
0.212269
0.45631499999999997
0.29269
0.501485
0.475267
0.445556
0.441974
0.24546
0.12618300000000002
0.0
0.0
0.0
0.0
0.0
0.0
0.0
0.0
0.0
0.0
0.0
0.0
0.0
0.015193
0.03645
0.486714
0.633071
0.712466
0.7333869999999999
0.708211
0.627706
0.47680700000000004
0.033998
0.014483000000000001
0.0
0.0
0.0
0.0
0.0
0.0
0.0
0.0
0.0
0.0
0.0
0.0
0.0
0.015305
0.02348
0.298031
0.47857900000000003
0.6881309999999999
0.5917060000000001
0.6918529999999999
0.523346
0.20580400000000001
0.025164000000000002
0.009468
0.0
0.0
0.0
0.0
0.0
0.0
0.0
0.0
0.0
0.0
0.0
0.0
0.0
0.033357
0.359298
0.538547
0.6552039999999999
0.722833
0.749872
0.7244160000000001
0.63867
0.347707
0.052914
0.072904
0.0
0.0
0.0
0.0
0.0
0.0
0.0
0.0
0.0
0.0
0.0
0.0
0.0
0.10224
0.376195
0.54428
0.6672380000000001
0.725146
0.761506
0.731274
0.652173
0.518638
0.331413
0.11751
9.3e-05
0.0
0.0
0.0
0.0
0.0
0.0
0.0
0.0
0.0
0.0
0.0
0.0
0.020892
0.30090300000000003
0.482233
0.600976
0.698673
0.737264
0.7160030000000001
0.623709
0.497707
0.31928199999999995
0.12109099999999999
9.7e-05
0.0
0.0
0.0
0.0
0.0
0.0
0.0
0.0
0.0
0.0
0.0
0.0
0.050931
0.33337
0.5083949999999999
0.6378339999999999
0.7063440000000001
0.729395
0.713405
0.6265940000000001
0.498331
0.319935
0.116467
7.000000000000001e-05
0.0
0.0
0.0
0.0
0.0
0.0
0.0
0.0
0.0
0.0
0.0
0.0
0.125264
0.356676
0.514327
0.6384099999999999
0.707446
0.734756
0.723485
0.628409
0.499118
0.32322199999999995
0.117632
0.000928
0.0
0.0
0.0
0.0
0.0
0.0
0.0
0.0
0.0
0.0
0.0
0.0
0.067515
0.35719799999999996
0.50904
0.626912
0.689055
0.708059
0.69435
0.611366
0.490652
0.31105099999999997
0.113856
0.000484
0.0
0.0
0.0
0.0
0.0
0.0
0.0
0.0
0.0
0.0
0.0
0.0
0.015773
0.249561
0.44606999999999997
0.505361
0.655208
0.721221
0.697206
0.614113
0.484077
0.30830599999999997
0.115206
0.000516
0.0
0.0
0.0
0.0
0.0
0.0
0.0
0.0
0.0
0.0
0.0
0.0
0.082891
0.31978199999999996
0.49451799999999996
0.623619
0.655674
0.666712
0.690628
0.623069
0.489271
0.318604
0.115393
0.001343
0.0
0.0
0.0
0.0
0.0
0.0
0.0
0.0
0.0
0.0
0.0
0.0
0.047007
0.33419
0.5051410000000001
0.632494
0.6987709999999999
0.7207530000000001
0.625294
0.6189349999999999
0.485076
0.304923
0.11372199999999999
0.0
0.0
0.0
0.0
0.0
0.0
0.0
0.0
0.0
0.0
0.0
0.0
0.0
0.016402999999999997
0.246179
0.343637
0.578132
0.670468
0.716472
0.696558
0.6080599999999999
0.460329
0.302519
0.11178
0.001766
0.0
0.0
0.0
0.0
0.0
0.0
0.0
0.0
0.0
0.0
0.0
0.0
0.016398
0.175875
0.462697
0.5974149999999999
0.6894629999999999
0.712816
0.69309
0.608026
0.476685
0.30222000000000004
0.112249
0.0017800000000000001
0.0
0.0
0.0
0.0
0.0
0.0
0.0
0.0
0.0
0.0
0.0
0.00538
0.016413
0.223717
0.430253
0.588668
0.6553680000000001
0.708751
0.686941
0.6003379999999999
0.471591
0.301854
0.11297499999999999
0.000923
0.0
0.0
0.0
0.0
0.0
0.0
0.0
0.0
0.0
0.0
0.0
0.0
0.016426
0.251991
0.333247
0.457758
0.5936670000000001
0.614549
0.5712780000000001
0.45758499999999996
0.382379
0.23936000000000002
0.1087
0.0
0.0
0.0
0.0
0.0
0.0
0.0
0.0
0.0
0.0
0.0
0.0
0.006784
0.01703
0.232984
0.457406
0.6243350000000001
0.698247
0.72299
0.6906939999999999
0.6110410000000001
0.483344
0.303608
0.111521
0.0013469999999999999
0.0
0.0
0.0
0.0
0.0
0.0
0.0
0.0
0.0
0.0
0.0
0.0
0.01709
0.20967
0.410377
0.466889
0.616271
0.610996
0.603834
0.553963
0.435486
0.29404399999999997
0.106283
0.003042
0.0
0.0
0.0
0.0
0.0
0.0
0.0
0.0
0.0
0.0
0.0
0.0
0.220558
0.375331
0.537365
0.6573880000000001
0.7239099999999999
0.746711
0.704847
0.612362
0.48435199999999995
0.30972000000000005
0.109034
0.001727
0.0
0.0
0.0
0.0
0.0
0.0
0.0
0.0
0.0
0.0
0.0
0.0
0.017016
0.302902
0.486478
0.612074
0.668241
0.697131
0.664775
0.589978
0.462891
0.28634
0.108434
0.000891
0.0
0.0
0.0
0.0
0.0
0.0
0.0
0.0
0.0
0.0
0.0
0.0
0.031503
0.336206
0.415559
0.660679
0.719828
0.7399070000000001
0.670735
0.509651
0.141279
0.061657
0.021297
0.0
0.0
0.0
0.0
0.0
0.0
0.0
0.0
0.0
0.0
0.0
0.0
0.0
0.045311
0.306073
0.5322619999999999
0.655486
0.725183
0.742058
0.7070810000000001
0.620081
0.474457
0.19031499999999998
0.051591
0.0
0.0
0.0
0.0
0.0
0.0
0.0
0.0
0.0
0.0
0.0
0.0
0.0
0.134344
0.34904599999999997
0.5221079999999999
0.612776
0.693176
0.727936
0.689723
0.267287
0.228965
0.128839
0.010194000000000002
0.0
0.0
0.0
0.0
0.0
0.0
0.0
0.0
0.0
0.0
0.0
0.0
0.0
0.030311
0.22905
0.489783
0.561629
0.704678
0.719452
0.211685
0.32999900000000004
0.089015
0.033943
0.01022
0.0
0.0
0.0
0.0
0.0
0.0
0.0
0.0
0.0
0.0
0.0
0.0
0.0
0.18431
0.33808
0.425628
0.616688
0.707908
0.7251369999999999
0.692346
0.564322
0.044114
0.025120999999999997
0.010203
0.0005600000000000001
0.0
0.0
0.0
0.0
0.0
0.0
0.0
0.0
0.0
0.0
0.0
0.0
0.075955
0.319984
0.47405
0.588341
0.671925
0.6954640000000001
0.671126
0.584449
0.371664
0.059808
0.015737
0.0
0.0
0.0
0.0
0.0
0.0
0.0
0.0
0.0
0.0
0.0
0.0
0.0
0.050676
0.191865
0.341138
0.422508
0.563502
0.663848
0.602365
0.5449769999999999
0.38285399999999997
0.226646
0.073817
0.0
0.0
0.0
0.0
0.0
0.0
0.0
0.0
0.0
0.0
0.0
0.0
0.0
0.045458
0.203266
0.291387
0.400932
0.588024
0.591264
0.613727
0.577437
0.457303
0.046674999999999994
0.02219
0.0
0.0
0.0
0.0
0.0
0.0
0.0
0.0
0.0
0.0
0.0
0.0
0.0
0.066271
0.060848
0.31392899999999996
0.20859899999999998
0.36441500000000004
0.412086
0.57133
0.221243
0.21159299999999998
0.049427
0.017827000000000003
0.0
0.0
0.0
0.0
0.0
0.0
0.0
0.0
0.0
0.0
0.0
0.0
0.0
0.184785
0.34492500000000004
0.527651
0.62212
0.685639
0.700294
0.114928
0.106979
0.407154
0.17233
0.022907
0.0
0.0
0.0
0.0
0.0
0.0
0.0
0.0
0.0
0.0
0.0
0.0
0.0
0.082426
0.175004
0.317888
0.507939
0.508851
0.616778
0.558198
0.239882
0.223821
0.220801
0.086604
0.000957
0.0
0.0
0.0
0.0
0.0
0.0
0.0
0.0
0.0
0.0
0.0
0.0
0.018509
0.327523
0.49423500000000004
0.586974
0.667356
0.6884349999999999
0.6504460000000001
0.246809
0.055684
0.060198
0.024919
0.0
0.0
0.0
0.0
0.0
0.0
0.0
0.0
0.0
0.0
0.0
0.0
0.0
0.11677
0.303952
0.44573599999999997
0.590467
0.669931
0.6092240000000001
0.488108
0.06773900000000001
0.049049999999999996
0.025346
0.010664
0.0
0.0
0.0
0.0
0.0
0.0
0.0
0.0
0.0
0.0
0.0
0.0
0.016051
0.018299
0.026163
0.471326
0.28566199999999997
0.192582
0.149748
0.176814
0.44349900000000003
0.36879
0.281964
0.082622
0.000399
0.0
0.0
0.0
0.0
0.0
0.0
0.0
0.0
0.0
0.0
0.0
0.0
0.018215
0.026057
0.287433
0.44262799999999997
0.6429940000000001
0.655374
0.641593
0.535198
0.444247
0.261382
0.098729
0.002127
0.0
0.0
0.0
0.0
0.0
0.0
0.0
0.0
0.0
0.0
0.0
0.0
0.018938
0.026143
0.294107
0.593902
0.6375299999999999
0.580658
0.622214
0.41846
0.433093
0.276466
0.09711199999999999
0.0037679999999999996
0.0
0.0
0.0
0.0
0.0
0.0
0.0
0.0
0.0
0.0
0.0
0.0
0.16081600000000001
0.294712
0.48001299999999997
0.5817899999999999
0.623017
0.6470710000000001
0.621221
0.099771
0.0545
0.0605
0.024062
0.0
0.0
0.0
0.0
0.0
0.0
0.0
0.0
0.0
0.0
0.0
0.0
0.0
0.182251
0.321572
0.496822
0.598724
0.65497
0.6676
0.636324
0.540047
0.03804
0.025163
0.026161
0.0
0.0
0.0
0.0
0.0
0.0
0.0
0.0
0.0
0.0
0.0
0.0
0.0
0.018946
0.24153
0.448507
0.589129
0.608153
0.652084
0.6350410000000001
0.563635
0.45577100000000004
0.13229
0.045342
0.0055190000000000005
0.0
0.0
0.0
0.0
0.0
0.0
0.0
0.0
0.0
0.0
0.0
0.014276
0.232255
0.36623500000000003
0.5179640000000001
0.604302
0.645397
0.642941
0.622873
0.562779
0.44022100000000003
0.261293
0.09713200000000001
0.0055439999999999994
0.0
0.0
0.0
0.0
0.0
0.0
0.0
0.0
0.0
0.0
0.0
0.0
0.018876999999999998
0.34381900000000004
0.41557499999999997
0.359213
0.493423
0.628067
0.644864
0.5695330000000001
0.451615
0.036338
0.011869999999999999
0.0
0.0
0.0
0.0
0.0
0.0
0.0
0.0
0.0
0.0
0.0
0.0
0.0
0.08404099999999999
0.27321300000000004
0.487577
0.599677
0.6612380000000001
0.678673
0.65323
0.576587
0.457132
0.284855
0.09895999999999999
0.0074080000000000005
0.0
0.0
0.0
0.0
0.0
0.0
0.0
0.0
0.0
0.0
0.0
0.0
0.145202
0.28950099999999995
0.451786
0.573332
0.6365700000000001
0.653307
0.640424
0.571911
0.449844
0.28096699999999997
0.096901
0.007322
0.0
0.0
0.0
0.0
0.0
0.0
0.0
0.0
0.0
0.0
0.0
0.0
0.125615
0.278568
0.469994
0.582259
0.668079
0.682235
0.646617
0.563098
0.434604
0.27030200000000004
0.092444
0.005993
0.0
0.0
0.0
0.0
0.0
0.0
0.0
0.0
0.0
0.0
0.0
0.0
0.018905
0.300387
0.48800099999999996
0.590567
0.6468780000000001
0.664794
0.633225
0.562607
0.442394
0.272364
0.097875
0.0038239999999999997
0.0
0.0
0.0
0.0
0.0
0.0
0.0
0.0
0.0
0.0
0.0
0.0
0.046104
0.173124
0.43153800000000003
0.5114259999999999
0.62661
0.60181
0.627465
0.5436259999999999
0.29801
0.041133
0.010433999999999999
0.00641
0.0
0.0
0.0
0.0
0.0
0.0
0.0
0.0
0.0
0.0
0.0
0.0
0.039676
0.222662
0.46444799999999997
0.604557
0.660447
0.665492
0.634775
0.561413
0.44669400000000004
0.279649
0.100256
0.006456000000000001
0.0
0.0
0.0
0.0
0.0
0.0
0.0
0.0
0.0
0.0
0.0
0.0
0.018916
0.17972
0.479854
0.6030979999999999
0.6414460000000001
0.642402
0.577976
0.491285
0.102552
0.027131
0.014689
0.0
0.0
0.0
0.0
0.0
0.0
0.0
0.0
0.0
0.0
0.0
0.0
0.0
0.075861
0.27162000000000003
0.481909
0.589699
0.648485
0.668628
0.636564
0.5472250000000001
0.436811
0.275132
0.101196
0.006045
0.0
0.0
0.0
0.0
0.0
0.0
0.0
0.0
0.0
0.0
0.0
0.0
0.087222
0.295754
0.494807
0.600776
0.668821
0.681926
0.649971
0.557948
0.437299
0.26787299999999997
0.09755
0.00513
0.0
0.0
0.0
0.0
0.0
0.0
0.0
0.0
0.0
0.0
0.0
0.0
0.018907
0.299422
0.492913
0.6012329999999999
0.663011
0.675683
0.646239
0.567136
0.439277
0.27516
0.098618
0.006855000000000001
0.0
0.0
0.0
0.0
0.0
0.0
0.0
0.0
0.0
0.0
0.0
0.0
0.097708
0.296805
0.47047300000000003
0.58029
0.6522319999999999
0.647394
0.6175080000000001
0.520671
0.432388
0.276689
0.09342700000000001
0.003721
0.0
0.0
0.0
0.0
0.0
0.0
0.0
0.0
0.0
0.0
0.0
0.0
0.018997
0.17287899999999998
0.399138
0.547731
0.585806
0.654395
0.6248640000000001
0.550885
0.433694
0.276208
0.09979600000000001
0.005564
0.0
0.0
0.0
0.0
0.0
0.0
0.0
0.0
0.0
0.0
0.0
0.0
0.018966999999999998
0.160297
0.458942
0.5749299999999999
0.6327659999999999
0.655106
0.610445
0.5426449999999999
0.420221
0.226426
0.10245
0.005809
0.0
0.0
0.0
0.0
0.0
0.0
0.0
0.0
0.0
0.0
0.0
0.0
0.018942
0.242817
0.45137299999999997
0.582094
0.651795
0.6706989999999999
0.622932
0.543221
0.4279
0.27673000000000003
0.102049
0.0063620000000000005
0.0
0.0
0.0
0.0
0.0
0.0
0.0
0.0
0.0
0.0
0.0
0.0
0.018928
0.205163
0.458459
0.582118
0.636682
0.655575
0.6162839999999999
0.5495270000000001
0.43207999999999996
0.273453
0.101415
0.00642
0.0
0.0
0.0
0.0
0.0
0.0
0.0
0.0
0.0
0.0
0.0
0.0
0.018913
0.261424
0.474404
0.587408
0.642794
0.667417
0.638981
0.565323
0.444885
0.27886099999999997
0.103435
0.005626
0.0
0.0
0.0
0.0
0.0
0.0
0.0
0.0
0.0
0.0
0.0
0.0
0.018997
0.125636
0.45659
0.571287
0.634878
0.6642
0.642169
0.558218
0.432839
0.271138
0.100228
0.006874
0.0
0.0
0.0
0.0
0.0
0.0
0.0
0.0
0.0
0.0
0.0
0.0
0.018876
0.26261599999999996
0.46059300000000003
0.551848
0.634554
0.652947
0.622506
0.5533640000000001
0.429056
0.269232
0.100131
0.006751
0.0
0.0
0.0
0.0
0.0
0.0
0.0
0.0
0.0
0.0
0.0
0.0068449999999999995
0.018802
0.247982
0.44560500000000003
0.567972
0.631381
0.6510499999999999
0.627317
0.551779
0.430153
0.26891699999999996
0.102702
0.006213
0.0
0.0
0.0
0.0
0.0
0.0
0.0
0.0
0.0
0.0
0.0
0.0
0.018818
0.12332
0.481931
0.533243
0.579058
0.540472
0.5558379999999999
0.520673
0.41552
0.249018
0.096008
0.006855000000000001
0.0
0.0
0.0
0.0
0.0
0.0
0.0
0.0
0.0
0.0
0.0
0.0
0.018158
0.26405
0.39814499999999997
0.51618
0.58327
0.586231
0.563002
0.517362
0.376034
0.226594
0.095776
0.0006929999999999999
0.0
0.0
0.0
0.0
0.0
0.0
0.0
0.0
0.0
0.0
0.0
0.0
0.04233700000000001
0.278236
0.30339499999999997
0.371756
0.474204
0.398763
0.490504
0.41732400000000003
0.322624
0.25645100000000004
0.087221
0.002726
0.0
0.0
0.0
0.0
0.0
0.0
0.0
0.0
0.0
0.0
0.0
0.002212
0.018026
0.262472
0.447051
0.5456259999999999
0.613919
0.6327619999999999
0.607565
0.250474
0.34758999999999995
0.260108
0.102324
0.004452
0.0
0.0
0.0
0.0
0.0
0.0
0.0
0.0
0.0
0.0
0.0
0.0
0.018142
0.043945
0.142121
0.297606
0.253556
0.478246
0.515559
0.33258499999999996
0.345371
0.23522800000000002
0.09761
0.007194
0.0
0.0
0.0
0.0
0.0
0.0
0.0
0.0
0.0
0.0
0.0
0.0
0.018091
0.035147
0.193095
0.32359899999999997
0.441279
0.38495999999999997
0.415678
0.351043
0.244781
0.233826
0.061344
0.005756
0.0
0.0
0.0
0.0
0.0
0.0
0.0
0.0
0.0
0.0
0.0
0.0
0.018196999999999998
0.159205
0.151929
0.206945
0.265071
0.46117
0.365356
0.253393
0.16664500000000002
0.13309700000000002
0.054662999999999996
0.002362
0.0
0.0
0.0
0.0
0.0
0.0
0.0
0.0
0.0
0.0
0.0
0.0
0.018292000000000003
0.025756
0.062415
0.181929
0.207225
0.177126
0.232214
0.2722
0.16048400000000002
0.156983
0.051565
0.0029100000000000003
0.0
0.0
0.0
0.0
0.0
0.0
0.0
0.0
0.0
0.0
0.0
0.0
0.018444
0.025856999999999998
0.072299
0.191442
0.362216
0.38187400000000005
0.31505500000000003
0.297317
0.265023
0.124973
0.10634099999999999
0.007887
0.0
0.0
0.0
0.0
0.0
0.0
0.0
0.0
0.0
0.0
0.0
0.0
0.018303
0.025599
0.145354
0.314834
0.409479
0.622398
0.49780599999999997
0.228655
0.180993
0.197135
0.081297
0.006085
0.0
0.0
0.0
0.0
0.0
0.0
0.0
0.0
0.0
0.0
0.0
0.0
0.018215
0.072295
0.34824299999999997
0.513676
0.6054189999999999
0.49887
0.580125
0.527682
0.418408
0.271446
0.081941
0.008973
0.0
0.0
0.0
0.0
0.0
0.0
0.0
0.0
0.0
0.0
0.0
0.0
0.018254000000000003
0.318605
0.40846499999999997
0.546726
0.606548
0.628232
0.598424
0.301074
0.187584
0.166657
0.065327
0.009326000000000001
0.0
0.0
0.0
0.0
0.0
0.0
0.0
0.0
0.0
0.0
0.0
0.0
0.202018
0.141674
0.24582400000000001
0.506533
0.554937
0.390472
0.549866
0.483605
0.442627
0.23499799999999998
0.100838
0.009867
0.0
0.0
0.0
0.0
0.0
0.0
0.0
0.0
0.0
0.0
0.0
0.0
0.018193
0.062969
0.161835
0.28762
0.5248339999999999
0.505551
0.470411
0.44618599999999997
0.318986
0.20402199999999998
0.088492
0.007655
0.0
0.0
0.0
0.0
0.0
0.0
0.0
0.0
0.0
0.0
0.0
0.0
0.018144999999999998
0.09345099999999999
0.350891
0.560608
0.607191
0.5919869999999999
0.593168
0.526495
0.420489
0.252004
0.085935
0.009115
0.0
0.0
0.0
0.0
0.0
0.0
0.0
0.0
0.0
0.0
0.0
0.0
0.018168
0.028137
0.2782
0.560652
0.606133
0.619487
0.5890700000000001
0.524991
0.365481
0.25194900000000003
0.107764
0.009035
0.0
0.0
0.0
0.0
0.0
0.0
0.0
0.0
0.0
0.0
0.0
0.0
0.017391999999999998
0.093151
0.38914499999999996
0.5525410000000001
0.526034
0.508353
0.5171870000000001
0.302582
0.37371899999999997
0.26264499999999996
0.10926999999999999
0.007888
0.0
0.0
0.0
0.0
0.0
0.0
0.0
0.0
0.0
0.0
0.0
0.0
0.017467
0.09865399999999999
0.402969
0.424438
0.56655
0.6382720000000001
0.444105
0.37184100000000003
0.359452
0.251161
0.102813
0.007585
0.0
0.0
0.0
0.0
0.0
0.0
0.0
0.0
0.0
0.0
0.0
0.0
0.017655
0.033607
0.390375
0.54179
0.46113
0.293134
0.44599900000000003
0.164721
0.094604
0.130008
0.108544
0.010752000000000001
0.0
0.0
0.0
0.0
0.0
0.0
0.0
0.0
0.0
0.0
0.0
0.013768
0.017511
0.083703
0.374375
0.5521309999999999
0.457082
0.581613
0.393306
0.345527
0.184532
0.223037
0.044808999999999995
0.012397
0.0
0.0
0.0
0.0
0.0
0.0
0.0
0.0
0.0
0.0
0.0
0.0
0.017505
0.063915
0.375293
0.369103
0.6259880000000001
0.618673
0.578534
0.43116699999999997
0.206043
0.125944
0.112067
0.011994
0.0
0.0
0.0
0.0
0.0
0.0
0.0
0.0
0.0
0.0
0.0
0.0
0.017446000000000003
0.02467
0.456197
0.571409
0.5546169999999999
0.6162519999999999
0.605385
0.537898
0.42966899999999997
0.281441
0.113157
0.012835000000000001
0.0
0.0
0.0
0.0
0.0
0.0
0.0
0.0
0.0
0.0
0.0
0.0
0.017460999999999997
0.024624
0.40829899999999997
0.544212
0.612573
0.5200359999999999
0.255494
0.472339
0.35121199999999997
0.279214
0.078199
0.006261
0.0
0.0
0.0
0.0
0.0
0.0
0.0
0.0
0.0
0.0
0.0
0.0015509999999999999
0.017571
0.112565
0.286835
0.389661
0.554736
0.44365499999999997
0.559499
0.458541
0.21107499999999998
0.24750899999999998
0.096431
0.006469
0.0
0.0
0.0
0.0
0.0
0.0
0.0
0.0
0.0
0.0
0.0
0.0
0.017578
0.041983
0.12554600000000002
0.320401
0.433661
0.260486
0.161605
0.17099199999999998
0.061073
0.026678
0.012791
0.0
0.0
0.0
0.0
0.0
0.0
0.0
0.0
0.0
0.0
0.0
0.0
0.0
0.017758
0.025202000000000002
0.072467
0.234424
0.419374
0.49006099999999997
0.608101
0.463508
0.42619999999999997
0.27147899999999997
0.116647
0.012617000000000001
0.0
0.0
0.0
0.0
0.0
0.0
0.0
0.0
0.0
0.0
0.0
0.0
0.028929
0.087312
0.34171300000000004
0.37862799999999996
0.470289
0.649076
0.603283
0.484547
0.307882
0.27995
0.11572
0.013423000000000001
0.0
0.0
0.0
0.0
0.0
0.0
0.0
0.0
0.0
0.0
0.0
0.0
0.01758
0.06136
0.253144
0.37044499999999997
0.438809
0.507412
0.427623
0.447219
0.318969
0.241176
0.088195
0.012449
0.0
0.0
0.0
0.0
0.0
0.0
0.0
0.0
0.0
0.0
0.0
0.0
0.017532
0.08421
0.404018
0.4787
0.583979
0.661101
0.642741
0.566292
0.453389
0.289746
0.058732
0.0018189999999999999
0.0
0.0
0.0
0.0
0.0
0.0
0.0
0.0
0.0
0.0
0.0
0.0
0.01764
0.024273
0.48208999999999996
0.578978
0.6407630000000001
0.684399
0.6460499999999999
0.564307
0.45175099999999996
0.291345
0.117566
0.01506
0.0
0.0
0.0
0.0
0.0
0.0
0.0
0.0
0.0
0.0
0.0
0.0
0.017683
0.024333999999999998
0.461355
0.542224
0.621873
0.668438
0.632365
0.5410839999999999
0.443147
0.29489699999999996
0.117325
0.015635
0.0
0.0
0.0
0.0
0.0
0.0
0.0
0.0
0.0
0.0
0.0
0.0
0.016902
0.15359399999999998
0.410391
0.507463
0.5457759999999999
0.585173
0.585292
0.508137
0.353053
0.23404
0.11820099999999999
0.014444
0.0
0.0
0.0
0.0
0.0
0.0
0.0
0.0
0.0
0.0
0.0
0.0
0.016911000000000002
0.20490799999999998
0.267814
0.35532600000000003
0.393794
0.451397
0.342123
0.33904199999999995
0.294852
0.16695400000000002
0.069759
0.007666
0.0
0.0
0.0
0.0
0.0
0.0
0.0
0.0
0.0
0.0
0.0
0.0
0.016937999999999998
0.04697
0.165328
0.353264
0.470146
0.466255
0.436762
0.38105399999999995
0.275973
0.157507
0.103212
0.01589
0.0
0.0
0.0
0.0
0.0
0.0
0.0
0.0
0.0
0.0
0.0
0.010490000000000001
0.016927
0.024203
0.432674
0.550924
0.5653490000000001
0.490654
0.57569
0.542188
0.404523
0.17252
0.013510999999999999
0.004592
0.0
0.0
0.0
0.0
0.0
0.0
0.0
0.0
0.0
0.0
0.0
0.0
0.016960999999999997
0.056199
0.412466
0.540858
0.598187
0.607924
0.5620879999999999
0.5442480000000001
0.43594499999999997
0.293514
0.119585
0.013131
0.0
0.0
0.0
0.0
0.0
0.0
0.0
0.0
0.0
0.0
0.0
0.0
0.016912
0.024138000000000003
0.40126999999999996
0.5601459999999999
0.626034
0.667377
0.629875
0.559626
0.448295
0.041595999999999994
0.101162
0.014584
0.0
0.0
0.0
0.0
0.0
0.0
0.0
0.0
0.0
0.0
0.0
0.0
0.016934
0.024253
0.450548
0.5712
0.6205839999999999
0.611001
0.6023569999999999
0.5551609999999999
0.418708
0.28924
0.120057
0.013461
0.0
0.0
0.0
0.0
0.0
0.0
0.0
0.0
0.0
0.0
0.0
0.0
0.016829999999999998
0.02404
0.453079
0.528123
0.5738300000000001
0.64689
0.630057
0.525087
0.29527800000000004
0.272659
0.113645
0.015617
0.0
0.0
0.0
0.0
0.0
0.0
0.0
0.0
0.0
0.0
0.0
0.0
0.016842
0.024077
0.41580399999999995
0.50961
0.5584349999999999
0.577472
0.5034150000000001
0.44896600000000003
0.382472
0.25863600000000003
0.094303
0.015356999999999999
0.0
0.0
0.0
0.0
0.0
0.0
0.0
0.0
0.0
0.0
0.0
0.0
0.016895
0.044052
0.374716
0.506586
0.6016889999999999
0.6496470000000001
0.63744
0.557689
0.45555900000000005
0.303647
0.122974
0.015359
0.0
0.0
0.0
0.0
0.0
0.0
0.0
0.0
0.0
0.0
0.0
0.0
0.016948
0.029207
0.426978
0.5690040000000001
0.491293
0.658432
0.619788
0.567043
0.44309699999999996
0.29095
0.120443
0.015415
0.0
0.0
0.0
0.0
0.0
0.0
0.0
0.0
0.0
0.0
0.0
0.0
0.017081
0.024508
0.39310500000000004
0.562923
0.606775
0.6511359999999999
0.609861
0.5403049999999999
0.458332
0.305745
0.122721
0.014199999999999999
0.0
0.0
0.0
0.0
0.0
0.0
0.0
0.0
0.0
0.0
0.0
0.0
0.016986
0.023614999999999997
0.438485
0.562219
0.603778
0.646941
0.558609
0.51358
0.38406799999999996
0.306064
0.123842
0.014945
0.0
0.0
0.0
0.0
0.0
0.0
0.0
0.0
0.0
0.0
0.0
0.0009260000000000001
0.016422999999999997
0.14517
0.35189
0.217859
0.31231200000000003
0.304172
0.314645
0.36552300000000004
0.353337
0.226259
0.019231
0.009196
0.0
0.0
0.0
0.0
0.0
0.0
0.0
0.0
0.0
0.0
0.0
0.0
0.016366
0.056896999999999996
0.09257800000000001
0.215559
0.491316
0.5407540000000001
0.5407519999999999
0.27026100000000003
0.05948
0.064618
0.088949
0.006013
0.0
0.0
0.0
0.0
0.0
0.0
0.0
0.0
0.0
0.0
0.0
0.0
0.189755
0.311829
0.457615
0.383428
0.637506
0.655712
0.583881
0.419668
0.346081
0.29539299999999996
0.120884
0.013813
0.0
0.0
0.0
0.0
0.0
0.0
0.0
0.0
0.0
0.0
0.0
0.0
0.016392
0.023815000000000003
0.041034999999999995
0.29805000000000004
0.40459300000000004
0.316649
0.345474
0.50039
0.364807
0.264462
0.11579099999999999
0.013479
0.0
0.0
0.0
0.0
0.0
0.0
0.0
0.0
0.0
0.0
0.0
0.0
0.016374
0.023835000000000002
0.061103000000000005
0.126125
0.168619
0.211291
0.336784
0.4596
0.184597
0.15567699999999998
0.083689
0.0021939999999999998
0.0
0.0
0.0
0.0
0.0
0.0
0.0
0.0
0.0
0.0
0.0
0.0
0.016307
0.06652
0.35281799999999996
0.489137
0.355526
0.25279599999999997
0.11316200000000001
0.127917
0.15932
0.033879
0.07992
0.006764999999999999
0.0
0.0
0.0
0.0
0.0
0.0
0.0
0.0
0.0
0.0
0.0
0.0
0.016295999999999998
0.066667
0.393931
0.251848
0.335068
0.449469
0.350964
0.28196699999999997
0.178273
0.17639
0.087785
0.010458
0.0
0.0
0.0
0.0
0.0
0.0
0.0
0.0
0.0
0.0
0.0
0.0
0.016194
0.074919
0.292596
0.268734
0.433135
0.41467000000000004
0.322732
0.175202
0.252298
0.15364
0.069022
0.008304
0.0
0.0
0.0
0.0
0.0
0.0
0.0
0.0
0.0
0.0
0.0
0.0
0.016159
0.023494
0.10874500000000001
0.10243600000000001
0.16803200000000001
0.210385
0.23061
0.14814
0.160008
0.091529
0.039331000000000005
0.006951
0.0
0.0
0.0
0.0
0.0
0.0
0.0
0.0
0.0
0.0
0.0
0.0
0.016259
0.023666
0.06866599999999999
0.10292
0.13662200000000002
0.13640799999999997
0.11308499999999999
0.12847399999999998
0.147921
0.149165
0.053813
0.00821
0.0
0.0
0.0
0.0
0.0
0.0
0.0
0.0
0.0
0.0
0.0
0.0
0.016267
0.025696
0.40839600000000004
0.43147
0.519473
0.48421499999999995
0.442379
0.39386200000000005
0.35859399999999997
0.114611
0.053700000000000005
0.00937
0.0
0.0
0.0
0.0
0.0
0.0
0.0
0.0
0.0
0.0
0.0
0.0
0.150755
0.092461
0.37612900000000005
0.531842
0.542246
0.593819
0.48019799999999996
0.341021
0.339236
0.17211400000000002
0.12498999999999999
0.010371
0.0
0.0
0.0
0.0
0.0
0.0
0.0
0.0
0.0
0.0
0.0
0.0
0.057311999999999995
0.101262
0.168462
0.36967099999999997
0.4588
0.530753
0.564001
0.43358300000000005
0.446864
0.30943200000000004
0.125032
0.010342
0.0
0.0
0.0
0.0
0.0
0.0
0.0
0.0
0.0
0.0
0.0
0.002045
0.016319
0.023766
0.48740300000000003
0.603991
0.656157
0.6710470000000001
0.6300180000000001
0.542799
0.198721
0.027379
0.029205
0.005118
0.0
0.0
0.0
0.0
0.0
0.0
0.0
0.0
0.0
0.0
0.0
0.005091999999999999
0.01622
0.023569
0.451287
0.590731
0.6297
0.643926
0.582168
0.072362
0.052336
0.049479999999999996
0.115725
0.01017
0.0
0.0
0.0
0.0
0.0
0.0
0.0
0.0
0.0
0.0
0.0
0.0
0.016204999999999997
0.138058
0.298404
0.45420499999999997
0.454281
0.372853
0.461343
0.250123
0.20379
0.15446100000000001
0.077139
0.008513999999999999
0.0
0.0
0.0
0.0
0.0
0.0
0.0
0.0
0.0
0.0
0.0
0.0
0.016252
0.096488
0.34331799999999996
0.49573700000000004
0.383872
0.244452
0.354506
0.21072300000000002
0.150503
0.066715
0.03047
0.0
0.0
0.0
0.0
0.0
0.0
0.0
0.0
0.0
0.0
0.0
0.0
0.0
0.01626
0.030792
0.09966
0.32726299999999997
0.491949
0.5970850000000001
0.606263
0.418862
0.25805900000000004
0.217565
0.125854
0.008487
0.0
0.0
0.0
0.0
0.0
0.0
0.0
0.0
0.0
0.0
0.0
0.0
0.016170999999999998
0.164927
0.212733
0.314742
0.5017280000000001
0.5995940000000001
0.513794
0.367089
0.27119099999999996
0.203292
0.086881
0.005721
0.0
0.0
0.0
0.0
0.0
0.0
0.0
0.0
0.0
0.0
0.0
0.0
0.015563
0.080393
0.153674
0.229505
0.165638
0.34454399999999996
0.334172
0.23837799999999998
0.175572
0.108168
0.07424800000000001
0.0
0.0
0.0
0.0
0.0
0.0
0.0
0.0
0.0
0.0
0.0
0.0
0.0
0.050698
0.041245
0.142484
0.409861
0.635432
0.6617540000000001
0.47091000000000005
0.510899
0.291175
0.18119200000000002
0.097411
0.007631000000000001
0.0
0.0
0.0
0.0
0.0
0.0
0.0
0.0
0.0
0.0
0.0
0.0
0.015445
0.19420400000000002
0.369375
0.555578
0.620826
0.644276
0.550498
0.494628
0.34633400000000003
0.208091
0.087034
0.003006
0.0
0.0
0.0
0.0
0.0
0.0
0.0
0.0
0.0
0.0
0.0
0.0
0.015467
0.059126
0.36980599999999997
0.590558
0.668729
0.690926
0.612774
0.517147
0.24953399999999998
0.270373
0.123309
0.008171
0.0
0.0
0.0
0.0
0.0
0.0
0.0
0.0
0.0
0.0
0.0
0.0
0.015419
0.10053
0.389981
0.597837
0.670809
0.6910499999999999
0.6567799999999999
0.549618
0.454374
0.29944099999999996
0.123007
0.006846
0.0
0.0
0.0
0.0
0.0
0.0
0.0
0.0
0.0
0.0
0.0
0.0
0.0154
0.121529
0.405099
0.591426
0.658945
0.693871
0.665796
0.527796
0.459281
0.23050299999999999
0.08429
0.004615
0.0
0.0
0.0
0.0
0.0
0.0
0.0
0.0
0.0
0.0
0.0
0.0
0.018907
0.17211600000000002
0.402446
0.349666
0.370726
0.189027
0.378654
0.292096
0.272583
0.302439
0.109432
0.008663
0.0
0.0
0.0
0.0
0.0
0.0
0.0
0.0
0.0
0.0
0.0
0.0
0.015476
0.044685
0.35752999999999996
0.537267
0.544858
0.573812
0.535672
0.431897
0.354267
0.187488
0.093754
0.005572
0.0
0.0
0.0
0.0
0.0
0.0
0.0
0.0
0.0
0.0
0.0
0.0
0.04136
0.216098
0.45235000000000003
0.568685
0.6285149999999999
0.6783170000000001
0.653203
0.578314
0.470529
0.30900900000000003
0.123462
0.009097
0.0
0.0
0.0
0.0
0.0
0.0
0.0
0.0
0.0
0.0
0.0
0.002796
0.027734
0.13659800000000002
0.42133800000000005
0.600606
0.667913
0.684944
0.66444
0.5904400000000001
0.479496
0.319344
0.12484
0.008721999999999999
0.0
0.0
0.0
0.0
0.0
0.0
0.0
0.0
0.0
0.0
0.0
0.0
0.11845099999999999
0.121994
0.42719999999999997
0.603312
0.666577
0.693863
0.6714410000000001
0.592375
0.476547
0.299923
0.11254
0.00767
0.0
0.0
0.0
0.0
0.0
0.0
0.0
0.0
0.0
0.0
0.0
0.001574
0.031775
0.193153
0.452944
0.582486
0.6559170000000001
0.6899930000000001
0.653377
0.594144
0.462192
0.268024
0.12057599999999999
0.006896
0.0
0.0
0.0
0.0
0.0
0.0
0.0
0.0
0.0
0.0
0.0
0.000637
0.053581000000000004
0.19538
0.412071
0.588609
0.6303150000000001
0.663876
0.650072
0.591392
0.480192
0.310333
0.12043000000000001
0.0076100000000000004
0.0
0.0
0.0
0.0
0.0
0.0
0.0
0.0
0.0
0.0
0.0
0.0
0.015444000000000001
0.195041
0.431223
0.409664
0.507651
0.534393
0.591135
0.304483
0.211654
0.07657
0.021952000000000003
0.0
0.0
0.0
0.0
0.0
0.0
0.0
0.0
0.0
0.0
0.0
0.0
0.001236
0.015536
0.21144900000000003
0.49420600000000003
0.592055
0.666646
0.694855
0.672137
0.595032
0.47913799999999995
0.222856
0.023417999999999998
0.0
0.0
0.0
0.0
0.0
0.0
0.0
0.0
0.0
0.0
0.0
0.0
0.0
0.10309099999999999
0.212972
0.45909300000000003
0.60985
0.675179
0.701729
0.6838529999999999
0.5542549999999999
0.425157
0.297048
0.121274
0.006547
0.0
0.0
0.0
0.0
0.0
0.0
0.0
0.0
0.0
0.0
0.0
0.0
0.133982
0.218295
0.474144
0.5921259999999999
0.670615
0.6966979999999999
0.678842
0.609499
0.492273
0.319872
0.119914
0.0060279999999999995
0.0
0.0
0.0
0.0
0.0
0.0
0.0
0.0
0.0
0.0
0.0
0.0
0.15183000000000002
0.25373
0.480918
0.6078669999999999
0.682643
0.713831
0.698064
0.60335
0.48106
0.320847
0.119914
0.005634999999999999
0.0
0.0
0.0
0.0
0.0
0.0
0.0
0.0
0.0
0.0
0.0
0.0
0.023523
0.082251
0.26460300000000003
0.5697380000000001
0.548022
0.664198
0.663265
0.505413
0.43637
0.294325
0.118685
0.0043289999999999995
0.0
0.0
0.0
0.0
0.0
0.0
0.0
0.0
0.0
0.0
0.0
0.0
0.015685
0.34460599999999997
0.244395
0.345578
0.464589
0.323505
0.47628899999999996
0.463484
0.230626
0.218149
0.107083
0.00307
0.0
0.0
0.0
0.0
0.0
0.0
0.0
0.0
0.0
0.0
0.0
0.0
0.170473
0.367428
0.519916
0.5901660000000001
0.641244
0.680611
0.6452060000000001
0.580782
0.464521
0.25749299999999997
0.095557
0.002646
0.0
0.0
0.0
0.0
0.0
0.0
0.0
0.0
0.0
0.0
0.0
0.0
0.230156
0.327474
0.33568200000000004
0.236683
0.24879400000000002
0.26719600000000004
0.301242
0.2871
0.06887
0.030323
0.042057000000000004
0.0
0.0
0.0
0.0
0.0
0.0
0.0
0.0
0.0
0.0
0.0
0.0
0.0
0.035057000000000005
0.13308099999999998
0.142436
0.329669
0.366858
0.5494600000000001
0.356124
0.32377999999999996
0.218768
0.250696
0.067403
0.0022389999999999997
0.0
0.0
0.0
0.0
0.0
0.0
0.0
0.0
0.0
0.0
0.0
0.0
0.20861000000000002
0.344574
0.383826
0.11955500000000001
0.068797
0.1433
0.208426
0.138103
0.198963
0.13162000000000001
0.102404
0.0
0.0
0.0
0.0
0.0
0.0
0.0
0.0
0.0
0.0
0.0
0.0
0.0
0.04487
0.188663
0.272462
0.409312
0.638182
0.097093
0.088488
0.182369
0.266044
0.270177
0.110836
0.0
0.0
0.0
0.0
0.0
0.0
0.0
0.0
0.0
0.0
0.0
0.0
0.0
0.065387
0.234471
0.437556
0.583818
0.673671
0.684755
0.42998899999999995
0.102764
0.456918
0.29248
0.100937
0.0
0.0
0.0
0.0
0.0
0.0
0.0
0.0
0.0
0.0
0.0
0.0
0.0
0.14379599999999998
0.311171
0.335336
0.608562
0.674768
0.666917
0.523515
0.25808800000000004
0.232407
0.15073
0.008536
0.0
0.0
0.0
0.0
0.0
0.0
0.0
0.0
0.0
0.0
0.0
0.0
0.0
0.17177699999999999
0.324527
0.505922
0.6243540000000001
0.666657
0.687006
0.462415
0.482391
0.457814
0.052886
0.008527
0.0
0.0
0.0
0.0
0.0
0.0
0.0
0.0
0.0
0.0
0.0
0.0
0.0
0.015677
0.07432
0.194376
0.551119
0.632383
0.576853
0.39732100000000004
0.483663
0.39882799999999996
0.039216
0.024132
0.0
0.0
0.0
0.0
0.0
0.0
0.0
0.0
0.0
0.0
0.0
0.0
0.0
0.100861
0.128159
0.467671
0.635243
0.6792549999999999
0.713616
0.687174
0.597657
0.21446
0.027482
0.008513999999999999
0.0
0.0
0.0
0.0
0.0
0.0
0.0
0.0
0.0
0.0
0.0
0.0
0.0
0.015598
0.144176
0.27945299999999995
0.611302
0.649593
0.666849
0.615524
0.574803
0.40175
0.136214
0.06172
0.0
0.0
0.0
0.0
0.0
0.0
0.0
0.0
0.0
0.0
0.0
0.0
0.0
0.02497
0.110265
0.28240699999999996
0.46821300000000005
0.5493490000000001
0.6311939999999999
0.678079
0.465754
0.446548
0.029213
0.10177599999999999
0.0
0.0
0.0
0.0
0.0
0.0
0.0
0.0
0.0
0.0
0.0
0.0
0.0
0.120438
0.247938
0.345814
0.5729500000000001
0.333026
0.37546300000000005
0.666812
0.619571
0.389453
0.26655399999999996
0.092909
0.0
0.0
0.0
0.0
0.0
0.0
0.0
0.0
0.0
0.0
0.0
0.0
0.0
0.015822
0.168185
0.069825
0.17927
0.49058300000000005
0.307116
0.294402
0.297303
0.169512
0.175166
0.046541
0.0
0.0
0.0
0.0
0.0
0.0
0.0
0.0
0.0
0.0
0.0
0.0
0.0
0.015743
0.05043
0.036753
0.111521
0.249021
0.462055
0.336166
0.1926
0.107178
0.049604
0.007183
0.0
0.0
0.0
0.0
0.0
0.0
0.0
0.0
0.0
0.0
0.0
0.0
0.0
0.015701
0.038748
0.14870599999999998
0.224376
0.42106299999999997
0.397758
0.301444
0.48934500000000003
0.215945
0.16867500000000002
0.019719999999999998
0.0
0.0
0.0
0.0
0.0
0.0
0.0
0.0
0.0
0.0
0.0
0.0
0.0
0.015707000000000002
0.036671999999999996
0.276655
0.5138959999999999
0.237953
0.09769
0.101003
0.13208799999999998
0.07836
0.07308100000000001
0.048935
0.0
0.0
0.0
0.0
0.0
0.0
0.0
0.0
0.0
0.0
0.0
0.0
0.0
0.015684
0.026661
0.15759399999999998
0.33829899999999996
0.44956599999999997
0.486673
0.42159500000000005
0.17388599999999999
0.087677
0.045048000000000005
0.011966
0.0
0.0
0.0
0.0
0.0
0.0
0.0
0.0
0.0
0.0
0.0
0.0
0.0
0.028606000000000003
0.241596
0.429947
0.49569
0.41562400000000005
0.102283
0.054439
0.047643
0.053311
0.024957
0.024066
0.0
0.0
0.0
0.0
0.0
0.0
0.0
0.0
0.0
0.0
0.0
0.0
0.0
0.01567
0.134213
0.23790799999999998
0.48572699999999996
0.490497
0.587269
0.40707
0.278166
0.487682
0.253048
0.097555
0.0
0.0
0.0
0.0
0.0
0.0
0.0
0.0
0.0
0.0
0.0
0.0
0.0
0.015634000000000002
0.145724
0.285014
0.36229500000000003
0.452483
0.45403699999999997
0.374105
0.184405
0.110619
0.055765
0.04281
0.0
0.0
0.0
0.0
0.0
0.0
0.0
0.0
0.0
0.0
0.0
0.0
0.0
0.259423
0.384382
0.5244439999999999
0.609442
0.694269
0.700245
0.677582
0.419665
0.326666
0.26402
0.0446
0.0
0.0
0.0
0.0
0.0
0.0
0.0
0.0
0.0
0.0
0.0
0.0
0.0
0.015694
0.056281
0.30978100000000003
0.465909
0.69727
0.738442
0.673913
0.623385
0.455064
0.287626
0.081603
0.0
0.0
0.0
0.0
0.0
0.0
0.0
0.0
0.0
0.0
0.0
0.0
0.0
0.015728
0.218771
0.12432299999999999
0.188583
0.088549
0.11285500000000001
0.34183300000000005
0.367778
0.24318299999999998
0.167259
0.031132999999999997
0.0
0.0
0.0
0.0
0.0
0.0
0.0
0.0
0.0
0.0
0.0
0.0
0.0
0.015799
0.023333
0.037201
0.07948999999999999
0.225229
0.335346
0.392949
0.345331
0.419126
0.217356
0.02831
0.0
0.0
0.0
0.0
0.0
0.0
0.0
0.0
0.0
0.0
0.0
0.0
0.0
0.015791
0.023377
0.037340000000000005
0.048573
0.06807099999999999
0.085677
0.085782
0.068515
0.044244
0.045688
0.041241
0.0
0.0
0.0
0.0
0.0
0.0
0.0
0.0
0.0
0.0
0.0
0.0
0.0
0.015851
0.023484
0.037542
0.048805
0.055221
0.057399
0.062535
0.046768000000000004
0.034862000000000004
0.02082
0.01126
0.0
0.0
0.0
0.0
0.0
0.0
0.0
0.0
0.0
0.0
0.0
0.0
0.0
0.015913
0.023556999999999998
0.037626
0.056250999999999995
0.071593
0.065045
0.067339
0.069896
0.049101
0.020291
0.012069000000000002
0.0
0.0
0.0
0.0
0.0
0.0
0.0
0.0
0.0
0.0
0.0
0.0
0.0
0.016042999999999998
0.023652
0.047113
0.054078
0.067173
0.079738
0.077656
0.058817999999999995
0.041752000000000004
0.02538
0.007162
0.0
0.0
0.0
0.0
0.0
0.0
0.0
0.0
0.0
0.0
0.0
0.0
0.0
0.016029
0.023698
0.037812
0.048409999999999995
0.061433999999999996
0.061416
0.064327
0.052088999999999996
0.064398
0.0289
0.006405
0.0
0.0
0.0
0.0
0.0
0.0
0.0
0.0
0.0
0.0
0.0
0.0
0.0
0.015837
0.027638000000000003
0.085101
0.26748
0.242827
0.309856
0.293692
0.198912
0.343363
0.135321
0.041629
0.0
0.0
0.0
0.0
0.0
0.0
0.0
0.0
0.0
0.0
0.0
0.0
0.0
0.015753
0.363695
0.224449
0.23012
0.49968799999999997
0.641331
0.44326
0.40720999999999996
0.24071700000000001
0.24676900000000002
0.020697
0.0
0.0
0.0
0.0
0.0
0.0
0.0
0.0
0.0
0.0
0.0
0.0
0.0
0.015688
0.023169000000000002
0.056231
0.068098
0.078809
0.102086
0.089934
0.101465
0.059885
0.034364
0.012395
0.0
0.0
0.0
0.0
0.0
0.0
0.0
0.0
0.0
0.0
0.0
0.0
0.0
0.019922000000000002
0.028807
0.09044799999999999
0.152425
0.23408600000000002
0.297238
0.282731
0.112775
0.04761
0.075472
0.012942
0.0
0.0
0.0
0.0
0.0
0.0
0.0
0.0
0.0
0.0
0.0
0.0
0.0
0.066134
0.022473
0.126085
0.38671
0.683442
0.6884089999999999
0.62194
0.5436660000000001
0.329609
0.178321
0.065676
0.0
0.0
0.0
0.0
0.0
0.0
0.0
0.0
0.0
0.0
0.0
0.0
0.0
0.066976
0.166772
0.29156
0.560952
0.365449
0.28869799999999995
0.240757
0.067475
0.132394
0.216451
0.020850999999999998
0.0
0.0
0.0
0.0
0.0
0.0
0.0
0.0
0.0
0.0
0.0
0.0
0.0
0.014462
0.022778
0.08513599999999999
0.139741
0.29245800000000005
0.16726400000000002
0.338734
0.338106
0.261001
0.120589
0.052404000000000006
0.0
0.0
0.0
0.0
0.0
0.0
0.0
0.0
0.0
0.0
0.0
0.0
0.0
0.187597
0.022802
0.088872
0.612106
0.5846140000000001
0.465324
0.6601549999999999
0.591108
0.415863
0.200488
0.058540999999999996
0.0
0.0
0.0
0.0
0.0
0.0
0.0
0.0
0.0
0.0
0.0
0.0
0.0
0.014478999999999999
0.030706
0.111766
0.298286
0.542095
0.584024
0.322022
0.5401950000000001
0.433547
0.153795
0.010297
0.0
0.0
0.0
0.0
0.0
0.0
0.0
0.0
0.0
0.0
0.0
0.0
0.0
0.025962
0.196379
0.415605
0.566203
0.690895
0.721814
0.6970689999999999
0.600664
0.469931
0.266334
0.070381
0.0
0.0
0.0
0.0
0.0
0.0
0.0
0.0
0.0
0.0
0.0
0.0
0.0
0.092382
0.068511
0.286065
0.560845
0.619278
0.590072
0.576857
0.346892
0.34946499999999997
0.039117
0.009507999999999999
0.0
0.0
0.0
0.0
0.0
0.0
0.0
0.0
0.0
0.0
0.0
0.0
0.0
0.06769
0.274169
0.475425
0.57612
0.7174729999999999
0.704644
0.688083
0.589954
0.44404899999999997
0.15143299999999998
0.020550000000000002
0.0
0.0
0.0
0.0
0.0
0.0
0.0
0.0
0.0
0.0
0.0
0.0
0.0
0.11919400000000001
0.336118
0.5131979999999999
0.655384
0.73584
0.7281770000000001
0.706151
0.609719
0.471248
0.25787
0.065221
0.0
0.0
0.0
0.0
0.0
0.0
0.0
0.0
0.0
0.0
0.0
0.0
0.0
0.13336099999999998
0.35858100000000004
0.5232089999999999
0.6670560000000001
0.731811
0.744385
0.707759
0.6085430000000001
0.45184399999999997
0.178113
0.063022
0.0
0.0
0.0
0.0
0.0
0.0
0.0
0.0
0.0
0.0
0.0
0.0
0.0
0.163297
0.407588
0.569755
0.684519
0.7448400000000001
0.748851
0.711583
0.614647
0.466391
0.26591899999999996
0.058154000000000004
0.0
0.0
0.0
0.0
0.0
0.0
0.0
0.0
0.0
0.0
0.0
0.0
0.0
0.014521000000000001
0.078295
0.087457
0.630294
0.648559
0.678535
0.704389
0.145267
0.413174
0.198404
0.020356000000000003
0.0
0.0
0.0
0.0
0.0
0.0
0.0
0.0
0.0
0.0
0.0
0.0
0.0
0.143648
0.240601
0.532773
0.677135
0.7477720000000001
0.7407999999999999
0.7180460000000001
0.5992540000000001
0.44511900000000004
0.221016
0.046505000000000005
0.0
0.0
0.0
0.0
0.0
0.0
0.0
0.0
0.0
0.0
0.0
0.0
0.0
0.014421
0.381098
0.254623
0.519745
0.5903390000000001
0.555196
0.377134
0.33068000000000003
0.31332600000000005
0.119685
0.0037949999999999998
0.0
0.0
0.0
0.0
0.0
0.0
0.0
0.0
0.0
0.0
0.0
0.0
0.0
0.014541
0.090379
0.09046
0.063002
0.112878
0.077674
0.083055
0.042069
0.032310000000000005
0.017378
0.004422
0.0
0.0
0.0
0.0
0.0
0.0
0.0
0.0
0.0
0.0
0.0
0.0
0.0
0.013732
0.022148
0.035565
0.07502299999999999
0.052740999999999996
0.075029
0.110644
0.08777299999999999
0.07594
0.041081000000000006
0.012083
0.0
0.0
0.0
0.0
0.0
0.0
0.0
0.0
0.0
0.0
0.0
0.0
0.0
0.013654999999999999
0.024027
0.241232
0.400592
0.47627600000000003
0.643887
0.685698
0.5912350000000001
0.14765999999999999
0.127062
0.009788999999999999
0.0
0.0
0.0
0.0
0.0
0.0
0.0
0.0
0.0
0.0
0.0
0.0
0.0
0.033353
0.021301999999999998
0.03515
0.176785
0.27379000000000003
0.103566
0.075736
0.21451900000000002
0.189081
0.016627
0.002899
0.0
0.0
0.0
0.0
0.0
0.0
0.0
0.0
0.0
0.0
0.0
0.0
0.0
0.013759
0.063196
0.083801
0.32406
0.621197
0.559704
0.242262
0.11167700000000001
0.060869
0.076579
0.027882999999999998
0.0
0.0
0.0
0.0
0.0
0.0
0.0
0.0
0.0
0.0
0.0
0.0
0.0
0.013771
0.120257
0.170987
0.153536
0.144898
0.349784
0.199274
0.08559900000000001
0.061857999999999996
0.18635400000000002
0.033724
0.0
0.0
0.0
0.0
0.0
0.0
0.0
0.0
0.0
0.0
0.0
0.0
0.0
0.013823
0.021463999999999997
0.100709
0.1028
0.389214
0.457805
0.417129
0.466472
0.320202
0.054698000000000004
0.0
0.0
0.0
0.0
0.0
0.0
0.0
0.0
0.0
0.0
0.0
0.0
0.0
0.0
0.013803000000000001
0.072432
0.066038
0.488557
0.20247
0.181239
0.094012
0.540562
0.20565799999999998
0.140533
0.042744
0.0
0.0
0.0
0.0
0.0
0.0
0.0
0.0
0.0
0.0
0.0
0.0
0.0
0.013833
0.225658
0.247611
0.114794
0.499207
0.17325200000000002
0.102798
0.133247
0.086076
0.050045
0.006417
0.0
0.0
0.0
0.0
0.0
0.0
0.0
0.0
0.0
0.0
0.0
0.0
0.0
0.032872
0.113929
0.17742
0.5439980000000001
0.601071
0.703822
0.5937830000000001
0.451569
0.21318600000000001
0.024662
0.002373
0.0
0.0
0.0
0.0
0.0
0.0
0.0
0.0
0.0
0.0
0.0
0.0
0.0
0.118669
0.051734999999999996
0.045148
0.201879
0.20885900000000002
0.259552
0.404461
0.42065600000000003
0.08113
0.02109
0.00013800000000000002
0.0
0.0
0.0
0.0
0.0
0.0
0.0
0.0
0.0
0.0
0.0
0.0
0.0
0.035995
0.251467
0.079128
0.095653
0.104207
0.08988800000000001
0.096293
0.058224
0.041277
0.018224
0.00083
0.0
0.0
0.0
0.0
0.0
0.0
0.0
0.0
0.0
0.0
0.0
0.0
0.0
0.013209
0.020888
0.059
0.09575199999999999
0.16039599999999998
0.337187
0.205292
0.12267700000000001
0.088337
0.047333
0.008977
0.0
0.0
0.0
0.0
0.0
0.0
0.0
0.0
0.0
0.0
0.0
0.0
0.0
0.052048000000000004
0.253702
0.430327
0.537346
0.124175
0.441821
0.172496
0.11595799999999999
0.34345600000000004
0.168251
0.0
0.0
0.0
0.0
0.0
0.0
0.0
0.0
0.0
0.0
0.0
0.0
0.0
0.0
0.282143
0.36833899999999997
0.531302
0.5755410000000001
0.656057
0.600982
0.609356
0.523254
0.402083
0.208111
0.021721
0.0
0.0
0.0
0.0
0.0
0.0
0.0
0.0
0.0
0.0
0.0
0.0
0.0
0.01243
0.228829
0.537473
0.644587
0.7388049999999999
0.743264
0.658064
0.123932
0.076586
0.033527
0.0
0.0
0.0
0.0
0.0
0.0
0.0
0.0
0.0
0.0
0.0
0.0
0.0
0.0
0.113516
0.22625800000000001
0.444092
0.261003
0.65675
0.7419840000000001
0.6980069999999999
0.585315
0.414754
0.19724
0.022101
0.0
0.0
0.0
0.0
0.0
0.0
0.0
0.0
0.0
0.0
0.0
0.0
0.0
0.01236
0.37314400000000003
0.5646169999999999
0.667119
0.726778
0.751294
0.6986209999999999
0.6022150000000001
0.425149
0.195601
0.021773
0.0
0.0
0.0
0.0
0.0
0.0
0.0
0.0
0.0
0.0
0.0
0.0
0.0
0.07343000000000001
0.325502
0.47044400000000003
0.657796
0.744807
0.69136
0.7002240000000001
0.568571
0.405235
0.109625
0.022844
0.0
0.0
0.0
0.0
0.0
0.0
0.0
0.0
0.0
0.0
0.0
0.0
0.0
0.083331
0.39540499999999995
0.602423
0.722719
0.758187
0.743684
0.702195
0.608635
0.291846
0.23952600000000002
0.025044
0.0
0.0
0.0
0.0
0.0
0.0
0.0
0.0
0.0
0.0
0.0
0.0
0.0
0.142428
0.074167
0.152277
0.161603
0.53912
0.419477
0.369187
0.221559
0.161482
0.098759
0.0034860000000000004
0.0
0.0
0.0
0.0
0.0
0.0
0.0
0.0
0.0
0.0
0.0
0.0
0.0
0.028282
0.13763399999999998
0.33410500000000004
0.382154
0.273928
0.257418
0.058404000000000005
0.335489
0.231113
0.213914
0.0
0.0
0.0
0.0
0.0
0.0
0.0
0.0
0.0
0.0
0.0
0.0
0.0
0.0
0.060865
0.08654600000000001
0.122747
0.291365
0.153121
0.14952500000000002
0.435928
0.242208
0.355144
0.09570999999999999
0.0
0.0
0.0
0.0
0.0
0.0
0.0
0.0
0.0
0.0
0.0
0.0
0.0
0.0
0.021779
0.09686700000000001
0.264249
0.533188
0.561337
0.647428
0.624476
0.48629300000000003
0.147566
0.0455
0.000402
0.0
0.0
0.0
0.0
0.0
0.0
0.0
0.0
0.0
0.0
0.0
0.0
0.0
0.293911
0.33661399999999997
0.265036
0.258224
0.5343680000000001
0.5387519999999999
0.323476
0.158996
0.026642
0.012367000000000001
0.0
0.0
0.0
0.0
0.0
0.0
0.0
0.0
0.0
0.0
0.0
0.0
0.0
0.0
0.12772
0.27784800000000004
0.518226
0.579845
0.7417039999999999
0.7569940000000001
0.719518
0.618973
0.43709699999999996
0.23988900000000002
0.015552
0.0
0.0
0.0
0.0
0.0
0.0
0.0
0.0
0.0
0.0
0.0
0.0
0.0
0.029902
0.07334600000000001
0.187243
0.502747
0.220298
0.278978
0.303305
0.368017
0.178036
0.026943
0.000853
0.0
0.0
0.0
0.0
0.0
0.0
0.0
0.0
0.0
0.0
0.0
0.0
0.0
0.011748
0.019567
0.037431
0.069507
0.091764
0.0818
0.067892
0.07158400000000001
0.026848
0.013925
0.0
0.0
0.0
0.0
0.0
0.0
0.0
0.0
0.0
0.0
0.0
0.0
0.0
0.0
0.011819000000000001
0.023302
0.035329
0.082611
0.08831
0.15208000000000002
0.258023
0.226168
0.227343
0.08097199999999999
0.000475
0.0
0.0
0.0
0.0
0.0
0.0
0.0
0.0
0.0
0.0
0.0
0.0
0.0
0.043551
0.11655800000000001
0.451578
0.656347
0.729574
0.740655
0.685784
0.571962
0.325052
0.116725
0.005759
0.0
0.0
0.0
0.0
0.0
0.0
0.0
0.0
0.0
0.0
0.0
0.0
0.0
0.02067
0.047885
0.218955
0.407489
0.6332409999999999
0.5932029999999999
0.412829
0.465366
0.292482
0.167697
0.009293
0.0
0.0
0.0
0.0
0.0
0.0
0.0
0.0
0.0
0.0
0.0
0.0
0.0
0.011124
0.037317
0.189012
0.232109
0.26177100000000003
0.563098
0.339444
0.383049
0.21093
0.076688
0.00147
0.0
0.0
0.0
0.0
0.0
0.0
0.0
0.0
0.0
0.0
0.0
0.0
0.0
0.011091
0.018931999999999997
0.031663000000000004
0.097846
0.108869
0.085927
0.071097
0.037432
0.026122
0.011738
0.00101
0.0
0.0
0.0
0.0
0.0
0.0
0.0
0.0
0.0
0.0
0.0
0.0
0.0
0.039793
0.064817
0.365956
0.208635
0.17848
0.186865
0.17476499999999998
0.092362
0.039775
0.045137000000000004
0.002731
0.0
0.0
0.0
0.0
0.0
0.0
0.0
0.0
0.0
0.0
0.0
0.0
0.0
0.090625
0.29002100000000003
0.5230159999999999
0.56896
0.604834
0.588153
0.641335
0.477911
0.144726
0.183738
0.008289999999999999
0.0
0.0
0.0
0.0
0.0
0.0
0.0
0.0
0.0
0.0
0.0
0.0
0.0
0.020337
0.114358
0.363143
0.6005969999999999
0.507154
0.510759
0.246876
0.30134500000000003
0.074363
0.049409
0.004084
0.0
0.0
0.0
0.0
0.0
0.0
0.0
0.0
0.0
0.0
0.0
0.0
0.0
0.010284000000000001
0.018143
0.030898
0.040852
0.055381
0.053193
0.083429
0.037493000000000005
0.032768
0.011721
0.0
0.0
0.0
0.0
0.0
0.0
0.0
0.0
0.0
0.0
0.0
0.0
0.0
0.0
0.010282
0.017422
0.030899999999999997
0.047486
0.058406999999999994
0.094785
0.045399
0.050994
0.025558
0.013257999999999999
0.0
0.0
0.0
0.0
0.0
0.0
0.0
0.0
0.0
0.0
0.0
0.0
0.0
0.0
0.013282
0.017582
0.034805
0.064053
0.090332
0.090996
0.082168
0.051738
0.03592
0.078388
0.0
0.0
0.0
0.0
0.0
0.0
0.0
0.0
0.0
0.0
0.0
0.0
0.0
0.0
0.009612
0.028453
0.038267
0.14629499999999998
0.219869
0.140716
0.107918
0.08336
0.047674
0.02855
0.0
0.0
0.0
0.0
0.0
0.0
0.0
0.0
0.0
0.0
0.0
0.0
0.0
0.0
0.009544
0.050587
0.049107
0.08684
0.297659
0.231701
0.199887
0.206024
0.116652
0.057718000000000005
0.001866
0.0
0.0
0.0
0.0
0.0
0.0
0.0
0.0
0.0
0.0
0.0
0.0
0.0
0.009513
0.038593
0.10326
0.17760800000000002
0.220158
0.28580700000000003
0.39163099999999995
0.158982
0.037087
0.024741
0.0
0.0
0.0
0.0
0.0
0.0
0.0
0.0
0.0
0.0
0.0
0.0
0.0
0.0
0.067854
0.018885000000000002
0.055265999999999996
0.109654
0.301801
0.102983
0.180184
0.042717
0.025489
0.011768
0.000149
0.0
0.0
0.0
0.0
0.0
0.0
0.0
0.0
0.0
0.0
0.0
0.0
0.0
0.008853999999999999
0.016725999999999998
0.029454
0.051112000000000005
0.093731
0.108267
0.07732299999999999
0.053806
0.034334
0.011765000000000001
0.0019
0.0
0.0
0.0
0.0
0.0
0.0
0.0
0.0
0.0
0.0
0.0
0.0
0.0
0.008872
0.01678
0.036901
0.100585
0.09008799999999999
0.10609099999999999
0.083506
0.050879
0.041063
0.034566
0.003677
0.0
0.0
0.0
0.0
0.0
0.0
0.0
0.0
0.0
0.0
0.0
0.0
0.0
0.00894
0.016852
0.029606999999999998
0.065428
0.114786
0.074783
0.059345
0.058424
0.036689
0.016190000000000003
0.0
0.0
0.0
0.0
0.0
0.0
0.0
0.0
0.0
0.0
0.0
0.0
0.0
0.0
0.008997
0.022097000000000002
0.159129
0.42736
0.391894
0.440358
0.36680599999999997
0.21643700000000002
0.057352
0.012650999999999999
0.0
0.0
0.0
0.0
0.0
0.0
0.0
0.0
0.0
0.0
0.0
0.0
0.0
0.0
0.009071999999999998
0.016401
0.034605
0.19100399999999998
0.112899
0.105042
0.071196
0.045107999999999995
0.031297
0.016481000000000003
0.0
0.0
0.0
0.0
0.0
0.0
0.0
0.0
0.0
0.0
0.0
0.0
0.0
0.0
0.035611
0.074255
0.20346199999999998
0.34682799999999997
0.7145119999999999
0.718646
0.658693
0.548331
0.41348399999999996
0.176122
0.010316
0.0
0.0
0.0
0.0
0.0
0.0
0.0
0.0
0.0
0.0
0.0
0.0
0.0
0.058679
0.332115
0.517741
0.6308469999999999
0.734645
0.7464919999999999
0.695294
0.603968
0.44517399999999996
0.242281
0.011871
0.0
0.0
0.0
0.0
0.0
0.0
0.0
0.0
0.0
0.0
0.0
0.0
0.0
0.245536
0.351113
0.514092
0.6478809999999999
0.7105090000000001
0.6874779999999999
0.685184
0.576296
0.413008
0.231412
0.01259
0.0
0.0
0.0
0.0
0.0
0.0
0.0
0.0
0.0
0.0
0.0
0.0
0.0
0.049875
0.17369800000000002
0.494342
0.617326
0.60493
0.713024
0.673928
0.592059
0.453228
0.232794
0.015590999999999999
0.0
0.0
0.0
0.0
0.0
0.0
0.0
0.0
0.0
0.0
0.0
0.0
0.0
0.007318
0.015151
0.116221
0.22999
0.471988
0.392544
0.359119
0.251677
0.061586
0.064395
0.000844
0.0
0.0
0.0
0.0
0.0
0.0
0.0
0.0
0.0
0.0
0.0
0.0
0.0
0.014335
0.068135
0.297084
0.366046
0.658668
0.205841
0.194624
0.187227
0.042206
0.027663
0.0
0.0
0.0
0.0
0.0
0.0
0.0
0.0
0.0
0.0
0.0
0.0
0.0
0.0
0.025437
0.07845999999999999
0.22108
0.078182
0.126756
0.256598
0.290901
0.334502
0.20255
0.13743100000000003
0.0069759999999999996
0.0
0.0
0.0
0.0
0.0
0.0
0.0
0.0
0.0
0.0
0.0
0.0
0.0
0.124256
0.21594999999999998
0.410192
0.573217
0.685356
0.6391
0.6643300000000001
0.411648
0.292207
0.09883499999999999
0.007551
0.0
0.0
0.0
0.0
0.0
0.0
0.0
0.0
0.0
0.0
0.0
0.0
0.0
0.028307
0.01455
0.038128999999999996
0.102825
0.14758600000000002
0.232652
0.151423
0.12265300000000001
0.045216
0.022588999999999998
0.0
0.0
0.0
0.0
0.0
0.0
0.0
0.0
0.0
0.0
0.0
0.0
0.0
0.0
0.006679
0.014576
0.037422
0.124264
0.169794
0.09959900000000001
0.113805
0.459847
0.08598099999999999
0.068758
0.011911
0.0
0.0
0.0
0.0
0.0
0.0
0.0
0.0
0.0
0.0
0.0
0.0
0.0
0.032310000000000005
0.156654
0.409269
0.5835929999999999
0.6515610000000001
0.6975589999999999
0.651143
0.555166
0.425978
0.259507
0.017177
0.0
0.0
0.0
0.0
0.0
0.0
0.0
0.0
0.0
0.0
0.0
0.0
0.0
0.124095
0.275596
0.40890699999999996
0.545219
0.688397
0.677495
0.6634629999999999
0.5648350000000001
0.42663799999999996
0.246291
0.017953
0.0
0.0
0.0
0.0
0.0
0.0
0.0
0.0
0.0
0.0
0.0
0.0
0.0
0.144142
0.035756
0.035212
0.086791
0.10071899999999999
0.16608699999999998
0.21330000000000002
0.103869
0.06349
0.049493999999999996
3.4e-05
0.0
0.0
0.0
0.0
0.0
0.0
0.0
0.0
0.0
0.0
0.0
0.0
0.0
0.010107
0.141787
0.38578199999999996
0.450762
0.67243
0.223844
0.33036
0.321098
0.233381
0.116425
0.019251
0.0
0.0
0.0
0.0
0.0
0.0
0.0
0.0
0.0
0.0
0.0
0.0
0.0
0.02816
0.013723
0.077167
0.25193
0.281534
0.426469
0.41534
0.15526099999999998
0.117243
0.019521999999999998
0.002555
0.0
0.0
0.0
0.0
0.0
0.0
0.0
0.0
0.0
0.0
0.0
0.0
0.0
0.005831
0.043403
0.24009
0.522948
0.653404
0.688745
0.658597
0.528328
0.165333
0.25377
0.025566
0.0
0.0
0.0
0.0
0.0
0.0
0.0
0.0
0.0
0.0
0.0
0.0
0.0
0.009265
0.041824
0.272197
0.343725
0.542237
0.68901
0.637837
0.5215890000000001
0.428948
0.243981
0.022561
0.0
0.0
0.0
0.0
0.0
0.0
0.0
0.0
0.0
0.0
0.0
0.0
0.0
0.029657
0.06246
0.134457
0.421719
0.6985009999999999
0.70838
0.673333
0.576131
0.43269
0.259344
0.023152000000000002
0.0
0.0
0.0
0.0
0.0
0.0
0.0
0.0
0.0
0.0
0.0
0.0
0.0
0.077724
0.30588099999999996
0.47477800000000003
0.6159220000000001
0.533692
0.462857
0.608699
0.46059300000000003
0.257475
0.080572
0.033004
0.0
0.0
0.0
0.0
0.0
0.0
0.0
0.0
0.0
0.0
0.0
0.0
0.0
0.005885
0.07202599999999999
0.140682
0.168859
0.23462
0.396669
0.33586200000000005
0.337177
0.036266
0.012422
0.016992
0.0
0.0
0.0
0.0
0.0
0.0
0.0
0.0
0.0
0.0
0.0
0.0
0.0
0.11859600000000001
0.03699
0.42931
0.509582
0.614877
0.5978300000000001
0.597703
0.28413
0.335702
0.23338599999999998
0.018175
0.0
0.0
0.0
0.0
0.0
0.0
0.0
0.0
0.0
0.0
0.0
0.0
0.0
0.028369
0.28968
0.47823200000000005
0.6193780000000001
0.701028
0.702434
0.661633
0.552582
0.428241
0.123683
0.004827
0.0
0.0
0.0
0.0
0.0
0.0
0.0
0.0
0.0
0.0
0.0
0.0
0.0
0.079098
0.13863
0.36780900000000005
0.378232
0.643034
0.662107
0.5753469999999999
0.508495
0.228024
0.127291
0.001024
0.0
0.0
0.0
0.0
0.0
0.0
0.0
0.0
0.0
0.0
0.0
0.0
0.0
0.005234
0.012523
0.146737
0.095045
0.231456
0.115813
0.096826
0.051457
0.026573
0.012745
0.0
0.0
0.0
0.0
0.0
0.0
0.0
0.0
0.0
0.0
0.0
0.0
0.0
0.0
0.005363000000000001
0.012759
0.048107
0.07560299999999999
0.34225900000000004
0.37471
0.529467
0.29717
0.283252
0.250534
0.019420000000000003
0.0
0.0
0.0
0.0
0.0
0.0
0.0
0.0
0.0
0.0
0.0
0.0
0.0
0.028734000000000003
0.16442500000000002
0.200654
0.334561
0.525153
0.394123
0.305927
0.30272699999999997
0.2077
0.248681
0.021818
0.0
0.0
0.0
0.0
0.0
0.0
0.0
0.0
0.0
0.0
0.0
0.0
0.0
0.005174000000000001
0.253597
0.356414
0.181113
0.226907
0.421861
0.484588
0.338617
0.333144
0.188086
0.035567999999999995
0.0
0.0
0.0
0.0
0.0
0.0
0.0
0.0
0.0
0.0
0.0
0.0
0.0
0.004475
0.012426999999999999
0.031653
0.149924
0.219281
0.255126
0.286037
0.14195
0.196393
0.131017
0.002282
0.0
0.0
0.0
0.0
0.0
0.0
0.0
0.0
0.0
0.0
0.0
0.0
0.0
0.101662
0.012432
0.27019600000000005
0.427589
0.453458
0.34890899999999997
0.424927
0.19748400000000002
0.08258499999999999
0.103676
0.00132
0.0
0.0
0.0
0.0
0.0
0.0
0.0
0.0
0.0
0.0
0.0
0.0
0.0
0.049234
0.075313
0.111985
0.25982299999999997
0.553034
0.434634
0.504239
0.239206
0.16148099999999999
0.052006000000000004
0.000856
0.0
0.0
0.0
0.0
0.0
0.0
0.0
0.0
0.0
0.0
0.0
0.0
0.0
0.004553
0.011938
0.035267
0.131229
0.382024
0.402981
0.32356599999999996
0.304087
0.169516
0.055850000000000004
0.00481
0.0
0.0
0.0
0.0
0.0
0.0
