0.0
0.0
0.0
0.0
0.0
0.0
0.0
0.0
0.068147
0.079481
0.13772900000000002
0.5717899999999999
0.215834
0.221471
0.202543
0.626469
0.504457
0.050241
0.0
0.0
0.0
0.0
0.0
0.0
0.0
0.0
0.0
0.0
0.0
0.0
0.0
0.0
0.051317999999999996
0.074685
0.326277
0.445065
0.5274880000000001
0.20894
0.191135
0.496544
0.10141599999999999
0.14152
0.0
0.0
0.0
0.0
0.0
0.0
0.0
0.0
0.0
0.0
0.0
0.0
0.0
0.0
0.06350800000000001
0.137292
0.44664800000000004
0.306477
0.35277499999999995
0.716924
0.650749
0.551058
0.388829
0.101619
0.0
0.0
0.0
0.0
0.0
0.0
0.0
0.0
0.0
0.0
0.0
0.0
0.0
0.0
0.03578
0.279721
0.49544099999999996
0.605947
0.448649
0.664393
0.484945
0.5282530000000001
0.376924
0.099172
0.0
0.0
0.0
0.0
0.0
0.0
0.0
0.0
0.0
0.0
0.0
0.0
0.0
0.0
0.035671999999999995
0.25861900000000004
0.252924
0.566199
0.612482
0.617827
0.46607499999999996
0.52884
0.380124
0.10315099999999999
0.0
0.0
0.0
0.0
0.0
0.0
0.0
0.0
0.0
0.0
0.0
0.0
0.0
0.0
0.034146
0.236716
0.41520100000000004
0.5615180000000001
0.616927
0.6196860000000001
0.615017
0.525436
0.370426
0.103482
0.0
0.0
0.0
0.0
0.0
0.0
0.0
0.0
0.0
0.0
0.0
0.0
0.0
0.0
0.033759
0.235041
0.420159
0.581213
0.673726
0.681498
0.6446900000000001
0.548351
0.367679
0.111249
0.0
0.0
0.0
0.0
0.0
0.0
0.0
0.0
0.0
0.0
0.0
0.0
0.0
0.0
0.05895
0.12097
0.39371
0.549159
0.6553920000000001
0.686302
0.6221789999999999
0.533416
0.387267
0.125263
0.0
0.0
0.0
0.0
0.0
0.0
0.0
0.0
0.0
0.0
0.0
0.0
0.0
0.0
0.018504
0.068286
0.118625
0.15910400000000002
0.184596
0.189168
0.17393
0.138725
0.092798
0.042503
0.0
0.0
0.0
0.0
0.0
0.0
0.0
0.0
0.0
0.0
0.0
0.0
0.0
0.0
0.008733000000000001
0.03648
0.065189
0.089232
0.10466299999999999
0.107561
0.09818099999999999
0.07782299999999999
0.051551
0.023114
0.0
0.0
0.0
0.0
0.0
0.0
0.0
0.0
0.0
0.0
0.0
0.0
0.0
0.0
0.008839
0.03767
0.065939
0.090366
0.10615300000000001
0.10931999999999999
0.09978000000000001
0.08014199999999999
0.052758
0.023836
0.0
0.0
0.0
0.0
0.0
0.0
0.0
0.0
0.0
0.0
0.0
0.0
0.0
0.0
0.00906
0.038188
0.0675
0.092095
0.107986
0.11108799999999999
0.101265
0.080462
0.05279
0.023726
0.0
0.0
0.0
0.0
0.0
0.0
0.0
0.0
0.0
0.0
0.0
0.0
0.0
0.0
0.008976000000000001
0.037984000000000004
0.06710899999999999
0.091443
0.107057
0.109991
0.100382
0.07973999999999999
0.053202
0.024413
0.0
0.0
0.0
0.0
0.0
0.0
0.0
0.0
0.0
0.0
0.0
0.0
0.0
0.0
0.009694000000000001
0.037932
0.066968
0.092043
0.106829
0.110579
0.100893
0.080322
0.053031
0.024314
0.0
0.0
0.0
0.0
0.0
0.0
0.0
0.0
0.0
0.0
0.0
0.0
0.0
0.0
0.052284
0.10271899999999999
0.335068
0.23199799999999998
0.560976
0.833333
0.589917
0.203195
0.13686199999999998
0.18393199999999998
0.001439
0.0
0.0
0.0
0.0
0.0
0.0
0.0
0.0
0.0
0.0
0.0
0.0
0.0
0.009695
0.038482
0.066841
0.090932
0.105707
0.108631
0.10009
0.08068
0.054063
0.024668
0.0
0.0
0.0
0.0
0.0
0.0
0.0
0.0
0.0
0.0
0.0
0.0
0.0
0.0
0.009719
0.038715000000000006
0.06850400000000001
0.09270099999999999
0.10830200000000001
0.111297
0.101548
0.081123
0.053818
0.0251
0.0
0.0
0.0
0.0
0.0
0.0
0.0
0.0
0.0
0.0
0.0
0.0
0.0
0.0
0.009661
0.039287
0.068039
0.092738
0.10796299999999999
0.110645
0.10090900000000001
0.080469
0.053537
0.0246
0.0
0.0
0.0
0.0
0.0
0.0
0.0
0.0
0.0
0.0
0.0
0.0
0.0
0.0
0.010197
0.038817
0.06819599999999999
0.09194799999999999
0.107096
0.110598
0.100211
0.07993
0.053092
0.024326
0.0
0.0
0.0
0.0
0.0
0.0
0.0
0.0
0.0
0.0
0.0
0.0
0.0
0.0
0.010028
0.039063
0.067298
0.09156600000000001
0.106666
0.1097
0.101146
0.08120699999999999
0.053670999999999996
0.025438
0.0
0.0
0.0
0.0
0.0
0.0
0.0
0.0
0.0
0.0
0.0
0.0
0.0
0.0
0.037298000000000005
0.128562
0.221438
0.301423
0.354191
0.38249700000000003
0.35965600000000003
0.117107
0.07778700000000001
0.20401
0.002458
0.0
0.0
0.0
0.0
0.0
0.0
0.0
0.0
0.0
0.0
0.0
0.0
0.0
0.010719
0.038908
0.067726
0.091714
0.10647799999999999
0.10910500000000001
0.09917100000000001
0.079667
0.052946
0.024775
0.0
0.0
0.0
0.0
0.0
0.0
0.0
0.0
0.0
0.0
0.0
0.0
0.0
0.0
0.010607
0.03925
0.066985
0.090732
0.106169
0.10883799999999999
0.10015600000000001
0.079538
0.053281
0.025166
0.0
0.0
0.0
0.0
0.0
0.0
0.0
0.0
0.0
0.0
0.0
0.0
0.0
0.0
0.010546
0.038986
0.06736
0.091128
0.105959
0.10957599999999999
0.099668
0.079998
0.053105
0.025114
0.000155
0.0
0.0
0.0
0.0
0.0
0.0
0.0
0.0
0.0
0.0
0.0
0.0
0.0
0.05158
0.078496
0.284252
0.380595
0.445046
0.469885
0.188518
0.409871
0.339639
0.049902999999999996
0.003872
0.0
0.0
0.0
0.0
0.0
0.0
0.0
0.0
0.0
0.0
0.0
0.0
0.0
0.014063
0.048180999999999995
0.08188899999999999
0.10977500000000001
0.126316
0.130382
0.12028
0.096672
0.065123
0.030989999999999997
0.000848
0.0
0.0
0.0
0.0
0.0
0.0
0.0
0.0
0.0
0.0
0.0
0.0
0.0
0.07119299999999999
0.21592
0.120192
0.478223
0.184724
0.18944
0.17576499999999998
0.515254
0.095607
0.047217
0.00928
0.0
0.0
0.0
0.0
0.0
0.0
0.0
0.0
0.0
0.0
0.0
0.0
0.0
0.011302
0.040695
0.069443
0.094212
0.109004
0.11175199999999999
0.10276099999999999
0.082275
0.05522
0.026928999999999998
0.0009649999999999999
0.0
0.0
0.0
0.0
0.0
0.0
0.0
0.0
0.0
0.0
0.0
0.0
0.0
0.017247
0.055972
0.09505200000000001
0.12659600000000001
0.14644100000000002
0.15031299999999997
0.135306
0.10900499999999999
0.07346
0.035862000000000005
0.0021939999999999998
0.0
0.0
0.0
0.0
0.0
0.0
0.0
0.0
0.0
0.0
0.0
0.0
0.0
0.015404999999999999
0.05183
0.08711400000000001
0.11581399999999999
0.13397499999999998
0.138059
0.127643
0.102587
0.069566
0.033817
0.002209
0.0
0.0
0.0
0.0
0.0
0.0
0.0
0.0
0.0
0.0
0.0
0.0
0.0
0.011903
0.040552
0.06910899999999999
0.09307299999999999
0.10756399999999999
0.111223
0.102271
0.082145
0.055505000000000006
0.026995
0.0009130000000000001
0.0
0.0
0.0
0.0
0.0
0.0
0.0
0.0
0.0
0.0
0.0
0.0
0.0
0.011129
0.037899999999999996
0.063784
0.08587099999999999
0.099456
0.102384
0.094332
0.075886
0.051588999999999996
0.024934
0.001271
0.0
0.0
0.0
0.0
0.0
0.0
0.0
0.0
0.0
0.0
0.0
0.0
0.0
0.011407
0.038619999999999995
0.065885
0.088499
0.102432
0.105343
0.096541
0.077666
0.05290400000000001
0.025913
0.0013160000000000001
0.0
0.0
0.0
0.0
0.0
0.0
0.0
0.0
0.0
0.0
0.0
0.0
0.0
0.012218
0.039471
0.065826
0.08824599999999999
0.10280299999999999
0.105654
0.09700199999999999
0.078119
0.052635
0.025757000000000002
0.0013
0.0
0.0
0.0
0.0
0.0
0.0
0.0
0.0
0.0
0.0
0.0
0.0
0.0
0.01201
0.038918999999999995
0.065812
0.08801
0.10155
0.10424299999999999
0.09526000000000001
0.076549
0.052389000000000005
0.025266999999999998
0.001906
0.0
0.0
0.0
0.0
0.0
0.0
0.0
0.0
0.0
0.0
0.0
0.0
0.0
0.037777
0.11245699999999999
0.187369
0.119365
0.291714
0.30526600000000004
0.29649000000000003
0.253935
0.199569
0.15293600000000002
0.0038039999999999997
0.0
0.0
0.0
0.0
0.0
0.0
0.0
0.0
0.0
0.0
0.0
0.0
0.0
0.012371
0.038448
0.064292
0.085453
0.099199
0.10187399999999999
0.094607
0.075759
0.052052
0.025443
0.001802
0.0
0.0
0.0
0.0
0.0
0.0
0.0
0.0
0.0
0.0
0.0
0.0
0.0
0.024009
0.068965
0.112548
0.149127
0.17137
0.175171
0.161502
0.131292
0.09054999999999999
0.045711
0.006068
0.0
0.0
0.0
0.0
0.0
0.0
0.0
0.0
0.0
0.0
0.0
0.0
0.0
0.012876
0.040607
0.06760200000000001
0.090742
0.104593
0.107565
0.099028
0.080378
0.055038
0.02741
0.0027930000000000003
0.0
0.0
0.0
0.0
0.0
0.0
0.0
0.0
0.0
0.0
0.0
0.0
0.0
0.013783
0.040915999999999994
0.068858
0.091335
0.10605800000000001
0.109087
0.100268
0.08079399999999999
0.055316000000000004
0.027574
0.0028450000000000003
0.0
0.0
0.0
0.0
0.0
0.0
0.0
0.0
0.0
0.0
0.0
0.0
0.0
0.013755000000000002
0.041500999999999996
0.06841
0.091379
0.105797
0.108616
0.099134
0.08055200000000001
0.055332
0.02794
0.002761
0.0
0.0
0.0
0.0
0.0
0.0
0.0
0.0
0.0
0.0
0.0
0.0
0.0
0.013748
0.041421
0.06904600000000001
0.091884
0.105333
0.10800799999999999
0.099023
0.07977
0.054829
0.02768
0.003427
0.0
0.0
0.0
0.0
0.0
0.0
0.0
0.0
0.0
0.0
0.0
0.0
0.0
0.039517000000000004
0.113318
0.186113
0.24845699999999998
0.289948
0.303891
0.289974
0.247672
0.19487200000000002
0.14716200000000002
0.0053
0.0
0.0
0.0
0.0
0.0
0.0
0.0
0.0
0.0
0.0
0.0
0.0
0.0
0.014357
0.041707
0.069069
0.09187999999999999
0.106294
0.109279
0.099995
0.081608
0.055727
0.028468
0.003437
0.0
0.0
0.0
0.0
0.0
0.0
0.0
0.0
0.0
0.0
0.0
0.0
0.0
0.087491
0.173107
0.489993
0.351196
0.788701
0.408029
0.7701169999999999
0.65344
0.498358
0.26544999999999996
0.005431
0.0
0.0
0.0
0.0
0.0
0.0
0.0
0.0
0.0
0.0
0.0
0.0
0.0
0.197191
0.120575
0.189507
0.24623699999999998
0.280814
0.286806
0.25772500000000004
0.211012
0.6453110000000001
0.081072
0.016019
0.0
0.0
0.0
0.0
0.0
0.0
0.0
0.0
0.0
0.0
0.0
0.0
0.0
0.18493500000000002
0.127448
0.200187
0.25943099999999997
0.833333
0.301646
0.278157
0.227132
0.159619
0.08586400000000001
0.018056000000000003
0.0
0.0
0.0
0.0
0.0
0.0
0.0
0.0
0.0
0.0
0.0
0.0
0.0
0.195775
0.121834
0.189434
0.244613
0.27805
0.283904
0.26895600000000003
0.219757
0.155438
0.084163
0.017347
0.0
0.0
0.0
0.0
0.0
0.0
0.0
0.0
0.0
0.0
0.0
0.0
0.0
0.015560000000000001
0.043061999999999996
0.069684
0.091589
0.105229
0.107762
0.10018200000000001
0.08129
0.056203
0.029042000000000002
0.004649
0.0
0.0
0.0
0.0
0.0
0.0
0.0
0.0
0.0
0.0
0.0
0.0
0.0
0.015475
0.042588
0.068732
0.091045
0.104502
0.10704300000000001
0.098951
0.08033799999999999
0.056289
0.029425
0.004562999999999999
0.0
0.0
0.0
0.0
0.0
0.0
0.0
0.0
0.0
0.0
0.0
0.0
0.0
0.082384
0.15094300000000002
0.408333
0.29728
0.628888
0.691884
0.7125309999999999
0.625649
0.507029
0.263523
0.010076
0.0
0.0
0.0
0.0
0.0
0.0
0.0
0.0
0.0
0.0
0.0
0.0
0.0
0.166283
0.120112
0.188256
0.806135
0.2768
0.28276100000000004
0.260637
0.213921
0.151532
0.389215
0.019355
0.0
0.0
0.0
0.0
0.0
0.0
0.0
0.0
0.0
0.0
0.0
0.0
0.0
0.031158
0.077317
0.121667
0.157624
0.180062
0.184302
0.17313
0.141125
0.09924200000000001
0.053814
0.011479
0.0
0.0
0.0
0.0
0.0
0.0
0.0
0.0
0.0
0.0
0.0
0.0
0.0
0.03829
0.093311
0.147308
0.190765
0.218583
0.223889
0.206914
0.169683
0.11972
0.065645
0.015071999999999999
0.0
0.0
0.0
0.0
0.0
0.0
0.0
0.0
0.0
0.0
0.0
0.0
0.0
0.016844
0.044732999999999995
0.071243
0.094092
0.108156
0.11118
0.103771
0.085198
0.059195
0.03178
0.006271
0.0
0.0
0.0
0.0
0.0
0.0
0.0
0.0
0.0
0.0
0.0
0.0
0.0
0.018445
0.046631
0.075048
0.09885899999999999
0.113471
0.11658199999999999
0.107214
0.087904
0.061835
0.033561
0.006549999999999999
0.0
0.0
0.0
0.0
0.0
0.0
0.0
0.0
0.0
0.0
0.0
0.0
0.0
0.018606
0.04758
0.075124
0.098841
0.113384
0.11714100000000001
0.107849
0.088419
0.061582
0.033398000000000004
0.0065179999999999995
0.0
0.0
0.0
0.0
0.0
0.0
0.0
0.0
0.0
0.0
0.0
0.0
0.0
0.019211
0.047237
0.075349
0.098776
0.11298699999999999
0.115774
0.10716200000000001
0.087253
0.061572
0.032991
0.007148
0.0
0.0
0.0
0.0
0.0
0.0
0.0
0.0
0.0
0.0
0.0
0.0
0.0
0.019171
0.047890999999999996
0.07592
0.098465
0.113316
0.11590900000000001
0.106693
0.087396
0.061015
0.033385
0.007016
0.0
0.0
0.0
0.0
0.0
0.0
0.0
0.0
0.0
0.0
0.0
0.0
0.0
0.064554
0.164291
0.12487000000000001
0.345481
0.401038
0.188208
0.396318
0.343476
0.270565
0.201987
0.013746000000000001
0.0
0.0
0.0
0.0
0.0
0.0
0.0
0.0
0.0
0.0
0.0
0.0
0.0
0.042396
0.097845
0.15004900000000002
0.19287700000000002
0.218305
0.223432
0.211287
0.173797
0.123928
0.069301
0.01801
0.0
0.0
0.0
0.0
0.0
0.0
0.0
0.0
0.0
0.0
0.0
0.0
0.0
0.073297
0.183418
0.138763
0.381042
0.438158
0.457886
0.452637
0.158694
0.11402
0.24269200000000002
0.017113
0.0
0.0
0.0
0.0
0.0
0.0
0.0
0.0
0.0
0.0
0.0
0.0
0.0
0.140231
0.400055
0.28301
0.6513239999999999
0.438091
0.466329
0.48844
0.44415899999999997
0.516045
0.294617
0.014353
0.0
0.0
0.0
0.0
0.0
0.0
0.0
0.0
0.0
0.0
0.0
0.0
0.0
0.059783
0.13061699999999998
0.199117
0.630455
0.28828
0.294171
0.788332
0.7047100000000001
0.164802
0.351404
0.02666
0.0
0.0
0.0
0.0
0.0
0.0
0.0
0.0
0.0
0.0
0.0
0.0
0.0
0.036512
0.083108
0.128502
0.165128
0.188326
0.192815
0.17940799999999998
0.147334
0.105071
0.059026
0.016530999999999997
0.0
0.0
0.0
0.0
0.0
0.0
0.0
0.0
0.0
0.0
0.0
0.0
0.0
0.08217
0.090283
0.137912
0.39840699999999996
0.463008
0.203243
0.187833
0.4051
0.325957
0.246718
0.02689
0.0
0.0
0.0
0.0
0.0
0.0
0.0
0.0
0.0
0.0
0.0
0.0
0.0
0.024074
0.055176
0.085596
0.11065000000000001
0.125435
0.128608
0.120088
0.09859
0.070258
0.039168
0.010063
0.0
0.0
0.0
0.0
0.0
0.0
0.0
0.0
0.0
0.0
0.0
0.0
0.0
0.024012000000000002
0.054847
0.084838
0.10935800000000001
0.124501
0.127687
0.11933400000000001
0.09897199999999999
0.071449
0.040633
0.011154
0.0
0.0
0.0
0.0
0.0
0.0
0.0
0.0
0.0
0.0
0.0
0.0
0.0
0.025219000000000002
0.05831
0.09010599999999999
0.116392
0.132859
0.135673
0.125915
0.103831
0.07431
0.041918
0.011495
0.0
0.0
0.0
0.0
0.0
0.0
0.0
0.0
0.0
0.0
0.0
0.0
0.0
0.026163
0.058686
0.090719
0.117243
0.133845
0.137363
0.127018
0.104595
0.074936
0.042569
0.011456
0.0
0.0
0.0
0.0
0.0
0.0
0.0
0.0
0.0
0.0
0.0
0.0
0.0
0.026302
0.059642
0.091648
0.11809900000000001
0.13450399999999998
0.137171
0.12656699999999999
0.104299
0.074735
0.042425
0.012156
0.0
0.0
0.0
0.0
0.0
0.0
0.0
0.0
0.0
0.0
0.0
0.0
0.0
0.027030000000000002
0.05943
0.09117600000000001
0.117414
0.133648
0.137015
0.126789
0.104654
0.075299
0.043125
0.012132
0.0
0.0
0.0
0.0
0.0
0.0
0.0
0.0
0.0
0.0
0.0
0.0
0.0
0.026725000000000002
0.059533
0.090892
0.11668899999999999
0.132628
0.135768
0.125226
0.10299599999999999
0.07393300000000001
0.042284999999999996
0.012571
0.0
0.0
0.0
0.0
0.0
0.0
0.0
0.0
0.0
0.0
0.0
0.0
0.00215
0.109696
0.257514
0.404221
0.21492699999999998
0.242606
0.632625
0.22918100000000002
0.190453
0.434633
0.330269
0.026300999999999998
0.0
0.0
0.0
0.0
0.0
0.0
0.0
0.0
0.0
0.0
0.0
0.0
0.0
0.027239
0.059436
0.090053
0.115121
0.130685
0.13388399999999998
0.125455
0.104474
0.074866
0.043171999999999995
0.012629
0.0
0.0
0.0
0.0
0.0
0.0
0.0
0.0
0.0
0.0
0.0
0.0
0.0
0.032098999999999996
0.068759
0.1037
0.132352
0.150673
0.153668
0.143781
0.11923
0.086377
0.04982
0.015199
0.0
0.0
0.0
0.0
0.0
0.0
0.0
0.0
0.0
0.0
0.0
0.0
0.002029
0.089592
0.095711
0.31770800000000005
0.413646
0.208719
0.508637
0.19846799999999998
0.430438
0.12002800000000001
0.25433500000000003
0.0339
0.0
0.0
0.0
0.0
0.0
0.0
0.0
0.0
0.0
0.0
0.0
0.0
0.002556
0.06297699999999999
0.12943000000000002
0.401873
0.5215339999999999
0.607031
0.638676
0.639805
0.219746
0.160704
0.09534999999999999
0.032380000000000006
0.0
0.0
0.0
0.0
0.0
0.0
0.0
0.0
0.0
0.0
0.0
0.0
0.0
0.028131
0.060173000000000004
0.091085
0.116812
0.13304
0.13596799999999998
0.12654
0.105186
0.076641
0.045045
0.014305
0.0
0.0
0.0
0.0
0.0
0.0
0.0
0.0
0.0
0.0
0.0
0.0
0.0022789999999999998
0.07231900000000001
0.161081
0.24770599999999998
0.149815
0.37101100000000004
0.387335
0.36901100000000003
0.133466
0.25311500000000003
0.057159999999999996
0.01898
0.0
0.0
0.0
0.0
0.0
0.0
0.0
0.0
0.0
0.0
0.0
0.0
0.0
0.030295000000000002
0.062526
0.094954
0.12136100000000001
0.138328
0.14175800000000002
0.132133
0.109874
0.080069
0.047281
0.015590999999999999
0.0
0.0
0.0
0.0
0.0
0.0
0.0
0.0
0.0
0.0
0.0
0.0
0.0
0.030492000000000002
0.063742
0.09577200000000001
0.12237300000000001
0.13911199999999999
0.142815
0.132493
0.110771
0.080046
0.047204
0.015547
0.0
0.0
0.0
0.0
0.0
0.0
0.0
0.0
0.0
0.0
0.0
0.0
0.0
0.029966
0.062516
0.094398
0.11923099999999999
0.134995
0.13809100000000002
0.127751
0.10606600000000001
0.07768699999999999
0.04549
0.014946999999999998
0.0
0.0
0.0
0.0
0.0
0.0
0.0
0.0
0.0
0.0
0.0
0.0
0.009396000000000002
0.171733
0.373282
0.178679
0.713626
0.253529
0.25870800000000005
0.242947
0.20261099999999999
0.149082
0.089443
0.066468
0.0
0.0
0.0
0.0
0.0
0.0
0.0
0.0
0.0
0.0
0.0
0.0
0.005203
0.052482999999999995
0.23024799999999998
0.157089
0.19924
0.533635
0.561048
0.21572999999999998
0.47897300000000004
0.13170400000000002
0.283796
0.041237
0.0
0.0
0.0
0.0
0.0
0.0
0.0
0.0
0.0
0.0
0.0
0.0
0.002664
0.052588
0.105203
0.156317
0.19825399999999999
0.224507
0.230493
0.21556999999999998
0.18040199999999998
0.13342400000000001
0.080452
0.029389
0.0
0.0
0.0
0.0
0.0
0.0
0.0
0.0
0.0
0.0
0.0
0.0
0.00019700000000000002
0.031301999999999996
0.064027
0.095834
0.12213800000000001
0.137607
0.140874
0.131054
0.108988
0.079739
0.047634
0.016637
0.0
0.0
0.0
0.0
0.0
0.0
0.0
0.0
0.0
0.0
0.0
0.0
0.002432
0.047788
0.095137
0.14203100000000002
0.180312
0.203088
0.207964
0.193373
0.162008
0.118894
0.071643
0.026347000000000002
0.0
0.0
0.0
0.0
0.0
0.0
0.0
0.0
0.0
0.0
0.0
0.0
0.0011439999999999998
0.037925
0.075545
0.111734
0.140769
0.15904400000000002
0.161978
0.149391
0.124811
0.091266
0.055124
0.019986
0.0
0.0
0.0
0.0
0.0
0.0
0.0
0.0
0.0
0.0
0.0
0.0
0.001259
0.03532
0.070845
0.10409
0.131805
0.14783000000000002
0.151571
0.1421
0.118961
0.08671
0.05256
0.018844
0.0
0.0
0.0
0.0
0.0
0.0
0.0
0.0
0.0
0.0
0.0
0.0
0.002878
0.041189
0.081536
0.12065300000000001
0.152931
0.172411
0.17688900000000002
0.164727
0.138505
0.101825
0.061886000000000004
0.022784
0.0
0.0
0.0
0.0
0.0
0.0
0.0
0.0
0.0
0.0
0.0
0.0
0.003982
0.041311
0.08164199999999999
0.120734
0.15290199999999998
0.172403
0.17673
0.16481700000000002
0.138186
0.101978
0.061356
0.023337
0.0
0.0
0.0
0.0
0.0
0.0
0.0
0.0
0.0
0.0
0.0
0.0
0.00437
0.041918
0.082131
0.12032599999999999
0.152544
0.172077
0.176667
0.16459100000000002
0.138467
0.102676
0.062765
0.023615999999999998
0.0
0.0
0.0
0.0
0.0
0.0
0.0
0.0
0.0
0.0
0.0
0.0
0.005338
0.041886
0.081797
0.11950799999999999
0.151191
0.170254
0.174564
0.163417
0.137243
0.10162
0.062063
0.024103000000000003
0.0
0.0
0.0
0.0
0.0
0.0
0.0
0.0
0.0
0.0
0.0
0.0
0.005577
0.042525
0.081613
0.120212
0.151273
0.17052699999999998
0.175014
0.16297499999999998
0.136926
0.102107
0.062685
0.024032
0.0
0.0
0.0
0.0
0.0
0.0
0.0
0.0
0.0
0.0
0.0
0.0
0.005791999999999999
0.042610999999999996
0.08184699999999999
0.12059399999999999
0.151724
0.170829
0.17513
0.16325
0.136918
0.101926
0.062449
0.023893
0.0
0.0
0.0
0.0
0.0
0.0
0.0
0.0
0.0
0.0
0.0
0.0
0.006558
0.042226999999999994
0.08176900000000001
0.119149
0.14962799999999998
0.168242
0.17208299999999999
0.16042599999999999
0.13424799999999998
0.100108
0.061432
0.024263000000000003
0.0
0.0
0.0
0.0
0.0
0.0
0.0
0.0
0.0
0.0
0.0
0.0
0.006602
0.042413
0.080484
0.117091
0.147082
0.165639
0.16994599999999999
0.162077
0.1367
0.10109900000000001
0.061782
0.024297999999999997
0.0
0.0
0.0
0.0
0.0
0.0
0.0
0.0
0.0
0.0
0.0
0.0
0.011339
0.058924
0.111256
0.160823
0.200297
0.22453
0.229388
0.21493700000000002
0.18029900000000001
0.13427799999999998
0.083396
0.034442
0.0
0.0
0.0
0.0
0.0
0.0
0.0
0.0
0.0
0.0
0.0
0.0
0.031415
0.089328
0.166116
0.238172
0.295871
0.833333
0.336367
0.321541
0.271067
0.6783239999999999
0.127493
0.053581000000000004
0.0
0.0
0.0
0.0
0.0
0.0
0.0
0.0
0.0
0.0
0.0
0.0
0.014166
0.087924
0.17824600000000002
0.262353
0.331601
0.183087
0.39509500000000003
0.177991
0.350431
0.279052
0.198983
0.028755
0.0
0.0
0.0
0.0
0.0
0.0
0.0
0.0
0.0
0.0
0.0
0.0
0.008188
0.04289
0.081113
0.11746
0.14787
0.16668100000000002
0.170009
0.159492
0.134065
0.09973399999999999
0.061272
0.024546
0.0
0.0
0.0
0.0
0.0
0.0
0.0
0.0
0.0
0.0
0.0
0.0
0.00819
0.042627000000000005
0.08053199999999999
0.116552
0.146649
0.165179
0.168463
0.157369
0.132386
0.099312
0.061857
0.025218
0.0
0.0
0.0
0.0
0.0
0.0
0.0
0.0
0.0
0.0
0.0
0.0
0.020424
0.13863999999999999
0.144994
0.209171
0.26117399999999996
0.6631589999999999
0.29909800000000003
0.688827
0.6162730000000001
0.5074270000000001
0.34723899999999996
0.047652
0.0
0.0
0.0
0.0
0.0
0.0
0.0
0.0
0.0
0.0
0.0
0.0
0.01434
0.09898699999999999
0.180376
0.426646
0.318631
0.6396580000000001
0.363985
0.692864
0.6829160000000001
0.525436
0.309935
0.060412
0.0
0.0
0.0
0.0
0.0
0.0
0.0
0.0
0.0
0.0
0.0
0.0
0.030905000000000002
0.18908699999999998
0.15331299999999998
0.218555
0.271004
0.822688
0.30862599999999996
0.292528
0.792925
0.18666
0.118345
0.070038
0.0
0.0
0.0
0.0
0.0
0.0
0.0
0.0
0.0
0.0
0.0
0.0
0.030359
0.084388
0.153866
0.568462
0.7229030000000001
0.306448
0.312268
0.29340499999999997
0.775098
0.186803
0.118155
0.051612000000000005
0.0
0.0
0.0
0.0
0.0
0.0
0.0
0.0
0.0
0.0
0.0
0.0
0.020779
0.052686
0.09594799999999999
0.30301999999999996
0.171482
0.43996199999999996
0.463617
0.184081
0.39411399999999996
0.116952
0.22548400000000002
0.031364
0.0
0.0
0.0
0.0
0.0
0.0
0.0
0.0
0.0
0.0
0.0
0.0
0.009626
0.043379
0.079141
0.114523
0.142749
0.161215
0.164972
0.157282
0.13272399999999998
0.100393
0.063356
0.027021
0.0
0.0
0.0
0.0
0.0
0.0
0.0
0.0
0.0
0.0
0.0
0.0
0.010632999999999998
0.04571
0.083398
0.11915
0.14909299999999998
0.16684000000000002
0.170853
0.160441
0.13527
0.101201
0.063807
0.027339
0.0
0.0
0.0
0.0
0.0
0.0
0.0
0.0
0.0
0.0
0.0
0.0
0.010508
0.043877
0.080691
0.11568099999999999
0.144091
0.16178700000000001
0.16508099999999998
0.154899
0.130917
0.098699
0.062204
0.026541000000000002
0.0
0.0
0.0
0.0
0.0
0.0
0.0
0.0
0.0
0.0
0.0
0.0
0.016419
0.099221
0.177386
0.41324700000000003
0.638103
0.618912
0.6554719999999999
0.72627
0.601024
0.215779
0.29979700000000004
0.062165
0.0
0.0
0.0
0.0
0.0
0.0
0.0
0.0
0.0
0.0
0.0
0.0
0.016485
0.097816
0.26638999999999996
0.402185
0.631805
0.594722
0.341186
0.631239
0.5742569999999999
0.48215600000000003
0.28206200000000003
0.034607
0.0
0.0
0.0
0.0
0.0
0.0
0.0
0.0
0.0
0.0
0.0
0.0
0.019687999999999997
0.049527999999999996
0.089791
0.12815100000000001
0.159198
0.374913
0.39055599999999996
0.378245
0.330745
0.26447000000000004
0.187958
0.06363100000000001
0.0
0.0
0.0
0.0
0.0
0.0
0.0
0.0
0.0
0.0
0.0
0.0
0.011496000000000001
0.045503
0.082622
0.118113
0.146987
0.165657
0.16943
0.158197
0.13470500000000002
0.10158400000000001
0.06454800000000001
0.028388
0.0
0.0
0.0
0.0
0.0
0.0
0.0
0.0
0.0
0.0
0.0
0.0
0.011753
0.045811
0.08258
0.117351
0.145294
0.162169
0.165768
0.154459
0.130012
0.098536
0.06267
0.027548
0.0
0.0
0.0
0.0
0.0
0.0
0.0
0.0
0.0
0.0
0.0
0.0
0.064653
0.282522
0.502332
0.225357
0.27748500000000004
0.309063
0.31503699999999996
0.299438
0.254517
0.194182
0.1254
0.136275
0.0
0.0
0.0
0.0
0.0
0.0
0.0
0.0
0.0
0.0
0.0
0.0
0.032943
0.086867
0.153101
0.50094
0.264688
0.7202000000000001
0.300323
0.284608
0.687491
0.184414
0.356175
0.055087000000000004
0.00047799999999999996
0.0
0.0
0.0
0.0
0.0
0.0
0.0
0.0
0.0
0.0
0.0
0.040499
0.085529
0.391476
0.21081
0.259864
0.290372
0.29615199999999997
0.833333
0.23784899999999998
0.618931
0.11690600000000001
0.054121
0.001745
0.0
0.0
0.0
0.0
0.0
0.0
0.0
0.0
0.0
0.0
0.0
0.021148
0.045215000000000005
0.162715
0.236934
0.299567
0.158189
0.352221
0.338647
0.128298
0.09742
0.16634100000000002
0.064216
0.0
0.0
0.0
0.0
0.0
0.0
0.0
0.0
0.0
0.0
0.0
0.0
0.019074999999999998
0.131242
0.18566999999999997
0.257984
0.31380399999999997
0.345964
0.617968
0.706502
0.590552
0.480142
0.287978
0.068627
0.0
0.0
0.0
0.0
0.0
0.0
0.0
0.0
0.0
0.0
0.0
0.0
0.03361
0.067024
0.269058
0.165247
0.489348
0.553273
0.22998400000000002
0.218355
0.185542
0.14152099999999998
0.305238
0.086122
0.0
0.0
0.0
0.0
0.0
0.0
0.0
0.0
0.0
0.0
0.0
0.0
0.054155999999999996
0.089767
0.479622
0.21762600000000001
0.266354
0.296016
0.301771
0.833333
0.246011
0.188084
0.12254000000000001
0.05759
0.0013080000000000001
0.0
0.0
0.0
0.0
0.0
0.0
0.0
0.0
0.0
0.0
0.0
0.035405
0.064211
0.27328600000000003
0.158199
0.500833
0.217919
0.22157300000000002
0.207958
0.176994
0.411086
0.297099
0.09004300000000001
0.002214
0.0
0.0
0.0
0.0
0.0
0.0
0.0
0.0
0.0
0.0
0.0
0.023958
0.075849
0.131386
0.183588
0.225064
0.25074199999999996
0.255686
0.237401
0.20301
0.15550299999999997
0.1024
0.048463
0.00055
0.0
0.0
0.0
0.0
0.0
0.0
0.0
0.0
0.0
0.0
0.0
0.039055
0.062892
0.279948
0.15219300000000002
0.187086
0.208018
0.212258
0.596379
0.528146
0.132247
0.085992
0.041004
0.0035240000000000002
0.0
0.0
0.0
0.0
0.0
0.0
0.0
0.0
0.0
0.0
0.0
0.033381
0.073066
0.126085
0.175691
0.49175599999999997
0.239395
0.579628
0.23093
0.517134
0.151221
0.310997
0.084331
0.002323
0.0
0.0
0.0
0.0
0.0
0.0
0.0
0.0
0.0
0.0
0.0
0.051137999999999996
0.100396
0.172299
0.240038
0.29294099999999995
0.325356
0.330932
0.833333
0.26913099999999995
0.20740199999999998
0.394464
0.111456
0.002699
0.0
0.0
0.0
0.0
0.0
0.0
0.0
0.0
0.0
0.0
0.0
0.024304
0.074714
0.12951300000000002
0.182089
0.224323
0.249866
0.254559
0.238786
0.203694
0.156234
0.102116
0.049214
0.001247
0.0
0.0
0.0
0.0
0.0
0.0
0.0
0.0
0.0
0.0
0.0
0.010372999999999999
0.13028800000000001
0.28415300000000004
0.233745
0.556269
0.353509
0.681179
0.682118
0.592309
0.456766
0.20821199999999998
0.049074
0.0
0.0
0.0
0.0
0.0
0.0
0.0
0.0
0.0
0.0
0.0
0.0
0.022057
0.097464
0.252935
0.377935
0.285303
0.561253
0.32470800000000005
0.586718
0.676288
0.441017
0.299406
0.064089
0.0031360000000000003
0.0
0.0
0.0
0.0
0.0
0.0
0.0
0.0
0.0
0.0
0.0
0.040091
0.150691
0.28409500000000004
0.158833
0.195652
0.218296
0.223108
0.209557
0.534865
0.433684
0.09007
0.09748
0.001173
0.0
0.0
0.0
0.0
0.0
0.0
0.0
0.0
0.0
0.0
0.0
0.022515999999999998
0.176211
0.26387299999999997
0.557883
0.679294
0.576701
0.33922199999999997
0.324298
0.277949
0.213585
0.14157599999999998
0.063171
0.000732
0.0
0.0
0.0
0.0
0.0
0.0
0.0
0.0
0.0
0.0
0.0
0.019629999999999998
0.10355400000000001
0.25761399999999995
0.242848
0.501158
0.613158
0.6529109999999999
0.652978
0.556144
0.43719
0.280295
0.046381
0.0
0.0
0.0
0.0
0.0
0.0
0.0
0.0
0.0
0.0
0.0
0.0
0.044048000000000004
0.226935
0.185268
0.256138
0.313361
0.34748
0.354056
0.830856
0.289811
0.5786
0.148285
0.072532
0.004594
0.0
0.0
0.0
0.0
0.0
0.0
0.0
0.0
0.0
0.0
0.0
0.033634
0.12536
0.106844
0.148651
0.182452
0.48144
0.502902
0.19547399999999998
0.168819
0.357603
0.258826
0.042579
0.003757
0.0
0.0
0.0
0.0
0.0
0.0
0.0
0.0
0.0
0.0
0.0
0.031859
0.113913
0.21137299999999998
0.305013
0.17059
0.436663
0.193408
0.43787
0.154078
0.11828100000000001
0.07803
0.082188
0.003235
0.0
0.0
0.0
0.0
0.0
0.0
0.0
0.0
0.0
0.0
0.0
0.035905
0.127935
0.235068
0.146211
0.417059
0.469012
0.202617
0.195415
0.167143
0.128039
0.25838099999999997
0.041247
0.001553
0.0
0.0
0.0
0.0
0.0
0.0
0.0
0.0
0.0
0.0
0.0
0.052208
0.184722
0.11222199999999999
0.15574000000000002
0.190836
0.213445
0.217894
0.20774299999999998
0.178617
0.52254
0.37706900000000004
0.121741
0.007555
0.0
0.0
0.0
0.0
0.0
0.0
0.0
0.0
0.0
0.0
0.0
0.029257000000000002
0.10272400000000001
0.091719
0.12742900000000001
0.156899
0.386004
0.179262
0.39681599999999995
0.34934899999999997
0.279685
0.196813
0.035911
0.000766
0.0
0.0
0.0
0.0
0.0
0.0
0.0
0.0
0.0
0.0
0.0
0.04528
0.09361
0.36490300000000003
0.527764
0.263983
0.2927
0.7783920000000001
0.28252999999999995
0.242334
0.18787399999999999
0.125147
0.062317
0.004378999999999999
0.0
0.0
0.0
0.0
0.0
0.0
0.0
0.0
0.0
0.0
0.0
0.026148
0.07370600000000001
0.125851
0.17519900000000002
0.21559999999999999
0.241232
0.248089
0.235191
0.202828
0.156879
0.10424299999999999
0.05218
0.0031309999999999997
0.0
0.0
0.0
0.0
0.0
0.0
0.0
0.0
0.0
0.0
0.0
0.028043
0.075828
0.127438
0.176061
0.21565700000000002
0.23952099999999998
0.244011
0.22934000000000002
0.196441
0.151164
0.101028
0.050733
0.002967
0.0
0.0
0.0
0.0
0.0
0.0
0.0
0.0
0.0
0.0
0.0
0.037685
0.154048
0.144744
0.42943200000000004
0.24180000000000001
0.26853
0.273566
0.641586
0.577433
0.17216800000000002
0.336901
0.093516
0.004141
0.0
0.0
0.0
0.0
0.0
0.0
0.0
0.0
0.0
0.0
0.0
0.023565000000000003
0.157443
0.328454
0.35440699999999997
0.270723
0.512632
0.539194
0.287488
0.484785
0.404935
0.287763
0.068152
0.002276
0.0
0.0
0.0
0.0
0.0
0.0
0.0
0.0
0.0
0.0
0.0
0.020091
0.10227599999999999
0.246362
0.368185
0.475496
0.5392720000000001
0.582939
0.5759249999999999
0.529281
0.429176
0.253529
0.064031
0.006503999999999999
0.0
0.0
0.0
0.0
0.0
0.0
0.0
0.0
0.0
0.0
0.0
0.023691
0.113243
0.187201
0.402928
0.512514
0.343372
0.348579
0.330721
0.284086
0.470897
0.14886000000000002
0.07081900000000001
0.0069900000000000006
0.0
0.0
0.0
0.0
0.0
0.0
0.0
0.0
0.0
0.0
0.0
0.037117
0.061412999999999995
0.232627
0.333824
0.17587799999999998
0.195882
0.494816
0.189142
0.16223500000000002
0.34906
0.083467
0.099372
0.0032040000000000003
0.0
0.0
0.0
0.0
0.0
0.0
0.0
0.0
0.0
0.0
0.0
0.027659
0.07538800000000001
0.126654
0.174557
0.214293
0.238207
0.243274
0.22754400000000002
0.19641399999999998
0.15244
0.102494
0.051911
0.005683
0.0
0.0
0.0
0.0
0.0
0.0
0.0
0.0
0.0
0.0
0.0
0.032748
0.111623
0.20416399999999998
0.2924
0.170844
0.189062
0.427062
0.179684
0.36321800000000004
0.118464
0.209332
0.089541
0.006613000000000001
0.0
0.0
0.0
0.0
0.0
0.0
0.0
0.0
0.0
0.0
0.0
0.023915
0.09527
0.156975
0.337137
0.42473500000000003
0.68896
0.5059049999999999
0.282724
0.47687999999999997
0.39542
0.12662600000000002
0.06464700000000001
0.008357
0.0
0.0
0.0
0.0
0.0
0.0
0.0
0.0
0.0
0.0
0.0
0.009708
0.127382
0.27856000000000003
0.419117
0.296034
0.34395600000000004
0.636445
0.640174
0.556021
0.429962
0.20593999999999998
0.057224
0.001073
0.0
0.0
0.0
0.0
0.0
0.0
0.0
0.0
0.0
0.0
0.0
0.007148
0.11492100000000001
0.26148000000000005
0.397796
0.5170170000000001
0.6005159999999999
0.606779
0.59163
0.513874
0.399575
0.239824
0.04859599999999999
0.0
0.0
0.0
0.0
0.0
0.0
0.0
0.0
0.0
0.0
0.0
0.0
0.02879
0.06637
0.196569
0.28332
0.356132
0.404738
0.422392
0.197262
0.368468
0.13063999999999998
0.215243
0.085735
0.005703000000000001
0.0
0.0
0.0
0.0
0.0
0.0
0.0
0.0
0.0
0.0
0.0
0.042362000000000004
0.100323
0.16497499999999998
0.526673
0.27268200000000004
0.301769
0.306829
0.8083579999999999
0.254654
0.554954
0.133512
0.068262
0.010186
0.0
0.0
0.0
0.0
0.0
0.0
0.0
0.0
0.0
0.0
0.0
0.01648
0.12055500000000001
0.27144
0.396893
0.313778
0.588897
0.6153
0.6392859999999999
0.5223730000000001
0.407008
0.24622300000000003
0.062415
0.0
0.0
0.0
0.0
0.0
0.0
0.0
0.0
0.0
0.0
0.0
0.0
0.008723000000000002
0.119275
0.148478
0.407845
0.5294500000000001
0.6170030000000001
0.653139
0.364676
0.5399339999999999
0.41983800000000004
0.254877
0.057539
0.00028199999999999997
0.0
0.0
0.0
0.0
0.0
0.0
0.0
0.0
0.0
0.0
0.0
0.016031
0.113452
0.256897
0.392849
0.504512
0.591557
0.6190760000000001
0.601398
0.5242060000000001
0.436816
0.15017599999999998
0.064499
0.0
0.0
0.0
0.0
0.0
0.0
0.0
0.0
0.0
0.0
0.0
0.0
0.010243
0.116451
0.269914
0.41562400000000005
0.542301
0.593668
0.5994510000000001
0.570527
0.496573
0.38597699999999996
0.23309100000000002
0.050045
0.0
0.0
0.0
0.0
0.0
0.0
0.0
0.0
0.0
0.0
0.0
0.0
0.009531000000000001
0.11687
0.27048
0.416076
0.542797
0.5905090000000001
0.596641
0.573039
0.499199
0.38795100000000005
0.233817
0.050139
0.0
0.0
0.0
0.0
0.0
0.0
0.0
0.0
0.0
0.0
0.0
0.0
0.02447
0.064461
0.107852
0.14865899999999999
0.18143199999999998
0.201423
0.205655
0.193244
0.166382
0.12973400000000002
0.087463
0.044925
0.006731
0.0
0.0
0.0
0.0
0.0
0.0
0.0
0.0
0.0
0.0
0.0
0.050125
0.07286
0.313623
0.16513
0.550472
0.221733
0.225515
0.20799700000000002
0.17802099999999998
0.139392
0.32668200000000003
0.124053
0.007737
0.0
0.0
0.0
0.0
0.0
0.0
0.0
0.0
0.0
0.0
0.0
0.007089000000000001
0.111808
0.252618
0.37945100000000004
0.48474700000000004
0.5563490000000001
0.571317
0.586963
0.512284
0.40012000000000003
0.24515199999999998
0.055081000000000005
0.0
0.0
0.0
0.0
0.0
0.0
0.0
0.0
0.0
0.0
0.0
0.0
0.031208
0.10353100000000001
0.095171
0.27099
0.33945600000000004
0.176324
0.17951
0.390581
0.14674700000000002
0.281036
0.199206
0.09901
0.009316000000000001
0.0
0.0
0.0
0.0
0.0
0.0
0.0
0.0
0.0
0.0
0.0
0.030451
0.095689
0.078788
0.109148
0.13305099999999997
0.14768299999999998
0.357246
0.336632
0.120385
0.237151
0.166366
0.092616
0.009204
0.0
0.0
0.0
0.0
0.0
0.0
0.0
0.0
0.0
0.0
0.0
0.075864
0.283097
0.151219
0.20638900000000002
0.250505
0.277615
0.282671
0.266783
0.22983699999999999
0.638697
0.120947
0.063086
0.024492
0.0
0.0
0.0
0.0
0.0
0.0
0.0
0.0
0.0
0.0
0.0
0.00852
0.117744
0.276051
0.424267
0.539824
0.583195
0.587742
0.555373
0.48508
0.379547
0.231981
0.052485
0.0
0.0
0.0
0.0
0.0
0.0
0.0
0.0
0.0
0.0
0.0
0.0
0.042828000000000005
0.11118399999999999
0.42420800000000003
0.24896100000000002
0.301442
0.333488
0.802064
0.320245
0.275466
0.21398699999999998
0.348136
0.075844
0.014593
0.0
0.0
0.0
0.0
0.0
0.0
0.0
0.0
0.0
0.0
0.0
0.030506000000000002
0.071863
0.119097
0.31958499999999995
0.198816
0.45881
0.478604
0.45715100000000003
0.408964
0.139638
0.09441
0.099994
0.008096
0.0
0.0
0.0
0.0
0.0
0.0
0.0
0.0
0.0
0.0
0.0
0.037543
0.059177999999999994
0.097555
0.31479
0.39168400000000003
0.181001
0.186174
0.17707499999999998
0.153052
0.331297
0.23579499999999998
0.113677
0.012766999999999999
0.0
0.0
0.0
0.0
0.0
0.0
0.0
0.0
0.0
0.0
0.0
0.024239999999999998
0.064023
0.106413
0.147121
0.179122
0.199026
0.203141
0.19042099999999998
0.163543
0.12629200000000002
0.08512399999999999
0.043751
0.006951
0.0
0.0
0.0
0.0
0.0
0.0
0.0
0.0
0.0
0.0
0.0
0.02921
0.076396
0.126057
0.17293199999999997
0.210892
0.233923
0.23858600000000002
0.22364599999999998
0.192075
0.14890199999999998
0.100214
0.052292
0.008907
0.0
0.0
0.0
0.0
0.0
0.0
0.0
0.0
0.0
0.0
0.0
0.022832
0.061688
0.10143300000000001
0.139524
0.170559
0.189857
0.19426400000000002
0.181674
0.15628299999999998
0.12109600000000001
0.081687
0.04252
0.0064080000000000005
0.0
0.0
0.0
0.0
0.0
0.0
0.0
0.0
0.0
0.0
0.0
0.04202
0.158954
0.133577
0.181647
0.5235270000000001
0.242934
0.6107039999999999
0.238593
0.205459
0.159737
0.348906
0.056369
0.010252
0.0
0.0
0.0
0.0
0.0
0.0
0.0
0.0
0.0
0.0
0.0
0.031773
0.064474
0.201959
0.144114
0.359387
0.193216
0.4229
0.40080099999999996
0.361239
0.125596
0.085035
0.104635
0.010395
0.0
0.0
0.0
0.0
0.0
0.0
0.0
0.0
0.0
0.0
0.0
0.043366
0.159502
0.128085
0.175213
0.5273869999999999
0.23688399999999998
0.242298
0.231678
0.5698909999999999
0.152081
0.335674
0.052918
0.009564
0.0
0.0
0.0
0.0
0.0
0.0
0.0
0.0
0.0
0.0
0.0
0.028544
0.081238
0.13375499999999999
0.341271
0.435176
0.497324
0.255133
0.5065810000000001
0.452887
0.369811
0.106192
0.10087900000000001
0.009609999999999999
0.0
0.0
0.0
0.0
0.0
0.0
0.0
0.0
0.0
0.0
0.0
0.036725
0.07877500000000001
0.129929
0.39198099999999997
0.21634399999999998
0.240071
0.579846
0.23242500000000002
0.522393
0.155071
0.310576
0.117799
0.009659000000000001
0.0
0.0
0.0
0.0
0.0
0.0
0.0
0.0
0.0
0.0
0.0
0.046086
0.093389
0.154101
0.210406
0.254367
0.281408
0.285705
0.771984
0.23236600000000002
0.5768
0.376525
0.06374300000000001
0.012209
0.0
0.0
0.0
0.0
0.0
0.0
0.0
0.0
0.0
0.0
0.0
0.024646
0.066293
0.110084
0.152336
0.18669
0.20743199999999998
0.212108
0.19839199999999999
0.169909
0.131335
0.088331
0.045793
0.007732
0.0
0.0
0.0
0.0
0.0
0.0
0.0
0.0
0.0
0.0
0.0
0.024075
0.06470699999999999
0.107898
0.14821
0.18150899999999998
0.202143
0.206584
0.193841
0.167149
0.129163
0.08675
0.044548000000000004
0.007097
0.0
0.0
0.0
0.0
0.0
0.0
0.0
0.0
0.0
0.0
0.0
0.031920000000000004
0.080077
0.255344
0.373716
0.22494399999999998
0.250039
0.25506
0.5393709999999999
0.483543
0.396924
0.28745800000000005
0.055006
0.009569000000000001
0.0
0.0
0.0
0.0
0.0
0.0
0.0
0.0
0.0
0.0
0.0
0.043252000000000006
0.15567699999999998
0.290871
0.163978
0.512635
0.219378
0.223842
0.214871
0.186421
0.456386
0.09926399999999999
0.051137999999999996
0.008577
0.0
0.0
0.0
0.0
0.0
0.0
0.0
0.0
0.0
0.0
0.0
0.024032
0.064496
0.10756
0.148013
0.18118199999999998
0.20168799999999998
0.205858
0.19274000000000002
0.165577
0.128727
0.086195
0.044001
0.007173
0.0
0.0
0.0
0.0
0.0
0.0
0.0
0.0
0.0
0.0
0.0
0.025149
0.084313
0.15449100000000002
0.112164
0.137042
0.314873
0.327052
0.30987400000000004
0.27344799999999997
0.09501000000000001
0.151739
0.032066000000000004
0.0038959999999999997
0.0
0.0
0.0
0.0
0.0
0.0
0.0
0.0
0.0
0.0
0.0
0.025633
0.047277
0.080011
0.223494
0.279143
0.150027
0.153116
0.31246199999999996
0.274365
0.219263
0.153191
0.084305
0.007764999999999999
0.0
0.0
0.0
0.0
0.0
0.0
0.0
0.0
0.0
0.0
0.0
0.029988
0.130394
0.145728
0.199456
0.47683499999999995
0.542323
0.567302
0.570228
0.222473
0.172578
0.116165
0.059717
0.010289999999999999
0.0
0.0
0.0
0.0
0.0
0.0
0.0
0.0
0.0
0.0
0.0
0.028079999999999997
0.103673
0.19705699999999998
0.147905
0.180918
0.414422
0.43262900000000004
0.192353
0.367085
0.295151
0.20957
0.10688299999999999
0.006395
0.0
0.0
0.0
0.0
0.0
0.0
0.0
0.0
0.0
0.0
0.0
0.014138
0.110095
0.258913
0.397195
0.516555
0.599752
0.612503
0.32614699999999996
0.54995
0.44477300000000003
0.26489100000000004
0.07228799999999999
0.003178
0.0
0.0
0.0
0.0
0.0
0.0
0.0
0.0
0.0
0.0
0.0
0.023469999999999998
0.238228
0.233148
0.343647
0.43571499999999996
0.497672
0.29758
0.28172699999999995
0.241632
0.188389
0.126968
0.06561
0.011547
0.0
0.0
0.0
0.0
0.0
0.0
0.0
0.0
0.0
0.0
0.0
0.011795
0.115679
0.257328
0.258264
0.49268900000000004
0.567525
0.5746939999999999
0.602476
0.564381
0.417546
0.282086
0.07033
7.4e-05
0.0
0.0
0.0
0.0
0.0
0.0
0.0
0.0
0.0
0.0
0.0
0.013803000000000001
0.11374
0.18355000000000002
0.387698
0.540938
0.625835
0.617027
0.6194379999999999
0.5636680000000001
0.219317
0.290297
0.074681
0.003148
0.0
0.0
0.0
0.0
0.0
0.0
0.0
0.0
0.0
0.0
0.0
0.034853999999999996
0.053499000000000005
0.22128399999999998
0.124654
0.153225
0.450817
0.175132
0.16488999999999998
0.141898
0.32407100000000005
0.227826
0.036401
0.011567000000000001
0.0
0.0
0.0
0.0
0.0
0.0
0.0
0.0
0.0
0.0
0.0
0.023004
0.064175
0.108141
0.150511
0.185134
0.206352
0.211672
0.197284
0.168689
0.129721
0.086162
0.043418
0.00571
0.0
0.0
0.0
0.0
0.0
0.0
0.0
0.0
0.0
0.0
0.0
0.02089
0.07343899999999999
0.13518799999999997
0.194106
0.12381600000000001
0.278209
0.289242
0.13300800000000002
0.241991
0.193023
0.1348
0.073302
0.002659
0.0
0.0
0.0
0.0
0.0
0.0
0.0
0.0
0.0
0.0
0.0
0.022861
0.065212
0.109899
0.151578
0.184879
0.205322
0.208881
0.19636099999999998
0.168518
0.129638
0.086602
0.043799
0.005774
0.0
0.0
0.0
0.0
0.0
0.0
0.0
0.0
0.0
0.0
0.0
0.032851
0.124061
0.236434
0.34146699999999996
0.193637
0.21459999999999999
0.218851
0.486856
0.174459
0.35091
0.252272
0.045174
0.00564
0.0
0.0
0.0
0.0
0.0
0.0
0.0
0.0
0.0
0.0
0.0
0.030435
0.148696
0.16077000000000002
0.221086
0.565744
0.298967
0.304096
0.6573289999999999
0.593034
0.18884800000000002
0.346103
0.064178
0.009436
0.0
0.0
0.0
0.0
0.0
0.0
0.0
0.0
0.0
0.0
0.0
0.019018999999999998
0.108208
0.22539099999999998
0.401911
0.427035
0.590884
0.5156219999999999
0.278059
0.466414
0.183689
0.282194
0.09671500000000001
0.009401
0.0
0.0
0.0
0.0
0.0
0.0
0.0
0.0
0.0
0.0
0.0
0.012287000000000001
0.102868
0.253578
0.38197000000000003
0.499831
0.5814579999999999
0.620509
0.617839
0.540409
0.456974
0.268804
0.08278
0.011284
0.0
0.0
0.0
0.0
0.0
0.0
0.0
0.0
0.0
0.0
0.0
0.01676
0.099015
0.165244
0.350651
0.48189800000000005
0.509824
0.5824320000000001
0.626553
0.571339
0.42671499999999996
0.133742
0.06734
0.003695
0.0
0.0
0.0
0.0
0.0
0.0
0.0
0.0
0.0
0.0
0.0
0.012284000000000002
0.114536
0.261519
0.42537200000000003
0.518463
0.349026
0.6392680000000001
0.6266649999999999
0.583966
0.43531400000000003
0.29486399999999996
0.073556
0.0
0.0
0.0
0.0
0.0
0.0
0.0
0.0
0.0
0.0
0.0
0.0
0.0044340000000000004
0.120919
0.293057
0.452555
0.328551
0.62085
0.409698
0.6108579999999999
0.537791
0.4253
0.269318
0.070853
0.0
0.0
0.0
0.0
0.0
0.0
0.0
0.0
0.0
0.0
0.0
0.0
0.011618
0.109317
0.255703
0.38931299999999996
0.50302
0.576513
0.607039
0.640867
0.5422100000000001
0.42817500000000003
0.291755
0.080941
0.0011439999999999998
0.0
0.0
0.0
0.0
0.0
0.0
0.0
0.0
0.0
0.0
0.0
0.014335
0.118972
0.249197
0.37883300000000003
0.296268
0.564246
0.597869
0.606561
0.570246
0.449956
0.301541
0.07056699999999999
0.0023220000000000003
0.0
0.0
0.0
0.0
0.0
0.0
0.0
0.0
0.0
0.0
0.0
0.032444
0.17872300000000002
0.17157
0.5448099999999999
0.290678
0.782764
0.329188
0.310371
0.26583999999999997
0.204503
0.365525
0.068354
0.008446
0.0
0.0
0.0
0.0
0.0
0.0
0.0
0.0
0.0
0.0
0.0
0.022837
0.08987099999999999
0.092874
0.250391
0.316286
0.362856
0.379795
0.17197900000000002
0.322856
0.11370699999999999
0.183064
0.103328
0.004891
0.0
0.0
0.0
0.0
0.0
0.0
0.0
0.0
0.0
0.0
0.0
0.024921
0.072291
0.122852
0.171127
0.41523200000000005
0.474695
0.497103
0.49965699999999996
0.44356
0.147444
0.255916
0.047332
0.0040279999999999995
0.0
0.0
0.0
0.0
0.0
0.0
0.0
0.0
0.0
0.0
0.0
0.022451000000000002
0.06918
0.11855500000000001
0.164873
0.202409
0.22602
0.23072900000000002
0.21779900000000002
0.186119
0.142662
0.093702
0.045911
0.004111
0.0
0.0
0.0
0.0
0.0
0.0
0.0
0.0
0.0
0.0
0.0
0.021029
0.06507299999999999
0.111457
0.15640700000000002
0.19163
0.213953
0.217728
0.203493
0.173489
0.13341399999999998
0.087537
0.042476
0.002823
0.0
0.0
0.0
0.0
0.0
0.0
0.0
0.0
0.0
0.0
0.0
0.01298
0.11892799999999999
0.262474
0.43443099999999996
0.5132369999999999
0.34457499999999996
0.6263200000000001
0.618757
0.560785
0.432604
0.292889
0.07131399999999999
0.000865
0.0
0.0
0.0
0.0
0.0
0.0
0.0
0.0
0.0
0.0
0.0
0.014347
0.111429
0.25913600000000003
0.393038
0.46619099999999997
0.534709
0.563742
0.594456
0.26758499999999996
0.450118
0.28375599999999995
0.08353000000000001
0.0
0.0
0.0
0.0
0.0
0.0
0.0
0.0
0.0
0.0
0.0
0.0
0.015074
0.16686199999999998
0.262267
0.25262
0.308332
0.58848
0.7158669999999999
0.618899
0.280753
0.469308
0.14206
0.08419700000000001
0.001258
0.0
0.0
0.0
0.0
0.0
0.0
0.0
0.0
0.0
0.0
0.0
0.035954
0.098966
0.17028200000000002
0.5980270000000001
0.291091
0.323322
0.329889
0.31179
0.264992
0.597236
0.38818400000000003
0.126241
0.006318
0.0
0.0
0.0
0.0
0.0
0.0
0.0
0.0
0.0
0.0
0.0
0.027518
0.068804
0.11824599999999999
0.163655
0.199899
0.485668
0.5070439999999999
0.534851
0.480202
0.1475
0.096993
0.046272
0.0024
0.0
0.0
0.0
0.0
0.0
0.0
0.0
0.0
0.0
0.0
0.0
0.027995000000000003
0.06652
0.23825200000000002
0.16031700000000002
0.434179
0.492159
0.22469399999999998
0.5304679999999999
0.184239
0.140911
0.091241
0.108563
0.001562
0.0
0.0
0.0
0.0
0.0
0.0
0.0
0.0
0.0
0.0
0.0
0.018795000000000003
0.10962999999999999
0.309086
0.345461
0.438113
0.658139
0.524282
0.289375
0.246476
0.40663299999999997
0.124183
0.05935
0.002892
0.0
0.0
0.0
0.0
0.0
0.0
0.0
0.0
0.0
0.0
0.0
0.017745
0.09444799999999999
0.164657
0.230579
0.48116699999999996
0.3167
0.5857169999999999
0.304007
0.5183880000000001
0.549338
0.317838
0.106097
0.0006450000000000001
0.0
0.0
0.0
0.0
0.0
0.0
0.0
0.0
0.0
0.0
0.0
0.032709
0.092624
0.160519
0.538024
0.275676
0.306926
0.314228
0.83063
0.256699
0.600093
0.129197
0.061406999999999996
0.00287
0.0
0.0
0.0
0.0
0.0
0.0
0.0
0.0
0.0
0.0
0.0
0.018262
0.078664
0.151179
0.221873
0.139683
0.318512
0.331229
0.31634500000000004
0.27693
0.096655
0.062221
0.08654200000000001
0.0
0.0
0.0
0.0
0.0
0.0
0.0
0.0
0.0
0.0
0.0
0.0
0.018920000000000003
0.045618
0.08113899999999999
0.114637
0.291725
0.33117
0.34526
0.324094
0.12859
0.231163
0.162542
0.02892
0.0
0.0
0.0
0.0
0.0
0.0
0.0
0.0
0.0
0.0
0.0
0.0
0.021513
0.091644
0.17719300000000002
0.257625
0.14825899999999997
0.165927
0.168903
0.376685
0.33194
0.263281
0.066633
0.09076000000000001
0.0
0.0
0.0
0.0
0.0
0.0
0.0
0.0
0.0
0.0
0.0
0.0
0.019651
0.045971
0.167178
0.117301
0.14537
0.35126
0.365697
0.155632
0.308219
0.246025
0.171119
0.085967
0.0
0.0
0.0
0.0
0.0
0.0
0.0
0.0
0.0
0.0
0.0
0.0
0.016456
0.226395
0.248284
0.369921
0.469514
0.314291
0.5634790000000001
0.31084100000000003
0.26405700000000004
0.44161900000000004
0.131301
0.060895000000000005
0.0
0.0
0.0
0.0
0.0
0.0
0.0
0.0
0.0
0.0
0.0
0.0
0.016879
0.045492
0.081025
0.222835
0.282506
0.321647
0.33415100000000003
0.320436
0.285251
0.100573
0.160156
0.0291
0.0
0.0
0.0
0.0
0.0
0.0
0.0
0.0
0.0
0.0
0.0
0.0
0.01696
0.079623
0.156412
0.229677
0.29171800000000003
0.333566
0.165041
0.329502
0.287769
0.098005
0.062453
0.07741100000000001
0.0
0.0
0.0
0.0
0.0
0.0
0.0
0.0
0.0
0.0
0.0
0.0
0.018031
0.087722
0.17307599999999998
0.253872
0.32433100000000004
0.36932600000000004
0.38483300000000004
0.182763
0.335484
0.267261
0.07439799999999999
0.076155
0.0
0.0
0.0
0.0
0.0
0.0
0.0
0.0
0.0
0.0
0.0
0.0
0.02302
0.113398
0.22429
0.330281
0.185645
0.48179700000000003
0.21341300000000002
0.199359
0.17118
0.349826
0.25037
0.08888599999999999
0.0
0.0
0.0
0.0
0.0
0.0
0.0
0.0
0.0
0.0
0.0
0.0
0.014359
0.113036
0.264897
0.374424
0.5236770000000001
0.5517029999999999
0.638567
0.593236
0.5337179999999999
0.197079
0.126297
0.067074
0.0
0.0
0.0
0.0
0.0
0.0
0.0
0.0
0.0
0.0
0.0
0.0
0.012721999999999999
0.097592
0.26128300000000004
0.39915300000000004
0.303632
0.595797
0.6298630000000001
0.6807089999999999
0.5952759999999999
0.46580900000000003
0.304073
0.061363999999999995
0.0
0.0
0.0
0.0
0.0
0.0
0.0
0.0
0.0
0.0
0.0
0.0
0.014265
0.10881300000000001
0.288784
0.27293
0.336061
0.3745
0.38091699999999995
0.358703
0.625999
0.502493
0.30610000000000004
0.067328
0.0
0.0
0.0
0.0
0.0
0.0
0.0
0.0
0.0
0.0
0.0
0.0
0.012377
0.102645
0.18368600000000002
0.259928
0.32047699999999996
0.631583
0.7188730000000001
0.676761
0.610611
0.49300700000000003
0.28859300000000004
0.052497
0.0
0.0
0.0
0.0
0.0
0.0
0.0
0.0
0.0
0.0
0.0
0.0
0.023176
0.124114
0.116604
0.374428
0.47610199999999997
0.23207
0.236734
0.22259
0.49251
0.396364
0.08937600000000001
0.08268600000000001
0.0
0.0
0.0
0.0
0.0
0.0
0.0
0.0
0.0
0.0
0.0
0.0
0.017533999999999998
0.044793
0.18087299999999998
0.12161100000000001
0.343827
0.39531499999999997
0.41290499999999997
0.16459700000000002
0.139206
0.10457
0.19202699999999998
0.073934
0.0
0.0
0.0
0.0
0.0
0.0
0.0
0.0
0.0
0.0
0.0
0.0
0.013783
0.042152999999999996
0.149815
0.224107
0.145028
0.329866
0.34520999999999996
0.32954500000000003
0.285951
0.226542
0.156233
0.025639
0.0
0.0
0.0
0.0
0.0
0.0
0.0
0.0
0.0
0.0
0.0
0.0
0.039902
0.084077
0.15218199999999998
0.216785
0.2682
0.833333
0.305659
0.277823
0.236996
0.18043700000000001
0.412851
0.050832999999999996
0.0
0.0
0.0
0.0
0.0
0.0
0.0
0.0
0.0
0.0
0.0
0.0
0.052822
0.079516
0.1453
0.20690899999999998
0.25659
0.28637
0.291462
0.267531
0.22809000000000001
0.631026
0.110686
0.138898
0.0
0.0
0.0
0.0
0.0
0.0
0.0
0.0
0.0
0.0
0.0
0.0
0.052785
0.077392
0.142037
0.20341800000000002
0.791191
0.281686
0.287372
0.26763400000000004
0.227114
0.17109
0.108738
0.046767
0.0
0.0
0.0
0.0
0.0
0.0
0.0
0.0
0.0
0.0
0.0
0.0
0.015317
0.09012
0.183445
0.141837
0.34791500000000003
0.197374
0.412417
0.396096
0.351235
0.28290899999999997
0.206787
0.040371000000000004
0.0
0.0
0.0
0.0
0.0
0.0
0.0
0.0
0.0
0.0
0.0
0.0
0.024607
0.202118
0.18481999999999998
0.264796
0.810785
0.833333
0.372548
0.34367000000000003
0.290968
0.219696
0.139289
0.059724
0.0
0.0
0.0
0.0
0.0
0.0
0.0
0.0
0.0
0.0
0.0
0.0
0.011025
0.119755
0.260061
0.242522
0.5044959999999999
0.624174
0.6514310000000001
0.648905
0.588565
0.486059
0.13255799999999998
0.056302
0.0
0.0
0.0
0.0
0.0
0.0
0.0
0.0
0.0
0.0
0.0
0.0
0.010648
0.098363
0.180976
0.423509
0.621401
0.681119
0.687153
0.682763
0.293337
0.482302
0.139294
0.027224
0.0
0.0
0.0
0.0
0.0
0.0
0.0
0.0
0.0
0.0
0.0
0.0
0.011179999999999999
0.143463
0.267071
0.502402
0.6287699999999999
0.5973229999999999
0.350161
0.34024
0.609565
0.48984500000000003
0.291055
0.057243
0.0
0.0
0.0
0.0
0.0
0.0
0.0
0.0
0.0
0.0
0.0
0.0
0.014659
0.045477
0.184418
0.126616
0.34670100000000004
0.394762
0.18218
0.419644
0.146421
0.28920999999999997
0.066861
0.041311
0.0
0.0
0.0
0.0
0.0
0.0
0.0
0.0
0.0
0.0
0.0
0.0
0.015784
0.063776
0.241553
0.363328
0.464971
0.532602
0.24857400000000002
0.549523
0.196148
0.146604
0.295197
0.036997999999999996
0.0
0.0
0.0
0.0
0.0
0.0
0.0
0.0
0.0
0.0
0.0
0.0
0.018984
0.16201
0.16875800000000002
0.24384
0.30510000000000004
0.8030109999999999
0.349373
0.826448
0.274413
0.561923
0.12828
0.048864
0.0
0.0
0.0
0.0
0.0
0.0
0.0
0.0
0.0
0.0
0.0
0.0
0.010568
0.087229
0.257946
0.42418599999999995
0.5544439999999999
0.596646
0.686457
0.636946
0.5774750000000001
0.201009
0.291173
0.028797999999999997
0.0
0.0
0.0
0.0
0.0
0.0
0.0
0.0
0.0
0.0
0.0
0.0
0.010161
0.117202
0.31214
0.406722
0.303625
0.607035
0.346594
0.6462910000000001
0.599596
0.463507
0.269018
0.027867
0.0
0.0
0.0
0.0
0.0
0.0
0.0
0.0
0.0
0.0
0.0
0.0
0.011254
0.08654
0.26143099999999997
0.236465
0.516327
0.32860700000000004
0.6286269999999999
0.721832
0.5459660000000001
0.196377
0.285358
0.033305
0.0
0.0
0.0
0.0
0.0
0.0
0.0
0.0
0.0
0.0
0.0
0.0
0.009124
0.072253
0.078048
0.230176
0.14666200000000001
0.342694
0.358323
0.34584699999999996
0.30606700000000003
0.2412
0.170557
0.02237
0.0
0.0
0.0
0.0
0.0
0.0
0.0
0.0
0.0
0.0
0.0
0.0
0.015766
0.071098
0.29669
0.201574
0.57927
0.668815
0.702477
0.270215
0.22678399999999999
0.168036
0.10278100000000001
0.045579999999999996
0.0
0.0
0.0
0.0
0.0
0.0
0.0
0.0
0.0
0.0
0.0
0.0
0.007924
0.089029
0.268099
0.421178
0.545615
0.643771
0.673519
0.655678
0.56948
0.471333
0.245264
0.022904
0.0
0.0
0.0
0.0
0.0
0.0
0.0
0.0
0.0
0.0
0.0
0.0
0.009667
0.072854
0.13959200000000002
0.201315
0.438666
0.645573
0.527161
0.547856
0.499251
0.41934899999999997
0.295238
0.031831
0.0
0.0
0.0
0.0
0.0
0.0
0.0
0.0
0.0
0.0
0.0
0.0
0.022186
0.221737
0.468523
0.253247
0.315899
0.35364999999999996
0.360392
0.833333
0.288885
0.21540399999999998
0.132716
0.051071
0.0
0.0
0.0
0.0
0.0
0.0
0.0
0.0
0.0
0.0
0.0
0.0
0.010764
0.096091
0.09087999999999999
0.305353
0.391896
0.449752
0.195434
0.459358
0.154136
0.114255
0.069077
0.0252
0.0
0.0
0.0
0.0
0.0
0.0
0.0
0.0
0.0
0.0
0.0
0.0
0.016589
0.07762300000000001
0.151616
0.221601
0.27774
0.767279
0.802224
0.297593
0.250123
0.185933
0.32720499999999997
0.049792
0.0
0.0
0.0
0.0
0.0
0.0
0.0
0.0
0.0
0.0
0.0
0.0
0.008537000000000001
0.10717600000000001
0.147384
0.367272
0.26740800000000003
0.535322
0.735995
0.59723
0.5443129999999999
0.188675
0.115716
0.030131
0.0
0.0
0.0
0.0
0.0
0.0
0.0
0.0
0.0
0.0
0.0
0.0
0.029731
0.08250400000000001
0.161362
0.235673
0.295139
0.33012
0.33644799999999997
0.313228
0.264354
0.196825
0.371
0.081914
0.0
0.0
0.0
0.0
0.0
0.0
0.0
0.0
0.0
0.0
0.0
0.0
0.007917
0.078182
0.15413
0.227326
0.287084
0.59925
0.785427
0.748306
0.64527
0.475401
0.115396
0.041394
0.0
0.0
0.0
0.0
0.0
0.0
0.0
0.0
0.0
0.0
0.0
0.0
0.007894
0.07269
0.14502600000000002
0.214067
0.529259
0.6137100000000001
0.648047
0.6318980000000001
0.568561
0.474527
0.107594
0.030763000000000002
0.0
0.0
0.0
0.0
0.0
0.0
0.0
0.0
0.0
0.0
0.0
0.0
0.020251
0.21682200000000001
0.465654
0.203971
0.257603
0.290034
0.29656299999999997
0.277928
0.23205699999999999
0.667965
0.102227
0.070326
0.0
0.0
0.0
0.0
0.0
0.0
0.0
0.0
0.0
0.0
0.0
0.0
0.008798
0.128207
0.15015299999999998
0.45443700000000004
0.589313
0.31547699999999995
0.321985
0.722842
0.651023
0.537655
0.111578
0.038905999999999996
0.0
0.0
0.0
0.0
0.0
0.0
0.0
0.0
0.0
0.0
0.0
0.0
0.014187
0.056512
0.115621
0.173072
0.692297
0.792529
0.253412
0.23454
0.195327
0.142843
0.084706
0.028631
0.0
0.0
0.0
0.0
0.0
0.0
0.0
0.0
0.0
0.0
0.0
0.0
0.005706
0.077679
0.156971
0.233347
0.29443400000000003
0.621384
0.658437
0.658044
0.657695
0.493124
0.259044
0.024295
0.0
0.0
0.0
0.0
0.0
0.0
0.0
0.0
0.0
0.0
0.0
0.0
0.004705
0.07958499999999999
0.26453699999999997
0.414972
0.553693
0.644205
0.6735119999999999
0.672003
0.615593
0.43226299999999995
0.239906
0.011601
0.0
0.0
0.0
0.0
0.0
0.0
0.0
0.0
0.0
0.0
0.0
0.0
0.004664
0.081681
0.269369
0.243124
0.534165
0.339754
0.64437
0.7042820000000001
0.6066090000000001
0.20288399999999998
0.240352
0.022609999999999998
0.0
0.0
0.0
0.0
0.0
0.0
0.0
0.0
0.0
0.0
0.0
0.0
0.004639
0.21950299999999998
0.28066599999999997
0.252631
0.31733300000000003
0.6530779999999999
0.3619
0.706222
0.634356
0.210626
0.125303
0.021181000000000002
0.0
0.0
0.0
0.0
0.0
0.0
0.0
0.0
0.0
0.0
0.0
0.0
0.009533
0.17203100000000002
0.145797
0.21538300000000002
0.70578
0.303966
0.30975400000000003
0.296551
0.248616
0.576932
0.306634
0.03493
0.0
0.0
0.0
0.0
0.0
0.0
0.0
0.0
0.0
0.0
0.0
0.0
0.00428
0.049823
0.216257
0.339282
0.20258400000000001
0.506413
0.531048
0.52774
0.182076
0.132346
0.259232
0.028992999999999998
0.0
0.0
0.0
0.0
0.0
0.0
0.0
0.0
0.0
0.0
0.0
0.0
0.0029249999999999996
0.203899
0.275747
0.607614
0.5632670000000001
0.35330700000000004
0.36127699999999996
0.34319
0.6345599999999999
0.210225
0.230648
0.026142
0.0
0.0
0.0
0.0
0.0
0.0
0.0
0.0
0.0
0.0
0.0
0.0
0.008225
0.173094
0.129888
0.569472
0.246684
0.278811
0.284708
0.833333
0.225303
0.164599
0.09615800000000001
0.029826000000000002
0.0
0.0
0.0
0.0
0.0
0.0
0.0
0.0
0.0
0.0
0.0
0.0
0.0022730000000000003
0.042348
0.09199299999999999
0.14060599999999998
0.415196
0.482388
0.507706
0.481644
0.16121100000000002
0.11564
0.249648
0.018947
0.0
0.0
0.0
0.0
0.0
0.0
0.0
0.0
0.0
0.0
0.0
0.0
0.001488
0.084126
0.189038
0.126887
0.16261699999999998
0.437925
0.463858
0.17530600000000002
0.144574
0.317048
0.24824000000000002
0.027649999999999997
0.0
0.0
0.0
0.0
0.0
0.0
0.0
0.0
0.0
0.0
0.0
0.0
0.0016279999999999999
0.075933
0.269904
0.6233869999999999
0.553252
0.344961
0.352788
0.668119
0.273835
0.20017
0.117512
0.035487000000000005
0.0
0.0
0.0
0.0
0.0
0.0
0.0
0.0
0.0
0.0
0.0
0.0
0.0
0.111241
0.155846
0.438864
0.570061
0.393505
0.658184
0.668716
0.567966
0.419056
0.187114
0.009147
0.0
0.0
0.0
0.0
0.0
0.0
0.0
0.0
0.0
0.0
0.0
0.0
0.00047999999999999996
0.10192
0.438387
0.38563
0.499915
0.313625
0.320198
0.308178
0.25593
0.47941500000000004
0.220702
0.020050000000000002
0.0
0.0
0.0
0.0
0.0
0.0
0.0
0.0
0.0
0.0
0.0
0.0
0.001984
0.15191
0.150041
0.567418
0.29043599999999997
0.32810199999999995
0.335037
0.823546
0.258069
0.5252709999999999
0.10804000000000001
0.030793
0.0
0.0
0.0
0.0
0.0
0.0
0.0
0.0
0.0
0.0
0.0
0.0
0.001618
0.050314
0.358134
0.17160599999999998
0.220838
0.250542
0.833333
0.23512200000000003
0.194771
0.14055199999999998
0.287373
0.021357
0.0
0.0
0.0
0.0
0.0
0.0
0.0
0.0
0.0
0.0
0.0
0.0
0.0
0.10716800000000001
0.15265399999999998
0.23393
0.560209
0.8198909999999999
0.697065
0.319003
0.264858
0.466415
0.110153
0.030063
0.0
0.0
0.0
0.0
0.0
0.0
0.0
0.0
0.0
0.0
0.0
0.0
0.0
0.151625
0.144334
0.221046
0.283826
0.321762
0.32847000000000004
0.833333
0.725157
0.182177
0.24634
0.030623
0.0
0.0
0.0
0.0
0.0
0.0
0.0
0.0
0.0
0.0
0.0
0.0
0.0
0.208847
0.24463200000000002
0.386183
0.505374
0.308232
0.620477
0.296892
0.24632900000000002
0.462169
0.19911500000000001
0.025667000000000002
0.0
0.0
0.0
0.0
0.0
0.0
0.0
0.0
0.0
0.0
0.0
0.0
0.0
0.114432
0.289177
0.38656799999999997
0.273924
0.590715
0.628029
0.642448
0.589356
0.449262
0.101694
0.013268
0.0
0.0
0.0
0.0
0.0
0.0
0.0
0.0
0.0
0.0
0.0
0.0
0.0
0.11512
0.152891
0.249939
0.335068
0.731745
0.72952
0.629125
0.538284
0.323658
0.16386799999999999
0.00782
0.0
0.0
0.0
0.0
0.0
0.0
0.0
0.0
0.0
0.0
0.0
0.0
0.0
0.057625
0.22922800000000002
0.203375
0.493029
0.573867
0.303062
0.281857
0.546144
0.503835
0.189421
0.021190999999999998
0.0
0.0
0.0
0.0
0.0
0.0
0.0
0.0
0.0
0.0
0.0
0.0
0.0
0.06271399999999999
0.24791999999999997
0.402857
0.535576
0.6259210000000001
0.657693
0.662715
0.6029869999999999
0.400716
0.16650299999999998
0.008294000000000001
0.0
0.0
0.0
0.0
0.0
0.0
0.0
0.0
0.0
0.0
0.0
0.0
0.0
0.028897
0.14789
0.109244
0.313838
0.365526
0.38514499999999996
0.15535
0.329788
0.265089
0.19037600000000002
0.007808
0.0
0.0
0.0
0.0
0.0
0.0
0.0
0.0
0.0
0.0
0.0
0.0
0.0
0.045200000000000004
0.10571599999999999
0.166579
0.217168
0.248429
0.255769
0.23784899999999998
0.196154
0.13943799999999998
0.07688299999999999
0.012773
0.0
0.0
0.0
0.0
0.0
0.0
0.0
0.0
0.0
0.0
0.0
0.0
0.0
0.044639000000000005
0.10518999999999999
0.166029
0.215807
0.247885
0.254444
0.235786
0.194322
0.137827
0.075568
0.010794
0.0
0.0
0.0
0.0
0.0
0.0
0.0
0.0
0.0
0.0
0.0
0.0
0.0
0.10742
0.265101
0.151399
0.196579
0.655006
0.23088499999999998
0.2139
0.176083
0.49958800000000003
0.21888
0.008397
0.0
0.0
0.0
0.0
0.0
0.0
0.0
0.0
0.0
0.0
0.0
0.0
0.0
0.213161
0.46935899999999997
0.242645
0.314729
0.35862900000000003
0.366327
0.33658
0.27783199999999997
0.19885
0.110015
0.025922
0.0
0.0
0.0
0.0
0.0
0.0
0.0
0.0
0.0
0.0
0.0
0.0
0.0
0.058755
0.150011
0.242268
0.323317
0.386007
0.406647
0.390346
0.138053
0.280685
0.160781
0.007214000000000001
0.0
0.0
0.0
0.0
0.0
0.0
0.0
0.0
0.0
0.0
0.0
0.0
0.0
0.040631999999999995
0.100272
0.15934
0.20822200000000002
0.238675
0.245398
0.227366
0.18635300000000002
0.131055
0.07011400000000001
0.008343
0.0
0.0
0.0
0.0
0.0
0.0
0.0
0.0
0.0
0.0
0.0
0.0
0.0
0.040639
0.099398
0.157446
0.206797
0.237072
0.243188
0.225878
0.184955
0.130289
0.07006699999999999
0.007992
0.0
0.0
0.0
0.0
0.0
0.0
0.0
0.0
0.0
0.0
0.0
0.0
0.0
0.039795000000000004
0.098599
0.156797
0.20563800000000002
0.236183
0.24314
0.224258
0.184224
0.129655
0.070184
0.007507
0.0
0.0
0.0
0.0
0.0
0.0
0.0
0.0
0.0
0.0
0.0
0.0
0.0
0.079485
0.20474
0.137856
0.18014599999999997
0.512278
0.539833
0.530995
0.160371
0.11283
0.060458
0.005816
0.0
0.0
0.0
0.0
0.0
0.0
0.0
0.0
0.0
0.0
0.0
0.0
0.0
0.08644199999999999
0.097326
0.15624700000000002
0.20468
0.56792
0.599595
0.584179
0.179137
0.448355
0.15351499999999998
0.006671
0.0
0.0
0.0
0.0
0.0
0.0
0.0
0.0
0.0
0.0
0.0
0.0
0.0
0.083119
0.123734
0.195109
0.252706
0.287512
0.584321
0.27917200000000003
0.557766
0.47139
0.13344
0.005678
0.0
0.0
0.0
0.0
0.0
0.0
0.0
0.0
0.0
0.0
0.0
0.0
0.0
0.08388899999999999
0.22623300000000002
0.368747
0.488904
0.572331
0.598755
0.594677
0.505788
0.360577
0.11321200000000001
0.008995
0.0
0.0
0.0
0.0
0.0
0.0
0.0
0.0
0.0
0.0
0.0
0.0
0.0
0.09544
0.248032
0.159537
0.20802400000000001
0.5963959999999999
0.243842
0.658251
0.188331
0.472099
0.06989100000000001
0.008664999999999999
0.0
0.0
0.0
0.0
0.0
0.0
0.0
0.0
0.0
0.0
0.0
0.0
0.0
0.086801
0.077016
0.12523900000000002
0.165677
0.5746849999999999
0.19509700000000002
0.180121
0.522026
0.102368
0.16483
0.010185000000000001
0.0
0.0
0.0
0.0
0.0
0.0
0.0
0.0
0.0
0.0
0.0
0.0
0.0
0.09068300000000001
0.103739
0.167148
0.536581
0.634814
0.257746
0.237068
0.5956119999999999
0.463743
0.14319300000000001
0.006138
0.0
0.0
0.0
0.0
0.0
0.0
0.0
0.0
0.0
0.0
0.0
0.0
0.0
0.09738899999999999
0.266638
0.438316
0.242983
0.279053
0.740672
0.744062
0.218577
0.152887
0.080986
0.00733
0.0
0.0
0.0
0.0
0.0
0.0
0.0
0.0
0.0
0.0
0.0
0.0
0.0
0.088571
0.138328
0.22181800000000002
0.570674
0.7175320000000001
0.7271299999999999
0.663218
0.552295
0.381269
0.090879
0.00015
0.0
0.0
0.0
0.0
0.0
0.0
0.0
0.0
0.0
0.0
0.0
0.0
0.0
0.09058
0.246764
0.14191800000000002
0.545944
0.21689599999999998
0.676388
0.207263
0.168071
0.116646
0.06042
0.004136
0.0
0.0
0.0
0.0
0.0
0.0
0.0
0.0
0.0
0.0
0.0
0.0
0.0
0.053652
0.30319799999999997
0.511891
0.673972
0.7208859999999999
0.49293200000000004
0.494555
0.54995
0.374911
0.083934
0.0
0.0
0.0
0.0
0.0
0.0
0.0
0.0
0.0
0.0
0.0
0.0
0.0
0.0
0.090112
0.25861900000000004
0.434122
0.58696
0.66472
0.658088
0.640203
0.528693
0.35977
0.093251
0.008244
0.0
0.0
0.0
0.0
0.0
0.0
0.0
0.0
0.0
0.0
0.0
0.0
0.0
0.053033000000000004
0.289346
0.480025
0.632309
0.435153
0.6660280000000001
0.641907
0.532805
0.352539
0.07871500000000001
0.0
0.0
0.0
0.0
0.0
0.0
0.0
0.0
0.0
0.0
0.0
0.0
0.0
0.0
0.088865
0.141058
0.428759
0.574928
0.655922
0.696929
0.632148
0.522018
0.353783
0.020219
0.0
0.0
0.0
0.0
0.0
0.0
0.0
0.0
0.0
0.0
0.0
0.0
0.0
0.0
0.050582
0.265029
0.25755900000000004
0.5830299999999999
0.635461
0.626816
0.621305
0.515417
0.351047
0.020186
0.0
0.0
0.0
0.0
0.0
0.0
0.0
0.0
0.0
0.0
0.0
0.0
0.0
0.0
0.050897
0.284775
0.477185
0.362677
0.674669
0.666689
0.599
0.500673
0.335172
0.020183
0.0
0.0
0.0
0.0
0.0
0.0
0.0
0.0
0.0
0.0
0.0
0.0
0.0
0.0
0.050135
0.27922800000000003
0.46663
0.617324
0.4254
0.648043
0.607688
0.50469
0.334109
0.019664
0.0
0.0
0.0
0.0
0.0
0.0
0.0
0.0
0.0
0.0
0.0
0.0
0.0
0.0
0.081838
0.13031399999999999
0.40960199999999997
0.553265
0.6866749999999999
0.705315
0.646301
0.566065
0.173644
0.034539
0.0
0.0
0.0
0.0
0.0
0.0
0.0
0.0
0.0
0.0
0.0
0.0
0.0
0.0
0.078868
0.246727
0.213794
0.5676019999999999
0.7100789999999999
0.704668
0.6303110000000001
0.555142
0.172753
0.034784999999999996
0.0001
0.0
0.0
0.0
0.0
0.0
0.0
0.0
0.0
0.0
0.0
0.0
0.0
0.0
0.07695300000000001
0.30174599999999996
0.5073799999999999
0.531948
0.745384
0.6794600000000001
0.289903
0.23658600000000002
0.164079
0.08390900000000001
0.000962
0.0
0.0
0.0
0.0
0.0
0.0
0.0
0.0
0.0
0.0
0.0
0.0
0.0
0.087065
0.143464
0.45393900000000004
0.311446
0.733673
0.36701100000000003
0.337617
0.569519
0.387457
0.040588
0.0011040000000000002
0.0
0.0
0.0
0.0
0.0
0.0
0.0
0.0
0.0
0.0
0.0
0.0
0.0
0.081846
0.067842
0.114073
0.152038
0.6353970000000001
0.18086600000000003
0.165828
0.13414500000000001
0.485657
0.04464
0.00571
0.0
0.0
0.0
0.0
0.0
0.0
0.0
0.0
0.0
0.0
0.0
0.0
0.0
0.026085
0.079905
0.134048
0.179838
0.207424
0.21326599999999998
0.198245
0.159644
0.108783
0.053198999999999996
0.001153
0.0
0.0
0.0
0.0
0.0
0.0
0.0
0.0
0.0
0.0
0.0
0.0
0.0
0.062047
0.20157
0.36263799999999996
0.464385
0.590559
0.5907859999999999
0.636158
0.535873
0.138733
0.045242
0.000606
0.0
0.0
0.0
0.0
0.0
0.0
0.0
0.0
0.0
0.0
0.0
0.0
0.0
0.068518
0.11411400000000001
0.37317700000000004
0.532922
0.609995
0.6887920000000001
0.658692
0.5363920000000001
0.358161
0.036718
0.0027400000000000002
0.0
0.0
0.0
0.0
0.0
0.0
0.0
0.0
0.0
0.0
0.0
0.0
0.0
0.053960999999999995
0.16966399999999998
0.11748
0.40195400000000003
0.474517
0.504024
0.17191700000000001
0.138059
0.093847
0.063925
0.000191
0.0
0.0
0.0
0.0
0.0
0.0
0.0
0.0
0.0
0.0
0.0
0.0
0.0
0.019797000000000002
0.062238999999999996
0.10643000000000001
0.143662
0.166989
0.17166399999999998
0.157022
0.126107
0.084815
0.040317
0.0
0.0
0.0
0.0
0.0
0.0
0.0
0.0
0.0
0.0
0.0
0.0
0.0
0.0
0.019021
0.061861
0.106632
0.144255
0.167781
0.172621
0.158902
0.128182
0.08706799999999999
0.041533
0.0
0.0
0.0
0.0
0.0
0.0
0.0
0.0
0.0
0.0
0.0
0.0
0.0
0.0
0.02125
0.068133
0.116357
0.156199
0.181035
0.185876
0.172049
0.137711
0.093296
0.044717
0.0
0.0
0.0
0.0
0.0
0.0
0.0
0.0
0.0
0.0
0.0
0.0
0.0
0.0
0.043079
0.277517
0.262875
0.660996
0.443704
0.705952
0.6585639999999999
0.539867
0.35579700000000003
0.01864
0.0
0.0
0.0
0.0
0.0
0.0
0.0
0.0
0.0
0.0
0.0
0.0
0.0
0.0
0.075953
0.275001
0.478091
0.60036
0.7023630000000001
0.697721
0.683036
0.260716
0.17910800000000002
0.028145
0.0
0.0
0.0
0.0
0.0
0.0
0.0
0.0
0.0
0.0
0.0
0.0
0.0
0.0
0.042118
0.252137
0.429371
0.5796169999999999
0.4088
0.630638
0.626595
0.5160359999999999
0.340895
0.01685
0.0
0.0
0.0
0.0
0.0
0.0
0.0
0.0
0.0
0.0
0.0
0.0
0.0
0.0
0.07188800000000001
0.245827
0.400812
0.563754
0.626053
0.620994
0.630688
0.242993
0.354593
0.016616
0.0
0.0
0.0
0.0
0.0
0.0
0.0
0.0
0.0
0.0
0.0
0.0
0.0
0.0
0.050926
0.063642
0.10962000000000001
0.386199
0.463805
0.176118
0.46863900000000003
0.129493
0.087331
0.063356
0.00014299999999999998
0.0
0.0
0.0
0.0
0.0
0.0
0.0
0.0
0.0
0.0
0.0
0.0
0.0
0.020582
0.070576
0.120677
0.162273
0.18770900000000001
0.192973
0.17796
0.142535
0.096453
0.045165
0.0
0.0
0.0
0.0
0.0
0.0
0.0
0.0
0.0
0.0
0.0
0.0
0.0
0.0
0.038817
0.139132
0.455227
0.609953
0.404814
0.6483289999999999
0.6089199999999999
0.419547
0.338212
0.019726
0.0
0.0
0.0
0.0
0.0
0.0
0.0
0.0
0.0
0.0
0.0
0.0
0.0
0.0
0.044312
0.057025
0.25661399999999995
0.133129
0.154878
0.44238
0.425956
0.11689100000000001
0.326164
0.035484
0.0
0.0
0.0
0.0
0.0
0.0
0.0
0.0
0.0
0.0
0.0
0.0
0.0
0.0
0.059466
0.076471
0.34421300000000005
0.178768
0.20734200000000003
0.592489
0.192555
0.5100640000000001
0.417589
0.062197
0.0
0.0
0.0
0.0
0.0
0.0
0.0
0.0
0.0
0.0
0.0
0.0
0.0
0.0
0.039992
0.138837
0.238485
0.126085
0.146686
0.15081
0.405069
0.355046
0.297919
0.032834
0.0
0.0
0.0
0.0
0.0
0.0
0.0
0.0
0.0
0.0
0.0
0.0
0.0
0.0
0.017457
0.062728
0.10869
0.14736600000000002
0.172149
0.17713399999999999
0.16073300000000001
0.12850899999999998
0.086036
0.039381
0.0
0.0
0.0
0.0
0.0
0.0
0.0
0.0
0.0
0.0
0.0
0.0
0.0
0.0
0.082892
0.067262
0.116789
0.15802000000000002
0.743659
0.188194
0.170629
0.13632
0.09154999999999999
0.111201
0.0
0.0
0.0
0.0
0.0
0.0
0.0
0.0
0.0
0.0
0.0
0.0
0.0
0.0
0.055718000000000004
0.072115
0.331334
0.170183
0.537706
0.572467
0.184771
0.148178
0.42984500000000003
0.045841
0.0
0.0
0.0
0.0
0.0
0.0
0.0
0.0
0.0
0.0
0.0
0.0
0.0
0.0
0.017899
0.065947
0.115483
0.156637
0.18208000000000002
0.187424
0.172163
0.13847399999999999
0.092846
0.042781999999999994
0.0
0.0
0.0
0.0
0.0
0.0
0.0
0.0
0.0
0.0
0.0
0.0
0.0
0.0
0.012196
0.046856
0.082527
0.11263200000000001
0.131852
0.135546
0.12396599999999999
0.09833599999999999
0.065256
0.028479
0.0
0.0
0.0
0.0
0.0
0.0
0.0
0.0
0.0
0.0
0.0
0.0
0.0
0.0
0.092231
0.08899599999999999
0.53826
0.20702
0.240572
0.24721600000000002
0.833333
0.181754
0.121919
0.057522
0.000265
0.0
0.0
0.0
0.0
0.0
0.0
0.0
0.0
0.0
0.0
0.0
0.0
0.0
0.061384999999999995
0.116172
0.39869499999999997
0.266899
0.308924
0.7160420000000001
0.670607
0.557162
0.371988
0.031469000000000004
0.0
0.0
0.0
0.0
0.0
0.0
0.0
0.0
0.0
0.0
0.0
0.0
0.0
0.0
0.065947
0.124221
0.211793
0.582342
0.681297
0.679575
0.632389
0.525576
0.37378300000000003
0.08125
0.0
0.0
0.0
0.0
0.0
0.0
0.0
0.0
0.0
0.0
0.0
0.0
0.0
0.0
0.035679
0.137059
0.42879700000000004
0.587812
0.6585610000000001
0.657091
0.633126
0.427776
0.349779
0.016352000000000002
0.0
0.0
0.0
0.0
0.0
0.0
0.0
0.0
0.0
0.0
0.0
0.0
0.0
0.0
0.037475
0.14098
0.466524
0.6176119999999999
0.662866
0.450308
0.609563
0.422483
0.344792
0.018439
0.0
0.0
0.0
0.0
0.0
0.0
0.0
0.0
0.0
0.0
0.0
0.0
0.0
0.0
0.036984
0.256201
0.441851
0.586761
0.408146
0.6211559999999999
0.615583
0.512691
0.335254
0.015435
0.0
0.0
0.0
0.0
0.0
0.0
0.0
0.0
0.0
0.0
0.0
0.0
0.0
0.0
0.015549
0.058745
0.101983
0.138417
0.161182
0.166069
0.152847
0.121655
0.081093
0.036453000000000006
0.0
0.0
0.0
0.0
0.0
0.0
0.0
0.0
0.0
0.0
0.0
0.0
0.0
0.0
0.032106
0.252435
0.433033
0.303467
0.367378
0.653906
0.64381
0.37651799999999996
0.364861
0.025323000000000002
0.0
0.0
0.0
0.0
0.0
0.0
0.0
0.0
0.0
0.0
0.0
0.0
0.0
0.0
0.033842
0.226465
0.398401
0.547467
0.627211
0.6299239999999999
0.603879
0.5041990000000001
0.339857
0.013165
0.0
0.0
0.0
0.0
0.0
0.0
0.0
0.0
0.0
0.0
0.0
0.0
0.0
0.0
0.067826
0.083016
0.143597
0.558116
0.656207
0.23047700000000002
0.20953200000000002
0.167432
0.44335800000000003
0.051854
0.0
0.0
0.0
0.0
0.0
0.0
0.0
0.0
0.0
0.0
0.0
0.0
0.0
0.0
0.010806
0.043874
0.078462
0.10742499999999999
0.12592799999999998
0.12985400000000002
0.11963
0.095999
0.062802
0.027437
0.0
0.0
0.0
0.0
0.0
0.0
0.0
0.0
0.0
0.0
0.0
0.0
0.0
0.0
0.01085
0.043995
0.078661
0.107689
0.1262
0.129878
0.118869
0.095207
0.062197
0.027179
0.0
0.0
0.0
0.0
0.0
0.0
0.0
0.0
0.0
0.0
0.0
0.0
0.0
0.0
0.01123
0.045639000000000006
0.081986
0.11256000000000001
0.132029
0.135814
0.124315
0.099255
0.064688
0.028287
0.0
0.0
0.0
0.0
0.0
0.0
0.0
0.0
0.0
0.0
0.0
0.0
0.0
0.0
0.011507
0.046231
0.082709
0.113414
0.13298400000000002
0.136849
0.124714
0.09954
0.06492300000000001
0.028426
0.0
0.0
0.0
0.0
0.0
0.0
0.0
0.0
0.0
0.0
0.0
0.0
0.0
0.0
0.011385
0.045997
0.08233499999999999
0.112824
0.132159
0.135878
0.124175
0.099107
0.06454
0.028235
0.0
0.0
0.0
0.0
0.0
0.0
0.0
0.0
0.0
0.0
0.0
0.0
0.0
0.0
0.011415
0.046047
0.082385
0.11292400000000001
0.132389
0.136265
0.124879
0.099633
0.06489400000000001
0.028412
0.0
0.0
0.0
0.0
0.0
0.0
0.0
0.0
0.0
0.0
0.0
0.0
0.0
0.0
0.013456
0.053277
0.09452200000000001
0.128963
0.14974
0.154023
0.14118199999999997
0.112031
0.073673
0.032565
0.0
0.0
0.0
0.0
0.0
0.0
0.0
0.0
0.0
0.0
0.0
0.0
0.0
0.0
0.017067
0.065182
0.113641
0.154577
0.179965
0.185297
0.17016399999999998
0.13538499999999998
0.090027
0.040292
0.0
0.0
0.0
0.0
0.0
0.0
0.0
0.0
0.0
0.0
0.0
0.0
0.0
0.0
0.035606
0.28496
0.49422000000000005
0.345223
0.670103
0.450726
0.651824
0.426991
0.378309
0.015382
0.0
0.0
0.0
0.0
0.0
0.0
0.0
0.0
0.0
0.0
0.0
0.0
0.0
0.0
0.058598
0.229238
0.403638
0.5707000000000001
0.670768
0.678278
0.6298469999999999
0.564908
0.39116500000000004
0.074586
0.0
0.0
0.0
0.0
0.0
0.0
0.0
0.0
0.0
0.0
0.0
0.0
0.0
0.0
0.05627600000000001
0.274142
0.38053699999999996
0.666851
0.735413
0.682134
0.27557
0.221708
0.149831
0.070851
0.0
0.0
0.0
0.0
0.0
0.0
0.0
0.0
0.0
0.0
0.0
0.0
0.0
0.0
0.054366
0.103995
0.3532
0.577755
0.578731
0.28236500000000003
0.62802
0.578784
0.42161000000000004
0.09960200000000001
0.0
0.0
0.0
0.0
0.0
0.0
0.0
0.0
0.0
0.0
0.0
0.0
0.0
0.0
0.042718000000000006
0.06564700000000001
0.113657
0.154101
0.436768
0.46556000000000003
0.450826
0.399267
0.341125
0.11965
0.0
0.0
0.0
0.0
0.0
0.0
0.0
0.0
0.0
0.0
0.0
0.0
0.0
0.0
0.061912
0.23045400000000002
0.20776499999999998
0.5641670000000001
0.731896
0.730447
0.30286
0.244076
0.41784899999999997
0.104965
0.0
0.0
0.0
0.0
0.0
0.0
0.0
0.0
0.0
0.0
0.0
0.0
0.0
0.0
0.034928
0.238474
0.422873
0.583407
0.666989
0.671859
0.6365259999999999
0.415435
0.375875
0.090015
0.0
0.0
0.0
0.0
0.0
0.0
0.0
0.0
0.0
0.0
0.0
0.0
0.0
0.0
0.036773
0.278066
0.487545
0.360536
0.663435
0.47127800000000003
0.6403669999999999
0.542059
0.379486
0.085986
0.0
0.0
0.0
0.0
0.0
0.0
0.0
0.0
0.0
0.0
0.0
0.0
0.0
0.0
0.035205
0.24224600000000002
0.42144600000000004
0.566455
0.6144189999999999
0.6137720000000001
0.592822
0.504119
0.36149200000000004
0.085381
0.0
0.0
0.0
0.0
0.0
0.0
