0.0
0.0
0.0
0.0
0.0
0.0
0.0
0.0
0.012356
0.057125
0.13811199999999998
0.400318
0.616771
0.604307
0.5355449999999999
0.402654
0.155318
0.0
0.0
0.0
0.0
0.0
0.0
0.0
0.0
0.0
0.0
0.0
0.0
0.0
0.0
0.0
0.023549
0.114699
0.362091
0.509678
0.624433
0.608209
0.535158
0.409531
0.16600700000000002
0.0
0.0
0.0
0.0
0.0
0.0
0.0
0.0
0.0
0.0
0.0
0.0
0.0
0.0
0.0
0.017344000000000002
0.079901
0.283011
0.567589
0.640139
0.5956699999999999
0.521023
0.397903
0.159402
0.0008010000000000001
0.0
0.0
0.0
0.0
0.0
0.0
0.0
0.0
0.0
0.0
0.0
0.0
0.0
0.0
0.019638000000000003
0.082234
0.294933
0.513984
0.611386
0.62488
0.5408719999999999
0.418322
0.17888300000000001
0.001495
0.0
0.0
0.0
0.0
0.0
0.0
0.0
0.0
0.0
0.0
0.0
0.0
0.0
0.0
0.012456
0.064568
0.13259
0.497729
0.596306
0.612256
0.532121
0.411505
0.175065
0.002226
0.0
0.0
0.0
0.0
0.0
0.0
0.0
0.0
0.0
0.0
0.0
0.0
0.0
0.0
0.017184
0.09617400000000001
0.325805
0.527289
0.576109
0.6265299999999999
0.5237329999999999
0.41395
0.19544499999999998
0.004812
0.0
0.0
0.0
0.0
0.0
0.0
0.0
0.0
0.0
0.0
0.0
0.0
0.0
0.0
0.019199
0.080672
0.199789
0.501508
0.594275
0.618187
0.5277050000000001
0.410117
0.171529
0.0
0.0
0.0
0.0
0.0
0.0
0.0
0.0
0.0
0.0
0.0
0.0
0.0
0.0
0.0
0.0147
0.07098099999999999
0.229427
0.514089
0.603153
0.6249669999999999
0.5342809999999999
0.419922
0.182106
0.0
0.0
0.0
0.0
0.0
0.0
0.0
0.0
0.0
0.0
0.0
0.0
0.0
0.0
0.0
0.017094
0.083566
0.218782
0.504021
0.615794
0.627893
0.546986
0.418981
0.18907300000000002
0.0
0.0
0.0
0.0
0.0
0.0
0.0
0.0
0.0
0.0
0.0
0.0
0.0
0.0
0.0
0.014558999999999999
0.075354
0.193775
0.43091199999999996
0.473553
0.277127
0.5293640000000001
0.32637900000000003
0.22575299999999998
0.007355
0.0
0.0
0.0
0.0
0.0
0.0
0.0
0.0
0.0
0.0
0.0
0.0
0.0
0.0
0.016129
0.10248499999999999
0.25001
0.352959
0.414648
0.409041
0.37735399999999997
0.294222
0.232756
0.028846
0.0
0.0
0.0
0.0
0.0
0.0
0.0
0.0
0.0
0.0
0.0
0.0
0.0
0.0
0.014234
0.096119
0.164692
0.228726
0.38345999999999997
0.590037
0.592101
0.234643
0.227407
0.042622
0.0
0.0
0.0
0.0
0.0
0.0
0.0
0.0
0.0
0.0
0.0
0.0
0.0
0.0
0.005871
0.046485
0.138662
0.160039
0.132223
0.147281
0.11601099999999999
0.104462
0.066201
0.018806999999999997
0.0
0.0
0.0
0.0
0.0
0.0
0.0
0.0
0.0
0.0
0.0
0.0
0.0
0.0
0.005864
0.035677999999999994
0.056641
0.151291
0.263003
0.323591
0.21216300000000002
0.129262
0.06298
0.018655
0.0
0.0
0.0
0.0
0.0
0.0
0.0
0.0
0.0
0.0
0.0
0.0
0.0
0.0
0.0
0.026525
0.045145000000000005
0.06747700000000001
0.044337
0.037682
0.023694
0.027615999999999998
0.027898
0.012586
0.0
0.0
0.0
0.0
0.0
0.0
0.0
0.0
0.0
0.0
0.0
0.0
0.0
0.0
0.009228
0.06704
0.190403
0.13336699999999999
0.518984
0.161131
0.063232
0.056863
0.034447000000000005
0.023992
0.0
0.0
0.0
0.0
0.0
0.0
0.0
0.0
0.0
0.0
0.0
0.0
0.0
0.0
0.0035600000000000002
0.02444
0.02196
0.057322000000000005
0.10527299999999999
0.144871
0.165899
0.118995
0.080192
0.017304
0.0
0.0
0.0
0.0
0.0
0.0
0.0
0.0
0.0
0.0
0.0
0.0
0.0
0.0
0.0
0.001596
0.009665
0.016342
0.024652999999999998
0.035442
0.046362
0.046932
0.019116
0.009226000000000002
0.0
0.0
0.0
0.0
0.0
0.0
0.0
0.0
0.0
0.0
0.0
0.0
0.0
0.0
0.00164
0.016835
0.064292
0.080988
0.087613
0.07692600000000001
0.065955
0.046941000000000004
0.012119
0.0
0.0
0.0
0.0
0.0
0.0
0.0
0.0
0.0
0.0
0.0
0.0
0.0
0.0
0.0
0.001638
0.03411
0.042304
0.033429
0.041718000000000005
0.03954
0.035849
0.031475
0.019167
0.003559
0.0
0.0
0.0
0.0
0.0
0.0
0.0
0.0
0.0
0.0
0.0
0.0
0.0
0.0
0.037641
0.144674
0.381952
0.543646
0.6763579999999999
0.652934
0.611866
0.464031
0.23711600000000002
0.0
0.0
0.0
0.0
0.0
0.0
0.0
0.0
0.0
0.0
0.0
0.0
0.0
0.0
0.0
0.039987
0.14552400000000001
0.384184
0.5407799999999999
0.418166
0.6425810000000001
0.568381
0.43657999999999997
0.214772
0.0
0.0
0.0
0.0
0.0
0.0
0.0
0.0
0.0
0.0
0.0
0.0
0.0
0.0
0.0
0.014884999999999999
0.073947
0.32457400000000003
0.54803
0.6641330000000001
0.641815
0.584195
0.188934
0.26013200000000003
0.053182
0.0
0.0
0.0
0.0
0.0
0.0
0.0
0.0
0.0
0.0
0.0
0.0
0.0
0.0
0.001629
0.031624
0.057998
0.055157
0.077289
0.072598
0.05312
0.064416
0.023164
0.009487
0.0
0.0
0.0
0.0
0.0
0.0
0.0
0.0
0.0
0.0
0.0
0.0
0.0
0.0
0.006109
0.06026
0.068185
0.037988999999999995
0.05028
0.052579
0.044198
0.020494
0.009907000000000001
0.011658
0.0
0.0
0.0
0.0
0.0
0.0
0.0
0.0
0.0
0.0
0.0
0.0
0.0
0.0
0.0
0.00838
0.027379999999999998
0.06605200000000001
0.09242199999999999
0.135815
0.131409
0.173007
0.029027
0.037384
0.0
0.0
0.0
0.0
0.0
0.0
0.0
0.0
0.0
0.0
0.0
0.0
0.0
0.0
0.003872
0.031609000000000005
0.086993
0.12480200000000001
0.09879900000000001
0.057095
0.06354
0.035932000000000006
0.022966999999999998
0.003634
0.0
0.0
0.0
0.0
0.0
0.0
0.0
0.0
0.0
0.0
0.0
0.0
0.0
0.0
0.0
0.019143999999999998
0.055633
0.065714
0.044008000000000005
0.076751
0.07709099999999999
0.050517000000000006
0.047083
0.016155000000000003
0.0
0.0
0.0
0.0
0.0
0.0
0.0
0.0
0.0
0.0
0.0
0.0
0.0
0.0
0.036895000000000004
0.125195
0.364363
0.531157
0.649696
0.661969
0.5810890000000001
0.449704
0.253368
0.0
0.0
0.0
0.0
0.0
0.0
0.0
0.0
0.0
0.0
0.0
0.0
0.0
0.0
0.0
0.017112
0.094171
0.134199
0.337571
0.426445
0.29299200000000003
0.605032
0.27113099999999996
0.114089
0.021684000000000002
0.0
0.0
0.0
0.0
0.0
0.0
0.0
0.0
0.0
0.0
0.0
0.0
0.0
0.0
0.001621
0.014393000000000001
0.020312
0.030817
0.047525
0.05193
0.049938
0.022578
0.008306
0.0
0.0
0.0
0.0
0.0
0.0
0.0
0.0
0.0
0.0
0.0
0.0
0.0
0.0
0.0
0.008201
0.038126
0.06315699999999999
0.069175
0.045742
0.032780000000000004
0.037658000000000004
0.024827000000000002
0.020623000000000002
0.014115
0.0
0.0
0.0
0.0
0.0
0.0
0.0
0.0
0.0
0.0
0.0
0.0
0.0
0.0
0.00023
0.027869
0.048554
0.12224299999999999
0.114402
0.103549
0.083371
0.033557000000000003
0.025412
0.003725
0.0
0.0
0.0
0.0
0.0
0.0
0.0
0.0
0.0
0.0
0.0
0.0
0.0
0.0
0.001667
0.019134
0.046704
0.039345
0.020162
0.052497
0.048029
0.039698
0.031497
0.005911
0.0
0.0
0.0
0.0
0.0
0.0
0.0
0.0
0.0
0.0
0.0
0.0
0.0
0.0
0.014368
0.048358
0.076673
0.08258199999999999
0.08608400000000001
0.07929800000000001
0.041044
0.052468
0.053091
0.009473
0.0
0.0
0.0
0.0
0.0
0.0
0.0
0.0
0.0
0.0
0.0
0.0
0.0
0.0
0.003774
0.01651
0.047557
0.088212
0.152938
0.20452
0.259116
0.15936799999999998
0.09415699999999999
0.052686
0.0
0.0
0.0
0.0
0.0
0.0
0.0
0.0
0.0
0.0
0.0
0.0
0.0
0.0
0.014091
0.054560000000000004
0.340583
0.482416
0.294648
0.208029
0.16498500000000002
0.24026
0.110606
0.041439
0.0
0.0
0.0
0.0
0.0
0.0
0.0
0.0
0.0
0.0
0.0
0.0
0.0
0.0
0.001556
0.048125
0.110072
0.19599100000000003
0.14618899999999999
0.165274
0.07603700000000001
0.06311800000000001
0.033434
0.0058319999999999995
0.0
0.0
0.0
0.0
0.0
0.0
0.0
0.0
0.0
0.0
0.0
0.0
0.0
0.0
0.012221
0.036376
0.081964
0.10139100000000001
0.13786500000000002
0.25169800000000003
0.179562
0.182423
0.105136
0.069048
0.0
0.0
0.0
0.0
0.0
0.0
0.0
0.0
0.0
0.0
0.0
0.0
0.0
0.0
0.0
0.001603
0.005934999999999999
0.011805999999999999
0.016283000000000002
0.02844
0.047786999999999996
0.027213
0.009819000000000001
0.000118
0.0
0.0
0.0
0.0
0.0
0.0
0.0
0.0
0.0
0.0
0.0
0.0
0.0
0.0
0.019014
0.091499
0.159795
0.197066
0.154351
0.234526
0.22093000000000002
0.117566
0.085223
0.057963
0.0
0.0
0.0
0.0
0.0
0.0
0.0
0.0
0.0
0.0
0.0
0.0
0.0
0.0
0.001581
0.009666000000000001
0.018474
0.05994
0.046803
0.045287999999999995
0.064466
0.049566000000000006
0.043974
0.024467
0.0
0.0
0.0
0.0
0.0
0.0
0.0
0.0
0.0
0.0
0.0
0.0
0.0
0.0
0.048805999999999995
0.078779
0.134432
0.161559
0.214908
0.254598
0.221942
0.171119
0.104365
0.041854999999999996
0.0
0.0
0.0
0.0
0.0
0.0
0.0
0.0
0.0
0.0
0.0
0.0
0.0
0.0
0.001609
0.016597999999999998
0.04406
0.074152
0.071351
0.054241
0.024562
0.020239
0.0167
0.0015840000000000001
0.0
0.0
0.0
0.0
0.0
0.0
0.0
0.0
0.0
0.0
0.0
0.0
0.0
0.0
0.040678
0.167791
0.247971
0.522011
0.703964
0.689631
0.579451
0.458907
0.27803300000000003
0.0
0.0
0.0
0.0
0.0
0.0
0.0
0.0
0.0
0.0
0.0
0.0
0.0
0.0
0.0
0.028326
0.122401
0.41623899999999997
0.61578
0.684278
0.634447
0.568524
0.456775
0.279766
0.0
0.0
0.0
0.0
0.0
0.0
0.0
0.0
0.0
0.0
0.0
0.0
0.0
0.0
0.0
0.036976999999999996
0.120122
0.314227
0.617925
0.683732
0.648846
0.5885159999999999
0.45755900000000005
0.292528
0.0026739999999999997
0.0
0.0
0.0
0.0
0.0
0.0
0.0
0.0
0.0
0.0
0.0
0.0
0.0
0.0
0.07392499999999999
0.169065
0.35950299999999996
0.5842970000000001
0.683812
0.663762
0.5433
0.353875
0.321207
0.000618
0.0
0.0
0.0
0.0
0.0
0.0
0.0
0.0
0.0
0.0
0.0
0.0
0.0
0.0
0.033750999999999996
0.108726
0.28647500000000004
0.492251
0.620524
0.656899
0.596539
0.484224
0.298796
0.154055
0.0
0.0
0.0
0.0
0.0
0.0
0.0
0.0
0.0
0.0
0.0
0.0
0.0
0.023626
0.079151
0.248471
0.422582
0.558475
0.631189
0.6465810000000001
0.581926
0.466397
0.321012
0.001153
0.0
0.0
0.0
0.0
0.0
0.0
0.0
0.0
0.0
0.0
0.0
0.0
0.0
0.0
0.069289
0.209286
0.390111
0.504126
0.603508
0.641408
0.542732
0.411742
0.2685
0.003157
0.0
0.0
0.0
0.0
0.0
0.0
0.0
0.0
0.0
0.0
0.0
0.0
0.0
0.0
0.062106
0.20497300000000002
0.351824
0.483302
0.583835
0.630837
0.61925
0.49892899999999996
0.323543
0.016475999999999998
0.0
0.0
0.0
0.0
0.0
0.0
0.0
0.0
0.0
0.0
0.0
0.0
0.0
0.0
0.024527
0.068721
0.179053
0.500762
0.584389
0.6614180000000001
0.587582
0.491632
0.313455
0.010641
0.0
0.0
0.0
0.0
0.0
0.0
0.0
0.0
0.0
0.0
0.0
0.0
0.0
0.0
0.068101
0.210293
0.370541
0.482062
0.565779
0.6404610000000001
0.604549
0.488831
0.315595
0.019881
0.0
0.0
0.0
0.0
0.0
0.0
0.0
0.0
0.0
0.0
0.0
0.0
0.0
0.0
0.022043
0.024072
0.044862
0.038033000000000004
0.067495
0.179672
0.195525
0.241339
0.131448
0.041661000000000004
0.0
0.0
0.0
0.0
0.0
0.0
0.0
0.0
0.0
0.0
0.0
0.0
0.0
0.0
0.045077
0.137179
0.189227
0.164579
0.164428
0.139327
0.102363
0.063123
0.057697000000000005
0.016510999999999998
0.0
0.0
0.0
0.0
0.0
0.0
0.0
0.0
0.0
0.0
0.0
0.0
0.0
0.0
0.029434000000000002
0.078178
0.156105
0.176894
0.220575
0.14405400000000002
0.25352
0.221632
0.120875
0.022469000000000003
0.0
0.0
0.0
0.0
0.0
0.0
0.0
0.0
0.0
0.0
0.0
0.0
0.0
0.0
0.008261
0.035466000000000004
0.11329600000000001
0.313365
0.18762600000000001
0.17364
0.253942
0.163487
0.066887
0.01835
0.0
0.0
0.0
0.0
0.0
0.0
0.0
0.0
0.0
0.0
0.0
0.0
0.0
0.0
0.000126
0.014012
0.016157
0.064461
0.038579
0.027923
0.043341000000000005
0.032947000000000004
0.020245000000000003
0.009669
0.0
0.0
0.0
0.0
0.0
0.0
0.0
0.0
0.0
0.0
0.0
0.0
0.0
0.0
0.040907
0.260615
0.465207
0.615317
0.6159519999999999
0.707342
0.5783469999999999
0.46382999999999996
0.293119
0.0
0.0
0.0
0.0
0.0
0.0
0.0
0.0
0.0
0.0
0.0
0.0
0.0
0.0
0.0
0.013958
0.049141
0.39643700000000004
0.32905
0.37700900000000004
0.62088
0.532427
0.281145
0.135291
0.017601
0.0
0.0
0.0
0.0
0.0
0.0
0.0
0.0
0.0
0.0
0.0
0.0
0.0
0.0
0.034848
0.098238
0.14114
0.17297200000000001
0.241505
0.46936700000000003
0.119604
0.06966
0.039807
0.011208000000000001
0.0
0.0
0.0
0.0
0.0
0.0
0.0
0.0
0.0
0.0
0.0
0.0
0.0
0.0
0.031556
0.07043600000000001
0.11705
0.16206800000000002
0.201206
0.23211099999999998
0.227101
0.1968
0.15965100000000002
0.114766
0.0
0.0
0.0
0.0
0.0
0.0
0.0
0.0
0.0
0.0
0.0
0.0
0.0
0.021931000000000003
0.058743000000000004
0.118622
0.197997
0.184592
0.220839
0.300921
0.103864
0.047325000000000006
0.057279000000000004
0.028828
0.0
0.0
0.0
0.0
0.0
0.0
0.0
0.0
0.0
0.0
0.0
0.0
0.0
0.0077480000000000005
0.047582
0.082161
0.08577599999999999
0.12673099999999998
0.144823
0.088991
0.054554000000000005
0.044104
0.027542
0.014531
0.0
0.0
0.0
0.0
0.0
0.0
0.0
0.0
0.0
0.0
0.0
0.0
0.0
0.005769
0.057032
0.20285599999999998
0.249195
0.289781
0.691144
0.676224
0.607286
0.49976299999999996
0.31882699999999997
0.044594
0.0
0.0
0.0
0.0
0.0
0.0
0.0
0.0
0.0
0.0
0.0
0.0
0.0
0.009595000000000001
0.080709
0.24725999999999998
0.509046
0.669972
0.703463
0.665566
0.603503
0.495632
0.328323
0.052735
0.0
0.0
0.0
0.0
0.0
0.0
0.0
0.0
0.0
0.0
0.0
0.0
0.0
0.005754
0.056188
0.193547
0.422668
0.41104700000000005
0.46980900000000003
0.294223
0.144073
0.121
0.058418
0.050593000000000006
0.0
0.0
0.0
0.0
0.0
0.0
0.0
0.0
0.0
0.0
0.0
0.0
0.0
0.009348
0.08028400000000001
0.22799799999999998
0.527537
0.662356
0.6902440000000001
0.654886
0.582068
0.476111
0.309592
0.044203000000000006
0.0
0.0
0.0
0.0
0.0
0.0
0.0
0.0
0.0
0.0
0.0
0.0
0.0
0.022527000000000002
0.163105
0.361111
0.563465
0.670068
0.67733
0.652218
0.562571
0.46816
0.305747
0.049741
0.0
0.0
0.0
0.0
0.0
0.0
0.0
0.0
0.0
0.0
0.0
0.0
0.0
0.011482
0.068077
0.146519
0.131238
0.108717
0.17819100000000002
0.178035
0.283885
0.07496699999999999
0.112791
0.070633
0.0
0.0
0.0
0.0
0.0
0.0
0.0
0.0
0.0
0.0
0.0
0.0
0.0
0.011375
0.057108
0.12442
0.093871
0.198113
0.079811
0.20741900000000002
0.231732
0.21400899999999998
0.19698
0.112813
0.0
0.0
0.0
0.0
0.0
0.0
0.0
0.0
0.0
0.0
0.0
0.0
0.0
0.015697
0.054609000000000005
0.081966
0.104155
0.168314
0.41164100000000003
0.6893619999999999
0.657021
0.500165
0.221446
0.095356
0.0
0.0
0.0
0.0
0.0
0.0
0.0
0.0
0.0
0.0
0.0
0.0
0.0
0.0076950000000000005
0.037287
0.09395
0.154638
0.12906700000000002
0.100698
0.102086
0.117669
0.107777
0.110571
0.08461199999999999
0.0017549999999999998
0.0
0.0
0.0
0.0
0.0
0.0
0.0
0.0
0.0
0.0
0.0
0.0
0.013429
0.082158
0.238383
0.502492
0.5790919999999999
0.651778
0.624334
0.5803830000000001
0.51773
0.33887900000000004
0.084789
0.00331
0.0
0.0
0.0
0.0
0.0
0.0
0.0
0.0
0.0
0.0
0.0
0.0
0.021448000000000002
0.147074
0.21674700000000002
0.28754199999999996
0.280169
0.605418
0.272689
0.159665
0.167232
0.128383
0.061052999999999996
0.005274
0.0
0.0
0.0
0.0
0.0
0.0
0.0
0.0
0.0
0.0
0.0
0.0
0.00948
0.035918
0.065806
0.062614
0.07532
0.09450700000000001
0.092442
0.11397
0.037174
0.011843
0.003746
0.0
0.0
0.0
0.0
0.0
0.0
0.0
0.0
0.0
0.0
0.0
0.0
0.0
0.0
0.008327999999999999
0.016463000000000002
0.0414
0.057929
0.07722799999999999
0.053799
0.051628999999999994
0.032872
0.022518
0.016666
0.0
0.0
0.0
0.0
0.0
0.0
0.0
0.0
0.0
0.0
0.0
0.0
0.0
0.0
0.016649999999999998
0.030859
0.08625
0.16839400000000002
0.176183
0.24984800000000001
0.15529099999999998
0.147846
0.086912
0.059517
0.002426
0.0
0.0
0.0
0.0
0.0
0.0
0.0
0.0
0.0
0.0
0.0
0.0
0.0015309999999999998
0.050896000000000004
0.118665
0.221552
0.521555
0.685797
0.694049
0.622943
0.47938600000000003
0.323154
0.071242
0.0
0.0
0.0
0.0
0.0
0.0
0.0
0.0
0.0
0.0
0.0
0.0
0.0
0.001552
0.039985999999999994
0.132077
0.504087
0.604013
0.6459539999999999
0.711275
0.6079640000000001
0.498319
0.361575
0.159055
0.010839
0.0
0.0
0.0
0.0
0.0
0.0
0.0
0.0
0.0
0.0
0.0
0.0
0.003609
0.009599
0.062724
0.122833
0.183739
0.249861
0.340344
0.224331
0.080068
0.075224
0.041158
0.010233
0.0
0.0
0.0
0.0
0.0
0.0
0.0
0.0
0.0
0.0
0.0
0.0
3.9e-05
0.0036509999999999997
0.030201000000000002
0.127588
0.31571
0.274294
0.463466
0.481051
0.54452
0.333285
0.08666
0.0
0.0
0.0
0.0
0.0
0.0
0.0
0.0
0.0
0.0
0.0
0.0
0.0
0.001504
0.030913
0.079477
0.100302
0.20718199999999998
0.546192
0.688514
0.595913
0.462173
0.31432299999999996
0.076155
0.0
0.0
0.0
0.0
0.0
0.0
0.0
0.0
0.0
0.0
0.0
0.0
0.0
0.014072
0.083566
0.329494
0.5498139999999999
0.628886
0.649026
0.666245
0.5776849999999999
0.47413
0.34856400000000004
0.08898099999999999
0.0
0.0
0.0
0.0
0.0
0.0
0.0
0.0
0.0
0.0
0.0
0.0
0.0
0.007814
0.003516
0.013412
0.0292
0.033509
0.072379
0.129493
0.229255
0.321513
0.293709
0.094833
0.0
0.0
0.0
0.0
0.0
0.0
0.0
0.0
0.0
0.0
0.0
0.0
0.0
0.0
0.005777999999999999
0.051308
0.07204
0.157518
0.187979
0.156855
0.12901300000000002
0.067428
0.049049999999999996
0.028102000000000002
0.005649
0.0
0.0
0.0
0.0
0.0
0.0
0.0
0.0
0.0
0.0
0.0
0.0
0.005779
0.05647
0.15747
0.24556299999999998
0.628484
0.693625
0.684924
0.60253
0.47544400000000003
0.357317
0.105776
0.031849
0.0
0.0
0.0
0.0
0.0
0.0
0.0
0.0
0.0
0.0
0.0
0.0
0.04326
0.154577
0.327542
0.501799
0.499816
0.5031720000000001
0.36895100000000003
0.18006899999999998
0.050713
0.057549
0.069095
0.023622
0.0
0.0
0.0
0.0
0.0
0.0
0.0
0.0
0.0
0.0
0.0
0.0
0.013509
0.063413
0.041854
0.09504699999999999
0.259293
0.272944
0.273618
0.23197900000000002
0.15825999999999998
0.124862
0.049926000000000005
0.007795
0.0
0.0
0.0
0.0
0.0
0.0
0.0
0.0
0.0
0.0
0.0
0.0
0.039437
0.172428
0.357105
0.498439
0.48393400000000003
0.602236
0.6346860000000001
0.555823
0.497417
0.35163
0.108494
0.0
0.0
0.0
0.0
0.0
0.0
0.0
0.0
0.0
0.0
0.0
0.0
0.0
0.0
0.021634
0.15018199999999998
0.36573
0.517418
0.21648900000000001
0.261985
0.251474
0.078601
0.011111000000000001
0.0
0.0
0.0
0.0
0.0
0.0
0.0
0.0
0.0
0.0
0.0
0.0
0.0
0.0
0.0
0.018655
0.026556
0.163217
0.105146
0.082187
0.055119
0.080388
0.032336
0.037356
0.016372
0.0
0.0
0.0
0.0
0.0
0.0
0.0
0.0
0.0
0.0
0.0
0.0
0.0
0.000128
0.005934
0.028169
0.094061
0.084246
0.075692
0.15176900000000002
0.061348
0.061725
0.037427999999999996
0.027017
0.011461
0.0
0.0
0.0
0.0
0.0
0.0
0.0
0.0
0.0
0.0
0.0
0.0
0.016355
0.043682000000000006
0.100225
0.31367500000000004
0.6234500000000001
0.7131130000000001
0.623586
0.591526
0.476437
0.332769
0.10246899999999999
0.0
0.0
0.0
0.0
0.0
0.0
0.0
0.0
0.0
0.0
0.0
0.0
0.0
0.011937
0.052546
0.107237
0.276568
0.616991
0.653139
0.65847
0.575723
0.46044
0.326863
0.107839
0.0
0.0
0.0
0.0
0.0
0.0
0.0
0.0
0.0
0.0
0.0
0.0
0.0
0.046563
0.172176
0.33824200000000004
0.488059
0.638963
0.667759
0.6549400000000001
0.572812
0.46820999999999996
0.33592500000000003
0.112209
0.002353
0.0
0.0
0.0
0.0
0.0
0.0
0.0
0.0
0.0
0.0
0.0
0.0
0.035345999999999995
0.178584
0.304299
0.456101
0.587429
0.614031
0.601721
0.563708
0.497839
0.372311
0.14108400000000001
0.008694
0.0
0.0
0.0
0.0
0.0
0.0
0.0
0.0
0.0
0.0
0.0
0.0
0.005649
0.023873000000000002
0.036
0.142057
0.241483
0.283724
0.211148
0.139011
0.032813
0.018806
0.015465
0.0026
0.0
0.0
0.0
0.0
0.0
0.0
0.0
0.0
0.0
0.0
0.0
0.0
0.005671000000000001
0.036633000000000006
0.05834
0.129766
0.474911
0.676574
0.7092480000000001
0.647627
0.364042
0.24920799999999999
0.140226
0.049805999999999996
0.0
0.0
0.0
0.0
0.0
0.0
0.0
0.0
0.0
0.0
0.0
0.0
0.013601
0.044724
0.08251
0.15176900000000002
0.138486
0.139297
0.204691
0.153922
0.051539
0.046009
0.024182
0.004815000000000001
0.0
0.0
0.0
0.0
0.0
0.0
0.0
0.0
0.0
0.0
0.0
0.0
0.009342000000000001
0.057046
0.077154
0.316199
0.509147
0.496958
0.677698
0.597812
0.47733
0.334523
0.113134
0.0
0.0
0.0
0.0
0.0
0.0
0.0
0.0
0.0
0.0
0.0
0.0
0.0
0.026685
0.100319
0.32546600000000003
0.483124
0.593951
0.664207
0.657389
0.59225
0.480752
0.380214
0.16568
0.036581
0.0
0.0
0.0
0.0
0.0
0.0
0.0
0.0
0.0
0.0
0.0
0.0
0.026723
0.099131
0.21346700000000002
0.17927500000000002
0.270425
0.14554499999999998
0.07014400000000001
0.047407
0.055582
0.098218
0.053258
0.03290100000000001
0.0
0.0
0.0
0.0
0.0
0.0
0.0
0.0
0.0
0.0
0.0
0.0
0.052776
0.20132499999999998
0.25130199999999997
0.284704
0.290839
0.20569900000000002
0.143009
0.24754900000000002
0.13228299999999998
0.068552
0.042451
0.006916
0.0
0.0
0.0
0.0
0.0
0.0
0.0
0.0
0.0
0.0
0.0
0.0
0.045991
0.1719
0.32502800000000004
0.464475
0.5738840000000001
0.592325
0.411713
0.128827
0.056047
0.13518
0.020969
0.0
0.0
0.0
0.0
0.0
0.0
0.0
0.0
0.0
0.0
0.0
0.0
0.0
0.017752
0.023259000000000002
0.020842
0.05464
0.07115600000000001
0.062359000000000005
0.051124
0.06252
0.065076
0.033430999999999995
0.019249
0.012317999999999999
0.0
0.0
0.0
0.0
0.0
0.0
0.0
0.0
0.0
0.0
0.0
0.0
0.02183
0.040243
0.10557899999999999
0.20832599999999998
0.269839
0.198223
0.11557200000000001
0.147868
0.24443600000000001
0.139454
0.052268
0.016251
0.0
0.0
0.0
0.0
0.0
0.0
0.0
0.0
0.0
0.0
0.0
0.0
0.011407
0.07972
0.23592500000000002
0.311807
0.276401
0.226636
0.383032
0.27946899999999997
0.461874
0.384385
0.13228600000000001
0.008747999999999999
0.0
0.0
0.0
0.0
0.0
0.0
0.0
0.0
0.0
0.0
0.0
0.0
0.032172
0.087782
0.273734
0.26717
0.23366800000000001
0.545406
0.378873
0.304798
0.32883
0.410499
0.141292
0.01091
0.0
0.0
0.0
0.0
0.0
0.0
0.0
0.0
0.0
0.0
0.0
0.0
0.001442
0.013721
0.023822
0.033835000000000004
0.070998
0.091226
0.207414
0.247518
0.14462899999999998
0.203734
0.07403799999999999
0.023792
0.0
0.0
0.0
0.0
0.0
0.0
0.0
0.0
0.0
0.0
0.0
0.0
0.030073
0.13387000000000002
0.237759
0.509916
0.630904
0.5958110000000001
0.5783469999999999
0.5802
0.449368
0.32114299999999996
0.121679
0.006649
0.0
0.0
0.0
0.0
0.0
0.0
0.0
0.0
0.0
0.0
0.0
0.0
0.030043
0.119764
0.364221
0.520632
0.600615
0.615469
0.589711
0.5635990000000001
0.468423
0.321639
0.123579
0.007233
0.0
0.0
0.0
0.0
0.0
0.0
0.0
0.0
0.0
0.0
0.0
0.0
0.06167
0.18482300000000002
0.327555
0.41476999999999997
0.547938
0.282381
0.34401600000000004
0.19724100000000003
0.246767
0.152339
0.115479
0.021172999999999997
0.0
0.0
0.0
0.0
0.0
0.0
0.0
0.0
0.0
0.0
0.0
0.0
0.0
0.021349
0.07877100000000001
0.162129
0.143323
0.054483
0.090161
0.219742
0.083778
0.060393
0.036275
0.007099
0.0
0.0
0.0
0.0
0.0
0.0
0.0
0.0
0.0
0.0
0.0
0.000704
0.034464
0.077237
0.109298
0.160795
0.16215700000000002
0.15538
0.193492
0.177571
0.188664
0.156765
0.033804
0.010542
0.0
0.0
0.0
0.0
0.0
0.0
0.0
0.0
0.0
0.0
0.0
0.0
0.032235999999999994
0.129703
0.28009100000000003
0.431832
0.406006
0.6660739999999999
0.462675
0.372316
0.223055
0.10277299999999999
0.05002
0.012553000000000002
0.0
0.0
0.0
0.0
0.0
0.0
0.0
0.0
0.0
0.0
0.0
0.0
0.013689
0.038051
0.066208
0.090734
0.119908
0.043466
0.092592
0.12465699999999999
0.11931699999999999
0.164179
0.038285
0.020463000000000002
0.0
0.0
0.0
0.0
0.0
0.0
0.0
0.0
0.0
0.0
0.0
0.0
0.04124
0.072119
0.07338599999999999
0.126271
0.268973
0.183536
0.25133
0.20450200000000002
0.240583
0.126392
0.053293999999999994
0.012992
0.0
0.0
0.0
0.0
0.0
0.0
0.0
0.0
0.0
0.0
0.0
0.0
0.054532
0.11679600000000001
0.140474
0.30223300000000003
0.509142
0.59812
0.616565
0.379532
0.198457
0.12776
0.046137
0.008609
0.0
0.0
0.0
0.0
0.0
0.0
0.0
0.0
0.0
0.0
0.0
0.0
0.027530000000000002
0.172566
0.376079
0.315411
0.290709
0.5791609999999999
0.6328830000000001
0.584792
0.43611500000000003
0.304869
0.110651
0.001553
0.0
0.0
0.0
0.0
0.0
0.0
0.0
0.0
0.0
0.0
0.0
0.0
0.003434
0.117813
0.20430299999999998
0.363863
0.31870299999999996
0.39311
0.547197
0.336204
0.458935
0.221202
0.15419
0.008161
0.0
0.0
0.0
0.0
0.0
0.0
0.0
0.0
0.0
0.0
0.0
0.0
0.0
0.007485
0.044671
0.100953
0.132683
0.208058
0.064786
0.061465000000000006
0.07210599999999999
0.049544
0.007686
0.017222
0.0
0.0
0.0
0.0
0.0
0.0
0.0
0.0
0.0
0.0
0.0
0.0
0.0
0.009215
0.07409
0.083596
0.143396
0.08458199999999999
0.076432
0.023348
0.058464
0.099482
0.07239799999999999
0.003247
0.0
0.0
0.0
0.0
0.0
0.0
0.0
0.0
0.0
0.0
0.0
0.0
0.047539000000000005
0.11492400000000001
0.256248
0.558318
0.662313
0.653006
0.696058
0.610242
0.465057
0.34980900000000004
0.14450100000000002
0.059345
0.0
0.0
0.0
0.0
0.0
0.0
0.0
0.0
0.0
0.0
0.0
0.020416
0.08290600000000001
0.204286
0.355423
0.431044
0.524592
0.592369
0.580637
0.48414999999999997
0.420057
0.30556599999999995
0.150164
0.050338
0.0
0.0
0.0
0.0
0.0
0.0
0.0
0.0
0.0
0.0
0.0
0.017706
0.093933
0.142215
0.20275800000000002
0.329002
0.486425
0.54918
0.603669
0.535458
0.43177699999999997
0.300545
0.11039199999999999
0.000929
0.0
0.0
0.0
0.0
0.0
0.0
0.0
0.0
0.0
0.0
0.0
0.017341000000000002
0.091355
0.194775
0.428195
0.473522
0.6051409999999999
0.62837
0.6173630000000001
0.58521
0.5132369999999999
0.37181000000000003
0.18496100000000001
0.006218
0.0
0.0
0.0
0.0
0.0
0.0
0.0
0.0
0.0
0.0
0.0
0.022388
0.09195
0.22769999999999999
0.38813099999999995
0.518053
0.612245
0.614823
0.613151
0.5386749999999999
0.442865
0.305939
0.13382
0.007517
0.0
0.0
0.0
0.0
0.0
0.0
0.0
0.0
0.0
0.0
0.0
0.020526
0.08506100000000001
0.200238
0.33103899999999997
0.48858100000000004
0.595527
0.5514009999999999
0.550901
0.6399389999999999
0.473466
0.382928
0.080996
0.013045
0.0
0.0
0.0
0.0
0.0
0.0
0.0
0.0
0.0
0.0
0.0
0.001166
0.0
0.069503
0.151141
0.264122
0.529095
0.6881470000000001
0.646875
0.524091
0.38358800000000004
0.364107
0.15001699999999998
0.017428000000000003
0.0
0.0
0.0
0.0
0.0
0.0
0.0
0.0
0.0
0.0
0.0
0.015132999999999999
0.09433
0.167154
0.335849
0.481854
0.555097
0.5849260000000001
0.655235
0.6052150000000001
0.513532
0.33411399999999997
0.190144
0.009649
0.0
0.0
0.0
0.0
0.0
0.0
0.0
0.0
0.0
0.0
0.0
0.024242999999999997
0.09525199999999999
0.228582
0.372679
0.52277
0.60911
0.632457
0.607951
0.543068
0.434025
0.291514
0.12476000000000001
0.020881
0.0
0.0
0.0
0.0
0.0
0.0
0.0
0.0
0.0
0.0
0.0
0.003141
0.058427999999999994
0.18116
0.377287
0.406978
0.295163
0.316775
0.393376
0.369059
0.253914
0.082199
0.062857
0.0052380000000000005
0.0
0.0
0.0
0.0
0.0
0.0
0.0
0.0
0.0
0.0
0.0
0.013071999999999999
0.051286
0.0565
0.098839
0.152626
0.15124500000000002
0.23990999999999998
0.069598
0.104726
0.092558
0.073354
0.032223
0.028865
0.0
0.0
0.0
0.0
0.0
0.0
0.0
0.0
0.0
0.0
0.0
0.0
0.051561
0.108879
0.224839
0.420303
0.41048399999999996
0.6824790000000001
0.6865549999999999
0.6503410000000001
0.28805000000000003
0.12464499999999999
0.040145
0.008849000000000001
0.0
0.0
0.0
0.0
0.0
0.0
0.0
0.0
0.0
0.0
0.0
0.011134999999999999
0.005725
0.059151
0.071698
0.13342199999999999
0.155528
0.112834
0.109196
0.11303400000000001
0.105297
0.106021
0.045014000000000005
0.021289000000000002
0.0
0.0
0.0
0.0
0.0
0.0
0.0
0.0
0.0
0.0
0.0
0.013125999999999999
0.0
0.0
0.005386999999999999
0.0
0.0052510000000000005
0.0
0.048895
0.216386
0.151979
0.151042
0.05274
0.026479
0.0
0.0
0.0
0.0
0.0
0.0
0.0
0.0
0.0
0.0
0.0
0.020742999999999998
0.036278
0.051956
0.236259
0.36824599999999996
0.400245
0.5901839999999999
0.707385
0.345399
0.295452
0.184229
0.253915
0.100324
0.0
0.0
0.0
0.0
0.0
0.0
0.0
0.0
0.0
0.0
0.0
0.022050999999999998
0.07332
0.085325
0.228023
0.317385
0.574745
0.6107279999999999
0.513319
0.351372
0.32747699999999996
0.141247
0.008728
0.008566
0.0
0.0
0.0
0.0
0.0
0.0
0.0
0.0
0.0
0.0
0.0
0.047795000000000004
0.07418300000000001
0.113762
0.106336
0.042652999999999996
0.046674999999999994
0.053134
0.072978
0.049133
0.020978999999999998
0.021402
0.021759
0.011191000000000001
0.0
0.0
0.0
0.0
0.0
0.0
0.0
0.0
0.0
0.0
0.0
0.054809
0.06606100000000001
0.101924
0.18512299999999998
0.43849400000000005
0.620697
0.376038
0.342652
0.42873700000000003
0.39721300000000004
0.218057
0.154235
0.063244
0.0
0.0
0.0
0.0
0.0
0.0
0.0
0.0
0.0
0.0
0.0
0.007441
0.064828
0.15990100000000002
0.209954
0.36012299999999997
0.533841
0.5694130000000001
0.678314
0.552373
0.44785
0.361488
0.191374
0.019249
0.0
0.0
0.0
0.0
0.0
0.0
0.0
0.0
0.0
0.0
0.0
0.005271
0.091773
0.156484
0.14916
0.254695
0.382399
0.543704
0.363519
0.331399
0.514652
0.365811
0.19653800000000002
0.008406
0.0
0.0
0.0
0.0
0.0
0.0
0.0
0.0
0.0
0.0
0.0
0.0011330000000000001
0.055807999999999996
0.178794
0.282431
0.27187900000000004
0.284356
0.505046
0.535694
0.327248
0.21877000000000002
0.237287
0.122752
0.048654
0.0
0.0
0.0
0.0
0.0
0.0
0.0
0.0
0.0
0.0
0.0
0.014912000000000002
0.047702
0.134577
0.113373
0.091283
0.340999
0.35444099999999995
0.382575
0.078184
0.289949
0.10826000000000001
0.09357299999999999
0.054485
0.0
0.0
0.0
0.0
0.0
0.0
0.0
0.0
0.0
0.0
0.0
0.034377000000000005
0.015434
0.025338
0.053454999999999996
0.034948
0.097054
0.324179
0.5050020000000001
0.526178
0.489891
0.25054499999999996
0.09055200000000001
0.045426
0.0
0.0
0.0
0.0
0.0
0.0
0.0
0.0
0.0
0.0
0.0
0.073875
0.11644
0.090317
0.078988
0.251078
0.145481
0.057515000000000004
0.094705
0.150485
0.34352
0.292925
0.130459
0.031672
0.0
0.0
0.0
0.0
0.0
0.0
0.0
0.0
0.0
0.0
0.0
0.0
0.029388
0.14978899999999998
0.231351
0.20152899999999999
0.335709
0.48825
0.638169
0.570736
0.505922
0.244087
0.17658500000000002
0.036816
0.0
0.0
0.0
0.0
0.0
0.0
0.0
0.0
0.0
0.0
0.0
0.00309
0.052039999999999996
0.100731
0.259686
0.512336
0.49226600000000004
0.340785
0.37313799999999997
0.40948
0.511127
0.23122499999999999
0.085896
0.043941
0.0
0.0
0.0
0.0
0.0
0.0
0.0
0.0
0.0
0.0
0.0
0.008688000000000001
0.048
0.083473
0.15174600000000002
0.32635000000000003
0.617453
0.6204550000000001
0.614048
0.393986
0.456685
0.383121
0.24684299999999998
0.066354
0.0
0.0
0.0
0.0
0.0
0.0
0.0
0.0
0.0
0.0
0.0
0.011007999999999999
0.096821
0.20977099999999999
0.37220299999999995
0.375979
0.606742
0.599225
0.589487
0.599256
0.47358
0.285557
0.153818
0.040881999999999995
0.0
0.0
0.0
0.0
0.0
0.0
0.0
0.0
0.0
0.0
0.0
0.0
0.013343
0.033443
0.057154
0.098116
0.154387
0.28837599999999997
0.24238900000000002
0.167139
0.141004
0.078204
0.039834
0.015333
0.0
0.0
0.0
0.0
0.0
0.0
0.0
0.0
0.0
0.0
0.0
0.0
0.019349
0.099189
0.131555
0.209882
0.25103
0.20702
0.18979400000000002
0.09779399999999999
0.06757200000000001
0.02552
0.009089
0.001264
0.0
0.0
0.0
0.0
0.0
0.0
0.0
0.0
0.0
0.0
0.0
0.0
0.009137000000000001
0.017628
0.008836
0.017223
0.043044
0.059136
0.050906999999999994
0.058935
0.065047
0.033362
0.017677
0.007495
0.0
0.0
0.0
0.0
0.0
0.0
0.0
0.0
0.0
0.0
0.0
0.02293
0.07102800000000001
0.116827
0.385038
0.5325610000000001
0.598176
0.436284
0.650161
0.501695
0.465341
0.363195
0.18193600000000001
0.018745
0.0
0.0
0.0
0.0
0.0
0.0
0.0
0.0
0.0
0.0
0.0
0.008904
0.0533
0.098342
0.270882
0.484802
0.573962
0.637426
0.602576
0.5475180000000001
0.464206
0.334039
0.17381200000000002
0.026454000000000002
0.0
0.0
0.0
0.0
0.0
0.0
0.0
0.0
0.0
0.0
0.0
0.0011519999999999998
0.021329
0.041447000000000005
0.109485
0.087105
0.132633
0.212511
0.135531
0.074068
0.038312
0.022776
0.015215999999999999
0.025323000000000002
0.0
0.0
0.0
0.0
0.0
0.0
0.0
0.0
0.0
0.0
0.0
0.005196
0.025561
0.067414
0.12254000000000001
0.178518
0.255741
0.36922000000000005
0.376924
0.37219
0.046208
0.022887
0.06370300000000001
0.012995
0.0
0.0
0.0
0.0
0.0
0.0
0.0
0.0
0.0
0.0
0.0
0.0051909999999999994
0.027124
0.081197
0.18635
0.212481
0.24402600000000002
0.236964
0.25717
0.347793
0.499681
0.17084100000000002
0.060914
0.033948
0.0
0.0
0.0
0.0
0.0
0.0
0.0
0.0
0.0
0.0
0.0
0.012843
0.12115300000000001
0.234567
0.405434
0.34798399999999996
0.293397
0.263633
0.08074500000000001
0.123366
0.124061
0.11888800000000001
0.044744
0.039767000000000004
0.0
0.0
0.0
0.0
0.0
0.0
0.0
0.0
0.0
0.0
0.0
0.005144
0.018887
0.064961
0.227677
0.26820299999999997
0.20153800000000002
0.190774
0.194903
0.21705000000000002
0.364423
0.389765
0.178561
0.039684
0.0
0.0
0.0
0.0
0.0
0.0
0.0
0.0
0.0
0.0
0.0
0.027648
0.06946200000000001
0.062787
0.103988
0.09189499999999999
0.095014
0.120412
0.091141
0.12447
0.060161
0.043004
0.03322
0.030749
0.0
0.0
0.0
0.0
0.0
0.0
0.0
0.0
0.0
0.0
0.0
0.007258
0.021178000000000002
0.010917999999999999
0.044689
0.03644
0.082732
0.107808
0.182053
0.17525100000000002
0.20877
0.126943
0.06253399999999999
0.017437
0.0
0.0
0.0
0.0
0.0
0.0
0.0
0.0
0.0
0.0
0.0
0.0032
0.044342
0.133124
0.268111
0.471094
0.623324
0.6355259999999999
0.639458
0.59526
0.467671
0.310558
0.16841399999999998
0.024586
0.0
0.0
0.0
0.0
0.0
0.0
0.0
0.0
0.0
0.0
0.0
0.0011639999999999999
0.034064
0.10558799999999999
0.218352
0.47369799999999995
0.613347
0.6064299999999999
0.6088020000000001
0.556137
0.457946
0.33262
0.16225299999999998
0.018549
0.0
0.0
0.0
0.0
0.0
0.0
0.0
0.0
0.0
0.0
0.0
0.013810000000000001
0.059997999999999996
0.129299
0.285435
0.47110399999999997
0.5806399999999999
0.6003809999999999
0.629534
0.426145
0.467202
0.359714
0.16159700000000002
0.035099
0.0
0.0
0.0
0.0
0.0
0.0
0.0
0.0
0.0
0.0
0.0
0.007984
0.046514
0.176315
0.252821
0.436136
0.539985
0.41334
0.24869300000000003
0.034326
0.08687399999999999
0.181788
0.080491
0.10518000000000001
0.0
0.0
0.0
0.0
0.0
0.0
0.0
0.0
0.0
0.0
0.0
0.017037
0.07023
0.145481
0.338192
0.37697
0.559333
0.61939
0.602914
0.38971300000000003
0.492116
0.329893
0.18800999999999998
0.028908
0.0
0.0
0.0
0.0
0.0
0.0
0.0
0.0
0.0
0.0
0.0
0.014811
0.078306
0.19417099999999998
0.344613
0.313063
0.33805
0.568861
0.409733
0.440651
0.24324
0.109534
0.0868
0.035731
0.0
0.0
0.0
0.0
0.0
0.0
0.0
0.0
0.0
0.0
0.0
0.010562
0.05153
0.07461100000000001
0.16370500000000002
0.18057499999999999
0.33626799999999996
0.54967
0.519931
0.538014
0.12889599999999998
0.030531
0.017190999999999998
0.008672000000000001
0.0
0.0
0.0
0.0
0.0
0.0
0.0
0.0
0.0
0.0
0.0
0.012648999999999999
0.061946
0.21146199999999998
0.460292
0.23086
0.14774199999999998
0.31861
0.289319
0.38449
0.47189
0.34558999999999995
0.217832
0.074385
0.0
0.0
0.0
0.0
0.0
0.0
0.0
0.0
0.0
0.0
0.0
0.008542999999999999
0.037099
0.044497
0.114908
0.21074500000000002
0.47206099999999995
0.6440009999999999
0.39340800000000004
0.60519
0.521919
0.343999
0.156528
0.015151999999999999
0.0
0.0
0.0
0.0
0.0
0.0
0.0
0.0
0.0
0.0
0.0
0.008494999999999999
0.094946
0.12604
0.27087599999999995
0.45717599999999997
0.5060899999999999
0.390562
0.407348
0.348601
0.14084
0.210934
0.141648
0.09016500000000001
0.0
0.0
0.0
0.0
0.0
0.0
0.0
0.0
0.0
0.0
0.0
0.005035
0.064879
0.125607
0.19106
0.140025
0.22894499999999998
0.450932
0.375457
0.183143
0.21286600000000003
0.296755
0.200261
0.121865
0.0
0.0
0.0
0.0
0.0
0.0
0.0
0.0
0.0
0.0
0.0
0.0070869999999999995
0.049526
0.107585
0.17171899999999998
0.239283
0.264086
0.353055
0.273951
0.447441
0.49841399999999997
0.35801499999999997
0.050884
0.015672000000000002
0.0
0.0
0.0
0.0
0.0
0.0
0.0
0.0
0.0
0.0
0.0
0.007126
0.069717
0.182167
0.227488
0.238111
0.359339
0.494679
0.44375
0.539454
0.304094
0.067393
0.031179
0.017277999999999998
0.0
0.0
0.0
0.0
0.0
0.0
0.0
0.0
0.0
0.0
0.0
0.020465
0.151341
0.188053
0.247092
0.386836
0.483968
0.610687
0.559566
0.5816399999999999
0.51114
0.340563
0.165136
0.031981
0.0
0.0
0.0
0.0
0.0
0.0
0.0
0.0
0.0
0.0
0.0
0.021816
0.0955
0.224516
0.370225
0.522283
0.634892
0.642312
0.6137
0.602654
0.504399
0.33704
0.174245
0.014967000000000001
0.0
0.0
0.0
0.0
0.0
0.0
0.0
0.0
0.0
0.0
0.0
0.023946000000000002
0.102676
0.239414
0.385882
0.517747
0.57753
0.6073930000000001
0.573863
0.5277229999999999
0.439316
0.315841
0.178415
0.018359
0.0
0.0
0.0
0.0
0.0
0.0
0.0
0.0
0.0
0.0
0.0
0.02206
0.094374
0.22095099999999998
0.370895
0.495933
0.590058
0.597938
0.5751130000000001
0.519745
0.417379
0.323746
0.152751
0.004784
0.0
0.0
0.0
0.0
0.0
0.0
0.0
0.0
0.0
0.0
0.0
0.005095
0.039623
0.13842400000000002
0.14072
0.198345
0.264322
0.18682300000000002
0.22623400000000002
0.275777
0.14063900000000001
0.15487
0.12811799999999998
0.056508
0.0
0.0
0.0
0.0
0.0
0.0
0.0
0.0
0.0
0.0
0.0
0.00507
0.029181000000000002
0.062815
0.14756
0.270904
0.5014689999999999
0.607834
0.584298
0.538023
0.451034
0.320527
0.18088200000000001
0.107257
0.0
0.0
0.0
0.0
0.0
0.0
0.0
0.0
0.0
0.0
0.0
0.003091
0.036015
0.057232
0.26384199999999997
0.499056
0.5930259999999999
0.6111409999999999
0.5935349999999999
0.532672
0.441832
0.31211900000000004
0.154745
0.120098
0.0
0.0
0.0
0.0
0.0
0.0
0.0
0.0
0.0
0.0
0.0
0.008417
0.087438
0.22662700000000002
0.339052
0.309384
0.41758
0.635231
0.651657
0.566508
0.45587900000000003
0.333344
0.14419800000000002
0.010324999999999999
0.0
0.0
0.0
0.0
0.0
0.0
0.0
0.0
0.0
0.0
0.0
0.01478
0.095026
0.223993
0.36686
0.499153
0.589098
0.611426
0.5740510000000001
0.529394
0.445213
0.31249
0.14544200000000002
0.0
0.0
0.0
0.0
0.0
0.0
0.0
0.0
0.0
0.0
0.0
0.0
0.012598000000000002
0.08905400000000001
0.197045
0.353914
0.470176
0.5778920000000001
0.622323
0.6128830000000001
0.5757519999999999
0.483262
0.403188
0.137299
0.007464
0.0
0.0
0.0
0.0
0.0
0.0
0.0
0.0
0.0
0.0
0.0
0.008439
0.026966
0.069743
0.09692100000000001
0.129924
0.167117
0.255994
0.249275
0.245979
0.460535
0.31645999999999996
0.130075
0.022712
0.0
0.0
0.0
0.0
0.0
0.0
0.0
0.0
0.0
0.0
0.0
0.0
0.018907
0.073551
0.116613
0.197267
0.260564
0.296777
0.15461000000000003
0.173506
0.07819
0.032694
0.026668
0.010833
0.0
0.0
0.0
0.0
0.0
0.0
0.0
0.0
0.0
0.0
0.0
0.003013
0.017472
0.067592
0.10172
0.142757
0.11900100000000001
0.10507599999999999
0.088932
0.189131
0.22534200000000001
0.163916
0.104897
0.043807
0.0
0.0
0.0
0.0
0.0
0.0
0.0
0.0
0.0
0.0
0.0
0.0
0.013146000000000001
0.049222999999999996
0.121407
0.15637600000000001
0.35789499999999996
0.41163299999999997
0.311558
0.193265
0.186684
0.140287
0.094687
0.037982999999999996
0.0
0.0
0.0
0.0
0.0
0.0
0.0
0.0
0.0
0.0
0.0
0.0
0.023192
0.086988
0.290288
0.411091
0.453173
0.664347
0.656857
0.591228
0.472627
0.31686200000000003
0.189016
0.038020000000000005
0.0
0.0
0.0
0.0
0.0
0.0
0.0
0.0
0.0
0.0
0.0
0.004925
0.05503
0.124617
0.30708199999999997
0.435676
0.448724
0.581846
0.644138
0.584726
0.44326499999999996
0.327483
0.153836
0.031146
0.0
0.0
0.0
0.0
0.0
0.0
0.0
0.0
0.0
0.0
0.0
0.008345
0.03141
0.12763
0.37354000000000004
0.437602
0.591178
0.5835119999999999
0.591296
0.534768
0.44133100000000003
0.32326699999999997
0.150358
0.0
0.0
0.0
0.0
0.0
0.0
0.0
0.0
0.0
0.0
0.0
0.0
0.006867
0.085757
0.192898
0.33762200000000003
0.471115
0.583973
0.6145839999999999
0.5903630000000001
0.547119
0.44443900000000003
0.322552
0.147042
0.0
0.0
0.0
0.0
0.0
0.0
0.0
0.0
0.0
0.0
0.0
0.0
0.008192999999999999
0.072825
0.164108
0.277538
0.43064800000000003
0.5495869999999999
0.588967
0.5055040000000001
0.46010500000000004
0.490239
0.376047
0.19378
0.0162
0.0
0.0
0.0
0.0
0.0
0.0
0.0
0.0
0.0
0.0
0.0
0.005352
0.070575
0.13662200000000002
0.35062
0.479088
0.596576
0.614317
0.653725
0.580076
0.345462
0.167321
0.127937
0.098165
0.0
0.0
0.0
0.0
0.0
0.0
0.0
0.0
0.0
0.0
0.0
0.000856
0.028682
0.044192
0.199858
0.237236
0.27634
0.354059
0.301207
0.268864
0.224521
0.121012
0.06681000000000001
0.020487
0.0
0.0
0.0
0.0
0.0
0.0
0.0
0.0
0.0
0.0
0.0
0.0008950000000000001
0.044857999999999995
0.183521
0.158188
0.16875
0.24323
0.31651799999999997
0.273957
0.270578
0.29927
0.20169800000000002
0.07656
0.005031
0.0
0.0
0.0
0.0
0.0
0.0
0.0
0.0
0.0
0.0
0.0
0.000892
0.02528
0.059207
0.089987
0.142841
0.130189
0.472341
0.216671
0.139161
0.13977099999999998
0.233131
0.098618
0.051136
0.0
0.0
0.0
0.0
0.0
0.0
0.0
0.0
0.0
0.0
0.0
0.0
0.033296
0.06925100000000001
0.10053
0.17279499999999998
0.241429
0.304739
0.234733
0.203488
0.09146
0.097516
0.064672
0.024751000000000002
0.0
0.0
0.0
0.0
0.0
0.0
0.0
0.0
0.0
0.0
0.0
0.002839
0.043862000000000005
0.132737
0.24090999999999999
0.441904
0.442276
0.494533
0.622515
0.15148
0.188433
0.18400299999999997
0.102889
0.053765
0.0
0.0
0.0
0.0
0.0
0.0
0.0
0.0
0.0
0.0
0.0
0.0
0.028994
0.061433
0.245232
0.38392000000000004
0.528978
0.583294
0.5847169999999999
0.5813039999999999
0.470899
0.317905
0.211691
0.0
0.0
0.0
0.0
0.0
0.0
0.0
0.0
0.0
0.0
0.0
0.0
0.004793
0.08079900000000001
0.186306
0.34601499999999996
0.497137
0.599547
0.622017
0.604657
0.5387419999999999
0.446584
0.321166
0.151947
0.0
0.0
0.0
0.0
0.0
0.0
0.0
0.0
0.0
0.0
0.0
0.0
0.002771
0.083768
0.19304
0.332472
0.473926
0.5677340000000001
0.6037899999999999
0.562972
0.505008
0.45084500000000005
0.313606
0.14310900000000001
0.0
0.0
0.0
0.0
0.0
0.0
0.0
0.0
0.0
0.0
0.0
0.0
0.0047220000000000005
0.086916
0.17925
0.29807799999999995
0.45913099999999996
0.575244
0.607713
0.595493
0.5483429999999999
0.454011
0.329717
0.157282
0.001492
0.0
0.0
0.0
0.0
0.0
0.0
0.0
0.0
0.0
0.0
0.0
0.007887
0.081124
0.20593899999999998
0.322522
0.45449599999999996
0.5681269999999999
0.603626
0.605654
0.54223
0.456305
0.324159
0.150273
0.000199
0.0
0.0
0.0
0.0
0.0
0.0
0.0
0.0
0.0
0.0
0.0
0.004622
0.08404900000000001
0.19484700000000002
0.343891
0.483551
0.603819
0.640759
0.583736
0.531537
0.438112
0.333441
0.186416
0.01016
0.0
0.0
0.0
0.0
0.0
0.0
0.0
0.0
0.0
0.0
0.0
0.0
0.035728
0.089895
0.251907
0.47691
0.5866760000000001
0.658427
0.6453840000000001
0.578392
0.47914
0.348534
0.156214
0.0
0.0
0.0
0.0
0.0
0.0
0.0
0.0
0.0
0.0
0.0
0.0
0.007801
0.092509
0.223053
0.37481200000000003
0.48227600000000004
0.460026
0.6689539999999999
0.6165900000000001
0.558643
0.5229400000000001
0.364807
0.176132
0.031554
0.0
0.0
0.0
0.0
0.0
0.0
0.0
0.0
0.0
0.0
0.0
0.006388
0.084868
0.20424899999999999
0.364286
0.488254
0.489313
0.6228769999999999
0.5945159999999999
0.570338
0.440967
0.162496
0.15046299999999999
0.023599000000000002
0.0
0.0
0.0
0.0
0.0
0.0
0.0
0.0
0.0
0.0
0.0
0.004462
0.084435
0.203683
0.369358
0.49925200000000003
0.590331
0.563987
0.473425
0.344791
0.47904599999999997
0.276437
0.187849
0.11837600000000001
0.0
0.0
0.0
0.0
0.0
0.0
0.0
0.0
0.0
0.0
0.0
0.0
0.025568
0.057211
0.225126
0.14288499999999998
0.23056000000000001
0.144947
0.111849
0.106884
0.23507499999999998
0.15270599999999998
0.10415300000000001
0.039777
0.0
0.0
0.0
0.0
0.0
0.0
0.0
0.0
0.0
0.0
0.0
0.000622
0.055214
0.11295000000000001
0.182494
0.35455200000000003
0.43911399999999995
0.578493
0.490553
0.41796300000000003
0.5292859999999999
0.058606
0.058071
0.04154
0.0
0.0
0.0
0.0
0.0
0.0
0.0
0.0
0.0
0.0
0.0
0.00239
0.026754
0.090604
0.187447
0.407697
0.397969
0.484798
0.23647800000000002
0.26376799999999995
0.516346
0.415166
0.186198
0.044052
0.0
0.0
0.0
0.0
0.0
0.0
0.0
0.0
0.0
0.0
0.0
0.000515
0.064775
0.178989
0.283156
0.513288
0.384073
0.490296
0.47776100000000005
0.622004
0.24551900000000002
0.385341
0.167745
0.015179999999999999
0.0
0.0
0.0
0.0
0.0
0.0
0.0
0.0
0.0
0.0
0.0
0.0
0.059092
0.08481699999999999
0.115081
0.133889
0.15317
0.158978
0.158303
0.217116
0.22403299999999998
0.140161
0.06720699999999999
0.01472
0.0
0.0
0.0
0.0
0.0
0.0
0.0
0.0
0.0
0.0
0.0
0.0
0.015331
0.028861
0.08876099999999999
0.09472
0.138626
0.36906700000000003
0.299329
0.262512
0.212022
0.173433
0.032777
0.025893999999999997
0.0
0.0
0.0
0.0
0.0
0.0
0.0
0.0
0.0
0.0
0.0
0.0
0.033276
0.073132
0.13927099999999998
0.173681
0.135822
0.196738
0.207466
0.13375700000000001
0.132456
0.091553
0.078898
0.031798
0.0
0.0
0.0
0.0
0.0
0.0
0.0
0.0
0.0
0.0
0.0
0.00029099999999999997
0.041359
0.071768
0.163466
0.269241
0.303697
0.400913
0.681074
0.16946799999999998
0.07892199999999999
0.034795
0.023026
0.010631
0.0
0.0
0.0
0.0
0.0
0.0
0.0
0.0
0.0
0.0
0.0
0.0
0.023143
0.051448999999999995
0.09752899999999999
0.26104700000000003
0.153592
0.213916
0.219679
0.159099
0.149287
0.09552
0.080234
0.008558999999999999
0.0
0.0
0.0
0.0
0.0
0.0
0.0
0.0
0.0
0.0
0.0
0.0
0.007501000000000001
0.037022
0.035065
0.08948300000000001
0.189371
0.194178
0.192274
0.113084
0.150491
0.036669
0.039522
0.022843
0.0
0.0
0.0
0.0
0.0
0.0
0.0
0.0
0.0
0.0
0.0
0.0
0.0075650000000000005
0.039229
0.097652
0.202204
0.204369
0.42320100000000005
0.45809
0.2798
0.28895499999999996
0.255789
0.15253899999999998
0.057467
0.0
0.0
0.0
0.0
0.0
0.0
0.0
0.0
0.0
0.0
0.0
0.0
0.031466
0.14837299999999998
0.294798
0.254471
0.23925200000000002
0.6941649999999999
0.623143
0.610223
0.45582799999999996
0.341726
0.156051
0.08961
0.0
0.0
0.0
0.0
0.0
0.0
0.0
0.0
0.0
0.0
0.0
0.001324
0.094898
0.25724
0.351709
0.453695
0.653617
0.642539
0.629085
0.5183
0.480175
0.32640600000000003
0.125768
0.0021469999999999996
0.0
0.0
0.0
0.0
0.0
0.0
0.0
0.0
0.0
0.0
0.0
0.0
0.077625
0.21874000000000002
0.381682
0.5235359999999999
0.640227
0.677867
0.632687
0.6219779999999999
0.487009
0.328964
0.15753399999999998
0.052994
0.0
0.0
0.0
0.0
0.0
0.0
0.0
0.0
0.0
0.0
0.0
0.0
0.09919499999999999
0.13605699999999998
0.277714
0.542132
0.560074
0.6207079999999999
0.66683
0.678726
0.360111
0.121547
0.08647
0.08030899999999999
0.0
0.0
0.0
0.0
0.0
0.0
0.0
0.0
0.0
0.0
0.0
0.0
0.023356000000000002
0.117404
0.208148
0.23075700000000002
0.36196300000000003
0.49324
0.567091
0.500445
0.532811
0.302942
0.19050999999999998
0.054824
0.0
0.0
0.0
0.0
0.0
0.0
0.0
0.0
0.0
0.0
0.0
0.000316
0.118535
0.19133799999999998
0.34218
0.499251
0.612482
0.5846
0.613206
0.531101
0.554156
0.221706
0.140317
0.062343
0.0
0.0
0.0
0.0
0.0
0.0
0.0
0.0
0.0
0.0
0.0
0.0
0.050042
0.153167
0.246971
0.499019
0.520458
0.438307
0.40374200000000005
0.475943
0.470696
0.287392
0.178885
0.047438
0.0
0.0
0.0
0.0
0.0
0.0
0.0
0.0
0.0
0.0
0.0
0.000713
0.049705
0.128372
0.35587799999999997
0.497105
0.593733
0.42011200000000004
0.386567
0.27382799999999996
0.26272
0.293317
0.082428
0.010117000000000001
0.0
0.0
0.0
0.0
0.0
0.0
0.0
0.0
0.0
0.0
0.0
0.0
0.073818
0.205371
0.37466000000000005
0.5307329999999999
0.6202259999999999
0.630131
0.6016630000000001
0.543982
0.434752
0.293811
0.12867099999999998
0.0
0.0
0.0
0.0
0.0
0.0
0.0
0.0
0.0
0.0
0.0
0.0
0.0
0.056999
0.13434700000000002
0.258985
0.508705
0.581316
0.561553
0.637386
0.5532
0.44517599999999996
0.309252
0.112901
0.0
0.0
0.0
0.0
0.0
0.0
0.0
0.0
0.0
0.0
0.0
0.0
0.0
0.06254
0.18046399999999999
0.3242
0.473576
0.598639
0.629061
0.6007319999999999
0.533959
0.43981
0.304228
0.164419
0.007118
0.0
0.0
0.0
0.0
0.0
0.0
0.0
0.0
0.0
0.0
0.0
0.0
0.059566
0.169659
0.32423399999999997
0.466754
0.5954299999999999
0.641002
0.607775
0.541191
0.438247
0.303791
0.108014
0.0
0.0
0.0
0.0
0.0
0.0
0.0
0.0
0.0
0.0
0.0
0.0
0.0
0.062753
0.17924700000000002
0.345451
0.496658
0.599563
0.6156159999999999
0.6197039999999999
0.559673
0.437421
0.280297
0.16941399999999998
0.015518
0.0
0.0
0.0
0.0
0.0
0.0
0.0
0.0
0.0
0.0
0.0
0.0
0.061533000000000004
0.181106
0.131107
0.385502
0.555894
0.649239
0.629096
0.587514
0.47315199999999996
0.331115
0.158379
0.0
0.0
0.0
0.0
0.0
0.0
0.0
0.0
0.0
0.0
0.0
0.0
0.0
0.057554
0.141068
0.31719600000000003
0.356219
0.33321
0.6377419999999999
0.654869
0.519101
0.392715
0.331805
0.115513
0.070846
0.0
0.0
0.0
0.0
0.0
0.0
0.0
0.0
0.0
0.0
0.0
0.0
0.051628
0.155554
0.311782
0.443038
0.572328
0.49852300000000005
0.6128049999999999
0.597749
0.426224
0.214531
0.15019300000000002
0.009869999999999999
0.0
0.0
0.0
0.0
0.0
0.0
0.0
0.0
0.0
0.0
0.0
0.0
0.039678
0.171941
0.224177
0.46401299999999995
0.633067
0.633642
0.60994
0.49360000000000004
0.4576
0.31314800000000004
0.10761799999999999
0.0
0.0
0.0
0.0
0.0
0.0
0.0
0.0
0.0
0.0
0.0
0.0
0.0
0.043634
0.21234299999999998
0.28596499999999997
0.44843099999999997
0.629696
0.635276
0.603445
0.5663429999999999
0.449157
0.312033
0.109769
0.0
0.0
0.0
0.0
0.0
0.0
0.0
0.0
0.0
0.0
0.0
0.0
0.0
0.05174
0.167399
0.30167
0.463115
0.572391
0.652567
0.6321950000000001
0.559024
0.458469
0.34481599999999996
0.126606
0.001821
0.0
0.0
0.0
0.0
0.0
0.0
0.0
0.0
0.0
0.0
0.0
0.0
0.037312
0.156025
0.29269799999999996
0.477865
0.606099
0.6433450000000001
0.6259750000000001
0.565504
0.454723
0.32345100000000004
0.107063
0.0
0.0
0.0
0.0
0.0
0.0
0.0
0.0
0.0
0.0
0.0
0.0
0.0
0.033297
0.130585
0.338946
0.366606
0.408798
0.609208
0.27885899999999997
0.32106999999999997
0.210136
0.313732
0.097865
0.032566000000000005
0.0
0.0
0.0
0.0
0.0
0.0
0.0
0.0
0.0
0.0
0.0
0.0
0.046985
0.198742
0.34951
0.466952
0.5147229999999999
0.422487
0.32477
0.336694
0.25715
0.39194999999999997
0.116085
0.0
0.0
0.0
0.0
0.0
0.0
0.0
0.0
0.0
0.0
0.0
0.0
0.0
0.065925
0.210455
0.371183
0.536227
0.618986
0.582894
0.557234
0.5410410000000001
0.47871800000000003
0.38228199999999996
0.14446
0.0
0.0
0.0
0.0
0.0
0.0
0.0
0.0
0.0
0.0
0.0
0.0
0.0
0.061582
0.23255
0.38763099999999995
0.5258120000000001
0.6310359999999999
0.657342
0.622035
0.533676
0.44651799999999997
0.29655200000000004
0.07875
0.0
0.0
0.0
0.0
0.0
0.0
0.0
0.0
0.0
0.0
0.0
0.0
0.0
0.04715
0.20038999999999998
0.30855
0.45189100000000004
0.6153379999999999
0.639186
0.604256
0.5320779999999999
0.43019799999999997
0.32443500000000003
0.07557599999999999
0.012989
0.0
0.0
0.0
0.0
0.0
0.0
0.0
0.0
0.0
0.0
0.0
0.0
0.095773
0.199069
0.345683
0.497028
0.5226369999999999
0.243817
0.314396
0.494154
0.501941
0.32169
0.180874
0.012527
0.0
0.0
0.0
0.0
0.0
0.0
0.0
0.0
0.0
0.0
0.0
0.0
0.029122
0.109376
0.235005
0.439503
0.45226799999999995
0.609931
0.35395
0.101857
0.149875
0.23797100000000002
0.14361500000000002
0.028423999999999998
0.0
0.0
0.0
0.0
0.0
0.0
0.0
0.0
0.0
0.0
0.0
0.0
0.063395
0.19858699999999999
0.364175
0.417833
0.518011
0.6078150000000001
0.637452
0.26627999999999996
0.436602
0.367894
0.093098
0.0
0.0
0.0
0.0
0.0
0.0
0.0
0.0
0.0
0.0
0.0
0.0
0.0
0.056837000000000006
0.179703
0.354365
0.381094
0.51332
0.66947
0.628308
0.531793
0.49395100000000003
0.348827
0.119526
0.0
0.0
0.0
0.0
0.0
0.0
0.0
0.0
0.0
0.0
0.0
0.0
0.0
0.048542999999999996
0.191827
0.295969
0.5015310000000001
0.40482799999999997
0.393044
0.25789
0.35253199999999996
0.5216029999999999
0.393071
0.191989
0.020507
0.0
0.0
0.0
0.0
0.0
0.0
0.0
0.0
0.0
0.0
0.0
0.0
0.058647
0.194815
0.343597
0.512893
0.604855
0.670061
0.657437
0.568781
0.442238
0.29799400000000004
0.06318
0.0
0.0
0.0
0.0
0.0
0.0
0.0
0.0
0.0
0.0
0.0
0.0
0.0
0.052956
0.17175100000000001
0.232734
0.498223
0.574151
0.331687
0.370256
0.303321
0.5108
0.334668
0.104997
0.0
0.0
0.0
0.0
0.0
0.0
0.0
0.0
0.0
0.0
0.0
0.0
0.0
0.015563
0.050219
0.12990000000000002
0.221159
0.195135
0.241621
0.33227100000000004
0.32313400000000003
0.081606
0.051914999999999996
0.0337
0.011335000000000001
0.0
0.0
0.0
0.0
0.0
0.0
0.0
0.0
0.0
0.0
0.0
0.0
0.029809000000000002
0.119131
0.27256400000000003
0.496827
0.504433
0.449031
0.44890199999999997
0.500468
0.305752
0.34793799999999997
0.038327
0.0
0.0
0.0
0.0
0.0
0.0
0.0
0.0
0.0
0.0
0.0
0.0
0.0
0.062785
0.20412
0.384787
0.55764
0.660593
0.660394
0.6318680000000001
0.5504220000000001
0.43615699999999996
0.285308
0.050294
0.0
0.0
0.0
0.0
0.0
0.0
0.0
0.0
0.0
0.0
0.0
0.0
0.0
0.051862000000000005
0.18578299999999998
0.352764
0.497261
0.630267
0.6219560000000001
0.6157549999999999
0.562879
0.436346
0.28785000000000005
0.09301000000000001
0.020174
0.0
0.0
0.0
0.0
0.0
0.0
0.0
0.0
0.0
0.0
0.0
0.0
0.018151
0.136613
0.20477
0.383594
0.383259
0.408551
0.456077
0.487948
0.39887700000000004
0.321289
0.063167
0.0
0.0
0.0
0.0
0.0
0.0
0.0
0.0
0.0
0.0
0.0
0.0
0.0
0.049493999999999996
0.17840999999999999
0.350324
0.479899
0.6254930000000001
0.537008
0.617952
0.41799000000000003
0.40600200000000003
0.36375
0.069658
0.0
0.0
0.0
0.0
0.0
0.0
0.0
0.0
0.0
0.0
0.0
0.0
0.0
0.051781
0.204849
0.292443
0.492466
0.508642
0.441189
0.5313869999999999
0.36409800000000003
0.272655
0.191895
0.094046
0.012564
0.0
0.0
0.0
0.0
0.0
0.0
0.0
0.0
0.0
0.0
0.0
0.0
0.00767
0.037652
0.088854
0.196183
0.33301
0.206279
0.176711
0.247198
0.172793
0.085274
0.07399599999999999
0.005993
0.0
0.0
0.0
0.0
0.0
0.0
0.0
0.0
0.0
0.0
0.0
0.0
0.015626
0.06922400000000001
0.213901
0.46142099999999997
0.523893
0.504197
0.493465
0.5399400000000001
0.289265
0.211845
0.082459
0.010055
0.0
0.0
0.0
0.0
0.0
0.0
0.0
0.0
0.0
0.0
0.0
0.0
0.005485
0.027192
0.047468
0.119519
0.29928699999999997
0.659304
0.6284249999999999
0.559978
0.44252800000000003
0.276911
0.013246
0.0
0.0
0.0
0.0
0.0
0.0
0.0
0.0
0.0
0.0
0.0
0.0
0.0
0.019294000000000002
0.060927999999999996
0.16719900000000001
0.475294
0.6057089999999999
0.63922
0.600406
0.539931
0.43470600000000004
0.273315
0.013798999999999999
0.0
0.0
0.0
0.0
0.0
0.0
0.0
0.0
0.0
0.0
0.0
0.0
0.0
0.040240000000000005
0.173591
0.33974
0.501129
0.504766
0.633915
0.6484
0.5611499999999999
0.48341199999999995
0.32792
0.032479
0.0
0.0
0.0
0.0
0.0
0.0
0.0
0.0
0.0
0.0
0.0
0.0
0.0
0.040033
0.167326
0.324454
0.473361
0.5765710000000001
0.644652
0.606803
0.517857
0.43863
0.27011799999999997
0.02189
0.0
0.0
0.0
0.0
0.0
0.0
0.0
0.0
0.0
0.0
0.0
0.0
0.0
0.039885
0.16018000000000002
0.32641899999999996
0.491654
0.604567
0.651276
0.6156459999999999
0.548647
0.429424
0.303193
0.04197
0.0
0.0
0.0
0.0
0.0
0.0
0.0
0.0
0.0
0.0
0.0
0.0
0.0
0.039698
0.161993
0.159078
0.476018
0.580583
0.663815
0.626577
0.549394
0.217953
0.12921100000000002
0.057741999999999995
0.0
0.0
0.0
0.0
0.0
0.0
0.0
0.0
0.0
0.0
0.0
0.0
0.0
0.018067
0.13718799999999998
0.29254199999999997
0.359762
0.574271
0.436836
0.402092
0.344422
0.232334
0.16178499999999998
0.095403
0.0
0.0
0.0
0.0
0.0
0.0
0.0
0.0
0.0
0.0
0.0
0.0
0.0
0.019024
0.062628
0.18030000000000002
0.455246
0.59065
0.41221199999999997
0.51901
0.402281
0.199439
0.100797
0.07473300000000001
0.0
0.0
0.0
0.0
0.0
0.0
0.0
0.0
0.0
0.0
0.0
0.0
0.0
0.015372
0.047784999999999994
0.15902000000000002
0.246145
0.248537
0.164495
0.355371
0.576265
0.463011
0.285203
0.040487999999999996
0.0
0.0
0.0
0.0
0.0
0.0
0.0
0.0
0.0
0.0
0.0
0.0
0.0
0.02443
0.13492300000000002
0.325693
0.483516
0.6052430000000001
0.632972
0.617559
0.617359
0.444798
0.263255
0.016146
0.0
0.0
0.0
0.0
0.0
0.0
0.0
0.0
0.0
0.0
0.0
0.0
0.0
0.021781
0.14471799999999999
0.32520800000000005
0.485116
0.6055470000000001
0.673956
0.6375890000000001
0.589782
0.442365
0.269314
0.033515
0.0
0.0
0.0
0.0
0.0
0.0
0.0
0.0
0.0
0.0
0.0
0.0
0.0
0.005436
0.036345999999999996
0.111086
0.183251
0.147897
0.19817099999999999
0.348383
0.20718199999999998
0.11529
0.047083
0.018544
0.0
0.0
0.0
0.0
0.0
0.0
0.0
0.0
0.0
0.0
0.0
0.0
0.0
0.0
0.011272
0.044135
0.039249
0.033244
0.057589
0.055424999999999995
0.04981
0.056155000000000004
0.042684
0.03203
0.0
0.0
0.0
0.0
0.0
0.0
0.0
0.0
0.0
0.0
0.0
0.0
0.0
0.026181999999999997
0.034589
0.054819
0.112273
0.140589
0.153442
0.117363
0.117872
0.066747
0.042556
0.034372
0.0
0.0
0.0
0.0
0.0
0.0
0.0
0.0
0.0
0.0
0.0
0.0
0.0
0.021513
0.042449
0.079316
0.129997
0.165752
0.218515
0.16936500000000002
0.20219399999999998
0.101835
0.056807
0.058228999999999996
0.0
0.0
0.0
0.0
0.0
0.0
0.0
0.0
0.0
0.0
0.0
0.0
0.0
0.013611
0.065926
0.06743099999999999
0.120575
0.173204
0.23365799999999998
0.363307
0.366858
0.341589
0.183224
0.053844
0.0
0.0
0.0
0.0
0.0
0.0
0.0
0.0
0.0
0.0
0.0
0.0
0.0
0.049152999999999995
0.163256
0.198531
0.591793
0.674052
0.40064299999999997
0.268664
0.612269
0.209703
0.175202
0.030952
0.0
0.0
0.0
0.0
0.0
0.0
0.0
0.0
0.0
0.0
0.0
0.0
0.0
0.013286
0.067089
0.162792
0.427165
0.5588909999999999
0.700481
0.482737
0.622408
0.397886
0.268471
0.040687
0.0
0.0
0.0
0.0
0.0
0.0
0.0
0.0
0.0
0.0
0.0
0.0
0.0
0.008905
0.083881
0.22326400000000002
0.192655
0.302044
0.13794700000000001
0.169178
0.237483
0.152761
0.11769199999999999
0.041237
0.0
0.0
0.0
0.0
0.0
0.0
0.0
0.0
0.0
0.0
0.0
0.0
0.0
0.011052
0.08458299999999999
0.150935
0.172214
0.11317100000000001
0.190675
0.461647
0.204845
0.140491
0.21641
0.035869
0.0
0.0
0.0
0.0
0.0
0.0
0.0
0.0
0.0
0.0
0.0
0.0
0.0
0.009025
0.06553700000000001
0.225707
0.49089499999999997
0.366464
0.351456
0.655497
0.456732
0.16581800000000002
0.12912200000000001
0.048635
0.0
0.0
0.0
0.0
0.0
0.0
0.0
0.0
0.0
0.0
0.0
0.0
0.0
0.003352
0.04003
0.102809
0.297753
0.609402
0.655953
0.595345
0.23477
0.29708
0.232911
0.0268
0.0
0.0
0.0
0.0
0.0
0.0
0.0
0.0
0.0
0.0
0.0
0.0
0.0
0.013328
0.061454
0.217562
0.475706
0.600503
0.637974
0.614698
0.5257569999999999
0.41196699999999997
0.22538
0.018228
0.0
0.0
0.0
0.0
0.0
0.0
0.0
0.0
0.0
0.0
0.0
0.0
0.0
0.02576
0.151521
0.340271
0.492318
0.61565
0.6280979999999999
0.615709
0.5381130000000001
0.41443
0.214064
0.014805
0.0
0.0
0.0
0.0
0.0
0.0
0.0
0.0
0.0
0.0
0.0
0.0
0.0
0.011109
0.09031399999999999
0.294569
0.481753
0.604216
0.649826
0.597703
0.539567
0.398518
0.213558
0.017494
0.0
0.0
0.0
0.0
0.0
0.0
0.0
0.0
0.0
0.0
0.0
0.0
0.0
0.0
0.055293999999999996
0.311514
0.442266
0.569736
0.6494099999999999
0.5956359999999999
0.511494
0.40895299999999996
0.212238
0.019753
0.0
0.0
0.0
0.0
0.0
0.0
0.0
0.0
0.0
0.0
0.0
0.0
0.0
0.00532
0.02714
0.047473999999999995
0.053918
0.24627600000000002
0.508677
0.48938
0.555374
0.443605
0.221405
0.020892
0.0
0.0
0.0
0.0
0.0
0.0
0.0
0.0
0.0
0.0
0.0
0.0
0.0
0.011093
0.015665
0.011087
0.076778
0.120982
0.222103
0.249359
0.318182
0.270609
0.187369
0.135323
0.0
0.0
0.0
0.0
0.0
0.0
0.0
0.0
0.0
0.0
0.0
0.0
0.0
0.025424
0.052268
0.068513
0.401331
0.662029
0.646652
0.605391
0.544523
0.41745499999999996
0.20138
0.012652
0.0
0.0
0.0
0.0
0.0
0.0
0.0
0.0
0.0
0.0
0.0
0.0
0.0
0.026524000000000002
0.175898
0.400048
0.5529400000000001
0.6577029999999999
0.673875
0.6337619999999999
0.541655
0.41487599999999997
0.19503600000000001
0.009814
0.0
0.0
0.0
0.0
0.0
0.0
0.0
0.0
0.0
0.0
0.0
0.0
0.0
0.022635000000000002
0.17916200000000002
0.365921
0.534913
0.657427
0.655845
0.6183970000000001
0.542755
0.41036700000000004
0.193804
0.011699
0.0
0.0
0.0
0.0
0.0
0.0
0.0
0.0
0.0
0.0
0.0
0.0
0.0
0.009692000000000001
0.07188
0.284493
0.5133920000000001
0.651692
0.6647949999999999
0.626288
0.5432680000000001
0.418712
0.198552
0.015115
0.0
0.0
0.0
0.0
0.0
0.0
0.0
0.0
0.0
0.0
0.0
0.0
0.0
0.009642
0.104673
0.324394
0.48431599999999997
0.618589
0.6612140000000001
0.631691
0.5590320000000001
0.479163
0.240117
0.019683
0.0
0.0
0.0
0.0
0.0
0.0
0.0
0.0
0.0
0.0
0.0
0.0
0.0
0.013996999999999999
0.122544
0.325094
0.48809800000000003
0.62767
0.6531699999999999
0.620519
0.5505610000000001
0.47262400000000004
0.171612
0.02189
0.0
0.0
0.0
0.0
0.0
0.0
0.0
0.0
0.0
0.0
0.0
0.0
0.0
0.009407
0.137805
0.32886000000000004
0.502544
0.377116
0.383052
0.341233
0.501466
0.15557400000000002
0.231869
0.050948
0.0
0.0
0.0
0.0
0.0
0.0
0.0
0.0
0.0
0.0
0.0
0.0
0.0
0.010407
0.156531
0.347509
0.5240750000000001
0.598172
0.5908300000000001
0.30670800000000004
0.364437
0.36005200000000004
0.17398
0.016475999999999998
0.0
0.0
0.0
0.0
0.0
0.0
0.0
0.0
0.0
0.0
0.0
0.0
0.0
0.005522
0.060450000000000004
0.199849
0.461995
0.571944
0.668359
0.609225
0.527282
0.400026
0.182087
0.029605
0.0
0.0
0.0
0.0
0.0
0.0
0.0
0.0
0.0
0.0
0.0
0.0
0.0
0.009269999999999999
0.095125
0.245172
0.408056
0.53675
0.5257269999999999
0.38317599999999996
0.575846
0.396354
0.10799299999999999
0.031476
0.0
0.0
0.0
0.0
0.0
0.0
0.0
0.0
0.0
0.0
0.0
0.0
0.0
0.009418
0.099805
0.264727
0.394156
0.5444220000000001
0.543533
0.609327
0.556149
0.419827
0.182399
0.018957
0.0
0.0
0.0
0.0
0.0
0.0
0.0
0.0
0.0
0.0
0.0
0.0
0.0
0.0
0.0
0.06945399999999999
0.5115350000000001
0.6434880000000001
0.644126
0.590346
0.531825
0.39228500000000005
0.16775
0.013054999999999999
0.0
0.0
0.0
0.0
0.0
0.0
0.0
0.0
0.0
0.0
0.0
0.0
0.0
0.014
0.133911
0.32679
0.493817
0.652248
0.6584679999999999
0.606244
0.596878
0.308043
0.18146299999999999
0.020697
0.0
0.0
0.0
0.0
0.0
0.0
0.0
0.0
0.0
0.0
0.0
0.0
0.0
0.001467
0.048546
0.182914
0.480709
0.5472910000000001
0.639414
0.614717
0.537416
0.467315
0.204068
0.033793
0.0
0.0
0.0
0.0
0.0
0.0
0.0
0.0
0.0
0.0
0.0
0.0
0.0
0.00558
0.093315
0.271762
0.489958
0.608673
0.617782
0.604256
0.509569
0.406782
0.158308
0.010617000000000001
0.0
0.0
0.0
0.0
0.0
0.0
0.0
0.0
0.0
0.0
0.0
0.0
0.0
0.005627
0.050592
0.14191499999999999
0.43773
0.602329
0.626465
0.618987
0.532044
0.40512099999999995
0.164541
0.009465
0.0
0.0
0.0
0.0
0.0
0.0
0.0
0.0
0.0
0.0
0.0
0.0
0.0
0.008007
0.127372
0.299382
0.496836
0.62294
0.650298
0.607382
0.5250739999999999
0.392704
0.14848
0.007856
0.0
0.0
0.0
0.0
0.0
0.0
0.0
0.0
0.0
0.0
0.0
0.0
0.0
0.003643
0.052095999999999996
0.158478
0.481127
0.593917
0.632263
0.6039640000000001
0.524467
0.394803
0.146454
0.009051
0.0
0.0
0.0
0.0
0.0
0.0
0.0
0.0
0.0
0.0
0.0
0.0
0.0
0.0035819999999999997
0.04033
0.10258199999999999
0.448042
0.617244
0.6431290000000001
0.586007
0.517525
0.39194999999999997
0.178024
0.010872999999999999
0.0
0.0
0.0
0.0
0.0
0.0
0.0
0.0
0.0
0.0
0.0
0.0
0.0
0.0
0.038371
0.095364
0.23654599999999998
0.6152190000000001
0.495654
0.486625
0.454944
0.42560000000000003
0.161222
0.022529
0.0
0.0
0.0
0.0
0.0
0.0
0.0
0.0
0.0
0.0
0.0
0.0
0.0
0.0
0.033443
0.09237000000000001
0.254235
0.6050610000000001
0.629691
0.564658
0.511509
0.39737
0.125958
0.004526
0.0
0.0
0.0
0.0
0.0
0.0
0.0
0.0
0.0
0.0
0.0
0.0
0.0
0.00123
0.050021
0.20136400000000002
0.446428
0.544978
0.630104
0.596602
0.514043
0.382524
0.13367400000000002
0.008394
0.0
0.0
0.0
0.0
0.0
0.0
0.0
0.0
0.0
0.0
0.0
0.0
0.0
0.0012230000000000001
0.041448
0.123274
0.400588
0.500236
0.451278
0.310819
0.257376
0.449759
0.153749
0.012949
0.0
0.0
0.0
0.0
0.0
0.0
0.0
0.0
0.0
0.0
0.0
0.0
0.0
0.003175
0.032775
0.070677
0.125825
0.31877300000000003
0.514283
0.589716
0.488
0.251779
0.190864
0.012138
0.0
0.0
0.0
0.0
0.0
0.0
0.0
0.0
0.0
0.0
0.0
0.0
0.0
0.001091
0.045725999999999996
0.122018
0.35979500000000003
0.602281
0.613358
0.597884
0.390323
0.102267
0.077705
0.016619
0.0
0.0
0.0
0.0
0.0
0.0
0.0
0.0
0.0
0.0
0.0
0.0
0.0
0.0
0.019363
0.029476
0.029089
0.072321
0.27442300000000003
0.338152
0.17074
0.052499000000000004
0.025797
0.013284
0.0
0.0
0.0
0.0
0.0
0.0
0.0
0.0
0.0
0.0
0.0
0.0
0.0
0.0
0.054473999999999995
0.147371
0.298146
0.405613
0.34919900000000004
0.139357
0.029571999999999998
0.032000999999999995
0.026036
0.004852
0.0
0.0
0.0
0.0
0.0
0.0
0.0
0.0
0.0
0.0
0.0
0.0
0.0
0.0
0.0
0.001385
0.027442
0.101385
0.050265
0.034069
0.029879000000000003
0.009349
0.016079999999999997
0.0
0.0
0.0
0.0
0.0
0.0
0.0
0.0
0.0
0.0
0.0
0.0
0.0
0.0
0.0
0.05964
0.265233
0.294936
0.669124
0.458957
0.569466
0.517847
0.292576
0.153001
0.010912000000000002
0.0
0.0
0.0
0.0
0.0
0.0
0.0
0.0
0.0
0.0
0.0
0.0
0.0
0.0
0.039615000000000004
0.08712
0.384078
0.634938
0.646905
0.60126
0.518786
0.379727
0.11272499999999999
0.004046999999999999
0.0
0.0
0.0
0.0
0.0
0.0
0.0
0.0
0.0
0.0
0.0
0.0
0.0
0.0
0.029565
0.123834
0.218021
0.5592630000000001
0.394699
0.607228
0.517455
0.39004
0.15272999999999998
0.008341
0.0
0.0
0.0
0.0
0.0
0.0
0.0
0.0
0.0
0.0
0.0
0.0
0.0
0.0
0.028699000000000002
0.077132
0.159106
0.452774
0.5470700000000001
0.593333
0.5272830000000001
0.340808
0.137983
0.009196999999999999
0.0
0.0
0.0
0.0
0.0
0.0
0.0
0.0
0.0
0.0
0.0
0.0
0.0
0.0
0.028178
0.14318199999999998
0.375624
0.477038
0.629912
0.554723
0.5277179999999999
0.415974
0.14080099999999998
0.017959
0.0
0.0
0.0
0.0
0.0
0.0
0.0
0.0
0.0
0.0
0.0
0.0
0.0
0.0
0.009419
0.021993
0.06809399999999999
0.17117500000000002
0.128978
0.107067
0.110845
0.05625
0.055959
0.004860000000000001
0.0
0.0
0.0
0.0
0.0
0.0
0.0
0.0
0.0
0.0
0.0
0.0
0.0
0.0
0.022298
0.077923
0.158383
0.261912
0.369529
0.564428
0.591327
0.15372999999999998
0.13083099999999998
0.011583999999999999
0.0
0.0
0.0
0.0
0.0
0.0
0.0
0.0
0.0
0.0
0.0
0.0
0.0
0.0
0.011693
0.080896
0.038329999999999996
0.070226
0.096168
0.059220999999999996
0.268845
0.211063
0.115922
0.01855
0.0
0.0
0.0
0.0
0.0
0.0
0.0
0.0
0.0
0.0
0.0
0.0
0.0
0.0
0.024328
0.073685
0.241564
0.310337
0.49932
0.556271
0.49241199999999996
0.3276
0.099013
0.00214
0.0
0.0
0.0
0.0
0.0
0.0
0.0
0.0
0.0
0.0
0.0
0.0
0.0
0.0
0.019734
0.049122
0.174794
0.5188039999999999
0.428497
0.30342899999999995
0.495041
0.258216
0.125101
0.00234
0.0
0.0
0.0
0.0
0.0
0.0
0.0
0.0
0.0
0.0
0.0
0.0
0.0
0.0
0.007929
0.018293
0.040655000000000004
0.083273
0.109951
0.10368300000000001
0.127009
0.126299
0.048337000000000005
0.0
0.0
0.0
0.0
0.0
0.0
0.0
0.0
0.0
0.0
0.0
0.0
0.0
0.0
0.001218
0.043651
0.083023
0.08767100000000001
0.084324
0.276262
0.36451999999999996
0.183578
0.363504
0.116403
0.012989
0.0
0.0
0.0
0.0
0.0
0.0
0.0
0.0
0.0
0.0
0.0
0.0
0.0
0.0
0.009654
0.054926
0.054367
0.097801
0.14707699999999999
0.127238
0.138475
0.10367799999999999
0.042183
0.0011
0.0
0.0
0.0
0.0
0.0
0.0
0.0
0.0
0.0
0.0
0.0
0.0
0.0
0.0
0.009631
0.035393999999999995
0.062634
0.08615600000000001
0.124998
0.101259
0.104624
0.06758499999999999
0.026694
0.0
0.0
0.0
0.0
0.0
0.0
0.0
0.0
0.0
0.0
0.0
0.0
0.0
0.0
0.0
0.011445
0.018068
0.063461
0.126495
0.049938
0.189866
0.042121000000000006
0.015771
0.0
0.0
0.0
0.0
0.0
0.0
0.0
0.0
0.0
0.0
0.0
0.0
0.0
0.0
0.0
0.0
0.007888
0.069103
0.13633
0.24590399999999998
0.276596
0.2754
0.173554
0.12454699999999999
0.059916
0.007647
0.0
0.0
0.0
0.0
0.0
0.0
0.0
0.0
0.0
0.0
0.0
0.0
0.0
0.0
0.0183
0.071476
0.119445
0.29829300000000003
0.581324
0.585022
0.513815
0.373384
0.11542100000000001
0.00319
0.0
0.0
0.0
0.0
0.0
0.0
0.0
0.0
0.0
0.0
0.0
0.0
0.0
0.0
0.013865
0.06672
0.119807
0.299991
0.607995
0.60202
0.512261
0.383118
0.117373
0.0046289999999999994
0.0
0.0
0.0
0.0
0.0
0.0
0.0
0.0
0.0
0.0
0.0
0.0
0.0
0.0
0.082369
0.25032
0.418166
0.542625
0.6204400000000001
0.578203
0.504676
0.37723700000000004
0.116
0.004573000000000001
0.0
0.0
0.0
0.0
0.0
0.0
0.0
0.0
0.0
0.0
0.0
0.0
0.0
0.0
0.001519
0.008128
0.03522
0.03731
0.032671
0.038824
0.028357
0.005927
0.00155
0.0
0.0
0.0
0.0
0.0
0.0
0.0
0.0
0.0
0.0
0.0
0.0
0.0
0.0
0.0
0.003785
0.022654
0.078763
0.15712700000000002
0.152331
0.12999000000000002
0.100912
0.061518
0.022350000000000002
0.0
0.0
0.0
0.0
0.0
0.0
0.0
0.0
0.0
0.0
0.0
0.0
0.0
0.0
0.0
0.082865
0.17932499999999998
0.16828700000000002
0.116527
0.18224600000000002
0.13636199999999998
0.056875
0.019686
0.005672
0.0
0.0
0.0
0.0
0.0
0.0
0.0
0.0
0.0
0.0
0.0
0.0
0.0
0.0
0.0
0.011637
0.028096
0.10462099999999999
0.102512
0.084324
0.088775
0.107942
0.075994
0.019545000000000003
0.0
0.0
0.0
0.0
0.0
0.0
0.0
0.0
0.0
0.0
0.0
0.0
0.0
0.0
0.0
0.011705
0.011701000000000001
0.049466
0.034659
0.04295
0.034695000000000004
0.040831000000000006
0.028350999999999998
0.016184
0.0
0.0
0.0
0.0
0.0
0.0
0.0
0.0
0.0
0.0
0.0
0.0
0.0
0.0
0.0
0.005873000000000001
0.022454000000000002
0.089518
0.086221
0.08523900000000001
0.112463
0.08505599999999999
0.041336
0.018402
0.0
0.0
0.0
0.0
0.0
0.0
0.0
0.0
0.0
0.0
0.0
0.0
0.0
0.0
0.0
0.007976
0.045759999999999995
0.086381
0.184929
0.163958
0.10771599999999999
0.134015
0.11601600000000001
0.063486
0.002443
0.0
0.0
0.0
0.0
0.0
0.0
0.0
0.0
0.0
0.0
0.0
0.0
0.0
0.0
0.005988
0.031349
0.039584
0.057124
0.083292
0.076893
0.067887
0.039865000000000005
0.009762
0.0
0.0
0.0
0.0
0.0
0.0
0.0
0.0
0.0
0.0
0.0
0.0
0.0
0.0
0.0
0.072132
0.22662700000000002
0.433911
0.5988640000000001
0.642956
0.6164339999999999
0.540534
0.38826299999999997
0.116065
0.000185
0.0
0.0
0.0
0.0
0.0
0.0
0.0
0.0
0.0
0.0
0.0
0.0
0.0
0.0
0.029431000000000002
0.087742
0.193445
0.213031
0.261023
0.28627800000000003
0.302407
0.443307
0.080146
0.008041
0.0
0.0
0.0
0.0
0.0
0.0
0.0
0.0
0.0
0.0
0.0
0.0
0.0
0.0
0.0059370000000000004
0.03958
0.06704500000000001
0.120191
0.166552
0.18820599999999998
0.08266
0.086662
0.06732099999999999
0.007123
0.0
0.0
0.0
0.0
0.0
0.0
0.0
0.0
0.0
0.0
0.0
0.0
0.0
0.0
0.014070000000000001
0.035451
0.083088
0.073656
0.038662999999999996
0.030315
0.041353
0.028553000000000002
0.022428
0.0
0.0
0.0
0.0
0.0
0.0
0.0
0.0
0.0
0.0
0.0
0.0
0.0
0.0
0.0
0.005988
0.022774000000000003
0.063621
0.05866
0.026821
0.041427
0.039331000000000005
0.035636
0.014211
0.0
0.0
0.0
0.0
0.0
0.0
0.0
0.0
0.0
0.0
0.0
0.0
0.0
0.0
0.0
0.005944
0.042038
0.10449599999999999
0.187801
0.143311
0.12284099999999999
0.076524
0.07309399999999999
0.024655999999999997
0.0
0.0
0.0
0.0
0.0
0.0
0.0
0.0
0.0
0.0
0.0
0.0
0.0
0.0
0.0
0.018658
0.14912299999999998
0.339206
0.227971
0.06593500000000001
0.081706
0.076124
0.08445699999999999
0.032885
0.0
0.0
0.0
0.0
0.0
0.0
0.0
0.0
0.0
0.0
0.0
0.0
0.0
0.0
0.0
0.0016539999999999999
0.025497
0.19309800000000002
0.13705799999999999
0.464082
0.291006
0.248492
0.20097800000000002
0.139529
0.001098
0.0
0.0
0.0
0.0
0.0
0.0
0.0
0.0
0.0
0.0
0.0
0.0
0.0
0.0
0.086034
0.28296
0.517886
0.48862700000000003
0.675187
0.600596
0.518254
0.377774
0.132487
0.0
0.0
0.0
0.0
0.0
0.0
0.0
0.0
0.0
0.0
0.0
0.0
0.0
0.0
0.0
0.012638
0.058131999999999996
0.10606600000000001
0.45708699999999997
0.637184
0.584477
0.5124719999999999
0.369231
0.116324
0.0
0.0
0.0
0.0
0.0
0.0
0.0
0.0
0.0
0.0
0.0
0.0
0.0
0.0
0.0
0.017413
0.070181
0.146328
0.5677770000000001
0.628385
0.568628
0.506981
0.37846300000000005
0.12705
1.3e-05
0.0
0.0
0.0
0.0
0.0
0.0
0.0
0.0
0.0
0.0
0.0
0.0
0.0
0.0
0.026074
0.116419
0.349283
0.524327
0.574924
0.6171409999999999
0.537614
0.43202300000000005
0.19009600000000001
0.058459000000000004
0.0
0.0
0.0
0.0
0.0
0.0
0.0
0.0
0.0
0.0
0.0
0.0
0.0
0.0
0.017376000000000003
0.089605
0.343783
0.544285
0.6504030000000001
0.6238360000000001
0.5363150000000001
0.397202
0.137756
0.000997
0.0
0.0
0.0
0.0
0.0
0.0
0.0
0.0
0.0
0.0
0.0
0.0
0.0
0.0
0.0126
0.057829
0.19137200000000001
0.485877
0.436897
0.6482960000000001
0.5802
0.407923
0.143797
0.000979
0.0
0.0
0.0
0.0
0.0
0.0
0.0
0.0
0.0
0.0
0.0
0.0
0.0
0.0
0.014953
0.072049
0.187159
0.4626
0.594228
0.621607
0.556085
0.438229
0.162839
0.0055320000000000005
0.0
0.0
0.0
0.0
0.0
0.0
0.0
0.0
0.0
0.0
0.0
0.0
0.0
0.0
0.014961
0.065038
0.160309
0.495131
0.6578200000000001
0.6051749999999999
0.5186280000000001
0.387654
0.142137
0.0
0.0
0.0
0.0
0.0
0.0
0.0
0.0
0.0
0.0
0.0
0.0
0.0
0.0
0.0
0.01269
0.072059
0.15982300000000002
0.588296
0.650709
0.604741
0.510602
0.397857
0.145174
0.0
0.0
0.0
0.0
0.0
0.0
0.0
0.0
0.0
0.0
0.0
0.0
0.0
0.0
0.0
0.014938
0.058084000000000004
0.14603
0.409538
0.570584
0.501348
0.5500750000000001
0.43032600000000004
0.172906
9.6e-05
0.0
0.0
0.0
0.0
0.0
0.0
