0.0
0.0
0.0
0.0
0.0
0.0
0.0
0.009262000000000001
0.076196
0.084997
0.218832
0.264195
0.292255
0.189216
0.356478
0.15131299999999998
0.050061999999999995
0.0
0.0
0.0
0.0
0.0
0.0
0.0
0.0
0.0
0.0
0.0
0.0
0.0
0.0
0.009231
0.042612000000000004
0.13665100000000002
0.081096
0.169638
0.111913
0.172814
0.206905
0.053949
0.029844000000000002
0.0
0.0
0.0
0.0
0.0
0.0
0.0
0.0
0.0
0.0
0.0
0.0
0.0
0.0
0.009073000000000001
0.052883
0.069547
0.172762
0.253907
0.263326
0.206624
0.070635
0.063098
0.055032
0.0
0.0
0.0
0.0
0.0
0.0
0.0
0.0
0.0
0.0
0.0
0.0
0.0
0.0
0.011219
0.046058
0.075611
0.11658700000000001
0.21866
0.18665299999999999
0.217451
0.105639
0.079077
0.040715
0.0
0.0
0.0
0.0
0.0
0.0
0.0
0.0
0.0
0.0
0.0
0.0
0.0
0.0
0.012525
0.041682000000000004
0.109623
0.187115
0.11198699999999999
0.203609
0.23374
0.19147
0.130899
0.084441
0.0
0.0
0.0
0.0
0.0
0.0
0.0
0.0
0.0
0.0
0.0
0.0
0.0
0.0
0.01298
0.096667
0.109743
0.145113
0.13575
0.310828
0.165836
0.102885
0.062944
0.039023
0.0
0.0
0.0
0.0
0.0
0.0
0.0
0.0
0.0
0.0
0.0
0.0
0.0
0.0
0.013289
0.09201300000000001
0.38793900000000003
0.6152839999999999
0.6990510000000001
0.732962
0.6848390000000001
0.5807599999999999
0.405414
0.171247
0.003412
0.0
0.0
0.0
0.0
0.0
0.0
0.0
0.0
0.0
0.0
0.0
0.0
0.0
0.013859
0.078611
0.209981
0.230486
0.38227300000000003
0.29019
0.462476
0.148214
0.130082
0.053382
0.000111
0.0
0.0
0.0
0.0
0.0
0.0
0.0
0.0
0.0
0.0
0.0
0.0
0.0
0.004347
0.06743099999999999
0.309
0.383377
0.60296
0.67189
0.660943
0.5348339999999999
0.380461
0.164647
0.002599
0.0
0.0
0.0
0.0
0.0
0.0
0.0
0.0
0.0
0.0
0.0
0.0
0.0
0.005078999999999999
0.046619999999999995
0.084839
0.139178
0.135412
0.148239
0.285254
0.309529
0.204
0.08476900000000001
0.000498
0.0
0.0
0.0
0.0
0.0
0.0
0.0
0.0
0.0
0.0
0.0
0.0
0.0
0.014820999999999999
0.111164
0.141632
0.240315
0.24135800000000002
0.316365
0.204459
0.121021
0.09135800000000001
0.047200000000000006
0.0
0.0
0.0
0.0
0.0
0.0
0.0
0.0
0.0
0.0
0.0
0.0
0.0
0.0
0.006679999999999999
0.048790999999999994
0.084161
0.155939
0.144257
0.160262
0.123053
0.103086
0.075199
0.046916
8.400000000000001e-05
0.0
0.0
0.0
0.0
0.0
0.0
0.0
0.0
0.0
0.0
0.0
0.0
0.0
0.00868
0.074787
0.195012
0.291551
0.28136700000000003
0.418418
0.159895
0.165732
0.10317
0.057639
0.0024449999999999997
0.0
0.0
0.0
0.0
0.0
0.0
0.0
0.0
0.0
0.0
0.0
0.0
0.0
0.023286
0.227135
0.436553
0.592931
0.6785119999999999
0.7031580000000001
0.66284
0.558273
0.38307100000000005
0.16344999999999998
0.0021469999999999996
0.0
0.0
0.0
0.0
0.0
0.0
0.0
0.0
0.0
0.0
0.0
0.0
0.0
0.023477
0.225195
0.42180900000000005
0.562751
0.6771309999999999
0.700057
0.659073
0.5563210000000001
0.38175
0.165929
0.004082
0.0
0.0
0.0
0.0
0.0
0.0
0.0
0.0
0.0
0.0
0.0
0.0
0.0
0.015387
0.20282
0.278546
0.343886
0.554236
0.48698
0.32610700000000004
0.288343
0.108082
0.046537
0.0006450000000000001
0.0
0.0
0.0
0.0
0.0
0.0
0.0
0.0
0.0
0.0
0.0
0.0
0.0
0.006828
0.041375999999999996
0.111295
0.245908
0.405283
0.31088
0.454218
0.414466
0.3302
0.126397
0.004019
0.0
0.0
0.0
0.0
0.0
0.0
0.0
0.0
0.0
0.0
0.0
0.0
0.0
0.031007
0.249888
0.431547
0.537312
0.550572
0.586201
0.5399339999999999
0.341733
0.24087999999999998
0.158683
0.002891
0.0
0.0
0.0
0.0
0.0
0.0
0.0
0.0
0.0
0.0
0.0
0.0
0.0
0.009476
0.10636799999999999
0.142681
0.217577
0.15886799999999998
0.163996
0.25437899999999997
0.134441
0.106339
0.07422
0.0018919999999999998
0.0
0.0
0.0
0.0
0.0
0.0
0.0
0.0
0.0
0.0
0.0
0.0
0.0
0.015882
0.099294
0.388481
0.564082
0.6532619999999999
0.684859
0.6439579999999999
0.50775
0.330383
0.099382
0.004016
0.0
0.0
0.0
0.0
0.0
0.0
0.0
0.0
0.0
0.0
0.0
0.0
0.0
0.015422
0.10147
0.186387
0.381341
0.340619
0.315761
0.275068
0.228546
0.169576
0.084135
0.004235
0.0
0.0
0.0
0.0
0.0
0.0
0.0
0.0
0.0
0.0
0.0
0.0
0.0
0.018112
0.15681399999999998
0.342421
0.475663
0.576
0.585357
0.570077
0.46048300000000003
0.30420600000000003
0.122655
0.0053490000000000005
0.0
0.0
0.0
0.0
0.0
0.0
0.0
0.0
0.0
0.0
0.0
0.0
0.0
0.016248000000000002
0.109791
0.206177
0.479634
0.579268
0.51528
0.57366
0.44472300000000003
0.247524
0.054246
0.003988
0.0
0.0
0.0
0.0
0.0
0.0
0.0
0.0
0.0
0.0
0.0
0.0
0.0
0.021184
0.088782
0.14782
0.113327
0.17939
0.23915799999999998
0.37776
0.263414
0.174912
0.075828
0.0059050000000000005
0.0
0.0
0.0
0.0
0.0
0.0
0.0
0.0
0.0
0.0
0.0
0.0
0.0
0.008295
0.04696
0.111182
0.237096
0.210737
0.20798599999999998
0.18184
0.159223
0.116125
0.06905599999999999
0.003663
0.0
0.0
0.0
0.0
0.0
0.0
0.0
0.0
0.0
0.0
0.0
0.0
0.0
0.006677
0.039635
0.08152899999999999
0.157151
0.28684699999999996
0.25455500000000003
0.238964
0.17028100000000002
0.12123600000000001
0.096145
0.008204000000000001
0.0
0.0
0.0
0.0
0.0
0.0
0.0
0.0
0.0
0.0
0.0
0.0
0.0
0.010648999999999999
0.069062
0.09537699999999999
0.091688
0.24377500000000002
0.25311500000000003
0.481843
0.343032
0.216933
0.08612600000000001
0.013510999999999999
0.0
0.0
0.0
0.0
0.0
0.0
0.0
0.0
0.0
0.0
0.0
0.0
0.0
0.008921
0.049818
0.08248399999999999
0.16949899999999998
0.167668
0.274434
0.15407400000000002
0.12793000000000002
0.097021
0.045316
0.004522
0.0
0.0
0.0
0.0
0.0
0.0
0.0
0.0
0.0
0.0
0.0
0.0
0.0
0.012783
0.055354
0.090004
0.175358
0.160524
0.181664
0.12098300000000001
0.090652
0.096524
0.050429
0.006006999999999999
0.0
0.0
0.0
0.0
0.0
0.0
0.0
0.0
0.0
0.0
0.0
0.0
0.0
0.016418
0.08315
0.151945
0.181372
0.199556
0.223312
0.196334
0.22430799999999998
0.128139
0.056433
0.006881
0.0
0.0
0.0
0.0
0.0
0.0
0.0
0.0
0.0
0.0
0.0
0.0
0.0
0.027154
0.143205
0.306589
0.336912
0.533292
0.580215
0.5638200000000001
0.43593200000000004
0.21906299999999998
0.10109399999999999
0.014785999999999999
0.0
0.0
0.0
0.0
0.0
0.0
0.0
0.0
0.0
0.0
0.0
0.0
0.0
0.022754999999999997
0.118836
0.263596
0.337384
0.424952
0.232741
0.098051
0.219524
0.11389700000000001
0.043326
0.009609999999999999
0.0
0.0
0.0
0.0
0.0
0.0
0.0
0.0
0.0
0.0
0.0
0.0
0.0
0.012368
0.059958
0.101872
0.139946
0.14546
0.249454
0.15005000000000002
0.16798500000000002
0.100376
0.057917
0.008273999999999998
0.0
0.0
0.0
0.0
0.0
0.0
0.0
0.0
0.0
0.0
0.0
0.0
0.0
0.011275
0.072865
0.12299800000000001
0.17512799999999998
0.19476400000000002
0.231596
0.10035899999999999
0.12915100000000002
0.107907
0.041561999999999995
0.010841
0.0
0.0
0.0
0.0
0.0
0.0
0.0
0.0
0.0
0.0
0.0
0.0
0.0
0.014985
0.071115
0.095113
0.184178
0.133128
0.171266
0.256064
0.15215299999999998
0.12080400000000001
0.054914000000000004
0.009916000000000001
0.0
0.0
0.0
0.0
0.0
0.0
0.0
0.0
0.0
0.0
0.0
0.0
0.0
0.016737
0.0848
0.086532
0.147573
0.15881499999999998
0.168413
0.142518
0.095033
0.06719499999999999
0.048312
0.009385999999999999
0.0
0.0
0.0
0.0
0.0
0.0
0.0
0.0
0.0
0.0
0.0
0.0
0.0
0.017603999999999998
0.043239
0.117777
0.123883
0.092777
0.264952
0.143706
0.098584
0.086339
0.048149000000000004
0.010074999999999999
0.0
0.0
0.0
0.0
0.0
0.0
0.0
0.0
0.0
0.0
0.0
0.0
0.0
0.014505
0.060343
0.077466
0.129561
0.21739599999999998
0.10353100000000001
0.129168
0.09450199999999999
0.07444100000000001
0.046376
0.011239
0.0
0.0
0.0
0.0
0.0
0.0
0.0
0.0
0.0
0.0
0.0
0.0
0.0
0.029969000000000003
0.07917700000000001
0.180841
0.09650199999999999
0.165981
0.14064
0.271995
0.142594
0.124027
0.068571
0.014602
0.0
0.0
0.0
0.0
0.0
0.0
0.0
0.0
0.0
0.0
0.0
0.0
0.0
0.026888000000000002
0.099557
0.25816500000000003
0.275293
0.384715
0.23972100000000002
0.137823
0.129213
0.208674
0.062962
0.021913000000000002
0.0
0.0
0.0
0.0
0.0
0.0
0.0
0.0
0.0
0.0
0.0
0.0
0.0
0.024202
0.069975
0.261327
0.342702
0.36797
0.37304000000000004
0.209422
0.135869
0.113786
0.061464
0.021034
0.0
0.0
0.0
0.0
0.0
0.0
0.0
0.0
0.0
0.0
0.0
0.0
0.0
0.032348999999999996
0.13001400000000002
0.371621
0.521438
0.605102
0.670891
0.630869
0.518122
0.380256
0.184393
0.027656
0.0
0.0
0.0
0.0
0.0
0.0
0.0
0.0
0.0
0.0
0.0
0.0
0.0
0.034341
0.141397
0.300284
0.463416
0.501461
0.524308
0.490765
0.328507
0.21904200000000001
0.131478
0.025349
0.0
0.0
0.0
0.0
0.0
0.0
0.0
0.0
0.0
0.0
0.0
0.0
0.0
0.033113
0.128826
0.23221799999999998
0.324575
0.363858
0.35274500000000003
0.300197
0.29717
0.200087
0.110568
0.026139
0.0
0.0
0.0
0.0
0.0
0.0
0.0
0.0
0.0
0.0
0.0
0.0
0.0
0.020755
0.061283000000000004
0.223887
0.108011
0.11939
0.210925
0.249555
0.141754
0.077529
0.092211
0.017448
0.0
0.0
0.0
0.0
0.0
0.0
0.0
0.0
0.0
0.0
0.0
0.0
0.0
0.02423
0.07936499999999999
0.135402
0.186537
0.227052
0.20664500000000002
0.239695
0.187447
0.129766
0.078371
0.016545999999999998
0.0
0.0
0.0
0.0
0.0
0.0
0.0
0.0
0.0
0.0
0.0
0.0
0.0
0.043677
0.08966400000000001
0.14709
0.30093200000000003
0.212729
0.23868899999999998
0.34817899999999996
0.231077
0.182088
0.109609
0.029012
0.0
0.0
0.0
0.0
0.0
0.0
0.0
0.0
0.0
0.0
0.0
0.0
0.0
0.040438
0.11472700000000001
0.222778
0.21187
0.285846
0.23335499999999998
0.26896499999999995
0.196082
0.15299000000000001
0.122988
0.030106
0.0
0.0
0.0
0.0
0.0
0.0
0.0
0.0
0.0
0.0
0.0
0.0
0.0
0.049442
0.232379
0.443176
0.595446
0.690162
0.705663
0.667269
0.5704170000000001
0.41251299999999996
0.21148
0.037767
0.0
0.0
0.0
0.0
0.0
0.0
0.0
0.0
0.0
0.0
0.0
0.0
0.0
0.045259999999999995
0.195046
0.378786
0.513941
0.594168
0.6166950000000001
0.580072
0.50752
0.356744
0.174787
0.035527
0.0
0.0
0.0
0.0
0.0
0.0
0.0
0.0
0.0
0.0
0.0
0.0
0.0
0.04083
0.076945
0.143313
0.277851
0.217889
0.40399599999999997
0.257249
0.253119
0.22537700000000002
0.07095900000000001
0.028373000000000002
0.0
0.0
0.0
0.0
0.0
0.0
0.0
0.0
0.0
0.0
0.0
0.0
0.0
0.040229999999999995
0.18211000000000002
0.385083
0.573502
0.672016
0.705487
0.672276
0.573134
0.414051
0.21166
0.038696
0.0
0.0
0.0
0.0
0.0
0.0
0.0
0.0
0.0
0.0
0.0
0.0
0.0
0.042311999999999995
0.123111
0.197449
0.28484
0.271194
0.298396
0.30876299999999995
0.255095
0.290759
0.129017
0.034809
0.0
0.0
0.0
0.0
0.0
0.0
0.0
0.0
0.0
0.0
0.0
0.0
0.0
0.05303
0.177144
0.37523700000000004
0.516028
0.607834
0.650359
0.629908
0.510352
0.362454
0.190881
0.039449
0.0
0.0
0.0
0.0
0.0
0.0
0.0
0.0
0.0
0.0
0.0
0.0
0.0
0.0494
0.135532
0.228953
0.257702
0.554585
0.400028
0.40698700000000004
0.33002
0.25422100000000003
0.175587
0.034116999999999995
0.0
0.0
0.0
0.0
0.0
0.0
0.0
0.0
0.0
0.0
0.0
0.0
0.0
0.049381
0.118471
0.306875
0.444623
0.549282
0.308042
0.476242
0.37943
0.22359600000000002
0.10455500000000001
0.033364
0.0
0.0
0.0
0.0
0.0
0.0
0.0
0.0
0.0
0.0
0.0
0.0
0.0
0.042593000000000006
0.15312399999999998
0.34546899999999997
0.409512
0.489495
0.391156
0.468627
0.38289100000000004
0.450683
0.252898
0.054771
0.0
0.0
0.0
0.0
0.0
0.0
0.0
0.0
0.0
0.0
0.0
0.0
0.0
0.061826
0.16502699999999998
0.329155
0.283972
0.547633
0.580936
0.49853800000000004
0.365688
0.39460199999999995
0.21342599999999998
0.048348999999999996
0.0
0.0
0.0
0.0
0.0
0.0
0.0
0.0
0.0
0.0
0.0
0.0
0.0
0.067911
0.25109200000000004
0.451544
0.573921
0.614019
0.6436069999999999
0.575422
0.234036
0.34225
0.109347
0.039231999999999996
0.0
0.0
0.0
0.0
0.0
0.0
0.0
0.0
0.0
0.0
0.0
0.0
0.0
0.052671
0.204191
0.40054199999999995
0.594956
0.681086
0.327841
0.43368900000000005
0.435488
0.379676
0.23236099999999998
0.042989
0.0
0.0
0.0
0.0
0.0
0.0
0.0
0.0
0.0
0.0
0.0
0.0
0.0
0.050798
0.204276
0.375459
0.434242
0.454925
0.6193759999999999
0.388264
0.262308
0.189409
0.115896
0.044859
0.0
0.0
0.0
0.0
0.0
0.0
0.0
0.0
0.0
0.0
0.0
0.0
0.0
0.075661
0.221499
0.35452999999999996
0.598773
0.6803819999999999
0.70296
0.412426
0.447367
0.322032
0.133786
0.039383
0.0
0.0
0.0
0.0
0.0
0.0
0.0
0.0
0.0
0.0
0.0
0.0
0.0
0.040744
0.161364
0.17357599999999998
0.33510700000000004
0.275028
0.456641
0.552294
0.45990800000000004
0.34306400000000004
0.26350999999999997
0.037831000000000004
0.0
0.0
0.0
0.0
0.0
0.0
0.0
0.0
0.0
0.0
0.0
0.0
0.0
0.053759
0.13803100000000001
0.199576
0.27816199999999996
0.477066
0.378245
0.533496
0.250642
0.284802
0.164196
0.044099
0.0
0.0
0.0
0.0
0.0
0.0
0.0
0.0
0.0
0.0
0.0
0.0
0.0
0.036018999999999995
0.080734
0.134039
0.230344
0.25864800000000004
0.33008699999999996
0.17744300000000002
0.15325299999999997
0.119416
0.071894
0.022414999999999997
0.0
0.0
0.0
0.0
0.0
0.0
0.0
0.0
0.0
0.0
0.0
0.0
0.0
0.038475
0.094793
0.160713
0.178429
0.19818
0.202714
0.195166
0.231652
0.172495
0.10381
0.035918
0.0
0.0
0.0
0.0
0.0
0.0
0.0
0.0
0.0
0.0
0.0
0.0
0.0
0.037301
0.089317
0.23769800000000002
0.164489
0.132236
0.13439500000000001
0.17439500000000002
0.130487
0.097339
0.063163
0.029387
0.0
0.0
0.0
0.0
0.0
0.0
0.0
0.0
0.0
0.0
0.0
0.0
0.0
0.036772
0.089833
0.30209600000000003
0.318774
0.37861500000000003
0.5154249999999999
0.192487
0.193645
0.202632
0.14193
0.07568899999999999
0.0
0.0
0.0
0.0
0.0
0.0
0.0
0.0
0.0
0.0
0.0
0.0
0.0
0.071518
0.169838
0.274988
0.363585
0.497614
0.538321
0.572308
0.484734
0.341237
0.174588
0.049331
0.0
0.0
0.0
0.0
0.0
0.0
0.0
0.0
0.0
0.0
0.0
0.0
0.0
0.048655000000000004
0.11340399999999999
0.166618
0.215333
0.21149700000000002
0.183172
0.17669300000000002
0.194124
0.123724
0.080554
0.028672
0.0
0.0
0.0
0.0
0.0
0.0
0.0
0.0
0.0
0.0
0.0
0.0
0.0
0.033098
0.063359
0.113064
0.269202
0.19483
0.38514800000000005
0.33875099999999997
0.33966
0.15770900000000002
0.106152
0.046187
0.0
0.0
0.0
0.0
0.0
0.0
0.0
0.0
0.0
0.0
0.0
0.0
0.0
0.04299
0.104276
0.155388
0.15972
0.22722399999999998
0.225198
0.21874100000000002
0.187303
0.121657
0.074059
0.024821000000000003
0.0
0.0
0.0
0.0
0.0
0.0
0.0
0.0
0.0
0.0
0.0
0.0
0.00033400000000000004
0.06318
0.185505
0.122822
0.179541
0.108431
0.124116
0.177153
0.143738
0.22829400000000002
0.085535
0.042078000000000004
0.0
0.0
0.0
0.0
0.0
0.0
0.0
0.0
0.0
0.0
0.0
0.0
0.0021920000000000004
0.058893
0.137631
0.138851
0.128773
0.668943
0.728993
0.343065
0.419431
0.290537
0.263632
0.070625
0.0
0.0
0.0
0.0
0.0
0.0
0.0
0.0
0.0
0.0
0.0
0.0
0.0014019999999999998
0.065093
0.20997900000000003
0.42806099999999997
0.6631710000000001
0.7175940000000001
0.7432559999999999
0.704127
0.460656
0.311232
0.180644
0.044372999999999996
0.0
0.0
0.0
0.0
0.0
0.0
0.0
0.0
0.0
0.0
0.0
0.0
0.003417
0.069006
0.183871
0.171327
0.225493
0.196238
0.348402
0.157685
0.144998
0.128578
0.095129
0.039029
0.0
0.0
0.0
0.0
0.0
0.0
0.0
0.0
0.0
0.0
0.0
0.0
0.00139
0.062244999999999995
0.082333
0.184232
0.222477
0.220675
0.251547
0.285543
0.202383
0.17414500000000002
0.133952
0.040328
0.0
0.0
0.0
0.0
0.0
0.0
0.0
0.0
0.0
0.0
0.0
0.0
0.001355
0.033469
0.091352
0.17955600000000002
0.10674299999999999
0.191501
0.11337900000000001
0.292815
0.20824700000000002
0.19125299999999998
0.054415
0.023524999999999997
0.0
0.0
0.0
0.0
0.0
0.0
0.0
0.0
0.0
0.0
0.0
0.0
0.003297
0.053735
0.111883
0.174539
0.342252
0.267533
0.354781
0.23383199999999998
0.21134
0.192446
0.11662
0.043395
0.0
0.0
0.0
0.0
0.0
0.0
0.0
0.0
0.0
0.0
0.0
0.0
0.002339
0.042906
0.080911
0.261992
0.337627
0.645818
0.6004109999999999
0.708755
0.573689
0.373368
0.082526
0.049411000000000004
0.0
0.0
0.0
0.0
0.0
0.0
0.0
0.0
0.0
0.0
0.0
0.0
0.0013360000000000002
0.053818
0.175987
0.186209
0.296575
0.328204
0.5465
0.592698
0.506865
0.422983
0.243358
0.066853
0.0
0.0
0.0
0.0
0.0
0.0
0.0
0.0
0.0
0.0
0.0
0.0
0.005682
0.127938
0.334324
0.504718
0.632912
0.7039679999999999
0.6695
0.6451319999999999
0.458794
0.29906099999999997
0.112005
0.053981
0.0
0.0
0.0
0.0
0.0
0.0
0.0
0.0
0.0
0.0
0.0
0.0
0.003165
0.056128
0.11996899999999999
0.206861
0.255447
0.224133
0.23317400000000002
0.222722
0.195927
0.157809
0.08125
0.045167
0.0
0.0
0.0
0.0
0.0
0.0
0.0
0.0
0.0
0.0
0.0
0.0
0.004026
0.054671
0.106347
0.168751
0.28648399999999996
0.193942
0.244288
0.269795
0.20144700000000001
0.16567400000000002
0.136587
0.057991
0.0
0.0
0.0
0.0
0.0
0.0
0.0
0.0
0.0
0.0
0.0
0.0
0.004605000000000001
0.043324
0.08851600000000001
0.149947
0.184243
0.25498
0.12416500000000001
0.2214
0.16522499999999998
0.127245
0.101077
0.025587
0.0
0.0
0.0
0.0
0.0
0.0
0.0
0.0
0.0
0.0
0.0
0.0
0.0034620000000000002
0.054655999999999996
0.075225
0.15084999999999998
0.179665
0.275675
0.124046
0.22156399999999998
0.211022
0.104421
0.100368
0.033707
0.0
0.0
0.0
0.0
0.0
0.0
0.0
0.0
0.0
0.0
0.0
0.0
0.008159000000000001
0.070602
0.16270099999999998
0.18301900000000002
0.403413
0.324714
0.240429
0.28764
0.21476800000000001
0.17882900000000002
0.09665800000000001
0.043085
0.0
0.0
0.0
0.0
0.0
0.0
0.0
0.0
0.0
0.0
0.0
0.0
0.006889999999999999
0.059781
0.117604
0.15957400000000002
0.27575299999999997
0.32288
0.362593
0.26974400000000004
0.424072
0.192169
0.16836199999999998
0.044847
0.0
0.0
0.0
0.0
0.0
0.0
0.0
0.0
0.0
0.0
0.0
0.0
0.015586000000000001
0.07035599999999999
0.17746299999999998
0.27882100000000004
0.405805
0.5500929999999999
0.585449
0.680422
0.49070600000000003
0.367859
0.237832
0.063746
0.000275
0.0
0.0
0.0
0.0
0.0
0.0
0.0
0.0
0.0
0.0
0.0
0.014801
0.077317
0.16314599999999999
0.214891
0.255646
0.42062099999999997
0.40543599999999996
0.450454
0.48312
0.245818
0.14018899999999998
0.048779
0.0
0.0
0.0
0.0
0.0
0.0
0.0
0.0
0.0
0.0
0.0
0.0
0.014842000000000001
0.094364
0.132232
0.18131899999999998
0.237503
0.254004
0.236033
0.222538
0.202932
0.16419399999999998
0.11228700000000001
0.047334
0.0
0.0
0.0
0.0
0.0
0.0
0.0
0.0
0.0
0.0
0.0
0.0
0.012903000000000001
0.06418399999999999
0.138703
0.168996
0.241862
0.273083
0.225089
0.253827
0.23000700000000002
0.22808699999999998
0.139434
0.040655000000000004
0.000909
0.0
0.0
0.0
0.0
0.0
0.0
0.0
0.0
0.0
0.0
0.0
0.01813
0.08000199999999999
0.154954
0.256906
0.425694
0.35661200000000004
0.4564
0.378876
0.311771
0.175004
0.17414
0.048933
0.0
0.0
0.0
0.0
0.0
0.0
0.0
0.0
0.0
0.0
0.0
0.0
0.014419000000000001
0.10377299999999999
0.1992
0.360919
0.564274
0.358825
0.460304
0.33502699999999996
0.297374
0.253763
0.174423
0.084775
0.0
0.0
0.0
0.0
0.0
0.0
0.0
0.0
0.0
0.0
0.0
0.0
0.021460999999999997
0.111682
0.21846100000000002
0.315604
0.352806
0.312672
0.323393
0.309093
0.268638
0.27942500000000003
0.132476
0.051779000000000006
0.0
0.0
0.0
0.0
0.0
0.0
0.0
0.0
0.0
0.0
0.0
0.0
0.016168
0.07555100000000001
0.141099
0.27741000000000005
0.5893630000000001
0.62579
0.305382
0.448406
0.232576
0.220723
0.110523
0.047007
0.0
0.0
0.0
0.0
0.0
0.0
0.0
0.0
0.0
0.0
0.0
0.0
0.016935
0.076309
0.127135
0.164636
0.339755
0.247391
0.288872
0.247209
0.218029
0.180253
0.118447
0.08294199999999999
0.0
0.0
0.0
0.0
0.0
0.0
0.0
0.0
0.0
0.0
0.0
0.0
0.025523
0.114369
0.237382
0.35874599999999995
0.60323
0.649427
0.650351
0.586894
0.51761
0.33304199999999995
0.22626
0.07132899999999999
0.000723
0.0
0.0
0.0
0.0
0.0
0.0
0.0
0.0
0.0
0.0
0.0
0.025516999999999998
0.11057399999999999
0.22293700000000002
0.31299099999999996
0.339964
0.319124
0.31608600000000003
0.23527
0.293051
0.172651
0.11502
0.065751
0.000759
0.0
0.0
0.0
0.0
0.0
0.0
0.0
0.0
0.0
0.0
0.0
0.026986
0.129017
0.181164
0.242907
0.28599
0.29275
0.452245
0.22703299999999998
0.199636
0.182142
0.122156
0.060573
0.000754
0.0
0.0
0.0
0.0
0.0
0.0
0.0
0.0
0.0
0.0
0.0
0.028347
0.131682
0.295904
0.454367
0.637053
0.672732
0.699403
0.64224
0.517537
0.402281
0.228828
0.07363800000000001
0.000569
0.0
0.0
0.0
0.0
0.0
0.0
0.0
0.0
0.0
0.0
0.0
0.028067
0.10784999999999999
0.16259700000000002
0.348669
0.173063
0.204791
0.238601
0.162772
0.29980599999999996
0.176385
0.12620099999999998
0.060876
0.000528
0.0
0.0
0.0
0.0
0.0
0.0
0.0
0.0
0.0
0.0
0.0
0.020788
0.087446
0.08711400000000001
0.175044
0.181303
0.34413099999999996
0.21440199999999998
0.328949
0.23058199999999998
0.199017
0.088213
0.049628
0.000805
0.0
0.0
0.0
0.0
0.0
0.0
0.0
0.0
0.0
0.0
0.0
0.035512999999999996
0.162478
0.265655
0.443264
0.544608
0.509917
0.5244650000000001
0.35158
0.20011099999999998
0.278402
0.10231399999999999
0.045380000000000004
0.0
0.0
0.0
0.0
0.0
0.0
0.0
0.0
0.0
0.0
0.0
0.0
0.03074
0.071097
0.12999000000000002
0.146012
0.225516
0.36517099999999997
0.488856
0.338309
0.313789
0.15713
0.113291
0.046688
0.000713
0.0
0.0
0.0
0.0
0.0
0.0
0.0
0.0
0.0
0.0
0.0
0.023198
0.06351
0.11662099999999999
0.297909
0.38460300000000003
0.6039439999999999
0.615388
0.636091
0.48072899999999996
0.373301
0.155918
0.057072000000000005
0.001512
0.0
0.0
0.0
0.0
0.0
0.0
0.0
0.0
0.0
0.0
0.0
0.026494
0.087455
0.137358
0.177475
0.335623
0.219196
0.256877
0.20743199999999998
0.19096100000000002
0.15781
0.11344599999999999
0.051766
0.001585
0.0
0.0
0.0
0.0
0.0
0.0
0.0
0.0
0.0
0.0
0.0
0.027336
0.099106
0.178114
0.244012
0.315113
0.31177999999999995
0.318065
0.30983499999999997
0.274906
0.210215
0.143886
0.056597
0.000746
0.0
0.0
0.0
0.0
0.0
0.0
0.0
0.0
0.0
0.0
0.0
0.029401
0.100002
0.172174
0.230094
0.329924
0.289725
0.29068900000000003
0.290207
0.242231
0.196464
0.130649
0.056891
0.000737
0.0
0.0
0.0
0.0
0.0
0.0
0.0
0.0
0.0
0.0
0.0
0.032817
0.097865
0.17768299999999998
0.190378
0.505191
0.7709199999999999
0.794501
0.695998
0.611147
0.464565
0.282694
0.091094
0.0024609999999999996
0.0
0.0
0.0
0.0
0.0
0.0
0.0
0.0
0.0
0.0
0.0
0.041822000000000005
0.152977
0.29744099999999996
0.465791
0.5961749999999999
0.6305729999999999
0.657279
0.621057
0.521366
0.379101
0.21646100000000001
0.077724
0.002695
0.0
0.0
0.0
0.0
0.0
0.0
0.0
0.0
0.0
0.0
0.0
0.041967
0.19956000000000002
0.419704
0.561662
0.681125
0.739221
0.49991599999999997
0.5908049999999999
0.348099
0.42156299999999997
0.269687
0.102895
0.00275
0.0
0.0
0.0
0.0
0.0
0.0
0.0
0.0
0.0
0.0
0.0
0.040908
0.14028800000000002
0.219642
0.43838299999999997
0.424904
0.5543239999999999
0.59496
0.41404
0.41289499999999996
0.294363
0.16920500000000002
0.08283199999999999
0.00257
0.0
0.0
0.0
0.0
0.0
0.0
0.0
0.0
0.0
0.0
0.0
0.038145000000000005
0.100428
0.129019
0.276723
0.249399
0.272569
0.282448
0.378046
0.272447
0.229878
0.20136400000000002
0.064435
0.0029300000000000003
0.0
0.0
0.0
0.0
0.0
0.0
0.0
0.0
0.0
0.0
0.0
0.042843000000000006
0.13120300000000001
0.206784
0.24346
0.20276
0.364479
0.229282
0.293208
0.229196
0.160406
0.111708
0.07059399999999999
0.0052699999999999995
0.0
0.0
0.0
0.0
0.0
0.0
0.0
0.0
0.0
0.0
0.0
0.048159
0.173309
0.344115
0.46860700000000005
0.6027680000000001
0.68939
0.676952
0.6328189999999999
0.533335
0.39234600000000003
0.217384
0.084064
0.0048
0.0
0.0
0.0
0.0
0.0
0.0
0.0
0.0
0.0
0.0
0.0
0.051963999999999996
0.115857
0.313036
0.403053
0.621691
0.6771309999999999
0.515912
0.499099
0.41240699999999997
0.261756
0.16142099999999998
0.07064400000000001
0.004344000000000001
0.0
0.0
0.0
0.0
0.0
0.0
0.0
0.0
0.0
0.0
0.0
0.038043
0.212551
0.312136
0.48491
0.605636
0.6202430000000001
0.421858
0.6642
0.517791
0.40589800000000004
0.166655
0.070378
0.0046
0.0
0.0
0.0
0.0
0.0
0.0
0.0
0.0
0.0
0.0
0.0
0.048064
0.13097399999999998
0.207666
0.352509
0.422788
0.6360750000000001
0.49807
0.394444
0.351685
0.339966
0.22020699999999999
0.074094
0.005320999999999999
0.0
0.0
0.0
0.0
0.0
0.0
0.0
0.0
0.0
0.0
0.0
0.037852
0.125211
0.25121
0.206149
0.140191
0.502857
0.659949
0.592071
0.468945
0.330004
0.19572
0.055148
0.00483
0.0
0.0
0.0
0.0
0.0
0.0
0.0
0.0
0.0
0.0
0.0
0.046838
0.118411
0.25683999999999996
0.23701
0.276572
0.365945
0.452743
0.49953699999999995
0.38169600000000004
0.214393
0.14975899999999998
0.077345
0.004258
0.0
0.0
0.0
0.0
0.0
0.0
0.0
0.0
0.0
0.0
0.0
0.052094999999999995
0.153235
0.26773399999999997
0.380979
0.49673500000000004
0.617248
0.656084
0.565072
0.476231
0.28956
0.212352
0.08402
0.007649
0.0
0.0
0.0
0.0
0.0
0.0
0.0
0.0
0.0
0.0
0.0
0.049698
0.16331299999999999
0.197379
0.31666300000000003
0.481762
0.6577200000000001
0.465207
0.288066
0.33640499999999995
0.28344400000000003
0.13836
0.070487
0.007278
0.0
0.0
0.0
0.0
0.0
0.0
0.0
0.0
0.0
0.0
0.0
0.033579
0.08688
0.130971
0.177982
0.260762
0.208549
0.199767
0.26479899999999995
0.28371199999999996
0.172875
0.120772
0.060982
0.005141
0.0
0.0
0.0
0.0
0.0
0.0
0.0
0.0
0.0
0.0
0.0
0.040027
0.13012700000000002
0.200072
0.26749900000000004
0.27289800000000003
0.436888
0.332111
0.24707900000000002
0.230108
0.297421
0.18888999999999997
0.074343
0.008073
0.0
0.0
0.0
0.0
0.0
0.0
0.0
0.0
0.0
0.0
0.0
0.052014000000000005
0.096639
0.217774
0.25344900000000004
0.30532400000000004
0.457562
0.442219
0.430522
0.306647
0.264228
0.112657
0.058834000000000004
0.008656
0.0
0.0
0.0
0.0
0.0
0.0
0.0
0.0
0.0
0.0
0.0
0.047407
0.07884300000000001
0.17828200000000002
0.307948
0.57101
0.379661
0.468839
0.274489
0.20735699999999999
0.24459999999999998
0.097253
0.076178
0.005876999999999999
0.0
0.0
0.0
0.0
0.0
0.0
0.0
0.0
0.0
0.0
0.0
0.064836
0.103714
0.142012
0.524046
0.343993
0.516445
0.20995
0.247618
0.188414
0.148787
0.139137
0.043497999999999995
0.006225
0.0
0.0
0.0
0.0
0.0
0.0
0.0
0.0
0.0
0.0
0.0
0.051114
0.12212300000000001
0.20747200000000002
0.366968
0.39443599999999995
0.354603
0.484175
0.418489
0.366517
0.32539999999999997
0.17148500000000003
0.07063599999999999
0.0069960000000000005
0.0
0.0
0.0
0.0
0.0
0.0
0.0
0.0
0.0
0.0
0.0
0.040298
0.11040900000000001
0.176862
0.41001
0.302477
0.312515
0.206625
0.168962
0.17191499999999998
0.126607
0.09856000000000001
0.053941
0.007128
0.0
0.0
0.0
0.0
0.0
0.0
0.0
0.0
0.0
0.0
0.0
0.06538200000000001
0.18906399999999998
0.366113
0.384063
0.62171
0.674335
0.6760510000000001
0.515021
0.421151
0.41086
0.241014
0.08862099999999999
0.011118000000000001
0.0
0.0
0.0
0.0
0.0
0.0
0.0
0.0
0.0
0.0
0.0
0.058095
0.15224000000000001
0.29611200000000004
0.40185000000000004
0.49320299999999995
0.587958
0.5508569999999999
0.482799
0.332593
0.34560399999999997
0.237241
0.08546899999999999
0.011265
0.0
0.0
0.0
0.0
0.0
0.0
0.0
0.0
0.0
0.0
0.0
0.059256
0.16808
0.321041
0.34895800000000005
0.613024
0.48862900000000004
0.576808
0.536318
0.432064
0.25915499999999997
0.183938
0.083455
0.011345000000000001
0.0
0.0
0.0
0.0
0.0
0.0
0.0
0.0
0.0
0.0
0.0
0.046665
0.124699
0.206844
0.321299
0.318228
0.340689
0.519655
0.505371
0.375956
0.27569
0.184597
0.06880800000000001
0.011637999999999999
0.0
0.0
0.0
0.0
0.0
0.0
0.0
0.0
0.0
0.0
0.0
0.034072000000000005
0.093584
0.201596
0.289817
0.385358
0.444992
0.481524
0.369897
0.49638299999999996
0.190372
0.178739
0.043582
0.008412000000000001
0.0
0.0
0.0
0.0
0.0
0.0
0.0
0.0
0.0
0.0
0.000175
0.050515
0.154837
0.28729899999999997
0.285922
0.441955
0.39655799999999997
0.45396
0.38594799999999996
0.32018
0.249065
0.202805
0.064663
0.008961
0.0
0.0
0.0
0.0
0.0
0.0
0.0
0.0
0.0
0.0
0.001456
0.052392
0.146124
0.2823
0.486046
0.397146
0.441255
0.303603
0.31573399999999996
0.48209500000000005
0.439483
0.263522
0.096717
0.012665
0.0
0.0
0.0
0.0
0.0
0.0
0.0
0.0
0.0
0.0
0.000554
0.057515000000000004
0.187644
0.33608699999999997
0.502302
0.5949829999999999
0.657725
0.6975159999999999
0.673399
0.568508
0.4423
0.272599
0.08960299999999999
0.012827
0.0
0.0
0.0
0.0
0.0
0.0
0.0
0.0
0.0
0.0
0.00053
0.063588
0.175583
0.314832
0.462952
0.469235
0.5309579999999999
0.6305729999999999
0.576788
0.501305
0.362849
0.212014
0.093289
0.014372999999999999
0.0
0.0
0.0
0.0
0.0
0.0
0.0
0.0
0.0
0.0
0.000989
0.062301
0.195995
0.36138600000000004
0.511774
0.620614
0.6851889999999999
0.5942670000000001
0.526807
0.42397
0.382747
0.189026
0.078337
0.01447
0.0
0.0
0.0
0.0
0.0
0.0
0.0
0.0
0.0
0.0
0.0009809999999999999
0.064693
0.169742
0.293274
0.458699
0.5769719999999999
0.577144
0.589634
0.555593
0.435149
0.31880200000000003
0.216785
0.092883
0.014881
0.0
0.0
0.0
0.0
0.0
0.0
0.0
0.0
0.0
0.0
0.000962
0.059225
0.178368
0.239235
0.4572
0.5211870000000001
0.6369589999999999
0.601611
0.482773
0.465175
0.236739
0.232609
0.08129
0.015029
0.0
0.0
0.0
0.0
0.0
0.0
0.0
0.0
0.0
0.0
0.003982
0.062498
0.157653
0.284069
0.418891
0.43235
0.414773
0.5709339999999999
0.401274
0.45969299999999996
0.344519
0.20907699999999999
0.105932
0.022506
0.0
0.0
0.0
0.0
0.0
0.0
0.0
0.0
0.0
0.0
0.0010760000000000001
0.051888
0.088392
0.113402
0.21841
0.214954
0.167906
0.290618
0.239644
0.31585700000000005
0.19304400000000002
0.240671
0.070415
0.015710000000000002
0.0
0.0
0.0
0.0
0.0
0.0
0.0
0.0
0.0
0.0
0.0010940000000000001
0.040371000000000004
0.07757299999999999
0.136052
0.252726
0.334141
0.286019
0.262594
0.230881
0.236988
0.246584
0.228793
0.06966
0.01632
0.0
0.0
0.0
0.0
0.0
0.0
0.0
0.0
0.0
0.0
0.00023999999999999998
0.067923
0.15051499999999998
0.36535500000000004
0.32948700000000003
0.466706
0.492589
0.611863
0.570175
0.49768900000000005
0.36850299999999997
0.226148
0.097243
0.017436
0.0
0.0
0.0
0.0
0.0
0.0
0.0
0.0
0.0
0.0
0.0014810000000000001
0.064234
0.152803
0.259138
0.43823700000000004
0.46219099999999996
0.49185700000000004
0.437301
0.374824
0.232037
0.178528
0.161661
0.0874
0.017994
0.0
0.0
0.0
0.0
0.0
0.0
0.0
0.0
0.0
0.0
0.002384
0.038964
0.112491
0.112548
0.129795
0.230398
0.194643
0.284094
0.24221399999999998
0.216976
0.156857
0.131132
0.056942
0.013132999999999999
0.0
0.0
0.0
0.0
0.0
0.0
0.0
0.0
0.0
0.0
0.000616
0.042295
0.081467
0.14386600000000002
0.255184
0.17906899999999998
0.20999700000000002
0.429592
0.410257
0.21219200000000002
0.215468
0.098608
0.086363
0.017919
0.0
0.0
0.0
0.0
0.0
0.0
0.0
0.0
0.0
0.0
0.002848
0.055407
0.11127
0.337209
0.49031
0.612823
0.6094959999999999
0.61381
0.444095
0.386743
0.366703
0.162743
0.102162
0.018783
0.0
0.0
0.0
0.0
0.0
0.0
0.0
0.0
0.0
0.0
0.001998
0.059405
0.174853
0.222798
0.33490499999999995
0.528227
0.531432
0.640567
0.612269
0.5445420000000001
0.436012
0.262957
0.105102
0.02122
0.0
0.0
0.0
0.0
0.0
0.0
0.0
0.0
0.0
0.0
0.000566
0.07096599999999999
0.156513
0.20360599999999998
0.263385
0.412596
0.37387200000000004
0.468116
0.365968
0.39905900000000005
0.165829
0.118009
0.068099
0.019745000000000002
0.0
0.0
0.0
0.0
0.0
0.0
0.0
0.0
0.0
0.0
0.000614
0.039633
0.10192
0.24073
0.520905
0.604225
0.699781
0.669994
0.636038
0.5467569999999999
0.355117
0.273441
0.105125
0.018885000000000002
0.0
0.0
0.0
0.0
0.0
0.0
0.0
0.0
0.0
0.0
0.002357
0.071522
0.17408500000000002
0.31632
0.431721
0.535182
0.5377759999999999
0.5772200000000001
0.49315499999999995
0.422387
0.314272
0.199315
0.099301
0.021064
0.0
0.0
0.0
0.0
0.0
0.0
0.0
0.0
0.0
0.0
0.0023079999999999997
0.068728
0.186929
0.331612
0.49158999999999997
0.590788
0.638786
0.619254
0.6091799999999999
0.480093
0.315953
0.21609299999999998
0.099318
0.021797
0.0
0.0
0.0
0.0
0.0
0.0
0.0
0.0
0.0
0.0
0.003579
0.054393000000000004
0.167436
0.333398
0.25606799999999996
0.491807
0.408985
0.411534
0.347491
0.35037999999999997
0.200132
0.095529
0.053323
0.01598
0.0
0.0
0.0
0.0
0.0
0.0
0.0
0.0
0.0
0.0
0.001869
0.049612
0.09109
0.178156
0.36980799999999997
0.36374599999999996
0.356697
0.500094
0.5108360000000001
0.306063
0.351207
0.257778
0.08312
0.026175999999999998
0.0
0.0
0.0
0.0
0.0
0.0
0.0
0.0
0.0
0.0
0.000265
0.040408
0.084336
0.122613
0.20291499999999998
0.164687
0.227161
0.155091
0.192289
0.15410200000000002
0.135965
0.101475
0.05904
0.015041
0.0
0.0
0.0
0.0
0.0
0.0
0.0
0.0
0.0
0.0
0.000332
0.041628
0.09558799999999999
0.104512
0.22279
0.28434899999999996
0.34954399999999997
0.447415
0.46257299999999996
0.455699
0.381379
0.26643700000000003
0.10969
0.024518
0.0
0.0
0.0
0.0
0.0
0.0
0.0
0.0
0.0
0.0
0.002606
0.071195
0.181107
0.317052
0.43893099999999996
0.5524410000000001
0.612737
0.619374
0.584149
0.499959
0.38116
0.23905500000000002
0.10882
0.02423
0.0
0.0
0.0
0.0
0.0
0.0
0.0
0.0
0.0
0.0
0.0025960000000000002
0.067006
0.226524
0.388341
0.5422250000000001
0.604684
0.645393
0.651239
0.421148
0.493688
0.392457
0.26170800000000005
0.09479699999999999
0.023082000000000002
0.0
0.0
0.0
0.0
0.0
0.0
0.0
0.0
0.0
0.0
0.002873
0.060397
0.1361
0.270022
0.446578
0.590844
0.644846
0.609325
0.559427
0.534529
0.398144
0.244552
0.104854
0.025266999999999998
0.0
0.0
0.0
0.0
0.0
0.0
0.0
0.0
0.0
0.0
0.004436
0.06776
0.17321999999999999
0.348784
0.492426
0.610035
0.670808
0.675999
0.6023419999999999
0.47907299999999997
0.35712700000000003
0.192719
0.08935599999999999
0.023417
0.0
0.0
0.0
0.0
0.0
0.0
0.0
0.0
0.0
0.0
0.0018009999999999999
0.059188000000000004
0.132085
0.203826
0.2918
0.388414
0.397995
0.428907
0.284557
0.353219
0.275339
0.146293
0.088151
0.024049
0.0
0.0
0.0
0.0
0.0
0.0
0.0
0.0
0.0
0.0
0.0
0.035612000000000005
0.095051
0.14454599999999998
0.181816
0.269615
0.298213
0.219132
0.25311500000000003
0.29145499999999996
0.23777299999999998
0.124281
0.065386
0.020006
0.0
0.0
0.0
0.0
0.0
0.0
0.0
0.0
0.0
0.0
0.0
0.040718000000000004
0.072479
0.105569
0.132923
0.205877
0.22202000000000002
0.17370500000000003
0.20883600000000002
0.266765
0.11970900000000001
0.089725
0.05122
0.013416
0.0
0.0
0.0
0.0
0.0
0.0
0.0
0.0
0.0
0.0
0.000669
0.064082
0.15521700000000002
0.27192500000000003
0.225827
0.339826
0.359151
0.47313099999999997
0.408731
0.326357
0.250623
0.175785
0.09755
0.033801000000000005
0.0
0.0
0.0
0.0
0.0
0.0
0.0
0.0
0.0
0.0
0.0005949999999999999
0.057475
0.131238
0.244616
0.433534
0.360515
0.514851
0.319467
0.188658
0.30889999999999995
0.23977
0.158002
0.10126399999999999
0.025324000000000003
0.0
0.0
0.0
0.0
0.0
0.0
0.0
0.0
0.0
0.0
0.000575
0.043895
0.086441
0.19900299999999999
0.281254
0.301082
0.588937
0.690428
0.6376499999999999
0.488274
0.447666
0.20783600000000002
0.08373900000000001
0.025021
0.0
0.0
0.0
0.0
0.0
0.0
0.0
0.0
0.0
0.0
0.001823
0.051486
0.126054
0.285214
0.304274
0.321546
0.59953
0.530905
0.441804
0.35157
0.26683
0.124636
0.098908
0.028186
0.0
0.0
0.0
0.0
0.0
0.0
0.0
0.0
0.0
0.0
0.001823
0.060029000000000006
0.159957
0.334078
0.32992200000000005
0.344158
0.453884
0.5512809999999999
0.490238
0.327033
0.33425
0.16566399999999998
0.091548
0.03062
0.0
0.0
0.0
0.0
0.0
0.0
0.0
0.0
0.0
0.0
0.0017800000000000001
0.056014
0.19511699999999998
0.338112
0.305363
0.417317
0.398035
0.45007600000000003
0.364568
0.40402899999999997
0.338021
0.175351
0.08949
0.020759
0.0
0.0
0.0
0.0
0.0
0.0
0.0
0.0
0.0
0.0
0.001379
0.046402
0.10933899999999999
0.19964099999999999
0.34885000000000005
0.503394
0.5268630000000001
0.326229
0.28670100000000004
0.324121
0.26895600000000003
0.18672999999999998
0.084235
0.023761
0.0
0.0
0.0
0.0
0.0
0.0
0.0
0.0
0.0
0.0
0.001314
0.060881
0.14502199999999998
0.244445
0.31678300000000004
0.395899
0.370776
0.314241
0.37337200000000004
0.318259
0.32224200000000003
0.183252
0.117657
0.027046
0.0
0.0
0.0
0.0
0.0
0.0
0.0
0.0
0.0
0.0
0.000145
0.048728
0.152779
0.340366
0.360649
0.517832
0.648057
0.650899
0.519729
0.345344
0.420676
0.139892
0.092938
0.02562
0.0
0.0
0.0
0.0
0.0
0.0
0.0
0.0
0.0
0.0
0.001899
0.050451
0.12518200000000002
0.288594
0.367921
0.517823
0.684158
0.6675220000000001
0.6673579999999999
0.49822500000000003
0.447947
0.27607600000000004
0.118607
0.026779
0.0
0.0
0.0
0.0
0.0
0.0
0.0
0.0
0.0
0.0
0.0014299999999999998
0.058267000000000006
0.12480500000000001
0.315573
0.247592
0.182709
0.215171
0.332512
0.21593
0.296341
0.24085499999999999
0.218798
0.138216
0.042131
0.0
0.0
0.0
0.0
0.0
0.0
0.0
0.0
0.0
0.0
0.000118
0.036601999999999996
0.070172
0.164864
0.34912099999999996
0.374039
0.5879160000000001
0.458502
0.426979
0.480149
0.309191
0.275469
0.08361700000000001
0.035031999999999994
0.0
0.0
0.0
0.0
0.0
0.0
0.0
0.0
0.0
0.0
0.000977
0.057347999999999996
0.12739
0.19964400000000002
0.287713
0.39648500000000003
0.358928
0.418317
0.366427
0.199064
0.173731
0.159457
0.094376
0.027561
0.0
0.0
0.0
0.0
0.0
0.0
0.0
0.0
0.0
0.0
0.0
0.033573
0.053869999999999994
0.077597
0.093136
0.104738
0.21003200000000002
0.267095
0.391644
0.298927
0.212364
0.10094299999999999
0.051559
0.020047000000000002
0.0
0.0
0.0
0.0
0.0
0.0
0.0
0.0
0.0
0.0
0.0
0.035649
0.047061
0.06268
0.12909
0.20268799999999998
0.428582
0.278114
0.344385
0.31822500000000004
0.189554
0.16228299999999998
0.081057
0.034194
0.0
0.0
0.0
0.0
0.0
0.0
0.0
0.0
0.0
0.0
0.0009180000000000001
0.057139
0.197375
0.315052
0.462032
0.5427770000000001
0.5704049999999999
0.579311
0.5614239999999999
0.504492
0.32506
0.25724400000000003
0.11075499999999999
0.036171999999999996
0.0
0.0
0.0
0.0
0.0
0.0
0.0
0.0
0.0
0.0
0.00047799999999999996
0.056767000000000005
0.17863300000000001
0.352888
0.471382
0.572526
0.60073
0.644141
0.606838
0.536393
0.32749
0.17647100000000002
0.10770300000000001
0.027926
0.0
0.0
0.0
0.0
0.0
0.0
0.0
0.0
0.0
0.0
0.001333
0.049659999999999996
0.179267
0.351929
0.43979399999999996
0.5765
0.35493
0.35828699999999997
0.6254850000000001
0.452733
0.34036099999999997
0.234039
0.08312699999999999
0.031170000000000003
0.0
0.0
0.0
0.0
0.0
0.0
0.0
0.0
0.0
0.0
0.00054
0.077584
0.168284
0.366557
0.509564
0.601341
0.514809
0.6257039999999999
0.6013160000000001
0.577977
0.44421
0.30143200000000003
0.087605
0.023657
0.0
0.0
0.0
0.0
0.0
0.0
0.0
0.0
0.0
0.0
0.001349
0.050986
0.183011
0.331708
0.494736
0.24673599999999998
0.512386
0.428121
0.304259
0.255535
0.262806
0.145268
0.056495
0.021645
0.0
0.0
0.0
0.0
0.0
0.0
0.0
0.0
0.0
0.0
8.400000000000001e-05
0.041314000000000003
0.114839
0.184728
0.386996
0.318386
0.353153
0.170922
0.132479
0.315193
0.211272
0.13813
0.08598900000000001
0.018811
0.0
0.0
0.0
0.0
0.0
0.0
0.0
0.0
0.0
0.0
0.0
0.050397
0.110016
0.198063
0.315601
0.437771
0.472082
0.365754
0.490533
0.487193
0.2635
0.197586
0.09781999999999999
0.027164999999999998
0.0
0.0
0.0
0.0
0.0
0.0
0.0
0.0
0.0
0.0
8.400000000000001e-05
0.048780000000000004
0.116343
0.272843
0.44497899999999996
0.551442
0.45574000000000003
0.40069499999999997
0.290948
0.33073
0.342874
0.23883600000000002
0.103733
0.026678999999999998
0.0
0.0
0.0
0.0
0.0
0.0
0.0
0.0
0.0
0.0
0.0
0.050173
0.167951
0.16707
0.351928
0.28762
0.46574
0.564295
0.491779
0.40789800000000004
0.321258
0.16395300000000002
0.10914499999999999
0.026602
0.0
0.0
0.0
0.0
0.0
0.0
0.0
0.0
0.0
0.0
0.0
0.053822
0.137725
0.312415
0.41130099999999997
0.468326
0.518513
0.609873
0.460955
0.453367
0.299106
0.197876
0.099304
0.030712
0.0
0.0
0.0
0.0
0.0
0.0
0.0
0.0
0.0
0.0
0.0
0.058921999999999995
0.092152
0.232491
0.437366
0.32997899999999997
0.556797
0.562407
0.650102
0.47644099999999995
0.367125
0.247219
0.124344
0.025164000000000002
0.0
0.0
0.0
0.0
0.0
0.0
0.0
0.0
0.0
0.0
0.0
0.048635
0.188729
0.17381
0.216766
0.443067
0.413866
0.341736
0.238042
0.250205
0.155059
0.104693
0.064163
0.020545
0.0
0.0
0.0
0.0
0.0
0.0
0.0
0.0
0.0
0.0
0.0
0.037783000000000004
0.080333
0.126301
0.13263
0.14472
0.176976
0.34998700000000005
0.16703
0.27772399999999997
0.262534
0.179254
0.09041800000000001
0.026871
0.0
0.0
0.0
0.0
0.0
0.0
0.0
0.0
0.0
0.0
0.0
0.050999
0.12531399999999998
0.22379400000000002
0.32221
0.40013600000000005
0.43892000000000003
0.37742899999999996
0.450832
0.326672
0.228203
0.176017
0.10656600000000001
0.027378
0.0
0.0
0.0
0.0
0.0
0.0
0.0
0.0
0.0
0.0
0.0
0.04657
0.110321
0.27937
0.459572
0.615733
0.527263
0.535769
0.40389800000000003
0.488087
0.413543
0.233073
0.085976
0.024954999999999998
0.0
0.0
0.0
0.0
0.0
0.0
0.0
0.0
0.0
0.0
0.0
0.04707
0.17929
0.364921
0.38357100000000005
0.478456
0.6463479999999999
0.70489
0.6445489999999999
0.590229
0.363272
0.27516199999999996
0.122931
0.025785
0.0
0.0
0.0
0.0
0.0
0.0
0.0
0.0
0.0
0.0
0.0
0.049421
0.196482
0.30619999999999997
0.39239100000000005
0.566507
0.550664
0.647815
0.530489
0.47539
0.24410400000000002
0.277473
0.10510299999999999
0.032192
0.0
0.0
0.0
0.0
0.0
0.0
0.0
0.0
0.0
0.0
0.0
0.051628
0.17589
0.20696
0.308829
0.364132
0.35106099999999996
0.46988
0.33478399999999997
0.331156
0.302484
0.216965
0.09501699999999999
0.033905000000000005
0.0
0.0
0.0
0.0
0.0
0.0
0.0
0.0
0.0
0.0
0.0
0.049462000000000006
0.19136799999999998
0.333621
0.435563
0.6091319999999999
0.43214400000000003
0.51781
0.476806
0.341086
0.205984
0.193696
0.081608
0.025428
0.0
0.0
0.0
0.0
0.0
0.0
0.0
0.0
0.0
0.0
0.0
0.050982999999999994
0.154067
0.261654
0.44005500000000003
0.540755
0.614897
0.583271
0.544661
0.389716
0.373539
0.244053
0.104698
0.025665
0.0
0.0
0.0
0.0
0.0
0.0
0.0
0.0
0.0
0.0
0.0
0.048521
0.16580099999999998
0.339654
0.486666
0.598314
0.663098
0.646861
0.621807
0.544122
0.39204500000000003
0.235539
0.098805
0.024946000000000003
0.0
0.0
0.0
0.0
0.0
0.0
0.0
0.0
0.0
0.0
0.0
0.045113999999999994
0.182634
0.36225999999999997
0.431586
0.5937960000000001
0.647192
0.6258819999999999
0.609622
0.5480109999999999
0.427091
0.278762
0.126066
0.021992
0.0
0.0
0.0
0.0
0.0
0.0
0.0
0.0
0.0
0.0
0.0
0.048426000000000004
0.159851
0.326978
0.472928
0.558551
0.625015
0.645765
0.617111
0.47874
0.420379
0.243559
0.107772
0.024662
0.0
0.0
0.0
0.0
0.0
0.0
0.0
0.0
0.0
0.0
0.0
0.045516
0.17925
0.350303
0.46478699999999995
0.5924729999999999
0.653707
0.671581
0.6378980000000001
0.519644
0.44978500000000005
0.174746
0.122436
0.022869
0.0
0.0
0.0
0.0
0.0
0.0
0.0
0.0
0.0
0.0
0.0
0.050409999999999996
0.145363
0.27232100000000004
0.459931
0.5513049999999999
0.622371
0.647573
0.595801
0.494887
0.39239999999999997
0.249219
0.108879
0.023156
0.0
0.0
0.0
0.0
0.0
0.0
0.0
0.0
0.0
0.0
0.0
0.052249000000000004
0.186379
0.28446499999999997
0.428584
0.5360389999999999
0.565962
0.340608
0.578862
0.5180589999999999
0.35037999999999997
0.218237
0.11384
0.024690999999999998
0.0
0.0
0.0
0.0
0.0
0.0
0.0
0.0
0.0
0.0
0.0
0.047240000000000004
0.156995
0.315376
0.459497
0.571378
0.625835
0.6435259999999999
0.56049
0.5181520000000001
0.323859
0.229536
0.10395399999999999
0.0225
0.0
0.0
0.0
0.0
0.0
0.0
0.0
0.0
0.0
0.0
0.0
0.044046
0.113555
0.180638
0.22376
0.26740600000000003
0.434589
0.534242
0.19593100000000002
0.38220299999999996
0.40992399999999996
0.25826299999999996
0.106979
0.027497
0.0
0.0
0.0
0.0
0.0
0.0
0.0
0.0
0.0
0.0
0.0
0.034511
0.097829
0.205822
0.17903
0.239671
0.313828
0.404605
0.358414
0.47143799999999997
0.39571300000000004
0.203862
0.10448
0.024776
0.0
0.0
0.0
0.0
0.0
0.0
0.0
0.0
0.0
0.0
0.0
0.044152000000000004
0.119092
0.217455
0.27024400000000004
0.403705
0.457345
0.331502
0.391998
0.474646
0.309331
0.203517
0.100127
0.021889
0.0
0.0
0.0
0.0
0.0
0.0
0.0
0.0
0.0
0.0
0.0
0.054049
0.12679
0.206478
0.366019
0.39760399999999996
0.480616
0.380547
0.5903039999999999
0.369836
0.288841
0.172883
0.090413
0.019472
0.0
0.0
0.0
0.0
0.0
0.0
0.0
0.0
0.0
0.0
0.0
0.043014000000000004
0.183735
0.360029
0.495587
0.611105
0.613557
0.6292920000000001
0.537136
0.461236
0.43316899999999997
0.282978
0.10946299999999999
0.018608
0.0
0.0
0.0
0.0
0.0
0.0
0.0
0.0
0.0
0.0
0.0
0.039647
0.141077
0.346343
0.38529199999999997
0.574144
0.614447
0.547391
0.483545
0.286225
0.33287599999999995
0.206416
0.08698600000000001
0.017109000000000003
0.0
0.0
0.0
0.0
0.0
0.0
0.0
0.0
0.0
0.0
0.0
0.041064
0.168001
0.326895
0.465794
0.5452400000000001
0.553308
0.577449
0.514839
0.346983
0.275433
0.23451499999999997
0.08331100000000001
0.017177
0.0
0.0
0.0
0.0
0.0
0.0
0.0
0.0
0.0
0.0
0.0
0.046202
0.16752
0.222005
0.315904
0.37466000000000005
0.477108
0.41824700000000004
0.402989
0.40016399999999996
0.137084
0.14091599999999999
0.05076
0.014695999999999999
0.0
0.0
0.0
0.0
0.0
0.0
0.0
0.0
0.0
0.0
0.0
0.042068
0.10990699999999999
0.197883
0.374574
0.32493
0.394186
0.429202
0.481607
0.314535
0.212571
0.123921
0.067459
0.013116
0.0
0.0
0.0
0.0
0.0
0.0
0.0
0.0
0.0
0.0
0.0
0.040562
0.089582
0.190719
0.320952
0.364979
0.483653
0.47444400000000003
0.44983300000000004
0.30862599999999996
0.268718
0.176361
0.08720699999999999
0.016429
0.0
0.0
0.0
0.0
0.0
0.0
0.0
0.0
0.0
0.0
0.0
0.032962000000000005
0.08196500000000001
0.212754
0.284225
0.37039999999999995
0.36866699999999997
0.55759
0.39746800000000004
0.518049
0.398844
0.22651400000000002
0.11701099999999999
0.013795
0.0
0.0
0.0
0.0
0.0
0.0
0.0
0.0
0.0
0.0
0.0
0.04284
0.15024
0.294493
0.385867
0.529154
0.5027389999999999
0.532806
0.480836
0.456494
0.311056
0.18229800000000002
0.09288500000000001
0.015275
0.0
0.0
0.0
0.0
0.0
0.0
0.0
0.0
0.0
0.0
0.0
0.039123
0.103132
0.131162
0.198615
0.37059800000000004
0.5105149999999999
0.53713
0.44979399999999997
0.565735
0.381213
0.272715
0.064305
0.014843
0.0
0.0
0.0
0.0
0.0
0.0
0.0
0.0
0.0
0.0
0.0
0.034091
0.19012600000000002
0.39802
0.512648
0.526555
0.59638
0.712364
0.626553
0.544929
0.42248
0.27076100000000003
0.125213
0.012443
0.0
0.0
0.0
0.0
0.0
0.0
0.0
0.0
0.0
0.0
0.0
0.036734
0.188583
0.36973700000000004
0.447338
0.603379
0.6715420000000001
0.681373
0.606478
0.47309199999999996
0.39794999999999997
0.27366
0.103791
0.015806
0.0
0.0
0.0
0.0
0.0
0.0
0.0
0.0
0.0
0.0
0.0
0.039479
0.142691
0.2953
0.428114
0.47412099999999996
0.58988
0.585006
0.5120370000000001
0.456707
0.30463
0.20552099999999998
0.09323300000000001
0.01331
0.0
0.0
0.0
0.0
0.0
0.0
0.0
0.0
0.0
0.0
0.0
0.035855
0.13419499999999998
0.28656099999999995
0.396806
0.57569
0.425062
0.403276
0.156985
0.505018
0.39980200000000005
0.25676499999999997
0.103756
0.011942999999999999
0.0
0.0
0.0
0.0
0.0
0.0
0.0
0.0
0.0
0.0
0.0
0.034023000000000005
0.110969
0.25814800000000004
0.16079
0.347454
0.323232
0.401875
0.43361099999999997
0.466215
0.290566
0.16203499999999998
0.065564
0.010702999999999999
0.0
0.0
0.0
0.0
0.0
0.0
0.0
0.0
0.0
0.0
0.0
0.018973
0.036935
0.301736
0.4746
0.584416
0.545045
0.480601
0.20168
0.156899
0.18057800000000002
0.095771
0.033467
0.010711
0.0
0.0
0.0
0.0
0.0
0.0
0.0
0.0
0.0
0.0
0.0
0.04265
0.10897899999999999
0.22380799999999998
0.225692
0.368233
0.495755
0.302742
0.40642
0.32038099999999997
0.237982
0.10357599999999999
0.055125
0.006695
0.0
0.0
0.0
0.0
0.0
0.0
0.0
0.0
0.0
0.0
0.0
0.042463
0.16806000000000001
0.328132
0.406745
0.625205
0.5012
0.501506
0.445503
0.32703
0.205431
0.160502
0.103972
0.008852
0.0
0.0
0.0
0.0
0.0
0.0
0.0
0.0
0.0
0.0
0.0
0.035785
0.111119
0.2746
0.47028
0.530419
0.5498719999999999
0.618225
0.521248
0.45258699999999996
0.306385
0.151484
0.10742700000000001
0.008432
0.0
0.0
0.0
0.0
0.0
0.0
0.0
0.0
0.0
0.0
0.0
0.027023
0.050637
0.18840600000000002
0.38553699999999996
0.455418
0.32884500000000005
0.40578
0.389381
0.31642200000000004
0.231363
0.276807
0.060174
0.0062510000000000005
0.0
0.0
0.0
0.0
0.0
0.0
0.0
0.0
0.0
0.0
0.0
0.035598
0.127282
0.268553
0.43258800000000003
0.405264
0.632755
0.569216
0.630642
0.399748
0.385849
0.22475299999999998
0.081543
0.006881
0.0
0.0
0.0
0.0
0.0
0.0
0.0
0.0
0.0
0.0
0.0
0.029696
0.0674
0.20117
0.353635
0.304573
0.244006
0.221052
0.412315
0.161478
0.173102
0.056962000000000006
0.032841
0.002847
0.0
0.0
0.0
0.0
0.0
0.0
0.0
0.0
0.0
0.0
0.0
0.020741
0.061915
0.10087099999999999
0.123913
0.167743
0.19631800000000002
0.25505
0.134541
0.163977
0.096732
0.108194
0.058137
0.002451
0.0
0.0
0.0
0.0
0.0
0.0
0.0
0.0
0.0
0.0
0.0
0.035356
0.136295
0.283846
0.376287
0.559082
0.612483
0.6443110000000001
0.6009690000000001
0.503032
0.316738
0.192629
0.076462
0.0071909999999999995
0.0
0.0
0.0
0.0
0.0
0.0
0.0
0.0
0.0
0.0
0.0
0.030471
0.091641
0.281298
0.387188
0.599616
0.6751029999999999
0.696021
0.6393289999999999
0.5015299999999999
0.301516
0.066665
0.036513
0.002383
0.0
0.0
0.0
0.0
0.0
0.0
0.0
0.0
0.0
0.0
0.0
0.03191
0.18628899999999998
0.372303
0.32520499999999997
0.598601
0.593081
0.437849
0.538138
0.44575400000000004
0.388494
0.215974
0.102912
0.00231
0.0
0.0
0.0
0.0
0.0
0.0
0.0
0.0
0.0
0.0
0.0
0.033663
0.15757
0.338188
0.49452300000000005
0.605246
0.6377039999999999
0.610413
0.582409
0.459698
0.40045299999999995
0.15524000000000002
0.103837
0.002166
0.0
0.0
0.0
0.0
0.0
0.0
0.0
0.0
0.0
0.0
0.0
0.032533
0.194351
0.39778600000000003
0.5347179999999999
0.582419
0.6554690000000001
0.6564500000000001
0.663667
0.562639
0.44832799999999995
0.28541300000000003
0.09728
0.003303
0.0
0.0
0.0
0.0
0.0
0.0
0.0
0.0
0.0
0.0
0.0
0.034978
0.182571
0.370809
0.519942
0.6189669999999999
0.574557
0.667651
0.486317
0.5512809999999999
0.40554
0.208044
0.061103000000000005
0.001341
0.0
0.0
0.0
0.0
0.0
0.0
0.0
0.0
0.0
0.0
0.0
0.030414
0.16505799999999998
0.36210000000000003
0.504527
0.616216
0.626064
0.6227820000000001
0.521582
0.5252190000000001
0.354483
0.15474100000000002
0.058095
0.0013260000000000001
0.0
0.0
0.0
0.0
0.0
0.0
0.0
0.0
0.0
0.0
0.0
0.030489000000000002
0.148175
0.324195
0.43770600000000004
0.517356
0.627404
0.628433
0.572838
0.474525
0.38500999999999996
0.201337
0.073026
0.000841
0.0
0.0
0.0
0.0
0.0
0.0
0.0
0.0
0.0
0.0
0.0
0.030835
0.147945
0.350952
0.41125799999999996
0.560164
0.394945
0.5540729999999999
0.5925
0.409724
0.37167700000000004
0.229991
0.06661
0.000408
0.0
0.0
0.0
0.0
0.0
0.0
0.0
0.0
0.0
0.0
0.0
0.031007
0.184788
0.37000299999999997
0.527222
0.555688
0.7326889999999999
0.689255
0.6100789999999999
0.547723
0.396172
0.252381
0.077188
0.000434
0.0
0.0
0.0
0.0
0.0
0.0
0.0
0.0
0.0
0.0
0.0
0.032222
0.189665
0.395511
0.553192
0.641211
0.7420119999999999
0.506492
0.388301
0.428451
0.331038
0.249479
0.07425799999999999
0.0
0.0
0.0
0.0
0.0
0.0
0.0
0.0
0.0
0.0
0.0
0.0
0.026300999999999998
0.11827299999999999
0.360076
0.398901
0.614229
0.664748
0.6326219999999999
0.542939
0.534045
0.370134
0.166219
0.046984000000000005
0.0
0.0
0.0
0.0
0.0
0.0
0.0
0.0
0.0
0.0
0.0
0.0
0.029176999999999998
0.166055
0.32061399999999995
0.5027579999999999
0.606863
0.61297
0.668264
0.5587960000000001
0.370185
0.261593
0.168629
0.055121
0.0
0.0
0.0
0.0
0.0
0.0
0.0
0.0
0.0
0.0
0.0
0.0
0.0295
0.18393600000000002
0.37416699999999997
0.547929
0.636415
0.6695220000000001
0.5216770000000001
0.6458630000000001
0.527477
0.314545
0.13136799999999998
0.059638
0.0
0.0
0.0
0.0
0.0
0.0
0.0
0.0
0.0
0.0
0.0
0.0
0.028977
0.20149199999999998
0.392604
0.552194
0.639794
0.671859
0.6751889999999999
0.5878329999999999
0.557163
0.339671
0.242969
0.050569
0.0
0.0
0.0
0.0
0.0
0.0
0.0
0.0
0.0
0.0
0.0
0.0
0.026867000000000002
0.1443
0.301176
0.41437599999999997
0.565079
0.549061
0.5497920000000001
0.39844999999999997
0.436853
0.368593
0.20153200000000002
0.060882
0.0
0.0
0.0
0.0
0.0
0.0
0.0
0.0
0.0
0.0
0.0
0.0
0.027577
0.187145
0.376849
0.5376920000000001
0.597424
0.748366
0.619282
0.522208
0.514412
0.400718
0.220475
0.064306
0.0
0.0
0.0
0.0
0.0
0.0
0.0
0.0
0.0
0.0
0.0
0.0
0.018255
0.062526
0.116477
0.125491
0.307671
0.33117
0.32241699999999995
0.200129
0.149625
0.13256700000000002
0.075184
0.035739
0.0
0.0
0.0
0.0
0.0
0.0
0.0
0.0
0.0
0.0
0.0
0.0
0.022396999999999997
0.074702
0.120392
0.124273
0.372074
0.129172
0.214791
0.15118
0.28895800000000005
0.182749
0.07809300000000001
0.030411999999999998
0.0
0.0
0.0
0.0
0.0
0.0
0.0
0.0
0.0
0.0
0.0
0.0
0.016078
0.043861
0.099823
0.14907800000000002
0.12613
0.205848
0.336657
0.283577
0.08167
0.251461
0.12579300000000002
0.027409
0.0
0.0
0.0
0.0
0.0
0.0
0.0
0.0
0.0
0.0
0.0
0.0
0.025026
0.127853
0.30713799999999997
0.367591
0.28581
0.578115
0.315519
0.369895
0.310557
0.186178
0.091992
0.036947
0.0
0.0
0.0
0.0
0.0
0.0
0.0
0.0
0.0
0.0
0.0
0.0
0.025868
0.158399
0.35305000000000003
0.5201570000000001
0.630007
0.718321
0.7488400000000001
0.63719
0.5294070000000001
0.416843
0.21621
0.05159300000000001
0.0
0.0
0.0
0.0
0.0
0.0
0.0
0.0
0.0
0.0
0.0
0.0
0.024751000000000002
0.14594
0.338524
0.519578
0.620404
0.6013419999999999
0.633966
0.5589270000000001
0.389075
0.36129700000000003
0.19790100000000002
0.052554000000000003
0.0
0.0
0.0
0.0
0.0
0.0
0.0
0.0
0.0
0.0
0.0
0.0
0.026852
0.199737
0.39531
0.54413
0.617533
0.659251
0.70554
0.708654
0.5907870000000001
0.43503800000000004
0.226677
0.060481
0.0
0.0
0.0
0.0
0.0
0.0
0.0
0.0
0.0
0.0
0.0
0.0
0.029373
0.206444
0.397971
0.553308
0.634522
0.665304
0.677115
0.651119
0.556807
0.447488
0.261113
0.055281
0.0
0.0
0.0
0.0
0.0
0.0
0.0
0.0
0.0
0.0
0.0
0.0
0.019469999999999998
0.119889
0.252853
0.49755
0.63586
0.667704
0.640786
0.575661
0.423663
0.326235
0.184112
0.040386000000000005
0.0
0.0
0.0
0.0
0.0
0.0
0.0
0.0
0.0
0.0
0.0
0.0
0.022161
0.12428700000000001
0.30627499999999996
0.38676499999999997
0.515222
0.405117
0.601515
0.346014
0.40973200000000004
0.274158
0.172726
0.038026000000000004
0.0
0.0
0.0
0.0
0.0
0.0
0.0
0.0
0.0
0.0
0.0
0.0
0.014447
0.043444
0.114058
0.138181
0.181429
0.373773
0.165603
0.19237700000000002
0.21149600000000002
0.13974799999999998
0.08643
0.021998999999999998
0.0
0.0
0.0
0.0
0.0
0.0
0.0
0.0
0.0
0.0
0.0
0.0
0.014289
0.050827
0.125122
0.215836
0.197449
0.350945
0.554132
0.494554
0.500871
0.337548
0.127111
0.038353
0.0
0.0
0.0
0.0
0.0
0.0
0.0
0.0
0.0
0.0
0.0
0.0
0.020282
0.14669100000000002
0.31750900000000004
0.17506
0.371258
0.71404
0.580216
0.6755399999999999
0.461461
0.250425
0.115675
0.023914
0.0
0.0
0.0
0.0
0.0
0.0
0.0
0.0
0.0
0.0
0.0
0.0
0.019111999999999997
0.087164
0.223309
0.393455
0.48452
0.350754
0.568397
0.315193
0.361422
0.125081
0.106235
0.021959
0.0
0.0
0.0
0.0
0.0
0.0
0.0
0.0
0.0
0.0
0.0
0.0
0.017203
0.194542
0.250613
0.467677
0.363577
0.474452
0.438996
0.522346
0.348457
0.253922
0.176821
0.026276
0.0
0.0
0.0
0.0
0.0
0.0
0.0
0.0
0.0
0.0
0.0
0.0
0.009899
0.055835
0.146131
0.19874
0.290029
0.498165
0.431661
0.6098089999999999
0.362288
0.321419
0.13274100000000003
0.021006
0.0
0.0
0.0
0.0
0.0
0.0
0.0
0.0
0.0
0.0
0.0
0.0
0.011669
0.033612
0.050908
0.13996
0.08868999999999999
0.264816
0.11432200000000001
0.17350100000000002
0.15025899999999998
0.160927
0.047819
0.017446000000000003
0.0
0.0
0.0
0.0
0.0
0.0
0.0
0.0
0.0
0.0
0.0
0.0
0.013233
0.036742
0.09842100000000001
0.093874
0.274488
0.19286699999999998
0.260073
0.375741
0.314407
0.204793
0.107597
0.016420999999999998
0.0
0.0
0.0
0.0
0.0
0.0
0.0
0.0
0.0
0.0
0.0
0.0
0.017487
0.06303
0.154165
0.33554500000000004
0.562447
0.422587
0.283979
0.33501
0.199353
0.160021
0.104142
0.027694
0.0
0.0
0.0
0.0
0.0
0.0
0.0
0.0
0.0
0.0
0.0
0.0
0.011612
0.066315
0.129999
0.149786
0.157391
0.43594700000000003
0.311238
0.37467700000000004
0.356055
0.147092
0.13715799999999997
0.025775
0.0
0.0
0.0
0.0
0.0
0.0
0.0
0.0
0.0
0.0
0.0
0.0
0.016825
0.061817
0.204796
0.537258
0.656196
0.740242
0.6945589999999999
0.6587970000000001
0.47298399999999996
0.292203
0.11801099999999999
0.027829999999999997
0.0
0.0
0.0
0.0
0.0
0.0
0.0
0.0
0.0
0.0
0.0
0.0
0.016687999999999998
0.123357
0.329322
0.222266
0.454177
0.450445
0.476125
0.561781
0.44712799999999997
0.213415
0.108014
0.027651
0.0
0.0
0.0
0.0
0.0
0.0
0.0
0.0
0.0
0.0
0.0
0.0
0.008221000000000001
0.072625
0.12801099999999999
0.259398
0.423591
0.405426
0.352668
0.20508
0.209635
0.080138
0.079516
0.012199
0.0
0.0
0.0
0.0
0.0
0.0
0.0
0.0
0.0
0.0
0.0
0.0
0.009243
0.033896
0.180947
0.24279599999999998
0.330427
0.31971
0.40892700000000004
0.402049
0.336731
0.174775
0.10945300000000001
0.01776
0.0
0.0
0.0
0.0
0.0
0.0
0.0
0.0
0.0
0.0
0.0
0.0
0.009224
0.027604
0.22101400000000002
0.211921
0.30131
0.541121
0.755451
0.642265
0.493816
0.360344
0.100518
0.013078
0.0
0.0
0.0
0.0
0.0
0.0
0.0
0.0
0.0
0.0
0.0
0.0
0.012781
0.129542
0.318741
0.327279
0.517668
0.72046
0.7108819999999999
0.6462680000000001
0.549276
0.319385
0.080027
0.015239
0.0
0.0
0.0
0.0
0.0
0.0
0.0
0.0
0.0
0.0
0.0
0.0
0.007171
0.050368
0.108954
0.24646
0.480541
0.40989800000000004
0.281689
0.074497
0.13619
0.197386
0.029632000000000002
0.006607
0.0
0.0
0.0
0.0
0.0
0.0
0.0
0.0
0.0
0.0
0.0
0.0
0.004234
0.058842
0.066478
0.12742799999999999
0.10753
0.146838
0.28106200000000003
0.179121
0.190339
0.16522399999999998
0.052906999999999996
0.015321999999999999
0.0
0.0
0.0
0.0
0.0
0.0
0.0
0.0
0.0
0.0
0.0
0.0
0.011888999999999999
0.152711
0.355404
0.492225
0.619916
0.683294
0.733697
0.601778
0.481517
0.356493
0.163427
0.016039
0.0
0.0
0.0
0.0
0.0
0.0
0.0
0.0
0.0
0.0
0.0
0.0
0.01638
0.059463
0.157742
0.320067
0.45328500000000005
0.578506
0.592825
0.6537609999999999
0.5173540000000001
0.41021199999999997
0.209251
0.021977
0.0
0.0
0.0
0.0
0.0
0.0
0.0
0.0
0.0
0.0
0.0
0.0
0.011774
0.133512
0.31602800000000003
0.512761
0.6350399999999999
0.692371
0.671342
0.579857
0.498632
0.330323
0.137287
0.012471999999999999
0.0
0.0
0.0
0.0
0.0
0.0
0.0
0.0
0.0
0.0
0.0
0.0
0.013255000000000001
0.167377
0.371379
0.54088
0.6612530000000001
0.687166
0.66072
0.578539
0.490077
0.35356099999999996
0.150195
0.012512
0.0
0.0
0.0
0.0
0.0
0.0
0.0
0.0
0.0
0.0
0.0
0.0
0.00949
0.124646
0.30250299999999997
0.445828
0.345041
0.497048
0.545625
0.23904
0.329133
0.179953
0.08402599999999999
0.009557
0.0
0.0
0.0
0.0
0.0
0.0
0.0
0.0
0.0
0.0
0.0
0.0
0.009293
0.09879500000000001
0.210211
0.507965
0.685979
0.7166710000000001
0.714483
0.598858
0.5381269999999999
0.283488
0.055817
0.01102
0.0
0.0
0.0
0.0
0.0
0.0
0.0
0.0
0.0
0.0
0.0
0.0
0.010565
0.090904
0.13043000000000002
0.209685
0.405074
0.347099
0.400366
0.53423
0.492896
0.274181
0.131026
0.008801999999999999
0.0
0.0
0.0
0.0
0.0
0.0
0.0
0.0
0.0
0.0
0.0
0.0
0.014948000000000001
0.200834
0.421334
0.573568
0.6489170000000001
0.680261
0.661865
0.644223
0.545905
0.397737
0.190355
0.014277
0.0
0.0
0.0
0.0
0.0
0.0
0.0
0.0
0.0
0.0
0.0
0.0
0.011231
0.18803999999999998
0.38261399999999995
0.5339020000000001
0.650173
0.669633
0.659025
0.5887169999999999
0.47583
0.36996300000000004
0.17075800000000002
0.009785
0.0
0.0
0.0
0.0
0.0
0.0
0.0
0.0
0.0
0.0
0.0
0.0
0.015914
0.198552
0.420372
0.557414
0.6846570000000001
0.670964
0.5963010000000001
0.6202150000000001
0.531278
0.34155
0.175466
0.011330999999999999
0.0
0.0
0.0
0.0
0.0
0.0
0.0
0.0
0.0
0.0
0.0
0.0
0.005607999999999999
0.039039000000000004
0.067995
0.217067
0.199823
0.316952
0.499187
0.444578
0.318542
0.168936
0.063661
0.003274
0.0
0.0
0.0
0.0
0.0
0.0
0.0
0.0
0.0
0.0
0.0
0.0
0.003588
0.049616
0.185337
0.29553500000000005
0.417417
0.323973
0.19667400000000002
0.29201
0.233762
0.23843
0.076784
0.002286
0.0
0.0
0.0
0.0
0.0
0.0
0.0
0.0
0.0
0.0
0.0
0.0
0.004947
0.08639100000000001
0.230821
0.525891
0.6542140000000001
0.6852720000000001
0.72215
0.615377
0.511084
0.371259
0.16619499999999998
0.005443
0.0
0.0
0.0
0.0
0.0
0.0
0.0
0.0
0.0
0.0
0.0
0.0
0.006881
0.162826
0.37966
0.547756
0.6539729999999999
0.7087960000000001
0.70478
0.6265470000000001
0.533651
0.35090899999999997
0.147238
0.004094
0.0
0.0
0.0
0.0
0.0
0.0
0.0
0.0
0.0
0.0
0.0
0.0
0.004647
0.142009
0.33799599999999996
0.5200199999999999
0.622942
0.693079
0.696668
0.6152880000000001
0.509697
0.330943
0.124582
0.0022080000000000003
0.0
0.0
0.0
0.0
0.0
0.0
0.0
0.0
0.0
0.0
0.0
0.0
0.004945000000000001
0.072223
0.243624
0.469857
0.613816
0.661398
0.649868
0.6155109999999999
0.488796
0.257869
0.079178
0.001428
0.0
0.0
0.0
0.0
0.0
0.0
0.0
0.0
0.0
0.0
0.0
0.0
0.0043360000000000004
0.050209000000000004
0.139733
0.370662
0.465051
0.541785
0.38211
0.368848
0.29120999999999997
0.120152
0.080691
0.0011279999999999999
0.0
0.0
0.0
0.0
0.0
0.0
0.0
0.0
0.0
0.0
0.0
0.0
0.003913
0.026816
0.10813800000000001
0.132228
0.123592
0.132363
0.121075
0.084927
0.09478
0.080542
0.041698
0.0
0.0
0.0
0.0
0.0
0.0
0.0
0.0
0.0
0.0
0.0
0.0
0.0
0.00115
0.04549
0.082358
0.160445
0.128075
0.309197
0.148562
0.15458000000000002
0.206965
0.15943100000000002
0.11482899999999999
0.00020899999999999998
0.0
0.0
0.0
0.0
0.0
0.0
0.0
0.0
0.0
0.0
0.0
0.0
0.006686
0.048299999999999996
0.244455
0.42452999999999996
0.5537569999999999
0.496265
0.48728
0.477039
0.38779399999999997
0.20175800000000002
0.037670999999999996
1.7999999999999997e-05
0.0
0.0
0.0
0.0
0.0
0.0
0.0
0.0
0.0
0.0
0.0
0.0
0.001414
0.03604
0.098676
0.24638300000000002
0.191918
0.23215100000000002
0.27227300000000004
0.091999
0.09734999999999999
0.163082
0.022872
0.0
0.0
0.0
0.0
0.0
0.0
0.0
0.0
0.0
0.0
0.0
0.0
0.0
0.0
0.031565
0.155755
0.17644900000000002
0.162054
0.080122
0.15228299999999997
0.272995
0.19129
0.075767
0.07734300000000001
0.0
0.0
0.0
0.0
0.0
0.0
0.0
0.0
0.0
0.0
0.0
0.0
0.0
0.000398
0.0474
0.057537
0.22053399999999998
0.129638
0.183729
0.207204
0.186357
0.14121899999999998
0.072992
0.03591
0.0
0.0
0.0
0.0
0.0
0.0
0.0
0.0
0.0
0.0
0.0
0.0
0.0
0.001462
0.069868
0.188501
0.317576
0.36304899999999996
0.324981
0.470361
0.41247500000000004
0.21377600000000002
0.16995
0.045704
0.000902
0.0
0.0
0.0
0.0
0.0
0.0
0.0
0.0
0.0
0.0
0.0
0.0
0.001459
0.062339
0.19805899999999999
0.320679
0.243709
0.359178
0.319906
0.37997699999999995
0.326639
0.189632
0.117759
0.0
0.0
0.0
0.0
0.0
0.0
0.0
0.0
0.0
0.0
0.0
0.0
0.0
0.001406
0.11138200000000001
0.312054
0.495219
0.618214
0.682662
0.646671
0.601564
0.472498
0.28354199999999996
0.08995099999999999
0.0
0.0
0.0
0.0
0.0
0.0
0.0
0.0
0.0
0.0
0.0
0.0
0.0
0.000953
0.118166
0.324514
0.501419
0.624366
0.6870689999999999
0.678618
0.614476
0.483584
0.300696
0.095331
0.0
0.0
0.0
0.0
0.0
0.0
0.0
0.0
0.0
0.0
0.0
0.0
0.0
0.004211
0.17489500000000002
0.406734
0.575385
0.688689
0.7489560000000001
0.7516280000000001
0.6918
0.5564969999999999
0.379946
0.146477
0.000671
0.0
0.0
0.0
0.0
0.0
0.0
0.0
0.0
0.0
0.0
0.0
0.0
0.000787
0.12420199999999999
0.333726
0.488416
0.575758
0.6594260000000001
0.685749
0.6290979999999999
0.485077
0.306419
0.10293000000000001
0.0
0.0
0.0
0.0
0.0
0.0
0.0
0.0
0.0
0.0
0.0
0.0
0.0
2.1000000000000002e-05
0.06312
0.222189
0.335393
0.39666399999999996
0.33210199999999995
0.434114
0.31662
0.307525
0.296314
0.076348
0.0
0.0
0.0
0.0
0.0
0.0
0.0
0.0
0.0
0.0
0.0
0.0
0.0
0.0
0.067767
0.272188
0.411189
0.635486
0.6820620000000001
0.607212
0.6601269999999999
0.531226
0.35744
0.130425
0.0
0.0
0.0
0.0
0.0
0.0
0.0
0.0
0.0
0.0
0.0
0.0
0.0
0.0
0.056018
0.11986
0.226722
0.263801
0.216045
0.26073
0.24848599999999998
0.191539
0.103075
0.049073
0.0
0.0
0.0
0.0
0.0
0.0
0.0
0.0
0.0
0.0
0.0
0.0
0.0
0.0
0.023239
0.127151
0.408933
0.5635549999999999
0.624601
0.627129
0.530052
0.363245
0.240066
0.092651
0.0
0.0
0.0
0.0
0.0
0.0
0.0
0.0
0.0
0.0
0.0
0.0
0.0
0.0
0.081348
0.24376499999999998
0.40265100000000004
0.532006
0.533943
0.508266
0.448243
0.254633
0.173627
0.051512
0.0
0.0
0.0
0.0
0.0
0.0
0.0
0.0
0.0
0.0
0.0
0.0
0.0
0.0
0.052094999999999995
0.194669
0.316353
0.568821
0.5406409999999999
0.5453239999999999
0.456278
0.432218
0.179458
0.025867
0.0
0.0
0.0
0.0
0.0
0.0
0.0
0.0
0.0
0.0
0.0
0.0
0.0
0.0
0.03805
0.073715
0.12501900000000002
0.141368
0.151588
0.144089
0.17439500000000002
0.111207
0.067339
0.034945
0.0
0.0
0.0
0.0
0.0
0.0
0.0
0.0
0.0
0.0
0.0
0.0
0.0
0.0
0.036959000000000006
0.114259
0.111989
0.254334
0.174091
0.13864500000000002
0.103494
0.196576
0.055028
0.038234000000000004
0.0
0.0
0.0
0.0
0.0
0.0
0.0
0.0
0.0
0.0
0.0
0.0
0.0
0.0
0.043488
0.114856
0.335568
0.383056
0.30303800000000003
0.330493
0.362466
0.17343799999999998
0.129573
0.047148
0.0
0.0
0.0
0.0
0.0
0.0
0.0
0.0
0.0
0.0
0.0
0.0
0.0
0.0
0.077131
0.247167
0.281511
0.480136
0.374898
0.41822899999999996
0.424346
0.233471
0.27231900000000003
0.098956
0.0
0.0
0.0
0.0
0.0
0.0
0.0
0.0
0.0
0.0
0.0
0.0
0.0
0.0
0.047497
0.221595
0.23524199999999998
0.354929
0.379147
0.257936
0.408923
0.339387
0.28933800000000004
0.090627
0.0
0.0
0.0
0.0
0.0
0.0
0.0
0.0
0.0
0.0
0.0
0.0
0.0
0.0
0.068479
0.241893
0.324195
0.271887
0.37799
0.354744
0.247367
0.23965899999999998
0.247042
0.047576
0.0
0.0
0.0
0.0
0.0
0.0
0.0
0.0
0.0
0.0
0.0
0.0
0.0
0.0
0.063551
0.13971899999999998
0.26804500000000003
0.417102
0.515366
0.41338600000000003
0.42706099999999997
0.282557
0.149197
0.048424999999999996
0.0
0.0
0.0
0.0
0.0
0.0
0.0
0.0
0.0
0.0
0.0
0.0
0.0
0.0
0.022764
0.146549
0.061324
0.203163
0.199024
0.371192
0.285428
0.324693
0.12439499999999999
0.030632000000000003
0.0
0.0
0.0
0.0
0.0
0.0
0.0
0.0
0.0
0.0
0.0
0.0
0.0
0.0
0.026041
0.05694
0.09176000000000001
0.29204199999999997
0.317653
0.318118
0.440105
0.257822
0.09097799999999999
0.029167000000000002
0.0
0.0
0.0
0.0
0.0
0.0
0.0
0.0
0.0
0.0
0.0
0.0
0.0
0.0
0.114491
0.33678800000000003
0.514401
0.525285
0.698034
0.578153
0.639146
0.423217
0.347861
0.130081
0.0
0.0
0.0
0.0
0.0
0.0
0.0
0.0
0.0
0.0
0.0
0.0
0.0
0.0
0.053127
0.153836
0.250173
0.406683
0.635466
0.5837190000000001
0.564836
0.406632
0.175005
0.042728999999999996
0.0
0.0
0.0
0.0
0.0
0.0
0.0
0.0
0.0
0.0
0.0
0.0
0.0
0.0
0.020434
0.148439
0.225693
0.062108
0.134986
0.123583
0.105107
0.052931
0.060151
0.029582
0.0
0.0
0.0
0.0
0.0
0.0
0.0
0.0
0.0
0.0
0.0
0.0
0.0
0.0
0.025785
0.07311
0.235255
0.279028
0.27736500000000003
0.238558
0.22871799999999998
0.165275
0.038626
0.019327999999999998
0.0
0.0
0.0
0.0
0.0
0.0
0.0
0.0
0.0
0.0
0.0
0.0
0.0
0.0
0.018672
0.047621000000000004
0.07401300000000001
0.09743500000000001
0.177369
0.09834
0.10856
0.122752
0.08640600000000001
0.025997
0.0
0.0
0.0
0.0
0.0
0.0
0.0
0.0
0.0
0.0
0.0
0.0
0.0
0.0
0.017571
0.111723
0.088313
0.09645999999999999
0.25288900000000003
0.20016499999999998
0.162387
0.074987
0.051941
0.047533
0.0
0.0
0.0
0.0
0.0
0.0
0.0
0.0
0.0
0.0
0.0
0.0
0.0
0.0
0.023422000000000002
0.075876
0.130819
0.063984
0.111926
0.158499
0.251196
0.09088500000000001
0.08752299999999999
0.023999
0.0
0.0
0.0
0.0
0.0
0.0
0.0
0.0
0.0
0.0
0.0
0.0
0.0
0.0
0.068265
0.161519
0.303654
0.310568
0.290629
0.381681
0.28330700000000003
0.280864
0.120592
0.041342
0.0
0.0
0.0
0.0
0.0
0.0
0.0
0.0
0.0
0.0
0.0
0.0
0.0
0.0
0.063975
0.225933
0.329909
0.5971900000000001
0.416242
0.443375
0.362935
0.31554899999999997
0.183655
0.04854
0.0
0.0
0.0
0.0
0.0
0.0
0.0
0.0
0.0
0.0
0.0
0.0
0.0
0.0
0.055489
0.238428
0.407234
0.5616230000000001
0.631122
0.6273569999999999
0.562327
0.387825
0.205709
0.053354
0.0
0.0
0.0
0.0
0.0
0.0
0.0
0.0
0.0
0.0
0.0
0.0
0.0
0.0
0.06483499999999999
0.267471
0.430329
0.561654
0.620086
0.62707
0.5700259999999999
0.45480000000000004
0.280444
0.077646
0.0
0.0
0.0
0.0
0.0
0.0
0.0
0.0
0.0
0.0
0.0
0.0
0.0
0.0
0.036972
0.12285
0.313438
0.466468
0.5461889999999999
0.5484020000000001
0.47078699999999996
0.279128
0.20477
0.044807
0.0
0.0
0.0
0.0
0.0
0.0
0.0
0.0
0.0
0.0
0.0
0.0
0.0
0.0
0.050789
0.114543
0.365224
0.474661
0.5272830000000001
0.660934
0.601649
0.46473899999999996
0.31552800000000003
0.12071599999999999
0.0
0.0
0.0
0.0
0.0
0.0
0.0
0.0
0.0
0.0
0.0
0.0
0.0
0.0
0.040088
0.256664
0.37509
0.594641
0.630276
0.660997
0.575634
0.45931
0.285674
0.09672599999999999
0.0
0.0
0.0
0.0
0.0
0.0
0.0
0.0
0.0
0.0
0.0
0.0
0.0
0.0
0.030504
0.087504
0.27363600000000005
0.237945
0.395326
0.6264959999999999
0.555481
0.33386099999999996
0.18498900000000001
0.049584
0.0
0.0
0.0
0.0
0.0
0.0
0.0
0.0
0.0
0.0
0.0
0.0
0.0
0.0
0.024300000000000002
0.051995
0.208112
0.215705
0.288096
0.364674
0.46990699999999996
0.453716
0.11531
0.046998
0.0
0.0
0.0
0.0
0.0
0.0
0.0
0.0
0.0
0.0
0.0
0.0
0.0
0.0
0.039746000000000004
0.094051
0.049574
0.083079
0.22996799999999998
0.09856699999999999
0.09446299999999999
0.107646
0.041422
0.019925000000000002
0.0
0.0
0.0
0.0
0.0
0.0
0.0
0.0
0.0
0.0
0.0
0.0
0.0
0.0
0.049036
0.177763
0.200596
0.373691
0.323219
0.502514
0.439592
0.249237
0.15653299999999998
0.05627600000000001
0.0
0.0
0.0
0.0
0.0
0.0
0.0
0.0
0.0
0.0
0.0
0.0
0.0
0.0
0.05335
0.221445
0.43248899999999996
0.541439
0.5922050000000001
0.527532
0.527076
0.365829
0.163048
0.062052
0.0
0.0
0.0
0.0
0.0
0.0
0.0
0.0
0.0
0.0
0.0
0.0
0.0
0.0
0.046253
0.232186
0.382277
0.563965
0.571577
0.621557
0.584447
0.455839
0.259316
0.071127
0.0
0.0
0.0
0.0
0.0
0.0
0.0
0.0
0.0
0.0
0.0
0.0
0.0
0.0
0.048889
0.247634
0.430074
0.49562900000000004
0.61221
0.6375230000000001
0.5652290000000001
0.460473
0.283204
0.078432
0.0
0.0
0.0
0.0
0.0
0.0
0.0
0.0
0.0
0.0
0.0
0.0
0.0
0.0
0.045686
0.179376
0.293467
0.23180099999999998
0.190199
0.290954
0.135486
0.115164
0.140818
0.06622700000000001
0.0
0.0
0.0
0.0
0.0
0.0
0.0
0.0
0.0
0.0
0.0
0.0
0.0
0.0
0.071522
0.303781
0.499743
0.645009
0.7069679999999999
0.7014
0.599804
0.5229109999999999
0.345439
0.118919
0.0
0.0
0.0
0.0
0.0
0.0
0.0
0.0
0.0
0.0
0.0
0.0
0.0
0.0
0.045759999999999995
0.250568
0.42362700000000003
0.564528
0.541128
0.6064080000000001
0.586872
0.46569499999999997
0.21748699999999999
0.070828
0.0
0.0
0.0
0.0
0.0
0.0
0.0
0.0
0.0
0.0
0.0
0.0
0.0
0.0
0.033749
0.121219
0.15065
0.22139699999999998
0.268502
0.23224
0.25862799999999997
0.26729899999999995
0.172674
0.032286
0.0
0.0
0.0
0.0
0.0
0.0
0.0
0.0
0.0
0.0
0.0
0.0
0.0
0.0
0.024987
0.089717
0.13775
0.211418
0.35538099999999995
0.179288
0.15703999999999999
0.077683
0.10647100000000001
0.038268
0.0
0.0
0.0
0.0
0.0
0.0
0.0
0.0
0.0
0.0
0.0
0.0
0.0
0.0
0.013007999999999999
0.039563
0.131214
0.120912
0.249615
0.137222
0.213985
0.066395
0.073174
0.051747
0.0
0.0
0.0
0.0
0.0
0.0
0.0
0.0
0.0
0.0
0.0
0.0
0.0
0.0
0.013301
0.065539
0.089782
0.103097
0.19911099999999998
0.28349799999999997
0.142787
0.170348
0.062484000000000005
0.024402999999999998
0.0
0.0
0.0
0.0
0.0
0.0
0.0
0.0
0.0
0.0
0.0
0.0
0.0
0.0
0.013143
0.050572000000000006
0.13881800000000002
0.237527
0.197783
0.355094
0.238846
0.242107
0.133137
0.022201000000000002
0.0
0.0
0.0
0.0
0.0
0.0
0.0
0.0
0.0
0.0
0.0
0.0
0.0
0.0
0.015453
0.06314600000000001
0.198018
0.298414
0.317906
0.456166
0.338874
0.313261
0.134198
0.051465000000000004
0.0
0.0
0.0
0.0
0.0
0.0
0.0
0.0
0.0
0.0
0.0
0.0
0.0
0.0
0.058036000000000004
0.297794
0.49985399999999997
0.636325
0.660989
0.483547
0.249549
0.18519
0.19015100000000001
0.02923
0.0
0.0
0.0
0.0
0.0
0.0
0.0
0.0
0.0
0.0
0.0
0.0
0.0
0.0
0.026454000000000002
0.19525399999999998
0.37331200000000003
0.537297
0.614995
0.632777
0.569707
0.456055
0.27739199999999997
0.081591
0.0
0.0
0.0
0.0
0.0
0.0
0.0
0.0
0.0
0.0
0.0
0.0
0.0
0.0
0.019917
0.100091
0.14310599999999998
0.31947899999999996
0.39809300000000003
0.319414
0.38476699999999997
0.35093
0.225463
0.08394599999999999
0.0
0.0
0.0
0.0
0.0
0.0
0.0
0.0
0.0
0.0
0.0
0.0
0.0
0.0
0.021799
0.17968
0.367692
0.5126029999999999
0.589538
0.58615
0.5494370000000001
0.43743200000000004
0.26031400000000005
0.077856
0.0
0.0
0.0
0.0
0.0
0.0
0.0
0.0
0.0
0.0
0.0
0.0
0.0
0.0
0.025513
0.20899500000000001
0.393272
0.557495
0.630323
0.553806
0.558879
0.409277
0.222727
0.051525
0.0
0.0
0.0
0.0
0.0
0.0
0.0
0.0
0.0
0.0
0.0
0.0
0.0
0.0
0.017306000000000002
0.156508
0.139181
0.180535
0.170426
0.363613
0.12355500000000001
0.097478
0.109018
0.040084
0.0
0.0
0.0
0.0
0.0
0.0
0.0
0.0
0.0
0.0
0.0
0.0
0.0
0.0
0.011662
0.110264
0.35101499999999997
0.532095
0.5502809999999999
0.6214160000000001
0.589496
0.406685
0.218886
0.051014000000000004
0.0
0.0
0.0
0.0
0.0
0.0
0.0
0.0
0.0
0.0
0.0
0.0
0.0
0.0
0.011523
0.073919
0.05446
0.12693000000000002
0.24582400000000001
0.41635500000000003
0.21166
0.164343
0.142763
0.042681
0.0
0.0
0.0
0.0
0.0
0.0
0.0
0.0
0.0
0.0
0.0
0.0
0.0
0.0
0.023064
0.20599199999999998
0.408855
0.536919
0.58169
0.670092
0.551479
0.47584699999999996
0.30735700000000005
0.104321
0.0
0.0
0.0
0.0
0.0
0.0
0.0
0.0
0.0
0.0
0.0
0.0
0.0
0.0
0.020641
0.184179
0.376616
0.534722
0.620937
0.636139
0.578952
0.461863
0.27960199999999996
0.08872100000000001
0.0
0.0
0.0
0.0
0.0
0.0
0.0
0.0
0.0
0.0
0.0
0.0
0.0
0.0
0.025445
0.19931100000000002
0.345934
0.444347
0.58026
0.518919
0.445295
0.378884
0.13272399999999998
0.032755
0.0
0.0
0.0
0.0
0.0
0.0
0.0
0.0
0.0
0.0
0.0
0.0
0.0
0.0
0.015089
0.122723
0.190833
0.368329
0.46221100000000004
0.547413
0.405444
0.36635500000000004
0.196605
0.053865
0.0
0.0
0.0
0.0
0.0
0.0
0.0
