0.0
0.0
0.0
0.0
0.0
0.0
0.0
0.0
0.0
0.009701000000000001
0.023052
0.036237000000000005
0.044747
0.04772
0.045402
0.036878999999999995
0.024492
0.01046
0.0
0.0
0.0
0.0
0.0
0.0
0.0
0.0
0.0
0.0
0.0
0.0
0.0
0.0
8e-05
0.042415
0.08946899999999999
0.132271
0.161603
0.172959
0.16334100000000001
0.13413999999999998
0.092262
0.045073999999999996
0.002542
0.0
0.0
0.0
0.0
0.0
0.0
0.0
0.0
0.0
0.0
0.0
0.0
0.0
0.002985
0.154386
0.16257400000000002
0.23163399999999998
0.601075
0.684234
0.64555
0.6001839999999999
0.418856
0.14619
0.0
0.0
0.0
0.0
0.0
0.0
0.0
0.0
0.0
0.0
0.0
0.0
0.0
0.0
0.002778
0.154314
0.415888
0.611198
0.6314379999999999
0.309233
0.290462
0.608894
0.43258199999999997
0.163465
0.000328
0.0
0.0
0.0
0.0
0.0
0.0
0.0
0.0
0.0
0.0
0.0
0.0
0.0
0.002763
0.243748
0.14846299999999998
0.212405
0.833333
0.273766
0.25740199999999996
0.21298
0.147666
0.235044
0.006939
0.0
0.0
0.0
0.0
0.0
0.0
0.0
0.0
0.0
0.0
0.0
0.0
0.0
0.0
0.009632
0.023710000000000002
0.035951000000000004
0.045017
0.047890999999999996
0.044785
0.036988
0.024766
0.010952
0.0
0.0
0.0
0.0
0.0
0.0
0.0
0.0
0.0
0.0
0.0
0.0
0.0
0.0
0.000687
0.046933
0.097708
0.143072
0.172587
0.186171
0.174373
0.143745
0.098797
0.049970999999999995
0.004101
0.0
0.0
0.0
0.0
0.0
0.0
0.0
0.0
0.0
0.0
0.0
0.0
0.0
0.003376
0.07340300000000001
0.14846600000000001
0.213452
0.259063
0.833333
0.257728
0.743139
0.147772
0.076038
0.01011
0.0
0.0
0.0
0.0
0.0
0.0
0.0
0.0
0.0
0.0
0.0
0.0
0.0
0.0
0.010553000000000002
0.023981000000000002
0.037113999999999994
0.045497
0.049307000000000004
0.04615
0.037577
0.025197
0.01124
0.0
0.0
0.0
0.0
0.0
0.0
0.0
0.0
0.0
0.0
0.0
0.0
0.0
0.0
0.0
0.010593
0.024843
0.037347
0.046688
0.049811
0.046693
0.038075000000000005
0.025565
0.011417
0.0
0.0
0.0
0.0
0.0
0.0
0.0
0.0
0.0
0.0
0.0
0.0
0.0
0.0
0.0
0.010881
0.025377
0.037954
0.047469000000000004
0.050531
0.047983
0.039335
0.02668
0.012388999999999999
0.0
0.0
0.0
0.0
0.0
0.0
0.0
0.0
0.0
0.0
0.0
0.0
0.0
0.0
0.002417
0.052899
0.254374
0.37174599999999997
0.462868
0.501718
0.18729099999999999
0.449095
0.109216
0.237637
0.007508
0.0
0.0
0.0
0.0
0.0
0.0
0.0
0.0
0.0
0.0
0.0
0.0
0.0
0.005705
0.153591
0.337377
0.501772
0.616848
0.688654
0.667566
0.6173350000000001
0.469852
0.085953
0.002763
0.0
0.0
0.0
0.0
0.0
0.0
0.0
0.0
0.0
0.0
0.0
0.0
0.0
0.0
0.010695999999999999
0.025077000000000002
0.038484000000000004
0.047053
0.0508
0.047629
0.038972
0.026474
0.012272
0.0
0.0
0.0
0.0
0.0
0.0
0.0
0.0
0.0
0.0
0.0
0.0
0.0
0.0
0.000841
0.036325
0.07561799999999999
0.109609
0.133083
0.14297300000000002
0.134816
0.111171
0.076402
0.038933
0.0038020000000000003
0.0
0.0
0.0
0.0
0.0
0.0
0.0
0.0
0.0
0.0
0.0
0.0
0.0
0.0
0.011288
0.02544
0.037786
0.04693
0.049841
0.047519
0.039019
0.026684
0.011968
0.0
0.0
0.0
0.0
0.0
0.0
0.0
0.0
0.0
0.0
0.0
0.0
0.0
0.0
0.0
0.020045999999999998
0.043114
0.063342
0.078211
0.083256
0.077986
0.06440900000000001
0.044351
0.021975
0.00088
0.0
0.0
0.0
0.0
0.0
0.0
0.0
0.0
0.0
0.0
0.0
0.0
0.0
0.007632
0.089753
0.33657400000000004
0.513798
0.62517
0.683242
0.704075
0.578874
0.469313
0.20633
0.00133
0.0
0.0
0.0
0.0
0.0
0.0
0.0
0.0
0.0
0.0
0.0
0.0
0.0
0.0076760000000000005
0.15746000000000002
0.169646
0.478512
0.285402
0.30464199999999997
0.29222000000000004
0.245143
0.5254030000000001
0.25982799999999995
0.014476000000000001
0.0
0.0
0.0
0.0
0.0
0.0
0.0
0.0
0.0
0.0
0.0
0.0
0.0
0.0
0.011347
0.026300999999999998
0.038576
0.047775
0.051609999999999996
0.048273
0.039841999999999995
0.027440000000000003
0.012704
0.0
0.0
0.0
0.0
0.0
0.0
0.0
0.0
0.0
0.0
0.0
0.0
0.0
0.0
0.009779
0.10003100000000001
0.188448
0.26541899999999996
0.318369
0.734356
0.31799400000000005
0.640509
0.49169999999999997
0.253197
0.00554
0.0
0.0
0.0
0.0
0.0
0.0
0.0
0.0
0.0
0.0
0.0
0.0
0.0
0.009651999999999999
0.16089799999999999
0.17445
0.501462
0.663257
0.701569
0.7091430000000001
0.594044
0.454309
0.240508
0.015776
0.0
0.0
0.0
0.0
0.0
0.0
0.0
0.0
0.0
0.0
0.0
0.0
0.0
0.009689999999999999
0.15899100000000002
0.335889
0.492074
0.614939
0.669892
0.6862440000000001
0.620001
0.44484500000000005
0.24162899999999998
0.001999
0.0
0.0
0.0
0.0
0.0
0.0
0.0
0.0
0.0
0.0
0.0
0.0
0.0
0.011193
0.172474
0.188745
0.528227
0.314732
0.731514
0.315544
0.6367780000000001
0.490251
0.259243
0.007341
0.0
0.0
0.0
0.0
0.0
0.0
0.0
0.0
0.0
0.0
0.0
0.0
0.0
0.004246000000000001
0.046928
0.30660000000000004
0.13214099999999998
0.5376620000000001
0.169867
0.159826
0.13338399999999997
0.093934
0.323702
0.020489
0.0
0.0
0.0
0.0
0.0
0.0
0.0
0.0
0.0
0.0
0.0
0.0
0.0
0.009811
0.081189
0.153112
0.214218
0.25632299999999997
0.272733
0.25475
0.783686
0.152086
0.379064
0.015922000000000002
0.0
0.0
0.0
0.0
0.0
0.0
0.0
0.0
0.0
0.0
0.0
0.0
0.0
0.004246000000000001
0.10920300000000001
0.213637
0.31012599999999996
0.150291
0.15743600000000002
0.39954700000000004
0.123014
0.290872
0.23261
0.013340999999999999
0.0
0.0
0.0
0.0
0.0
0.0
0.0
0.0
0.0
0.0
0.0
0.0
0.0
0.004173
0.088208
0.176157
0.254211
0.309074
0.338686
0.328526
0.113853
0.23144599999999999
0.042015000000000004
0.007465
0.0
0.0
0.0
0.0
0.0
0.0
0.0
0.0
0.0
0.0
0.0
0.0
0.0
0.005602
0.124111
0.241312
0.352839
0.163958
0.173654
0.46754399999999996
0.135794
0.342254
0.051869
0.016594
0.0
0.0
0.0
0.0
0.0
0.0
0.0
0.0
0.0
0.0
0.0
0.0
0.0
0.011231999999999999
0.07952500000000001
0.39723200000000003
0.206687
0.247215
0.747207
0.244318
0.707769
0.14485699999999999
0.322248
0.016541
0.0
0.0
0.0
0.0
0.0
0.0
0.0
0.0
0.0
0.0
0.0
0.0
0.0
0.014645
0.166609
0.341669
0.50197
0.622082
0.7073400000000001
0.683067
0.6106459999999999
0.506366
0.27410500000000004
0.007742
0.0
0.0
0.0
0.0
0.0
0.0
0.0
0.0
0.0
0.0
0.0
0.0
0.0
0.014816000000000001
0.16569399999999998
0.338165
0.531354
0.661257
0.678264
0.705707
0.6479729999999999
0.177927
0.28554
0.008721999999999999
0.0
0.0
0.0
0.0
0.0
0.0
0.0
0.0
0.0
0.0
0.0
0.0
0.0
0.01467
0.198511
0.16575700000000002
0.23197399999999999
0.276324
0.78107
0.27481599999999995
0.7046749999999999
0.573288
0.32242000000000004
0.021245
0.0
0.0
0.0
0.0
0.0
0.0
0.0
0.0
0.0
0.0
0.0
0.0
0.0
0.0013939999999999998
0.021487
0.043566
0.063048
0.076397
0.081906
0.076984
0.064336
0.045707
0.023817
0.00333
0.0
0.0
0.0
0.0
0.0
0.0
0.0
0.0
0.0
0.0
0.0
0.0
0.0
0.0014930000000000002
0.022689
0.044137
0.063671
0.077732
0.08233
0.078226
0.064703
0.045938
0.024725
0.004158
0.0
0.0
0.0
0.0
0.0
0.0
0.0
0.0
0.0
0.0
0.0
0.0
0.0
0.0022299999999999998
0.022776
0.045067
0.064458
0.07771299999999999
0.083152
0.077985
0.065703
0.046848
0.024805
0.00418
0.0
0.0
0.0
0.0
0.0
0.0
0.0
0.0
0.0
0.0
0.0
0.0
0.0
0.002249
0.023658000000000002
0.045187
0.064702
0.078702
0.083208
0.079101
0.065536
0.046714
0.024745
0.004169
0.0
0.0
0.0
0.0
0.0
0.0
0.0
0.0
0.0
0.0
0.0
0.0
0.0
0.018092
0.245807
0.471714
0.221133
0.26441899999999996
0.279696
0.833333
0.221878
0.160124
0.378303
0.022794000000000002
0.0
0.0
0.0
0.0
0.0
0.0
0.0
0.0
0.0
0.0
0.0
0.0
0.0
0.014047
0.18737700000000002
0.355962
0.496356
0.215557
0.228525
0.65301
0.178095
0.129856
0.072461
0.028081
0.0
0.0
0.0
0.0
0.0
0.0
0.0
0.0
0.0
0.0
0.0
0.0
0.0
0.024917
0.11194499999999999
0.196784
0.27317899999999995
0.645552
0.717491
0.32115699999999997
0.659817
0.557819
0.325249
0.016307
0.0
0.0
0.0
0.0
0.0
0.0
0.0
0.0
0.0
0.0
0.0
0.0
0.0
0.024701
0.339904
0.19569399999999998
0.269286
0.31826499999999996
0.334608
0.315466
0.791002
0.194699
0.111154
0.045799
0.0
0.0
0.0
0.0
0.0
0.0
0.0
0.0
0.0
0.0
0.0
0.0
0.0
0.02452
0.177403
0.35309199999999996
0.509907
0.6098830000000001
0.6717430000000001
0.688396
0.641715
0.491734
0.310547
0.012173
0.0
0.0
0.0
0.0
0.0
0.0
0.0
0.0
0.0
0.0
0.0
0.0
0.0
0.024023
0.10313599999999999
0.337697
0.6163759999999999
0.5965410000000001
0.655201
0.295764
0.619536
0.538404
0.329013
0.029727
0.0
0.0
0.0
0.0
0.0
0.0
0.0
0.0
0.0
0.0
0.0
0.0
0.0
0.025454
0.180127
0.58576
0.489575
0.298213
0.316817
0.297678
0.601765
0.513274
0.105817
0.020166
0.0
0.0
0.0
0.0
0.0
0.0
0.0
0.0
0.0
0.0
0.0
0.0
0.0
0.027239999999999997
0.10906300000000001
0.18958699999999998
0.766039
0.305652
0.833333
0.3019
0.253069
0.184478
0.107324
0.037826
0.0
0.0
0.0
0.0
0.0
0.0
0.0
0.0
0.0
0.0
0.0
0.0
0.0
0.028213000000000002
0.11191
0.35535700000000003
0.678072
0.625319
0.694879
0.313163
0.264401
0.554539
0.33263
0.017382
0.0
0.0
0.0
0.0
0.0
0.0
0.0
0.0
0.0
0.0
0.0
0.0
0.0
0.017675
0.18774000000000002
0.34335000000000004
0.18215399999999998
0.575744
0.227776
0.216847
0.185609
0.48812099999999997
0.388542
0.023403
0.0
0.0
0.0
0.0
0.0
0.0
0.0
0.0
0.0
0.0
0.0
0.0
0.0
0.012099
0.054674
0.09836700000000001
0.135227
0.161267
0.168416
0.162642
0.135283
0.098131
0.056574
0.016666
0.0
0.0
0.0
0.0
0.0
0.0
0.0
0.0
0.0
0.0
0.0
0.0
0.0
0.033907
0.195609
0.44377
0.5302039999999999
0.653269
0.7232580000000001
0.7396459999999999
0.675781
0.202963
0.11871
0.037772
0.0
0.0
0.0
0.0
0.0
0.0
0.0
0.0
0.0
0.0
0.0
0.0
0.0
0.033311
0.11522700000000001
0.354107
0.574776
0.627733
0.6884210000000001
0.732595
0.6550779999999999
0.5556960000000001
0.116155
0.017483000000000002
0.0
0.0
0.0
0.0
0.0
0.0
0.0
0.0
0.0
0.0
0.0
0.0
0.0
0.005033999999999999
0.026947
0.049451999999999996
0.069481
0.083523
0.088541
0.083638
0.07017
0.051095
0.028783
0.007855000000000001
0.0
0.0
0.0
0.0
0.0
0.0
0.0
0.0
0.0
0.0
0.0
0.0
0.0
0.005907
0.028003
0.050601999999999994
0.070789
0.084741
0.089756
0.08481699999999999
0.07075100000000001
0.051509
0.029455
0.007815
0.0
0.0
0.0
0.0
0.0
0.0
0.0
0.0
0.0
0.0
0.0
0.0
0.0
0.005888
0.027722
0.050217
0.070191
0.08397
0.089473
0.085555
0.07227
0.051982999999999994
0.029667000000000002
0.008683999999999999
0.0
0.0
0.0
0.0
0.0
0.0
0.0
0.0
0.0
0.0
0.0
0.0
0.0
0.030525
0.10081100000000001
0.172807
0.231706
0.722369
0.28634699999999996
0.833333
0.232583
0.173493
0.43009
0.046884999999999996
0.0
0.0
0.0
0.0
0.0
0.0
0.0
0.0
0.0
0.0
0.0
0.0
0.0
0.028337
0.27693799999999996
0.159289
0.215972
0.7874
0.26379
0.245947
0.211013
0.6353690000000001
0.094304
0.032657
0.0
0.0
0.0
0.0
0.0
0.0
0.0
0.0
0.0
0.0
0.0
0.0
0.0
0.006692
0.029067
0.051368000000000004
0.07136400000000001
0.08535899999999999
0.09059600000000001
0.084718
0.071161
0.052594999999999996
0.031135000000000003
0.009462
0.0
0.0
0.0
0.0
0.0
0.0
0.0
0.0
0.0
0.0
0.0
0.0
0.0
0.006860000000000001
0.029443
0.051970999999999996
0.07253100000000001
0.086006
0.09126300000000001
0.08641700000000001
0.073477
0.053418999999999994
0.031179
0.009452
0.0
0.0
0.0
0.0
0.0
0.0
0.0
0.0
0.0
0.0
0.0
0.0
0.0
0.007651
0.030251
0.052793
0.072706
0.086502
0.092223
0.088115
0.073411
0.054165
0.032034999999999994
0.009489000000000001
0.0
0.0
0.0
0.0
0.0
0.0
0.0
0.0
0.0
0.0
0.0
0.0
0.0
0.007639
0.030088999999999998
0.053287999999999995
0.07341800000000001
0.087302
0.09249299999999999
0.087762
0.07435599999999999
0.054162999999999996
0.031963
0.010247
0.0
0.0
0.0
0.0
0.0
0.0
0.0
0.0
0.0
0.0
0.0
0.0
0.0
0.029082999999999998
0.186284
0.32651600000000003
0.200774
0.550825
0.604405
0.594088
0.19822700000000001
0.148904
0.343221
0.032808
0.0
0.0
0.0
0.0
0.0
0.0
0.0
0.0
0.0
0.0
0.0
0.0
0.0
0.043967
0.20495
0.377253
0.521836
0.627563
0.707098
0.732109
0.667804
0.526433
0.35733
0.013738
0.0
0.0
0.0
0.0
0.0
0.0
0.0
0.0
0.0
0.0
0.0
0.0
0.0
0.034337000000000006
0.100201
0.392536
0.545937
0.263186
0.71265
0.69964
0.221233
0.16431800000000002
0.100601
0.043724
0.0
0.0
0.0
0.0
0.0
0.0
0.0
0.0
0.0
0.0
0.0
0.0
0.0
0.041991999999999995
0.198215
0.198662
0.50342
0.601588
0.775856
0.778773
0.597457
0.510845
0.11850100000000001
0.044988
0.0
0.0
0.0
0.0
0.0
0.0
0.0
0.0
0.0
0.0
0.0
0.0
0.0
0.049335000000000004
0.137024
0.39014299999999996
0.671861
0.6766660000000001
0.362862
0.7465510000000001
0.679314
0.563371
0.138346
0.023671
0.0
0.0
0.0
0.0
0.0
0.0
0.0
0.0
0.0
0.0
0.0
0.0
0.0
0.047432
0.207073
0.404009
0.531875
0.331243
0.712423
0.7575940000000001
0.675039
0.540009
0.343565
0.026893999999999998
0.0
0.0
0.0
0.0
0.0
0.0
0.0
0.0
0.0
0.0
0.0
0.0
0.0
0.048029
0.13097399999999998
0.376127
0.575764
0.708022
0.6833769999999999
0.7419819999999999
0.656172
0.214203
0.368581
0.052664
0.0
0.0
0.0
0.0
0.0
0.0
0.0
0.0
0.0
0.0
0.0
0.0
0.0
0.047468
0.204184
0.369723
0.267469
0.31850599999999996
0.334077
0.674764
0.7528060000000001
0.5213150000000001
0.394208
0.037568
0.0
0.0
0.0
0.0
0.0
0.0
0.0
0.0
0.0
0.0
0.0
0.0
0.0
0.007208
0.025579
0.043384
0.059436
0.071113
0.07469100000000001
0.071842
0.060698
0.045023
0.026618
0.008904
0.0
0.0
0.0
0.0
0.0
0.0
0.0
0.0
0.0
0.0
0.0
0.0
0.0
0.033229999999999996
0.09039900000000001
0.148118
0.19777099999999997
0.232685
0.24309
0.22786099999999998
0.19835
0.150793
0.094079
0.038227
0.0
0.0
0.0
0.0
0.0
0.0
0.0
0.0
0.0
0.0
0.0
0.0
0.0
0.03903499999999999
0.104317
0.16974899999999998
0.22495099999999998
0.26365
0.277808
0.262181
0.222945
0.168306
0.106995
0.043747999999999995
0.0
0.0
0.0
0.0
0.0
0.0
0.0
0.0
0.0
0.0
0.0
0.0
0.0
0.023184
0.120114
0.204119
0.280023
0.336767
0.359682
0.351844
0.32019
0.25666300000000003
0.185738
0.08441
0.0
0.0
0.0
0.0
0.0
0.0
0.0
0.0
0.0
0.0
0.0
0.0
0.0
0.048136000000000005
0.24773699999999999
0.429085
0.26437900000000003
0.725315
0.324264
0.30900700000000003
0.7172459999999999
0.602639
0.125669
0.09881100000000001
0.0
0.0
0.0
0.0
0.0
0.0
0.0
0.0
0.0
0.0
0.0
0.0
0.0
0.034689
0.195055
0.14693
0.46032799999999996
0.22773
0.5833630000000001
0.224643
0.5056240000000001
0.41966000000000003
0.09129000000000001
0.102798
0.0
0.0
0.0
0.0
0.0
0.0
0.0
0.0
0.0
0.0
0.0
0.0
0.0
0.059271000000000004
0.146244
0.402981
0.6110030000000001
0.73678
0.7689450000000001
0.758557
0.671918
0.57247
0.14871299999999998
0.063632
0.0
0.0
0.0
0.0
0.0
0.0
0.0
0.0
0.0
0.0
0.0
0.0
0.0
0.056534999999999995
0.219659
0.220693
0.536421
0.652701
0.797439
0.710514
0.685552
0.5559700000000001
0.139326
0.082193
0.0
0.0
0.0
0.0
0.0
0.0
0.0
0.0
0.0
0.0
0.0
0.0
0.0
0.044752
0.11030200000000001
0.589245
0.232829
0.2693
0.280833
0.26866199999999996
0.833333
0.18037799999999998
0.11515
0.14913300000000002
0.0
0.0
0.0
0.0
0.0
0.0
0.0
0.0
0.0
0.0
0.0
0.0
0.0
0.023609
0.06087
0.09910899999999999
0.132335
0.155087
0.163321
0.155399
0.132463
0.100893
0.063466
0.027124
0.0
0.0
0.0
0.0
0.0
0.0
0.0
0.0
0.0
0.0
0.0
0.0
0.0
0.06664199999999999
0.247296
0.24642599999999998
0.584979
0.372041
0.7654610000000001
0.36995999999999996
0.721797
0.24387799999999998
0.155621
0.088092
0.0
0.0
0.0
0.0
0.0
0.0
0.0
0.0
0.0
0.0
0.0
0.0
0.0
0.063101
0.22950299999999998
0.400267
0.550889
0.671107
0.748541
0.7384400000000001
0.691687
0.528248
0.3439
0.083288
0.0
0.0
0.0
0.0
0.0
0.0
0.0
0.0
0.0
0.0
0.0
0.0
0.0
0.06578300000000001
0.15065199999999998
0.237405
0.552175
0.827945
0.730588
0.35567000000000004
0.687564
0.23508199999999999
0.39273899999999995
0.096261
0.0
0.0
0.0
0.0
0.0
0.0
0.0
0.0
0.0
0.0
0.0
0.0
0.0
0.066614
0.15579400000000002
0.244504
0.5815670000000001
0.36951799999999996
0.766956
0.768426
0.319969
0.243911
0.38897699999999996
0.107104
0.0
0.0
0.0
0.0
0.0
0.0
0.0
0.0
0.0
0.0
0.0
0.0
0.0
0.048136000000000005
0.110747
0.405853
0.550136
0.652685
0.706485
0.263193
0.227353
0.173819
0.11277899999999999
0.050658
0.0
0.0
0.0
0.0
0.0
0.0
0.0
0.0
0.0
0.0
0.0
0.0
0.0
0.010182
0.028685
0.046971
0.061986
0.073332
0.076443
0.073188
0.062654
0.047427
0.029505
0.012236
0.0
0.0
0.0
0.0
0.0
0.0
0.0
0.0
0.0
0.0
0.0
0.0
0.0
0.028739999999999998
0.068505
0.108044
0.142687
0.16690100000000002
0.174667
0.164738
0.142186
0.10975499999999999
0.070393
0.03169
0.0
0.0
0.0
0.0
0.0
0.0
0.0
0.0
0.0
0.0
0.0
0.0
0.0
0.014267
0.035365
0.056856000000000004
0.07580500000000001
0.088657
0.092251
0.087887
0.07603
0.058070000000000004
0.036722000000000005
0.015467
0.0
0.0
0.0
0.0
0.0
0.0
0.0
0.0
0.0
0.0
0.0
0.0
0.0
0.011112
0.02904
0.0475
0.063475
0.07435
0.078862
0.07495600000000001
0.064773
0.04857
0.031036
0.012605
0.0
0.0
0.0
0.0
0.0
0.0
0.0
0.0
0.0
0.0
0.0
0.0
0.0
0.011193
0.02987
0.047527
0.063585
0.075294
0.079107
0.075812
0.064997
0.0494
0.031143999999999998
0.013396000000000002
0.0
0.0
0.0
0.0
0.0
0.0
0.0
0.0
0.0
0.0
0.0
0.0
0.0
0.046433
0.104185
0.160392
0.20951499999999998
0.244688
0.256762
0.244268
0.210062
0.160125
0.104792
0.049360999999999995
0.001554
0.0
0.0
0.0
0.0
0.0
0.0
0.0
0.0
0.0
0.0
0.0
0.0
0.071571
0.155782
0.405349
0.656434
0.6666219999999999
0.374971
0.7282580000000001
0.678556
0.564129
0.36868
0.094384
0.0
0.0
0.0
0.0
0.0
0.0
0.0
0.0
0.0
0.0
0.0
0.0
0.0
0.011774
0.029416
0.047466
0.063263
0.07356
0.077167
0.074024
0.06311
0.048012
0.030688
0.012784
0.0
0.0
0.0
0.0
0.0
0.0
0.0
0.0
0.0
0.0
0.0
0.0
0.0
0.108798
0.105129
0.161707
0.21074600000000002
0.24280000000000002
0.74719
0.241749
0.6548590000000001
0.163497
0.419125
0.051866
0.002873
0.0
0.0
0.0
0.0
0.0
0.0
0.0
0.0
0.0
0.0
0.0
0.001209
0.065176
0.291599
0.213611
0.637274
0.32014299999999996
0.8145589999999999
0.815768
0.277243
0.214929
0.141714
0.068893
0.005432
0.0
0.0
0.0
0.0
0.0
0.0
0.0
0.0
0.0
0.0
0.0
0.0005430000000000001
0.046764
0.100162
0.36229500000000003
0.484745
0.23097499999999999
0.24078
0.604178
0.199333
0.472841
0.104452
0.14665199999999998
0.003645
0.0
0.0
0.0
0.0
0.0
0.0
0.0
0.0
0.0
0.0
0.0
0.001234
0.051768999999999996
0.11078199999999999
0.1684
0.218886
0.25074199999999996
0.265353
0.25224
0.221978
0.172037
0.113414
0.056235999999999994
0.004413
0.0
0.0
0.0
0.0
0.0
0.0
0.0
0.0
0.0
0.0
0.0
0.0005110000000000001
0.092134
0.086073
0.132302
0.171304
0.197949
0.563326
0.19727799999999998
0.507103
0.134332
0.316256
0.151398
0.008456
0.0
0.0
0.0
0.0
0.0
0.0
0.0
0.0
0.0
0.0
0.0
0.00323
0.06288
0.306427
0.198159
0.6557759999999999
0.294155
0.308408
0.8330789999999999
0.259121
0.657679
0.13370300000000002
0.06624200000000001
0.007496
0.0
0.0
0.0
0.0
0.0
0.0
0.0
0.0
0.0
0.0
0.0
0.004588
0.070953
0.356507
0.22198500000000002
0.286752
0.330115
0.34542399999999995
0.833333
0.833333
0.222071
0.148905
0.076128
0.012441
0.0
0.0
0.0
0.0
0.0
0.0
0.0
0.0
0.0
0.0
0.0
0.0033599999999999997
0.052922
0.243288
0.391663
0.214629
0.246253
0.26439100000000004
0.662464
0.221515
0.499267
0.385834
0.160279
0.01034
0.0
0.0
0.0
0.0
0.0
0.0
0.0
0.0
0.0
0.0
0.0
0.001193
0.06265699999999999
0.146452
0.23013999999999998
0.304631
0.356735
0.374855
0.379053
0.34384
0.119936
0.08033199999999999
0.132796
0.00621
0.0
0.0
0.0
0.0
0.0
0.0
0.0
0.0
0.0
0.0
0.0
0.002444
0.046118
0.095851
0.373973
0.494829
0.214389
0.22340100000000002
0.621937
0.19074700000000003
0.149649
0.100714
0.16935499999999998
0.013316000000000001
0.0
0.0
0.0
0.0
0.0
0.0
0.0
0.0
0.0
0.0
0.0
0.0030529999999999997
0.046529
0.094904
0.345419
0.184417
0.540111
0.22203399999999998
0.567517
0.184318
0.146019
0.32576499999999997
0.16317500000000001
0.0069960000000000005
0.0
0.0
0.0
0.0
0.0
0.0
0.0
0.0
0.0
0.0
0.0
0.003897
0.097078
0.09912699999999999
0.149512
0.451297
0.22069
0.578918
0.555798
0.189771
0.147624
0.317322
0.050493
0.012185
0.0
0.0
0.0
0.0
0.0
0.0
0.0
0.0
0.0
0.0
0.0
0.003738
0.099172
0.09641200000000001
0.14366
0.456163
0.546957
0.225362
0.21628
0.5204030000000001
0.146157
0.098402
0.16325800000000001
0.013826
0.0
0.0
0.0
0.0
0.0
0.0
0.0
0.0
0.0
0.0
0.0
0.00312
0.075016
0.170203
0.268336
0.168053
0.415771
0.201815
0.44144900000000004
0.39535899999999996
0.324096
0.087676
0.145598
0.01041
0.0
0.0
0.0
0.0
0.0
0.0
0.0
0.0
0.0
0.0
0.0
0.009222
0.074891
0.14674
0.6845589999999999
0.279339
0.318755
0.329938
0.31695
0.275147
0.216798
0.147478
0.234297
0.014357
0.0
0.0
0.0
0.0
0.0
0.0
0.0
0.0
0.0
0.0
0.0
0.00709
0.058582
0.116589
0.394427
0.223497
0.256892
0.661613
0.25628500000000004
0.587696
0.501462
0.38140300000000005
0.061598
0.014787000000000002
0.0
0.0
0.0
0.0
0.0
0.0
0.0
0.0
0.0
0.0
0.0
0.005983
0.050537
0.296482
0.148929
0.189825
0.697742
0.226139
0.21788
0.186912
0.147387
0.411784
0.052094999999999995
0.02224
0.0
0.0
0.0
0.0
0.0
0.0
0.0
0.0
0.0
0.0
0.0
0.004626
0.07140099999999999
0.15743000000000001
0.11743300000000001
0.32018
0.378275
0.401286
0.177814
0.36113999999999996
0.11988800000000001
0.219028
0.146809
0.0068319999999999995
0.0
0.0
0.0
0.0
0.0
0.0
0.0
0.0
0.0
0.0
0.0
0.012961
0.081056
0.371634
0.231667
0.294841
0.336322
0.833333
0.334926
0.830664
0.22943100000000002
0.157572
0.083626
0.019654
0.0
0.0
0.0
0.0
0.0
0.0
0.0
0.0
0.0
0.0
0.0
0.011195
0.070117
0.136123
0.198817
0.254151
0.288536
0.30221
0.833333
0.833333
0.20201
0.138891
0.07388
0.015849
0.0
0.0
0.0
0.0
0.0
0.0
0.0
0.0
0.0
0.0
0.0
0.008289999999999999
0.053507
0.289795
0.15556999999999999
0.197749
0.226893
0.236647
0.713705
0.200303
0.153453
0.418832
0.19503299999999998
0.023992
0.0
0.0
0.0
0.0
0.0
0.0
0.0
0.0
0.0
0.0
0.0
0.010534
0.06281300000000001
0.121012
0.38893
0.22661699999999999
0.259109
0.6277039999999999
0.646241
0.577832
0.17733600000000002
0.379341
0.06522599999999999
0.01466
0.0
0.0
0.0
0.0
0.0
0.0
0.0
0.0
0.0
0.0
0.0
0.011628
0.064983
0.273847
0.420823
0.556363
0.266423
0.702897
0.26834800000000003
0.235227
0.186257
0.416875
0.069037
0.01585
0.0
0.0
0.0
0.0
0.0
0.0
0.0
0.0
0.0
0.0
0.0
0.009374
0.054765
0.105516
0.157037
0.199996
0.22944499999999998
0.240944
0.232316
0.204737
0.16179300000000002
0.111621
0.060035
0.013458
0.0
0.0
0.0
0.0
0.0
0.0
0.0
0.0
0.0
0.0
0.0
0.010487
0.055424
0.10605500000000001
0.15568
0.197443
0.225644
0.236527
0.228418
0.200223
0.159472
0.109734
0.059024
0.014022999999999999
0.0
0.0
0.0
0.0
0.0
0.0
0.0
0.0
0.0
0.0
0.0
0.009533
0.051991
0.098732
0.29365399999999997
0.38755900000000004
0.21396500000000002
0.487113
0.479586
0.437497
0.148624
0.272804
0.16017900000000002
0.012823000000000001
0.0
0.0
0.0
0.0
0.0
0.0
0.0
0.0
0.0
0.0
0.0
0.016155000000000003
0.076235
0.492242
0.207505
0.262403
0.298488
0.312654
0.29317200000000004
0.260727
0.20580299999999999
0.14357499999999998
0.078951
0.047655
0.0
0.0
0.0
0.0
0.0
0.0
0.0
0.0
0.0
0.0
0.0
0.014577999999999999
0.067626
0.250898
0.38699900000000004
0.232929
0.598496
0.633961
0.26275
0.580627
0.18459299999999998
0.127501
0.16969499999999998
0.019686
0.0
0.0
0.0
0.0
0.0
0.0
0.0
0.0
0.0
0.0
0.0
0.010317999999999999
0.092624
0.19388
0.298555
0.392794
0.45877300000000004
0.491575
0.204354
0.18023599999999998
0.14181200000000002
0.09839
0.167242
0.012855
0.0
0.0
0.0
0.0
0.0
0.0
0.0
0.0
0.0
0.0
0.0
0.019834
0.084418
0.155167
0.500149
0.665906
0.32542899999999997
0.33993900000000005
0.327055
0.7506390000000001
0.657793
0.158158
0.087679
0.023431999999999998
0.0
0.0
0.0
0.0
0.0
0.0
0.0
0.0
0.0
0.0
0.0
0.021097
0.088339
0.161992
0.384859
0.510333
0.733773
0.7556219999999999
0.662411
0.614471
0.237061
0.163977
0.135689
0.008442
0.0
0.0
0.0
0.0
0.0
0.0
0.0
0.0
0.0
0.0
0.0
0.021196000000000003
0.086654
0.238955
0.37524799999999997
0.287342
0.330009
0.643951
0.333889
0.594154
0.514753
0.414577
0.144329
0.01357
0.0
0.0
0.0
0.0
0.0
0.0
0.0
0.0
0.0
0.0
0.0
0.014856
0.063396
0.117223
0.172094
0.21854200000000001
0.249855
0.261925
0.25260900000000003
0.219921
0.1792
0.126282
0.070955
0.019218
0.0
0.0
0.0
0.0
0.0
0.0
0.0
0.0
0.0
0.0
0.0
0.01684
0.06735200000000001
0.12457599999999999
0.180369
0.229323
0.26125
0.272656
0.262827
0.230906
0.183862
0.128378
0.071662
0.020146999999999998
0.0
0.0
0.0
0.0
0.0
0.0
0.0
0.0
0.0
0.0
0.0
0.016472
0.066705
0.12188
0.177071
0.22435
0.257189
0.266861
0.25801799999999997
0.226268
0.180915
0.127072
0.071013
0.020044
0.0
0.0
0.0
0.0
0.0
0.0
0.0
0.0
0.0
0.0
0.0
0.016797
0.06744599999999999
0.122894
0.17732900000000001
0.224339
0.256036
0.267553
0.257766
0.22578800000000002
0.181427
0.127491
0.071499
0.020886
0.0
0.0
0.0
0.0
0.0
0.0
0.0
0.0
0.0
0.0
0.0
0.015096
0.06005
0.10880500000000001
0.156915
0.197147
0.21896700000000002
0.23317500000000002
0.833333
0.195602
0.156773
0.509502
0.061450000000000005
0.018027
0.0
0.0
0.0
0.0
0.0
0.0
0.0
0.0
0.0
0.0
0.0
0.019353000000000002
0.072879
0.391327
0.188935
0.741366
0.26904700000000004
0.280423
0.26703699999999997
0.234964
0.18825
0.509138
0.074281
0.022196999999999998
0.0
0.0
0.0
0.0
0.0
0.0
0.0
0.0
0.0
0.0
0.0
0.015891
0.144896
0.110406
0.443427
0.200343
0.22684800000000002
0.237747
0.228346
0.6404070000000001
0.158845
0.412324
0.06326
0.018847000000000003
0.0
0.0
0.0
0.0
0.0
0.0
0.0
0.0
0.0
0.0
0.0
0.02213
0.079148
0.142287
0.205511
0.258458
0.293344
0.833333
0.293539
0.833333
0.20582599999999998
0.14487799999999998
0.082706
0.025204999999999998
0.0
0.0
0.0
0.0
0.0
0.0
0.0
0.0
0.0
0.0
0.0
0.015340999999999999
0.11482200000000001
0.10307599999999999
0.14829499999999998
0.185828
0.532471
0.220744
0.212059
0.506398
0.425182
0.320369
0.059095999999999996
0.017522
0.0
0.0
0.0
0.0
0.0
0.0
0.0
0.0
0.0
0.0
0.0
0.023053
0.08158
0.26275099999999996
0.404786
0.5284880000000001
0.296485
0.669654
0.6652290000000001
0.262492
0.209952
0.410381
0.084746
0.026512
0.0
0.0
0.0
0.0
0.0
0.0
0.0
0.0
0.0
0.0
0.0
0.026553
0.152065
0.3402
0.231376
0.28899400000000003
0.766112
0.334668
0.328591
0.77207
0.239095
0.168345
0.18254499999999999
0.026602
0.0
0.0
0.0
0.0
0.0
0.0
0.0
0.0
0.0
0.0
0.0
0.019638000000000003
0.159327
0.12226300000000001
0.173848
0.218535
0.249698
0.259424
0.770227
0.219779
0.596936
0.127823
0.214709
0.023492000000000002
0.0
0.0
0.0
0.0
0.0
0.0
0.0
0.0
0.0
0.0
0.0
0.023962
0.08065399999999999
0.142073
0.333544
0.25796199999999997
0.5182100000000001
0.675142
0.5658869999999999
0.525316
0.547759
0.35044
0.149673
0.015151
0.0
0.0
0.0
0.0
0.0
0.0
0.0
0.0
0.0
0.0
0.0
0.012636
0.085554
0.16767500000000002
0.116855
0.147459
0.37417
0.400281
0.390716
0.148394
0.294192
0.083958
0.048326
0.023548
0.0
0.0
0.0
0.0
0.0
0.0
0.0
0.0
0.0
0.0
0.0
0.020149999999999998
0.067183
0.12008100000000001
0.17114400000000002
0.216359
0.24590199999999998
0.254224
0.245787
0.215643
0.173361
0.123105
0.07068200000000001
0.023303
0.0
0.0
0.0
0.0
0.0
0.0
0.0
0.0
0.0
0.0
0.0
0.026999
0.08688599999999999
0.150832
0.213108
0.7840130000000001
0.299407
0.313997
0.299065
0.265824
0.7025009999999999
0.152479
0.226265
0.02945
0.0
0.0
0.0
0.0
0.0
0.0
0.0
0.0
0.0
0.0
0.0
0.013101000000000002
0.080137
0.157923
0.11684699999999999
0.146487
0.35000099999999995
0.375017
0.37297199999999997
0.33344999999999997
0.279914
0.084103
0.049138
0.015144999999999999
0.0
0.0
0.0
0.0
0.0
0.0
0.0
0.0
0.0
0.0
0.0
0.021313
0.06837399999999999
0.25628300000000004
0.170883
0.498214
0.23999299999999998
0.251161
0.240058
0.565033
0.482688
0.373453
0.074241
0.031731
0.0
0.0
0.0
0.0
0.0
0.0
0.0
0.0
0.0
0.0
0.0
0.021245999999999998
0.06879
0.119537
0.17057
0.21169
0.240898
0.251161
0.241471
0.208672
0.171013
0.12154000000000001
0.071152
0.024061
0.0
0.0
0.0
0.0
0.0
0.0
0.0
0.0
0.0
0.0
0.0
0.021467
0.068794
0.238299
0.171269
0.46643799999999996
0.24241900000000002
0.5748730000000001
0.5765009999999999
0.528741
0.171174
0.12183100000000001
0.070894
0.028387
0.0
0.0
0.0
0.0
0.0
0.0
0.0
0.0
0.0
0.0
0.0
0.025341000000000002
0.097247
0.134339
0.311191
0.406994
0.736124
0.5106
0.265985
0.461386
0.391829
0.13644399999999998
0.080336
0.021453
0.0
0.0
0.0
0.0
0.0
0.0
0.0
0.0
0.0
0.0
0.0
0.019337
0.109064
0.106557
0.326478
0.416677
0.481485
0.221161
0.501926
0.187025
0.15099600000000002
0.107685
0.185856
0.021530999999999998
0.0
0.0
0.0
0.0
0.0
0.0
0.0
0.0
0.0
0.0
0.0
0.016718
0.088917
0.094859
0.264909
0.167574
0.397677
0.42819
0.427182
0.39464299999999997
0.330928
0.100726
0.059044
0.020607
0.0
0.0
0.0
0.0
0.0
0.0
0.0
0.0
0.0
0.0
0.0
0.021626000000000003
0.067568
0.11702599999999999
0.16685
0.208426
0.238351
0.250497
0.24300899999999998
0.215644
0.17339500000000002
0.124264
0.07317
0.025752
0.0
0.0
0.0
0.0
0.0
0.0
0.0
0.0
0.0
0.0
0.0
0.022198
0.068914
0.119629
0.1688
0.211384
0.24016900000000002
0.250646
0.241363
0.21395
0.171568
0.122671
0.07196899999999999
0.026045000000000002
0.0
0.0
0.0
0.0
0.0
0.0
0.0
0.0
0.0
0.0
0.0
0.014098000000000001
0.045906999999999996
0.080697
0.227524
0.288252
0.161136
0.356863
0.355661
0.325202
0.116289
0.20236500000000002
0.126108
0.024291
0.0
0.0
0.0
0.0
0.0
0.0
0.0
0.0
0.0
0.0
0.0
0.023202999999999998
0.070137
0.275476
0.170387
0.21131
0.615663
0.647741
0.238734
0.212219
0.170898
0.38589999999999997
0.07290600000000001
0.026318
0.0
0.0
0.0
0.0
0.0
0.0
0.0
0.0
0.0
0.0
0.0
0.017099
0.10730200000000001
0.207837
0.306504
0.16439099999999998
0.18678
0.489113
0.18548599999999998
0.164025
0.132375
0.274667
0.173286
0.032622
0.0
0.0
0.0
0.0
0.0
0.0
0.0
0.0
0.0
0.0
0.0
0.030300999999999998
0.088645
0.152518
0.21475
0.267582
0.301616
0.833333
0.300074
0.818468
0.21535300000000002
0.154527
0.22234
0.033366999999999994
0.0
0.0
0.0
0.0
0.0
0.0
0.0
0.0
0.0
0.0
0.0
0.025268000000000002
0.074045
0.125548
0.439788
0.22056
0.249278
0.25979199999999997
0.249122
0.652548
0.565116
0.127411
0.220152
0.028019
0.0
0.0
0.0
0.0
0.0
0.0
0.0
0.0
0.0
0.0
0.0
0.035106
0.101164
0.23763900000000002
0.381102
0.504343
0.60335
0.654617
0.6576040000000001
0.571783
0.462536
0.322178
0.14490199999999998
0.005344000000000001
0.0
0.0
0.0
0.0
0.0
0.0
0.0
0.0
0.0
0.0
0.0
0.034629
0.10466400000000001
0.244068
0.23969200000000002
0.299433
0.334462
0.636962
0.672021
0.6113
0.5160629999999999
0.34440499999999996
0.145583
0.011627
0.0
0.0
0.0
0.0
0.0
0.0
0.0
0.0
0.0
0.0
0.0
0.031175
0.11096500000000001
0.245626
0.36916699999999997
0.26141899999999996
0.567761
0.603351
0.6154080000000001
0.26323599999999997
0.48785199999999995
0.155621
0.17386000000000001
0.022193
0.0
0.0
0.0
0.0
0.0
0.0
0.0
0.0
0.0
0.0
0.0
0.036508000000000006
0.10193200000000001
0.239831
0.379625
0.508383
0.608345
0.651019
0.6327630000000001
0.561295
0.459519
0.318042
0.130387
0.0045899999999999995
0.0
0.0
0.0
0.0
0.0
0.0
0.0
0.0
0.0
0.0
0.0
0.033747
0.10391800000000001
0.165
0.230509
0.475964
0.317834
0.609891
0.74446
0.565049
0.231679
0.379284
0.102816
0.017929999999999998
0.0
0.0
0.0
0.0
0.0
0.0
0.0
0.0
0.0
0.0
0.0
0.026288
0.14982800000000002
0.127657
0.45554300000000003
0.222261
0.252793
0.269455
0.7104640000000001
0.229125
0.584054
0.13497900000000002
0.080624
0.030517
0.0
0.0
0.0
0.0
0.0
0.0
0.0
0.0
0.0
0.0
0.0
0.017224
0.051167000000000004
0.088527
0.124682
0.154985
0.176664
0.183909
0.177613
0.156845
0.12586
0.090909
0.053713000000000004
0.019818000000000002
0.0
0.0
0.0
0.0
0.0
0.0
0.0
0.0
0.0
0.0
0.0
0.017091000000000002
0.050951
0.08854000000000001
0.125148
0.155766
0.176966
0.185834
0.17829
0.158816
0.12773600000000002
0.091834
0.054520000000000006
0.020184
0.0
0.0
0.0
0.0
0.0
0.0
0.0
0.0
0.0
0.0
0.0
0.017244
0.051173
0.088489
0.124391
0.155715
0.17651499999999998
0.184661
0.178001
0.157393
0.127831
0.092309
0.054901000000000005
0.020322
0.0
0.0
0.0
0.0
0.0
0.0
0.0
0.0
0.0
0.0
0.0
0.025669
0.071792
0.122957
0.170269
0.665965
0.239761
0.811334
0.24113800000000002
0.213955
0.17246
0.123538
0.073967
0.028538
0.0
0.0
0.0
0.0
0.0
0.0
0.0
0.0
0.0
0.0
0.0
0.024715
0.134466
0.11835999999999999
0.385483
0.20566900000000002
0.233409
0.62549
0.233212
0.572412
0.16586
0.119907
0.072643
0.038463000000000004
0.0
0.0
0.0
0.0
0.0
0.0
0.0
0.0
0.0
0.0
0.0
0.024535
0.069745
0.117824
0.35654
0.204017
0.536775
0.241918
0.559323
0.207284
0.442316
0.339049
0.07251099999999999
0.027529
0.0
0.0
0.0
0.0
0.0
0.0
0.0
0.0
0.0
0.0
0.0
0.034036000000000004
0.095023
0.22889500000000002
0.223866
0.278024
0.313535
0.586668
0.7000919999999999
0.63021
0.46557
0.375701
0.173921
0.039053
0.0
0.0
0.0
0.0
0.0
0.0
0.0
0.0
0.0
0.0
0.0
0.034180999999999996
0.095214
0.22853
0.504238
0.466246
0.31500599999999995
0.5920019999999999
0.314835
0.280625
0.474134
0.38090199999999996
0.17419300000000001
0.019379999999999998
0.0
0.0
0.0
0.0
0.0
0.0
0.0
0.0
0.0
0.0
0.0
0.035243000000000003
0.0999
0.23754599999999998
0.539644
0.657412
0.5690040000000001
0.345665
0.615801
0.29243
0.237568
0.171818
0.16994399999999998
0.017852
0.0
0.0
0.0
0.0
0.0
0.0
0.0
0.0
0.0
0.0
0.0
0.016152
0.047990000000000005
0.08251
0.244499
0.31241
0.16272999999999999
0.388808
0.164856
0.34488
0.290832
0.08518099999999999
0.13497
0.018811
0.0
0.0
0.0
0.0
0.0
0.0
0.0
0.0
0.0
0.0
0.0
0.026968
0.179458
0.129826
0.539729
0.22530799999999998
0.801159
0.265943
0.254886
0.226743
0.182798
0.131382
0.07876000000000001
0.030587
0.0
0.0
0.0
0.0
0.0
0.0
0.0
0.0
0.0
0.0
0.0
0.018871
0.0549
0.093477
0.131381
0.163849
0.185268
0.194602
0.186126
0.165078
0.134472
0.095253
0.05747
0.021765999999999997
0.0
0.0
0.0
0.0
0.0
0.0
0.0
0.0
0.0
0.0
0.0
0.017177
0.051125
0.087789
0.12432800000000001
0.15468600000000002
0.17655099999999999
0.18387799999999999
0.176739
0.15646000000000002
0.126409
0.09042700000000001
0.054263
0.020074
0.0
0.0
0.0
0.0
0.0
0.0
0.0
0.0
0.0
0.0
0.0
0.017018000000000002
0.050712
0.087362
0.122774
0.152901
0.173003
0.18013900000000002
0.173858
0.15421100000000001
0.12478
0.089768
0.053630000000000004
0.019821000000000002
0.0
0.0
0.0
0.0
0.0
0.0
0.0
0.0
0.0
0.0
0.0
0.024232
0.108242
0.218592
0.162689
0.41994600000000004
0.493351
0.23734200000000003
0.5083179999999999
0.4814
0.16447399999999998
0.117383
0.07143000000000001
0.030944
0.0
0.0
0.0
0.0
0.0
0.0
0.0
0.0
0.0
0.0
0.0
0.017129000000000002
0.051052999999999994
0.0876
0.12398
0.15501900000000002
0.17568
0.183446
0.177174
0.15674700000000003
0.126387
0.091018
0.054514
0.020207999999999997
0.0
0.0
0.0
0.0
0.0
0.0
0.0
0.0
0.0
0.0
0.0
0.019451
0.056286
0.09584699999999999
0.135223
0.168084
0.190321
0.19796100000000003
0.190828
0.169744
0.136881
0.09903400000000001
0.059225
0.022196
0.0
0.0
0.0
0.0
0.0
0.0
0.0
0.0
0.0
0.0
0.0
0.017100999999999998
0.050967
0.087525
0.123029
0.152165
0.173287
0.18161600000000003
0.174857
0.155282
0.124857
0.090002
0.053887
0.019902
0.0
0.0
0.0
0.0
0.0
0.0
0.0
0.0
0.0
0.0
0.0
0.022758
0.066681
0.113285
0.15959299999999998
0.19811600000000001
0.224001
0.23219499999999998
0.22300999999999999
0.198741
0.16325800000000001
0.118562
0.07120099999999999
0.027494
0.0
0.0
0.0
0.0
0.0
0.0
0.0
0.0
0.0
0.0
0.0
0.023648
0.067663
0.11548699999999999
0.16309
0.201487
0.225266
0.239965
0.22703800000000002
0.20360599999999998
0.166015
0.119124
0.071255
0.027191
0.0
0.0
0.0
0.0
0.0
0.0
0.0
0.0
0.0
0.0
0.0
0.015875
0.047564999999999996
0.082138
0.115073
0.293744
0.335075
0.169912
0.359212
0.327887
0.274891
0.207254
0.129012
0.026719
0.0
0.0
0.0
0.0
0.0
0.0
0.0
0.0
0.0
0.0
0.0
0.034872
0.097099
0.231741
0.236177
0.480148
0.32633300000000004
0.61951
0.664769
0.592153
0.494231
0.348762
0.160726
0.010539
0.0
0.0
0.0
0.0
0.0
0.0
0.0
0.0
0.0
0.0
0.0
0.020432
0.108183
0.103135
0.144959
0.408719
0.202923
0.21078
0.500362
0.45325099999999996
0.145542
0.287421
0.18096600000000002
0.023503
0.0
0.0
0.0
0.0
0.0
0.0
0.0
0.0
0.0
0.0
0.0
0.019905000000000003
0.0583
0.10029600000000001
0.141201
0.17621299999999998
0.200149
0.209093
0.200875
0.178724
0.144421
0.104352
0.061840000000000006
0.023094
0.0
0.0
0.0
0.0
0.0
0.0
0.0
0.0
0.0
0.0
0.0
0.019289
0.058502000000000005
0.100273
0.140554
0.17677299999999999
0.19986199999999998
0.20906
0.20136099999999998
0.178737
0.144811
0.10427
0.061873
0.023129999999999998
0.0
0.0
0.0
0.0
0.0
0.0
0.0
0.0
0.0
0.0
0.0
0.01927
0.058301
0.100063
0.141204
0.175614
0.198973
0.203734
0.201133
0.179385
0.14353
0.104277
0.061945
0.023225000000000003
0.0
0.0
0.0
0.0
0.0
0.0
0.0
0.0
0.0
0.0
0.0
0.01934
0.05861
0.100736
0.142321
0.177494
0.200751
0.210375
0.20321
0.179322
0.145428
0.104534
0.061972
0.023236999999999997
0.0
0.0
0.0
0.0
0.0
0.0
0.0
0.0
0.0
0.0
0.0
0.019191
0.058179
0.098655
0.140597
0.17354499999999998
0.198079
0.206217
0.197245
0.17474299999999998
0.14166499999999999
0.102357
0.060795
0.022736
0.0
0.0
0.0
0.0
0.0
0.0
0.0
0.0
0.0
0.0
0.0
0.015214
0.08692100000000001
0.168346
0.11525400000000001
0.144508
0.36861900000000003
0.168874
0.385111
0.349326
0.11602599999999999
0.217852
0.048996000000000005
0.028437999999999998
0.0
0.0
0.0
0.0
0.0
0.0
0.0
0.0
0.0
0.0
0.0
0.018783
0.057332
0.098278
0.138926
0.17361000000000001
0.19884800000000002
0.20952
0.20158099999999998
0.17944300000000002
0.145568
0.103681
0.061524
0.022237
0.0
0.0
0.0
0.0
0.0
0.0
0.0
0.0
0.0
0.0
0.0
0.023393999999999998
0.06980800000000001
0.471738
0.168877
0.21018299999999998
0.237503
0.247082
0.238955
0.20959
0.17027199999999998
0.12157899999999999
0.343386
0.027199
0.0
0.0
0.0
0.0
0.0
0.0
0.0
0.0
0.0
0.0
0.0
0.012211
0.074446
0.143065
0.209989
0.125152
0.31164800000000004
0.14773
0.142077
0.293336
0.240926
0.17955000000000002
0.04206
0.024679
0.0
0.0
0.0
0.0
0.0
0.0
0.0
0.0
0.0
0.0
0.0
0.022927
0.128583
0.26511599999999996
0.168983
0.51647
0.600379
0.247637
0.237195
0.21196299999999998
0.170991
0.37411500000000003
0.073522
0.026768
0.0
0.0
0.0
0.0
0.0
0.0
0.0
0.0
0.0
0.0
0.0
0.033137
0.09690399999999999
0.173671
0.377262
0.615122
0.5903079999999999
0.357442
0.6427780000000001
0.30428
0.5195299999999999
0.361207
0.168759
0.013859
0.0
0.0
0.0
0.0
0.0
0.0
0.0
0.0
0.0
0.0
0.0
0.023407
0.139834
0.2908
0.175655
0.5545030000000001
0.247901
0.257743
0.701952
0.22009
0.178865
0.131054
0.077413
0.039453
0.0
0.0
0.0
0.0
0.0
0.0
0.0
0.0
0.0
0.0
0.0
0.013574
0.045499000000000005
0.157909
0.11406100000000001
0.30363799999999996
0.16253299999999998
0.37200599999999995
0.36890100000000003
0.332512
0.11574
0.205369
0.048101
0.025463999999999997
0.0
0.0
0.0
0.0
0.0
0.0
0.0
0.0
0.0
0.0
0.0
0.018695
0.09665699999999999
0.104352
0.300858
0.18515700000000002
0.449455
0.47830900000000004
0.476507
0.18485200000000002
0.36413999999999996
0.108619
0.063098
0.028534
0.0
0.0
0.0
0.0
0.0
0.0
0.0
0.0
0.0
0.0
0.0
0.028398
0.08947100000000001
0.457706
0.219286
0.27556400000000003
0.30963999999999997
0.325487
0.312909
0.276204
0.22372999999999998
0.159371
0.095444
0.065598
0.0
0.0
0.0
0.0
0.0
0.0
0.0
0.0
0.0
0.0
0.0
0.017168
0.056489
0.098953
0.14074899999999999
0.17637899999999998
0.200712
0.20983500000000002
0.20252099999999998
0.179923
0.144748
0.10298
0.060653
0.021196000000000003
0.0
0.0
0.0
0.0
0.0
0.0
0.0
0.0
0.0
0.0
0.0
0.016544
0.053881
0.094506
0.134946
0.7270420000000001
0.192028
0.20012
0.192699
0.169835
0.13762
0.09736700000000001
0.306136
0.019719999999999998
0.0
0.0
0.0
0.0
0.0
0.0
0.0
0.0
0.0
0.0
0.0
0.027096
0.087373
0.28182
0.215601
0.5698390000000001
0.30661
0.729174
0.306362
0.671465
0.21769999999999998
0.440369
0.09097
0.032958
0.0
0.0
0.0
0.0
0.0
0.0
0.0
0.0
0.0
0.0
0.0
0.029382000000000002
0.096521
0.233489
0.378437
0.505498
0.609565
0.652503
0.6624099999999999
0.59917
0.515909
0.171427
0.172058
0.007474000000000001
0.0
0.0
0.0
0.0
0.0
0.0
0.0
0.0
0.0
0.0
0.0
0.02491
0.08310200000000001
0.14521199999999998
0.33253
0.498905
0.518575
0.6429170000000001
0.550341
0.593551
0.43139999999999995
0.14718799999999999
0.08703100000000001
0.030824
0.0
0.0
0.0
0.0
0.0
0.0
0.0
0.0
0.0
0.0
0.0
0.026898
0.096155
0.15635
0.221578
0.462769
0.31194
0.324464
0.5851029999999999
0.661119
0.462618
0.40737
0.193048
0.033451999999999996
0.0
0.0
0.0
0.0
0.0
0.0
0.0
0.0
0.0
0.0
0.0
0.010564
0.040043
0.12801400000000002
0.10284399999999999
0.247118
0.287053
0.304993
0.299711
0.272411
0.227385
0.167768
0.10211400000000001
0.018959
0.0
0.0
0.0
0.0
0.0
0.0
0.0
0.0
0.0
0.0
0.0
0.012757
0.09408499999999999
0.188724
0.122229
0.153992
0.418213
0.43877
0.174882
0.153122
0.123252
0.249119
0.156994
0.016657
0.0
0.0
0.0
0.0
0.0
0.0
0.0
0.0
0.0
0.0
0.0
0.010541
0.06289
0.126197
0.189891
0.245087
0.28489
0.304254
0.29935
0.271221
0.223258
0.164623
0.042198
0.017943
0.0
0.0
0.0
0.0
0.0
0.0
0.0
0.0
0.0
0.0
0.0
0.015586000000000001
0.056318
0.10085899999999999
0.144587
0.182077
0.206691
0.213441
0.20690899999999998
0.182834
0.145386
0.103536
0.059642
0.019559999999999998
0.0
0.0
0.0
0.0
0.0
0.0
0.0
0.0
0.0
0.0
0.0
0.022149000000000002
0.090647
0.207297
0.427922
0.430595
0.287383
0.5497089999999999
0.287423
0.499811
0.42047500000000004
0.403628
0.187518
0.018445
0.0
0.0
0.0
0.0
0.0
0.0
0.0
0.0
0.0
0.0
0.0
0.025108000000000002
0.089384
0.227763
0.227368
0.480055
0.32081099999999996
0.606004
0.72262
0.6622939999999999
0.475209
0.160945
0.09320099999999999
0.031214
0.0
0.0
0.0
0.0
0.0
0.0
0.0
0.0
0.0
0.0
0.0
0.022599
0.082675
0.21659299999999998
0.20968799999999999
0.26160700000000003
0.526609
0.312256
0.301382
0.535172
0.44987900000000003
0.458972
0.195793
0.019305
0.0
0.0
0.0
0.0
0.0
0.0
0.0
0.0
0.0
0.0
0.0
0.022032
0.081564
0.145833
0.437077
0.26208
0.298221
0.7276180000000001
0.297745
0.662096
0.211059
0.435202
0.21585400000000002
0.027266
0.0
0.0
0.0
0.0
0.0
0.0
0.0
0.0
0.0
0.0
0.0
0.025498
0.091288
0.23168
0.380878
0.512113
0.608201
0.66239
0.64251
0.581645
0.48966899999999997
0.344566
0.151774
0.0046630000000000005
0.0
0.0
0.0
0.0
0.0
0.0
0.0
0.0
0.0
0.0
0.0
0.026553
0.092357
0.237464
0.39169600000000004
0.523793
0.632881
0.656947
0.649517
0.5767720000000001
0.48041300000000003
0.336793
0.146697
0.003941
0.0
0.0
0.0
0.0
0.0
0.0
0.0
0.0
0.0
0.0
0.0
0.011883
0.049976
0.09047100000000001
0.13157400000000002
0.16556800000000002
0.192132
0.200015
0.193262
0.168392
0.135202
0.094473
0.053197
0.015823
0.0
0.0
0.0
0.0
0.0
0.0
0.0
0.0
0.0
0.0
0.0
0.015429
0.061166
0.111227
0.444679
0.201983
0.228436
0.70356
0.229244
0.203388
0.163883
0.408506
0.066047
0.035702
0.0
0.0
0.0
0.0
0.0
0.0
0.0
0.0
0.0
0.0
0.0
0.017188
0.06820699999999999
0.44696600000000003
0.17921
0.224986
0.258547
0.265748
0.258199
0.23004
0.183231
0.128672
0.073334
0.066759
0.0
0.0
0.0
0.0
0.0
0.0
0.0
0.0
0.0
0.0
0.0
0.023109
0.094466
0.172361
0.24794300000000002
0.52661
0.355358
0.6795
0.694768
0.632559
0.537616
0.365194
0.158584
0.011723
0.0
0.0
0.0
0.0
0.0
0.0
0.0
0.0
0.0
0.0
0.0
0.02234
0.095056
0.240602
0.24234999999999998
0.5182680000000001
0.731108
0.747933
0.6621630000000001
0.307996
0.24508000000000002
0.173028
0.097
0.012338
0.0
0.0
0.0
0.0
0.0
0.0
0.0
0.0
0.0
0.0
0.0
0.014351000000000001
0.063029
0.26545100000000005
0.407389
0.213211
0.242917
0.657717
0.242701
0.598275
0.169209
0.117105
0.066532
0.018821
0.0
0.0
0.0
0.0
0.0
0.0
0.0
0.0
0.0
0.0
0.0
0.016911000000000002
0.152042
0.132956
0.193933
0.674615
0.277972
0.293058
0.27974099999999996
0.7955180000000001
0.197552
0.137847
0.238007
0.022119
0.0
0.0
0.0
0.0
0.0
0.0
0.0
0.0
0.0
0.0
0.0
0.006063
0.033564
0.06399
0.094308
0.120765
0.138467
0.145148
0.139208
0.121795
0.09639
0.066189
0.035982999999999994
0.008492000000000001
0.0
0.0
0.0
0.0
0.0
0.0
0.0
0.0
0.0
0.0
0.0
0.006824
0.037521
0.07089
0.103997
0.131458
0.151278
0.157855
0.151643
0.133084
0.105235
0.07226
0.039481999999999996
0.009091
0.0
0.0
0.0
0.0
0.0
0.0
0.0
0.0
0.0
0.0
0.0
0.018155
0.08351399999999999
0.230697
0.370499
0.48680900000000005
0.32591000000000003
0.339021
0.623101
0.286402
0.489821
0.441012
0.176279
0.025314
0.0
0.0
0.0
0.0
0.0
0.0
0.0
0.0
0.0
0.0
0.0
0.008133
0.044025
0.08251399999999999
0.11991
0.152314
0.174401
0.183668
0.17765
0.156325
0.12261
0.084262
0.046374000000000005
0.011087999999999999
0.0
0.0
0.0
0.0
0.0
0.0
0.0
0.0
0.0
0.0
0.0
0.017219
0.08880400000000001
0.222767
0.368296
0.487831
0.585675
0.6448039999999999
0.64446
0.5917910000000001
0.509475
0.38146800000000003
0.15989799999999998
0.009695
0.0
0.0
0.0
0.0
0.0
0.0
0.0
0.0
0.0
0.0
0.0
0.015159
0.089125
0.28157299999999996
0.34554700000000005
0.461734
0.7110299999999999
0.591212
0.304803
0.5456380000000001
0.212469
0.357588
0.08138
0.013194
0.0
0.0
0.0
0.0
0.0
0.0
0.0
0.0
0.0
0.0
0.0
0.016832999999999997
0.127675
0.162591
0.238156
0.666482
0.790582
0.359251
0.833333
0.303269
0.241126
0.166184
0.186078
0.018207
0.0
0.0
0.0
0.0
0.0
0.0
0.0
0.0
0.0
0.0
0.0
0.012548
0.112856
0.129501
0.413158
0.547785
0.642503
0.288724
0.684739
0.24642699999999998
0.194717
0.134442
0.072858
0.019944
0.0
0.0
0.0
0.0
0.0
0.0
0.0
0.0
0.0
0.0
0.0
0.005176
0.035671999999999995
0.06919
0.103333
0.133079
0.15313200000000002
0.160972
0.155042
0.13464500000000001
0.106534
0.072409
0.038162999999999996
0.007622
0.0
0.0
0.0
0.0
0.0
0.0
0.0
0.0
0.0
0.0
0.0
0.011348
0.151722
0.124806
0.5336839999999999
0.23179
0.268851
0.27988
0.271632
0.23777299999999998
0.6701480000000001
0.514202
0.069592
0.016471
0.0
0.0
0.0
0.0
0.0
0.0
0.0
0.0
0.0
0.0
0.0
0.013775
0.079958
0.378865
0.227846
0.292268
0.33766399999999996
0.352417
0.833333
0.29101299999999997
0.231973
0.49585199999999996
0.21354800000000002
0.019905000000000003
0.0
0.0
0.0
0.0
0.0
0.0
0.0
0.0
0.0
0.0
0.0
0.015087999999999999
0.091283
0.24251499999999998
0.407242
0.555774
0.6696
0.730578
0.6983400000000001
0.676079
0.510979
0.350327
0.14410499999999998
0.002625
0.0
0.0
0.0
0.0
0.0
0.0
0.0
0.0
0.0
0.0
0.0
0.012548
0.089241
0.231436
0.387064
0.525836
0.6286889999999999
0.642365
0.32840499999999995
0.596054
0.538575
0.370135
0.138099
0.009616
0.0
0.0
0.0
0.0
0.0
0.0
0.0
0.0
0.0
0.0
0.0
0.013627
0.089324
0.23815899999999998
0.396889
0.534953
0.647959
0.713789
0.695072
0.632096
0.508429
0.347969
0.141069
0.020151
0.0
0.0
0.0
0.0
0.0
0.0
0.0
0.0
0.0
0.0
0.0
0.005762
0.0492
0.096979
0.32667399999999996
0.434532
0.513769
0.546006
0.21460900000000002
0.187222
0.146467
0.099569
0.177725
0.009571999999999999
0.0
0.0
0.0
0.0
0.0
0.0
0.0
0.0
0.0
0.0
0.0
0.004282
0.041347
0.083263
0.124824
0.15974100000000002
0.18449700000000002
0.194069
0.185607
0.163813
0.127545
0.08715
0.044609
0.007593
0.0
0.0
0.0
0.0
0.0
0.0
0.0
0.0
0.0
0.0
0.0
0.002218
0.030495
0.062113999999999996
0.09432299999999999
0.12208
0.14085499999999998
0.14777099999999999
0.14187
0.12504600000000002
0.097338
0.06568
0.033255
0.004746
0.0
0.0
0.0
0.0
0.0
0.0
0.0
0.0
0.0
0.0
0.0
0.006158
0.093583
0.22181299999999998
0.348709
0.46475900000000003
0.250966
0.5809249999999999
0.585198
0.218384
0.173811
0.350326
0.061467
0.012374000000000001
0.0
0.0
0.0
0.0
0.0
0.0
0.0
0.0
0.0
0.0
0.0
0.004118999999999999
0.04654
0.09357599999999999
0.140427
0.18051
0.208133
0.216911
0.20466399999999998
0.181519
0.14191900000000002
0.095283
0.049768
0.008019
0.0
0.0
0.0
0.0
0.0
0.0
0.0
0.0
0.0
0.0
0.0
0.004107
0.047813
0.09785200000000001
0.147127
0.189689
0.218054
0.229233
0.219051
0.193091
0.149748
0.10133
0.051701000000000004
0.008038
0.0
0.0
0.0
0.0
0.0
0.0
0.0
0.0
0.0
0.0
0.0
0.004131
0.052828
0.10672100000000001
0.161844
0.20777099999999998
0.2389
0.248838
0.235703
0.206281
0.16497399999999998
0.11103700000000001
0.057405
0.008678000000000002
0.0
0.0
0.0
0.0
0.0
0.0
0.0
0.0
0.0
0.0
0.0
0.00414
0.089874
0.216022
0.16297499999999998
0.20944100000000002
0.241686
0.5722780000000001
0.563044
0.521218
0.44215699999999997
0.113563
0.151405
0.010882999999999999
0.0
0.0
0.0
0.0
0.0
0.0
0.0
0.0
0.0
0.0
0.0
0.00156
0.06911
0.158015
0.114898
0.14884899999999998
0.171963
0.402331
0.40026
0.368315
0.30039299999999997
0.078181
0.14169800000000002
0.008496
0.0
0.0
0.0
0.0
0.0
0.0
0.0
0.0
0.0
0.0
0.0
0.003467
0.053549
0.229238
0.36190100000000003
0.216298
0.581438
0.619991
0.606721
0.2171
0.16972900000000002
0.115855
0.057915999999999995
0.00771
0.0
0.0
0.0
0.0
0.0
0.0
0.0
0.0
0.0
0.0
0.0
0.004149
0.060568
0.29792399999999997
0.47684
0.246561
0.28360399999999997
0.793582
0.282835
0.244825
0.191607
0.45084399999999997
0.157976
0.0114
0.0
0.0
0.0
0.0
0.0
0.0
0.0
0.0
0.0
0.0
0.0
0.001555
0.045155
0.188591
0.14362899999999998
0.404103
0.213947
0.512381
0.498461
0.186929
0.375801
0.284257
0.133653
0.004718
0.0
0.0
0.0
0.0
0.0
0.0
0.0
0.0
0.0
0.0
0.0
0.0015400000000000001
0.095702
0.230981
0.372398
0.494455
0.234096
0.612934
0.234966
0.20369900000000002
0.16144
0.107565
0.14368999999999998
0.005222
0.0
0.0
0.0
0.0
0.0
0.0
0.0
0.0
0.0
0.0
0.0
0.000898
0.045954999999999996
0.222821
0.147012
0.191164
0.547742
0.594158
0.221308
0.192992
0.438288
0.100162
0.138396
0.003933
0.0
0.0
0.0
0.0
0.0
0.0
0.0
0.0
0.0
0.0
0.0
0.000885
0.050305
0.10707699999999999
0.164689
0.21223599999999998
0.244817
0.256106
0.243205
0.213642
0.16522399999999998
0.110595
0.054174999999999994
0.004683
0.0
0.0
0.0
0.0
0.0
0.0
0.0
0.0
0.0
0.0
0.0
0.0
0.06914000000000001
0.081587
0.126085
0.353489
0.189942
0.448041
0.436012
0.39954500000000004
0.327272
0.083661
0.11487399999999999
0.0021019999999999997
0.0
0.0
0.0
0.0
0.0
0.0
0.0
0.0
0.0
0.0
0.0
0.0
0.035976999999999995
0.078351
0.122045
0.159989
0.186125
0.195887
0.186462
0.162352
0.12451000000000001
0.082056
0.039551
0.001631
0.0
0.0
0.0
0.0
0.0
0.0
0.0
0.0
0.0
0.0
0.0
0.0
0.035255
0.0782
0.120095
0.159089
0.182204
0.193559
0.18604099999999998
0.160554
0.123793
0.080635
0.038628
0.001625
0.0
0.0
0.0
0.0
0.0
0.0
0.0
0.0
0.0
0.0
0.0
0.0
0.034894
0.07671599999999999
0.120943
0.158067
0.183136
0.191946
0.184454
0.158751
0.12298300000000001
0.08022
0.038172
0.0009509999999999999
0.0
0.0
0.0
0.0
0.0
0.0
0.0
0.0
0.0
0.0
0.0
0.0
0.034526
0.077586
0.121178
0.15866
0.18441
0.194136
0.184411
0.16029300000000002
0.124074
0.081018
0.038176
0.000464
0.0
0.0
0.0
0.0
0.0
0.0
0.0
0.0
0.0
0.0
0.0
0.0
0.033491
0.076163
0.119816
0.15718100000000002
0.18360200000000002
0.190612
0.182608
0.15937700000000002
0.12257299999999999
0.080106
0.037105
0.000434
0.0
0.0
0.0
0.0
0.0
0.0
0.0
0.0
0.0
0.0
0.0
0.0
0.033793
0.076962
0.120366
0.158301
0.184495
0.19473
0.18621000000000001
0.1611
0.12385800000000001
0.080464
0.037498
0.0
0.0
0.0
0.0
0.0
0.0
0.0
0.0
0.0
0.0
0.0
0.0
0.0
0.032999
0.07602800000000001
0.11996899999999999
0.158363
0.184118
0.193244
0.18491
0.16100299999999998
0.12359099999999999
0.080479
0.036713
0.0
0.0
0.0
0.0
0.0
0.0
0.0
0.0
0.0
0.0
0.0
0.0
0.0
0.058601999999999994
0.13258699999999998
0.206353
0.27086
0.31436000000000003
0.833333
0.313685
0.273723
0.210431
0.13697800000000002
0.064238
0.001709
0.0
0.0
0.0
0.0
0.0
0.0
0.0
0.0
0.0
0.0
0.0
0.0
0.062891
0.13983199999999998
0.218016
0.28332
0.820768
0.345928
0.833333
0.8179890000000001
0.220948
0.145253
0.067521
0.001646
0.0
0.0
0.0
0.0
0.0
0.0
0.0
0.0
0.0
0.0
0.0
0.0
0.031086
0.0736
0.117107
0.153318
0.179095
0.188273
0.1809
0.156831
0.120269
0.077668
0.034735
0.0
0.0
0.0
0.0
0.0
0.0
0.0
0.0
0.0
0.0
0.0
0.0
0.0
0.053589
0.12290999999999999
0.43289999999999995
0.591401
0.698511
0.30391199999999996
0.29155200000000003
0.704108
0.192757
0.125699
0.061988999999999995
0.0
0.0
0.0
0.0
0.0
0.0
0.0
0.0
0.0
0.0
0.0
0.0
0.0
0.030191
0.072794
0.115767
0.154092
0.180066
0.190633
0.182279
0.15751300000000001
0.11996899999999999
0.07669100000000001
0.033966
0.0
0.0
0.0
0.0
0.0
0.0
0.0
0.0
0.0
0.0
0.0
0.0
0.0
0.034434
0.083016
0.133405
0.176053
0.205827
0.21659399999999998
0.20681200000000002
0.178238
0.136056
0.087313
0.038706000000000004
0.0
0.0
0.0
0.0
0.0
0.0
0.0
0.0
0.0
0.0
0.0
0.0
0.0
0.048167
0.11397700000000001
0.179004
0.620203
0.27076
0.7872039999999999
0.273129
0.7292390000000001
0.181562
0.11770900000000001
0.052319000000000004
0.0
0.0
0.0
0.0
0.0
0.0
0.0
0.0
0.0
0.0
0.0
0.0
0.0
0.052252
0.123404
0.196509
0.805137
0.302407
0.319002
0.301236
0.260649
0.198824
0.12753799999999998
0.056180999999999995
0.0
0.0
0.0
0.0
0.0
0.0
0.0
0.0
0.0
0.0
0.0
0.0
0.0
0.043241999999999996
0.105909
0.169496
0.224936
0.676647
0.274617
0.723037
0.660756
0.171814
0.38851100000000005
0.047725000000000004
0.0
0.0
0.0
0.0
0.0
0.0
0.0
0.0
0.0
0.0
0.0
0.0
0.0
0.032962000000000005
0.08261
0.33748500000000003
0.17769300000000002
0.553232
0.594546
0.207279
0.177604
0.136459
0.337681
0.036204
0.0
0.0
0.0
0.0
0.0
0.0
0.0
0.0
0.0
0.0
0.0
0.0
0.0
0.036161
0.090333
0.14527299999999999
0.494604
0.58863
0.23840199999999998
0.62701
0.19552799999999998
0.148211
0.374532
0.039725
0.0
0.0
0.0
0.0
0.0
0.0
0.0
0.0
0.0
0.0
0.0
0.0
0.0
0.039227
0.099079
0.160515
0.214775
0.247312
0.259542
0.25018799999999997
0.21463300000000002
0.161959
0.10386
0.04403
0.0
0.0
0.0
0.0
0.0
0.0
0.0
0.0
0.0
0.0
0.0
0.0
0.0
0.037453
0.09478199999999999
0.152916
0.506029
0.6068049999999999
0.252098
0.65435
0.20737799999999998
0.497091
0.099078
0.041334
0.0
0.0
0.0
0.0
0.0
0.0
0.0
0.0
0.0
0.0
0.0
0.0
0.0
0.032009
0.08283199999999999
0.295148
0.180642
0.484966
0.519961
0.212044
0.467442
0.385579
0.30856
0.044503999999999995
0.0
0.0
0.0
0.0
0.0
0.0
0.0
0.0
0.0
0.0
0.0
0.0
0.0
0.036647
0.347957
0.155417
0.207665
0.242651
0.25529
0.241857
0.208001
0.724733
0.444757
0.040740000000000005
0.0
0.0
0.0
0.0
0.0
0.0
0.0
0.0
0.0
0.0
0.0
0.0
0.0
0.020667
0.115545
0.194862
0.265794
0.318198
0.15735400000000002
0.33869499999999997
0.300038
0.25013399999999997
0.188395
0.0233
0.0
0.0
0.0
0.0
0.0
0.0
0.0
0.0
0.0
0.0
0.0
0.0
0.0
0.032932
0.088997
0.14552600000000002
0.195811
0.229487
0.664833
0.648064
0.59865
0.149709
0.093597
0.055176
0.0
0.0
0.0
0.0
0.0
0.0
0.0
0.0
0.0
0.0
0.0
0.0
0.0
0.008123
0.026613
0.045802
0.063077
0.075159
0.079668
0.075714
0.06452200000000001
0.047534
0.029141999999999998
0.009581
0.0
0.0
0.0
0.0
0.0
0.0
0.0
0.0
0.0
0.0
0.0
0.0
0.0
0.031933
0.086907
0.141814
0.191273
0.666851
0.23677099999999998
0.7114210000000001
0.195462
0.146816
0.372908
0.035914
0.0
0.0
0.0
0.0
0.0
0.0
0.0
0.0
0.0
0.0
0.0
0.0
0.0
0.02868
0.17388
0.130383
0.410311
0.495024
0.218638
0.20811500000000002
0.480823
0.400906
0.325022
0.031446999999999996
0.0
0.0
0.0
0.0
0.0
0.0
0.0
0.0
0.0
0.0
0.0
0.0
0.0
0.046977
0.12734399999999998
0.37837200000000004
0.54876
0.667822
0.7286609999999999
0.705189
0.66208
0.46842500000000004
0.279276
0.014896000000000001
0.0
0.0
0.0
0.0
0.0
0.0
0.0
0.0
0.0
0.0
0.0
0.0
0.0
0.021539000000000003
0.14418799999999998
0.105061
0.141799
0.40542700000000004
0.435871
0.437189
0.14431
0.107928
0.26219099999999995
0.0389
0.0
0.0
0.0
0.0
0.0
0.0
0.0
0.0
0.0
0.0
0.0
0.0
0.0
0.007691
0.025894999999999998
0.045381
0.06264
0.074739
0.079535
0.075735
0.064579
0.047306
0.028482
0.009178
0.0
0.0
0.0
0.0
0.0
0.0
0.0
0.0
0.0
0.0
0.0
0.0
0.0
0.007146
0.026495
0.046368
0.063128
0.075362
0.07981
0.07581
0.064243
0.047611
0.027896
0.008442999999999999
0.0
0.0
0.0
0.0
0.0
0.0
0.0
0.0
0.0
0.0
0.0
0.0
0.0
0.007069
0.025397
0.045064
0.062312
0.07370399999999999
0.077401
0.074134
0.062596
0.045493
0.026973
0.008086
0.0
0.0
0.0
0.0
0.0
0.0
0.0
0.0
0.0
0.0
0.0
0.0
0.0
0.006971
0.025237
0.044601999999999996
0.061838000000000004
0.072935
0.077454
0.07352800000000001
0.062369
0.045954999999999996
0.026518
0.008149
0.0
0.0
0.0
0.0
0.0
0.0
0.0
0.0
0.0
0.0
0.0
0.0
0.0
0.006123999999999999
0.024967
0.043720999999999996
0.060625
0.072557
0.07732699999999999
0.07366800000000001
0.062214
0.045235
0.026509
0.007384
0.0
0.0
0.0
0.0
0.0
0.0
0.0
0.0
0.0
0.0
0.0
0.0
0.0
0.006157
0.024328
0.043831
0.060932
0.072037
0.076829
0.072725
0.061436
0.04498
0.026411999999999998
0.007351
0.0
0.0
0.0
0.0
0.0
0.0
0.0
0.0
0.0
0.0
0.0
0.0
0.0
0.038776000000000005
0.117675
0.198623
0.273391
0.322441
0.833333
0.324728
0.27833199999999997
0.206163
0.125343
0.04554
0.0
0.0
0.0
0.0
0.0
0.0
0.0
0.0
0.0
0.0
0.0
0.0
0.0
0.015106
0.120849
0.21282900000000002
0.122362
0.353244
0.378613
0.366661
0.122889
0.091143
0.053436
0.01734
0.0
0.0
0.0
0.0
0.0
0.0
0.0
0.0
0.0
0.0
0.0
0.0
0.0
0.0074340000000000005
0.029155
0.052001
0.072863
0.08681399999999999
0.091821
0.087392
0.074017
0.054019
0.03111
0.008481
0.0
0.0
0.0
0.0
0.0
0.0
0.0
0.0
0.0
0.0
0.0
0.0
0.0
0.019527000000000003
0.30574599999999996
0.115991
0.15968700000000002
0.190641
0.20138999999999999
0.19134800000000002
0.162353
0.6996760000000001
0.0714
0.08256000000000001
0.0
0.0
0.0
0.0
0.0
0.0
0.0
0.0
0.0
0.0
0.0
0.0
0.0
0.05497
0.238338
0.44165699999999997
0.603236
0.656216
0.652685
0.620165
0.533224
0.397441
0.178011
0.002598
0.0
0.0
0.0
0.0
0.0
0.0
0.0
0.0
0.0
0.0
0.0
0.0
0.0
0.021403
0.07529300000000001
0.131362
0.476743
0.577518
0.22431
0.606952
0.18181299999999997
0.133187
0.282742
0.025434000000000002
0.0
0.0
0.0
0.0
0.0
0.0
0.0
0.0
0.0
0.0
0.0
0.0
0.0
0.022102
0.078117
0.136071
0.415365
0.495095
0.545096
0.5508959999999999
0.51169
0.140671
0.255363
0.026822
0.0
0.0
0.0
0.0
0.0
0.0
0.0
0.0
0.0
0.0
0.0
0.0
0.0
0.017318
0.063925
0.239195
0.345853
0.419736
0.45350799999999997
0.447587
0.15768100000000002
0.342663
0.24481999999999998
0.020387
0.0
0.0
0.0
0.0
0.0
0.0
0.0
0.0
0.0
0.0
0.0
0.0
0.0
0.021132
0.077906
0.32470800000000005
0.45558
0.22481600000000002
0.237466
0.597962
0.553981
0.466901
0.08292000000000001
0.03082
0.0
0.0
0.0
0.0
0.0
0.0
0.0
0.0
0.0
0.0
0.0
0.0
0.0
0.029679999999999998
0.19588999999999998
0.35686599999999996
0.259455
0.309125
0.690742
0.701265
0.261812
0.49246300000000004
0.244775
0.019499
0.0
0.0
0.0
0.0
0.0
0.0
0.0
0.0
0.0
0.0
0.0
0.0
0.0
0.02961
0.10865000000000001
0.19092599999999998
0.5262380000000001
0.733881
0.756893
0.7116950000000001
0.635914
0.197336
0.208675
0.037767
0.0
0.0
0.0
0.0
0.0
0.0
0.0
0.0
0.0
0.0
0.0
0.0
0.0
0.002949
0.020905999999999998
0.038899
0.055918
0.067157
0.071853
0.06731699999999999
0.056578
0.040981000000000004
0.022393
0.004036
0.0
0.0
0.0
0.0
0.0
0.0
0.0
0.0
0.0
0.0
0.0
0.0
0.0
0.013373
0.054833
0.099775
0.140048
0.167786
0.178112
0.16817400000000002
0.142256
0.10331
0.059133000000000005
0.016153999999999998
0.0
0.0
0.0
0.0
0.0
0.0
0.0
0.0
0.0
0.0
0.0
0.0
0.0
0.003209
0.020797999999999997
0.039864
0.056607
0.06794199999999999
0.07245499999999999
0.068645
0.057303
0.041479999999999996
0.022423
0.004214000000000001
0.0
0.0
0.0
0.0
0.0
0.0
0.0
0.0
0.0
0.0
0.0
0.0
0.0
0.003241
0.020925
0.039255000000000005
0.056004
0.067316
0.07195900000000001
0.06809
0.057131999999999995
0.040612999999999996
0.022393
0.0034249999999999997
0.0
0.0
0.0
0.0
0.0
0.0
0.0
0.0
0.0
0.0
0.0
0.0
0.0
0.002391
0.019809
0.038563
0.054822
0.066008
0.070074
0.066069
0.054700000000000006
0.039422
0.020907
0.0031450000000000002
0.0
0.0
0.0
0.0
0.0
0.0
0.0
0.0
0.0
0.0
0.0
0.0
0.0
0.013472
0.14175800000000002
0.262281
0.381392
0.46978699999999995
0.198835
0.504429
0.16101300000000002
0.116951
0.212007
0.022033
0.0
0.0
0.0
0.0
0.0
0.0
0.0
0.0
0.0
0.0
0.0
0.0
0.0
0.027056
0.210677
0.395327
0.575371
0.652821
0.6629700000000001
0.6158049999999999
0.527883
0.382074
0.13537000000000002
0.0021019999999999997
0.0
0.0
0.0
0.0
0.0
0.0
0.0
0.0
0.0
0.0
0.0
0.0
0.0
0.026389
0.207225
0.39226799999999995
0.5735009999999999
0.657004
0.6618120000000001
0.618937
0.530391
0.380939
0.131215
0.001984
0.0
0.0
0.0
0.0
0.0
0.0
0.0
0.0
0.0
0.0
0.0
0.0
0.0
0.024752
0.20566800000000002
0.383104
0.568955
0.651868
0.662711
0.616904
0.574176
0.385259
0.12900299999999998
0.002025
0.0
0.0
0.0
0.0
0.0
0.0
0.0
0.0
0.0
0.0
0.0
0.0
0.0
0.008127
0.10723300000000001
0.20501499999999998
0.289269
0.147061
0.387592
0.14849700000000002
0.34843999999999997
0.29231599999999996
0.04933
0.01682
0.0
0.0
0.0
0.0
0.0
0.0
0.0
0.0
0.0
0.0
0.0
0.0
0.0
0.018446
0.245061
0.166913
0.23193
0.28523899999999996
0.833333
0.833333
0.236995
0.17381
0.09811700000000001
0.023600000000000003
0.0
0.0
0.0
0.0
0.0
0.0
0.0
0.0
0.0
0.0
0.0
0.0
0.0
0.015506
0.07758799999999999
0.14435599999999998
0.649625
0.24511000000000002
0.261087
0.24718700000000002
0.7579980000000001
0.15040199999999998
0.221668
0.029616
0.0
0.0
0.0
0.0
0.0
0.0
0.0
0.0
0.0
0.0
0.0
0.0
0.0
0.007439
0.045755000000000004
0.189349
0.26985000000000003
0.331963
0.370222
0.371602
0.336247
0.091851
0.162605
0.013287
0.0
0.0
0.0
0.0
0.0
0.0
0.0
0.0
0.0
0.0
0.0
0.0
0.0
0.004697
0.036109
0.068981
0.099161
0.12051
0.128601
0.121309
0.101378
0.071741
0.038494
0.006573000000000001
0.0
0.0
0.0
0.0
0.0
0.0
0.0
0.0
0.0
0.0
0.0
0.0
0.0
0.007617
0.12132
0.23274899999999998
0.335943
0.165048
0.17616800000000002
0.45445100000000005
0.407673
0.097353
0.16868
0.009949999999999999
0.0
0.0
0.0
0.0
0.0
0.0
0.0
0.0
0.0
0.0
0.0
0.0
0.0
0.004549
0.034603999999999996
0.06729600000000001
0.096363
0.118086
0.125992
0.11905500000000001
0.099688
0.070869
0.037634
0.005884
0.0
0.0
0.0
0.0
0.0
0.0
0.0
0.0
0.0
0.0
0.0
0.0
0.0
0.003895
0.034378
0.066805
0.096795
0.116976
0.125127
0.11946999999999999
0.09934699999999999
0.07027800000000001
0.037841
0.005248
0.0
0.0
0.0
0.0
0.0
0.0
0.0
0.0
0.0
0.0
0.0
0.0
0.0
0.003944
0.033859
0.06681999999999999
0.09709999999999999
0.118154
0.125898
0.11930400000000001
0.099528
0.070563
0.037166
0.005282
0.0
0.0
0.0
0.0
0.0
0.0
0.0
0.0
0.0
0.0
0.0
0.0
0.0
0.0039700000000000004
0.033928
0.06668500000000001
0.09573699999999999
0.115121
0.123104
0.116616
0.096543
0.06803400000000001
0.036262
0.005089000000000001
0.0
0.0
0.0
0.0
0.0
0.0
0.0
0.0
0.0
0.0
0.0
0.0
0.0
0.009928000000000001
0.06792100000000001
0.49110899999999996
0.185834
0.8272480000000001
0.237176
0.22570300000000001
0.18853999999999999
0.135216
0.074281
0.012827999999999999
0.0
0.0
0.0
0.0
0.0
0.0
0.0
0.0
0.0
0.0
0.0
0.0
0.0
0.009053
0.187818
0.13031
0.530501
0.22355
0.714832
0.225637
0.188234
0.509962
0.073938
0.012017
0.0
0.0
0.0
0.0
0.0
0.0
0.0
0.0
0.0
0.0
0.0
0.0
0.0
0.002386
0.032161
0.065113
0.09455
0.11549
0.123695
0.117247
0.09776699999999999
0.06828100000000001
0.035424
0.004096
0.0
0.0
0.0
0.0
0.0
0.0
0.0
0.0
0.0
0.0
0.0
0.0
0.0
0.01074
0.078805
0.30435700000000004
0.701374
0.546241
0.277274
0.611029
0.5822569999999999
0.15799700000000003
0.13231700000000002
0.013676
0.0
0.0
0.0
0.0
0.0
0.0
0.0
0.0
0.0
0.0
0.0
0.0
0.0
0.011526999999999999
0.086676
0.33386099999999996
0.238313
0.6088150000000001
0.30669
0.693523
0.245188
0.43744700000000003
0.146231
0.012843
0.0
0.0
0.0
0.0
0.0
0.0
0.0
0.0
0.0
0.0
0.0
0.0
0.0
0.004549
0.22156399999999998
0.09376000000000001
0.607427
0.16308799999999998
0.17438900000000002
0.163929
0.137854
0.096971
0.051254
0.024024999999999998
0.0
0.0
0.0
0.0
0.0
0.0
0.0
0.0
0.0
0.0
0.0
0.0
0.0
0.001589
0.031127
0.062085
0.090926
0.110856
0.118267
0.111991
0.09262300000000001
0.064915
0.032896999999999996
0.003198
0.0
0.0
0.0
0.0
0.0
0.0
0.0
0.0
0.0
0.0
0.0
0.0
0.0
0.0016259999999999998
0.030677
0.062963
0.09274299999999999
0.113047
0.12090999999999999
0.114687
0.094683
0.06608499999999999
0.034081
0.0034609999999999997
0.0
0.0
0.0
0.0
0.0
0.0
0.0
0.0
0.0
0.0
0.0
0.0
0.0
0.00166
0.030809
0.061968
0.091113
0.111997
0.119995
0.11300700000000001
0.094268
0.065718
0.03296
0.003384
0.0
0.0
0.0
0.0
0.0
0.0
0.0
0.0
0.0
0.0
0.0
0.0
0.0
0.008422
0.079102
0.401345
0.585851
0.734641
0.284954
0.270555
0.224947
0.16127699999999998
0.152111
0.0115
0.0
0.0
0.0
0.0
0.0
0.0
0.0
0.0
0.0
0.0
0.0
0.0
0.0
0.00596
0.163952
0.128416
0.18584399999999998
0.6120950000000001
0.67365
0.22717500000000002
0.6366649999999999
0.133256
0.146559
0.008671
0.0
0.0
0.0
0.0
0.0
0.0
0.0
0.0
0.0
0.0
0.0
0.0
0.0
0.003726
0.145926
0.290841
0.152772
0.185921
0.582178
0.187658
0.53399
0.110679
0.152772
0.006571
0.0
0.0
0.0
0.0
0.0
0.0
0.0
0.0
0.0
0.0
0.0
0.0
0.0
0.002255
0.11844400000000001
0.238268
0.13203600000000001
0.159911
0.170102
0.485714
0.442321
0.38725099999999996
0.048146999999999995
0.005208999999999999
0.0
0.0
0.0
0.0
0.0
0.0
0.0
0.0
0.0
0.0
0.0
0.0
0.0
0.001526
0.038621
0.079714
0.11712399999999999
0.143625
0.153166
0.14526499999999998
0.11905800000000001
0.083615
0.041965
0.004001
0.0
0.0
0.0
0.0
0.0
0.0
0.0
0.0
0.0
0.0
0.0
0.0
0.0
0.006795
0.16134800000000002
0.161972
0.479571
0.282245
0.297817
0.280399
0.235117
0.421603
0.138846
0.004505
0.0
0.0
0.0
0.0
0.0
0.0
0.0
0.0
0.0
0.0
0.0
0.0
0.0
0.004371000000000001
0.13591399999999998
0.141317
0.205091
0.248561
0.26398
0.597174
0.20705500000000002
0.44348899999999997
0.164971
0.005125
0.0
0.0
0.0
0.0
0.0
0.0
0.0
0.0
0.0
0.0
0.0
0.0
0.0
0.0050999999999999995
0.157137
0.15835400000000002
0.22916399999999998
0.277883
0.296829
0.675925
0.231868
0.434042
0.11791
0.009188
0.0
0.0
0.0
0.0
0.0
0.0
0.0
0.0
0.0
0.0
0.0
0.0
0.0
0.004313
0.148018
0.370135
0.458568
0.572238
0.717182
0.655143
0.218738
0.413025
0.080139
0.008367000000000001
0.0
0.0
0.0
0.0
0.0
0.0
0.0
0.0
0.0
0.0
0.0
0.0
0.0
0.002828
0.235163
0.126476
0.18379900000000002
0.225145
0.23968899999999999
0.833333
0.187398
0.131977
0.18926400000000002
0.00661
0.0
0.0
0.0
0.0
0.0
0.0
0.0
0.0
0.0
0.0
0.0
0.0
0.0
0.0
0.114355
0.23788900000000002
0.107011
0.43785599999999997
0.140732
0.133169
0.109329
0.075215
0.14953999999999998
0.0024950000000000003
0.0
0.0
0.0
0.0
0.0
0.0
0.0
0.0
0.0
0.0
0.0
0.0
0.0
0.000754
0.04537
0.09443800000000001
0.140064
0.170746
0.183205
0.172844
0.14277099999999998
0.099548
0.050136
0.004149
0.0
0.0
0.0
0.0
0.0
0.0
0.0
0.0
0.0
0.0
0.0
0.0
0.0
0.0019790000000000003
0.058285
0.491871
0.694808
0.212887
0.226791
0.214261
0.17813900000000002
0.12456999999999999
0.06317199999999999
0.005077
0.0
0.0
0.0
0.0
0.0
0.0
0.0
0.0
0.0
0.0
0.0
0.0
0.0
0.001216
0.056894
0.117748
0.17268899999999998
0.208773
0.22331800000000002
0.833333
0.174563
0.5361670000000001
0.06256300000000001
0.01109
0.0
0.0
0.0
0.0
0.0
0.0
0.0
0.0
0.0
0.0
0.0
0.0
0.0
0.0
0.08196200000000001
0.173261
0.109324
0.320945
0.341686
0.133215
0.322364
0.275538
0.12514
0.0040880000000000005
0.0
0.0
0.0
0.0
0.0
0.0
0.0
0.0
0.0
0.0
0.0
0.0
0.0
0.0
0.043893
0.094189
0.138982
0.171055
0.184044
0.174617
0.14416
0.100108
0.050601
0.003633
0.0
0.0
0.0
0.0
0.0
0.0
0.0
0.0
0.0
0.0
0.0
0.0
0.0
3e-06
0.044738
0.095232
0.139102
0.17203800000000002
0.183531
0.172963
0.144214
0.100788
0.049821
0.003662
0.0
0.0
0.0
0.0
0.0
0.0
0.0
0.0
0.0
0.0
0.0
0.0
0.0
0.0
0.044322
0.09388500000000001
0.138563
0.170794
0.18219300000000002
0.171769
0.142678
0.09884699999999999
0.04852600000000001
0.002719
0.0
0.0
0.0
0.0
0.0
0.0
0.0
0.0
0.0
0.0
0.0
0.0
0.0
0.0
0.044031999999999995
0.093364
0.13833099999999998
0.166751
0.18008600000000002
0.169877
0.140059
0.098566
0.049358
0.002877
0.0
0.0
0.0
0.0
0.0
0.0
0.0
0.0
0.0
0.0
0.0
0.0
0.0
0.0
0.043912999999999994
0.094916
0.139854
0.171997
0.184565
0.17488
0.14388399999999998
0.099633
0.049796999999999994
0.002937
0.0
0.0
0.0
0.0
0.0
0.0
0.0
0.0
0.0
0.0
0.0
0.0
0.0
0.0
0.045607
0.097229
0.143779
0.17553
0.18796100000000002
0.176582
0.14701
0.10129
0.050073
0.002837
0.0
0.0
0.0
0.0
0.0
0.0
0.0
0.0
0.0
0.0
0.0
0.0
0.0
0.0
0.082667
0.074958
0.264361
0.327995
0.363347
0.364653
0.111806
0.27749799999999997
0.037076
0.001299
0.0
0.0
0.0
0.0
0.0
0.0
0.0
0.0
0.0
0.0
0.0
0.0
0.0
0.0
0.088502
0.08733199999999999
0.291319
0.360733
0.399979
0.392532
0.350897
0.31768599999999997
0.12323
0.001954
0.0
0.0
0.0
0.0
0.0
0.0
0.0
0.0
0.0
0.0
0.0
0.0
0.0
0.0
0.043939
0.262021
0.136983
0.16857
0.5416470000000001
0.5416380000000001
0.140232
0.09638200000000001
0.150273
0.002615
0.0
0.0
0.0
0.0
0.0
0.0
0.0
0.0
0.0
0.0
0.0
0.0
0.0
0.0
0.10131100000000001
0.082427
0.12251300000000001
0.15060900000000002
0.452793
0.447153
0.403961
0.084483
0.138768
0.001828
0.0
0.0
0.0
0.0
0.0
0.0
0.0
0.0
0.0
0.0
0.0
0.0
0.0
0.0
0.08941
0.068826
0.10226
0.346357
0.13241999999999998
0.37164600000000003
0.102272
0.282786
0.138886
0.000566
0.0
0.0
0.0
0.0
0.0
0.0
0.0
0.0
0.0
0.0
0.0
0.0
0.0
0.0
0.040357
0.086823
0.12843000000000002
0.15737299999999999
0.666372
0.158869
0.13056399999999999
0.508224
0.04438
0.002003
0.0
0.0
0.0
0.0
0.0
0.0
0.0
0.0
0.0
0.0
0.0
0.0
0.0
5.6e-05
0.142991
0.10592700000000001
0.15615
0.5585910000000001
0.613306
0.191424
0.15818000000000002
0.49052100000000004
0.053944000000000006
0.003211
0.0
0.0
0.0
0.0
0.0
0.0
0.0
0.0
0.0
0.0
0.0
0.0
0.0
0.0
0.055402
0.115836
0.16978100000000002
0.2075
0.22136
0.20874600000000001
0.17138
0.118968
0.256546
0.019096
0.0
0.0
0.0
0.0
0.0
0.0
0.0
0.0
0.0
0.0
0.0
0.0
0.0
3.5999999999999994e-05
0.054466
0.112898
0.6986420000000001
0.20484
0.216435
0.204387
0.168072
0.115978
0.058207999999999996
0.003895
0.0
0.0
0.0
0.0
0.0
0.0
0.0
0.0
0.0
0.0
0.0
0.0
0.0
0.0
0.074696
0.063651
0.09566200000000001
0.118862
0.332717
0.331535
0.295477
0.251168
0.138232
0.0028079999999999997
0.0
0.0
0.0
0.0
0.0
0.0
0.0
0.0
0.0
0.0
0.0
0.0
0.0
0.0
0.128673
0.271783
0.40081
0.15404400000000001
0.163378
0.152073
0.125181
0.406411
0.042159
0.001861
0.0
0.0
0.0
0.0
0.0
0.0
0.0
0.0
0.0
0.0
0.0
0.0
0.0
0.0
0.099557
0.082471
0.312589
0.14924500000000002
0.443399
0.151484
0.39876
0.339052
0.042094
0.004067
0.0
0.0
0.0
0.0
0.0
0.0
0.0
0.0
0.0
0.0
0.0
0.0
0.0
0.0
0.033271
0.073378
0.254491
0.316978
0.34891300000000003
0.35159300000000004
0.315827
0.07566200000000001
0.1373
0.00108
0.0
0.0
0.0
0.0
0.0
0.0
0.0
0.0
0.0
0.0
0.0
0.0
0.0
0.0
0.049124
0.251951
0.152174
0.464098
0.510334
0.508185
0.152612
0.42033800000000004
0.14616900000000002
0.002972
0.0
0.0
0.0
0.0
0.0
0.0
0.0
0.0
0.0
0.0
0.0
0.0
0.0
0.0
0.052052999999999995
0.36691199999999996
0.159358
0.194559
0.20669900000000002
0.193969
0.658882
0.521301
0.055737
0.003605
0.0
0.0
0.0
0.0
0.0
0.0
0.0
0.0
0.0
0.0
0.0
0.0
0.0
0.0
0.095226
0.085977
0.307871
0.391249
0.165926
0.427119
0.382458
0.33342099999999997
0.042664
0.0023079999999999997
0.0
0.0
0.0
0.0
0.0
0.0
0.0
0.0
0.0
0.0
0.0
0.0
0.0
0.0
0.043811
0.092799
0.137344
0.166393
0.17937899999999998
0.169253
0.13958099999999998
0.096236
0.047903
0.003097
0.0
0.0
0.0
0.0
0.0
0.0
0.0
0.0
0.0
0.0
0.0
0.0
0.0
0.0
0.043929
0.093717
0.13711500000000001
0.16896
0.18049500000000002
0.169753
0.139456
0.096258
0.047788
0.003105
0.0
0.0
0.0
0.0
0.0
0.0
0.0
0.0
0.0
0.0
0.0
0.0
0.0
0.000626
0.146233
0.104366
0.448943
0.184551
0.19689199999999998
0.605622
0.15343199999999999
0.477005
0.052770000000000004
0.003592
0.0
0.0
0.0
0.0
0.0
0.0
0.0
0.0
0.0
0.0
0.0
0.0
0.0
0.0013160000000000001
0.05968
0.12317
0.178141
0.21715600000000002
0.231387
0.217284
0.17975200000000002
0.124455
0.27175099999999996
0.004929
0.0
0.0
0.0
0.0
0.0
0.0
0.0
0.0
0.0
0.0
0.0
0.0
0.0
0.000741
0.05263
0.25834199999999996
0.38251799999999997
0.476651
0.201206
0.516547
0.15571700000000002
0.428192
0.163989
0.004167
0.0
0.0
0.0
0.0
0.0
