0.0
0.0
0.0
0.0
0.0
0.0
0.0
0.0
0.062096
0.059077
0.21975
0.277055
0.305231
0.115458
0.267749
0.222756
0.029402
0.0
0.0
0.0
0.0
0.0
0.0
0.0
0.0
0.0
0.0
0.0
0.0
0.0
0.0
0.0
0.026940000000000002
0.063244
0.09660500000000001
0.12084099999999999
0.129582
0.12303700000000001
0.10022400000000001
0.068012
0.03163
0.0
0.0
0.0
0.0
0.0
0.0
0.0
0.0
0.0
0.0
0.0
0.0
0.0
0.0
0.0
0.026892
0.06414700000000001
0.097731
0.12130200000000001
0.131053
0.123739
0.10183299999999999
0.06911400000000001
0.032209
0.0
0.0
0.0
0.0
0.0
0.0
0.0
0.0
0.0
0.0
0.0
0.0
0.0
0.0
0.0
0.061221
0.134886
0.42189499999999996
0.577586
0.599561
0.667216
0.574579
0.418753
0.134099
0.0
0.0
0.0
0.0
0.0
0.0
0.0
0.0
0.0
0.0
0.0
0.0
0.0
0.0
0.0
0.119776
0.279421
0.201921
0.5387580000000001
0.704893
0.6116779999999999
0.5942350000000001
0.453991
0.06910200000000001
0.0
0.0
0.0
0.0
0.0
0.0
0.0
0.0
0.0
0.0
0.0
0.0
0.0
0.0
0.0
0.135016
0.321729
0.489039
0.6153759999999999
0.651478
0.660523
0.22658
0.435227
0.134262
0.0
0.0
0.0
0.0
0.0
0.0
0.0
0.0
0.0
0.0
0.0
0.0
0.0
0.0
0.0
0.064541
0.283457
0.450401
0.537811
0.6008060000000001
0.643583
0.54034
0.39354700000000004
0.150415
0.001717
0.0
0.0
0.0
0.0
0.0
0.0
0.0
0.0
0.0
0.0
0.0
0.0
0.0
0.0
0.07337600000000001
0.339758
0.257289
0.6231530000000001
0.358464
0.625871
0.5859260000000001
0.312671
0.15397999999999998
0.0
0.0
0.0
0.0
0.0
0.0
0.0
0.0
0.0
0.0
0.0
0.0
0.0
0.0
0.0
0.06568
0.27948
0.6129070000000001
0.513967
0.259755
0.568034
0.208098
0.463692
0.071539
0.002298
0.0
0.0
0.0
0.0
0.0
0.0
0.0
0.0
0.0
0.0
0.0
0.0
0.0
0.0
0.028405999999999997
0.065758
0.10017
0.123762
0.133482
0.126921
0.103828
0.071255
0.034592
2.8e-05
0.0
0.0
0.0
0.0
0.0
0.0
0.0
0.0
0.0
0.0
0.0
0.0
0.0
0.0
0.028813
0.067458
0.101357
0.126087
0.135993
0.128536
0.105848
0.072124
0.035085
0.00034
0.0
0.0
0.0
0.0
0.0
0.0
0.0
0.0
0.0
0.0
0.0
0.0
0.0
0.0
0.029628
0.06688899999999999
0.100737
0.12440699999999999
0.132775
0.126071
0.104378
0.071789
0.034395
0.000453
0.0
0.0
0.0
0.0
0.0
0.0
0.0
0.0
0.0
0.0
0.0
0.0
0.0
0.0
0.036313000000000005
0.205202
0.30643200000000004
0.38261900000000004
0.160184
0.151068
0.381233
0.310572
0.041311999999999995
0.0017909999999999998
0.0
0.0
0.0
0.0
0.0
0.0
0.0
0.0
0.0
0.0
0.0
0.0
0.0
0.0
0.029713999999999997
0.067805
0.101799
0.125829
0.135377
0.12790300000000002
0.106202
0.072545
0.035161000000000005
0.001374
0.0
0.0
0.0
0.0
0.0
0.0
0.0
0.0
0.0
0.0
0.0
0.0
0.0
0.0
0.03066
0.069327
0.103987
0.128495
0.137265
0.130589
0.106899
0.073407
0.036598
0.001627
0.0
0.0
0.0
0.0
0.0
0.0
0.0
0.0
0.0
0.0
0.0
0.0
0.0
0.0
0.036648
0.188352
0.283161
0.35434
0.160133
0.395538
0.356965
0.29004
0.042034
0.002867
0.0
0.0
0.0
0.0
0.0
0.0
0.0
0.0
0.0
0.0
0.0
0.0
0.0
0.0023279999999999998
0.073615
0.15104499999999998
0.666366
0.262496
0.277873
0.262214
0.222887
0.155057
0.291495
0.00817
0.0
0.0
0.0
0.0
0.0
0.0
0.0
0.0
0.0
0.0
0.0
0.0
0.0
0.0
0.030876
0.06848900000000001
0.10272
0.126025
0.135016
0.127432
0.105019
0.072456
0.036042000000000005
0.002366
0.0
0.0
0.0
0.0
0.0
0.0
0.0
0.0
0.0
0.0
0.0
0.0
0.0
0.0
0.031815
0.06984699999999999
0.10386
0.128811
0.13827099999999998
0.13077699999999998
0.10683
0.074177
0.037392
0.003225
0.0
0.0
0.0
0.0
0.0
0.0
0.0
0.0
0.0
0.0
0.0
0.0
0.0
0.0
0.031942
0.070725
0.104536
0.128322
0.13756000000000002
0.13080699999999998
0.10829000000000001
0.075053
0.037162
0.0032069999999999998
0.0
0.0
0.0
0.0
0.0
0.0
0.0
0.0
0.0
0.0
0.0
0.0
0.0
0.000301
0.127127
0.273246
0.400026
0.196193
0.535398
0.530922
0.161174
0.11236700000000001
0.057726999999999994
0.008352
0.0
0.0
0.0
0.0
0.0
0.0
0.0
0.0
0.0
0.0
0.0
0.0
0.0
0.0
0.03198
0.0704
0.10509399999999999
0.129244
0.138954
0.131744
0.10923000000000001
0.076184
0.038316
0.004098
0.0
0.0
0.0
0.0
0.0
0.0
0.0
0.0
0.0
0.0
0.0
0.0
0.0
0.0
0.033796
0.072997
0.10737300000000001
0.13263
0.142244
0.134693
0.11072499999999999
0.07766100000000001
0.039647
0.0043
0.0
0.0
0.0
0.0
0.0
0.0
0.0
0.0
0.0
0.0
0.0
0.0
0.0
0.0
0.034213
0.07336799999999999
0.108182
0.132815
0.14193799999999998
0.134167
0.11147
0.077263
0.039194
0.004925
0.0
0.0
0.0
0.0
0.0
0.0
0.0
0.0
0.0
0.0
0.0
0.0
0.0
0.0006889999999999999
0.052272
0.107122
0.155212
0.18865
0.201016
0.190582
0.159409
0.112155
0.058183
0.008288
0.0
0.0
0.0
0.0
0.0
0.0
0.0
0.0
0.0
0.0
0.0
0.0
0.0
0.0
0.034305999999999996
0.074014
0.108985
0.134077
0.14371899999999999
0.136264
0.113043
0.07903
0.040996000000000005
0.005059
0.0
0.0
0.0
0.0
0.0
0.0
0.0
0.0
0.0
0.0
0.0
0.0
0.0
0.0
0.03554
0.075364
0.110269
0.135201
0.14462
0.13701
0.114392
0.080053
0.040970999999999994
0.005784
0.0
0.0
0.0
0.0
0.0
0.0
0.0
0.0
0.0
0.0
0.0
0.0
0.0
0.001267
0.051002000000000006
0.10382899999999999
0.150897
0.183368
0.195512
0.18533000000000002
0.155366
0.1098
0.057832
0.009564
0.0
0.0
0.0
0.0
0.0
0.0
0.0
0.0
0.0
0.0
0.0
0.0
0.0
0.005766
0.06934399999999999
0.383996
0.549986
0.234053
0.726422
0.23418799999999998
0.200156
0.141644
0.07512300000000001
0.013775
0.0
0.0
0.0
0.0
0.0
0.0
0.0
0.0
0.0
0.0
0.0
0.0
0.0
0.006477999999999999
0.081329
0.15792699999999998
0.224966
0.802265
0.833333
0.27242099999999997
0.229702
0.16392199999999998
0.088625
0.019474
0.0
0.0
0.0
0.0
0.0
0.0
0.0
0.0
0.0
0.0
0.0
0.0
0.0
0.00704
0.087571
0.452897
0.235474
0.281039
0.297707
0.795727
0.24297
0.599553
0.093523
0.018431999999999997
0.0
0.0
0.0
0.0
0.0
0.0
0.0
0.0
0.0
0.0
0.0
0.0
0.0
0.00014000000000000001
0.033031
0.067713
0.099303
0.121212
0.129909
0.12365000000000001
0.102426
0.07259399999999999
0.037975999999999996
0.006533000000000001
0.0
0.0
0.0
0.0
0.0
0.0
0.0
0.0
0.0
0.0
0.0
0.0
0.0
0.0006810000000000001
0.033516
0.069622
0.10184
0.124182
0.13280699999999998
0.126106
0.104892
0.07441800000000001
0.039301
0.006691
0.0
0.0
0.0
0.0
0.0
0.0
0.0
0.0
0.0
0.0
0.0
0.0
0.0
0.000728
0.034686
0.07110999999999999
0.10374
0.126335
0.134939
0.128078
0.106562
0.074872
0.040297
0.007490999999999999
0.0
0.0
0.0
0.0
0.0
0.0
0.0
0.0
0.0
0.0
0.0
0.0
0.0
0.000755
0.035605
0.071883
0.103367
0.12670399999999998
0.135365
0.12873300000000001
0.107249
0.075617
0.040271
0.007513
0.0
0.0
0.0
0.0
0.0
0.0
0.0
0.0
0.0
0.0
0.0
0.0
0.0
0.001227
0.035322000000000006
0.07103
0.102583
0.125007
0.133236
0.12656399999999998
0.10644100000000001
0.075322
0.040534999999999995
0.008151
0.0
0.0
0.0
0.0
0.0
0.0
0.0
0.0
0.0
0.0
0.0
0.0
0.0
0.001224
0.03627300000000001
0.072358
0.10454000000000001
0.127719
0.136338
0.129585
0.108366
0.07680500000000001
0.041635
0.008233
0.0
0.0
0.0
0.0
0.0
0.0
0.0
0.0
0.0
0.0
0.0
0.0
0.0
0.001722
0.037079
0.072997
0.105024
0.128123
0.136745
0.130179
0.107977
0.07753700000000001
0.041673
0.009032
0.0
0.0
0.0
0.0
0.0
0.0
0.0
0.0
0.0
0.0
0.0
0.0
0.0
0.001709
0.036997
0.07366
0.105469
0.128302
0.13668799999999998
0.129879
0.107928
0.07752200000000001
0.041995
0.008898999999999999
0.0
0.0
0.0
0.0
0.0
0.0
0.0
0.0
0.0
0.0
0.0
0.0
0.0
0.002163
0.037609000000000004
0.074032
0.105567
0.1281
0.136315
0.129608
0.10799800000000001
0.077127
0.042571
0.009602000000000001
0.0
0.0
0.0
0.0
0.0
0.0
0.0
0.0
0.0
0.0
0.0
0.0
0.0
0.00214
0.038189999999999995
0.073318
0.105068
0.127037
0.134969
0.128552
0.10769799999999999
0.07757299999999999
0.043395
0.009705
0.0
0.0
0.0
0.0
0.0
0.0
0.0
0.0
0.0
0.0
0.0
0.0
0.0
0.010176000000000001
0.166835
0.521774
0.479461
0.29965600000000003
0.31658800000000004
0.30006
0.600058
0.185499
0.317198
0.028602
0.0
0.0
0.0
0.0
0.0
0.0
0.0
0.0
0.0
0.0
0.0
0.0
0.0
0.009779
0.162843
0.33618400000000004
0.444042
0.547895
0.6790499999999999
0.604664
0.22986099999999998
0.47961200000000004
0.331567
0.016315
0.0
0.0
0.0
0.0
0.0
0.0
0.0
0.0
0.0
0.0
0.0
0.0
0.0
0.020355
0.23291900000000001
0.18193199999999998
0.6608959999999999
0.30141199999999996
0.833333
0.30124
0.254824
0.184448
0.37038099999999996
0.029414000000000003
0.0
0.0
0.0
0.0
0.0
0.0
0.0
0.0
0.0
0.0
0.0
0.0
0.0
0.002984
0.041014
0.077466
0.109974
0.132683
0.140947
0.134056
0.111966
0.080943
0.0456
0.011157
0.0
0.0
0.0
0.0
0.0
0.0
0.0
0.0
0.0
0.0
0.0
0.0
0.0
0.003485
0.040799999999999996
0.077681
0.109724
0.132046
0.140253
0.13368100000000002
0.112228
0.08150400000000001
0.0455
0.011902
0.0
0.0
0.0
0.0
0.0
0.0
0.0
0.0
0.0
0.0
0.0
0.0
0.0
0.025661
0.10671699999999999
0.50018
0.266264
0.31699099999999997
0.33555599999999997
0.833333
0.27125
0.639152
0.115018
0.032107
0.0
0.0
0.0
0.0
0.0
0.0
0.0
0.0
0.0
0.0
0.0
0.0
0.0
0.007885
0.065837
0.119845
0.167669
0.20104
0.213013
0.20219900000000002
0.16848400000000002
0.12285
0.07080299999999999
0.020273
0.0
0.0
0.0
0.0
0.0
0.0
0.0
0.0
0.0
0.0
0.0
0.0
0.0
0.018795000000000003
0.115729
0.203631
0.27754199999999996
0.629692
0.7391530000000001
0.6888479999999999
0.279176
0.536102
0.32722199999999996
0.016168
0.0
0.0
0.0
0.0
0.0
0.0
0.0
0.0
0.0
0.0
0.0
0.0
0.0
0.010198
0.218134
0.432174
0.330777
0.676754
0.445958
0.674317
0.627755
0.36748000000000003
0.309936
0.011597
0.0
0.0
0.0
0.0
0.0
0.0
0.0
0.0
0.0
0.0
0.0
0.0
0.0
0.004947
0.044206
0.080994
0.113701
0.13571799999999998
0.143513
0.13649799999999998
0.11529
0.08369
0.047898
0.013935000000000001
0.0
0.0
0.0
0.0
0.0
0.0
0.0
0.0
0.0
0.0
0.0
0.0
0.0
0.020097999999999998
0.057425
0.25251
0.35234699999999997
0.168096
0.455287
0.168732
0.42562599999999995
0.106212
0.061798
0.019042
0.0
0.0
0.0
0.0
0.0
0.0
0.0
0.0
0.0
0.0
0.0
0.0
0.0
0.006507
0.044641
0.082303
0.11543600000000001
0.138047
0.14636500000000002
0.139574
0.117607
0.085852
0.049744
0.014757999999999999
0.0
0.0
0.0
0.0
0.0
0.0
0.0
0.0
0.0
0.0
0.0
0.0
0.0
0.007841
0.045348999999999993
0.08293500000000001
0.115318
0.138906
0.147303
0.140648
0.119078
0.087437
0.05043
0.015837
0.0
0.0
0.0
0.0
0.0
0.0
0.0
0.0
0.0
0.0
0.0
0.0
0.0
0.028454999999999998
0.143039
0.26173
0.158592
0.444547
0.477362
0.185975
0.15728999999999999
0.343841
0.26711
0.022442
0.0
0.0
0.0
0.0
0.0
0.0
0.0
0.0
0.0
0.0
0.0
0.0
0.0
0.019780000000000002
0.081247
0.14196999999999999
0.192745
0.225866
0.237141
0.224885
0.19525800000000001
0.144412
0.085771
0.028714
0.0
0.0
0.0
0.0
0.0
0.0
0.0
0.0
0.0
0.0
0.0
0.0
0.0
0.032691000000000005
0.144758
0.26259699999999997
0.367442
0.173298
0.184101
0.17463599999999999
0.433026
0.348463
0.064064
0.02148
0.0
0.0
0.0
0.0
0.0
0.0
0.0
0.0
0.0
0.0
0.0
0.0
0.0
0.031195
0.133433
0.103105
0.342081
0.169717
0.179544
0.448717
0.39823200000000003
0.319664
0.062269
0.032682
0.0
0.0
0.0
0.0
0.0
0.0
0.0
0.0
0.0
0.0
0.0
0.0
0.0
0.053089
0.092879
0.15805000000000002
0.213018
0.248837
0.260905
0.692608
0.700763
0.5893849999999999
0.09705899999999999
0.044393
0.0
0.0
0.0
0.0
0.0
0.0
0.0
0.0
0.0
0.0
0.0
0.0
0.0
0.020203
0.072747
0.126232
0.172912
0.20558099999999999
0.217391
0.20709899999999998
0.17649299999999998
0.131137
0.07860500000000001
0.028149
0.0
0.0
0.0
0.0
0.0
0.0
0.0
0.0
0.0
0.0
0.0
0.0
0.0
0.044081
0.348346
0.571939
0.540043
0.6568099999999999
0.357723
0.340043
0.292263
0.218194
0.37257
0.033469
0.0
0.0
0.0
0.0
0.0
0.0
0.0
0.0
0.0
0.0
0.0
0.0
0.0
0.024759
0.093327
0.08222499999999999
0.23179
0.278177
0.299983
0.293717
0.26596499999999995
0.211313
0.154721
0.025567
0.0
0.0
0.0
0.0
0.0
0.0
0.0
0.0
0.0
0.0
0.0
0.0
0.0
0.015134
0.054246
0.093381
0.128049
0.151894
0.160675
0.153817
0.13347
0.09959900000000001
0.060292
0.021601
0.0
0.0
0.0
0.0
0.0
0.0
0.0
0.0
0.0
0.0
0.0
0.0
0.0
0.016280000000000003
0.056203
0.096636
0.132721
0.157624
0.16672599999999999
0.15928
0.136274
0.10092
0.060948
0.022597000000000003
0.0
0.0
0.0
0.0
0.0
0.0
0.0
0.0
0.0
0.0
0.0
0.0
0.0
0.016413
0.056140999999999996
0.09705200000000001
0.132685
0.157189
0.16604400000000002
0.158635
0.136093
0.100779
0.06111
0.022362
0.0
0.0
0.0
0.0
0.0
0.0
0.0
0.0
0.0
0.0
0.0
0.0
0.0
0.017197
0.056933
0.09806999999999999
0.134201
0.15934
0.168786
0.161769
0.139346
0.10379600000000001
0.063446
0.023803
0.0
0.0
0.0
0.0
0.0
0.0
0.0
0.0
0.0
0.0
0.0
0.0
0.0
0.050005
0.120332
0.19990100000000002
0.267946
0.608504
0.6635639999999999
0.66401
0.752305
0.601118
0.394238
0.050685
0.0
0.0
0.0
0.0
0.0
0.0
0.0
0.0
0.0
0.0
0.0
0.0
0.0
0.018283
0.059015
0.10039400000000001
0.136756
0.16200299999999998
0.171517
0.16433699999999998
0.141474
0.105849
0.06547199999999999
0.025627
0.0
0.0
0.0
0.0
0.0
0.0
0.0
0.0
0.0
0.0
0.0
0.0
0.0
0.019417
0.060524
0.102212
0.137994
0.164239
0.173599
0.166223
0.141798
0.106628
0.066023
0.025435
0.0
0.0
0.0
0.0
0.0
0.0
0.0
0.0
0.0
0.0
0.0
0.0
0.0
0.019959
0.059539
0.100161
0.13548
0.160478
0.16938999999999999
0.16217099999999998
0.14061
0.106063
0.065255
0.025941
0.0
0.0
0.0
0.0
0.0
0.0
0.0
0.0
0.0
0.0
0.0
0.0
0.0
0.020877
0.060925
0.102337
0.138632
0.16446100000000002
0.17355600000000002
0.165928
0.14159
0.106799
0.065981
0.026668
0.0
0.0
0.0
0.0
0.0
0.0
0.0
0.0
0.0
0.0
0.0
0.0
0.0
0.020729
0.061054000000000004
0.101995
0.137817
0.163427
0.172511
0.16505799999999998
0.141725
0.107044
0.066428
0.026504
0.0
0.0
0.0
0.0
0.0
0.0
0.0
0.0
0.0
0.0
0.0
0.0
0.0
0.021438
0.061652
0.102414
0.13811400000000001
0.163578
0.172633
0.165272
0.141974
0.10759099999999999
0.06709999999999999
0.027260000000000003
0.0
0.0
0.0
0.0
0.0
0.0
0.0
0.0
0.0
0.0
0.0
0.0
0.0
0.022193
0.061771
0.101659
0.136377
0.160215
0.16964500000000002
0.162613
0.139756
0.106437
0.066872
0.027704999999999997
0.0
0.0
0.0
0.0
0.0
0.0
0.0
0.0
0.0
0.0
0.0
0.0
0.0
0.091898
0.125225
0.203503
0.269868
0.316366
0.833333
0.833333
0.276786
0.21046
0.133345
0.123469
0.0
0.0
0.0
0.0
0.0
0.0
0.0
0.0
0.0
0.0
0.0
0.0
0.0
0.062577
0.138833
0.223616
0.54795
0.833134
0.730488
0.733938
0.29873099999999997
0.5788920000000001
0.393206
0.090764
0.0
0.0
0.0
0.0
0.0
0.0
0.0
0.0
0.0
0.0
0.0
0.0
0.0
0.02376
0.06358899999999999
0.10403100000000001
0.140257
0.16481
0.17465799999999998
0.166773
0.143696
0.109329
0.069402
0.029717
0.0
0.0
0.0
0.0
0.0
0.0
0.0
0.0
0.0
0.0
0.0
0.0
0.0
0.072041
0.235025
0.40242500000000003
0.5523239999999999
0.306889
0.709006
0.307913
0.272445
0.5885779999999999
0.424555
0.10632599999999999
0.0
0.0
0.0
0.0
0.0
0.0
0.0
0.0
0.0
0.0
0.0
0.0
0.0
0.037683999999999995
0.095718
0.15364
0.20442
0.239084
0.252301
0.240317
0.207027
0.158466
0.101604
0.044932
0.0
0.0
0.0
0.0
0.0
0.0
0.0
0.0
0.0
0.0
0.0
0.0
0.0
0.025274
0.064756
0.105381
0.140057
0.163823
0.173071
0.165031
0.141777
0.108174
0.069188
0.030438
0.0
0.0
0.0
0.0
0.0
0.0
0.0
0.0
0.0
0.0
0.0
0.0
0.0
0.025301999999999998
0.065581
0.10667499999999999
0.142166
0.166786
0.175981
0.16872499999999999
0.14597300000000002
0.110939
0.070737
0.031364
0.0
0.0
0.0
0.0
0.0
0.0
0.0
0.0
0.0
0.0
0.0
0.0
0.0
0.025959
0.065745
0.10509399999999999
0.139254
0.16353399999999998
0.17211
0.165244
0.144083
0.11101000000000001
0.07165200000000001
0.031675999999999996
0.0
0.0
0.0
0.0
0.0
0.0
0.0
0.0
0.0
0.0
0.0
0.0
0.0
0.093803
0.282853
0.214787
0.637787
0.324382
0.339645
0.804286
0.284696
0.661547
0.142952
0.126544
0.0
0.0
0.0
0.0
0.0
0.0
0.0
0.0
0.0
0.0
0.0
0.0
0.0
0.03032
0.07459600000000001
0.118339
0.156805
0.182774
0.191958
0.183893
0.158076
0.121484
0.079456
0.035942999999999996
0.0
0.0
0.0
0.0
0.0
0.0
0.0
0.0
0.0
0.0
0.0
0.0
0.0
0.073097
0.149455
0.405017
0.30564800000000003
0.6695549999999999
0.796188
0.7675789999999999
0.662338
0.5418719999999999
0.383789
0.072941
0.001142
0.0
0.0
0.0
0.0
0.0
0.0
0.0
0.0
0.0
0.0
0.0
0.0
0.077644
0.27082
0.468556
0.639537
0.690134
0.742812
0.751749
0.32741899999999996
0.25296
0.380158
0.099366
0.001955
0.0
0.0
0.0
0.0
0.0
0.0
0.0
0.0
0.0
0.0
0.0
0.0
0.067668
0.243666
0.597212
0.566758
0.36477499999999996
0.744047
0.36726600000000004
0.32032299999999997
0.247525
0.163774
0.111727
0.0
0.0
0.0
0.0
0.0
0.0
0.0
0.0
0.0
0.0
0.0
0.0
0.0
0.06890099999999999
0.234941
0.395868
0.536257
0.637123
0.691097
0.668701
0.639057
0.555721
0.347656
0.103838
0.0
0.0
0.0
0.0
0.0
0.0
0.0
0.0
0.0
0.0
0.0
0.0
0.0
0.045704999999999996
0.103358
0.160893
0.208741
0.241783
0.253495
0.24185900000000002
0.214002
0.16462200000000002
0.108939
0.052372999999999996
0.001132
0.0
0.0
0.0
0.0
0.0
0.0
0.0
0.0
0.0
0.0
0.0
0.0
0.029706
0.069017
0.10809300000000001
0.141512
0.16508699999999998
0.173619
0.1664
0.14434200000000003
0.111372
0.07254000000000001
0.034293
4.9000000000000005e-05
0.0
0.0
0.0
0.0
0.0
0.0
0.0
0.0
0.0
0.0
0.0
0.0
0.064224
0.140389
0.366633
0.275813
0.316424
0.614026
0.7664610000000001
0.58315
0.49814400000000003
0.143986
0.071381
0.0022229999999999997
0.0
0.0
0.0
0.0
0.0
0.0
0.0
0.0
0.0
0.0
0.0
0.0
0.038937
0.08839100000000001
0.138682
0.18187799999999998
0.212914
0.224658
0.216188
0.188412
0.146187
0.096962
0.046968
0.002336
0.0
0.0
0.0
0.0
0.0
0.0
0.0
0.0
0.0
0.0
0.0
0.0
0.040715
0.09079000000000001
0.141483
0.184817
0.214897
0.226312
0.217363
0.189454
0.147279
0.097512
0.047444
0.003069
0.0
0.0
0.0
0.0
0.0
0.0
0.0
0.0
0.0
0.0
0.0
0.0010860000000000002
0.046314
0.248226
0.392255
0.200775
0.231086
0.640263
0.231124
0.20390899999999998
0.500115
0.106098
0.052332000000000004
0.004273
0.0
0.0
0.0
0.0
0.0
0.0
0.0
0.0
0.0
0.0
0.0
0.0
0.11164400000000001
0.244636
0.554468
0.549086
0.354609
0.371131
0.35449
0.6672380000000001
0.583606
0.39974400000000004
0.124906
0.003144
0.0
0.0
0.0
0.0
0.0
0.0
0.0
0.0
0.0
0.0
0.0
0.0
0.06923399999999999
0.146512
0.222305
0.513731
0.793254
0.659616
0.32754099999999997
0.588721
0.553049
0.388183
0.129265
0.00381
0.0
0.0
0.0
0.0
0.0
0.0
0.0
0.0
0.0
0.0
0.0
0.001008
0.11456100000000001
0.157571
0.497064
0.30464199999999997
0.7719600000000001
0.82657
0.349879
0.307876
0.240316
0.418837
0.14704499999999998
0.011129
0.0
0.0
0.0
0.0
0.0
0.0
0.0
0.0
0.0
0.0
0.0
0.004687
0.06303
0.13372900000000001
0.609779
0.260413
0.833333
0.314236
0.300456
0.263992
0.207153
0.14011600000000002
0.194471
0.009579
0.0
0.0
0.0
0.0
0.0
0.0
0.0
0.0
0.0
0.0
0.0
0.001405
0.07559099999999999
0.182037
0.131481
0.169703
0.196554
0.490379
0.48322000000000004
0.433127
0.13450399999999998
0.269577
0.15252000000000002
0.0054930000000000005
0.0
0.0
0.0
0.0
0.0
0.0
0.0
0.0
0.0
0.0
0.0
0.0
0.172899
0.247592
0.237706
0.30516000000000004
0.35104399999999997
0.700978
0.353468
0.6517820000000001
0.24265199999999998
0.401577
0.161643
0.013616
0.0
0.0
0.0
0.0
0.0
0.0
0.0
0.0
0.0
0.0
0.0
0.00075
0.043267
0.090354
0.13709100000000002
0.177107
0.204294
0.214608
0.206111
0.181727
0.143247
0.097808
0.05037
0.007314
0.0
0.0
0.0
0.0
0.0
0.0
0.0
0.0
0.0
0.0
0.0
0.0
0.087783
0.149237
0.375493
0.556345
0.591866
0.340916
0.640909
0.661439
0.5368099999999999
0.36475799999999997
0.134678
0.004386
0.0
0.0
0.0
0.0
0.0
0.0
0.0
0.0
0.0
0.0
0.0
0.0020510000000000003
0.053856
0.111442
0.332067
0.44265499999999997
0.523999
0.565666
0.5659249999999999
0.218712
0.434192
0.334704
0.061078
0.010625
0.0
0.0
0.0
0.0
0.0
0.0
0.0
0.0
0.0
0.0
0.0
0.0021469999999999996
0.049689
0.10141599999999999
0.152841
0.197023
0.22752699999999998
0.23962
0.231014
0.20367500000000002
0.161684
0.11048699999999999
0.057849
0.009895
0.0
0.0
0.0
0.0
0.0
0.0
0.0
0.0
0.0
0.0
0.0
0.0018160000000000001
0.045973999999999994
0.093985
0.141204
0.181972
0.210601
0.221005
0.212448
0.186534
0.14715199999999998
0.100125
0.052479
0.009137000000000001
0.0
0.0
0.0
0.0
0.0
0.0
0.0
0.0
0.0
0.0
0.0
0.002574
0.045894
0.092964
0.13983500000000001
0.180314
0.20793299999999998
0.219107
0.210701
0.18506
0.14603
0.099339
0.052796
0.009771
0.0
0.0
0.0
0.0
0.0
0.0
0.0
0.0
0.0
0.0
0.0
0.0031709999999999998
0.045844
0.092484
0.137304
0.176353
0.202837
0.21254599999999998
0.20497800000000002
0.18031899999999998
0.142653
0.098131
0.052006000000000004
0.009701000000000001
0.0
0.0
0.0
0.0
0.0
0.0
0.0
0.0
0.0
0.0
0.0
0.004169
0.046342
0.092366
0.137535
0.177233
0.204349
0.214397
0.206027
0.18380000000000002
0.145457
0.099633
0.052545
0.010525
0.0
0.0
0.0
0.0
0.0
0.0
0.0
0.0
0.0
0.0
0.0
0.007248
0.037933999999999996
0.075563
0.26060500000000003
0.145841
0.39657299999999995
0.423505
0.168536
0.37505900000000003
0.116806
0.079609
0.158266
0.008206
0.0
0.0
0.0
0.0
0.0
0.0
0.0
0.0
0.0
0.0
0.0
0.019760000000000003
0.194637
0.124595
0.6562530000000001
0.234397
0.268255
0.280716
0.268952
0.23779499999999998
0.187243
0.5567770000000001
0.069926
0.015458
0.0
0.0
0.0
0.0
0.0
0.0
0.0
0.0
0.0
0.0
0.0
0.006287
0.047140999999999995
0.093581
0.13899199999999998
0.179438
0.20671799999999999
0.217587
0.208509
0.18381999999999998
0.145178
0.100074
0.053863999999999995
0.012007
0.0
0.0
0.0
0.0
0.0
0.0
0.0
0.0
0.0
0.0
0.0
0.013658
0.053811
0.246678
0.155032
0.494243
0.225124
0.6103
0.224853
0.198184
0.468157
0.108375
0.05903
0.013529
0.0
0.0
0.0
0.0
0.0
0.0
0.0
0.0
0.0
0.0
0.0
0.007261999999999999
0.077455
0.230002
0.217581
0.276169
0.315818
0.618101
0.8214600000000001
0.568393
0.484082
0.152297
0.08369199999999999
0.013526
0.0
0.0
0.0
0.0
0.0
0.0
0.0
0.0
0.0
0.0
0.0
0.007271
0.047078
0.09245199999999999
0.137496
0.176678
0.204079
0.214916
0.207381
0.181268
0.144215
0.099563
0.054361
0.012733000000000001
0.0
0.0
0.0
0.0
0.0
0.0
0.0
0.0
0.0
0.0
0.0
0.008217
0.048547
0.09336799999999999
0.13864400000000002
0.177886
0.205191
0.21515199999999998
0.207553
0.18265399999999998
0.145184
0.10085
0.055174999999999995
0.013760999999999999
0.0
0.0
0.0
0.0
0.0
0.0
0.0
0.0
0.0
0.0
0.0
0.008506
0.048995
0.093717
0.13866499999999998
0.177375
0.203434
0.213812
0.20521799999999998
0.180478
0.14318999999999998
0.099338
0.055034
0.013529
0.0
0.0
0.0
0.0
0.0
0.0
0.0
0.0
0.0
0.0
0.0
0.009158
0.049222999999999996
0.093015
0.135981
0.172505
0.19723500000000002
0.206769
0.198923
0.17295
0.138211
0.09630200000000001
0.053682
0.013956
0.0
0.0
0.0
0.0
0.0
0.0
0.0
0.0
0.0
0.0
0.0
0.011304999999999999
0.039972
0.07559600000000001
0.22951400000000002
0.299723
0.35126799999999997
0.375824
0.16552699999999998
0.33775099999999997
0.115357
0.205474
0.133629
0.017076
0.0
0.0
0.0
0.0
0.0
0.0
0.0
0.0
0.0
0.0
0.0
0.026349
0.057086
0.107474
0.501714
0.198192
0.226535
0.23701
0.790537
0.201404
0.160002
0.111719
0.062287999999999996
0.036912
0.0
0.0
0.0
0.0
0.0
0.0
0.0
0.0
0.0
0.0
0.0
0.009746000000000001
0.08072499999999999
0.23241499999999998
0.21700899999999998
0.482414
0.6519299999999999
0.708609
0.6168819999999999
0.6636340000000001
0.48738400000000004
0.15462
0.086741
0.015461
0.0
0.0
0.0
0.0
0.0
0.0
0.0
0.0
0.0
0.0
0.0
0.01863
0.048699
0.214439
0.13278399999999999
0.16847700000000002
0.192052
0.523596
0.193207
0.448027
0.13394
0.28859300000000004
0.18773099999999998
0.014848
0.0
0.0
0.0
0.0
0.0
0.0
0.0
0.0
0.0
0.0
0.0
0.011626
0.08272700000000001
0.231189
0.216662
0.270728
0.305756
0.317575
0.568254
0.754435
0.480916
0.157071
0.08877
0.018156
0.0
0.0
0.0
0.0
0.0
0.0
0.0
0.0
0.0
0.0
0.0
0.009245
0.10204099999999999
0.24060499999999999
0.377972
0.663948
0.592138
0.341733
0.6381420000000001
0.286148
0.502556
0.36800700000000003
0.151697
0.027971
0.0
0.0
0.0
0.0
0.0
0.0
0.0
0.0
0.0
0.0
0.0
0.010924
0.08094
0.228629
0.213058
0.26653
0.546203
0.589605
0.589263
0.6658099999999999
0.546142
0.37879599999999997
0.08843899999999999
0.016099
0.0
0.0
0.0
0.0
0.0
0.0
0.0
0.0
0.0
0.0
0.0
0.01351
0.055309
0.10109699999999999
0.147107
0.185398
0.211793
0.221271
0.212861
0.188282
0.14990199999999998
0.105472
0.059848
0.018172999999999998
0.0
0.0
0.0
0.0
0.0
0.0
0.0
0.0
0.0
0.0
0.0
0.013516
0.055159999999999994
0.099726
0.143881
0.18181999999999998
0.20704499999999998
0.217562
0.209617
0.188835
0.15172300000000002
0.10651300000000001
0.061027
0.018324
0.0
0.0
0.0
0.0
0.0
0.0
0.0
0.0
0.0
0.0
0.0
0.013615
0.055404
0.101815
0.147732
0.186833
0.214284
0.224682
0.216445
0.192572
0.154054
0.10884300000000001
0.062426
0.019535
0.0
0.0
0.0
0.0
0.0
0.0
0.0
0.0
0.0
0.0
0.0
0.02238
0.049686
0.21105500000000002
0.312245
0.163443
0.465231
0.194666
0.18759800000000001
0.466919
0.13476400000000002
0.095315
0.054433
0.028966000000000002
0.0
0.0
0.0
0.0
0.0
0.0
0.0
0.0
0.0
0.0
0.0
0.014439
0.055975000000000004
0.10189100000000001
0.14675200000000002
0.185536
0.21173599999999998
0.221857
0.214297
0.18682400000000002
0.151302
0.107514
0.062102
0.019636
0.0
0.0
0.0
0.0
0.0
0.0
0.0
0.0
0.0
0.0
0.0
0.009956
0.089441
0.237893
0.374802
0.501113
0.5903390000000001
0.652147
0.643879
0.616226
0.504862
0.377408
0.138941
0.007927
0.0
0.0
0.0
0.0
0.0
0.0
0.0
0.0
0.0
0.0
0.0
0.028163
0.056003
0.099958
0.387993
0.180944
0.205986
0.215446
0.6089199999999999
0.18294300000000002
0.146649
0.359528
0.216394
0.019886
0.0
0.0
0.0
0.0
0.0
0.0
0.0
0.0
0.0
0.0
0.0
0.011317
0.089358
0.23616499999999999
0.225381
0.486183
0.600547
0.652707
0.657344
0.627206
0.506037
0.35389299999999996
0.157321
0.009155
0.0
0.0
0.0
0.0
0.0
0.0
0.0
0.0
0.0
0.0
0.0
0.014173
0.089908
0.160395
0.377222
0.286704
0.32653699999999997
0.34116399999999997
0.328027
0.587932
0.503463
0.43241399999999997
0.19995
0.019643
0.0
0.0
0.0
0.0
0.0
0.0
0.0
0.0
0.0
0.0
0.0
0.005559000000000001
0.108903
0.26065
0.215825
0.540532
0.343147
0.690495
0.372081
0.622711
0.507609
0.354344
0.146774
0.011686
0.0
0.0
0.0
0.0
0.0
0.0
0.0
0.0
0.0
0.0
0.0
0.01726
0.059792000000000005
0.10648099999999999
0.15199700000000002
0.18973099999999998
0.216028
0.225188
0.216705
0.19214599999999998
0.154668
0.11118
0.06494499999999999
0.022372
0.0
0.0
0.0
0.0
0.0
0.0
0.0
0.0
0.0
0.0
0.0
0.033932000000000004
0.172838
0.132628
0.187768
0.6363390000000001
0.722763
0.27357600000000004
0.262892
0.237923
0.19104300000000002
0.137201
0.081213
0.028532
0.0
0.0
0.0
0.0
0.0
0.0
0.0
0.0
0.0
0.0
0.0
0.01648
0.05601
0.099187
0.140456
0.17452099999999998
0.198022
0.206749
0.200202
0.183625
0.149211
0.106384
0.062261000000000004
0.021582
0.0
0.0
0.0
0.0
0.0
0.0
0.0
0.0
0.0
0.0
0.0
0.016654
0.056679
0.09922
0.141338
0.177331
0.201089
0.209989
0.20237
0.183127
0.14738300000000001
0.105542
0.062571
0.021492
0.0
0.0
0.0
0.0
0.0
0.0
0.0
0.0
0.0
0.0
0.0
0.031764
0.075712
0.332557
0.1891
0.23616900000000002
0.753204
0.28030099999999997
0.798933
0.237315
0.191108
0.137266
0.081624
0.029015
0.0
0.0
0.0
0.0
0.0
0.0
0.0
0.0
0.0
0.0
0.0
0.032433
0.16488
0.14180199999999998
0.50673
0.248446
0.749165
0.293188
0.281921
0.251604
0.20396899999999998
0.146661
0.22128899999999999
0.031322
0.0
0.0
0.0
0.0
0.0
0.0
0.0
0.0
0.0
0.0
0.0
0.021824000000000003
0.08919400000000001
0.17356100000000002
0.120267
0.32965300000000003
0.170483
0.408282
0.170888
0.36909800000000004
0.122602
0.23291499999999998
0.148871
0.018204
0.0
0.0
0.0
0.0
0.0
0.0
0.0
0.0
0.0
0.0
0.0
0.017228
0.056648000000000004
0.09960200000000001
0.141619
0.176816
0.20111099999999998
0.210001
0.202054
0.18041200000000002
0.145988
0.10465300000000001
0.061869999999999994
0.021949000000000003
0.0
0.0
0.0
0.0
0.0
0.0
0.0
0.0
0.0
0.0
0.0
0.019645
0.116131
0.249225
0.374833
0.247952
0.5597190000000001
0.598365
0.279345
0.5629890000000001
0.20276499999999997
0.146103
0.186202
0.026392
0.0
0.0
0.0
0.0
0.0
0.0
0.0
0.0
0.0
0.0
0.0
0.037128
0.095201
0.438676
0.22688999999999998
0.280358
0.31543
0.327629
0.315405
0.279913
0.625942
0.165311
0.229547
0.043833
0.0
0.0
0.0
0.0
0.0
0.0
0.0
0.0
0.0
0.0
0.0
0.015106999999999999
0.10493000000000001
0.230197
0.582896
0.459192
0.30579199999999995
0.5784779999999999
0.30544499999999997
0.270009
0.46114
0.36638299999999996
0.095525
0.036168
0.0
0.0
0.0
0.0
0.0
0.0
0.0
0.0
0.0
0.0
0.0
0.025908999999999998
0.083172
0.280913
0.19920500000000002
0.537284
0.27739600000000003
0.288328
0.658447
0.251984
0.5550109999999999
0.148085
0.201067
0.033946
0.0
0.0
0.0
0.0
0.0
0.0
0.0
0.0
0.0
0.0
0.0
0.018953
0.057693
0.100042
0.14211000000000001
0.177991
0.20181
0.210761
0.202548
0.18066
0.146218
0.10546
0.06296399999999999
0.023964
0.0
0.0
0.0
0.0
0.0
0.0
0.0
0.0
0.0
0.0
0.0
0.019306999999999998
0.058408
0.101009
0.143177
0.178501
0.202721
0.212211
0.2044
0.18197
0.148038
0.106765
0.063765
0.024297
0.0
0.0
0.0
0.0
0.0
0.0
0.0
0.0
0.0
0.0
0.0
0.019102
0.05774
0.100323
0.141621
0.17778200000000002
0.202243
0.211357
0.204569
0.182082
0.148057
0.107386
0.06413500000000001
0.024489
0.0
0.0
0.0
0.0
0.0
0.0
0.0
0.0
0.0
0.0
0.0
0.019126999999999998
0.057657
0.09932899999999999
0.13951
0.173546
0.196706
0.205536
0.19786
0.179638
0.145565
0.10457899999999999
0.062911
0.024027
0.0
0.0
0.0
0.0
0.0
0.0
0.0
0.0
0.0
0.0
0.0
0.017341000000000002
0.22603499999999999
0.23832499999999998
0.22533
0.277796
0.313182
0.589012
0.31327
0.279902
0.477188
0.165355
0.182543
0.039502
0.0
0.0
0.0
0.0
0.0
0.0
0.0
0.0
0.0
0.0
0.0
0.024696000000000003
0.072798
0.124331
0.174067
0.45273399999999997
0.525747
0.56148
0.242885
0.524672
0.446118
0.128236
0.077664
0.030841999999999998
0.0
0.0
0.0
0.0
0.0
0.0
0.0
0.0
0.0
0.0
0.0
0.024672999999999997
0.109852
0.224875
0.164207
0.204071
0.503454
0.542587
0.231838
0.497861
0.42173099999999997
0.121031
0.073279
0.031424
0.0
0.0
0.0
0.0
0.0
0.0
0.0
0.0
0.0
0.0
0.0
0.022174
0.100303
0.11101699999999999
0.295341
0.192142
0.438467
0.46828800000000004
0.46718400000000004
0.194143
0.370918
0.28689600000000004
0.186654
0.027335
0.0
0.0
0.0
0.0
0.0
0.0
0.0
0.0
0.0
0.0
0.0
0.019015999999999998
0.078143
0.200906
0.386144
0.397156
0.466203
0.639202
0.497339
0.231326
0.187664
0.30197399999999996
0.18396600000000002
0.033326999999999996
0.0
0.0
0.0
0.0
0.0
0.0
0.0
0.0
0.0
0.0
0.0
0.025667000000000002
0.058885
0.194543
0.140862
0.174678
0.427586
0.45547899999999997
0.448759
0.175143
0.343885
0.265708
0.062473999999999995
0.024448
0.0
0.0
0.0
0.0
0.0
0.0
0.0
0.0
0.0
0.0
0.0
0.032887
0.11982999999999999
0.229682
0.129812
0.430013
0.183297
0.19154
0.184521
0.470637
0.13209100000000001
0.09550700000000001
0.058258000000000004
0.040246000000000004
0.0
0.0
0.0
0.0
0.0
0.0
0.0
0.0
0.0
0.0
0.0
0.02223
0.098724
0.109092
0.295288
0.189545
0.441887
0.47283800000000004
0.21517599999999998
0.421566
0.357798
0.27725900000000003
0.179461
0.027064
0.0
0.0
0.0
0.0
0.0
0.0
0.0
0.0
0.0
0.0
0.0
0.024394
0.100773
0.105526
0.147362
0.387266
0.20652099999999998
0.480155
0.208104
0.434902
0.36906599999999995
0.284577
0.183167
0.026296
0.0
0.0
0.0
0.0
0.0
0.0
0.0
0.0
0.0
0.0
0.0
0.020225999999999997
0.047174
0.142822
0.11272199999999999
0.268301
0.3097
0.329179
0.32668200000000003
0.30396100000000004
0.257821
0.197964
0.053344
0.026431999999999997
0.0
0.0
0.0
0.0
0.0
0.0
0.0
0.0
0.0
0.0
0.0
0.025412
0.046331000000000004
0.079667
0.252618
0.140096
0.376303
0.167109
0.395752
0.359538
0.117125
0.084991
0.143587
0.020054
0.0
0.0
0.0
0.0
0.0
0.0
0.0
0.0
0.0
0.0
0.0
0.022428
0.092546
0.18346500000000002
0.271537
0.17721299999999998
0.402778
0.208572
0.423557
0.392501
0.332474
0.255257
0.06455200000000001
0.029006
0.0
0.0
0.0
0.0
0.0
0.0
0.0
0.0
0.0
0.0
0.0
0.025537
0.090212
0.17097800000000002
0.110028
0.13697399999999998
0.365682
0.162674
0.15685300000000002
0.34581
0.290558
0.08238
0.14063
0.019466999999999998
0.0
0.0
0.0
0.0
0.0
0.0
0.0
0.0
0.0
0.0
0.0
0.019494
0.071297
0.13464500000000001
0.197942
0.128524
0.293155
0.153701
0.30891
0.288609
0.24113800000000002
0.182372
0.11412
0.025722000000000002
0.0
0.0
0.0
0.0
0.0
0.0
0.0
0.0
0.0
0.0
0.0
0.027666
0.046612
0.182591
0.111874
0.139926
0.39187099999999997
0.165744
0.409687
0.14236500000000002
0.11604900000000001
0.238587
0.15034
0.019406
0.0
0.0
0.0
0.0
0.0
0.0
0.0
0.0
0.0
0.0
0.0
0.03736
0.13202699999999998
0.250517
0.36518599999999996
0.160388
0.18134899999999998
0.189519
0.182376
0.16308
0.435503
0.0959
0.058766
0.023626
0.0
0.0
0.0
0.0
0.0
0.0
0.0
0.0
0.0
0.0
0.0
0.019843
0.071238
0.13566399999999998
0.104003
0.25560499999999997
0.297056
0.154671
0.315239
0.28267000000000003
0.236247
0.178626
0.112043
0.025772
0.0
0.0
0.0
0.0
0.0
0.0
0.0
0.0
0.0
0.0
0.0
0.022699
0.08005200000000001
0.150644
0.107892
0.134813
0.325587
0.34724400000000005
0.34148700000000004
0.135249
0.255431
0.080388
0.122839
0.028582
0.0
0.0
0.0
0.0
0.0
0.0
0.0
0.0
0.0
0.0
0.0
0.026308
0.069456
0.226207
0.163388
0.431999
0.500445
0.5381589999999999
0.533832
0.206875
0.16819900000000002
0.12264499999999999
0.074801
0.030466999999999998
0.0
0.0
0.0
0.0
0.0
0.0
0.0
0.0
0.0
0.0
0.0
0.027599
0.114006
0.11168399999999999
0.156191
0.19279300000000002
0.21674600000000002
0.529572
0.523317
0.49171699999999996
0.1581
0.32134500000000005
0.070331
0.036279000000000006
0.0
0.0
0.0
0.0
0.0
0.0
0.0
0.0
0.0
0.0
0.0
0.019599000000000002
0.071674
0.13681200000000002
0.201099
0.258787
0.29950099999999996
0.319169
0.149744
0.132578
0.236898
0.17868799999999999
0.112148
0.025549
0.0
0.0
0.0
0.0
0.0
0.0
0.0
0.0
0.0
0.0
0.0
0.020373000000000002
0.043165999999999996
0.139815
0.20504499999999998
0.26220499999999997
0.14872200000000002
0.323637
0.318777
0.287197
0.239507
0.077577
0.047406
0.026018999999999997
0.0
0.0
0.0
0.0
0.0
0.0
0.0
0.0
0.0
0.0
0.0
0.022077000000000003
0.04413
0.146241
0.213181
0.270352
0.14790199999999998
0.329515
0.148146
0.302321
0.107724
0.191046
0.120462
0.027874
0.0
0.0
0.0
0.0
0.0
0.0
0.0
0.0
0.0
0.0
0.0
0.025049
0.088908
0.081313
0.24416900000000002
0.14149799999999998
0.358163
0.384078
0.378608
0.146731
0.118897
0.085733
0.051548000000000004
0.031741
0.0
0.0
0.0
0.0
0.0
0.0
0.0
0.0
0.0
0.0
0.0
0.036615
0.076236
0.12826300000000002
0.177089
0.218119
0.243841
0.253155
0.6857519999999999
0.68716
0.179323
0.131417
0.246751
0.032919
0.0
0.0
0.0
0.0
0.0
0.0
0.0
0.0
0.0
0.0
0.0
0.028007
0.070062
0.11809900000000001
0.164477
0.464933
0.538328
0.238107
0.229243
0.209122
0.476553
0.36883699999999997
0.22734000000000001
0.031091999999999998
0.0
0.0
0.0
0.0
0.0
0.0
0.0
0.0
0.0
0.0
0.0
0.02614
0.079969
0.134967
0.392868
0.230796
0.580463
0.27118000000000003
0.6178619999999999
0.238797
0.519225
0.141231
0.086554
0.035812
0.0
0.0
0.0
0.0
0.0
0.0
0.0
0.0
0.0
0.0
0.0
0.028565999999999998
0.134632
0.279524
0.419996
0.23248
0.262749
0.274276
0.671335
0.236374
0.19203499999999998
0.139307
0.229207
0.037503999999999996
0.0
0.0
0.0
0.0
0.0
0.0
0.0
0.0
0.0
0.0
0.0
0.032794
0.07437600000000001
0.125227
0.174178
0.214577
0.6349210000000001
0.674898
0.241691
0.217242
0.177456
0.431882
0.079077
0.032083
0.0
0.0
0.0
0.0
0.0
0.0
0.0
0.0
0.0
0.0
0.0
0.026515999999999998
0.079614
0.26569299999999996
0.396705
0.230608
0.25957600000000003
0.269854
0.26010700000000003
0.610894
0.5231480000000001
0.140695
0.223715
0.034807000000000005
0.0
0.0
0.0
0.0
0.0
0.0
0.0
0.0
0.0
0.0
0.0
0.049
0.084548
0.447572
0.611644
0.24489599999999997
0.275747
0.287346
0.277623
0.251207
0.204768
0.14874600000000002
0.09053900000000001
0.036666
0.0
0.0
0.0
0.0
0.0
0.0
0.0
0.0
0.0
0.0
0.0
0.017133
0.051341
0.088311
0.1238
0.153252
0.17421
0.181674
0.1756
0.157192
0.127997
0.092423
0.055958
0.022257000000000002
0.0
0.0
0.0
0.0
0.0
0.0
0.0
0.0
0.0
0.0
0.0
0.017063
0.051073
0.08724599999999999
0.12198300000000001
0.151405
0.171033
0.178351
0.172286
0.15318700000000002
0.124757
0.091163
0.055087000000000004
0.022050999999999998
0.0
0.0
0.0
0.0
0.0
0.0
0.0
0.0
0.0
0.0
0.0
0.017258
0.051896
0.08916
0.12537600000000002
0.15646100000000002
0.177571
0.186425
0.179834
0.160722
0.131049
0.095649
0.057599
0.022949999999999998
0.0
0.0
0.0
0.0
0.0
0.0
0.0
0.0
0.0
0.0
0.0
0.017425
0.052333
0.089872
0.126238
0.157387
0.17912999999999998
0.186973
0.17999199999999999
0.158417
0.128487
0.093704
0.056489
0.02185
0.0
0.0
0.0
0.0
0.0
0.0
0.0
0.0
0.0
0.0
0.0
0.017265999999999997
0.051919
0.08893899999999999
0.124861
0.155696
0.17744100000000002
0.185597
0.179843
0.160943
0.13045099999999998
0.09490900000000001
0.056994
0.021946999999999998
0.0
0.0
0.0
0.0
0.0
0.0
0.0
0.0
0.0
0.0
0.0
0.017195000000000002
0.051656999999999995
0.088491
0.124726
0.154988
0.175262
0.18359
0.176852
0.157423
0.128383
0.093169
0.056173
0.021706
0.0
0.0
0.0
0.0
0.0
0.0
0.0
0.0
0.0
0.0
0.0
0.033345
0.125505
0.08791
0.12365999999999999
0.436279
0.173603
0.18119200000000002
0.17387799999999998
0.154076
0.124306
0.307086
0.198435
0.044456
0.0
0.0
0.0
0.0
0.0
0.0
0.0
0.0
0.0
0.0
0.0
0.013518
0.089367
0.198544
0.33375099999999996
0.397177
0.265173
0.501525
0.5615359999999999
0.453511
0.441884
0.30462900000000004
0.08429600000000001
0.021378
0.0
0.0
0.0
0.0
0.0
0.0
0.0
0.0
0.0
0.0
0.0
0.012881
0.09347799999999999
0.211374
0.205498
0.422058
0.28540499999999996
0.531609
0.286204
0.518116
0.548455
0.347408
0.199033
0.02132
0.0
0.0
0.0
0.0
0.0
0.0
0.0
0.0
0.0
0.0
0.0
0.011077
0.08719
0.14643199999999998
0.318137
0.251036
0.48293400000000003
0.5688479999999999
0.573039
0.579801
0.444919
0.361417
0.190271
0.012333
0.0
0.0
0.0
0.0
0.0
0.0
0.0
0.0
0.0
0.0
0.0
0.013205999999999999
0.086152
0.14632599999999998
0.32015699999999997
0.25063599999999997
0.282041
0.515817
0.6741029999999999
0.514174
0.212181
0.34667200000000004
0.197659
0.020655
0.0
0.0
0.0
0.0
0.0
0.0
0.0
0.0
0.0
0.0
0.0
0.027687
0.127494
0.255898
0.157392
0.195816
0.555206
0.233601
0.225919
0.204401
0.489077
0.118034
0.241154
0.027632
0.0
0.0
0.0
0.0
0.0
0.0
0.0
0.0
0.0
0.0
0.0
0.02106
0.13295300000000002
0.29772699999999996
0.210694
0.586425
0.296231
0.30944099999999997
0.730799
0.26593700000000003
0.21468
0.155938
0.22487000000000001
0.031626
0.0
0.0
0.0
0.0
0.0
0.0
0.0
0.0
0.0
0.0
0.0
0.009634
0.089384
0.212445
0.335048
0.424283
0.516454
0.535671
0.564289
0.542879
0.219704
0.367118
0.17280099999999998
0.015820999999999998
0.0
0.0
0.0
0.0
0.0
0.0
0.0
0.0
0.0
0.0
0.0
0.011849
0.08684
0.15037299999999998
0.211541
0.444375
0.524744
0.566967
0.30097199999999996
0.267278
0.45317399999999997
0.42807999999999996
0.19675399999999998
0.032357
0.0
0.0
0.0
0.0
0.0
0.0
0.0
0.0
0.0
0.0
0.0
0.008962999999999999
0.090212
0.215856
0.359537
0.47733
0.565761
0.5753400000000001
0.30584
0.545763
0.469926
0.355928
0.18700999999999998
0.009609
0.0
0.0
0.0
0.0
0.0
0.0
0.0
0.0
0.0
0.0
0.0
0.010022
0.091254
0.158081
0.222517
0.275727
0.543134
0.713255
0.587857
0.5625460000000001
0.48592599999999997
0.164693
0.189515
0.01843
0.0
0.0
0.0
0.0
0.0
0.0
0.0
0.0
0.0
0.0
0.0
0.009942
0.089215
0.22112600000000002
0.350301
0.46225599999999994
0.503518
0.58684
0.54242
0.521946
0.211709
0.352949
0.091627
0.035129
0.0
0.0
0.0
0.0
0.0
0.0
0.0
0.0
0.0
0.0
0.0
0.035546
0.203898
0.150357
0.211101
0.262286
0.8260109999999999
0.30970600000000004
0.298222
0.266401
0.215838
0.155362
0.092947
0.051045
0.0
0.0
0.0
0.0
0.0
0.0
0.0
0.0
0.0
0.0
0.0
0.010384000000000001
0.098866
0.213701
0.39124400000000004
0.516873
0.609017
0.555414
0.294234
0.264093
0.452544
0.35456400000000005
0.09169
0.034506
0.0
0.0
0.0
0.0
0.0
0.0
0.0
0.0
0.0
0.0
0.0
0.008147999999999999
0.087214
0.216595
0.352171
0.454303
0.555341
0.602553
0.607556
0.579431
0.473257
0.15782
0.18366200000000002
0.014736
0.0
0.0
0.0
0.0
0.0
0.0
0.0
0.0
0.0
0.0
0.0
0.040209
0.069507
0.12239900000000001
0.17372900000000002
0.216139
0.825757
0.254739
0.244963
0.216729
0.177172
0.129573
0.302555
0.02855
0.0
0.0
0.0
0.0
0.0
0.0
0.0
0.0
0.0
0.0
0.0
0.023138000000000002
0.08631799999999999
0.337884
0.21160400000000001
0.262306
0.723583
0.306618
0.295111
0.26917899999999995
0.623034
0.156924
0.093741
0.036088
0.0
0.0
0.0
0.0
0.0
0.0
0.0
0.0
0.0
0.0
0.0
0.022736999999999997
0.069647
0.266462
0.398385
0.507656
0.24307800000000002
0.252177
0.612453
0.220808
0.177176
0.126855
0.074961
0.027573
0.0
0.0
0.0
0.0
0.0
0.0
0.0
0.0
0.0
0.0
0.0
0.010859
0.19223500000000002
0.21556999999999998
0.20968199999999998
0.443564
0.29788400000000004
0.5662590000000001
0.300964
0.54304
0.217875
0.359026
0.197039
0.035266
0.0
0.0
0.0
0.0
0.0
0.0
0.0
0.0
0.0
0.0
0.0
0.018396
0.133822
0.148292
0.466444
0.603366
0.296637
0.30905099999999996
0.750437
0.267956
0.220243
0.160685
0.095368
0.032458
0.0
0.0
0.0
0.0
0.0
0.0
0.0
0.0
0.0
0.0
0.0
0.006184
0.091709
0.165825
0.376249
0.5957749999999999
0.597459
0.353192
0.653492
0.6185069999999999
0.5123909999999999
0.383616
0.10181699999999999
0.013779999999999999
0.0
0.0
0.0
0.0
0.0
0.0
0.0
0.0
0.0
0.0
0.0
0.001878
0.096955
0.259187
0.41872699999999996
0.29757
0.6646960000000001
0.38788799999999996
0.678234
0.619349
0.310406
0.366786
0.172934
0.0061600000000000005
0.0
0.0
0.0
0.0
0.0
0.0
0.0
0.0
0.0
0.0
0.0
0.005716000000000001
0.089166
0.16053800000000001
0.363097
0.491817
0.5739529999999999
0.639619
0.642796
0.5981449999999999
0.512895
0.355186
0.180011
0.006841
0.0
0.0
0.0
0.0
0.0
0.0
0.0
0.0
0.0
0.0
0.0
0.001351
0.091589
0.13753100000000001
0.22316399999999997
0.545472
0.650867
0.683134
0.66453
0.36995
0.499013
0.356834
0.16639199999999998
0.007463
0.0
0.0
0.0
0.0
0.0
0.0
0.0
0.0
0.0
0.0
0.0
0.029550999999999997
0.07854900000000001
0.141922
0.20438
0.256543
0.833333
0.30406700000000003
0.292904
0.25950799999999996
0.208786
0.53674
0.086105
0.029033
0.0
0.0
0.0
0.0
0.0
0.0
0.0
0.0
0.0
0.0
0.0
0.009104
0.124598
0.221866
0.488305
0.6365080000000001
0.532918
0.317457
0.5722119999999999
0.273974
0.220404
0.157107
0.09096599999999999
0.017079999999999998
0.0
0.0
0.0
0.0
0.0
0.0
0.0
0.0
0.0
0.0
0.0
0.007832
0.088741
0.146559
0.343032
0.264776
0.538784
0.662354
0.586226
0.633571
0.532464
0.366839
0.189943
0.029555
0.0
0.0
0.0
0.0
0.0
0.0
0.0
0.0
0.0
0.0
0.0
0.008964999999999999
0.088842
0.21212899999999998
0.20351
0.443606
0.646786
0.565871
0.704058
0.523835
0.206891
0.146418
0.194298
0.027601
0.0
0.0
0.0
0.0
0.0
0.0
0.0
0.0
0.0
0.0
0.0
0.01752
0.13161799999999999
0.143594
0.469483
0.26002800000000004
0.297005
0.31041
0.7717430000000001
0.7244740000000001
0.21165899999999999
0.149536
0.085701
0.02889
0.0
0.0
0.0
0.0
0.0
0.0
0.0
0.0
0.0
0.0
0.0
0.006068
0.086855
0.152021
0.356308
0.488099
0.5667000000000001
0.634116
0.615899
0.5971420000000001
0.48939699999999997
0.359059
0.16311099999999998
0.012872999999999999
0.0
0.0
0.0
0.0
0.0
0.0
0.0
0.0
0.0
0.0
0.0
0.017721
0.13640100000000002
0.141783
0.482919
0.62801
0.293333
0.306265
0.294899
0.260517
0.6223150000000001
0.147684
0.08448699999999999
0.02975
0.0
0.0
0.0
0.0
0.0
0.0
0.0
0.0
0.0
0.0
0.0
0.007541
0.131274
0.219279
0.34779899999999997
0.679729
0.544456
0.317926
0.588069
0.260339
0.439167
0.14909
0.085877
0.026783
0.0
0.0
0.0
0.0
0.0
0.0
0.0
0.0
0.0
0.0
0.0
0.030372
0.06745999999999999
0.426161
0.178798
0.223018
0.252384
0.26354099999999997
0.254827
0.234776
0.752861
0.135016
0.077028
0.023309
0.0
0.0
0.0
0.0
0.0
0.0
0.0
0.0
0.0
0.0
0.0
0.006415
0.08285899999999999
0.214341
0.324305
0.451452
0.496458
0.570998
0.531395
0.25698899999999997
0.444784
0.34818400000000005
0.163174
0.014132
0.0
0.0
0.0
0.0
0.0
0.0
0.0
0.0
0.0
0.0
0.0
0.016057
0.06963599999999999
0.12834800000000002
0.185261
0.576009
0.264138
0.703196
0.26568
0.242188
0.19332
0.469663
0.22538999999999998
0.022489000000000002
0.0
0.0
0.0
0.0
0.0
0.0
0.0
0.0
0.0
0.0
0.0
0.011356
0.075866
0.07410800000000001
0.24421500000000002
0.13788399999999998
0.36902300000000005
0.16431800000000002
0.386288
0.140283
0.29603500000000005
0.07808799999999999
0.136358
0.020037
0.0
0.0
0.0
0.0
0.0
0.0
0.0
0.0
0.0
0.0
0.0
0.007425
0.045493
0.08650100000000001
0.126604
0.16032
0.183192
0.191415
0.183965
0.16494
0.131625
0.091112
0.050358
0.013154
0.0
0.0
0.0
0.0
0.0
0.0
0.0
0.0
0.0
0.0
0.0
0.029422
0.072051
0.13448400000000002
0.19470099999999999
0.244597
0.27736
0.289281
0.27914
0.25733
0.20706899999999998
0.145965
0.291781
0.023283
0.0
0.0
0.0
0.0
0.0
0.0
0.0
0.0
0.0
0.0
0.0
0.006088
0.072424
0.136434
0.1982
0.425847
0.579271
0.620539
0.528737
0.60594
0.432649
0.141747
0.079166
0.021595
0.0
0.0
0.0
0.0
0.0
0.0
0.0
0.0
0.0
0.0
0.0
0.009372
0.102718
0.123934
0.384187
0.512435
0.265936
0.650138
0.266723
0.23341599999999998
0.49724799999999997
0.383881
0.194539
0.019012
0.0
0.0
0.0
0.0
0.0
0.0
0.0
0.0
0.0
0.0
0.0
0.013487
0.051942
0.247286
0.145541
0.184415
0.21106
0.5935199999999999
0.21174199999999999
0.190473
0.485008
0.104771
0.217702
0.025692
0.0
0.0
0.0
0.0
0.0
0.0
0.0
0.0
0.0
0.0
0.0
0.009654
0.043445
0.084783
0.125496
0.38897899999999996
0.45544
0.493636
0.189072
0.16818
0.133497
0.282814
0.047973
0.011385999999999999
0.0
0.0
0.0
0.0
0.0
0.0
0.0
0.0
0.0
0.0
0.0
0.007992
0.039889
0.172197
0.26470499999999997
0.344204
0.169917
0.17761600000000002
0.424351
0.15193199999999998
0.326235
0.082483
0.04424
0.017745
0.0
0.0
0.0
0.0
0.0
0.0
0.0
0.0
0.0
0.0
0.0
0.015374
0.16693100000000002
0.377396
0.172206
0.742814
0.25094
0.262258
0.25198
0.22231499999999998
0.176248
0.121849
0.066178
0.016102
0.0
0.0
0.0
0.0
0.0
0.0
0.0
0.0
0.0
0.0
0.0
0.005545
0.068259
0.152578
0.236846
0.311596
0.16408899999999998
0.390594
0.38314800000000004
0.143187
0.113286
0.20882599999999998
0.041597999999999996
0.008194000000000002
0.0
0.0
0.0
0.0
0.0
0.0
0.0
0.0
0.0
0.0
0.0
0.0025859999999999998
0.07031699999999999
0.140523
0.35125
0.266086
0.559918
0.6067859999999999
0.762618
0.559772
0.476826
0.38874400000000003
0.163026
0.018071999999999998
0.0
0.0
0.0
0.0
0.0
0.0
0.0
0.0
0.0
0.0
0.0
0.001461
0.08902299999999999
0.157
0.233937
0.526835
0.34364999999999996
0.6851889999999999
0.778212
0.6383840000000001
0.239612
0.165153
0.155861
0.020445
0.0
0.0
0.0
0.0
0.0
0.0
0.0
0.0
0.0
0.0
0.0
0.002469
0.042322000000000005
0.08549599999999999
0.127753
0.16379
0.18932400000000002
0.199823
0.192606
0.170854
0.13481200000000002
0.09265000000000001
0.048487999999999996
0.009615
0.0
0.0
0.0
0.0
0.0
0.0
0.0
0.0
0.0
0.0
0.0
0.001732
0.041890000000000004
0.08577599999999999
0.129929
0.167367
0.193773
0.20394800000000002
0.196246
0.171629
0.134804
0.09164499999999999
0.048284999999999995
0.008829
0.0
0.0
0.0
0.0
0.0
0.0
0.0
0.0
0.0
0.0
0.0
0.001466
0.042005
0.08576900000000001
0.129658
0.16748
0.192774
0.202652
0.19505099999999997
0.167381
0.132206
0.09043000000000001
0.047194
0.008757999999999998
0.0
0.0
0.0
0.0
0.0
0.0
0.0
0.0
0.0
0.0
0.0
0.0018700000000000001
0.047258
0.096923
0.145541
0.18818600000000002
0.217899
0.22932
0.22022999999999998
0.193642
0.15143500000000001
0.102447
0.052971
0.00975
0.0
0.0
0.0
0.0
0.0
0.0
0.0
0.0
0.0
0.0
0.0
0.000914
0.052001
0.120259
0.188595
0.250512
0.295664
0.317406
0.31264400000000003
0.283392
0.10406
0.172286
0.11270000000000001
0.007989
0.0
0.0
0.0
0.0
0.0
0.0
0.0
0.0
0.0
0.0
0.0
0.0
0.133856
0.245722
0.243665
0.31155900000000003
0.35696100000000003
0.700684
0.35884699999999997
0.685898
0.561202
0.38481400000000004
0.13763399999999998
0.006927
0.0
0.0
0.0
0.0
0.0
0.0
0.0
0.0
0.0
0.0
0.0
8.7e-05
0.063052
0.20458600000000002
0.19547399999999998
0.25099899999999997
0.288567
0.571908
0.5693189999999999
0.539065
0.6377999999999999
0.35482600000000003
0.14509899999999998
0.011891
0.0
0.0
0.0
0.0
0.0
0.0
0.0
0.0
0.0
0.0
0.0
0.001433
0.051948
0.10724299999999999
0.162929
0.210875
0.243387
0.255783
0.244906
0.212345
0.16570500000000002
0.111763
0.057508000000000004
0.008451
0.0
0.0
0.0
0.0
0.0
0.0
0.0
0.0
0.0
0.0
0.0
0.0
0.07104
0.230627
0.382036
0.289806
0.334747
0.679242
0.765411
0.679809
0.539145
0.155551
0.13167099999999998
0.005135
0.0
0.0
0.0
0.0
0.0
0.0
0.0
0.0
0.0
0.0
0.0
0.006637
0.054847
0.43874599999999997
0.636886
0.23463900000000001
0.272822
0.288333
0.277766
0.24368299999999998
0.191227
0.128562
0.065018
0.008806
0.0
0.0
0.0
0.0
0.0
0.0
0.0
0.0
0.0
0.0
0.0
0.0
0.047449
0.28163499999999997
0.23371799999999998
0.636991
0.39160700000000004
0.740928
0.431683
0.6392140000000001
0.516288
0.27251600000000004
0.111514
0.000131
0.0
0.0
0.0
0.0
0.0
0.0
0.0
0.0
0.0
0.0
0.0
0.0
0.07395099999999999
0.238977
0.400397
0.5833189999999999
0.687701
0.709487
0.720956
0.310348
0.524657
0.351931
0.09749200000000001
0.0
0.0
0.0
0.0
0.0
0.0
0.0
0.0
0.0
0.0
0.0
0.0
0.0
0.06397800000000001
0.217579
0.60026
0.480159
0.31029199999999996
0.32511700000000004
0.31251799999999996
0.275078
0.215655
0.144519
0.124693
0.006587
0.0
0.0
0.0
0.0
0.0
0.0
0.0
0.0
0.0
0.0
0.0
0.0
0.077839
0.218871
0.21246700000000002
0.495987
0.630946
0.6513680000000001
0.696016
0.610996
0.510182
0.366222
0.096438
0.0015409999999999998
0.0
0.0
0.0
0.0
0.0
0.0
0.0
0.0
0.0
0.0
0.0
0.0
0.048516
0.106244
0.163458
0.213483
0.247232
0.260701
0.25022900000000003
0.21862
0.17098500000000003
0.113858
0.055729
0.002721
0.0
0.0
0.0
0.0
0.0
0.0
0.0
0.0
0.0
0.0
0.0
0.0
0.024329999999999997
0.055498
0.087948
0.115983
0.135186
0.142602
0.137334
0.11877700000000001
0.092283
0.060681
0.028836999999999998
0.0
0.0
0.0
0.0
0.0
0.0
0.0
0.0
0.0
0.0
0.0
0.0
0.0
0.059847000000000004
0.076408
0.12020600000000001
0.32733
0.39493
0.424674
0.417325
0.377349
0.308557
0.081528
0.038668
0.0005610000000000001
0.0
0.0
0.0
0.0
0.0
0.0
0.0
0.0
0.0
0.0
0.0
0.000838
0.056211
0.429586
0.193028
0.251444
0.833333
0.30720400000000003
0.29493400000000003
0.258274
0.201072
0.132789
0.064216
0.002757
0.0
0.0
0.0
0.0
0.0
0.0
0.0
0.0
0.0
0.0
0.0
0.0
0.079285
0.224049
0.215434
0.504072
0.783144
0.653852
0.656072
0.288448
0.540976
0.147728
0.071476
9.800000000000001e-05
0.0
0.0
0.0
0.0
0.0
0.0
0.0
0.0
0.0
0.0
0.0
0.0
0.082684
0.150395
0.401254
0.30430799999999997
0.35341500000000003
0.7176739999999999
0.356327
0.30985700000000005
0.55345
0.3778
0.090029
0.0030259999999999996
0.0
0.0
0.0
0.0
0.0
0.0
0.0
0.0
0.0
0.0
0.0
0.0
0.056445999999999996
0.126967
0.34145
0.5619700000000001
0.5422910000000001
0.584612
0.6968949999999999
0.590524
0.208065
0.13719900000000002
0.065119
0.0
0.0
0.0
0.0
0.0
0.0
0.0
0.0
0.0
0.0
0.0
0.0
0.0
0.045371
0.10594799999999999
0.16662100000000002
0.219148
0.255869
0.26937599999999995
0.25833300000000003
0.223606
0.172293
0.11319499999999999
0.052978000000000004
0.000251
0.0
0.0
0.0
0.0
0.0
0.0
0.0
0.0
0.0
0.0
0.0
0.0
0.054372
0.13969700000000002
0.22805899999999998
0.13736600000000002
0.160863
0.394001
0.38578300000000004
0.138806
0.281034
0.207347
0.088382
0.0
0.0
0.0
0.0
0.0
0.0
0.0
0.0
0.0
0.0
0.0
0.0
0.0
0.074145
0.244634
0.40909300000000004
0.309301
0.677418
0.71477
0.68452
0.606525
0.480193
0.305447
0.055496000000000004
0.0
0.0
0.0
0.0
0.0
0.0
0.0
0.0
0.0
0.0
0.0
0.0
0.0
0.07781
0.145977
0.228959
0.551191
0.6613920000000001
0.36430799999999997
0.725603
0.684922
0.541818
0.153172
0.072577
0.00022
0.0
0.0
0.0
0.0
0.0
0.0
0.0
0.0
0.0
0.0
0.0
0.0
0.07515000000000001
0.220442
0.365889
0.27485899999999996
0.317199
0.331414
0.622779
0.6693300000000001
0.533448
0.340914
0.072051
0.0
0.0
0.0
0.0
0.0
0.0
0.0
0.0
0.0
0.0
0.0
0.0
0.0
0.076422
0.142582
0.22242699999999999
0.514211
0.6869500000000001
0.701039
0.656474
0.30255200000000004
0.233093
0.151645
0.034709000000000004
0.0
0.0
0.0
0.0
0.0
0.0
0.0
0.0
0.0
0.0
0.0
0.0
0.0
0.078449
0.359462
0.563622
0.6678590000000001
0.6493730000000001
0.367856
0.352134
0.31565
0.242884
0.157774
0.071432
0.0
0.0
0.0
0.0
0.0
0.0
0.0
0.0
0.0
0.0
0.0
0.0
0.0
0.029712
0.074953
0.120922
0.161332
0.189046
0.199013
0.190762
0.164316
0.125995
0.081239
0.03526
0.0
0.0
0.0
0.0
0.0
0.0
0.0
0.0
0.0
0.0
0.0
0.0
0.0
0.01943
0.050511
0.081857
0.110024
0.129325
0.136193
0.130172
0.11280899999999999
0.085422
0.054318
0.02264
0.0
0.0
0.0
0.0
0.0
0.0
0.0
0.0
0.0
0.0
0.0
0.0
0.0
0.077831
0.21962600000000002
0.153441
0.484209
0.5702119999999999
0.247545
0.235726
0.569586
0.15632300000000002
0.10043
0.056478
0.0
0.0
0.0
0.0
0.0
0.0
0.0
0.0
0.0
0.0
0.0
0.0
0.0
0.066118
0.201247
0.40649599999999997
0.45627
0.28972899999999996
0.582394
0.5817129999999999
0.5646209999999999
0.48902300000000004
0.315172
0.055253000000000003
0.0
0.0
0.0
0.0
0.0
0.0
0.0
0.0
0.0
0.0
0.0
0.0
0.0
0.065479
0.210727
0.35709199999999996
0.49150499999999997
0.594151
0.671905
0.674147
0.579825
0.491097
0.12993700000000002
0.029068
0.0
0.0
0.0
0.0
0.0
0.0
0.0
0.0
0.0
0.0
0.0
0.0
0.0
0.068463
0.370475
0.5508139999999999
0.483801
0.310388
0.620626
0.311945
0.278098
0.512719
0.13623
0.058077
0.0
0.0
0.0
0.0
0.0
0.0
0.0
0.0
0.0
0.0
0.0
0.0
0.0
0.061654
0.196069
0.343478
0.47359199999999996
0.570649
0.621799
0.621383
0.24396600000000002
0.49726
0.116852
0.036187
0.0
0.0
0.0
0.0
0.0
0.0
0.0
0.0
0.0
0.0
0.0
0.0
0.0
0.015986
0.046694
0.077906
0.106268
0.125221
0.133358
0.127546
0.109084
0.082307
0.051040999999999996
0.020032
0.0
0.0
0.0
0.0
0.0
0.0
0.0
0.0
0.0
0.0
0.0
0.0
0.0
0.020413
0.058607
0.097653
0.131967
0.155409
0.16454
0.157237
0.13846799999999998
0.103578
0.064595
0.024925
0.0
0.0
0.0
0.0
0.0
0.0
0.0
0.0
0.0
0.0
0.0
0.0
0.0
0.015243
0.045107999999999995
0.076681
0.10367
0.12275
0.12981700000000002
0.124344
0.108283
0.081785
0.050609
0.018715
0.0
0.0
0.0
0.0
0.0
0.0
0.0
0.0
0.0
0.0
0.0
0.0
0.0
0.014684
0.045798
0.077394
0.105291
0.125066
0.13219
0.126779
0.10819100000000001
0.081009
0.04952
0.018453
0.0
0.0
0.0
0.0
0.0
0.0
0.0
0.0
0.0
0.0
0.0
0.0
0.0
0.058441
0.115816
0.341479
0.48728899999999997
0.583583
0.606102
0.637534
0.622212
0.474253
0.292403
0.049845
0.0
0.0
0.0
0.0
0.0
0.0
0.0
0.0
0.0
0.0
0.0
0.0
0.0
0.059634
0.120387
0.35913999999999996
0.49521699999999996
0.669972
0.704273
0.670153
0.6108709999999999
0.20266399999999998
0.127302
0.051042000000000004
0.0
0.0
0.0
0.0
0.0
0.0
0.0
0.0
0.0
0.0
0.0
0.0
0.0
0.057825
0.12206
0.361688
0.503085
0.6012240000000001
0.636718
0.613009
0.571594
0.474724
0.24521500000000002
0.021413
0.0
0.0
0.0
0.0
0.0
0.0
0.0
0.0
0.0
0.0
0.0
0.0
0.0
0.056515
0.199
0.34651499999999996
0.565485
0.572328
0.315846
0.6242530000000001
0.566577
0.459572
0.123277
0.023332000000000002
0.0
0.0
0.0
0.0
0.0
0.0
0.0
0.0
0.0
0.0
0.0
0.0
0.0
0.026763000000000002
0.08238899999999999
0.138512
0.18644300000000003
0.219062
0.231482
0.220787
0.192729
0.144925
0.088699
0.033076
0.0
0.0
0.0
0.0
0.0
0.0
0.0
0.0
0.0
0.0
0.0
0.0
0.0
0.050202
0.070714
0.121146
0.164677
0.476272
0.51352
0.196163
0.489922
0.406408
0.077869
0.027565000000000003
0.0
0.0
0.0
0.0
0.0
0.0
0.0
0.0
0.0
0.0
0.0
0.0
0.0
0.058251
0.128288
0.216144
0.557417
0.6785019999999999
0.364268
0.347493
0.6523260000000001
0.503991
0.268657
0.05208
0.0
0.0
0.0
0.0
0.0
0.0
0.0
0.0
0.0
0.0
0.0
0.0
0.0
0.052435999999999997
0.113872
0.351889
0.518839
0.5984539999999999
0.690299
0.6702140000000001
0.613465
0.49833
0.123407
0.02153
0.0
0.0
0.0
0.0
0.0
0.0
0.0
0.0
0.0
0.0
0.0
0.0
0.0
0.053814999999999995
0.11445999999999999
0.195
0.264561
0.6261180000000001
0.7598440000000001
0.719763
0.628918
0.504969
0.24589
0.01636
0.0
0.0
0.0
0.0
0.0
0.0
0.0
0.0
0.0
0.0
0.0
0.0
0.0
0.054899
0.37206599999999995
0.393617
0.290904
0.343849
0.756848
0.34773200000000004
0.6598719999999999
0.223844
0.257004
0.049772
0.0
0.0
0.0
0.0
0.0
0.0
0.0
0.0
0.0
0.0
0.0
0.0
0.0
0.050116999999999995
0.224119
0.34936399999999995
0.562019
0.681053
0.64811
0.302151
0.6130140000000001
0.468729
0.117976
0.020088
0.0
0.0
0.0
0.0
0.0
0.0
0.0
0.0
0.0
0.0
0.0
0.0
0.0
0.046098999999999994
0.100096
0.171077
0.231953
0.272686
0.287928
0.570473
0.240377
0.488106
0.29534
0.026635000000000002
0.0
0.0
0.0
0.0
0.0
0.0
0.0
0.0
0.0
0.0
0.0
0.0
0.0
0.093749
0.083688
0.144345
0.197304
0.233334
0.79962
0.23519800000000002
0.207425
0.154453
0.091962
0.074286
0.0
0.0
0.0
0.0
0.0
0.0
0.0
0.0
0.0
0.0
0.0
0.0
0.0
0.048595
0.18871100000000002
0.141963
0.47358999999999996
0.23144900000000002
0.628073
0.232624
0.574385
0.49531200000000003
0.087083
0.028253
0.0
0.0
0.0
0.0
0.0
0.0
0.0
0.0
0.0
0.0
0.0
0.0
0.0
0.107949
0.088503
0.15475299999999997
0.211119
0.758418
0.2627
0.24983000000000002
0.219487
0.16253
0.09665800000000001
0.031604
0.0
0.0
0.0
0.0
0.0
0.0
0.0
0.0
0.0
0.0
0.0
0.0
0.0
0.022335
0.092704
0.168972
0.237941
0.28851499999999997
0.313178
0.31614600000000004
0.280548
0.231877
0.202631
0.019015999999999998
0.0
0.0
0.0
0.0
0.0
0.0
0.0
0.0
0.0
0.0
0.0
0.0
0.0
0.009507
0.04057
0.07446
0.103789
0.124925
0.13278800000000002
0.126164
0.10597100000000001
0.078379
0.044898
0.01222
0.0
0.0
0.0
0.0
0.0
0.0
0.0
0.0
0.0
0.0
0.0
0.0
0.0
0.008934
0.040215
0.074584
0.104774
0.126909
0.13548400000000002
0.128739
0.10928
0.079524
0.04522399999999999
0.011273
0.0
0.0
0.0
0.0
0.0
0.0
0.0
0.0
0.0
0.0
0.0
0.0
0.0
0.016987
0.069345
0.125144
0.175008
0.209406
0.222959
0.21243399999999998
0.183379
0.134096
0.077554
0.022538
0.0
0.0
0.0
0.0
0.0
0.0
0.0
0.0
0.0
0.0
0.0
0.0
0.0
0.008383
0.040123
0.07422
0.104717
0.126908
0.13538399999999998
0.128603
0.109155
0.07951000000000001
0.044944000000000005
0.010757
0.0
0.0
0.0
0.0
0.0
0.0
0.0
0.0
0.0
0.0
0.0
0.0
0.0
0.007718
0.039533
0.07362099999999999
0.10397100000000001
0.12601600000000002
0.13454400000000002
0.12803399999999998
0.109013
0.079417
0.044646
0.01071
0.0
0.0
0.0
0.0
0.0
0.0
0.0
0.0
0.0
0.0
0.0
0.0
0.0
0.007888
0.040284
0.074351
0.106379
0.12831
0.136951
0.13000899999999999
0.109761
0.079665
0.04532
0.009980000000000001
0.0
0.0
0.0
0.0
0.0
0.0
0.0
0.0
0.0
0.0
0.0
0.0
0.0
0.007255
0.039735
0.073672
0.105362
0.126772
0.13501
0.127885
0.107292
0.07767700000000001
0.043794
0.009435
0.0
0.0
0.0
0.0
0.0
0.0
0.0
0.0
0.0
0.0
0.0
0.0
0.0
0.045491
0.073691
0.381672
0.53101
0.224912
0.238514
0.227135
0.196213
0.550119
0.251717
0.019801
0.0
0.0
0.0
0.0
0.0
0.0
0.0
0.0
0.0
0.0
0.0
0.0
0.0
0.049156
0.08703
0.45093900000000003
0.224411
0.268597
0.285325
0.833333
0.22781700000000002
0.534828
0.096042
0.022366
0.0
0.0
0.0
0.0
0.0
0.0
0.0
0.0
0.0
0.0
0.0
0.0
0.0
0.080636
0.092597
0.170131
0.23814
0.285706
0.303743
0.28968299999999997
0.757823
0.180186
0.103769
0.048297
0.0
0.0
0.0
0.0
0.0
0.0
0.0
0.0
0.0
0.0
0.0
0.0
0.0
0.031329
0.07068899999999999
0.316209
0.185861
0.55687
0.6182190000000001
0.225795
0.578114
0.139334
0.206847
0.015906
0.0
0.0
0.0
0.0
0.0
0.0
0.0
0.0
0.0
0.0
0.0
0.0
0.0
0.009245
0.053328
0.101611
0.144686
0.17439500000000002
0.185666
0.176485
0.15018299999999998
0.108317
0.060637
0.008331
0.0
0.0
0.0
0.0
0.0
0.0
0.0
0.0
0.0
0.0
0.0
0.0
0.0
0.004929
0.036404000000000006
0.070397
0.100783
0.122655
0.131299
0.125049
0.104863
0.074319
0.040575
0.003971
0.0
0.0
0.0
0.0
0.0
0.0
0.0
0.0
0.0
0.0
0.0
0.0
0.0
0.004852
0.035387
0.069221
0.09954900000000001
0.121457
0.13016
0.124008
0.103549
0.074202
0.039834
0.004006
0.0
0.0
0.0
0.0
0.0
0.0
0.0
0.0
0.0
0.0
0.0
0.0
0.0
0.004055
0.03417
0.06731999999999999
0.09674200000000001
0.117722
0.125859
0.119715
0.101021
0.07203799999999999
0.038322
0.003417
0.0
0.0
0.0
0.0
0.0
0.0
0.0
0.0
0.0
0.0
0.0
0.0
0.0
0.004817
0.040778
0.079528
0.11427200000000001
0.13894499999999999
0.148283
0.141791
0.11915300000000001
0.08537900000000001
0.046032
0.004685
0.0
0.0
0.0
0.0
0.0
0.0
0.0
0.0
0.0
0.0
0.0
0.0
0.0
0.046412999999999996
0.086212
0.163314
0.676813
0.27740499999999996
0.29497199999999996
0.281471
0.7511639999999999
0.178357
0.099738
0.017736000000000002
0.0
0.0
0.0
0.0
0.0
0.0
0.0
0.0
0.0
0.0
0.0
0.0
0.0
0.023108
0.153513
0.34184699999999996
0.501894
0.555284
0.6167140000000001
0.6957720000000001
0.593326
0.160948
0.08948
0.012621
0.0
0.0
0.0
0.0
0.0
0.0
0.0
0.0
0.0
0.0
0.0
0.0
0.0
0.013382
0.187221
0.206495
0.5352659999999999
0.64635
0.65401
0.430471
0.54247
0.390383
0.115417
0.000312
0.0
0.0
0.0
0.0
0.0
0.0
0.0
0.0
0.0
0.0
0.0
0.0
0.0
0.022928999999999998
0.089906
0.336903
0.494948
0.593548
0.634741
0.595711
0.579579
0.382919
0.125203
0.00027
0.0
0.0
0.0
0.0
0.0
0.0
0.0
0.0
0.0
0.0
0.0
0.0
0.0
0.022672
0.166606
0.126723
0.180234
0.21706
0.619316
0.217788
0.610101
0.47822899999999996
0.16469999999999999
0.010223000000000001
0.0
0.0
0.0
0.0
0.0
0.0
0.0
0.0
0.0
0.0
0.0
0.0
0.0
0.020219
0.240804
0.328861
0.23973599999999998
0.28727800000000003
0.304556
0.630574
0.585364
0.41548700000000005
0.123531
0.003398
0.0
0.0
0.0
0.0
0.0
0.0
0.0
0.0
0.0
0.0
0.0
0.0
0.0
0.017181000000000002
0.15928399999999998
0.290765
0.465842
0.51862
0.635808
0.582939
0.21603299999999998
0.415202
0.123416
0.004033
0.0
0.0
0.0
0.0
0.0
0.0
0.0
0.0
0.0
0.0
0.0
0.0
0.0
0.039827
0.08885299999999999
0.174494
0.25045500000000004
0.30285
0.322793
0.76897
0.25714800000000004
0.185702
0.177482
0.011883
0.0
0.0
0.0
0.0
0.0
0.0
0.0
0.0
0.0
0.0
0.0
0.0
0.0
0.0179
0.25446799999999997
0.320185
0.23111600000000002
0.276975
0.6300990000000001
0.634492
0.5598110000000001
0.398262
0.11707200000000001
0.003036
0.0
0.0
0.0
0.0
0.0
0.0
0.0
0.0
0.0
0.0
0.0
0.0
0.0
0.015347
0.14958000000000002
0.15204499999999999
0.43696300000000005
0.259916
0.275375
0.596285
0.593587
0.426825
0.123985
0.003846
0.0
0.0
0.0
0.0
0.0
0.0
0.0
0.0
0.0
0.0
0.0
0.0
0.0
0.013177
0.051598
0.104552
0.39183
0.183397
0.523636
0.184728
0.5028279999999999
0.446797
0.058189
0.0061920000000000005
0.0
0.0
0.0
0.0
0.0
0.0
0.0
0.0
0.0
0.0
0.0
0.0
0.0
0.001065
0.033646
0.071937
0.105931
0.13125399999999998
0.14077699999999999
0.132932
0.110894
0.07728199999999999
0.039253
0.001843
0.0
0.0
0.0
0.0
0.0
0.0
0.0
0.0
0.0
0.0
0.0
0.0
0.0
0.000373
0.033542
0.07068
0.10491400000000001
0.12903399999999998
0.138472
0.131716
0.11004699999999999
0.076433
0.038381
0.001827
0.0
0.0
0.0
0.0
0.0
0.0
0.0
0.0
0.0
0.0
0.0
0.0
0.0
0.00040899999999999997
0.033366999999999994
0.071283
0.1065
0.13150499999999998
0.141405
0.13459200000000002
0.111704
0.078319
0.039476
0.001534
0.0
0.0
0.0
0.0
0.0
0.0
0.0
0.0
0.0
0.0
0.0
0.0
0.0
0.0
0.033814
0.07102
0.10601999999999999
0.130668
0.14026
0.133208
0.10987699999999999
0.076769
0.038236
0.001472
0.0
0.0
0.0
0.0
0.0
0.0
0.0
0.0
0.0
0.0
0.0
0.0
0.0
0.009264
0.14091800000000002
0.145607
0.445264
0.686691
0.7252649999999999
0.639378
0.21599600000000002
0.40529899999999996
0.080918
0.00607
0.0
0.0
0.0
0.0
0.0
0.0
0.0
0.0
0.0
0.0
0.0
0.0
0.0
0.004295
0.03673
0.20158600000000002
0.118525
0.38040199999999996
0.157223
0.42815499999999995
0.38896600000000003
0.08706
0.133168
0.003955
0.0
0.0
0.0
0.0
0.0
0.0
0.0
0.0
0.0
0.0
0.0
0.0
0.0
0.00711
0.06939100000000001
0.145488
0.213351
0.26047699999999996
0.627811
0.638328
0.621786
0.419744
0.11107500000000001
0.005127
0.0
0.0
0.0
0.0
0.0
0.0
0.0
0.0
0.0
0.0
0.0
0.0
0.0
0.003919
0.112493
0.08012000000000001
0.356362
0.14801599999999998
0.158893
0.150564
0.451517
0.389795
0.043562
0.004687
0.0
0.0
0.0
0.0
0.0
0.0
0.0
0.0
0.0
0.0
0.0
0.0
0.0
0.0
0.031181999999999998
0.068252
0.102422
0.127007
0.136601
0.12962100000000001
0.106877
0.074532
0.036703
0.000537
0.0
0.0
0.0
0.0
0.0
0.0
0.0
0.0
0.0
0.0
0.0
0.0
0.0
0.0
0.031177
0.06829
0.102393
0.126084
0.13555899999999999
0.12848099999999998
0.106663
0.073396
0.035656
0.000506
0.0
0.0
0.0
0.0
0.0
0.0
0.0
0.0
0.0
0.0
0.0
0.0
0.0
0.002719
0.11634699999999999
0.09506300000000001
0.37598000000000004
0.17494300000000002
0.187432
0.52183
0.4803
0.4305
0.050515
0.0027559999999999998
0.0
0.0
0.0
0.0
0.0
0.0
0.0
0.0
0.0
0.0
0.0
0.0
0.0
0.0
0.030256
0.066327
0.100126
0.12435800000000001
0.133708
0.12693300000000002
0.104646
0.072717
0.035078000000000005
8.9e-05
0.0
0.0
0.0
0.0
0.0
0.0
0.0
0.0
0.0
0.0
0.0
0.0
0.0
0.0013180000000000002
0.17812
0.38143
0.416493
0.245892
0.26203899999999997
0.58512
0.5917830000000001
0.402745
0.043472000000000004
0.0033410000000000002
0.0
0.0
0.0
0.0
0.0
0.0
0.0
0.0
0.0
0.0
0.0
0.0
0.0
0.000678
0.21988999999999997
0.301821
0.218204
0.264544
0.618835
0.266466
0.570104
0.402661
0.041999
2e-06
0.0
0.0
0.0
0.0
0.0
0.0
0.0
0.0
0.0
0.0
0.0
0.0
0.0
0.0
0.13015000000000002
0.137975
0.43200299999999997
0.682913
0.608604
0.253419
0.5806330000000001
0.38769600000000004
0.040694
0.002859
0.0
0.0
0.0
0.0
0.0
0.0
0.0
0.0
0.0
0.0
0.0
0.0
0.0
0.0
0.028985
0.065135
0.09879600000000001
0.12195600000000001
0.131059
0.124004
0.10286
0.070627
0.033928
0.0
0.0
0.0
0.0
0.0
0.0
0.0
0.0
0.0
0.0
0.0
0.0
0.0
0.0
0.0
0.120629
0.25991000000000003
0.384444
0.47448700000000005
0.180239
0.170609
0.142745
0.098383
0.070063
0.00041
0.0
0.0
0.0
0.0
0.0
0.0
0.0
0.0
0.0
0.0
0.0
0.0
0.0
0.000103
0.061689999999999995
0.134532
0.19922
0.7282219999999999
0.260414
0.247004
0.671508
0.14593
0.076217
0.0022589999999999997
0.0
0.0
0.0
0.0
0.0
0.0
0.0
0.0
0.0
0.0
0.0
0.0
0.0
0.0
0.02854
0.065383
0.09984399999999999
0.123815
0.133016
0.126136
0.103777
0.071113
0.033771999999999996
0.0
0.0
0.0
0.0
0.0
0.0
0.0
0.0
0.0
0.0
0.0
0.0
0.0
0.0
0.0
0.023830999999999998
0.12709
0.193628
0.243303
0.26845600000000003
0.265761
0.238875
0.059734999999999996
0.039189999999999996
0.0
0.0
0.0
0.0
0.0
0.0
0.0
0.0
0.0
0.0
0.0
0.0
0.0
0.0
0.0
0.051925
0.114672
0.169796
0.207187
0.220118
0.7435539999999999
0.175005
0.12115000000000001
0.059078000000000006
0.000723
0.0
0.0
0.0
0.0
0.0
0.0
0.0
0.0
0.0
0.0
0.0
0.0
0.0
0.0
0.027985
0.06541899999999999
0.100655
0.124487
0.13483099999999998
0.126858
0.10491299999999999
0.07137600000000001
0.03331
0.0
0.0
0.0
0.0
0.0
0.0
0.0
0.0
0.0
0.0
0.0
0.0
0.0
0.0
0.0
0.02767
0.064571
0.09822
0.122232
0.13147999999999999
0.12473000000000001
0.103623
0.07068200000000001
0.033119
0.0
0.0
0.0
0.0
0.0
0.0
0.0
0.0
0.0
0.0
0.0
0.0
0.0
0.0
0.0
0.028336
0.066331
0.101216
0.126343
0.13612200000000002
0.12898400000000002
0.105855
0.071858
0.033184
0.0
0.0
0.0
0.0
0.0
0.0
0.0
0.0
0.0
0.0
0.0
0.0
0.0
0.0
0.0
0.02868
0.067036
0.10219400000000001
0.12655
0.13625
0.128842
0.10609
0.071837
0.033106000000000003
0.0
0.0
0.0
0.0
0.0
0.0
0.0
0.0
0.0
0.0
0.0
0.0
0.0
0.0
0.0
0.027437
0.06493600000000001
0.099037
0.123394
0.132752
0.125618
0.10509099999999999
0.07104300000000001
0.032697000000000004
0.0
0.0
0.0
0.0
0.0
0.0
0.0
0.0
0.0
0.0
0.0
0.0
0.0
0.0
0.0
0.027245000000000002
0.06484999999999999
0.099268
0.12396800000000001
0.133517
0.12642
0.102467
0.07023
0.032451999999999995
0.0
0.0
0.0
0.0
0.0
0.0
0.0
0.0
0.0
0.0
0.0
0.0
0.0
0.0
0.0
0.027256
0.065123
0.09994199999999999
0.125073
0.134912
0.127853
0.10447
0.070563
0.032915
0.0
0.0
0.0
0.0
0.0
0.0
0.0
0.0
0.0
0.0
0.0
0.0
0.0
0.0
0.0
0.027474000000000002
0.065576
0.100522
0.124783
0.134532
0.127348
0.104821
0.070804
0.03302
0.0
0.0
0.0
0.0
0.0
0.0
0.0
0.0
0.0
0.0
0.0
0.0
0.0
0.0
0.0
0.027219999999999998
0.06474500000000001
0.098736
0.122159
0.13135
0.124263
0.103801
0.06993300000000001
0.031701
0.0
0.0
0.0
0.0
0.0
0.0
0.0
0.0
0.0
0.0
0.0
0.0
0.0
0.0
0.0
0.027784
0.065543
0.100896
0.126309
0.136162
0.128874
0.105777
0.071588
0.032697000000000004
0.0
0.0
0.0
0.0
0.0
0.0
0.0
0.0
0.0
0.0
0.0
0.0
0.0
0.0
0.0
0.054424999999999994
0.261341
0.39658
0.500215
0.245981
0.568067
0.5948479999999999
0.417293
0.041413
0.0
0.0
0.0
0.0
0.0
0.0
0.0
0.0
0.0
0.0
0.0
0.0
0.0
0.0
0.0
0.030713
0.073533
0.11265900000000001
0.139904
0.15044200000000002
0.14182599999999998
0.115747
0.078378
0.035904000000000005
0.0
0.0
0.0
0.0
0.0
0.0
0.0
0.0
0.0
0.0
0.0
0.0
0.0
0.0
0.0
0.027856000000000002
0.065418
0.100178
0.124914
0.134321
0.126956
0.104467
0.07062399999999999
0.032235
0.0
0.0
0.0
0.0
0.0
0.0
0.0
0.0
0.0
0.0
0.0
0.0
0.0
0.0
0.0
0.027526
0.06503
0.09994700000000001
0.125029
0.134776
0.127695
0.10495399999999999
0.07096899999999999
0.032310000000000005
0.0
0.0
0.0
0.0
0.0
0.0
0.0
0.0
0.0
0.0
0.0
0.0
0.0
0.0
0.0
0.027542999999999998
0.065202
0.100323
0.125572
0.135419
0.128184
0.105669
0.071354
0.03244
0.0
0.0
0.0
0.0
0.0
0.0
0.0
0.0
0.0
0.0
0.0
0.0
0.0
0.0
0.0
0.027712
0.065588
0.100866
0.12618600000000002
0.13593100000000002
0.128492
0.105448
0.071071
0.032296
0.0
0.0
0.0
0.0
0.0
0.0
0.0
0.0
0.0
0.0
0.0
0.0
0.0
0.0
0.0
0.027507999999999998
0.065133
0.100083
0.125157
0.13495500000000002
0.127825
0.104927
0.07095699999999999
0.032301
0.0
0.0
0.0
0.0
0.0
0.0
0.0
0.0
0.0
0.0
0.0
0.0
0.0
0.0
0.0
0.034451
0.08104900000000001
0.122347
0.151872
0.16312000000000001
0.15483000000000002
0.126896
0.08742799999999999
0.041142000000000005
0.0
0.0
0.0
0.0
0.0
0.0
0.0
0.0
0.0
0.0
0.0
0.0
0.0
0.0
0.0
0.056076
0.124697
0.186318
0.610149
0.243679
0.6787369999999999
0.677964
0.133859
0.06471500000000001
0.0006770000000000001
0.0
0.0
0.0
0.0
0.0
0.0
0.0
0.0
0.0
0.0
0.0
0.0
0.0
0.0
0.06431300000000001
0.471883
0.661511
0.255347
0.271337
0.255633
0.216727
0.149453
0.163635
0.001057
0.0
0.0
0.0
0.0
0.0
0.0
0.0
0.0
0.0
0.0
0.0
0.0
0.0
0.0
0.249317
0.275422
0.198243
0.241885
0.565693
0.24233000000000002
0.201579
0.425238
0.120389
0.001047
0.0
0.0
0.0
0.0
0.0
0.0
0.0
0.0
0.0
0.0
0.0
0.0
0.0
0.0
0.063314
0.141786
0.574532
0.260826
0.811995
0.786241
0.217318
0.15029599999999999
0.07346599999999999
0.001178
0.0
0.0
0.0
0.0
0.0
0.0
0.0
0.0
0.0
0.0
0.0
0.0
0.0
0.0
0.244738
0.143559
0.213729
0.262478
0.279703
0.833333
0.215885
0.148519
0.07277
0.003605
0.0
0.0
0.0
0.0
0.0
0.0
0.0
0.0
0.0
0.0
0.0
0.0
0.0
0.0
0.136152
0.306468
0.163355
0.200146
0.617382
0.621924
0.165118
0.114024
0.055405
0.000124
0.0
0.0
0.0
0.0
0.0
0.0
0.0
0.0
0.0
0.0
0.0
0.0
0.0
0.0
0.163526
0.116215
0.172132
0.210602
0.7201190000000001
0.211282
0.662986
0.120334
0.058169
0.000612
0.0
0.0
0.0
0.0
0.0
0.0
0.0
0.0
0.0
0.0
0.0
0.0
0.0
0.0
0.057142000000000005
0.25942000000000004
0.190698
0.5124249999999999
0.791442
0.577182
0.19388399999999997
0.133373
0.13567099999999999
0.0010429999999999999
0.0
0.0
0.0
0.0
0.0
0.0
0.0
0.0
0.0
0.0
0.0
0.0
0.0
0.0
0.051658
0.114448
0.16892500000000002
0.5717530000000001
0.6284919999999999
0.204544
0.5820919999999999
0.11622199999999999
0.056965
0.001331
0.0
0.0
0.0
0.0
0.0
0.0
0.0
0.0
0.0
0.0
0.0
0.0
0.0
0.0
0.055528
0.24438900000000002
0.178603
0.462846
0.720572
0.508449
0.181096
0.443896
0.060554000000000004
0.000803
0.0
0.0
0.0
0.0
0.0
0.0
