0.0
0.0
0.0
0.0
0.0
0.0
0.0
0.0
0.0
0.027620000000000002
0.062653
0.093112
0.113797
0.120017
0.11119899999999999
0.08876600000000001
0.05738
0.022793
0.0
0.0
0.0
0.0
0.0
0.0
0.0
0.0
0.0
0.0
0.0
0.0
0.0
0.0
0.0
0.027617
0.062572
0.09287300000000001
0.11327200000000001
0.12005500000000001
0.110686
0.088019
0.056898000000000004
0.02264
0.0
0.0
0.0
0.0
0.0
0.0
0.0
0.0
0.0
0.0
0.0
0.0
0.0
0.0
0.0
0.028464
0.062596
0.093556
0.11372199999999999
0.11953799999999999
0.110432
0.088061
0.056305999999999995
0.022394999999999998
0.0
0.0
0.0
0.0
0.0
0.0
0.0
0.0
0.0
0.0
0.0
0.0
0.0
0.0
0.0
0.028298999999999998
0.063205
0.093503
0.11406699999999999
0.120283
0.11204399999999999
0.089342
0.056991999999999994
0.023403
0.0
0.0
0.0
0.0
0.0
0.0
0.0
0.0
0.0
0.0
0.0
0.0
0.0
0.0
0.0
0.028354
0.063399
0.093763
0.11426
0.121264
0.11253300000000001
0.089524
0.058334000000000004
0.023782
0.0
0.0
0.0
0.0
0.0
0.0
0.0
0.0
0.0
0.0
0.0
0.0
0.0
0.0
0.0
0.044128999999999995
0.093837
0.137049
0.16549
0.173426
0.160383
0.128192
0.08330800000000001
0.034726999999999994
0.0
0.0
0.0
0.0
0.0
0.0
0.0
0.0
0.0
0.0
0.0
0.0
0.0
0.0
0.0
0.042345999999999995
0.091307
0.133762
0.16155799999999998
0.16961299999999999
0.158674
0.126681
0.08252200000000001
0.034057000000000004
0.0
0.0
0.0
0.0
0.0
0.0
0.0
0.0
0.0
0.0
0.0
0.0
0.0
0.0
0.0
0.029329
0.064683
0.096015
0.116467
0.122491
0.11353700000000001
0.091136
0.058994
0.024524
0.0
0.0
0.0
0.0
0.0
0.0
0.0
0.0
0.0
0.0
0.0
0.0
0.0
0.0
0.0
0.029306000000000002
0.065383
0.095692
0.115961
0.122491
0.113479
0.08992499999999999
0.058137
0.024158000000000002
0.0
0.0
0.0
0.0
0.0
0.0
0.0
0.0
0.0
0.0
0.0
0.0
0.0
0.0
0.0
0.030643999999999998
0.066363
0.098012
0.118741
0.124809
0.11560200000000001
0.092753
0.060183
0.025438
0.0
0.0
0.0
0.0
0.0
0.0
0.0
0.0
0.0
0.0
0.0
0.0
0.0
0.0
0.0
0.029954
0.06480899999999999
0.095524
0.116193
0.12174800000000001
0.11315900000000001
0.08990999999999999
0.058426
0.024728
0.0
0.0
0.0
0.0
0.0
0.0
0.0
0.0
0.0
0.0
0.0
0.0
0.0
0.0
0.0
0.030361999999999997
0.066568
0.097843
0.11828
0.125122
0.115981
0.093281
0.060835
0.0254
0.0
0.0
0.0
0.0
0.0
0.0
0.0
0.0
0.0
0.0
0.0
0.0
0.0
0.0
0.0
0.031265999999999995
0.06682500000000001
0.098523
0.12023600000000001
0.126394
0.117419
0.093494
0.0608
0.026142
0.0
0.0
0.0
0.0
0.0
0.0
0.0
0.0
0.0
0.0
0.0
0.0
0.0
0.0
0.0
0.030735
0.06645699999999999
0.097386
0.11844
0.1245
0.116351
0.093034
0.060954999999999995
0.025913
0.0
0.0
0.0
0.0
0.0
0.0
0.0
0.0
0.0
0.0
0.0
0.0
0.0
0.0
0.0
0.043654000000000005
0.09124
0.132823
0.160188
0.16823400000000002
0.15434399999999998
0.123933
0.08183199999999999
0.035384
0.0
0.0
0.0
0.0
0.0
0.0
0.0
0.0
0.0
0.0
0.0
0.0
0.0
0.0
0.000587
0.048254
0.098206
0.141459
0.169126
0.17716800000000002
0.163603
0.130941
0.087393
0.038201
0.0
0.0
0.0
0.0
0.0
0.0
0.0
0.0
0.0
0.0
0.0
0.0
0.0
0.0
0.0
0.032163
0.067536
0.09826
0.119518
0.125837
0.11708400000000001
0.09395999999999999
0.062164000000000004
0.026631000000000002
0.0
0.0
0.0
0.0
0.0
0.0
0.0
0.0
0.0
0.0
0.0
0.0
0.0
0.0
0.0015249999999999999
0.053665
0.108807
0.155465
0.185931
0.194706
0.181707
0.145848
0.097205
0.043799
0.0
0.0
0.0
0.0
0.0
0.0
0.0
0.0
0.0
0.0
0.0
0.0
0.0
0.0
2.1000000000000002e-05
0.033661
0.069843
0.100966
0.121942
0.12844999999999998
0.11914100000000001
0.095637
0.063474
0.027599
0.0
0.0
0.0
0.0
0.0
0.0
0.0
0.0
0.0
0.0
0.0
0.0
0.0
0.0
0.0
0.033254
0.069985
0.101268
0.12282699999999999
0.129917
0.120071
0.096558
0.06346399999999999
0.028369
0.0
0.0
0.0
0.0
0.0
0.0
0.0
0.0
0.0
0.0
0.0
0.0
0.0
0.0
0.0
0.033863
0.069403
0.101123
0.122309
0.12841
0.119534
0.09641
0.06374
0.028940999999999998
0.0
0.0
0.0
0.0
0.0
0.0
0.0
0.0
0.0
0.0
0.0
0.0
0.0
0.0
0.002096
0.135967
0.274581
0.138426
0.165689
0.520547
0.160471
0.44946499999999995
0.08676
0.039143
0.0
0.0
0.0
0.0
0.0
0.0
0.0
0.0
0.0
0.0
0.0
0.0
0.0
0.0
0.000523
0.034769
0.070687
0.100802
0.12205200000000001
0.127597
0.11976200000000001
0.096611
0.063606
0.029311
0.0
0.0
0.0
0.0
0.0
0.0
0.0
0.0
0.0
0.0
0.0
0.0
0.0
0.0
0.000966
0.034607
0.070949
0.10241800000000001
0.12318699999999999
0.129762
0.12080400000000001
0.097181
0.064925
0.029649000000000002
0.0
0.0
0.0
0.0
0.0
0.0
0.0
0.0
0.0
0.0
0.0
0.0
0.0
0.0
0.00098
0.035590000000000004
0.072134
0.104019
0.125357
0.132359
0.123949
0.099876
0.06693099999999999
0.030914999999999998
0.0
0.0
0.0
0.0
0.0
0.0
0.0
0.0
0.0
0.0
0.0
0.0
0.0
0.0
0.001519
0.036611
0.073343
0.105357
0.126579
0.133281
0.124089
0.10049899999999999
0.06743
0.030726
0.0
0.0
0.0
0.0
0.0
0.0
0.0
0.0
0.0
0.0
0.0
0.0
0.0
0.0
0.002754
0.116018
0.227751
0.12456
0.148241
0.154893
0.42786599999999997
0.37421499999999996
0.298191
0.03691
0.001906
0.0
0.0
0.0
0.0
0.0
0.0
0.0
0.0
0.0
0.0
0.0
0.0
0.0
0.003277
0.048677
0.09364499999999999
0.132124
0.15787700000000002
0.164468
0.154669
0.12549
0.08528100000000001
0.039978
0.0007840000000000001
0.0
0.0
0.0
0.0
0.0
0.0
0.0
0.0
0.0
0.0
0.0
0.0
0.0
0.002076
0.038223999999999994
0.074545
0.106977
0.128036
0.13489400000000001
0.125896
0.102411
0.068684
0.032209
0.000277
0.0
0.0
0.0
0.0
0.0
0.0
0.0
0.0
0.0
0.0
0.0
0.0
0.0
0.002093
0.038306
0.075501
0.107834
0.12879
0.13564099999999998
0.126808
0.103601
0.06994299999999999
0.033290999999999994
0.000382
0.0
0.0
0.0
0.0
0.0
0.0
0.0
0.0
0.0
0.0
0.0
0.0
0.0
0.002646
0.03936
0.076712
0.10908799999999999
0.12983699999999998
0.136201
0.125056
0.101853
0.068963
0.03329
0.001021
0.0
0.0
0.0
0.0
0.0
0.0
0.0
0.0
0.0
0.0
0.0
0.0
0.0
0.001556
0.031654
0.062686
0.089157
0.106786
0.111883
0.10466
0.08505800000000001
0.057689
0.02754
0.00047299999999999995
0.0
0.0
0.0
0.0
0.0
0.0
0.0
0.0
0.0
0.0
0.0
0.0
0.0
0.00213
0.032723999999999996
0.064027
0.09071299999999999
0.108425
0.11342
0.105976
0.08579600000000001
0.058110999999999996
0.028480000000000002
0.000533
0.0
0.0
0.0
0.0
0.0
0.0
0.0
0.0
0.0
0.0
0.0
0.0
0.0
0.002081
0.032546
0.063733
0.091227
0.108977
0.11403400000000001
0.105792
0.085904
0.058386
0.028254
0.0012259999999999999
0.0
0.0
0.0
0.0
0.0
0.0
0.0
0.0
0.0
0.0
0.0
0.0
0.0
0.00329
0.085675
0.164184
0.232104
0.279617
0.126028
0.284926
0.245521
0.064181
0.158128
0.003991
0.0
0.0
0.0
0.0
0.0
0.0
0.0
0.0
0.0
0.0
0.0
0.0
0.0
0.002549
0.034685
0.066193
0.092974
0.110665
0.116353
0.10718899999999999
0.08720900000000001
0.059015
0.029015999999999997
0.0012900000000000001
0.0
0.0
0.0
0.0
0.0
0.0
0.0
0.0
0.0
0.0
0.0
0.0
0.0
0.002956
0.03408
0.06588899999999999
0.092391
0.110129
0.11612900000000001
0.108167
0.088561
0.060341
0.030066
0.002053
0.0
0.0
0.0
0.0
0.0
0.0
0.0
0.0
0.0
0.0
0.0
0.0
0.0
0.002971
0.034991
0.06607500000000001
0.093391
0.110978
0.116742
0.108439
0.08855299999999999
0.060441
0.030512
0.002036
0.0
0.0
0.0
0.0
0.0
0.0
0.0
0.0
0.0
0.0
0.0
0.0
0.0
0.009158
0.066291
0.11938299999999999
0.164582
0.19347399999999998
0.201732
0.18989599999999998
0.155592
0.10824299999999999
0.055151000000000006
0.0069180000000000005
0.0
0.0
0.0
0.0
0.0
0.0
0.0
0.0
0.0
0.0
0.0
0.0
0.0
0.003502
0.035685
0.06743099999999999
0.094814
0.11272
0.11882
0.111694
0.090533
0.061729
0.031364
0.0027719999999999997
0.0
0.0
0.0
0.0
0.0
0.0
0.0
0.0
0.0
0.0
0.0
0.0
0.0
0.003505
0.036633000000000006
0.068478
0.095815
0.113523
0.11943000000000001
0.111895
0.091042
0.062596
0.031546
0.003541
0.0
0.0
0.0
0.0
0.0
0.0
0.0
0.0
0.0
0.0
0.0
0.0
0.0
0.008072
0.126324
0.102479
0.141141
0.39296
0.428139
0.429721
0.133904
0.302095
0.243888
0.010617000000000001
0.0
0.0
0.0
0.0
0.0
0.0
0.0
0.0
0.0
0.0
0.0
0.0
0.0
0.004014
0.037287
0.068845
0.095857
0.114013
0.11881699999999999
0.111913
0.091059
0.06300800000000001
0.03247
0.00415
0.0
0.0
0.0
0.0
0.0
0.0
0.0
0.0
0.0
0.0
0.0
0.0
0.0
0.00907
0.149651
0.105946
0.381461
0.455627
0.178554
0.480068
0.136517
0.095664
0.049849
0.008306
0.0
0.0
0.0
0.0
0.0
0.0
0.0
0.0
0.0
0.0
0.0
0.0
0.0
0.004916
0.038314
0.06942400000000001
0.096013
0.113955
0.118832
0.110871
0.091632
0.06331300000000001
0.033031
0.004849999999999999
0.0
0.0
0.0
0.0
0.0
0.0
0.0
0.0
0.0
0.0
0.0
0.0
0.0
0.014247
0.074067
0.129934
0.176294
0.205963
0.214008
0.20116599999999998
0.16657
0.117355
0.063056
0.011986
0.0
0.0
0.0
0.0
0.0
0.0
0.0
0.0
0.0
0.0
0.0
0.0
0.0
0.0066760000000000005
0.038888
0.070779
0.097467
0.11556999999999999
0.120696
0.112951
0.093873
0.06552200000000001
0.034989
0.005714
0.0
0.0
0.0
0.0
0.0
0.0
0.0
0.0
0.0
0.0
0.0
0.0
0.0
0.007331000000000001
0.040426000000000004
0.072313
0.100665
0.119396
0.124666
0.116549
0.09672599999999999
0.067493
0.035496
0.005828000000000001
0.0
0.0
0.0
0.0
0.0
0.0
0.0
0.0
0.0
0.0
0.0
0.0
0.0
0.01269
0.056045000000000005
0.21105500000000002
0.292022
0.15822
0.373899
0.38211399999999995
0.335642
0.267055
0.20559
0.013783
0.0
0.0
0.0
0.0
0.0
0.0
0.0
0.0
0.0
0.0
0.0
0.0
0.0
0.008692
0.040902
0.073007
0.10065600000000001
0.118791
0.123753
0.115785
0.09565
0.068003
0.036611
0.006509
0.0
0.0
0.0
0.0
0.0
0.0
0.0
0.0
0.0
0.0
0.0
0.0
0.0
0.009653
0.041743
0.073957
0.101877
0.12039
0.125673
0.118268
0.097823
0.068842
0.036987
0.007325
0.0
0.0
0.0
0.0
0.0
0.0
0.0
0.0
0.0
0.0
0.0
0.0
0.0
0.010010999999999999
0.042985999999999996
0.07560800000000001
0.103849
0.122524
0.127732
0.1196
0.098914
0.069742
0.037804000000000004
0.00736
0.0
0.0
0.0
0.0
0.0
0.0
0.0
0.0
0.0
0.0
0.0
0.0
0.0
0.010896000000000001
0.042805
0.075882
0.102892
0.121989
0.127088
0.11981900000000001
0.099328
0.070419
0.038617
0.008137
0.0
0.0
0.0
0.0
0.0
0.0
0.0
0.0
0.0
0.0
0.0
0.0
0.0
0.011776
0.043595999999999996
0.075771
0.103517
0.122484
0.127418
0.119232
0.09894199999999999
0.070491
0.038267
0.00881
0.0
0.0
0.0
0.0
0.0
0.0
0.0
0.0
0.0
0.0
0.0
0.0
0.0
0.011914999999999999
0.0445
0.07696
0.105062
0.123582
0.12953800000000001
0.12017
0.09994199999999999
0.071352
0.039076
0.008829
0.0
0.0
0.0
0.0
0.0
0.0
0.0
0.0
0.0
0.0
0.0
0.0
0.0
0.033206000000000006
0.218855
0.168026
0.518394
0.615853
0.6573680000000001
0.252799
0.210922
0.511992
0.08629099999999999
0.023621
0.0
0.0
0.0
0.0
0.0
0.0
0.0
0.0
0.0
0.0
0.0
0.0
0.0
0.029524
0.21413
0.147531
0.49508800000000003
0.581561
0.23593199999999998
0.605131
0.18495599999999998
0.13388999999999998
0.076609
0.020565
0.0
0.0
0.0
0.0
0.0
0.0
0.0
0.0
0.0
0.0
0.0
0.0
0.0
0.040241
0.22636
0.401534
0.5421520000000001
0.291774
0.6812849999999999
0.6709510000000001
0.235935
0.172859
0.320488
0.028869
0.0
0.0
0.0
0.0
0.0
0.0
0.0
0.0
0.0
0.0
0.0
0.0
0.0
0.014411
0.046652
0.079707
0.107729
0.126268
0.132243
0.12342499999999999
0.103065
0.07352800000000001
0.041167999999999996
0.01024
0.0
0.0
0.0
0.0
0.0
0.0
0.0
0.0
0.0
0.0
0.0
0.0
0.0
0.016583999999999998
0.052027000000000004
0.088101
0.11909
0.13987200000000002
0.145837
0.13705699999999998
0.11428400000000001
0.082305
0.046593
0.012465
0.0
0.0
0.0
0.0
0.0
0.0
0.0
0.0
0.0
0.0
0.0
0.0
0.0
0.024460000000000003
0.07302299999999999
0.120294
0.16020500000000001
0.186516
0.19370500000000002
0.183256
0.153725
0.111762
0.06404900000000001
0.019015999999999998
0.0
0.0
0.0
0.0
0.0
0.0
0.0
0.0
0.0
0.0
0.0
0.0
0.0
0.024396
0.07192799999999999
0.118351
0.157609
0.183449
0.190989
0.18133600000000002
0.151482
0.109899
0.063014
0.018940000000000002
0.0
0.0
0.0
0.0
0.0
0.0
0.0
0.0
0.0
0.0
0.0
0.0
0.0
0.029061
0.259056
0.135853
0.18059299999999998
0.209602
0.721318
0.204038
0.169773
0.122943
0.392118
0.046356
0.0
0.0
0.0
0.0
0.0
0.0
0.0
0.0
0.0
0.0
0.0
0.0
0.0
0.018858
0.054267
0.08942
0.11970900000000001
0.14018
0.146374
0.13703800000000002
0.11521200000000001
0.084153
0.048337000000000005
0.014603999999999999
0.0
0.0
0.0
0.0
0.0
0.0
0.0
0.0
0.0
0.0
0.0
0.0
0.0
0.018859
0.054296
0.090235
0.12023600000000001
0.140287
0.145995
0.137472
0.11551
0.084615
0.048965
0.014591
0.0
0.0
0.0
0.0
0.0
0.0
0.0
0.0
0.0
0.0
0.0
0.0
0.0
0.019696
0.055397
0.091936
0.122605
0.143114
0.148893
0.14147
0.11872100000000001
0.086024
0.050376
0.015504
0.0
0.0
0.0
0.0
0.0
0.0
0.0
0.0
0.0
0.0
0.0
0.0
0.0
0.020654
0.056582
0.09331199999999999
0.124269
0.145123
0.151221
0.14258099999999999
0.12007599999999999
0.08752700000000001
0.051026
0.016596
0.0
0.0
0.0
0.0
0.0
0.0
0.0
0.0
0.0
0.0
0.0
0.0
0.0
0.053758
0.226144
0.38640199999999997
0.7259779999999999
0.623477
0.334743
0.697619
0.269737
0.538783
0.11964
0.024475999999999998
0.0
0.0
0.0
0.0
0.0
0.0
0.0
0.0
0.0
0.0
0.0
0.0
0.0
0.036175
0.093024
0.148727
0.19654400000000002
0.227606
0.236655
0.223736
0.18767799999999998
0.138941
0.082878
0.028357
0.0
0.0
0.0
0.0
0.0
0.0
0.0
0.0
0.0
0.0
0.0
0.0
0.0
0.022414
0.05819
0.094621
0.126035
0.146421
0.151974
0.143477
0.12060599999999999
0.088423
0.05243
0.017777
0.0
0.0
0.0
0.0
0.0
0.0
0.0
0.0
0.0
0.0
0.0
0.0
0.0
0.041135
0.25108
0.409592
0.208008
0.239175
0.6621119999999999
0.23925200000000002
0.201671
0.522402
0.090351
0.047293999999999996
0.0
0.0
0.0
0.0
0.0
0.0
0.0
0.0
0.0
0.0
0.0
0.0
0.0
0.023267
0.059327
0.09524200000000001
0.126365
0.146924
0.152994
0.144945
0.122291
0.090093
0.053236
0.018553
0.0
0.0
0.0
0.0
0.0
0.0
0.0
0.0
0.0
0.0
0.0
0.0
0.0
0.024010999999999998
0.060487
0.09692700000000001
0.128436
0.148987
0.15470699999999998
0.143952
0.121681
0.089886
0.053551
0.019209
0.0
0.0
0.0
0.0
0.0
0.0
0.0
0.0
0.0
0.0
0.0
0.0
0.0
0.031795000000000004
0.168636
0.124121
0.36596100000000004
0.43021800000000004
0.19419399999999998
0.449043
0.153598
0.322221
0.238578
0.036316
0.0
0.0
0.0
0.0
0.0
0.0
0.0
0.0
0.0
0.0
0.0
0.0
0.0
0.040965
0.09722
0.15196600000000002
0.197743
0.22676
0.725596
0.7059719999999999
0.185922
0.139237
0.085225
0.03201
0.0
0.0
0.0
0.0
0.0
0.0
0.0
0.0
0.0
0.0
0.0
0.0
0.0
0.047058
0.108905
0.6435420000000001
0.220203
0.252694
0.26025099999999995
0.239767
0.20266599999999999
0.15239599999999998
0.47803199999999996
0.036046
0.0
0.0
0.0
0.0
0.0
0.0
0.0
0.0
0.0
0.0
0.0
0.0
0.0
0.088056
0.08116200000000001
0.352437
0.164363
0.189484
0.196346
0.570462
0.15809700000000002
0.41400200000000004
0.07162600000000001
0.027687
0.0
0.0
0.0
0.0
0.0
0.0
0.0
0.0
0.0
0.0
0.0
0.0
0.0
0.026511
0.06392300000000001
0.100802
0.132923
0.15403899999999998
0.160256
0.151788
0.129017
0.09613
0.058525
0.022254000000000003
0.0
0.0
0.0
0.0
0.0
0.0
0.0
0.0
0.0
0.0
0.0
0.0
0.0
0.027983
0.06592
0.103128
0.135328
0.156329
0.16226
0.153355
0.130458
0.097453
0.059702
0.02325
0.0
0.0
0.0
0.0
0.0
0.0
0.0
0.0
0.0
0.0
0.0
0.0
0.0
0.061312
0.13547499999999998
0.363028
0.488873
0.7999160000000001
0.61215
0.307714
0.585195
0.489631
0.123044
0.036187
0.0
0.0
0.0
0.0
0.0
0.0
0.0
0.0
0.0
0.0
0.0
0.0
0.0
0.02868
0.065914
0.103071
0.133661
0.15416
0.160751
0.151833
0.129
0.09641
0.059299
0.023483
0.0
0.0
0.0
0.0
0.0
0.0
0.0
0.0
0.0
0.0
0.0
0.0
0.0
0.029082
0.065963
0.10182899999999999
0.13261099999999998
0.152562
0.15809499999999999
0.14934299999999998
0.127303
0.095716
0.059379
0.024057
0.0
0.0
0.0
0.0
0.0
0.0
0.0
0.0
0.0
0.0
0.0
0.0
0.0
0.0385
0.08598099999999999
0.13200299999999998
0.17029499999999997
0.19524
0.20262799999999997
0.19295500000000002
0.164063
0.12393000000000001
0.077421
0.031651
0.0
0.0
0.0
0.0
0.0
0.0
0.0
0.0
0.0
0.0
0.0
0.0
0.0
0.029699000000000003
0.066295
0.102713
0.132519
0.15222999999999998
0.158369
0.151253
0.128712
0.09665800000000001
0.060037
0.02468
0.0
0.0
0.0
0.0
0.0
0.0
0.0
0.0
0.0
0.0
0.0
0.0
0.0
0.043757
0.094676
0.144459
0.185442
0.21150899999999997
0.219027
0.206231
0.17652600000000002
0.134063
0.08508700000000001
0.036395000000000004
0.0
0.0
0.0
0.0
0.0
0.0
0.0
0.0
0.0
0.0
0.0
0.0
0.002021
0.086967
0.346111
0.36401799999999995
0.476606
0.553212
0.306202
0.610675
0.5559550000000001
0.467911
0.360216
0.07809999999999999
0.0
0.0
0.0
0.0
0.0
0.0
0.0
0.0
0.0
0.0
0.0
0.0
0.00307
0.094269
0.27960399999999996
0.39225
0.283275
0.601314
0.7450589999999999
0.758262
0.598989
0.204662
0.35765399999999997
0.057391
0.0
0.0
0.0
0.0
0.0
0.0
0.0
0.0
0.0
0.0
0.0
0.0
0.0024300000000000003
0.061505000000000004
0.127865
0.192279
0.24507400000000001
0.278243
0.28700400000000004
0.266536
0.22867300000000002
0.684965
0.112341
0.049991
0.0
0.0
0.0
0.0
0.0
0.0
0.0
0.0
0.0
0.0
0.0
0.0
0.002339
0.09877899999999999
0.238935
0.17627600000000002
0.48229500000000003
0.5562
0.591883
0.614028
0.215134
0.164388
0.10524800000000001
0.047034
0.0
0.0
0.0
0.0
0.0
0.0
0.0
0.0
0.0
0.0
0.0
0.0
0.0
0.031419
0.066228
0.099985
0.128133
0.147107
0.153068
0.14928999999999998
0.128227
0.09723699999999999
0.062181
0.026569
0.0
0.0
0.0
0.0
0.0
0.0
0.0
0.0
0.0
0.0
0.0
0.0
0.000101
0.034184
0.070941
0.106539
0.13711199999999998
0.15803299999999998
0.165922
0.157021
0.135941
0.103275
0.066455
0.02903
0.0
0.0
0.0
0.0
0.0
0.0
0.0
0.0
0.0
0.0
0.0
0.0
0.00066
0.066773
0.149532
0.231731
0.301726
0.167387
0.369265
0.37966500000000003
0.335609
0.108814
0.198031
0.088212
0.0
0.0
0.0
0.0
0.0
0.0
0.0
0.0
0.0
0.0
0.0
0.0
0.002144
0.047283
0.095485
0.143446
0.183368
0.209733
0.21741999999999997
0.208059
0.178123
0.135823
0.087792
0.039933
0.0
0.0
0.0
0.0
0.0
0.0
0.0
0.0
0.0
0.0
0.0
0.0
0.005711
0.071506
0.141497
0.362699
0.26275400000000004
0.546498
0.7731950000000001
0.57052
0.522051
0.44498000000000004
0.35468299999999997
0.059662
0.0
0.0
0.0
0.0
0.0
0.0
0.0
0.0
0.0
0.0
0.0
0.0
0.0016519999999999998
0.036421999999999996
0.074012
0.11077500000000001
0.141304
0.161476
0.16775800000000002
0.160993
0.13841900000000001
0.10554000000000001
0.06829500000000001
0.030723
0.0
0.0
0.0
0.0
0.0
0.0
0.0
0.0
0.0
0.0
0.0
0.0
0.004621
0.058039
0.11467400000000001
0.17005099999999998
0.216645
0.246703
0.255965
0.242911
0.209141
0.160677
0.10459099999999999
0.049298
0.000569
0.0
0.0
0.0
0.0
0.0
0.0
0.0
0.0
0.0
0.0
0.0
0.010123
0.09045600000000001
0.174358
0.42979700000000004
0.5571079999999999
0.358825
0.686245
0.359754
0.665888
0.535215
0.34989499999999996
0.08440500000000001
0.0
0.0
0.0
0.0
0.0
0.0
0.0
0.0
0.0
0.0
0.0
0.0
0.002935
0.037863
0.07490999999999999
0.112243
0.14326
0.162855
0.169133
0.16138
0.138857
0.10686
0.06954099999999999
0.032562
0.0
0.0
0.0
0.0
0.0
0.0
0.0
0.0
0.0
0.0
0.0
0.0
0.003966
0.037899999999999996
0.07521699999999999
0.11092199999999999
0.141016
0.160056
0.166019
0.158292
0.136053
0.10461100000000001
0.068077
0.031858
0.0
0.0
0.0
0.0
0.0
0.0
0.0
0.0
0.0
0.0
0.0
0.0
0.012861000000000001
0.105524
0.263446
0.419476
0.530306
0.65971
0.67048
0.679295
0.59112
0.214288
0.353053
0.080029
0.0
0.0
0.0
0.0
0.0
0.0
0.0
0.0
0.0
0.0
0.0
0.0
0.007729
0.050235
0.216534
0.141413
0.422046
0.49297199999999997
0.210353
0.5187269999999999
0.171784
0.132429
0.28181900000000004
0.041887
0.001439
0.0
0.0
0.0
0.0
0.0
0.0
0.0
0.0
0.0
0.0
0.0
0.005258
0.039096
0.075602
0.111603
0.14153100000000002
0.161102
0.167388
0.15822
0.136683
0.10509099999999999
0.068503
0.033108
0.000532
0.0
0.0
0.0
0.0
0.0
0.0
0.0
0.0
0.0
0.0
0.0
0.008504
0.048369999999999996
0.092363
0.13575399999999999
0.171974
0.195971
0.20328200000000002
0.19306399999999999
0.16631800000000002
0.12835400000000002
0.08514100000000001
0.041415999999999994
0.001789
0.0
0.0
0.0
0.0
0.0
0.0
0.0
0.0
0.0
0.0
0.0
0.016931
0.08390399999999999
0.156955
0.22681800000000002
0.811691
0.32022500000000004
0.833333
0.31528100000000003
0.27238799999999996
0.211522
0.141096
0.070493
0.006597
0.0
0.0
0.0
0.0
0.0
0.0
0.0
0.0
0.0
0.0
0.0
0.020277999999999997
0.11584799999999999
0.271492
0.594525
0.553365
0.644682
0.6893640000000001
0.339989
0.630654
0.22925
0.352795
0.100053
0.002589
0.0
0.0
0.0
0.0
0.0
0.0
0.0
0.0
0.0
0.0
0.0
0.007944
0.075889
0.155053
0.232182
0.296692
0.341312
0.35821
0.351914
0.136823
0.104976
0.069598
0.110893
0.004902999999999999
0.0
0.0
0.0
0.0
0.0
0.0
0.0
0.0
0.0
0.0
0.0
0.013215999999999999
0.060656
0.11351399999999999
0.400267
0.5136609999999999
0.592303
0.240625
0.22591999999999998
0.195149
0.45043
0.101485
0.051009
0.009442
0.0
0.0
0.0
0.0
0.0
0.0
0.0
0.0
0.0
0.0
0.0
0.008192
0.041866
0.079849
0.11614000000000001
0.147506
0.16701
0.172375
0.162709
0.14036
0.109403
0.072495
0.036017
0.003538
0.0
0.0
0.0
0.0
0.0
0.0
0.0
0.0
0.0
0.0
0.0
0.023031
0.12109
0.167511
0.238727
0.296956
0.333774
0.34364100000000003
0.331446
0.592601
0.507619
0.408666
0.12027800000000001
0.011807
0.0
0.0
0.0
0.0
0.0
0.0
0.0
0.0
0.0
0.0
0.0
0.008881
0.041754
0.077157
0.11100700000000001
0.139373
0.15749000000000002
0.16344999999999998
0.156616
0.13541499999999998
0.105756
0.07091599999999999
0.035607999999999994
0.004198
0.0
0.0
0.0
0.0
0.0
0.0
0.0
0.0
0.0
0.0
0.0
0.0095
0.041551000000000005
0.07725499999999999
0.111833
0.14116
0.16013999999999998
0.16579400000000002
0.157275
0.136358
0.106279
0.071316
0.036679
0.004418999999999999
0.0
0.0
0.0
0.0
0.0
0.0
0.0
0.0
0.0
0.0
0.0
0.009654
0.04272
0.077986
0.11288899999999999
0.14249199999999998
0.161679
0.167353
0.159203
0.137896
0.10732599999999999
0.07187
0.036846
0.00517
0.0
0.0
0.0
0.0
0.0
0.0
0.0
0.0
0.0
0.0
0.0
0.009651
0.073196
0.14399
0.212755
0.271871
0.31364
0.157089
0.332081
0.29496300000000003
0.239194
0.068826
0.035317
0.008513999999999999
0.0
0.0
0.0
0.0
0.0
0.0
0.0
0.0
0.0
0.0
0.0
0.018444
0.068481
0.31492000000000003
0.17352299999999998
0.573781
0.241214
0.24843
0.239578
0.636207
0.16418000000000002
0.11217700000000001
0.16550299999999998
0.018600000000000002
0.0
0.0
0.0
0.0
0.0
0.0
0.0
0.0
0.0
0.0
0.0
0.025512
0.119515
0.160746
0.388804
0.282482
0.317742
0.326546
0.608971
0.556904
0.592842
0.37064800000000003
0.076764
0.009644
0.0
0.0
0.0
0.0
0.0
0.0
0.0
0.0
0.0
0.0
0.0
0.017502
0.061734000000000004
0.11063100000000001
0.157182
0.196025
0.221825
0.229465
0.221038
0.19206800000000002
0.15082900000000002
0.102821
0.054316
0.010637
0.0
0.0
0.0
0.0
0.0
0.0
0.0
0.0
0.0
0.0
0.0
0.016937999999999998
0.059444000000000004
0.24033000000000002
0.148782
0.18496100000000001
0.5072559999999999
0.533168
0.20740799999999998
0.48723
0.14202299999999998
0.09660099999999999
0.051257
0.016682
0.0
0.0
0.0
0.0
0.0
0.0
0.0
0.0
0.0
0.0
0.0
0.011828
0.042887999999999996
0.077452
0.110722
0.1379
0.155551
0.160803
0.153214
0.13333899999999999
0.104302
0.0711
0.037522
0.006719999999999999
0.0
0.0
0.0
0.0
0.0
0.0
0.0
0.0
0.0
0.0
0.0
0.021394
0.070087
0.12206499999999999
0.393297
0.49369999999999997
0.236783
0.588124
0.23578
0.204641
0.465234
0.11042199999999999
0.154955
0.013164
0.0
0.0
0.0
0.0
0.0
0.0
0.0
0.0
0.0
0.0
0.0
0.031276
0.12087600000000001
0.280269
0.388443
0.5413239999999999
0.621471
0.6601910000000001
0.6217469999999999
0.277608
0.49556599999999995
0.152775
0.118206
0.019608
0.0
0.0
0.0
0.0
0.0
0.0
0.0
0.0
0.0
0.0
0.0
0.024445
0.07772499999999999
0.13516399999999998
0.189613
0.539774
0.614081
0.646719
0.26275099999999996
0.228798
0.523796
0.124774
0.068059
0.016376
0.0
0.0
0.0
0.0
0.0
0.0
0.0
0.0
0.0
0.0
0.0
0.030805
0.11572
0.24660200000000002
0.368072
0.47430500000000003
0.547206
0.583014
0.61742
0.582337
0.475403
0.31707100000000005
0.103614
0.008555
0.0
0.0
0.0
0.0
0.0
0.0
0.0
0.0
0.0
0.0
0.0
0.028042
0.08602599999999999
0.31042200000000003
0.20702199999999998
0.581898
0.666581
0.29637
0.722716
0.248212
0.195381
0.135749
0.07518000000000001
0.019124
0.0
0.0
0.0
0.0
0.0
0.0
0.0
0.0
0.0
0.0
0.0
0.021132
0.066338
0.221856
0.16247499999999998
0.41635500000000003
0.479682
0.506649
0.49971699999999997
0.192429
0.37963600000000003
0.105012
0.144671
0.015905
0.0
0.0
0.0
0.0
0.0
0.0
0.0
0.0
0.0
0.0
0.0
0.013662
0.045506
0.079554
0.11269499999999999
0.140071
0.158833
0.164487
0.155998
0.135231
0.10623
0.073351
0.039703
0.009484999999999999
0.0
0.0
0.0
0.0
0.0
0.0
0.0
0.0
0.0
0.0
0.0
0.014433999999999999
0.0455
0.079229
0.111729
0.138462
0.156198
0.162378
0.156454
0.136921
0.10817600000000001
0.07503
0.040716999999999996
0.009817
0.0
0.0
0.0
0.0
0.0
0.0
0.0
0.0
0.0
0.0
0.0
0.014832000000000001
0.046694
0.081634
0.11485200000000001
0.14338
0.161506
0.16622900000000002
0.15984399999999999
0.139569
0.109981
0.076126
0.041988
0.009994
0.0
0.0
0.0
0.0
0.0
0.0
0.0
0.0
0.0
0.0
0.0
0.014834
0.046578
0.08128700000000001
0.114262
0.142157
0.160526
0.166297
0.15562399999999998
0.135942
0.107869
0.074839
0.041442
0.010602
0.0
0.0
0.0
0.0
0.0
0.0
0.0
0.0
0.0
0.0
0.0
0.015494999999999998
0.047111
0.080857
0.113553
0.1411
0.158572
0.16433899999999999
0.157828
0.138106
0.10971299999999999
0.07616200000000001
0.042114
0.010807
0.0
0.0
0.0
0.0
0.0
0.0
0.0
0.0
0.0
0.0
0.0
0.042105
0.132302
0.284117
0.431908
0.560144
0.633641
0.642457
0.640969
0.567371
0.456539
0.329212
0.102718
0.00237
0.0
0.0
0.0
0.0
0.0
0.0
0.0
0.0
0.0
0.0
0.0
0.038644
0.106366
0.418053
0.245493
0.7428830000000001
0.333642
0.342979
0.331429
0.7299
0.23181100000000002
0.16400700000000001
0.093349
0.025620999999999998
0.0
0.0
0.0
0.0
0.0
0.0
0.0
0.0
0.0
0.0
0.0
0.015425000000000001
0.046916
0.080567
0.11245999999999999
0.13919399999999998
0.157363
0.162447
0.15505000000000002
0.135736
0.108633
0.076117
0.042112000000000004
0.011578
0.0
0.0
0.0
0.0
0.0
0.0
0.0
0.0
0.0
0.0
0.0
0.023684
0.065771
0.110993
0.153826
0.18962
0.211611
0.21862
0.210357
0.183811
0.146423
0.102874
0.058001
0.017649
0.0
0.0
0.0
0.0
0.0
0.0
0.0
0.0
0.0
0.0
0.0
0.030222000000000002
0.082304
0.137806
0.429602
0.543482
0.6197699999999999
0.653553
0.258774
0.226601
0.180479
0.127241
0.071899
0.021858
0.0
0.0
0.0
0.0
0.0
0.0
0.0
0.0
0.0
0.0
0.0
0.018372
0.051186
0.206619
0.294421
0.14721
0.164876
0.169819
0.440552
0.142528
0.32563099999999995
0.07930899999999999
0.151076
0.024221
0.0
0.0
0.0
0.0
0.0
0.0
0.0
0.0
0.0
0.0
0.0
0.04469
0.136327
0.354292
0.5288529999999999
0.623998
0.633086
0.368911
0.355947
0.6161989999999999
0.251047
0.340217
0.120529
0.007804
0.0
0.0
0.0
0.0
0.0
0.0
0.0
0.0
0.0
0.0
0.0
0.042903
0.11020300000000001
0.18095599999999998
0.39566399999999996
0.518597
0.596982
0.62317
0.651011
0.5657329999999999
0.45776999999999995
0.311376
0.113035
0.009714
0.0
0.0
0.0
0.0
0.0
0.0
0.0
0.0
0.0
0.0
0.0
0.043229
0.129442
0.313107
0.39738999999999997
0.504694
0.63301
0.614254
0.331396
0.290812
0.481171
0.315804
0.11855800000000001
0.007543
0.0
0.0
0.0
0.0
0.0
0.0
0.0
0.0
0.0
0.0
0.0
0.016634
0.046446
0.077304
0.10685299999999999
0.131185
0.146501
0.151553
0.145624
0.127388
0.10183
0.07141700000000001
0.040604
0.012320000000000001
0.0
0.0
0.0
0.0
0.0
0.0
0.0
0.0
0.0
0.0
0.0
0.01656
0.046397
0.077543
0.10765300000000001
0.132024
0.148812
0.153708
0.147893
0.13014599999999998
0.103983
0.07284600000000001
0.041377000000000004
0.012627000000000001
0.0
0.0
0.0
0.0
0.0
0.0
0.0
0.0
0.0
0.0
0.0
0.017326
0.046879
0.078738
0.10910299999999999
0.13529
0.15222
0.157538
0.151322
0.132495
0.106002
0.07501000000000001
0.042735999999999996
0.01315
0.0
0.0
0.0
0.0
0.0
0.0
0.0
0.0
0.0
0.0
0.0
0.017886
0.048408
0.081386
0.112833
0.13986400000000002
0.15732
0.162689
0.1539
0.13542500000000002
0.10812999999999999
0.076293
0.044106
0.013361000000000001
0.0
0.0
0.0
0.0
0.0
0.0
0.0
0.0
0.0
0.0
0.0
0.019591
0.052052
0.201793
0.11967900000000001
0.35659500000000005
0.164619
0.42362900000000003
0.164345
0.143788
0.32127
0.080192
0.14707499999999998
0.015048
0.0
0.0
0.0
0.0
0.0
0.0
0.0
0.0
0.0
0.0
0.0
0.025238
0.064232
0.105191
0.144863
0.17769300000000002
0.19867500000000002
0.204221
0.19439099999999998
0.170094
0.13622599999999999
0.097391
0.056429
0.019295000000000003
0.0
0.0
0.0
0.0
0.0
0.0
0.0
0.0
0.0
0.0
0.0
0.047685000000000005
0.13019999999999998
0.26791899999999996
0.39899799999999996
0.510181
0.5879690000000001
0.609026
0.605392
0.540808
0.439722
0.302356
0.115307
0.003722
0.0
0.0
0.0
0.0
0.0
0.0
0.0
0.0
0.0
0.0
0.0
0.029143000000000002
0.07148399999999999
0.242477
0.15882300000000002
0.430139
0.215458
0.512712
0.216059
0.188998
0.406922
0.30887400000000004
0.17931999999999998
0.027678
0.0
0.0
0.0
0.0
0.0
0.0
0.0
0.0
0.0
0.0
0.0
0.028241
0.071143
0.11583
0.158919
0.193506
0.215429
0.221487
0.212422
0.186599
0.149626
0.106937
0.062929
0.022126999999999997
0.0
0.0
0.0
0.0
0.0
0.0
0.0
0.0
0.0
0.0
0.0
0.038786
0.09369799999999999
0.151786
0.659025
0.251808
0.279957
0.28773000000000004
0.269406
0.237793
0.19243700000000002
0.13819399999999998
0.256232
0.0295
0.0
0.0
0.0
0.0
0.0
0.0
0.0
0.0
0.0
0.0
0.0
0.021209
0.053567000000000004
0.08774599999999999
0.12075
0.147148
0.16516999999999998
0.17041900000000001
0.163881
0.14368
0.11528000000000001
0.08212699999999999
0.047948
0.016276
0.0
0.0
0.0
0.0
0.0
0.0
0.0
0.0
0.0
0.0
0.0
0.018293
0.047082
0.077913
0.107036
0.131148
0.14747900000000003
0.152375
0.144761
0.127282
0.101506
0.071767
0.041995
0.014195000000000001
0.0
0.0
0.0
0.0
0.0
0.0
0.0
0.0
0.0
0.0
0.0
0.018565
0.047799
0.07943
0.109447
0.13427699999999998
0.15031
0.155285
0.147538
0.129183
0.103792
0.073476
0.042901
0.014494
0.0
0.0
0.0
0.0
0.0
0.0
0.0
0.0
0.0
0.0
0.0
0.021625
0.054712000000000004
0.08914
0.122683
0.15039599999999997
0.16869599999999998
0.174488
0.166863
0.14640799999999998
0.116767
0.083247
0.049058
0.016783000000000003
0.0
0.0
0.0
0.0
0.0
0.0
0.0
0.0
0.0
0.0
0.0
0.021685
0.054835999999999996
0.089252
0.122727
0.150261
0.16773500000000002
0.17345
0.16586099999999998
0.14597900000000003
0.116929
0.083646
0.049305999999999996
0.016864
0.0
0.0
0.0
0.0
0.0
0.0
0.0
0.0
0.0
0.0
0.0
0.026526
0.112859
0.218526
0.317226
0.4098
0.472129
0.48621499999999995
0.49384100000000003
0.475527
0.408401
0.300603
0.079015
0.029456
0.0
0.0
0.0
0.0
0.0
0.0
0.0
0.0
0.0
0.0
0.0
0.023795999999999998
0.10880100000000001
0.173608
0.234098
0.283283
0.5425030000000001
0.637813
0.637614
0.571176
0.467063
0.34286700000000003
0.135969
0.009851
0.0
0.0
0.0
0.0
0.0
0.0
0.0
0.0
0.0
0.0
0.0
0.022058
0.053634
0.086907
0.11832599999999999
0.14396799999999998
0.161115
0.166221
0.159159
0.14014500000000002
0.112951
0.080822
0.047636000000000005
0.016943
0.0
0.0
0.0
0.0
0.0
0.0
0.0
0.0
0.0
0.0
0.0
0.022023
0.053709
0.0861
0.117752
0.143027
0.16062
0.166363
0.162586
0.14371199999999998
0.115871
0.08346200000000001
0.049164
0.01753
0.0
0.0
0.0
0.0
0.0
0.0
0.0
0.0
0.0
0.0
0.0
0.022155
0.054011
0.086676
0.118008
0.14438900000000002
0.161562
0.167923
0.16387100000000002
0.14460900000000002
0.116456
0.083
0.049298
0.017588999999999997
0.0
0.0
0.0
0.0
0.0
0.0
0.0
0.0
0.0
0.0
0.0
0.022305
0.054672
0.088378
0.12124299999999999
0.148974
0.166563
0.171726
0.16317500000000001
0.144073
0.11568200000000001
0.08238
0.048920000000000005
0.01748
0.0
0.0
0.0
0.0
0.0
0.0
0.0
0.0
0.0
0.0
0.0
0.022178999999999997
0.054136000000000004
0.087096
0.118822
0.144527
0.161614
0.166056
0.15839599999999998
0.13984200000000002
0.112504
0.08038500000000001
0.047898
0.017138
0.0
0.0
0.0
0.0
0.0
0.0
0.0
0.0
0.0
0.0
0.0
0.034305999999999996
0.080013
0.32734199999999997
0.173946
0.566971
0.234714
0.6663830000000001
0.228502
0.201237
0.162874
0.117971
0.071273
0.027242000000000002
0.0
0.0
0.0
0.0
0.0
0.0
0.0
0.0
0.0
0.0
0.0
0.021719000000000002
0.053374000000000005
0.086328
0.118478
0.144887
0.16214599999999998
0.16811
0.16159800000000002
0.142792
0.11475400000000001
0.08233700000000001
0.048932
0.017473
0.0
0.0
0.0
0.0
0.0
0.0
0.0
0.0
0.0
0.0
0.0
0.014252
0.12209600000000001
0.263702
0.39315
0.502848
0.575399
0.582225
0.58909
0.525141
0.429486
0.300398
0.124904
0.002979
0.0
0.0
0.0
0.0
0.0
0.0
0.0
0.0
0.0
0.0
0.0
0.014133
0.121009
0.26325299999999996
0.391749
0.500137
0.564199
0.572295
0.5698179999999999
0.510687
0.41856400000000005
0.29397
0.122351
0.0022570000000000003
0.0
0.0
0.0
0.0
0.0
0.0
0.0
0.0
0.0
0.0
0.0
0.01343
0.12276000000000001
0.26963
0.407827
0.526755
0.5899679999999999
0.598924
0.580704
0.519269
0.423214
0.294406
0.122335
0.0015480000000000001
0.0
0.0
0.0
0.0
0.0
0.0
0.0
0.0
0.0
0.0
0.0
0.026291000000000002
0.092817
0.22084600000000001
0.19899899999999998
0.404048
0.528327
0.48889299999999997
0.591766
0.5474840000000001
0.400078
0.13794700000000001
0.08349
0.018776
0.0
0.0
0.0
0.0
0.0
0.0
0.0
0.0
0.0
0.0
0.0
0.022085999999999998
0.054198
0.0878
0.119972
0.146839
0.164075
0.16952899999999999
0.16004
0.141047
0.113756
0.081568
0.04843
0.018053999999999997
0.0
0.0
0.0
0.0
0.0
0.0
0.0
0.0
0.0
0.0
0.0
0.027742999999999997
0.132077
0.10548199999999999
0.143352
0.173621
0.47367000000000004
0.198815
0.472137
0.43021800000000004
0.133908
0.096793
0.175284
0.02178
0.0
0.0
0.0
0.0
0.0
0.0
0.0
0.0
0.0
0.0
0.0
0.045087
0.121284
0.39256
0.356214
0.270539
0.300122
0.547199
0.297692
0.261679
0.44428199999999995
0.36481
0.169353
0.016699000000000002
0.0
0.0
0.0
0.0
0.0
0.0
0.0
0.0
0.0
0.0
0.0
0.021625
0.053128999999999996
0.085911
0.11708299999999999
0.143284
0.16022999999999998
0.165012
0.157334
0.13833099999999998
0.111175
0.079544
0.047356999999999996
0.017757000000000002
0.0
0.0
0.0
0.0
0.0
0.0
0.0
0.0
0.0
0.0
0.0
0.021668
0.053137000000000004
0.08583199999999999
0.11686400000000001
0.142921
0.15987
0.165015
0.159357
0.140974
0.114233
0.082135
0.048765
0.018156
0.0
0.0
0.0
0.0
0.0
0.0
0.0
0.0
0.0
0.0
0.0
0.044031
0.144762
0.119082
0.161762
0.470274
0.534182
0.561209
0.21078
0.185615
0.14954499999999998
0.10837999999999999
0.06516
0.024861
0.0
0.0
0.0
0.0
0.0
0.0
0.0
0.0
0.0
0.0
0.0
0.022373
0.12307299999999999
0.34397300000000003
0.37243200000000004
0.282372
0.31326499999999996
0.581638
0.306693
0.535912
0.48480399999999996
0.350665
0.157435
0.014089
0.0
0.0
0.0
0.0
0.0
0.0
0.0
0.0
0.0
0.0
0.0
0.066564
0.09135599999999999
0.145528
0.196802
0.23746199999999998
0.263449
0.271231
0.833333
0.23361
0.188621
0.48488099999999995
0.08174200000000001
0.031908
0.0
0.0
0.0
0.0
0.0
0.0
0.0
0.0
0.0
0.0
0.0
0.027414
0.065084
0.22294
0.14030199999999998
0.17031800000000002
0.189223
0.464294
0.18910400000000002
0.43074900000000005
0.36206099999999997
0.275538
0.058467
0.031445
0.0
0.0
0.0
0.0
0.0
0.0
0.0
0.0
0.0
0.0
0.0
0.046512
0.157547
0.123898
0.16867500000000002
0.20438800000000001
0.227177
0.23377699999999998
0.600664
0.19554400000000002
0.468294
0.362559
0.212421
0.026694
0.0
0.0
0.0
0.0
0.0
0.0
0.0
0.0
0.0
0.0
0.0
0.021671
0.053291
0.086013
0.116953
0.142745
0.15948500000000002
0.164959
0.158609
0.139745
0.113453
0.08175
0.04859599999999999
0.017387
0.0
0.0
0.0
0.0
0.0
0.0
0.0
0.0
0.0
0.0
0.0
0.02175
0.053495
0.086365
0.11746899999999999
0.143427
0.16010400000000002
0.16552799999999998
0.156493
0.137519
0.111223
0.079985
0.047640999999999996
0.01711
0.0
0.0
0.0
0.0
0.0
0.0
0.0
0.0
0.0
0.0
0.0
0.028668
0.051775
0.154817
0.21930699999999997
0.274083
0.31464299999999995
0.33049599999999996
0.327498
0.135346
0.108246
0.181786
0.111261
0.016838000000000002
0.0
0.0
0.0
0.0
0.0
0.0
0.0
0.0
0.0
0.0
0.0
0.021955
0.053658000000000004
0.08637099999999999
0.117157
0.142767
0.159916
0.164472
0.159366
0.14041700000000001
0.112466
0.080469
0.047737
0.0171
0.0
0.0
0.0
0.0
0.0
0.0
0.0
0.0
0.0
0.0
0.0
0.04016599999999999
0.094236
0.225222
0.204433
0.41481799999999996
0.683759
0.502402
0.512364
0.238871
0.40057600000000004
0.311526
0.083735
0.018881000000000002
0.0
0.0
0.0
0.0
0.0
0.0
0.0
0.0
0.0
0.0
0.0
0.016692
0.041549
0.068471
0.09342199999999999
0.113993
0.127551
0.13146000000000002
0.127167
0.111452
0.08965300000000001
0.063706
0.037481
0.012868000000000001
0.0
0.0
0.0
0.0
0.0
0.0
0.0
0.0
0.0
0.0
0.0
0.029258
0.069248
0.111694
0.151978
0.184577
0.205777
0.212231
0.20387899999999998
0.179417
0.14486600000000002
0.103992
0.06267
0.023063
0.0
0.0
0.0
0.0
0.0
0.0
0.0
0.0
0.0
0.0
0.0
0.016942
0.042311
0.07011
0.096197
0.118467
0.13193000000000002
0.13601
0.128806
0.11369599999999999
0.09101000000000001
0.06478300000000001
0.038213000000000004
0.013204
0.0
0.0
0.0
0.0
0.0
0.0
0.0
0.0
0.0
0.0
0.0
0.021338
0.053386
0.086363
0.118062
0.143665
0.160062
0.16513999999999998
0.157415
0.138736
0.111432
0.080096
0.046994999999999995
0.017193999999999997
0.0
0.0
0.0
0.0
0.0
0.0
0.0
0.0
0.0
0.0
0.0
0.027695
0.044161
0.144382
0.09909399999999999
0.12106600000000001
0.28668400000000005
0.29950299999999996
0.295325
0.26476
0.218602
0.066814
0.039413
0.013477000000000001
0.0
0.0
0.0
0.0
0.0
0.0
0.0
0.0
0.0
0.0
0.0
0.015928
0.041566000000000006
0.06840099999999999
0.093917
0.114328
0.127834
0.131899
0.127537
0.11261199999999999
0.09137300000000001
0.065556
0.038263
0.01314
0.0
0.0
0.0
0.0
0.0
0.0
0.0
0.0
0.0
0.0
0.0
0.030029
0.07284099999999999
0.118039
0.160198
0.19547399999999998
0.218196
0.22440100000000002
0.21482900000000002
0.188762
0.151365
0.108834
0.064535
0.023643
0.0
0.0
0.0
0.0
0.0
0.0
0.0
0.0
0.0
0.0
0.0
0.036037
0.068408
0.22972800000000002
0.151673
0.412657
0.20508600000000002
0.494174
0.202505
0.17780600000000002
0.373099
0.284091
0.176738
0.021778
0.0
0.0
0.0
0.0
0.0
0.0
0.0
0.0
0.0
0.0
0.0
0.019498
0.184412
0.387164
0.378187
0.291074
0.322593
0.33132100000000003
0.618016
0.286637
0.492025
0.36253500000000005
0.16592099999999999
0.015273
0.0
0.0
0.0
0.0
0.0
0.0
0.0
0.0
0.0
0.0
0.0
0.028732
0.070887
0.250743
0.359418
0.191402
0.21373599999999998
0.539026
0.211302
0.48878
0.14847300000000002
0.106459
0.196146
0.031327
0.0
0.0
0.0
0.0
0.0
0.0
0.0
0.0
0.0
0.0
0.0
0.044939
0.121173
0.259901
0.24438900000000002
0.296548
0.328652
0.609499
0.638731
0.574546
0.473596
0.336857
0.152667
0.012341
0.0
0.0
0.0
0.0
0.0
0.0
0.0
0.0
0.0
0.0
0.0
0.038701
0.095317
0.231849
0.20985900000000002
0.43382299999999996
0.7278709999999999
0.528968
0.278523
0.245592
0.197585
0.141981
0.175967
0.025949000000000003
0.0
0.0
0.0
0.0
0.0
0.0
0.0
0.0
0.0
0.0
0.0
0.028195
0.071498
0.116062
0.15897999999999998
0.419577
0.48027
0.507326
0.213754
0.18762399999999999
0.387073
0.294111
0.184484
0.026406
0.0
0.0
0.0
0.0
0.0
0.0
0.0
0.0
0.0
0.0
0.0
0.026328
0.228456
0.109959
0.15026499999999998
0.183028
0.204466
0.210561
0.756023
0.172697
0.13902799999999998
0.09936299999999999
0.058496
0.020535
0.0
0.0
0.0
0.0
0.0
0.0
0.0
0.0
0.0
0.0
0.0
0.020809
0.097664
0.179619
0.124917
0.327783
0.37391
0.394343
0.16892
0.148784
0.290647
0.21584
0.048865
0.016176
0.0
0.0
0.0
0.0
0.0
0.0
0.0
0.0
0.0
0.0
0.0
0.025011
0.064126
0.10571
0.146173
0.179258
0.200321
0.20713800000000002
0.19716399999999998
0.17297900000000002
0.13796899999999998
0.097838
0.057042
0.019618
0.0
0.0
0.0
0.0
0.0
0.0
0.0
0.0
0.0
0.0
0.0
0.036087
0.113153
0.151084
0.333546
0.249846
0.277791
0.285753
0.538581
0.24790600000000002
0.41638200000000003
0.321077
0.218851
0.018511
0.0
0.0
0.0
0.0
0.0
0.0
0.0
0.0
0.0
0.0
0.0
0.033662
0.280716
0.143239
0.653076
0.240049
0.26804500000000003
0.276506
0.26559
0.233473
0.187516
0.133555
0.077592
0.027349000000000002
0.0
0.0
0.0
0.0
0.0
0.0
0.0
0.0
0.0
0.0
0.0
0.015056
0.041497
0.06920699999999999
0.095822
0.11815
0.132796
0.137639
0.130006
0.11390600000000001
0.091032
0.063955
0.036509
0.011332
0.0
0.0
0.0
0.0
0.0
0.0
0.0
0.0
0.0
0.0
0.0
0.033146999999999996
0.085826
0.271293
0.394814
0.236446
0.563948
0.271429
0.264187
0.56696
0.184928
0.36804899999999996
0.200305
0.02631
0.0
0.0
0.0
0.0
0.0
0.0
0.0
0.0
0.0
0.0
0.0
0.035802
0.093707
0.154948
0.212235
0.441832
0.288614
0.29670100000000005
0.5504439999999999
0.697217
0.42703800000000003
0.143073
0.082684
0.017658999999999998
0.0
0.0
0.0
0.0
0.0
0.0
0.0
0.0
0.0
0.0
0.0
0.023919
0.144107
0.107443
0.148042
0.181037
0.556483
0.208899
0.57588
0.177054
0.142743
0.101312
0.21349500000000002
0.032929
0.0
0.0
0.0
0.0
0.0
0.0
0.0
0.0
0.0
0.0
0.0
0.017154
0.049146
0.203713
0.115638
0.14251499999999998
0.16012200000000001
0.16550800000000002
0.421178
0.13659200000000002
0.31529599999999997
0.23287
0.142397
0.026515999999999998
0.0
0.0
0.0
0.0
0.0
0.0
0.0
0.0
0.0
0.0
0.0
0.015595000000000001
0.045722
0.076902
0.10687999999999999
0.13164599999999999
0.435536
0.454169
0.14671299999999998
0.127525
0.101915
0.07157899999999999
0.154763
0.012042
0.0
0.0
0.0
0.0
0.0
0.0
0.0
0.0
0.0
0.0
0.0
0.026716
0.118909
0.121953
0.16819399999999998
0.42635500000000004
0.22997399999999998
0.5171979999999999
0.524745
0.200201
0.400418
0.305516
0.190963
0.022102
0.0
0.0
0.0
0.0
0.0
0.0
0.0
0.0
0.0
0.0
0.0
0.034082
0.107337
0.234013
0.35118900000000003
0.45854
0.533501
0.5726209999999999
0.5583469999999999
0.519951
0.448796
0.34155599999999997
0.14527500000000002
0.011519999999999999
0.0
0.0
0.0
0.0
0.0
0.0
0.0
0.0
0.0
0.0
0.0
0.03764
0.11169
0.24690700000000002
0.37892000000000003
0.490157
0.569634
0.610823
0.626009
0.5626209999999999
0.46205399999999996
0.324995
0.138869
0.00412
0.0
0.0
0.0
0.0
0.0
0.0
0.0
0.0
0.0
0.0
0.0
0.03752900000000001
0.113306
0.26152
0.386906
0.516913
0.600708
0.615668
0.617895
0.585255
0.22987100000000002
0.34615300000000004
0.139877
0.004777999999999999
0.0
0.0
0.0
0.0
0.0
0.0
0.0
0.0
0.0
0.0
0.0
0.0361
0.111084
0.245327
0.378798
0.495483
0.578671
0.623458
0.624796
0.562801
0.461152
0.34794400000000003
0.137484
0.008711
0.0
0.0
0.0
0.0
0.0
0.0
0.0
0.0
0.0
0.0
0.0
0.037444000000000005
0.11241200000000001
0.250617
0.38242000000000004
0.492622
0.5695309999999999
0.588482
0.605863
0.544988
0.447195
0.336878
0.13243000000000002
0.002732
0.0
0.0
0.0
0.0
0.0
0.0
0.0
0.0
0.0
0.0
0.0
0.006123
0.109633
0.26617599999999997
0.411659
0.5372870000000001
0.599499
0.613326
0.577456
0.521119
0.429221
0.303033
0.125598
0.001415
0.0
0.0
0.0
0.0
0.0
0.0
0.0
0.0
0.0
0.0
0.0
0.031120000000000002
0.091583
0.15513
0.353408
0.473842
0.5533020000000001
0.590214
0.5972540000000001
0.522993
0.475135
0.339694
0.14390799999999998
0.011292
0.0
0.0
0.0
0.0
0.0
0.0
0.0
0.0
0.0
0.0
0.0
0.012461999999999999
0.041748
0.072191
0.21066300000000002
0.266324
0.30467
0.146225
0.313473
0.279461
0.095791
0.167992
0.100085
0.015032
0.0
0.0
0.0
0.0
0.0
0.0
0.0
0.0
0.0
0.0
0.0
0.02025
0.061895000000000006
0.107443
0.151024
0.187201
0.21054699999999998
0.218056
0.20488
0.17841900000000002
0.141003
0.098244
0.054579
0.015044
0.0
0.0
0.0
0.0
0.0
0.0
0.0
0.0
0.0
0.0
0.0
0.016711
0.052578
0.09129999999999999
0.127674
0.15805000000000002
0.177067
0.182279
0.174983
0.15217699999999998
0.120869
0.084089
0.046752
0.012378
0.0
0.0
0.0
0.0
0.0
0.0
0.0
0.0
0.0
0.0
0.0
0.026600000000000002
0.103262
0.141715
0.33004300000000003
0.423818
0.489556
0.712542
0.511628
0.46914999999999996
0.185806
0.129771
0.162026
0.012845
0.0
0.0
0.0
0.0
0.0
0.0
0.0
0.0
0.0
0.0
0.0
0.01488
0.049739
0.086135
0.121777
0.15057900000000002
0.16880799999999999
0.174651
0.169323
0.147027
0.11653400000000001
0.080363
0.043965000000000004
0.010441
0.0
0.0
0.0
0.0
0.0
0.0
0.0
0.0
0.0
0.0
0.0
0.026774
0.083691
0.14515899999999998
0.33386
0.448449
0.519755
0.5536409999999999
0.5438769999999999
0.49706599999999995
0.458381
0.323955
0.14303
0.007472
0.0
0.0
0.0
0.0
0.0
0.0
0.0
0.0
0.0
0.0
0.0
0.029061
0.107281
0.257565
0.36240100000000003
0.467426
0.307141
0.5739930000000001
0.62019
0.559571
0.452152
0.347875
0.134571
0.009394
0.0
0.0
0.0
0.0
0.0
0.0
0.0
0.0
0.0
0.0
0.0
0.013887
0.047757
0.084693
0.234696
0.29945
0.34878899999999996
0.367696
0.35679700000000003
0.14322900000000002
0.26137
0.191904
0.119131
0.012742000000000002
0.0
0.0
0.0
0.0
0.0
0.0
0.0
0.0
0.0
0.0
0.0
0.022403
0.075808
0.468223
0.62883
0.23097399999999998
0.25956599999999996
0.26784800000000003
0.253786
0.220548
0.174442
0.12121
0.066057
0.037659
0.0
0.0
0.0
0.0
0.0
0.0
0.0
0.0
0.0
0.0
0.0
0.010199999999999999
0.071445
0.13944399999999998
0.205965
0.2637
0.304338
0.321578
0.316275
0.124642
0.09788200000000001
0.066699
0.101973
0.007082
0.0
0.0
0.0
0.0
0.0
0.0
0.0
0.0
0.0
0.0
0.0
0.008646000000000001
0.034241999999999995
0.062278
0.090082
0.112641
0.12781499999999998
0.132665
0.125729
0.108694
0.0854
0.05790699999999999
0.030209
0.005128
0.0
0.0
0.0
0.0
0.0
0.0
0.0
0.0
0.0
0.0
0.0
0.011356
0.043866
0.079818
0.11383
0.142627
0.16111
0.16641
0.15832400000000002
0.137515
0.107215
0.07270399999999999
0.038677
0.007714
0.0
0.0
0.0
0.0
0.0
0.0
0.0
0.0
0.0
0.0
0.0
0.01886
0.068538
0.12141400000000001
0.171924
0.212925
0.239343
0.247022
0.237274
0.206266
0.162344
0.111071
0.059635
0.012891
0.0
0.0
0.0
0.0
0.0
0.0
0.0
0.0
0.0
0.0
0.0
0.019377
0.071274
0.291084
0.17962799999999998
0.222545
0.250056
0.25706799999999996
0.675455
0.612675
0.515745
0.115476
0.0613
0.017917000000000002
0.0
0.0
0.0
0.0
0.0
0.0
0.0
0.0
0.0
0.0
0.0
0.006888
0.032598999999999996
0.060781999999999996
0.08813599999999999
0.111386
0.126908
0.13225399999999998
0.125752
0.109094
0.08531699999999999
0.057104
0.029375
0.004312
0.0
0.0
0.0
0.0
0.0
0.0
0.0
0.0
0.0
0.0
0.0
0.007095
0.033169
0.061406
0.088566
0.11203199999999999
0.12681900000000002
0.130757
0.125
0.10712999999999999
0.08340600000000001
0.055816000000000004
0.028029
0.004151
0.0
0.0
0.0
0.0
0.0
0.0
0.0
0.0
0.0
0.0
0.0
0.007001
0.032888
0.060769
0.08734499999999999
0.110216
0.124557
0.1291
0.123481
0.107068
0.083079
0.055646
0.027933
0.003435
0.0
0.0
0.0
0.0
0.0
0.0
0.0
0.0
0.0
0.0
0.0
0.022260000000000002
0.144416
0.158757
0.47248399999999996
0.280088
0.6844750000000001
0.720865
0.311062
0.270169
0.212578
0.393973
0.07567600000000001
0.011764
0.0
0.0
0.0
0.0
0.0
0.0
0.0
0.0
0.0
0.0
0.0
0.013679
0.058466000000000004
0.106882
0.35451699999999997
0.19200899999999999
0.216052
0.5412619999999999
0.556505
0.499191
0.144096
0.097194
0.049771
0.008423
0.0
0.0
0.0
0.0
0.0
0.0
0.0
0.0
0.0
0.0
0.0
0.014317999999999999
0.112327
0.235952
0.35119900000000004
0.447934
0.22752
0.542848
0.22824
0.197243
0.15432099999999999
0.32195999999999997
0.153031
0.008396
0.0
0.0
0.0
0.0
0.0
0.0
0.0
0.0
0.0
0.0
0.0
0.021378
0.090024
0.252909
0.397606
0.520962
0.610038
0.6551180000000001
0.6675420000000001
0.611058
0.476557
0.319818
0.116493
0.012539
0.0
0.0
0.0
0.0
0.0
0.0
0.0
0.0
0.0
0.0
0.0
0.021739
0.10958899999999999
0.300308
0.469308
0.613029
0.624599
0.356788
0.678296
0.295299
0.504916
0.324283
0.104184
0.001742
0.0
0.0
0.0
0.0
0.0
0.0
0.0
0.0
0.0
0.0
0.0
0.004684
0.031096
0.06012
0.088566
0.11353
0.128686
0.13325800000000002
0.126066
0.108313
0.083803
0.055240000000000004
0.026556999999999997
0.001796
0.0
0.0
0.0
0.0
0.0
0.0
0.0
0.0
0.0
0.0
0.0
0.019718
0.10764499999999999
0.272886
0.409356
0.5655249999999999
0.6616770000000001
0.6677390000000001
0.335726
0.61285
0.465748
0.312242
0.095206
0.0027389999999999997
0.0
0.0
0.0
0.0
0.0
0.0
0.0
0.0
0.0
0.0
0.0
0.009967
0.051723
0.0979
0.143035
0.179758
0.203401
0.210461
0.198272
0.170138
0.132793
0.088922
0.043892
0.0037589999999999998
0.0
0.0
0.0
0.0
0.0
0.0
0.0
0.0
0.0
0.0
0.0
0.014362999999999999
0.072617
0.340282
0.512861
0.24882400000000002
0.28089299999999995
0.28935700000000003
0.8016019999999999
0.237843
0.185011
0.420939
0.061494
0.006320999999999999
0.0
0.0
0.0
0.0
0.0
0.0
0.0
0.0
0.0
0.0
0.0
0.011819000000000001
0.063485
0.120432
0.17519900000000002
0.219295
0.611859
0.643766
0.692295
0.214958
0.167015
0.11108499999999999
0.054859000000000005
0.006785
0.0
0.0
0.0
0.0
0.0
0.0
0.0
0.0
0.0
0.0
0.0
0.010424
0.109023
0.11649
0.170305
0.474023
0.548289
0.250594
0.573712
0.520495
0.158022
0.330925
0.051448999999999995
0.003448
0.0
0.0
0.0
0.0
0.0
0.0
0.0
0.0
0.0
0.0
0.0
0.014016
0.07889199999999999
0.148985
0.215895
0.26990499999999995
0.304356
0.313334
0.833333
0.265527
0.205975
0.45881299999999997
0.066636
0.003942
0.0
0.0
0.0
0.0
0.0
0.0
0.0
0.0
0.0
0.0
0.0
0.01439
0.102973
0.25006100000000003
0.397154
0.524975
0.614008
0.648158
0.683514
0.571629
0.489045
0.29408999999999996
0.08264
0.0
0.0
0.0
0.0
0.0
0.0
0.0
0.0
0.0
0.0
0.0
0.0
0.003972
0.036844
0.073515
0.109034
0.139283
0.159153
0.165624
0.15646000000000002
0.13484200000000002
0.10304
0.066845
0.031137
0.0
0.0
0.0
0.0
0.0
0.0
0.0
0.0
0.0
0.0
0.0
0.0
0.003862
0.035741
0.071765
0.107048
0.136159
0.154934
0.160772
0.152931
0.131643
0.100813
0.065623
0.030617000000000002
0.0
0.0
0.0
0.0
0.0
0.0
0.0
0.0
0.0
0.0
0.0
0.0
0.0068390000000000005
0.056026000000000006
0.110087
0.163229
0.208563
0.237453
0.246307
0.23128
0.19885499999999998
0.152345
0.09935
0.046435000000000004
0.000438
0.0
0.0
0.0
0.0
0.0
0.0
0.0
0.0
0.0
0.0
0.0
0.002988
0.03472
0.070755
0.106254
0.136516
0.155712
0.161781
0.15257099999999998
0.13065700000000002
0.099929
0.06478
0.029807
0.0
0.0
0.0
0.0
0.0
0.0
0.0
0.0
0.0
0.0
0.0
0.0
0.003443
0.072019
0.158888
0.243768
0.316761
0.17563900000000002
0.39449
0.38270499999999996
0.341368
0.11229399999999999
0.205186
0.033624
0.0
0.0
0.0
0.0
0.0
0.0
0.0
0.0
0.0
0.0
0.0
0.0
0.002211
0.034264
0.070882
0.108143
0.13883600000000001
0.159912
0.16662000000000002
0.154749
0.132896
0.10160899999999999
0.065093
0.029503
0.0
0.0
0.0
0.0
0.0
0.0
0.0
0.0
0.0
0.0
0.0
0.0
0.003278
0.044679
0.090685
0.135666
0.17355500000000001
0.198191
0.205537
0.194221
0.166625
0.127269
0.08201
0.037181
0.0
0.0
0.0
0.0
0.0
0.0
0.0
0.0
0.0
0.0
0.0
0.0
0.001413
0.033411
0.06951
0.105876
0.136243
0.156401
0.16204400000000002
0.153876
0.131239
0.100068
0.063837
0.027798
0.0
0.0
0.0
0.0
0.0
0.0
0.0
0.0
0.0
0.0
0.0
0.0
0.0034969999999999997
0.054062
0.110704
0.16711099999999998
0.21390199999999998
0.24506299999999998
0.25405
0.23707
0.20375200000000002
0.15570799999999999
0.10071200000000001
0.044841
0.0
0.0
0.0
0.0
0.0
0.0
0.0
0.0
0.0
0.0
0.0
0.0
0.002754
0.052581
0.26241699999999996
0.163242
0.20856200000000003
0.5971599999999999
0.24531299999999998
0.640886
0.200558
0.485122
0.098426
0.043587
0.0
0.0
0.0
0.0
0.0
0.0
0.0
0.0
0.0
0.0
0.0
0.0
0.003064
0.06369899999999999
0.13084700000000002
0.196065
0.248925
0.281966
0.83059
0.278805
0.238767
0.655625
0.117729
0.052266
0.0
0.0
0.0
0.0
0.0
0.0
0.0
0.0
0.0
0.0
0.0
0.0
0.000188
0.09895999999999999
0.22597
0.136744
0.175701
0.200899
0.5708909999999999
0.19197399999999998
0.47242700000000004
0.125144
0.29771499999999995
0.034254
0.0
0.0
0.0
0.0
0.0
0.0
0.0
0.0
0.0
0.0
0.0
0.0
8.1e-05
0.040839
0.18551900000000002
0.28979000000000005
0.385644
0.194909
0.475177
0.192556
0.424068
0.124393
0.262571
0.045741
0.0
0.0
0.0
0.0
0.0
0.0
0.0
0.0
0.0
0.0
0.0
0.0
0.0
0.04232
0.091616
0.139972
0.18029900000000001
0.206423
0.21443600000000002
0.202264
0.17307
0.130358
0.082452
0.034391
0.0
0.0
0.0
0.0
0.0
0.0
0.0
0.0
0.0
0.0
0.0
0.0
0.0
0.032494
0.166273
0.261078
0.142241
0.396036
0.417813
0.15812
0.135156
0.101352
0.216797
0.043753
0.0
0.0
0.0
0.0
0.0
0.0
0.0
0.0
0.0
0.0
0.0
0.0
0.0
0.034311
0.075176
0.11514400000000001
0.14882900000000002
0.17081800000000003
0.17792
0.16915100000000002
0.143854
0.108401
0.067676
0.027539
0.0
0.0
0.0
0.0
0.0
0.0
0.0
0.0
0.0
0.0
0.0
0.0
0.0
0.029089
0.064875
0.100953
0.13094399999999998
0.15143299999999998
0.156669
0.147464
0.12559099999999998
0.09417400000000001
0.057883000000000004
0.023174
0.0
0.0
0.0
0.0
0.0
0.0
0.0
0.0
0.0
0.0
0.0
0.0
0.0
0.028338000000000002
0.06414199999999999
0.100327
0.131162
0.151074
0.15720099999999998
0.148961
0.126217
0.09442400000000001
0.058499
0.022694
0.0
0.0
0.0
0.0
0.0
0.0
0.0
0.0
0.0
0.0
0.0
0.0
0.0
0.02826
0.06502200000000001
0.102465
0.134697
0.155726
0.162472
0.15350999999999998
0.130462
0.097782
0.060311
0.022936
0.0
0.0
0.0
0.0
0.0
0.0
0.0
0.0
0.0
0.0
0.0
0.0
0.0
0.028384
0.065246
0.101913
0.133866
0.154392
0.16079300000000002
0.15235200000000002
0.129102
0.09638200000000001
0.059125
0.022756000000000002
0.0
0.0
0.0
0.0
0.0
0.0
0.0
0.0
0.0
0.0
0.0
0.0
0.0
0.042663
0.239613
0.383758
0.194712
0.223424
0.613764
0.221422
0.18801400000000001
0.473384
0.08692799999999999
0.05152
0.0
0.0
0.0
0.0
0.0
0.0
0.0
0.0
0.0
0.0
0.0
0.0
0.0
0.103723
0.10569100000000001
0.407884
0.212454
0.6150549999999999
0.6491979999999999
0.2417
0.205124
0.153688
0.09494899999999999
0.049701
0.0
0.0
0.0
0.0
0.0
0.0
0.0
0.0
0.0
0.0
0.0
0.0
0.0
0.053735
0.258735
0.189553
0.24505600000000002
0.629536
0.6661090000000001
0.275952
0.23444399999999999
0.533511
0.31035399999999996
0.041027
0.0
0.0
0.0
0.0
0.0
0.0
0.0
0.0
0.0
0.0
0.0
0.0
0.0
0.055022
0.34550200000000003
0.5489120000000001
0.25609699999999996
0.826265
0.303772
0.290594
0.246168
0.184581
0.113969
0.043245
0.0
0.0
0.0
0.0
0.0
0.0
0.0
0.0
0.0
0.0
0.0
0.0
0.0
0.055923
0.1285
0.19876
0.25743099999999997
0.294448
0.305029
0.833333
0.250275
0.188135
0.115253
0.043526
0.0
0.0
0.0
0.0
0.0
0.0
0.0
0.0
0.0
0.0
0.0
0.0
0.0
0.053855
0.125334
0.195237
0.252754
0.289831
0.299688
0.833333
0.24384
0.595798
0.112232
0.042152999999999996
0.0
0.0
0.0
0.0
0.0
0.0
0.0
0.0
0.0
0.0
0.0
0.0
0.0
0.027804
0.068193
0.10916500000000001
0.142913
0.164793
0.171035
0.162939
0.137046
0.101581
0.061438
0.020835999999999997
0.0
0.0
0.0
0.0
0.0
0.0
0.0
0.0
0.0
0.0
0.0
0.0
0.0
0.023395
0.058703000000000005
0.095218
0.125549
0.145649
0.151974
0.142646
0.121067
0.089957
0.054282
0.017984000000000003
0.0
0.0
0.0
0.0
0.0
0.0
0.0
0.0
0.0
0.0
0.0
0.0
0.0
0.022733
0.057953000000000005
0.094369
0.124811
0.14501599999999998
0.151582
0.144179
0.12148099999999999
0.08925
0.053191
0.017072
0.0
0.0
0.0
0.0
0.0
0.0
0.0
0.0
0.0
0.0
0.0
0.0
0.0
0.022184000000000002
0.058814
0.095554
0.127143
0.14840199999999998
0.155433
0.146583
0.123644
0.09102800000000001
0.054071
0.017613
0.0
0.0
0.0
0.0
0.0
0.0
0.0
0.0
0.0
0.0
0.0
0.0
0.0
0.021725
0.13155699999999998
0.21565299999999998
0.288119
0.337356
0.147375
0.139172
0.116941
0.254184
0.193796
0.027289
0.0
0.0
0.0
0.0
0.0
0.0
0.0
0.0
0.0
0.0
0.0
0.0
0.0
0.020134
0.053643
0.08856699999999999
0.117279
0.13702099999999998
0.14271899999999998
0.134601
0.113391
0.083391
0.04852600000000001
0.015049
0.0
0.0
0.0
0.0
0.0
0.0
0.0
0.0
0.0
0.0
0.0
0.0
0.0
0.029853
0.077833
0.125916
0.167573
0.194779
0.203403
0.19331600000000002
0.16295199999999999
0.119333
0.070244
0.022195
0.0
0.0
0.0
0.0
0.0
0.0
0.0
0.0
0.0
0.0
0.0
0.0
0.0
0.02492
0.067452
0.110192
0.14646
0.170513
0.17738800000000002
0.168023
0.140577
0.102522
0.059965000000000004
0.017699000000000003
0.0
0.0
0.0
0.0
0.0
0.0
0.0
0.0
0.0
0.0
0.0
0.0
0.0
0.018911999999999998
0.05290400000000001
0.08761
0.117717
0.137274
0.144033
0.134039
0.11268
0.082282
0.047697
0.013675000000000001
0.0
0.0
0.0
0.0
0.0
0.0
0.0
0.0
0.0
0.0
0.0
0.0
0.0
0.021858
0.061857999999999996
0.101305
0.134906
0.15720099999999998
0.164018
0.154179
0.129364
0.094421
0.05442
0.015332
0.0
0.0
0.0
0.0
0.0
0.0
0.0
0.0
0.0
0.0
0.0
0.0
0.0
0.017972000000000002
0.050684
0.084677
0.114026
0.132889
0.13917400000000002
0.13096100000000002
0.10927500000000001
0.07927200000000001
0.045195
0.011747
0.0
0.0
0.0
0.0
0.0
0.0
0.0
0.0
0.0
0.0
0.0
0.0
0.0
0.017188
0.049942
0.084018
0.11350700000000001
0.13252699999999998
0.139072
0.130105
0.108763
0.07866
0.044542
0.011678000000000001
0.0
0.0
0.0
0.0
0.0
0.0
0.0
0.0
0.0
0.0
0.0
0.0
0.0
0.026803999999999998
0.075379
0.342138
0.16697399999999998
0.194856
0.5783980000000001
0.19133799999999998
0.52425
0.11686400000000001
0.067203
0.032656
0.0
0.0
0.0
0.0
0.0
0.0
0.0
0.0
0.0
0.0
0.0
0.0
0.0
0.016489999999999998
0.049421999999999994
0.08303
0.11282299999999999
0.131992
0.13761400000000001
0.128478
0.106933
0.076939
0.043653
0.009977999999999999
0.0
0.0
0.0
0.0
0.0
0.0
0.0
0.0
0.0
0.0
0.0
0.0
0.0
0.015709
0.048809
0.08286199999999999
0.11333599999999999
0.133322
0.139673
0.132161
0.11018800000000001
0.079814
0.044411
0.010187
0.0
0.0
0.0
0.0
0.0
0.0
0.0
0.0
0.0
0.0
0.0
0.0
0.0
0.016602
0.0519
0.08851600000000001
0.119431
0.13969
0.145821
0.13776
0.114637
0.082997
0.046343
0.01028
0.0
0.0
0.0
0.0
0.0
0.0
0.0
0.0
0.0
0.0
0.0
0.0
0.0
0.017352
0.053564999999999995
0.091143
0.309824
0.367604
0.390893
0.141319
0.117245
0.27926
0.046780999999999996
0.018494
0.0
0.0
0.0
0.0
0.0
0.0
0.0
0.0
0.0
0.0
0.0
0.0
0.0
0.030813
0.29233600000000004
0.157609
0.211092
0.7495170000000001
0.255331
0.24239
0.202828
0.539436
0.083415
0.019187000000000003
0.0
0.0
0.0
0.0
0.0
0.0
0.0
0.0
0.0
0.0
0.0
0.0
0.0
0.013593
0.046357
0.07964199999999999
0.108449
0.127662
0.133613
0.126431
0.104677
0.07480800000000001
0.040895
0.006534
0.0
0.0
0.0
0.0
0.0
0.0
0.0
0.0
0.0
0.0
0.0
0.0
0.0
0.013576000000000001
0.045826
0.079394
0.10833499999999999
0.127336
0.132802
0.12562600000000002
0.103581
0.07395
0.040182999999999996
0.005952
0.0
0.0
0.0
0.0
0.0
0.0
0.0
0.0
0.0
0.0
0.0
0.0
0.0
0.020335000000000002
0.15907400000000002
0.275777
0.383615
0.454769
0.190809
0.18004699999999998
0.149117
0.372213
0.18861
0.008916
0.0
0.0
0.0
0.0
0.0
0.0
0.0
0.0
0.0
0.0
0.0
0.0
0.0
0.02118
0.069676
0.252567
0.34616800000000003
0.412335
0.442204
0.451551
0.40687900000000005
0.351101
0.060537
0.008666
0.0
0.0
0.0
0.0
0.0
0.0
0.0
0.0
0.0
0.0
0.0
0.0
0.0
0.025068
0.218266
0.143725
0.5157
0.227561
0.236126
0.219716
0.58977
0.478069
0.186303
0.014414
0.0
0.0
0.0
0.0
0.0
0.0
0.0
0.0
0.0
0.0
0.0
0.0
0.0
0.030994
0.10363800000000001
0.178062
0.685447
0.280302
0.29167200000000004
0.803821
0.22893
0.164261
0.192103
0.013828
0.0
0.0
0.0
0.0
0.0
0.0
0.0
0.0
0.0
0.0
0.0
0.0
0.0
0.031331
0.10558100000000001
0.18054800000000001
0.242553
0.7260979999999999
0.292163
0.744889
0.23071799999999998
0.46234800000000004
0.092633
0.012171
0.0
0.0
0.0
0.0
0.0
0.0
0.0
0.0
0.0
0.0
0.0
0.0
0.0
0.017584
0.064804
0.113467
0.154651
0.180787
0.188482
0.17627099999999998
0.146332
0.103795
0.055728
0.006618000000000001
0.0
0.0
0.0
0.0
0.0
0.0
0.0
0.0
0.0
0.0
0.0
0.0
0.0
0.016419
0.062963
0.11154900000000001
0.153155
0.18003
0.18787700000000002
0.176762
0.145563
0.10284399999999999
0.05468
0.0059900000000000005
0.0
0.0
0.0
0.0
0.0
0.0
0.0
0.0
0.0
0.0
0.0
0.0
0.0
0.009807999999999999
0.040999
0.073582
0.101888
0.121387
0.127386
0.119123
0.098064
0.06827
0.035256
0.002415
0.0
0.0
0.0
0.0
0.0
0.0
0.0
0.0
0.0
0.0
0.0
0.0
0.0
0.009087999999999999
0.040754
0.074177
0.10334099999999999
0.123414
0.129751
0.121912
0.100667
0.070125
0.035919
0.002339
0.0
0.0
0.0
0.0
0.0
0.0
0.0
0.0
0.0
0.0
0.0
0.0
0.0
0.009555999999999999
0.041323
0.075474
0.105173
0.125555
0.13196100000000002
0.123136
0.101696
0.070694
0.03589
0.00249
0.0
0.0
0.0
0.0
0.0
0.0
0.0
0.0
0.0
0.0
0.0
0.0
0.0
0.008908
0.040769
0.074797
0.104161
0.124099
0.13009
0.122772
0.100816
0.069577
0.035653
0.001916
0.0
0.0
0.0
0.0
0.0
0.0
0.0
0.0
0.0
0.0
0.0
0.0
0.0
0.008702999999999999
0.040142000000000004
0.07295399999999999
0.10195699999999999
0.12175
0.127829
0.120316
0.098865
0.068105
0.034501
0.001865
0.0
0.0
0.0
0.0
0.0
0.0
0.0
0.0
0.0
0.0
0.0
0.0
0.0
0.007977
0.039552
0.072715
0.10212600000000001
0.122226
0.12836
0.119779
0.098121
0.06809399999999999
0.033686
0.0013620000000000001
0.0
0.0
0.0
0.0
0.0
0.0
0.0
0.0
0.0
0.0
0.0
0.0
0.0
0.015510999999999999
0.068032
0.12318000000000001
0.17076
0.202113
0.211244
0.199295
0.164746
0.11556699999999999
0.059432
0.004367
0.0
0.0
0.0
0.0
0.0
0.0
0.0
0.0
0.0
0.0
0.0
0.0
0.0
0.007344000000000001
0.038168999999999995
0.07110999999999999
0.100324
0.12024599999999999
0.126419
0.117297
0.09614400000000001
0.06638200000000001
0.032871000000000004
0.000859
0.0
0.0
0.0
0.0
0.0
0.0
0.0
0.0
0.0
0.0
0.0
0.0
0.0
0.01961
0.09141200000000001
0.167606
0.232544
0.8311810000000001
0.288236
0.26240399999999997
0.62734
0.153941
0.08904999999999999
0.006239
0.0
0.0
0.0
0.0
0.0
0.0
0.0
0.0
0.0
0.0
0.0
0.0
0.0
0.005607
0.035029000000000005
0.065923
0.09333499999999999
0.112524
0.118051
0.11128199999999999
0.090496
0.062043999999999995
0.030149000000000002
0.00029499999999999996
0.0
0.0
0.0
0.0
0.0
0.0
0.0
0.0
0.0
0.0
0.0
0.0
0.0
0.0055899999999999995
0.034404000000000004
0.065482
0.093027
0.112213
0.117713
0.110322
0.089972
0.061810000000000004
0.02981
0.0
0.0
0.0
0.0
0.0
0.0
0.0
0.0
0.0
0.0
0.0
0.0
0.0
0.0
0.004941
0.034641
0.065801
0.09339
0.11175700000000001
0.117175
0.110348
0.090412
0.061073
0.028963000000000003
0.0
0.0
0.0
0.0
0.0
0.0
0.0
0.0
0.0
0.0
0.0
0.0
0.0
0.0
0.004894
0.033729
0.064778
0.092247
0.11041500000000001
0.116356
0.107706
0.087904
0.060045
0.028482
0.0
0.0
0.0
0.0
0.0
0.0
0.0
0.0
0.0
0.0
0.0
0.0
0.0
0.0
0.004126
0.032759
0.063505
0.090563
0.108387
0.114265
0.105974
0.086632
0.058904000000000005
0.027532
0.0
0.0
0.0
0.0
0.0
0.0
0.0
0.0
0.0
0.0
0.0
0.0
0.0
0.0
0.004073
0.032635
0.062606
0.089744
0.107657
0.113493
0.104976
0.085441
0.057876
0.027416
0.0
0.0
0.0
0.0
0.0
0.0
0.0
0.0
0.0
0.0
0.0
0.0
0.0
0.0
0.003348
0.03191
0.062859
0.089503
0.107793
0.114016
0.105864
0.086381
0.058269
0.027192
0.0
0.0
0.0
0.0
0.0
0.0
0.0
0.0
0.0
0.0
0.0
0.0
0.0
0.0
0.0033410000000000002
0.031898
0.062015
0.088604
0.106921
0.11313899999999999
0.106379
0.085798
0.058252000000000005
0.026300999999999998
0.0
0.0
0.0
0.0
0.0
0.0
0.0
0.0
0.0
0.0
0.0
0.0
0.0
0.0
0.003347
0.031294
0.061638
0.089296
0.107652
0.113021
0.106122
0.086252
0.057783
0.026458
0.0
0.0
0.0
0.0
0.0
0.0
0.0
0.0
0.0
0.0
0.0
0.0
0.0
0.0
0.007712
0.056383
0.109762
0.15626900000000002
0.187585
0.19684700000000002
0.18512299999999998
0.150998
0.103103
0.049212000000000006
0.0
0.0
0.0
0.0
0.0
0.0
0.0
0.0
0.0
0.0
0.0
0.0
0.0
0.0
0.010671
0.15709
0.476585
0.441413
0.251985
0.590232
0.241711
0.527931
0.356744
0.042273000000000005
0.0
0.0
0.0
0.0
0.0
0.0
0.0
0.0
0.0
0.0
0.0
0.0
0.0
0.0
0.001924
0.029599
0.05957
0.086181
0.10462300000000001
0.11098699999999999
0.103425
0.083524
0.055786999999999996
0.02463
0.0
0.0
0.0
0.0
0.0
0.0
0.0
0.0
0.0
0.0
0.0
0.0
0.0
0.0
0.0032839999999999996
0.038947
0.078361
0.11279399999999999
0.13538399999999998
0.14275200000000002
0.131825
0.10723
0.07177700000000001
0.03307
0.0
0.0
0.0
0.0
0.0
0.0
0.0
0.0
0.0
0.0
0.0
0.0
0.0
0.0
0.001842
0.028698
0.05857
0.084956
0.102263
0.10839499999999999
0.10231799999999999
0.08255599999999999
0.054972
0.023837
0.0
0.0
0.0
0.0
0.0
0.0
0.0
0.0
0.0
0.0
0.0
0.0
0.0
0.0
0.001209
0.02936
0.059525
0.08719199999999999
0.10632899999999999
0.112081
0.104557
0.08431399999999999
0.056023
0.024775
0.0
0.0
0.0
0.0
0.0
0.0
0.0
0.0
0.0
0.0
0.0
0.0
0.0
0.0
0.00127
0.028735
0.05928
0.08535899999999999
0.10357899999999999
0.108614
0.10120799999999999
0.081826
0.054295
0.023199
0.0
0.0
0.0
0.0
0.0
0.0
0.0
0.0
0.0
0.0
0.0
0.0
0.0
0.0
0.0019590000000000002
0.03592
0.189968
0.276176
0.33759100000000003
0.134032
0.124467
0.323894
0.066216
0.049347999999999996
0.0
0.0
0.0
0.0
0.0
0.0
0.0
0.0
0.0
0.0
0.0
0.0
0.0
0.0
0.004775000000000001
0.057064
0.288655
0.41392700000000004
0.195311
0.5455599999999999
0.5729460000000001
0.15596000000000002
0.104781
0.052948999999999996
0.0
0.0
0.0
0.0
0.0
0.0
0.0
0.0
0.0
0.0
0.0
0.0
0.0
0.0
0.000482
0.027798
0.057594
0.084024
0.10283400000000001
0.108439
0.100743
0.08136700000000001
0.053433999999999995
0.022695
0.0
0.0
0.0
0.0
0.0
0.0
0.0
0.0
0.0
0.0
0.0
0.0
0.0
0.0
0.0
0.027121
0.056995
0.084162
0.10195900000000001
0.108246
0.101628
0.08142700000000001
0.053207
0.022206
0.0
0.0
0.0
0.0
0.0
0.0
0.0
0.0
0.0
0.0
0.0
0.0
0.0
0.0
0.0
0.02689
0.056389
0.082399
0.100853
0.106364
0.099427
0.079421
0.05239
0.021815
0.0
0.0
0.0
0.0
0.0
0.0
0.0
0.0
0.0
0.0
0.0
0.0
0.0
0.0
0.0
0.026874
0.055639
0.082615
0.100479
0.106098
0.09907099999999999
0.079693
0.051728
0.021849
0.0
0.0
0.0
0.0
0.0
0.0
0.0
0.0
0.0
0.0
0.0
0.0
0.0
0.0
0.0
0.026042000000000003
0.055732
0.082065
0.099903
0.106283
0.098146
0.078273
0.05134300000000001
0.020953
0.0
0.0
0.0
0.0
0.0
0.0
0.0
0.0
0.0
0.0
0.0
0.0
0.0
0.0
0.0
0.026171
0.055111
0.08209999999999999
0.099678
0.104937
0.097755
0.078459
0.050637999999999996
0.020957999999999997
0.0
0.0
0.0
0.0
0.0
0.0
0.0
0.0
0.0
0.0
0.0
0.0
0.0
0.0
0.0
0.025612
0.055831000000000006
0.082677
0.100928
0.107472
0.099979
0.079603
0.052015
0.021598
0.0
0.0
0.0
0.0
0.0
0.0
0.0
0.0
0.0
0.0
0.0
0.0
0.0
0.0
0.0
0.02641
0.056547
0.08478100000000001
0.103173
0.108628
0.100365
0.08043399999999999
0.052421
0.020957
0.0
0.0
0.0
0.0
0.0
0.0
0.0
0.0
0.0
0.0
0.0
0.0
0.0
0.0
0.001898
0.281024
0.140774
0.203327
0.244994
0.256801
0.239104
0.194169
0.43464800000000003
0.105357
0.0
0.0
0.0
0.0
0.0
0.0
0.0
0.0
0.0
0.0
0.0
0.0
0.0
0.0
0.0
0.025155
0.055305
0.081741
0.099393
0.104578
0.09763899999999999
0.078106
0.050651
0.020552
0.0
0.0
0.0
0.0
0.0
0.0
0.0
0.0
0.0
0.0
0.0
0.0
0.0
0.0
0.0
0.027452
0.1398
0.205847
0.107861
0.276377
0.2676
0.243342
0.207564
0.032784
0.0
0.0
0.0
0.0
0.0
0.0
0.0
0.0
0.0
0.0
0.0
0.0
0.0
0.0
0.0
0.025304
0.055852
0.082775
0.100802
0.106866
0.098006
0.07749500000000001
0.050327
0.019673
0.0
0.0
0.0
0.0
0.0
0.0
0.0
0.0
0.0
0.0
0.0
0.0
0.0
0.0
0.0
0.024763
0.053978
0.081289
0.099214
0.104771
0.097176
0.077882
0.050540999999999996
0.019721
0.0
0.0
0.0
0.0
0.0
0.0
0.0
0.0
0.0
0.0
0.0
0.0
0.0
0.0
0.0
0.039862
0.086137
0.126991
0.153862
0.162295
0.15002500000000002
0.120624
0.078769
0.032653
0.0
0.0
0.0
0.0
0.0
0.0
0.0
0.0
0.0
0.0
0.0
0.0
0.0
0.0
0.0
0.023827
0.053588000000000004
0.079886
0.09776699999999999
0.103369
0.096402
0.07700499999999999
0.049613
0.019655000000000002
0.0
0.0
0.0
0.0
0.0
0.0
0.0
0.0
0.0
0.0
0.0
0.0
0.0
0.0
0.0
0.023878
0.053094999999999996
0.07967700000000001
0.098464
0.103997
0.096778
0.077128
0.049546999999999994
0.019582000000000002
0.0
0.0
0.0
0.0
0.0
0.0
0.0
0.0
0.0
0.0
0.0
0.0
0.0
0.0
0.0
0.023985
0.053299
0.079819
0.097677
0.103947
0.097161
0.077667
0.049304
0.01916
0.0
0.0
0.0
0.0
0.0
0.0
0.0
0.0
0.0
0.0
0.0
0.0
0.0
0.0
0.0
0.024634
0.054858
0.08236700000000001
0.10100400000000001
0.106759
0.099173
0.079092
0.050709000000000004
0.019719999999999998
0.0
0.0
0.0
0.0
0.0
0.0
0.0
0.0
0.0
0.0
0.0
0.0
0.0
0.0
0.0
0.041527
0.230663
0.3387
0.16129400000000002
0.45602
0.46273000000000003
0.127889
0.36900900000000003
0.034453000000000004
0.0
0.0
0.0
0.0
0.0
0.0
0.0
0.0
0.0
0.0
0.0
0.0
0.0
0.0
0.0
0.157664
0.331536
0.481133
0.19390000000000002
0.203525
0.19072999999999998
0.153488
0.39828199999999997
0.058831
0.0
0.0
0.0
0.0
0.0
0.0
0.0
0.0
0.0
0.0
0.0
0.0
0.0
0.0
0.0
0.023833
0.053714
0.080664
0.098678
0.104906
0.09788200000000001
0.077981
0.04990699999999999
0.019382
0.0
0.0
0.0
0.0
0.0
0.0
0.0
0.0
0.0
0.0
0.0
0.0
0.0
0.0
0.0
0.035844
0.336571
0.116715
0.142296
0.15022300000000002
0.141367
0.112646
0.456112
0.086831
0.0
0.0
0.0
0.0
0.0
0.0
0.0
0.0
0.0
0.0
0.0
0.0
0.0
0.0
0.0
0.10172400000000001
0.068246
0.317887
0.123487
0.129851
0.414702
0.095543
0.061176
0.051511
0.0
0.0
0.0
0.0
0.0
0.0
0.0
0.0
0.0
0.0
0.0
0.0
0.0
0.0
0.0
0.023467
0.053158000000000004
0.079925
0.097974
0.103492
0.09575700000000001
0.076236
0.048585
0.01848
0.0
0.0
0.0
0.0
0.0
0.0
0.0
0.0
0.0
0.0
0.0
0.0
0.0
0.0
0.0
0.023506
0.053269
0.080015
0.09791200000000001
0.103164
0.09512699999999999
0.075491
0.048102
0.018289000000000003
0.0
0.0
0.0
0.0
0.0
0.0
0.0
0.0
0.0
0.0
0.0
0.0
0.0
0.0
0.0
0.023321
0.052956
0.079663
0.097645
0.10309099999999999
0.09525199999999999
0.075685
0.048228
0.018365
0.0
0.0
0.0
0.0
0.0
0.0
0.0
0.0
0.0
0.0
0.0
0.0
0.0
0.0
0.0
0.023384000000000002
0.053089
0.079851
0.097865
0.103358
0.096416
0.076628
0.048715
0.018509
0.0
0.0
0.0
0.0
0.0
0.0
0.0
0.0
0.0
0.0
0.0
0.0
0.0
0.0
0.0
0.023549
0.053675
0.080903
0.099176
0.104631
0.096596
0.076719
0.048796
0.018569
0.0
0.0
0.0
0.0
0.0
0.0
0.0
0.0
0.0
0.0
0.0
0.0
0.0
0.0
0.0
0.023399
0.053266
0.080244
0.098458
0.104041
0.095697
0.076127
0.048447000000000004
0.018449
0.0
0.0
0.0
0.0
0.0
0.0
0.0
0.0
0.0
0.0
0.0
0.0
0.0
0.0
0.0
0.023314
0.053015
0.079731
0.09770000000000001
0.103208
0.095959
0.076286
0.048540999999999994
0.018508
0.0
0.0
0.0
0.0
0.0
0.0
0.0
0.0
0.0
0.0
0.0
0.0
0.0
0.0
0.0
0.023384000000000002
0.053293
0.080206
0.098276
0.103708
0.095796
0.07604999999999999
0.048335
0.018418
0.0
0.0
0.0
0.0
0.0
0.0
0.0
0.0
0.0
0.0
0.0
0.0
0.0
0.0
0.0
0.023335
0.053134
0.07989199999999999
0.09788
0.103298
0.09598999999999999
0.07620199999999999
0.048434
0.018478
0.0
0.0
0.0
0.0
0.0
0.0
0.0
0.0
0.0
0.0
0.0
0.0
0.0
0.0
0.0
0.031573000000000004
0.071337
0.106429
0.129812
0.136827
0.126355
0.100412
0.06475
0.025394
0.0
0.0
0.0
0.0
0.0
0.0
0.0
0.0
0.0
0.0
0.0
0.0
0.0
0.0
0.0
0.023546
0.053721
0.080792
0.098866
0.10506499999999999
0.097099
0.077363
0.049557000000000004
0.019419
0.0
0.0
0.0
0.0
0.0
0.0
0.0
0.0
0.0
0.0
0.0
0.0
0.0
0.0
0.0
0.023605
0.053831000000000004
0.080956
0.099149
0.105521
0.097638
0.07781300000000001
0.04987
0.019574
0.0
0.0
0.0
0.0
0.0
0.0
0.0
0.0
0.0
0.0
0.0
0.0
0.0
0.0
0.0
0.024142
0.055139
0.08303
0.102711
0.10847799999999999
0.100321
0.080042
0.051327
0.020236
0.0
0.0
0.0
0.0
0.0
0.0
0.0
0.0
0.0
0.0
0.0
0.0
0.0
0.0
0.0
0.024347
0.056459
0.084575
0.10340099999999999
0.108939
0.100244
0.079794
0.051092
0.020159
0.0
0.0
0.0
0.0
0.0
0.0
0.0
0.0
0.0
0.0
0.0
0.0
0.0
0.0
0.0
0.025017
0.056087000000000005
0.08390099999999999
0.102544
0.10901999999999999
0.09997
0.079021
0.050643
0.020007999999999998
0.0
0.0
0.0
0.0
0.0
0.0
0.0
0.0
0.0
0.0
0.0
0.0
0.0
0.0
0.0
0.024925
0.055822000000000004
0.08338
0.101815
0.10813500000000001
0.099429
0.07939
0.05121
0.019919
0.0
0.0
0.0
0.0
0.0
0.0
0.0
0.0
0.0
0.0
0.0
0.0
0.0
0.0
0.0
0.033049999999999996
0.22863999999999998
0.108432
0.13267099999999998
0.450985
0.12718000000000002
0.38362599999999997
0.065705
0.026521999999999997
0.0
0.0
0.0
0.0
0.0
0.0
0.0
0.0
0.0
0.0
0.0
0.0
0.0
0.0
0.0
0.27893900000000005
0.126581
0.18281299999999998
0.218477
0.229887
0.213087
0.17192500000000002
0.113833
0.048803
0.0
0.0
0.0
0.0
0.0
0.0
0.0
0.0
0.0
0.0
0.0
0.0
0.0
0.0
0.0
0.025169
0.056970999999999994
0.08423699999999999
0.102987
0.107854
0.099717
0.079316
0.050529000000000004
0.020399999999999998
0.0
0.0
0.0
0.0
0.0
0.0
