0.0
0.0
0.0
0.0
0.0
0.0
0.0
0.0
0.033018
0.36065499999999995
0.363151
0.234625
0.266797
0.26740499999999995
0.618872
0.180068
0.106893
0.031817
0.0
0.0
0.0
0.0
0.0
0.0
0.0
0.0
0.0
0.0
0.0
0.0
0.0
0.0
0.031937
0.260075
0.475412
0.493742
0.26081099999999996
0.6243390000000001
0.22887000000000002
0.485589
0.27105399999999996
0.012932
0.0
0.0
0.0
0.0
0.0
0.0
0.0
0.0
0.0
0.0
0.0
0.0
0.0
0.0
0.029234000000000003
0.175537
0.151126
0.20243899999999998
0.5158200000000001
0.231709
0.532756
0.556226
0.29999400000000004
0.026896
0.0
0.0
0.0
0.0
0.0
0.0
0.0
0.0
0.0
0.0
0.0
0.0
0.0
0.0
0.050809
0.068786
0.472551
0.165631
0.189022
0.189812
0.16928200000000002
0.639514
0.074827
0.021027
0.0
0.0
0.0
0.0
0.0
0.0
0.0
0.0
0.0
0.0
0.0
0.0
0.0
0.0
0.018574999999999998
0.113456
0.20595
0.28251600000000004
0.129521
0.129379
0.33394799999999997
0.283591
0.24279599999999998
0.013387
0.0
0.0
0.0
0.0
0.0
0.0
0.0
0.0
0.0
0.0
0.0
0.0
0.0
0.0
0.028391
0.06661
0.303514
0.415748
0.184797
0.5136539999999999
0.503588
0.124551
0.072734
0.024686
0.0
0.0
0.0
0.0
0.0
0.0
0.0
0.0
0.0
0.0
0.0
0.0
0.0
0.0
0.0
0.008419000000000001
0.017559
0.025067
0.029547
0.030295000000000002
0.025843
0.019062000000000003
0.009952
0.000799
0.0
0.0
0.0
0.0
0.0
0.0
0.0
0.0
0.0
0.0
0.0
0.0
0.0
0.0
0.00634
0.044932
0.08253100000000001
0.11297700000000001
0.13005799999999998
0.131543
0.11548399999999999
0.087909
0.051861
0.014784
0.0
0.0
0.0
0.0
0.0
0.0
0.0
0.0
0.0
0.0
0.0
0.0
0.0
0.0
0.021995999999999998
0.055458
0.22055000000000002
0.31238099999999996
0.366894
0.385335
0.367475
0.31506599999999996
0.060306
0.020424
0.0
0.0
0.0
0.0
0.0
0.0
0.0
0.0
0.0
0.0
0.0
0.0
0.0
0.0
0.015861
0.092746
0.07062399999999999
0.230377
0.111569
0.281931
0.264624
0.221114
0.18007900000000002
0.019735
0.0
0.0
0.0
0.0
0.0
0.0
0.0
0.0
0.0
0.0
0.0
0.0
0.0
0.0
0.0
0.012562
0.024364
0.034476999999999994
0.039889
0.040669
0.035136
0.025867
0.014206
0.002433
0.0
0.0
0.0
0.0
0.0
0.0
0.0
0.0
0.0
0.0
0.0
0.0
0.0
0.0
0.001696
0.02126
0.040337000000000005
0.055129
0.064333
0.064941
0.056727
0.042766
0.024076
0.006012
0.0
0.0
0.0
0.0
0.0
0.0
0.0
0.0
0.0
0.0
0.0
0.0
0.0
0.0
0.008478999999999999
0.051333
0.09130100000000001
0.12392700000000001
0.14318199999999998
0.14430099999999998
0.127998
0.096341
0.056634000000000004
0.017437
0.0
0.0
0.0
0.0
0.0
0.0
0.0
0.0
0.0
0.0
0.0
0.0
0.0
0.0
0.0
0.00638
0.014147999999999999
0.020294
0.024148
0.024135999999999998
0.02105
0.015708
0.008007
0.000256
0.0
0.0
0.0
0.0
0.0
0.0
0.0
0.0
0.0
0.0
0.0
0.0
0.0
0.0
0.005525
0.036563000000000005
0.065923
0.090158
0.10370099999999999
0.10422
0.092065
0.06915
0.04109
0.012201
0.0
0.0
0.0
0.0
0.0
0.0
0.0
0.0
0.0
0.0
0.0
0.0
0.0
0.0
0.002462
0.023551
0.042588
0.058165
0.06741
0.068089
0.060118000000000005
0.045321
0.026578
0.00687
0.0
0.0
0.0
0.0
0.0
0.0
0.0
0.0
0.0
0.0
0.0
0.0
0.0
0.0
0.00010499999999999999
0.012612
0.023574
0.033624
0.038983
0.038926
0.034220999999999994
0.025731999999999998
0.014112
0.002435
0.0
0.0
0.0
0.0
0.0
0.0
0.0
0.0
0.0
0.0
0.0
0.0
0.0
0.0
0.007128
0.039078
0.06923900000000001
0.094028
0.108174
0.108658
0.097266
0.073609
0.043701000000000004
0.013875
0.0
0.0
0.0
0.0
0.0
0.0
0.0
0.0
0.0
0.0
0.0
0.0
0.0
0.0
0.039203
0.163304
0.109489
0.388827
0.464812
0.169672
0.450298
0.11354
0.068315
0.022975000000000002
0.0
0.0
0.0
0.0
0.0
0.0
0.0
0.0
0.0
0.0
0.0
0.0
0.0
0.0
0.0
0.010341
0.020561
0.029073
0.033628
0.033531
0.029596
0.02186
0.011797
0.0017230000000000001
0.0
0.0
0.0
0.0
0.0
0.0
0.0
0.0
0.0
0.0
0.0
0.0
0.0
0.0
0.011569000000000001
0.051557000000000006
0.09076999999999999
0.12166500000000001
0.13852899999999999
0.13953100000000002
0.125283
0.095096
0.05688
0.019041
0.0
0.0
0.0
0.0
0.0
0.0
0.0
0.0
0.0
0.0
0.0
0.0
0.0
0.0
0.019507999999999998
0.075503
0.130247
0.173753
0.197601
0.198952
0.17549
0.134489
0.081646
0.028301
0.0
0.0
0.0
0.0
0.0
0.0
0.0
0.0
0.0
0.0
0.0
0.0
0.0
0.0
0.050594
0.111812
0.185901
0.500835
0.27505900000000005
0.617798
0.245803
0.544323
0.397202
0.024808
0.0
0.0
0.0
0.0
0.0
0.0
0.0
0.0
0.0
0.0
0.0
0.0
0.0
0.0
0.0
0.007017000000000001
0.013876
0.019902
0.023657
0.023629
0.020600999999999998
0.015338
0.007799
0.0009609999999999999
0.0
0.0
0.0
0.0
0.0
0.0
0.0
0.0
0.0
0.0
0.0
0.0
0.0
0.0
0.06605899999999999
0.08532
0.14310900000000001
0.542797
0.214346
0.6522720000000001
0.193659
0.14854900000000001
0.43685
0.033247
0.0
0.0
0.0
0.0
0.0
0.0
0.0
0.0
0.0
0.0
0.0
0.0
0.0
0.0
0.017318999999999998
0.063031
0.107184
0.142196
0.161592
0.162518
0.146053
0.112108
0.06856399999999999
0.024547
0.0
0.0
0.0
0.0
0.0
0.0
0.0
0.0
0.0
0.0
0.0
0.0
0.0
0.0
0.071774
0.24643199999999998
0.13787200000000002
0.181228
0.623249
0.205561
0.18446
0.562427
0.088271
0.032091
0.0
0.0
0.0
0.0
0.0
0.0
0.0
0.0
0.0
0.0
0.0
0.0
0.0
0.0
0.043643
0.15068299999999998
0.104801
0.33995299999999995
0.39184399999999997
0.157335
0.141023
0.34148399999999995
0.27487599999999995
0.035277
0.0
0.0
0.0
0.0
0.0
0.0
0.0
0.0
0.0
0.0
0.0
0.0
0.0
0.0
0.063662
0.076367
0.35216699999999995
0.474522
0.54652
0.189399
0.168838
0.13034800000000002
0.080744
0.029978
0.0
0.0
0.0
0.0
0.0
0.0
0.0
0.0
0.0
0.0
0.0
0.0
0.0
0.0
0.016395
0.057485999999999995
0.09765
0.128904
0.14637899999999998
0.147309
0.13110400000000003
0.100887
0.06277
0.023274999999999997
0.0
0.0
0.0
0.0
0.0
0.0
0.0
0.0
0.0
0.0
0.0
0.0
0.0
0.0
0.07947499999999999
0.108604
0.17556
0.22865100000000002
0.681904
0.7111660000000001
0.236231
0.182505
0.449447
0.04535
0.0
0.0
0.0
0.0
0.0
0.0
0.0
0.0
0.0
0.0
0.0
0.0
0.0
0.0
0.028327
0.08503
0.139875
0.183344
0.207228
0.208574
0.188846
0.146584
0.092012
0.035262999999999996
0.0
0.0
0.0
0.0
0.0
0.0
0.0
0.0
0.0
0.0
0.0
0.0
0.0
0.0
0.136047
0.085919
0.141156
0.729894
0.20757599999999998
0.208453
0.188868
0.146114
0.09224500000000001
0.036251
0.0
0.0
0.0
0.0
0.0
0.0
0.0
0.0
0.0
0.0
0.0
0.0
0.0
0.0
0.0
0.003205
0.007678
0.011380000000000001
0.013594
0.013590999999999999
0.0121
0.008403
0.0039689999999999994
0.0
0.0
0.0
0.0
0.0
0.0
0.0
0.0
0.0
0.0
0.0
0.0
0.0
0.0
0.0
0.015947
0.052718
0.088359
0.11701900000000001
0.13267500000000002
0.133834
0.119565
0.092799
0.058154000000000004
0.022323
0.0
0.0
0.0
0.0
0.0
0.0
0.0
0.0
0.0
0.0
0.0
0.0
0.0
0.0
0.012952
0.042375
0.07187
0.094653
0.108648
0.109117
0.09712900000000001
0.074714
0.047228
0.018258
0.0
0.0
0.0
0.0
0.0
0.0
0.0
0.0
0.0
0.0
0.0
0.0
0.0
0.0
0.028853
0.081478
0.132876
0.172543
0.195086
0.196555
0.177041
0.137556
0.08765600000000001
0.035808
0.0
0.0
0.0
0.0
0.0
0.0
0.0
0.0
0.0
0.0
0.0
0.0
0.0
0.0
0.019073
0.056856000000000004
0.094316
0.124106
0.140989
0.141963
0.125424
0.096993
0.061255000000000004
0.024835999999999997
0.0
0.0
0.0
0.0
0.0
0.0
0.0
0.0
0.0
0.0
0.0
0.0
0.0
0.0
0.075561
0.406215
0.420265
0.27953100000000003
0.312259
0.684034
0.66187
0.216857
0.40663299999999997
0.125237
0.0
0.0
0.0
0.0
0.0
0.0
0.0
0.0
0.0
0.0
0.0
0.0
0.0
0.0
0.030491
0.08441599999999999
0.13522900000000002
0.175911
0.19805699999999998
0.198653
0.18059299999999998
0.1413
0.09085299999999999
0.038328
0.0
0.0
0.0
0.0
0.0
0.0
0.0
0.0
0.0
0.0
0.0
0.0
0.0
0.0
0.0035859999999999998
0.015359
0.02604
0.035131
0.040409
0.041158
0.036586
0.028259
0.016898
0.005455
0.0
0.0
0.0
0.0
0.0
0.0
0.0
0.0
0.0
0.0
0.0
0.0
0.0
0.0
0.023872
0.067616
0.109364
0.142483
0.162487
0.163686
0.145205
0.113463
0.072994
0.031098
0.0
0.0
0.0
0.0
0.0
0.0
0.0
0.0
0.0
0.0
0.0
0.0
0.0
0.0
0.008974
0.02919
0.048851
0.06428400000000001
0.073504
0.074104
0.066178
0.051472000000000004
0.032878
0.012505
0.0
0.0
0.0
0.0
0.0
0.0
0.0
0.0
0.0
0.0
0.0
0.0
0.0
0.0
0.014351000000000001
0.04047099999999999
0.066594
0.087132
0.098888
0.099533
0.089269
0.069976
0.044729
0.018664999999999998
0.0
0.0
0.0
0.0
0.0
0.0
0.0
0.0
0.0
0.0
0.0
0.0
0.0
0.0
0.019780000000000002
0.054643000000000004
0.088711
0.115976
0.130975
0.132237
0.11784
0.091828
0.058901
0.025671
0.0
0.0
0.0
0.0
0.0
0.0
0.0
0.0
0.0
0.0
0.0
0.0
0.0
0.0
0.030571
0.078154
0.124238
0.161425
0.181438
0.183168
0.163525
0.128409
0.08368099999999999
0.037088
0.0
0.0
0.0
0.0
0.0
0.0
0.0
0.0
0.0
0.0
0.0
0.0
0.0
0.0
0.024643
0.063565
0.102035
0.13173400000000002
0.14840299999999998
0.149271
0.13365000000000002
0.104855
0.06846
0.029896000000000002
0.0
0.0
0.0
0.0
0.0
0.0
0.0
0.0
0.0
0.0
0.0
0.0
0.0
0.0
0.089411
0.148611
0.424016
0.28774900000000003
0.6382190000000001
0.320623
0.692802
0.637706
0.450426
0.16261099999999998
0.0
0.0
0.0
0.0
0.0
0.0
0.0
0.0
0.0
0.0
0.0
0.0
0.0
0.0
0.03921
0.09502500000000001
0.148063
0.190629
0.214348
0.21572999999999998
0.19425299999999998
0.15348900000000001
0.100705
0.045808
0.0
0.0
0.0
0.0
0.0
0.0
0.0
0.0
0.0
0.0
0.0
0.0
0.0
0.0
0.187829
0.44919099999999995
0.232803
0.29324
0.32578500000000005
0.325795
0.302418
0.23963900000000002
0.160366
0.075715
0.001706
0.0
0.0
0.0
0.0
0.0
0.0
0.0
0.0
0.0
0.0
0.0
0.0
0.0
0.094182
0.438238
0.418302
0.283822
0.314337
0.313141
0.28676100000000004
0.57892
0.452142
0.19416
0.0
0.0
0.0
0.0
0.0
0.0
0.0
0.0
0.0
0.0
0.0
0.0
0.0
0.0
0.14732900000000002
0.382012
0.193977
0.245755
0.274269
0.833333
0.246469
0.19506700000000002
0.13068100000000002
0.227916
0.001909
0.0
0.0
0.0
0.0
0.0
0.0
0.0
0.0
0.0
0.0
0.0
0.0
0.0
0.018709
0.04703
0.074514
0.096255
0.10879699999999999
0.109175
0.09921899999999999
0.078376
0.051652
0.023366
0.0
0.0
0.0
0.0
0.0
0.0
0.0
0.0
0.0
0.0
0.0
0.0
0.0
0.0
0.0
0.0
0.0
0.0
0.0
0.0
0.0
0.0
0.0
0.0
0.0
0.0
0.0
0.0
0.0
0.0
0.0
0.0
0.0
0.0
0.0
0.0
0.0
0.0
0.05493
0.06831999999999999
0.217392
0.28242700000000004
0.322527
0.332796
0.319415
0.27661399999999997
0.209507
0.166156
0.0005420000000000001
0.0
0.0
0.0
0.0
0.0
0.0
0.0
0.0
0.0
0.0
0.0
0.0
0.0
0.123049
0.30113999999999996
0.157368
0.199904
0.223884
0.7249479999999999
0.20116900000000001
0.160355
0.461214
0.052397
0.003271
0.0
0.0
0.0
0.0
0.0
0.0
0.0
0.0
0.0
0.0
0.0
0.0
0.0
0.04846
0.107651
0.164773
0.208706
0.23381800000000003
0.235257
0.213675
0.17006
0.11545
0.056106
0.004639
0.0
0.0
0.0
0.0
0.0
0.0
0.0
0.0
0.0
0.0
0.0
0.0
0.0
0.031774000000000004
0.146696
0.11051699999999999
0.296389
0.33761
0.348284
0.331707
0.287993
0.220199
0.17191499999999998
0.002552
0.0
0.0
0.0
0.0
0.0
0.0
0.0
0.0
0.0
0.0
0.0
0.0
0.0
0.029984
0.06876099999999999
0.105622
0.134893
0.151489
0.152607
0.13874199999999998
0.110194
0.07389100000000001
0.036196
0.002617
0.0
0.0
0.0
0.0
0.0
0.0
0.0
0.0
0.0
0.0
0.0
0.0
0.0
0.013349999999999999
0.033476
0.052311
0.067191
0.076113
0.07666200000000001
0.069103
0.054618
0.035801
0.016268
0.0
0.0
0.0
0.0
0.0
0.0
0.0
0.0
0.0
0.0
0.0
0.0
0.0
0.0
0.006734
0.018205
0.030202000000000003
0.039132
0.044326
0.044245
0.03975
0.031453
0.020207
0.008242000000000001
0.0
0.0
0.0
0.0
0.0
0.0
0.0
0.0
0.0
0.0
0.0
0.0
0.0
0.001218
0.051493000000000004
0.110857
0.45112599999999997
0.575387
0.233151
0.233009
0.211553
0.5657150000000001
0.11580700000000001
0.255817
0.007344000000000001
0.0
0.0
0.0
0.0
0.0
0.0
0.0
0.0
0.0
0.0
0.0
0.0
0.001663
0.054209
0.11475
0.172315
0.216958
0.663734
0.242362
0.66526
0.5778139999999999
0.119968
0.061208
0.013547
0.0
0.0
0.0
0.0
0.0
0.0
0.0
0.0
0.0
0.0
0.0
0.0
0.0
0.021821999999999998
0.048194
0.07396299999999999
0.094283
0.10616500000000001
0.106632
0.096571
0.07675799999999999
0.051878
0.025451
0.001928
0.0
0.0
0.0
0.0
0.0
0.0
0.0
0.0
0.0
0.0
0.0
0.0
0.0
0.0
0.0
8.3e-05
0.000756
0.001435
0.001421
0.000721
4e-05
0.0
0.0
0.0
0.0
0.0
0.0
0.0
0.0
0.0
0.0
0.0
0.0
0.0
0.0
0.0
0.0
0.0
0.0
0.0
0.0
0.0
0.0
0.0
0.0
0.0
0.0
0.0
0.0
0.0
0.0
0.0
0.0
0.0
0.0
0.0
0.0
0.0
0.0
0.0
0.0
0.001661
0.006889
0.012035
0.016447
0.018646
0.019386
0.017188
0.01277
0.007649
0.002491
0.0
0.0
0.0
0.0
0.0
0.0
0.0
0.0
0.0
0.0
0.0
0.0
0.0
0.001294
0.048284
0.09994199999999999
0.148387
0.18587299999999998
0.207512
0.208217
0.19160400000000002
0.15382099999999999
0.10674800000000001
0.056158
0.010074999999999999
0.0
0.0
0.0
0.0
0.0
0.0
0.0
0.0
0.0
0.0
0.0
0.0
0.001954
0.06994299999999999
0.153565
0.109514
0.13826
0.340627
0.350233
0.32664800000000005
0.276304
0.215674
0.156317
0.010745
0.0
0.0
0.0
0.0
0.0
0.0
0.0
0.0
0.0
0.0
0.0
0.0
0.0057469999999999995
0.11266
0.105601
0.368233
0.473098
0.21472300000000002
0.215899
0.199402
0.475146
0.37401
0.269972
0.011385999999999999
0.0
0.0
0.0
0.0
0.0
0.0
0.0
0.0
0.0
0.0
0.0
0.0
0.009550000000000001
0.18499100000000002
0.158056
0.230539
0.775965
0.833333
0.31632
0.288221
0.23374
0.163835
0.088965
0.019096
0.0
0.0
0.0
0.0
0.0
0.0
0.0
0.0
0.0
0.0
0.0
0.0
0.004543
0.081498
0.17380400000000001
0.11554
0.332137
0.16153
0.384547
0.146143
0.306762
0.239843
0.174117
0.014721999999999999
0.0
0.0
0.0
0.0
0.0
0.0
0.0
0.0
0.0
0.0
0.0
0.0
0.009966
0.057275
0.30829500000000004
0.164312
0.204338
0.659006
0.226553
0.649402
0.166376
0.116449
0.063112
0.013858
0.0
0.0
0.0
0.0
0.0
0.0
0.0
0.0
0.0
0.0
0.0
0.0
0.0024140000000000003
0.045466
0.090952
0.133346
0.16736
0.18686000000000003
0.187498
0.168804
0.1371
0.095625
0.05166
0.011346
0.0
0.0
0.0
0.0
0.0
0.0
0.0
0.0
0.0
0.0
0.0
0.0
0.006013
0.201715
0.273914
0.23174899999999998
0.28643599999999997
0.315751
0.6343759999999999
0.6286710000000001
0.555002
0.528531
0.2537
0.019114
0.0
0.0
0.0
0.0
0.0
0.0
0.0
0.0
0.0
0.0
0.0
0.0
0.009253
0.12183100000000001
0.253559
0.15818700000000002
0.19612100000000002
0.535449
0.550568
0.202106
0.163501
0.37927
0.06336800000000001
0.022828
0.0
0.0
0.0
0.0
0.0
0.0
0.0
0.0
0.0
0.0
0.0
0.0
0.005359
0.07670300000000001
0.078083
0.23936600000000002
0.303243
0.34289600000000003
0.15881
0.329591
0.28097000000000005
0.22045599999999999
0.15869999999999998
0.015403
0.0
0.0
0.0
0.0
0.0
0.0
0.0
0.0
0.0
0.0
0.0
0.0
0.0
0.0030510000000000003
0.008968
0.014879
0.019324
0.02234
0.022359
0.020129
0.01572
0.009859999999999999
0.003972
0.0
0.0
0.0
0.0
0.0
0.0
0.0
0.0
0.0
0.0
0.0
0.0
0.0
0.000736
0.026921
0.052999000000000004
0.077939
0.09749899999999999
0.108419
0.109934
0.100007
0.080814
0.056402
0.030549
0.0068070000000000006
0.0
0.0
0.0
0.0
0.0
0.0
0.0
0.0
0.0
0.0
0.0
0.0
0.023291
0.08506
0.159123
0.22875399999999999
0.833333
0.312336
0.31265
0.833333
0.23187799999999997
0.165489
0.093455
0.026247
0.0
0.0
0.0
0.0
0.0
0.0
0.0
0.0
0.0
0.0
0.0
0.0
0.000384
0.018748
0.037316
0.055587000000000004
0.069982
0.077642
0.078398
0.071477
0.057738
0.040203
0.02177
0.0038309999999999998
0.0
0.0
0.0
0.0
0.0
0.0
0.0
0.0
0.0
0.0
0.0
0.0
0.005597
0.041005
0.078156
0.113123
0.140059
0.156131
0.15654200000000001
0.14363599999999999
0.116863
0.08340399999999999
0.046722
0.012698000000000001
0.0
0.0
0.0
0.0
0.0
0.0
0.0
0.0
0.0
0.0
0.0
0.0
0.002093
0.022562000000000002
0.044421
0.064484
0.081603
0.090991
0.091682
0.082588
0.066861
0.046863999999999996
0.025358000000000002
0.005948999999999999
0.0
0.0
0.0
0.0
0.0
0.0
0.0
0.0
0.0
0.0
0.0
0.0
0.0062900000000000005
0.039098999999999995
0.073546
0.105995
0.131291
0.145793
0.147024
0.134061
0.109777
0.078094
0.044066
0.011878
0.0
0.0
0.0
0.0
0.0
0.0
0.0
0.0
0.0
0.0
0.0
0.0
0.022036
0.064499
0.25738900000000003
0.380073
0.474209
0.5314869999999999
0.22763999999999998
0.21124600000000002
0.47191500000000003
0.124332
0.07123
0.021905
0.0
0.0
0.0
0.0
0.0
0.0
0.0
0.0
0.0
0.0
0.0
0.0
0.019768
0.16681100000000001
0.284472
0.428909
0.678793
0.615043
0.320426
0.291995
0.545096
0.489495
0.269907
0.022094000000000003
0.0
0.0
0.0
0.0
0.0
0.0
0.0
0.0
0.0
0.0
0.0
0.0
0.020108
0.10369
0.201305
0.128697
0.158386
0.411283
0.175313
0.39777999999999997
0.345939
0.26897699999999997
0.053505000000000004
0.016318000000000003
0.0
0.0
0.0
0.0
0.0
0.0
0.0
0.0
0.0
0.0
0.0
0.0
0.02461
0.060244
0.242225
0.155025
0.190389
0.510328
0.524357
0.488607
0.15646700000000002
0.112557
0.241798
0.030709
0.0
0.0
0.0
0.0
0.0
0.0
0.0
0.0
0.0
0.0
0.0
0.0
0.023403
0.120271
0.23497900000000002
0.160683
0.435728
0.490457
0.5042409999999999
0.19852799999999998
0.163436
0.32916500000000004
0.243809
0.029088
0.0
0.0
0.0
0.0
0.0
0.0
0.0
0.0
0.0
0.0
0.0
0.0
0.0
0.0
0.0
0.0
0.0
0.0
0.0
0.0
0.0
0.0
0.0
0.0
0.0
0.0
0.0
0.0
0.0
0.0
0.0
0.0
0.0
0.0
0.0
0.0
0.030998
0.13268100000000002
0.24918600000000002
0.13581200000000002
0.16581100000000001
0.182964
0.49624
0.170787
0.14067500000000002
0.33751299999999995
0.23843899999999998
0.019488
0.0
0.0
0.0
0.0
0.0
0.0
0.0
0.0
0.0
0.0
0.0
0.0
0.036308999999999994
0.149791
0.090518
0.39293900000000004
0.157422
0.17413
0.174951
0.16144999999999998
0.464774
0.095151
0.055353
0.045162
0.0
0.0
0.0
0.0
0.0
0.0
0.0
0.0
0.0
0.0
0.0
0.0
0.028326
0.068353
0.24332499999999999
0.35608
0.4427
0.22486799999999998
0.5119049999999999
0.503342
0.17297200000000001
0.34952999999999995
0.074909
0.032257
0.0
0.0
0.0
0.0
0.0
0.0
0.0
0.0
0.0
0.0
0.0
0.0
0.035008000000000004
0.073879
0.129384
0.180667
0.5265359999999999
0.242978
0.24362
0.5976509999999999
0.522685
0.419076
0.311495
0.028820000000000002
0.0
0.0
0.0
0.0
0.0
0.0
0.0
0.0
0.0
0.0
0.0
0.0
0.056496000000000005
0.090658
0.156994
0.6369819999999999
0.26211
0.287191
0.28747500000000004
0.833333
0.223321
0.163902
0.09846200000000001
0.059683
0.0
0.0
0.0
0.0
0.0
0.0
0.0
0.0
0.0
0.0
0.0
0.0
0.00542
0.024184
0.044741
0.063635
0.07829699999999999
0.087161
0.087936
0.080528
0.066552
0.047557
0.027771
0.008423
0.0
0.0
0.0
0.0
0.0
0.0
0.0
0.0
0.0
0.0
0.0
0.0
0.011989000000000001
0.042868
0.075162
0.105506
0.129736
0.142677
0.14375
0.13205099999999997
0.108791
0.079263
0.047473999999999995
0.016523
0.0
0.0
0.0
0.0
0.0
0.0
0.0
0.0
0.0
0.0
0.0
0.0
0.072858
0.11319199999999999
0.19178299999999998
0.26328199999999996
0.316501
0.345395
0.345654
0.328395
0.780513
0.611942
0.122318
0.046611
0.0
0.0
0.0
0.0
0.0
0.0
0.0
0.0
0.0
0.0
0.0
0.0
0.041839
0.074687
0.12805699999999998
0.42355200000000004
0.5185960000000001
0.575275
0.233161
0.220182
0.18300999999999998
0.13483
0.315147
0.045658000000000004
0.0
0.0
0.0
0.0
0.0
0.0
0.0
0.0
0.0
0.0
0.0
0.0
0.003673
0.018255
0.033323
0.047532
0.057957
0.064744
0.065481
0.059046999999999995
0.048714
0.035479
0.020536000000000002
0.006017000000000001
0.0
0.0
0.0
0.0
0.0
0.0
0.0
0.0
0.0
0.0
0.0
0.0
0.033947000000000005
0.127461
0.215568
0.296264
0.35745699999999997
0.729604
0.799626
0.7441939999999999
0.644712
0.222052
0.276069
0.054797
0.0
0.0
0.0
0.0
0.0
0.0
0.0
0.0
0.0
0.0
0.0
0.0
0.032428
0.162216
0.314257
0.453272
0.580373
0.6282519999999999
0.6798719999999999
0.692913
0.61425
0.202569
0.269518
0.01542
0.0
0.0
0.0
0.0
0.0
0.0
0.0
0.0
0.0
0.0
0.0
0.0
0.034533
0.113556
0.306768
0.255176
0.539785
0.670021
0.694856
0.647845
0.605931
0.483343
0.120627
0.027548
0.0
0.0
0.0
0.0
0.0
0.0
0.0
0.0
0.0
0.0
0.0
0.0
0.094443
0.09087999999999999
0.151758
0.206995
0.249362
0.272781
0.27341000000000004
0.833333
0.215762
0.15973400000000001
0.098833
0.09588500000000001
0.0
0.0
0.0
0.0
0.0
0.0
0.0
0.0
0.0
0.0
0.0
0.0
0.054791
0.09245199999999999
0.15381899999999998
0.505617
0.251321
0.681453
0.274991
0.262259
0.66144
0.162266
0.337658
0.041106000000000004
0.0
0.0
0.0
0.0
0.0
0.0
0.0
0.0
0.0
0.0
0.0
0.0
0.054016
0.193748
0.348447
0.198994
0.596059
0.260195
0.678274
0.24216300000000002
0.20155
0.150013
0.092994
0.052902
0.0
0.0
0.0
0.0
0.0
0.0
0.0
0.0
0.0
0.0
0.0
0.0
0.036026
0.115218
0.310165
0.470196
0.564766
0.66843
0.661627
0.637226
0.57117
0.43927999999999995
0.268671
0.051137
0.0
0.0
0.0
0.0
0.0
0.0
0.0
0.0
0.0
0.0
0.0
0.0
0.038439
0.311815
0.509189
0.490388
0.341185
0.688423
0.37144600000000005
0.703472
0.28747500000000004
0.474888
0.135697
0.026541000000000002
0.0
0.0
0.0
0.0
0.0
0.0
0.0
0.0
0.0
0.0
0.0
0.0
0.049878
0.07954699999999999
0.293859
0.177368
0.212468
0.549149
0.23169700000000001
0.21720699999999998
0.498014
0.402206
0.29483
0.0493
0.0
0.0
0.0
0.0
0.0
0.0
0.0
0.0
0.0
0.0
0.0
0.0
0.0
0.0
0.0
0.0013340000000000001
0.002721
0.003436
0.003453
0.002771
0.0014
5.3e-05
0.0
0.0
0.0
0.0
0.0
0.0
0.0
0.0
0.0
0.0
0.0
0.0
0.0
0.0
0.004477999999999999
0.016597999999999998
0.02925
0.041878
0.050737000000000004
0.056698
0.056595999999999994
0.052033
0.042985999999999996
0.031124
0.018595
0.005883
0.0
0.0
0.0
0.0
0.0
0.0
0.0
0.0
0.0
0.0
0.0
0.0
0.034766
0.08888800000000001
0.146013
0.19745400000000002
0.23787899999999998
0.26008800000000004
0.260543
0.241205
0.20238599999999998
0.15179499999999999
0.096288
0.042425
0.0
0.0
0.0
0.0
0.0
0.0
0.0
0.0
0.0
0.0
0.0
0.0
0.020055
0.053109
0.087547
0.11941299999999999
0.144316
0.158024
0.158932
0.14749299999999999
0.122989
0.091862
0.057656
0.024245000000000003
0.0
0.0
0.0
0.0
0.0
0.0
0.0
0.0
0.0
0.0
0.0
0.0
0.033960000000000004
0.055448
0.175508
0.125103
0.30325799999999997
0.338685
0.346323
0.325595
0.285982
0.22476300000000002
0.156327
0.025566
0.0
0.0
0.0
0.0
0.0
0.0
0.0
0.0
0.0
0.0
0.0
0.0
0.041461
0.16724799999999998
0.320549
0.462152
0.5769059999999999
0.641269
0.682356
0.6873279999999999
0.588935
0.48206299999999996
0.133017
0.028034
0.0
0.0
0.0
0.0
0.0
0.0
0.0
0.0
0.0
0.0
0.0
0.0
0.0772
0.098755
0.1584
0.21236600000000003
0.6778730000000001
0.27498500000000003
0.275725
0.808233
0.220774
0.16635
0.364411
0.047948
0.0
0.0
0.0
0.0
0.0
0.0
0.0
0.0
0.0
0.0
0.0
0.0
0.009297000000000001
0.027056999999999998
0.045191
0.062384999999999996
0.075227
0.083037
0.082851
0.076765
0.064334
0.047774000000000004
0.02974
0.0121
0.0
0.0
0.0
0.0
0.0
0.0
0.0
0.0
0.0
0.0
0.0
0.0
0.028599
0.069843
0.11373399999999999
0.153252
0.18428999999999998
0.201268
0.202012
0.186092
0.156756
0.1182
0.075869
0.034099
0.0
0.0
0.0
0.0
0.0
0.0
0.0
0.0
0.0
0.0
0.0
0.0
0.030753
0.073709
0.117691
0.158804
0.475571
0.525216
0.53687
0.19594999999999999
0.163997
0.123839
0.079178
0.078471
0.0008489999999999999
0.0
0.0
0.0
0.0
0.0
0.0
0.0
0.0
0.0
0.0
0.0
0.021862
0.053505000000000004
0.086544
0.117108
0.14096
0.15458000000000002
0.155682
0.142976
0.120301
0.09051999999999999
0.057804
0.025883
0.0
0.0
0.0
0.0
0.0
0.0
0.0
0.0
0.0
0.0
0.0
0.0
0.005655
0.017364
0.030404
0.041963
0.051391
0.056525
0.056498
0.051987
0.043281999999999994
0.031715
0.019456
0.007049000000000001
0.0
0.0
0.0
0.0
0.0
0.0
0.0
0.0
0.0
0.0
0.0
0.0
0.052916
0.167012
0.191182
0.433298
0.535241
0.599599
0.657944
0.653682
0.5491609999999999
0.434355
0.253521
0.050567999999999995
0.0
0.0
0.0
0.0
0.0
0.0
0.0
0.0
0.0
0.0
0.0
0.0
0.059012
0.180036
0.211112
0.469221
0.631362
0.65016
0.6703020000000001
0.6499510000000001
0.59216
0.218527
0.26583100000000004
0.038107999999999996
0.0
0.0
0.0
0.0
0.0
0.0
0.0
0.0
0.0
0.0
0.0
0.0
0.03947
0.089961
0.14160499999999998
0.189021
0.748984
0.243704
0.244055
0.231074
0.195173
0.148784
0.40730500000000003
0.119368
0.00122
0.0
0.0
0.0
0.0
0.0
0.0
0.0
0.0
0.0
0.0
0.0
0.041821
0.175953
0.313348
0.466479
0.5462140000000001
0.337314
0.6362519999999999
0.642595
0.554905
0.45370499999999997
0.248829
0.04958
0.0
0.0
0.0
0.0
0.0
0.0
0.0
0.0
0.0
0.0
0.0
0.0
0.032420000000000004
0.073906
0.117131
0.350029
0.18656299999999998
0.203506
0.484312
0.46036900000000003
0.405404
0.326969
0.079183
0.037973999999999994
0.000592
0.0
0.0
0.0
0.0
0.0
0.0
0.0
0.0
0.0
0.0
0.0
0.013859999999999999
0.033284999999999995
0.054407
0.073137
0.08839
0.096761
0.097698
0.089907
0.07657
0.05809
0.037633
0.017143000000000002
0.0
0.0
0.0
0.0
0.0
0.0
0.0
0.0
0.0
0.0
0.0
0.0
0.0
0.001295
0.003987
0.006702
0.008747999999999999
0.01013
0.010128999999999999
0.009448
0.007404
0.0047009999999999994
0.0013109999999999999
0.0
0.0
0.0
0.0
0.0
0.0
0.0
0.0
0.0
0.0
0.0
0.0
0.0
0.0
0.0
0.0
0.0
0.0
0.0
0.0
0.0
0.0
0.0
0.0
0.0
0.0
0.0
0.0
0.0
0.0
0.0
0.0
0.0
0.0
0.0
0.0
0.0
0.00517
0.016381
0.027515
0.037850999999999996
0.045198
0.050353
0.050218000000000006
0.046279
0.038795
0.028477
0.017515999999999997
0.007229
0.0
0.0
0.0
0.0
0.0
0.0
0.0
0.0
0.0
0.0
0.0
0.0
0.11936
0.17178800000000002
0.187655
0.248137
0.294359
0.319013
0.59537
0.583204
0.252857
0.19330699999999998
0.30489299999999997
0.063308
0.004736
0.0
0.0
0.0
0.0
0.0
0.0
0.0
0.0
0.0
0.0
0.0
0.019932
0.046212
0.072578
0.097278
0.116053
0.126892
0.127478
0.11779099999999999
0.100287
0.07631600000000001
0.049345
0.023291
0.0
0.0
0.0
0.0
0.0
0.0
0.0
0.0
0.0
0.0
0.0
0.0
0.035658999999999996
0.07811
0.121125
0.161468
0.192051
0.20927
0.21024199999999998
0.19409800000000002
0.16437700000000002
0.125614
0.083318
0.040926000000000004
0.002139
0.0
0.0
0.0
0.0
0.0
0.0
0.0
0.0
0.0
0.0
0.001192
0.074687
0.092095
0.332382
0.45140600000000003
0.221699
0.241344
0.241853
0.6367659999999999
0.195163
0.46094
0.099278
0.049317
0.003443
0.0
0.0
0.0
0.0
0.0
0.0
0.0
0.0
0.0
0.0
0.0
0.056927
0.169687
0.184833
0.410194
0.288115
0.312562
0.312577
0.571409
0.673605
0.42297199999999996
0.127409
0.064408
0.002457
0.0
0.0
0.0
0.0
0.0
0.0
0.0
0.0
0.0
0.0
0.0
0.023928
0.052093
0.081818
0.109097
0.130478
0.141789
0.143017
0.132615
0.112744
0.087358
0.057784999999999996
0.028609000000000002
0.000798
0.0
0.0
0.0
0.0
0.0
0.0
0.0
0.0
0.0
0.0
0.0
0.043793
0.186301
0.345329
0.490455
0.588687
0.618127
0.611795
0.5900380000000001
0.508799
0.391036
0.23044399999999998
0.040109
0.0
0.0
0.0
0.0
0.0
0.0
0.0
0.0
0.0
0.0
0.0
0.0
0.048479
0.19528399999999999
0.357949
0.504539
0.607313
0.639044
0.41996300000000003
0.419178
0.531363
0.40939800000000004
0.243865
0.046751
0.0
0.0
0.0
0.0
0.0
0.0
0.0
0.0
0.0
0.0
0.0
0.0
0.042702
0.17194
0.316957
0.448009
0.554806
0.623887
0.620764
0.5913970000000001
0.51064
0.394825
0.236066
0.04571
0.0
0.0
0.0
0.0
0.0
0.0
0.0
0.0
0.0
0.0
0.0
0.0022589999999999997
0.035889000000000004
0.075137
0.116258
0.152534
0.18129900000000002
0.478443
0.197217
0.473682
0.41671600000000003
0.337015
0.07993600000000001
0.095109
0.004639
0.0
0.0
0.0
0.0
0.0
0.0
0.0
0.0
0.0
0.0
0.002644
0.06747700000000001
0.16514199999999998
0.111295
0.14711600000000002
0.17338
0.47936900000000005
0.489701
0.17829599999999998
0.15175
0.11668600000000001
0.249693
0.040243
0.009605
0.0
0.0
0.0
0.0
0.0
0.0
0.0
0.0
0.0
0.0
0.000361
0.033145
0.070838
0.108658
0.144191
0.17176
0.186973
0.188141
0.172123
0.146834
0.112379
0.075161
0.038292
0.004665
0.0
0.0
0.0
0.0
0.0
0.0
0.0
0.0
0.0
0.0
0.0
0.021939
0.047095
0.072491
0.096263
0.11499899999999999
0.125169
0.125857
0.11759
0.100138
0.076955
0.05073
0.025524
0.0021920000000000004
0.0
0.0
0.0
0.0
0.0
0.0
0.0
0.0
0.0
0.0
0.00319
0.055837000000000005
0.13450499999999999
0.218858
0.130605
0.357224
0.1676
0.403471
0.155321
0.13210400000000003
0.26908499999999996
0.067715
0.094143
0.009248
0.0
0.0
0.0
0.0
0.0
0.0
0.0
0.0
0.0
0.0
0.0
0.044562
0.186768
0.344661
0.48733699999999996
0.5791369999999999
0.609756
0.604676
0.577093
0.499228
0.385582
0.231264
0.046740000000000004
0.0
0.0
0.0
0.0
0.0
0.0
0.0
0.0
0.0
0.0
0.0
0.0
0.044828
0.18082499999999999
0.33264699999999997
0.47111200000000003
0.584863
0.628918
0.622466
0.58845
0.508509
0.392229
0.236441
0.050165
0.0
0.0
0.0
0.0
0.0
0.0
0.0
0.0
0.0
0.0
0.0
0.003084
0.052057
0.104628
0.29134899999999997
0.401473
0.243053
0.541654
0.5575950000000001
0.24851499999999999
0.492957
0.404312
0.110766
0.058271
0.009677
0.0
0.0
0.0
0.0
0.0
0.0
0.0
0.0
0.0
0.0
0.0
0.045547
0.168792
0.306584
0.432522
0.5356259999999999
0.6032799999999999
0.367466
0.611702
0.532317
0.414228
0.253199
0.060966
0.00049
0.0
0.0
0.0
0.0
0.0
0.0
0.0
0.0
0.0
0.0
0.00419
0.043552999999999994
0.165457
0.13201
0.17273
0.440849
0.220069
0.49808300000000005
0.504426
0.177783
0.363948
0.262469
0.048737
0.009203
0.0
0.0
0.0
0.0
0.0
0.0
0.0
0.0
0.0
0.0
0.001098
0.11511700000000001
0.17380400000000001
0.19548300000000002
0.422733
0.298548
0.322881
0.322993
0.5878329999999999
0.257216
0.44026299999999996
0.290885
0.07179
0.006758
0.0
0.0
0.0
0.0
0.0
0.0
0.0
0.0
0.0
0.0
0.0
0.0162
0.034915
0.054777
0.072339
0.086373
0.09410500000000001
0.094705
0.08778799999999999
0.074991
0.057362
0.038236
0.018879
0.0019470000000000002
0.0
0.0
0.0
0.0
0.0
0.0
0.0
0.0
0.0
0.0
0.003027
0.055263
0.179707
0.16587200000000002
0.21632200000000001
0.515645
0.274769
0.591838
0.559924
0.500462
0.16784000000000002
0.30545100000000003
0.09615
0.010701
0.0
0.0
0.0
0.0
0.0
0.0
0.0
0.0
0.0
0.0
0.0
0.043505
0.173046
0.316733
0.447411
0.5516989999999999
0.5983959999999999
0.5944349999999999
0.569
0.493993
0.385101
0.23575800000000002
0.055597
0.0
0.0
0.0
0.0
0.0
0.0
0.0
0.0
0.0
0.0
0.0
0.002096
0.060908000000000004
0.119715
0.281024
0.23244700000000001
0.273192
0.295139
0.295814
0.540686
0.650569
0.401048
0.12688
0.068176
0.015068
0.0
0.0
0.0
0.0
0.0
0.0
0.0
0.0
0.0
0.0
0.0
0.001194
0.005271
0.010029999999999999
0.014829
0.018302
0.019705999999999998
0.020435
0.018329
0.014929
0.010849000000000001
0.0060620000000000005
0.001944
0.0
0.0
0.0
0.0
0.0
0.0
0.0
0.0
0.0
0.0
0.0
0.0
0.0
0.0
0.0
0.0
0.0
0.0
0.0
0.0
0.0
0.0
0.0
0.0
0.0
0.0
0.0
0.0
0.0
0.0
0.0
0.0
0.0
0.0
0.0
0.0
0.002002
0.007585
0.013859999999999999
0.018731
0.022940000000000002
0.025759
0.025731
0.023523
0.019986999999999998
0.014404
0.008887
0.002656
0.0
0.0
0.0
0.0
0.0
0.0
0.0
0.0
0.0
0.0
0.0
0.0
0.007719
0.018514
0.029209
0.039924
0.047822
0.052162
0.052851999999999996
0.048344
0.04112
0.031126
0.019756
0.009079
0.0
0.0
0.0
0.0
0.0
0.0
0.0
0.0
0.0
0.0
0.0
0.0
0.001369
0.006253
0.011807
0.01667
0.020152
0.022248999999999998
0.022213
0.020748000000000003
0.017204999999999998
0.01234
0.00754
0.002006
0.0
0.0
0.0
0.0
0.0
0.0
0.0
0.0
0.0
0.0
0.0
0.0
0.003433
0.009762
0.016749
0.023052
0.027261
0.030096
0.030788
0.027824
0.023566
0.017254000000000002
0.010311
0.004061
0.0
0.0
0.0
0.0
0.0
0.0
0.0
0.0
0.0
0.0
0.0
0.000397
0.06613899999999999
0.16472399999999998
0.309721
0.431985
0.49070800000000003
0.546794
0.312672
0.585986
0.545439
0.426798
0.26699700000000004
0.08316
0.018213
0.0
0.0
0.0
0.0
0.0
0.0
0.0
0.0
0.0
0.0
0.001817
0.05015699999999999
0.147503
0.26341699999999996
0.371043
0.460055
0.518685
0.540981
0.507552
0.472553
0.37645100000000004
0.119228
0.089879
0.007993
0.0
0.0
0.0
0.0
0.0
0.0
0.0
0.0
0.0
0.0
0.0
0.041392000000000005
0.15347999999999998
0.277707
0.38831400000000005
0.477114
0.5328780000000001
0.552315
0.5795650000000001
0.527378
0.413797
0.259423
0.081648
0.018161
0.0
0.0
0.0
0.0
0.0
0.0
0.0
0.0
0.0
0.0
0.002205
0.059635
0.11583199999999999
0.173451
0.371476
0.263911
0.508417
0.623024
0.6368010000000001
0.574677
0.392122
0.287873
0.093346
0.016439
0.0
0.0
0.0
0.0
0.0
0.0
0.0
0.0
0.0
0.0
0.007588
0.048754
0.094618
0.14161600000000002
0.417663
0.501374
0.234457
0.23472800000000002
0.5780890000000001
0.514235
0.148001
0.101023
0.05478
0.013253000000000001
0.0
0.0
0.0
0.0
0.0
0.0
0.0
0.0
0.0
0.0
0.004695
0.032703
0.110068
0.177572
0.23902099999999998
0.290937
0.322579
0.330657
0.319577
0.28151600000000004
0.1026
0.069912
0.089832
0.01072
0.0
0.0
0.0
0.0
0.0
0.0
0.0
0.0
0.0
0.0
0.002164
0.026853000000000002
0.055278
0.083725
0.109656
0.12960400000000002
0.140815
0.14102699999999999
0.131086
0.111411
0.086324
0.058406
0.030793
0.006293999999999999
0.0
0.0
0.0
0.0
0.0
0.0
0.0
0.0
0.0
0.0
0.0017529999999999998
0.058944
0.15252600000000002
0.26346600000000003
0.36876299999999995
0.454421
0.5166839999999999
0.525751
0.514196
0.477193
0.397642
0.280125
0.080274
0.007303
0.0
0.0
0.0
0.0
0.0
0.0
0.0
0.0
0.0
0.0
0.0
0.045619
0.17329
0.177466
0.44184199999999996
0.542023
0.608579
0.623108
0.367183
0.5337029999999999
0.417768
0.263255
0.07445399999999999
0.000829
0.0
0.0
0.0
0.0
0.0
0.0
0.0
0.0
0.0
0.0
0.006216
0.030927
0.062357
0.197074
0.264243
0.318024
0.350966
0.15691300000000002
0.346359
0.125487
0.09743500000000001
0.065849
0.09562000000000001
0.007443
0.0
0.0
0.0
0.0
0.0
0.0
0.0
0.0
0.0
0.0
0.002535
0.030129000000000003
0.059717
0.090012
0.117262
0.138762
0.15048699999999998
0.15081299999999997
0.140456
0.119905
0.092924
0.063772
0.033961
0.006886
0.0
0.0
0.0
0.0
0.0
0.0
0.0
0.0
0.0
0.0
0.0053479999999999995
0.044007
0.086199
0.128707
0.16755
0.196959
0.21373
0.214499
0.20321799999999998
0.173696
0.135364
0.092636
0.050067
0.012299
0.0
0.0
0.0
0.0
0.0
0.0
0.0
0.0
0.0
0.0
0.004753
0.052732
0.16154300000000002
0.152409
0.37083699999999997
0.449424
0.497268
0.250903
0.518539
0.20268
0.377521
0.275152
0.058761
0.014894000000000001
0.0
0.0
0.0
0.0
0.0
0.0
0.0
0.0
0.0
0.0
0.0
0.070195
0.17108299999999999
0.346266
0.486642
0.531562
0.6447820000000001
0.6172340000000001
0.31441
0.268721
0.443185
0.267993
0.078967
0.002714
0.0
0.0
0.0
0.0
0.0
0.0
0.0
0.0
0.0
0.0
0.0
0.043008000000000005
0.16716999999999999
0.306409
0.432391
0.53311
0.34995299999999996
0.617501
0.604755
0.52311
0.410824
0.19670400000000002
0.076416
0.002005
0.0
0.0
0.0
0.0
0.0
0.0
0.0
0.0
0.0
0.0
0.005311
0.044849
0.088461
0.133437
0.174538
0.206148
0.224123
0.225427
0.208363
0.178563
0.13953
0.09528
0.051807
0.012431
0.0
0.0
0.0
0.0
0.0
0.0
0.0
0.0
0.0
0.0
0.0
0.041423
0.155542
0.27448700000000004
0.39210300000000003
0.480576
0.536941
0.534558
0.552278
0.242005
0.413087
0.271815
0.083012
0.002794
0.0
0.0
0.0
0.0
0.0
0.0
0.0
0.0
0.0
0.0
0.0
0.049793
0.16518100000000002
0.197104
0.417223
0.612788
0.659355
0.602803
0.303902
0.531423
0.201659
0.284657
0.083402
0.003294
0.0
0.0
0.0
0.0
0.0
0.0
0.0
0.0
0.0
0.0
0.001351
0.0589
0.15356
0.267672
0.586048
0.452495
0.505255
0.284687
0.26682799999999995
0.46159500000000003
0.17828
0.282381
0.104917
0.008516
0.0
0.0
0.0
0.0
0.0
0.0
0.0
0.0
0.0
0.0
0.0
0.03789
0.165602
0.309842
0.440212
0.543102
0.574918
0.573168
0.5480539999999999
0.47742700000000005
0.377485
0.23971299999999998
0.06793600000000001
0.0
0.0
0.0
0.0
0.0
0.0
0.0
0.0
0.0
0.0
0.0
0.0
0.039920000000000004
0.156167
0.284431
0.380711
0.46426100000000003
0.54389
0.563822
0.5955900000000001
0.507605
0.192542
0.132167
0.090413
0.002646
0.0
0.0
0.0
0.0
0.0
0.0
0.0
0.0
0.0
0.0
0.0008539999999999999
0.026761
0.054492
0.082912
0.109079
0.128911
0.140299
0.140975
0.13090000000000002
0.111753
0.086396
0.058222
0.030255
0.0061920000000000005
0.0
0.0
0.0
0.0
0.0
0.0
0.0
0.0
0.0
0.0
0.011189
0.11650400000000001
0.059057000000000005
0.08981600000000001
0.533671
0.13941399999999998
0.15079800000000002
0.151612
0.140901
0.11982999999999999
0.09256600000000001
0.062441
0.033264
0.006768
0.0
0.0
0.0
0.0
0.0
0.0
0.0
0.0
0.0
0.0
1.6e-05
0.039921
0.146595
0.263646
0.352468
0.25350100000000003
0.48121600000000003
0.5244099999999999
0.539428
0.455536
0.409169
0.280269
0.09989100000000001
0.004082
0.0
0.0
0.0
0.0
0.0
0.0
0.0
0.0
0.0
0.0
0.002949
0.052441
0.12669
0.206019
0.28061
0.160332
0.37281400000000003
0.381629
0.380168
0.14057
0.109215
0.073737
0.039199
0.008074
0.0
0.0
0.0
0.0
0.0
0.0
0.0
0.0
0.0
0.0
0.007535
0.10639
0.274669
0.153511
0.198948
0.23392
0.252823
0.253709
0.833333
0.206613
0.16057
0.10945300000000001
0.162676
0.013601
0.0
0.0
0.0
0.0
0.0
0.0
0.0
0.0
0.0
0.0
0.002033
0.038837
0.077767
0.118196
0.154878
0.18370599999999998
0.20044
0.201101
0.18821100000000002
0.16112200000000002
0.124796
0.08422400000000001
0.044787
0.009718
0.0
0.0
0.0
0.0
0.0
0.0
0.0
0.0
0.0
0.0
0.001141
0.0337
0.06788899999999999
0.10323099999999999
0.13512000000000002
0.159007
0.172405
0.1733
0.162879
0.139267
0.108178
0.07278799999999999
0.038392
0.007562999999999999
0.0
0.0
0.0
0.0
0.0
0.0
0.0
0.0
0.0
0.0
0.0
0.041204
0.177429
0.331884
0.470337
0.582876
0.372998
0.629414
0.379483
0.520537
0.412657
0.266108
0.080983
0.001463
0.0
0.0
0.0
0.0
0.0
0.0
0.0
0.0
0.0
0.0
0.002627
0.052711
0.13075499999999998
0.10595600000000001
0.292792
0.358084
0.396567
0.406324
0.162654
0.13852099999999998
0.107309
0.18854400000000002
0.038340000000000006
0.007398
0.0
0.0
0.0
0.0
0.0
0.0
0.0
0.0
0.0
0.0
0.0052190000000000005
0.049169
0.098146
0.386113
0.518913
0.618949
0.24709299999999998
0.247118
0.23383600000000002
0.19855799999999998
0.153995
0.10498600000000001
0.055896
0.012187
0.0
0.0
0.0
0.0
0.0
0.0
0.0
0.0
0.0
0.0
0.0
0.035197000000000006
0.16622900000000002
0.31840199999999996
0.456685
0.5692780000000001
0.609788
0.609647
0.5815119999999999
0.508086
0.40044799999999997
0.256033
0.07390000000000001
0.0
0.0
0.0
0.0
0.0
0.0
0.0
0.0
0.0
0.0
0.0
0.0
0.060231
0.15409
0.300515
0.420885
0.515962
0.52611
0.30179700000000004
0.559764
0.504749
0.41961000000000004
0.299483
0.088188
0.002828
0.0
0.0
0.0
0.0
0.0
0.0
0.0
0.0
0.0
0.0
0.003395
0.047630000000000006
0.096785
0.145834
0.437013
0.526026
0.5823229999999999
0.24334899999999998
0.231795
0.197347
0.447885
0.10359600000000001
0.054494999999999995
0.011648
0.0
0.0
0.0
0.0
0.0
0.0
0.0
0.0
0.0
0.0
0.0
0.0
0.0
0.0
0.0
0.0
0.0
0.0
0.0
0.0
0.0
0.0
0.0
0.0
0.0
0.0
0.0
0.0
0.0
0.0
0.0
0.0
0.0
0.0
0.004443
0.084548
0.093403
0.373901
0.186042
0.21910300000000002
0.656784
0.237571
0.224475
0.191124
0.147565
0.369378
0.052371
0.018449
0.0
0.0
0.0
0.0
0.0
0.0
0.0
0.0
0.0
0.0
0.0
0.019537
0.041853
0.065857
0.086791
0.103507
0.113286
0.113751
0.105574
0.08958799999999999
0.06828100000000001
0.045164
0.022666
0.002758
0.0
0.0
0.0
0.0
0.0
0.0
0.0
0.0
0.0
0.0
0.0036269999999999996
0.088379
0.107981
0.416713
0.213636
0.251373
0.725129
0.271964
0.26026
0.22190000000000001
0.17183500000000002
0.116
0.146498
0.017718
0.0
0.0
0.0
0.0
0.0
0.0
0.0
0.0
0.0
0.0
0.001689
0.05023
0.064254
0.098536
0.277403
0.15374000000000002
0.166927
0.38106
0.368783
0.322407
0.102264
0.18324000000000001
0.10262
0.009943
0.0
0.0
0.0
0.0
0.0
0.0
0.0
0.0
0.0
0.0
0.001246
0.038391
0.13475700000000002
0.227569
0.31044499999999997
0.376467
0.416633
0.20480199999999998
0.42423
0.16490000000000002
0.305754
0.218732
0.044296999999999996
0.008607
0.0
0.0
0.0
0.0
0.0
0.0
0.0
0.0
0.0
0.0
0.001689
0.048693
0.171233
0.155098
0.20312
0.24002099999999998
0.260109
0.560261
0.5565209999999999
0.49534300000000003
0.40519
0.296058
0.05594
0.009822
0.0
0.0
0.0
0.0
0.0
0.0
0.0
0.0
0.0
0.0
0.0
0.05802
0.157721
0.18428999999999998
0.39232999999999996
0.28282100000000004
0.535466
0.692708
0.581352
0.2525
0.19457
0.130697
0.10004
0.013095
0.0
0.0
0.0
0.0
0.0
0.0
0.0
0.0
0.0
0.0
0.00064
0.023352
0.052226999999999996
0.177887
0.243064
0.295224
0.328701
0.144235
0.136179
0.290103
0.088847
0.059014000000000004
0.029439
0.008137
0.0
0.0
0.0
0.0
0.0
0.0
0.0
0.0
0.0
0.0
0.002162
0.029781
0.06497199999999999
0.252873
0.345366
0.41962900000000003
0.174383
0.174519
0.16205799999999998
0.137162
0.104707
0.224059
0.126138
0.004685
0.0
0.0
0.0
0.0
0.0
0.0
0.0
0.0
0.0
0.0
0.0
0.045284
0.11378400000000001
0.175539
0.385473
0.274221
0.531978
0.764363
0.538882
0.23574199999999998
0.39599599999999996
0.121328
0.10068600000000001
0.010351
0.0
0.0
0.0
0.0
0.0
0.0
0.0
0.0
0.0
0.0
0.0
0.030955
0.15712600000000002
0.30341199999999996
0.43564400000000003
0.5430130000000001
0.61315
0.617436
0.603433
0.52624
0.414796
0.26327
0.073351
0.0
0.0
0.0
0.0
0.0
0.0
0.0
0.0
0.0
0.0
0.0
0.0
0.031653
0.149862
0.285577
0.40606
0.49965
0.560661
0.584623
0.603225
0.528942
0.41777600000000004
0.26703899999999997
0.074219
3.9e-05
0.0
0.0
0.0
0.0
0.0
0.0
0.0
0.0
0.0
0.0
0.0
0.020158000000000002
0.162267
0.31241
0.448021
0.55433
0.6250180000000001
0.6269969999999999
0.613715
0.536111
0.287353
0.26807400000000003
0.071586
0.0
0.0
0.0
0.0
0.0
0.0
0.0
0.0
0.0
0.0
0.0
0.0
0.056399
0.226827
0.284011
0.242324
0.28606200000000004
0.543595
0.681012
0.591471
0.254416
0.195437
0.129908
0.093429
0.003637
0.0
0.0
0.0
0.0
0.0
0.0
0.0
0.0
0.0
0.0
0.000283
0.047453
0.102467
0.15853
0.442529
0.533566
0.26718200000000003
0.6076950000000001
0.258272
0.574246
0.17137
0.11473699999999999
0.057503
0.007628
0.0
0.0
0.0
0.0
0.0
0.0
0.0
0.0
0.0
0.0
0.0
0.052467
0.149362
0.27277300000000004
0.389227
0.482722
0.539526
0.569182
0.5724980000000001
0.5357670000000001
0.43842200000000003
0.29034899999999997
0.090673
0.002613
0.0
0.0
0.0
0.0
0.0
0.0
0.0
0.0
0.0
0.0
0.0
0.056849
0.123558
0.291582
0.250654
0.29437599999999997
0.557987
0.635008
0.60374
0.571384
0.453095
0.302716
0.07996500000000001
0.0018540000000000002
0.0
0.0
0.0
0.0
0.0
0.0
0.0
0.0
0.0
0.0
0.0
0.040405
0.22248099999999998
0.29775599999999997
0.573717
0.524919
0.589187
0.329255
0.6050610000000001
0.26119099999999995
0.451654
0.132149
0.08445
0.001624
0.0
0.0
0.0
0.0
0.0
0.0
0.0
0.0
0.0
0.0
0.0
0.036958
0.08343600000000001
0.13123500000000002
0.174231
0.20738399999999999
0.225243
0.226065
0.211834
0.180318
0.13878100000000002
0.09137999999999999
0.044797
0.003592
0.0
0.0
0.0
0.0
0.0
0.0
0.0
0.0
0.0
0.0
0.0
0.0
0.002637
0.006695
0.010766999999999999
0.013483
0.014834
0.014820999999999999
0.013444000000000001
0.0107
0.007306
0.0032519999999999997
0.0
0.0
0.0
0.0
0.0
0.0
0.0
0.0
0.0
0.0
0.0
0.0
0.0
0.030538
0.07034699999999999
0.111197
0.148532
0.177744
0.193398
0.19422499999999998
0.181422
0.15324000000000002
0.11648
0.076007
0.036302999999999995
0.002077
0.0
0.0
0.0
0.0
0.0
0.0
0.0
0.0
0.0
0.0
0.0
0.037501
0.08535899999999999
0.135286
0.180638
0.214948
0.234401
0.235179
0.220803
0.18631399999999998
0.14146199999999998
0.09241100000000001
0.044281
0.002354
0.0
0.0
0.0
0.0
0.0
0.0
0.0
0.0
0.0
0.0
0.0
0.029464999999999998
0.13420500000000002
0.230435
0.14804499999999998
0.391732
0.43397800000000003
0.193402
0.17990899999999999
0.37800900000000004
0.302314
0.074509
0.035457999999999996
0.002644
0.0
0.0
0.0
0.0
0.0
0.0
0.0
0.0
0.0
0.0
0.0
0.031937
0.089946
0.153495
0.213308
0.261235
0.29105000000000003
0.297923
0.133022
0.24154699999999998
0.18880000000000002
0.053514000000000006
0.07425100000000001
0.000292
0.0
0.0
0.0
0.0
0.0
0.0
0.0
0.0
0.0
0.0
0.0
0.043286
0.232275
0.159662
0.5595289999999999
0.676042
0.272975
0.274418
0.26003899999999996
0.222713
0.17119399999999999
0.38569099999999995
0.053634999999999995
0.0016970000000000002
0.0
0.0
0.0
0.0
0.0
0.0
0.0
0.0
0.0
0.0
0.0
0.044997999999999996
0.105468
0.373467
0.22331
0.266349
0.7029880000000001
0.29014
0.7151799999999999
0.22850700000000002
0.17431
0.35472000000000004
0.053665
0.0011790000000000001
0.0
0.0
0.0
0.0
0.0
0.0
0.0
0.0
0.0
0.0
0.0
0.032838
0.17665199999999998
0.34776799999999997
0.50338
0.350176
0.6745
0.674165
0.631759
0.358774
0.429435
0.22117699999999998
0.05314
0.0
0.0
0.0
0.0
0.0
0.0
0.0
0.0
0.0
0.0
0.0
0.0
0.031325
0.074955
0.26229399999999997
0.366022
0.446776
0.212875
0.213032
0.504381
0.166615
0.353451
0.081146
0.037305
0.0
0.0
0.0
0.0
0.0
0.0
0.0
0.0
0.0
0.0
0.0
0.0
0.05187
0.179687
0.161885
0.216644
0.258467
0.619867
0.640445
0.6439389999999999
0.227079
0.174371
0.344142
0.051787999999999994
0.000189
0.0
0.0
0.0
0.0
0.0
0.0
0.0
0.0
0.0
0.0
0.0
0.038041
0.161128
0.31134500000000004
0.393663
0.5541280000000001
0.623909
0.5670320000000001
0.28083800000000003
0.49887400000000004
0.17827500000000002
0.298251
0.052482999999999995
0.0
0.0
0.0
0.0
0.0
0.0
0.0
0.0
0.0
0.0
0.0
0.0
0.056991
0.094616
0.34704700000000005
0.4849
0.24625899999999998
0.269374
0.270062
0.658713
0.5852
0.157502
0.101175
0.045779
0.0
0.0
0.0
0.0
0.0
0.0
0.0
0.0
0.0
0.0
0.0
0.0
0.026962
0.06943200000000001
0.113182
0.153636
0.18545599999999998
0.20388599999999998
0.20530099999999998
0.19175899999999999
0.161213
0.12222799999999999
0.077362
0.034409999999999996
0.0
0.0
0.0
0.0
0.0
0.0
0.0
0.0
0.0
0.0
0.0
0.0
0.035165
0.124398
0.31231
0.557468
0.548948
0.6144299999999999
0.34693599999999997
0.661197
0.27859100000000003
0.460854
0.27757600000000004
0.054807
0.0
0.0
0.0
0.0
0.0
0.0
0.0
0.0
0.0
0.0
0.0
0.0
0.038509
0.150984
0.175417
0.236071
0.491106
0.30748899999999996
0.308253
0.588138
0.6734479999999999
0.42953600000000003
0.118549
0.053152
0.0
0.0
0.0
0.0
0.0
0.0
0.0
0.0
0.0
0.0
0.0
0.0
0.036005
0.115165
0.103927
0.283738
0.351742
0.392036
0.186944
0.402782
0.349661
0.110818
0.193267
0.066915
0.0
0.0
0.0
0.0
0.0
0.0
0.0
0.0
0.0
0.0
0.0
0.0
0.021616
0.058076
0.097321
0.133305
0.16123400000000002
0.176895
0.178121
0.161585
0.135512
0.101002
0.063378
0.027216
0.0
0.0
0.0
0.0
0.0
0.0
0.0
0.0
0.0
0.0
0.0
0.0
0.049307000000000004
0.11537
0.189285
0.544964
0.30730399999999997
0.754576
0.33531099999999997
0.30927699999999997
0.665179
0.517259
0.314458
0.053802
0.0
0.0
0.0
0.0
0.0
0.0
0.0
0.0
0.0
0.0
0.0
0.0
0.035811
0.110796
0.290328
0.24462299999999998
0.5099940000000001
0.71253
0.591981
0.302744
0.545431
0.450786
0.120256
0.053064
0.0
0.0
0.0
0.0
0.0
0.0
0.0
0.0
0.0
0.0
0.0
0.0
0.048743
0.088904
0.32513200000000003
0.200159
0.565203
0.634752
0.265104
0.243835
0.203595
0.4536
0.321821
0.040854
0.0
0.0
0.0
0.0
0.0
0.0
0.0
0.0
0.0
0.0
0.0
0.0
0.03057
0.105045
0.10503799999999999
0.276059
0.34293599999999996
0.384613
0.395316
0.378698
0.32898700000000003
0.260162
0.18484
0.054079
0.0
0.0
0.0
0.0
0.0
0.0
0.0
0.0
0.0
0.0
0.0
0.0
0.059612000000000005
0.20954
0.135525
0.535971
0.22638999999999998
0.24803899999999998
0.755519
0.227836
0.189501
0.140106
0.086911
0.035722000000000004
0.0
0.0
0.0
0.0
0.0
0.0
0.0
0.0
0.0
0.0
0.0
0.0
0.031059
0.163854
0.33304300000000003
0.489119
0.616734
0.656848
0.3545
0.664643
0.5850270000000001
0.422361
0.26156
0.014065
0.0
0.0
0.0
0.0
0.0
0.0
0.0
0.0
0.0
0.0
0.0
0.0
0.015879
0.162218
0.330217
0.483272
0.606808
0.6614180000000001
0.6588999999999999
0.646547
0.383207
0.422872
0.239735
0.009720000000000001
0.0
0.0
0.0
0.0
0.0
0.0
0.0
0.0
0.0
0.0
0.0
0.0
0.079661
0.300664
0.16031399999999998
0.21968000000000001
0.266642
0.833333
0.292028
0.2716
0.225556
0.16719399999999998
0.10322400000000001
0.041627000000000004
0.0
0.0
0.0
0.0
0.0
0.0
0.0
0.0
0.0
0.0
0.0
0.0
0.039014
0.154271
0.28706099999999996
0.40960199999999997
0.235283
0.573236
0.258002
0.575741
0.507403
0.146976
0.090644
0.038019
0.0
0.0
0.0
0.0
0.0
0.0
0.0
0.0
0.0
0.0
0.0
0.0
0.018531
0.057054
0.09825300000000001
0.13679
0.16647800000000001
0.18341200000000002
0.184609
0.171898
0.14284200000000002
0.104545
0.063207
0.02426
0.0
0.0
0.0
0.0
0.0
0.0
0.0
0.0
0.0
0.0
0.0
0.0
0.029098
0.144386
0.294223
0.431116
0.53914
0.615045
0.643193
0.6412859999999999
0.553468
0.453493
0.25577099999999997
0.045482
0.0
0.0
0.0
0.0
0.0
0.0
0.0
0.0
0.0
0.0
0.0
0.0
0.029404
0.11179
0.30728300000000003
0.259289
0.561233
0.632719
0.342149
0.66411
0.5918680000000001
0.44777
0.248547
0.018761
0.0
0.0
0.0
0.0
0.0
0.0
0.0
0.0
0.0
0.0
0.0
0.0
0.028672999999999997
0.115327
0.195497
0.463225
0.324298
0.655128
0.682009
0.691228
0.602773
0.205172
0.251928
0.029927
0.0
0.0
0.0
0.0
0.0
0.0
0.0
0.0
0.0
0.0
0.0
0.0
0.007188
0.028198
0.051035
0.07320600000000001
0.089912
0.100225
0.10094700000000001
0.092913
0.07671599999999999
0.055009999999999996
0.031946999999999996
0.0101
0.0
0.0
0.0
0.0
0.0
0.0
0.0
0.0
0.0
0.0
0.0
0.0
0.010766
0.039691000000000004
0.070353
0.099539
0.122916
0.13608199999999998
0.13653
0.123932
0.101952
0.073781
0.043015
0.014797000000000001
0.0
0.0
0.0
0.0
0.0
0.0
0.0
0.0
0.0
0.0
0.0
0.0
0.025828
0.140893
0.289669
0.426576
0.53412
0.598764
0.629869
0.642754
0.5462509999999999
0.41162400000000005
0.240777
0.041701999999999996
0.0
0.0
0.0
0.0
0.0
0.0
0.0
0.0
0.0
0.0
0.0
0.0
0.0
0.004541000000000001
0.01066
0.016828
0.021678
0.024502
0.024552
0.022496
0.017687
0.012224
0.005347
0.0
0.0
0.0
0.0
0.0
0.0
0.0
0.0
0.0
0.0
0.0
0.0
0.0
0.01656
0.059531
0.10539
0.148535
0.181972
0.201638
0.203037
0.186191
0.154085
0.11243500000000001
0.065925
0.023053999999999998
0.0
0.0
0.0
0.0
0.0
0.0
0.0
0.0
0.0
0.0
0.0
0.0
0.011067
0.041909
0.075037
0.106367
0.131059
0.14477299999999999
0.14600200000000002
0.13492099999999999
0.110854
0.07966200000000001
0.0465
0.015217000000000001
0.0
0.0
0.0
0.0
0.0
0.0
0.0
0.0
0.0
0.0
0.0
0.0
0.027149999999999997
0.152796
0.184627
0.25698000000000004
0.569601
0.768027
0.671767
0.321091
0.602979
0.47061000000000003
0.11543099999999999
0.021383
0.0
0.0
0.0
0.0
0.0
0.0
0.0
0.0
0.0
0.0
0.0
0.0
0.006734
0.029828
0.05543
0.07937000000000001
0.098995
0.109066
0.110373
0.100382
0.082261
0.059175
0.033852
0.009470000000000001
0.0
0.0
0.0
0.0
0.0
0.0
0.0
0.0
0.0
0.0
0.0
0.0
0.00395
0.020923999999999998
0.040553
0.0578
0.07223600000000001
0.080926
0.08085099999999999
0.07391500000000001
0.060421
0.043497
0.024013000000000003
0.0061600000000000005
0.0
0.0
0.0
0.0
0.0
0.0
0.0
0.0
0.0
0.0
0.0
0.0
0.010317
0.044969
0.081842
0.11593899999999999
0.143328
0.15897
0.15936799999999998
0.147348
0.120827
0.087297
0.049749
0.015173
0.0
0.0
0.0
0.0
0.0
0.0
0.0
0.0
0.0
0.0
0.0
0.0
0.018156
0.086895
0.083667
0.24206999999999998
0.302438
0.33965100000000004
0.34845600000000004
0.151358
0.295528
0.229428
0.165394
0.021149
0.0
0.0
0.0
0.0
0.0
0.0
0.0
0.0
0.0
0.0
0.0
0.0
0.011744
0.170496
0.360647
0.5338440000000001
0.37376600000000004
0.693217
0.6860839999999999
0.6685249999999999
0.401735
0.335757
0.198606
0.006966999999999999
0.0
0.0
0.0
0.0
0.0
0.0
0.0
0.0
0.0
0.0
0.0
0.0
0.029812
0.186334
0.18515700000000002
0.260077
0.6892290000000001
0.347523
0.783083
0.761595
0.267538
0.47834899999999997
0.112185
0.034884
0.0
0.0
0.0
0.0
0.0
0.0
0.0
0.0
0.0
0.0
0.0
0.0
0.023807
0.100018
0.180418
0.451762
0.31068799999999996
0.34064999999999995
0.668239
0.318052
0.603058
0.189306
0.221372
0.029785
0.0
0.0
0.0
0.0
0.0
0.0
0.0
0.0
0.0
0.0
0.0
0.0
0.021188
0.100637
0.30812599999999996
0.25739100000000004
0.577329
0.343702
0.6779059999999999
0.673149
0.262352
0.188892
0.206788
0.024486
0.0
0.0
0.0
0.0
0.0
0.0
0.0
0.0
0.0
0.0
0.0
0.0
0.010532999999999999
0.176786
0.378726
0.563038
0.640893
0.437985
0.665002
0.445861
0.5228529999999999
0.341784
0.165682
0.007913
0.0
0.0
0.0
0.0
0.0
0.0
0.0
0.0
0.0
0.0
0.0
0.0
0.060802999999999996
0.081869
0.488955
0.214214
0.262591
0.28957900000000003
0.28964100000000004
0.267552
0.218632
0.15706299999999998
0.089723
0.025058
0.0
0.0
0.0
0.0
0.0
0.0
0.0
0.0
0.0
0.0
0.0
0.0
0.009217000000000001
0.049574
0.09472799999999999
0.136292
0.170211
0.18868000000000001
0.189631
0.173453
0.141784
0.100398
0.055600000000000004
0.014262
0.0
0.0
0.0
0.0
0.0
0.0
0.0
0.0
0.0
0.0
0.0
0.0
0.01274
0.065273
0.123045
0.176698
0.219439
0.243461
0.24418
0.219652
0.180175
0.128378
0.071476
0.018777000000000002
0.0
0.0
0.0
0.0
0.0
0.0
0.0
0.0
0.0
0.0
0.0
0.0
0.018117
0.228071
0.27701600000000004
0.637721
0.5171319999999999
0.30975400000000003
0.310261
0.292291
0.559119
0.452759
0.095251
0.015367
0.0
0.0
0.0
0.0
0.0
0.0
0.0
0.0
0.0
0.0
0.0
0.0
0.038083
0.229184
0.127804
0.6353759999999999
0.22744499999999998
0.251603
0.252735
0.236975
0.193476
0.13688499999999998
0.283698
0.041343000000000005
0.0
0.0
0.0
0.0
0.0
0.0
0.0
0.0
0.0
0.0
0.0
0.0
0.0211
0.064384
0.12379699999999999
0.178529
0.221476
0.6029260000000001
0.621983
0.623414
0.185279
0.131161
0.215295
0.016859000000000002
0.0
0.0
0.0
0.0
0.0
0.0
0.0
0.0
0.0
0.0
0.0
0.0
0.020143
0.058152
0.279517
0.16197999999999999
0.512212
0.222945
0.591672
0.20905
0.170476
0.434299
0.065826
0.013921
0.0
0.0
0.0
0.0
0.0
0.0
0.0
0.0
0.0
0.0
0.0
0.0
0.0
0.009723
0.021838
0.033239
0.043293
0.048377
0.049165
0.044198
0.03571800000000001
0.024311
0.011316000000000001
0.000101
0.0
0.0
0.0
0.0
0.0
0.0
0.0
0.0
0.0
0.0
0.0
0.0
0.007091999999999999
0.051575
0.101699
0.148587
0.186224
0.206787
0.207983
0.193028
0.156494
0.10969
0.059156999999999994
0.011022
0.0
0.0
0.0
0.0
0.0
0.0
0.0
0.0
0.0
0.0
0.0
0.0
0.007091
0.053683999999999996
0.107164
0.15770599999999999
0.197958
0.220796
0.22188
0.201464
0.163381
0.114865
0.061797
0.010541
0.0
0.0
0.0
0.0
0.0
0.0
0.0
0.0
0.0
0.0
0.0
0.0
0.0
0.0
0.0
0.0
0.0
0.0
0.0
0.0
0.0
0.0
0.0
0.0
0.0
0.0
0.0
0.0
0.0
0.0
0.0
0.0
0.0
0.0
0.0
0.0
0.0
0.002817
0.00846
0.014819
0.019786
0.021898
0.022621
0.019761
0.015519999999999999
0.009877
0.0034879999999999998
0.0
0.0
0.0
0.0
0.0
0.0
0.0
0.0
0.0
0.0
0.0
0.0
0.0
0.0
0.0
0.0
0.0
0.0
0.0
0.0
0.0
0.0
0.0
0.0
0.0
0.0
0.0
0.0
0.0
0.0
0.0
0.0
0.0
0.0
0.0
0.0
0.0
0.011704
0.042363
0.251832
0.129342
0.47748399999999996
0.18159
0.182013
0.526399
0.13197499999999998
0.091721
0.047796
0.004127
0.0
0.0
0.0
0.0
0.0
0.0
0.0
0.0
0.0
0.0
0.0
0.0
0.0
0.008218
0.020253
0.031617
0.04097
0.046839
0.047008
0.04313
0.033825
0.022358
0.010003
0.0
0.0
0.0
0.0
0.0
0.0
0.0
0.0
0.0
0.0
0.0
0.0
0.0
0.0
0.011635999999999999
0.02714
0.042557000000000005
0.054280999999999996
0.061655
0.061643
0.05582
0.044909
0.030244
0.013873
0.0
0.0
0.0
0.0
0.0
0.0
0.0
0.0
0.0
0.0
0.0
0.0
0.0
0.000315
0.031010000000000003
0.066023
0.099866
0.126047
0.141363
0.14247800000000002
0.131849
0.106714
0.07282899999999999
0.036682
0.0018260000000000001
0.0
0.0
0.0
0.0
0.0
0.0
0.0
0.0
0.0
0.0
0.0
0.0
0.005799
0.051199
0.231672
0.351226
0.19994
0.507718
0.525961
0.20679599999999998
0.47250099999999995
0.3905
0.058515
0.005385
0.0
0.0
0.0
0.0
0.0
0.0
0.0
0.0
0.0
0.0
0.0
0.0
0.0
0.018152
0.041068
0.062975
0.080651
0.090994
0.091744
0.083786
0.066736
0.045461
0.022164000000000003
0.0
0.0
0.0
0.0
0.0
0.0
0.0
0.0
0.0
0.0
0.0
0.0
0.0
0.0
0.019301
0.043424
0.067478
0.086587
0.09745699999999999
0.098361
0.088937
0.070649
0.047259
0.022919000000000002
0.0
0.0
0.0
0.0
0.0
0.0
0.0
0.0
0.0
0.0
0.0
0.0
0.0
0.00018099999999999998
0.042868
0.09287300000000001
0.14027099999999998
0.177172
0.198152
0.199323
0.18253899999999998
0.146481
0.10048699999999999
0.050268
0.002819
0.0
0.0
0.0
0.0
0.0
0.0
0.0
0.0
0.0
0.0
0.0
0.0
0.001105
0.037208
0.181031
0.277324
0.15798099999999998
0.41231
0.426119
0.163156
0.363967
0.294599
0.043523000000000006
0.003226
0.0
0.0
0.0
0.0
0.0
0.0
0.0
0.0
0.0
0.0
0.0
0.0
0.001817
0.118676
0.28776999999999997
0.451611
0.5514880000000001
0.31351999999999997
0.6646219999999999
0.645177
0.526439
0.352403
0.07839600000000001
0.0
0.0
0.0
0.0
0.0
0.0
0.0
0.0
0.0
0.0
0.0
0.0
0.0
0.001191
0.225512
0.295983
0.245964
0.605263
0.694984
0.34540699999999996
0.314736
0.253816
0.174278
0.08750100000000001
0.005453
0.0
0.0
0.0
0.0
0.0
0.0
0.0
0.0
0.0
0.0
0.0
0.0
0.00013700000000000002
0.117831
0.136359
0.425303
0.5445890000000001
0.288208
0.645251
0.675374
0.5851660000000001
0.146214
0.051399
0.003528
0.0
0.0
0.0
0.0
0.0
0.0
0.0
0.0
0.0
0.0
0.0
0.0
0.0
0.08644299999999999
0.20124199999999998
0.31426
0.40699
0.17060499999999998
0.171427
0.151042
0.12082899999999999
0.310299
0.065864
0.00033
0.0
0.0
0.0
0.0
0.0
0.0
0.0
0.0
0.0
0.0
0.0
0.0
0.0
0.071275
0.288505
0.460269
0.597682
0.683616
0.6291169999999999
0.633972
0.47924
0.338029
0.015569000000000001
0.0
0.0
0.0
0.0
0.0
0.0
0.0
0.0
0.0
0.0
0.0
0.0
0.0
0.0
0.143985
0.180191
0.536029
0.379826
0.636783
0.623638
0.477255
0.44055500000000003
0.321096
0.020574000000000002
0.0
0.0
0.0
0.0
0.0
0.0
0.0
0.0
0.0
0.0
0.0
0.0
0.0
0.0
0.14752500000000002
0.34596
0.16967400000000002
0.21572
0.241811
0.794996
0.220705
0.176216
0.118806
0.09208799999999999
0.003078
0.0
0.0
0.0
0.0
0.0
0.0
0.0
0.0
0.0
0.0
0.0
0.0
0.0
0.0
0.004142000000000001
0.00831
0.011802
0.013207
0.013942
0.011858
0.009119
0.004961
0.0
0.0
0.0
0.0
0.0
0.0
0.0
0.0
0.0
0.0
0.0
0.0
0.0
0.0
0.0
0.16602699999999998
0.384382
0.157535
0.202178
0.227083
0.228327
0.21268
0.167971
0.508659
0.118077
0.0
0.0
0.0
0.0
0.0
0.0
0.0
0.0
0.0
0.0
0.0
0.0
0.0
0.0
0.0
0.0
0.0
0.0006540000000000001
0.001335
0.001338
0.0006590000000000001
0.0
0.0
0.0
0.0
0.0
0.0
0.0
0.0
0.0
0.0
0.0
0.0
0.0
0.0
0.0
0.0
0.0
0.005072
0.016773
0.02841
0.037846
0.04291
0.043662
0.039514
0.030017
0.019056
0.007103
0.0
0.0
0.0
0.0
0.0
0.0
0.0
0.0
0.0
0.0
0.0
0.0
0.0
0.0
0.00434
0.015299
0.026238
0.034996
0.040136000000000005
0.04018
0.035764000000000004
0.027764
0.017544
0.00564
0.0
0.0
0.0
0.0
0.0
0.0
0.0
0.0
0.0
0.0
0.0
0.0
0.0
0.0
0.010142
0.027919
0.046248
0.060037999999999994
0.068064
0.068834
0.061844
0.048862
0.031246
0.01228
0.0
0.0
0.0
0.0
0.0
0.0
0.0
0.0
0.0
0.0
0.0
0.0
0.0
0.0
0.012393000000000001
0.03408
0.055527
0.07251
0.082938
0.08365500000000001
0.074727
0.058433
0.037732999999999996
0.014974
0.0
0.0
0.0
0.0
0.0
0.0
0.0
0.0
0.0
0.0
0.0
0.0
0.0
0.0
0.10283199999999999
0.14677600000000002
0.451887
0.614401
0.662366
0.6478959999999999
0.633276
0.47366699999999995
0.289164
0.022555
0.0
0.0
0.0
0.0
0.0
0.0
0.0
0.0
0.0
0.0
0.0
0.0
0.0
0.0
0.136137
0.12062
0.544614
0.24280000000000002
0.273005
0.274455
0.764813
0.19889099999999998
0.131893
0.072964
0.0
0.0
0.0
0.0
0.0
0.0
0.0
0.0
0.0
0.0
0.0
0.0
0.0
0.0
0.063181
0.16722399999999998
0.26929000000000003
0.153587
0.41523899999999997
0.432015
0.42576600000000003
0.125171
0.080831
0.044781
0.0
0.0
0.0
0.0
0.0
0.0
0.0
0.0
0.0
0.0
0.0
0.0
0.0
0.0
0.089696
0.124456
0.196314
0.252206
0.283341
0.604852
0.264894
0.549772
0.35969
0.036887
0.0
0.0
0.0
0.0
0.0
0.0
0.0
0.0
0.0
0.0
0.0
0.0
0.0
0.0
0.08220000000000001
0.245365
0.365157
0.23640199999999997
0.560327
0.658316
0.6315080000000001
0.504203
0.32290399999999997
0.055244
0.0
0.0
0.0
0.0
0.0
0.0
0.0
0.0
0.0
0.0
0.0
0.0
0.0
0.0
0.080023
0.220304
0.179643
0.468755
0.5725159999999999
0.606049
0.620027
0.49306700000000003
0.291919
0.030019999999999998
0.0
0.0
0.0
0.0
0.0
0.0
0.0
0.0
0.0
0.0
0.0
0.0
0.0
0.0
0.0
0.006346
0.012035
0.017053000000000002
0.01995
0.019986999999999998
0.017906
0.012934
0.00723
0.000651
0.0
0.0
0.0
0.0
0.0
0.0
0.0
0.0
0.0
0.0
0.0
0.0
0.0
0.0
0.098417
0.399652
0.46566199999999996
0.625632
0.681507
0.34662099999999996
0.317558
0.492334
0.164851
0.019492000000000002
0.0
0.0
0.0
0.0
0.0
0.0
0.0
0.0
0.0
0.0
0.0
0.0
0.0
0.0
0.049886
0.26262599999999997
0.433899
0.577781
0.637319
0.62001
0.41877800000000004
0.449013
0.25906999999999997
0.012452999999999999
0.0
0.0
0.0
0.0
0.0
0.0
0.0
0.0
0.0
0.0
0.0
0.0
0.0
0.0
0.020342
0.058198
0.096055
0.126816
0.14469900000000002
0.146095
0.12934
0.10051900000000001
0.063954
0.02472
0.0
0.0
0.0
0.0
0.0
0.0
0.0
0.0
0.0
0.0
0.0
0.0
0.0
0.0
0.073818
0.107857
0.355695
0.47470999999999997
0.5540729999999999
0.586226
0.588898
0.499424
0.270991
0.026261
0.0
0.0
0.0
0.0
0.0
0.0
0.0
0.0
0.0
0.0
0.0
0.0
0.0
0.0
0.026177
0.076753
0.12598900000000002
0.16600399999999998
0.188796
0.19003299999999998
0.169934
0.13237000000000002
0.083789
0.032958
0.0
0.0
0.0
0.0
0.0
0.0
0.0
0.0
0.0
0.0
0.0
0.0
0.0
0.0
0.13305
0.37979399999999996
0.164199
0.731087
0.24379599999999998
0.24534999999999998
0.220167
0.172375
0.11066200000000001
0.045281
0.0
0.0
0.0
0.0
0.0
0.0
0.0
0.0
0.0
0.0
0.0
0.0
0.0
0.0
0.086659
0.249495
0.406132
0.176768
0.199827
0.6313139999999999
0.180993
0.14082499999999998
0.089095
0.034989
0.0
0.0
0.0
0.0
0.0
0.0
0.0
0.0
0.0
0.0
0.0
0.0
0.0
0.0
0.0
0.0
0.0
0.0
0.0
0.0
0.0
0.0
0.0
0.0
0.0
0.0
0.0
0.0
0.0
0.0
0.0
0.0
0.0
0.0
0.0
0.0
0.0
0.0
0.0
0.0
0.000207
0.001632
0.0023380000000000002
0.00233
0.001617
0.00019600000000000002
0.0
0.0
0.0
0.0
0.0
0.0
0.0
0.0
0.0
0.0
0.0
0.0
0.0
0.0
0.0
0.0
0.00242
0.013933
0.025417000000000002
0.03459
0.040744
0.040756
0.036225
0.027091
0.015562
0.003693
0.0
0.0
0.0
0.0
0.0
0.0
0.0
0.0
0.0
0.0
0.0
0.0
0.0
0.0
0.022445
0.07262600000000001
0.122942
0.163803
0.18725999999999998
0.188716
0.167447
0.129523
0.08072199999999999
0.029256
0.0
0.0
0.0
0.0
0.0
0.0
0.0
0.0
0.0
0.0
0.0
0.0
0.0
0.0
0.020437999999999998
0.065679
0.111761
0.148971
0.171533
0.17375200000000002
0.155404
0.119967
0.074274
0.026526
0.0
0.0
0.0
0.0
0.0
0.0
0.0
0.0
0.0
0.0
0.0
0.0
0.0
0.0
0.066967
0.109277
0.18184299999999998
0.503508
0.6801950000000001
0.633298
0.633519
0.477451
0.270287
0.047234000000000005
0.0
0.0
0.0
0.0
0.0
0.0
0.0
0.0
0.0
0.0
0.0
0.0
0.0
0.0
0.090372
0.089921
0.151638
0.200564
0.228128
0.7734690000000001
0.760361
0.15931700000000001
0.10003100000000001
0.037355
0.0
0.0
0.0
0.0
0.0
0.0
0.0
0.0
0.0
0.0
0.0
0.0
0.0
0.0
0.07360599999999999
0.095406
0.16080699999999998
0.21235900000000002
0.632046
0.24193299999999998
0.6880850000000001
0.549901
0.10698099999999999
0.037939
0.0
0.0
0.0
0.0
0.0
0.0
0.0
0.0
0.0
0.0
0.0
0.0
0.0
0.0
0.061564999999999995
0.203814
0.167157
0.220082
0.249546
0.559585
0.5768759999999999
0.177506
0.270498
0.045978000000000005
0.0
0.0
0.0
0.0
0.0
0.0
0.0
0.0
0.0
0.0
0.0
0.0
0.0
0.0
0.037783000000000004
0.134302
0.232617
0.315544
0.370893
0.14660800000000002
0.37975400000000004
0.100298
0.060988999999999995
0.019915
0.0
0.0
0.0
0.0
0.0
0.0
0.0
0.0
0.0
0.0
0.0
0.0
0.0
0.0
0.027125
0.09716200000000001
0.169513
0.230531
0.269168
0.281825
0.266061
0.235929
0.048518
0.020873000000000003
0.0
0.0
0.0
0.0
0.0
0.0
0.0
0.0
0.0
0.0
0.0
0.0
0.0
0.0
0.0036179999999999997
0.021029
0.038396
0.052679000000000004
0.06017
0.06098
0.054308999999999996
0.040828
0.024097
0.0060279999999999995
0.0
0.0
0.0
0.0
0.0
0.0
0.0
0.0
0.0
0.0
0.0
0.0
0.0
0.0
0.002911
0.018045000000000002
0.033901
0.046662
0.054127
0.054113999999999995
0.048170000000000004
0.03618
0.021006
0.0046
0.0
0.0
0.0
0.0
0.0
0.0
0.0
0.0
0.0
0.0
0.0
0.0
0.0
0.0
0.007244
0.032628
0.057841000000000004
0.078723
0.09112
0.092666
0.081678
0.061486
0.036115
0.010033
0.0
0.0
0.0
0.0
0.0
0.0
0.0
0.0
0.0
0.0
0.0
0.0
0.0
0.0
0.016847
0.065679
0.11441899999999999
0.153681
0.176352
0.17824
0.160836
0.123161
0.074874
0.024056
0.0
0.0
0.0
0.0
0.0
0.0
0.0
0.0
0.0
0.0
0.0
0.0
0.0
0.0
0.058384
0.10669799999999999
0.183393
0.244677
0.614607
0.281003
0.614578
0.490161
0.24713
0.041951
0.0
0.0
0.0
0.0
0.0
0.0
0.0
0.0
0.0
0.0
0.0
0.0
0.0
0.0
0.096841
0.09440699999999999
0.163002
0.216279
0.247306
0.248754
0.225577
0.6009650000000001
0.338197
0.057982
0.0
0.0
0.0
0.0
0.0
0.0
0.0
0.0
0.0
0.0
0.0
0.0
0.0
0.0
0.035685
0.054401000000000005
0.244866
0.13000899999999999
0.39617899999999995
0.413985
0.135042
0.35829700000000003
0.060593
0.027403
0.0
0.0
0.0
0.0
0.0
0.0
0.0
0.0
0.0
0.0
0.0
0.0
0.0
0.0
0.026346
0.039798
0.071922
0.25842200000000004
0.30336599999999997
0.114579
0.298025
0.075845
0.241906
0.022697
0.0
0.0
0.0
0.0
0.0
0.0
0.0
0.0
0.0
0.0
0.0
0.0
0.0
0.0
0.005817
0.029174
0.053227
0.07354999999999999
0.085378
0.086086
0.075522
0.056555
0.032444
0.00777
0.0
0.0
0.0
0.0
0.0
0.0
0.0
0.0
0.0
0.0
0.0
0.0
0.0
0.0
0.032589
0.051421
0.092259
0.32219200000000003
0.145155
0.406001
0.399176
0.35095
0.058732999999999994
0.016121
0.0
0.0
0.0
0.0
0.0
0.0
0.0
0.0
0.0
0.0
0.0
0.0
0.0
0.0
0.035055
0.14455
0.092351
0.125912
0.412553
0.14644300000000002
0.418252
0.097911
0.27675
0.029174
0.0
0.0
0.0
0.0
0.0
0.0
0.0
0.0
0.0
0.0
0.0
0.0
0.0
0.0
0.043861
0.177382
0.374803
0.517865
0.501513
0.532226
0.534218
0.153895
0.093322
0.02878
0.0
0.0
0.0
0.0
0.0
0.0
0.0
0.0
0.0
0.0
0.0
0.0
0.0
0.0
0.042408
0.06770699999999999
0.12062300000000001
0.41601299999999997
0.186278
0.511494
0.530651
0.481071
0.07650799999999999
0.025764
0.0
0.0
0.0
0.0
0.0
0.0
0.0
0.0
0.0
0.0
0.0
0.0
0.0
0.0
0.010811
0.051415
0.093324
0.127407
0.14690999999999999
0.148268
0.13170199999999999
0.09935200000000001
0.058686
0.015762
0.0
0.0
0.0
0.0
0.0
0.0
0.0
0.0
0.0
0.0
0.0
0.0
0.0
0.0
0.0014039999999999999
0.016588000000000002
0.032523
0.045314
0.052816
0.053562
0.04679
0.034726999999999994
0.019498
0.003024
0.0
0.0
0.0
0.0
0.0
0.0
0.0
0.0
0.0
0.0
0.0
0.0
0.0
0.0
7e-06
0.010558
0.021861000000000002
0.030817
0.03602
0.03675
0.032284
0.023308
0.012728999999999999
0.001057
0.0
0.0
0.0
0.0
0.0
0.0
0.0
0.0
0.0
0.0
0.0
0.0
0.0
0.0
0.024826
0.111996
0.201798
0.2773
0.128374
0.342297
0.335325
0.085743
0.04968
0.020363
0.0
0.0
0.0
0.0
0.0
0.0
0.0
0.0
0.0
0.0
0.0
0.0
0.0
0.0
0.05762
0.06672700000000001
0.11965600000000001
0.162132
0.660744
0.18695900000000001
0.167025
0.5966760000000001
0.07465000000000001
0.020332
0.0
0.0
0.0
0.0
0.0
0.0
0.0
0.0
0.0
0.0
0.0
0.0
0.0
0.0
0.060708
0.078533
0.139643
0.18928999999999999
0.21770699999999998
0.7647670000000001
0.7401639999999999
0.148661
0.08797400000000001
0.025188
0.0
0.0
0.0
0.0
0.0
0.0
0.0
0.0
0.0
0.0
0.0
0.0
0.0
0.0
0.048429
0.070998
0.368055
0.498229
0.19914300000000001
0.200242
0.630889
0.136731
0.080535
0.029318999999999998
0.0
0.0
0.0
0.0
0.0
0.0
0.0
0.0
0.0
0.0
0.0
0.0
0.0
0.0
0.02172
0.10461799999999999
0.188208
0.100937
0.116408
0.316897
0.306756
0.270245
0.04513
0.010641
0.0
0.0
0.0
0.0
0.0
0.0
0.0
0.0
0.0
0.0
0.0
0.0
0.0
0.0
0.054316
0.06633199999999999
0.119404
0.544046
0.185388
0.18714699999999998
0.682284
0.12668000000000001
0.074429
0.019672000000000002
0.0
0.0
0.0
0.0
0.0
0.0
0.0
0.0
0.0
0.0
0.0
0.0
0.0
0.0
0.0020310000000000003
0.020589
0.039019
0.054203
0.063252
0.063956
0.056674
0.042103
0.023555
0.004462
0.0
0.0
0.0
0.0
0.0
0.0
0.0
0.0
0.0
0.0
0.0
0.0
0.0
0.0
0.002
0.020556
0.039731999999999996
0.054868
0.063869
0.064568
0.057194
0.042701
0.023423
0.004435
0.0
0.0
0.0
0.0
0.0
0.0
0.0
0.0
0.0
0.0
0.0
0.0
0.0
0.0
0.005522
0.034899
0.064348
0.089127
0.104285
0.104937
0.091855
0.06872400000000001
0.039127
0.008605999999999999
0.0
0.0
0.0
0.0
0.0
0.0
0.0
0.0
0.0
0.0
0.0
0.0
0.0
0.0
0.004054
0.030085
0.055942
0.078173
0.09081499999999999
0.091546
0.080369
0.059713
0.03375
0.007292
0.0
0.0
0.0
0.0
0.0
0.0
0.0
0.0
0.0
0.0
0.0
0.0
0.0
0.0
0.0
0.003111
0.008295
0.012726000000000001
0.015691
0.0157
0.013484999999999999
0.009039
0.003833
0.0
0.0
0.0
0.0
0.0
0.0
0.0
0.0
0.0
0.0
0.0
0.0
0.0
0.0
0.0
0.0
0.001666
0.006113
0.009811
0.012033
0.012048
0.010587
0.006900000000000001
0.002447
0.0
0.0
0.0
0.0
0.0
0.0
0.0
0.0
0.0
0.0
0.0
0.0
0.0
0.0
0.0
0.0026469999999999996
0.023325
0.043734
0.060787999999999995
0.07094
0.071699
0.063267
0.046814999999999996
0.026316
0.005412
0.0
0.0
0.0
0.0
0.0
0.0
0.0
0.0
0.0
0.0
0.0
0.0
0.0
0.0
0.001923
0.021737
0.041322000000000005
0.057555999999999996
0.06679900000000001
0.067557
0.059681
0.044228
0.024685
0.004727
0.0
0.0
0.0
0.0
0.0
0.0
0.0
0.0
0.0
0.0
0.0
0.0
0.0
0.0
0.036389000000000005
0.08627800000000001
0.153627
0.45208
0.53595
0.652748
0.5718479999999999
0.469463
0.25222100000000003
0.027359
0.0
0.0
0.0
0.0
0.0
0.0
0.0
0.0
0.0
0.0
0.0
0.0
0.0
0.0
0.020453
0.11128400000000001
0.082664
0.28173200000000004
0.33050799999999997
0.345648
0.115738
0.291901
0.049239
0.01806
0.0
0.0
0.0
0.0
0.0
0.0
0.0
0.0
0.0
0.0
0.0
0.0
0.0
0.0
0.033826999999999996
0.201774
0.36820400000000003
0.434191
0.604178
0.546843
0.549717
0.154811
0.091742
0.026006
0.0
0.0
0.0
0.0
0.0
0.0
0.0
0.0
0.0
0.0
0.0
0.0
0.0
0.0
0.03469
0.223633
0.32532900000000003
0.447048
0.660317
0.5639489999999999
0.20984999999999998
0.489046
0.094304
0.013644
0.0
0.0
0.0
0.0
0.0
0.0
0.0
0.0
0.0
0.0
0.0
0.0
0.0
0.0
0.052865999999999996
0.251621
0.118762
0.160791
0.18429900000000002
0.184782
0.166406
0.611366
0.340034
0.019445
0.0
0.0
0.0
0.0
0.0
0.0
0.0
0.0
0.0
0.0
0.0
0.0
0.0
0.0
0.050674
0.071399
0.129719
0.17571199999999998
0.202362
0.202912
0.741057
0.594248
0.080099
0.038944
0.0
0.0
0.0
0.0
0.0
0.0
0.0
0.0
0.0
0.0
0.0
0.0
0.0
0.0
0.0027930000000000003
0.02668
0.050531
0.070395
0.081135
0.082925
0.073616
0.054967
0.030847000000000003
0.007013
0.0
0.0
0.0
0.0
0.0
0.0
0.0
0.0
0.0
0.0
0.0
0.0
0.0
0.0
0.001567
0.020268
0.039263
0.054918
0.064247
0.065
0.057219
0.042428
0.023547000000000002
0.0050880000000000005
0.0
0.0
0.0
0.0
0.0
0.0
0.0
0.0
0.0
0.0
0.0
0.0
0.0
0.0
0.038640999999999995
0.08502
0.15156299999999998
0.502962
0.5930890000000001
0.628802
0.208281
0.529282
0.09365699999999999
0.021086999999999998
0.0
0.0
0.0
0.0
0.0
0.0
0.0
0.0
0.0
0.0
0.0
0.0
0.0
0.0
0.009904
0.060664
0.109929
0.149922
0.172285
0.174403
0.154393
0.11632200000000001
0.068163
0.018278
0.0
0.0
0.0
0.0
0.0
0.0
0.0
0.0
0.0
0.0
0.0
0.0
0.0
0.0
0.032539
0.207641
0.376888
0.513398
0.543616
0.24606999999999998
0.5943590000000001
0.460472
0.26855599999999996
0.008823000000000001
0.0
0.0
0.0
0.0
0.0
0.0
0.0
0.0
0.0
0.0
0.0
0.0
0.0
0.0
0.036801
0.351619
0.54127
0.517722
0.616936
0.275433
0.242423
0.184203
0.110178
0.013917
0.0
0.0
0.0
0.0
0.0
0.0
0.0
0.0
0.0
0.0
0.0
0.0
0.0
0.0
0.062460999999999996
0.10269299999999999
0.179308
0.2399
0.272214
0.271738
0.7075220000000001
0.183745
0.33661
0.036808999999999995
0.0
0.0
0.0
0.0
0.0
0.0
0.0
0.0
0.0
0.0
0.0
0.0
0.0
0.0
0.037488
0.097039
0.169745
0.5489489999999999
0.25912
0.692394
0.631139
0.505039
0.28331900000000004
0.031493
0.0
0.0
0.0
0.0
0.0
0.0
