0.0
0.0
0.0
0.0
0.0
0.0
0.0
0.0
0.006575999999999999
0.12302800000000001
0.317865
0.416508
0.425413
0.45873200000000003
0.336793
0.311282
0.171676
0.023495000000000002
0.0
0.0
0.0
0.0
0.0
0.0
0.0
0.0
0.0
0.0
0.0
0.0
0.0
0.0
0.011513
0.166267
0.246161
0.328692
0.457233
0.450338
0.37539
0.30386599999999997
0.15829300000000002
0.033623
0.0
0.0
0.0
0.0
0.0
0.0
0.0
0.0
0.0
0.0
0.0
0.0
0.0
0.0
0.012554000000000001
0.200337
0.404353
0.529786
0.595225
0.589782
0.554669
0.445083
0.26727999999999996
0.055233
0.0
0.0
0.0
0.0
0.0
0.0
0.0
0.0
0.0
0.0
0.0
0.0
0.0
0.0
0.008272999999999999
0.164333
0.344663
0.43591599999999997
0.503032
0.40461
0.412368
0.332806
0.144028
0.024291
0.0
0.0
0.0
0.0
0.0
0.0
0.0
0.0
0.0
0.0
0.0
0.0
0.0
0.0
0.008882
0.15521600000000002
0.387393
0.51173
0.5581470000000001
0.5735950000000001
0.466912
0.285358
0.130081
0.028492
0.0
0.0
0.0
0.0
0.0
0.0
0.0
0.0
0.0
0.0
0.0
0.0
0.0
0.0
0.00415
0.052726999999999996
0.16537000000000002
0.226868
0.166172
0.272072
0.21002600000000002
0.149262
0.190904
0.026986
0.0
0.0
0.0
0.0
0.0
0.0
0.0
0.0
0.0
0.0
0.0
0.0
0.0
0.0
0.011004
0.187371
0.385073
0.5183540000000001
0.590654
0.562048
0.5431609999999999
0.431205
0.25535
0.053246
0.0
0.0
0.0
0.0
0.0
0.0
0.0
0.0
0.0
0.0
0.0
0.0
0.0
0.0
0.006253999999999999
0.152725
0.349119
0.465983
0.432048
0.45108800000000004
0.44412599999999997
0.358137
0.227082
0.042401
0.0
0.0
0.0
0.0
0.0
0.0
0.0
0.0
0.0
0.0
0.0
0.0
0.0
0.0
0.005301999999999999
0.06444
0.216575
0.380007
0.554353
0.582121
0.538396
0.422927
0.24856399999999998
0.046990000000000004
0.0
0.0
0.0
0.0
0.0
0.0
0.0
0.0
0.0
0.0
0.0
0.0
0.0
0.0
0.0074
0.112857
0.16897900000000002
0.383438
0.568348
0.5738179999999999
0.513188
0.378701
0.144113
0.045679000000000004
0.0
0.0
0.0
0.0
0.0
0.0
0.0
0.0
0.0
0.0
0.0
0.0
0.0
0.0
0.007125
0.153041
0.31826299999999996
0.482668
0.5551670000000001
0.562825
0.484045
0.391446
0.228404
0.046621
0.0
0.0
0.0
0.0
0.0
0.0
0.0
0.0
0.0
0.0
0.0
0.0
0.0
0.0
0.007303
0.157866
0.341957
0.487273
0.563312
0.5674560000000001
0.479012
0.330598
0.17302199999999998
0.033407
0.0
0.0
0.0
0.0
0.0
0.0
0.0
0.0
0.0
0.0
0.0
0.0
0.0
0.0
0.004955
0.10782800000000001
0.176779
0.308871
0.34075
0.400529
0.358102
0.28452999999999995
0.137927
0.036090000000000004
0.0
0.0
0.0
0.0
0.0
0.0
0.0
0.0
0.0
0.0
0.0
0.0
0.0
0.0
0.006649
0.06798399999999999
0.08195000000000001
0.257791
0.414981
0.485498
0.465082
0.291432
0.145485
0.053783000000000004
0.0
0.0
0.0
0.0
0.0
0.0
0.0
0.0
0.0
0.0
0.0
0.0
0.0
0.0
0.0031320000000000002
0.037088
0.067565
0.184088
0.445135
0.571971
0.330489
0.25310499999999997
0.19195500000000001
0.048312
0.0
0.0
0.0
0.0
0.0
0.0
0.0
0.0
0.0
0.0
0.0
0.0
0.0
0.0
0.007782
0.109873
0.328488
0.338528
0.395393
0.37909899999999996
0.4622
0.42766699999999996
0.2635
0.067106
0.0
0.0
0.0
0.0
0.0
0.0
0.0
0.0
0.0
0.0
0.0
0.0
0.0
0.0
0.020204999999999997
0.225883
0.447231
0.536423
0.458305
0.5670919999999999
0.437924
0.46796
0.320021
0.10869799999999999
0.0
0.0
0.0
0.0
0.0
0.0
0.0
0.0
0.0
0.0
0.0
0.0
0.0
0.0
0.0077610000000000005
0.134345
0.316885
0.453161
0.516174
0.512947
0.440804
0.346892
0.15201699999999999
0.049321
0.0
0.0
0.0
0.0
0.0
0.0
0.0
0.0
0.0
0.0
0.0
0.0
0.0
0.0
0.010824
0.11279600000000001
0.354714
0.423073
0.496453
0.27258699999999997
0.263653
0.361862
0.22814500000000001
0.05684
0.0
0.0
0.0
0.0
0.0
0.0
0.0
0.0
0.0
0.0
0.0
0.0
0.0
0.0
0.015048
0.20699
0.419433
0.526418
0.565175
0.48744299999999996
0.38145
0.211454
0.080834
0.036696
0.0
0.0
0.0
0.0
0.0
0.0
0.0
0.0
0.0
0.0
0.0
0.0
0.0
0.0
0.014239
0.148696
0.345342
0.481741
0.603936
0.650928
0.626035
0.497043
0.33263099999999995
0.11301
0.0
0.0
0.0
0.0
0.0
0.0
0.0
0.0
0.0
0.0
0.0
0.0
0.0
0.0
0.01242
0.10076900000000001
0.251676
0.390639
0.481435
0.497743
0.422965
0.273384
0.179282
0.055615000000000005
0.0
0.0
0.0
0.0
0.0
0.0
0.0
0.0
0.0
0.0
0.0
0.0
0.0
0.0
0.00932
0.125446
0.282832
0.349372
0.514347
0.571886
0.520725
0.40619700000000003
0.240143
0.06686700000000001
0.0
0.0
0.0
0.0
0.0
0.0
0.0
0.0
0.0
0.0
0.0
0.0
0.0
0.0
0.013189
0.10679000000000001
0.289236
0.39278399999999997
0.407248
0.430618
0.396929
0.337401
0.19800299999999998
0.057193
0.0
0.0
0.0
0.0
0.0
0.0
0.0
0.0
0.0
0.0
0.0
0.0
0.0
0.0
0.010489
0.111751
0.220725
0.371035
0.30339299999999997
0.440778
0.402271
0.331492
0.145369
0.058765
0.0
0.0
0.0
0.0
0.0
0.0
0.0
0.0
0.0
0.0
0.0
0.0
0.0
0.0
0.011483
0.118646
0.29064100000000004
0.401094
0.5519740000000001
0.574905
0.512235
0.436899
0.29579300000000003
0.093202
0.0
0.0
0.0
0.0
0.0
0.0
0.0
0.0
0.0
0.0
0.0
0.0
0.0
0.0
0.010462999999999998
0.122732
0.35785300000000003
0.481765
0.568393
0.581927
0.5364009999999999
0.430389
0.270235
0.079766
0.0
0.0
0.0
0.0
0.0
0.0
0.0
0.0
0.0
0.0
0.0
0.0
0.0
0.0
0.020655999999999997
0.212783
0.430631
0.5694969999999999
0.6381169999999999
0.626214
0.600118
0.4975
0.339754
0.115747
0.0
0.0
0.0
0.0
0.0
0.0
0.0
0.0
0.0
0.0
0.0
0.0
0.0
0.0
0.022260000000000002
0.223212
0.447339
0.564126
0.645554
0.27097000000000004
0.385424
0.427143
0.169123
0.110235
0.0
0.0
0.0
0.0
0.0
0.0
0.0
0.0
0.0
0.0
0.0
0.0
0.0
0.0
0.018397
0.205117
0.413094
0.545037
0.626437
0.557361
0.581991
0.477194
0.234888
0.091215
0.0
0.0
0.0
0.0
0.0
0.0
0.0
0.0
0.0
0.0
0.0
0.0
0.0
0.0
0.029213
0.24244900000000003
0.448375
0.573523
0.619557
0.5912459999999999
0.603994
0.498959
0.337736
0.127396
6e-06
0.0
0.0
0.0
0.0
0.0
0.0
0.0
0.0
0.0
0.0
0.0
0.0
0.0
0.014123
0.124606
0.228239
0.366224
0.509459
0.600348
0.556964
0.448052
0.29406099999999996
0.10076
0.0
0.0
0.0
0.0
0.0
0.0
0.0
0.0
0.0
0.0
0.0
0.0
0.0
0.0
0.028890999999999997
0.242506
0.459171
0.611566
0.693509
0.7017859999999999
0.66088
0.551385
0.371736
0.13677
0.00053
0.0
0.0
0.0
0.0
0.0
0.0
0.0
0.0
0.0
0.0
0.0
0.0
0.0
0.02411
0.212368
0.40527199999999997
0.5526789999999999
0.605464
0.6305040000000001
0.594908
0.489631
0.313396
0.11896999999999999
0.000843
0.0
0.0
0.0
0.0
0.0
0.0
0.0
0.0
0.0
0.0
0.0
0.0
0.0
0.038841
0.2502
0.455341
0.620515
0.703831
0.725144
0.679265
0.5652010000000001
0.388007
0.160128
0.00454
0.0
0.0
0.0
0.0
0.0
0.0
0.0
0.0
0.0
0.0
0.0
0.0
0.0
0.022602
0.183636
0.37970299999999996
0.529512
0.618305
0.640486
0.5900059999999999
0.47751
0.289086
0.102904
0.001677
0.0
0.0
0.0
0.0
0.0
0.0
0.0
0.0
0.0
0.0
0.0
0.0
0.0
0.027569
0.206451
0.4179
0.528263
0.5081209999999999
0.419989
0.352629
0.19661199999999998
0.095155
0.060339
0.0015789999999999999
0.0
0.0
0.0
0.0
0.0
0.0
0.0
0.0
0.0
0.0
0.0
0.0
0.0
0.035366
0.181739
0.343383
0.551176
0.5987129999999999
0.6736749999999999
0.639035
0.539588
0.385045
0.15011000000000002
0.006178
0.0
0.0
0.0
0.0
0.0
0.0
0.0
0.0
0.0
0.0
0.0
0.0
0.0
0.037003999999999995
0.231599
0.446879
0.5552999999999999
0.657081
0.6730280000000001
0.601247
0.53551
0.370624
0.153694
0.005019
0.0
0.0
0.0
0.0
0.0
0.0
0.0
0.0
0.0
0.0
0.0
0.0
0.0
0.027106
0.11654300000000001
0.318141
0.394434
0.43349200000000004
0.44428500000000004
0.409478
0.296968
0.210542
0.080746
0.004102000000000001
0.0
0.0
0.0
0.0
0.0
0.0
0.0
0.0
0.0
0.0
0.0
0.0
0.0
0.026907
0.17275100000000002
0.34462099999999996
0.475116
0.568686
0.615916
0.509422
0.449543
0.28116599999999997
0.105269
0.004102000000000001
0.0
0.0
0.0
0.0
0.0
0.0
0.0
0.0
0.0
0.0
0.0
0.0
0.0
0.045013
0.24421
0.413028
0.559775
0.635702
0.653855
0.63375
0.5263369999999999
0.373589
0.154068
0.006853
0.0
0.0
0.0
0.0
0.0
0.0
0.0
0.0
0.0
0.0
0.0
0.0
0.0
0.033475000000000005
0.20893799999999998
0.376092
0.5433239999999999
0.605574
0.654156
0.5819880000000001
0.40800400000000003
0.25595
0.086789
0.008042
0.0
0.0
0.0
0.0
0.0
0.0
0.0
0.0
0.0
0.0
0.0
0.0
0.0
0.029362
0.14208500000000002
0.297873
0.437956
0.5213880000000001
0.535267
0.44851100000000005
0.373159
0.230668
0.089893
0.005266
0.0
0.0
0.0
0.0
0.0
0.0
0.0
0.0
0.0
0.0
0.0
0.0
0.0
0.035103
0.191875
0.344844
0.372161
0.477299
0.508872
0.590875
0.315525
0.23345
0.138974
0.008105000000000001
0.0
0.0
0.0
0.0
0.0
0.0
0.0
0.0
0.0
0.0
0.0
0.0
0.0
0.036101999999999995
0.22159299999999998
0.440601
0.576405
0.6552319999999999
0.672858
0.601795
0.398579
0.285785
0.096947
0.008172
0.0
0.0
0.0
0.0
0.0
0.0
0.0
0.0
0.0
0.0
0.0
0.0
0.0
0.049188
0.203638
0.369502
0.407252
0.644568
0.663924
0.411123
0.426488
0.264142
0.120465
0.009156000000000001
0.0
0.0
0.0
0.0
0.0
0.0
0.0
0.0
0.0
0.0
0.0
0.0
0.0
0.031557
0.086773
0.140284
0.165251
0.170516
0.323662
0.47160199999999997
0.516216
0.323198
0.114481
0.009840999999999999
0.0
0.0
0.0
0.0
0.0
0.0
0.0
0.0
0.0
0.0
0.0
0.0
0.0
0.038549
0.18053
0.353098
0.493979
0.5854600000000001
0.5880460000000001
0.53844
0.43677
0.27105900000000005
0.108766
0.00879
0.0
0.0
0.0
0.0
0.0
0.0
0.0
0.0
0.0
0.0
0.0
0.0
0.0
0.038445
0.13762799999999997
0.15846700000000002
0.299984
0.325601
0.423128
0.377731
0.291743
0.19916399999999998
0.078316
0.009836000000000001
0.0
0.0
0.0
0.0
0.0
0.0
0.0
0.0
0.0
0.0
0.0
0.0
0.0
0.039994999999999996
0.16158
0.146537
0.307535
0.267792
0.248976
0.30751799999999996
0.183983
0.148381
0.10516500000000001
0.011446999999999999
0.0
0.0
0.0
0.0
0.0
0.0
0.0
0.0
0.0
0.0
0.0
0.0
0.0
0.03915
0.14505600000000002
0.168947
0.253061
0.38380200000000003
0.23588499999999998
0.230822
0.265832
0.146156
0.09801900000000001
0.011813
0.0
0.0
0.0
0.0
0.0
0.0
0.0
0.0
0.0
0.0
0.0
0.0
0.0
0.034345999999999995
0.103422
0.221935
0.159645
0.315787
0.165911
0.30517
0.471146
0.267757
0.079984
0.013098
0.0
0.0
0.0
0.0
0.0
0.0
0.0
0.0
0.0
0.0
0.0
0.0
0.0
0.050287
0.081853
0.204475
0.435367
0.493046
0.524082
0.33837
0.22420099999999998
0.227379
0.094837
0.014157999999999999
0.0
0.0
0.0
0.0
0.0
0.0
0.0
0.0
0.0
0.0
0.0
0.0
0.0
0.044621
0.133738
0.224018
0.31418
0.39789800000000003
0.543184
0.43229399999999996
0.37955500000000003
0.22739199999999998
0.10426099999999999
0.016312999999999998
0.0
0.0
0.0
0.0
0.0
0.0
0.0
0.0
0.0
0.0
0.0
0.0
0.0
0.078125
0.313329
0.5104
0.650163
0.727
0.711168
0.676952
0.46730099999999997
0.185008
0.18599000000000002
0.021588999999999997
0.0
0.0
0.0
0.0
0.0
0.0
0.0
0.0
0.0
0.0
0.0
0.0
0.0
0.053305
0.197617
0.368939
0.465823
0.595611
0.619811
0.542535
0.388558
0.173381
0.10959999999999999
0.017728999999999998
0.0
0.0
0.0
0.0
0.0
0.0
0.0
0.0
0.0
0.0
0.0
0.0
0.0
0.0633
0.24609899999999998
0.432062
0.561797
0.661447
0.6858569999999999
0.638422
0.5218700000000001
0.351231
0.157994
0.019109
0.0
0.0
0.0
0.0
0.0
0.0
0.0
0.0
0.0
0.0
0.0
0.0
0.0
0.064232
0.245287
0.432793
0.570385
0.653393
0.64564
0.621971
0.5164030000000001
0.348565
0.14584899999999998
0.021148
0.0
0.0
0.0
0.0
0.0
0.0
0.0
0.0
0.0
0.0
0.0
0.0
0.0
0.058576
0.210934
0.355794
0.467374
0.461719
0.478176
0.5446799999999999
0.405292
0.296767
0.133578
0.025132
0.0
0.0
0.0
0.0
0.0
0.0
0.0
0.0
0.0
0.0
0.0
0.0
0.0
0.066888
0.250269
0.42953399999999997
0.5632119999999999
0.582859
0.6414249999999999
0.605459
0.505252
0.34608
0.150244
0.022553
0.0
0.0
0.0
0.0
0.0
0.0
0.0
0.0
0.0
0.0
0.0
0.0
0.0
0.066954
0.235656
0.411146
0.5572630000000001
0.639827
0.663327
0.609537
0.487193
0.335737
0.149114
0.02275
0.0
0.0
0.0
0.0
0.0
0.0
0.0
0.0
0.0
0.0
0.0
0.0
0.0
0.07311
0.250336
0.427084
0.558491
0.6258579999999999
0.618463
0.585667
0.48844299999999996
0.33316
0.153704
0.023428
0.0
0.0
0.0
0.0
0.0
0.0
0.0
0.0
0.0
0.0
0.0
0.0
0.0
0.066351
0.203046
0.358821
0.48335300000000003
0.566164
0.524281
0.450201
0.38567700000000005
0.21399700000000002
0.140436
0.023037
0.0
0.0
0.0
0.0
0.0
0.0
0.0
0.0
0.0
0.0
0.0
0.0
0.000504
0.09132
0.22403299999999998
0.403141
0.542697
0.632851
0.657362
0.627986
0.40636099999999997
0.247645
0.17633000000000001
0.028262
0.0
0.0
0.0
0.0
0.0
0.0
0.0
0.0
0.0
0.0
0.0
0.0
0.001125
0.086227
0.221279
0.426185
0.528749
0.513145
0.566576
0.472871
0.350903
0.18509
0.148543
0.025536
0.0
0.0
0.0
0.0
0.0
0.0
0.0
0.0
0.0
0.0
0.0
0.0
0.002235
0.062761
0.14447
0.271522
0.347116
0.412676
0.323591
0.31862
0.321609
0.209221
0.13139699999999999
0.029155
0.0
0.0
0.0
0.0
0.0
0.0
0.0
0.0
0.0
0.0
0.0
0.0
0.001567
0.09418800000000001
0.120026
0.149601
0.162186
0.170377
0.393523
0.31191800000000003
0.332219
0.269957
0.14712899999999998
0.038575000000000005
0.0
0.0
0.0
0.0
0.0
0.0
0.0
0.0
0.0
0.0
0.0
0.0
0.003101
0.10166700000000001
0.299102
0.486175
0.6133930000000001
0.6787730000000001
0.685629
0.627556
0.5217970000000001
0.37308600000000003
0.14518899999999998
0.028841000000000002
0.0
0.0
0.0
0.0
0.0
0.0
0.0
0.0
0.0
0.0
0.0
0.0
0.002907
0.058874
0.26005
0.407952
0.388535
0.64324
0.7153440000000001
0.613508
0.5585209999999999
0.402313
0.210895
0.037975999999999996
0.0
0.0
0.0
0.0
0.0
0.0
0.0
0.0
0.0
0.0
0.0
0.0
0.004143
0.084948
0.217632
0.372184
0.436344
0.61805
0.658862
0.593227
0.43887
0.27200599999999997
0.124521
0.033197000000000004
0.0
0.0
0.0
0.0
0.0
0.0
0.0
0.0
0.0
0.0
0.0
0.0
0.005613000000000001
0.080581
0.107754
0.209454
0.251548
0.397003
0.39511900000000005
0.27504
0.149807
0.242504
0.128553
0.040149000000000004
0.0
0.0
0.0
0.0
0.0
0.0
0.0
0.0
0.0
0.0
0.0
0.0
0.005043
0.108889
0.266094
0.389781
0.632999
0.644511
0.6649339999999999
0.5912820000000001
0.474226
0.254304
0.21508000000000002
0.044662999999999994
0.0
0.0
0.0
0.0
0.0
0.0
0.0
0.0
0.0
0.0
0.0
0.0
0.009717
0.09278
0.195874
0.390899
0.43573700000000004
0.583703
0.5715370000000001
0.540107
0.447883
0.257108
0.146844
0.037392
0.0
0.0
0.0
0.0
0.0
0.0
0.0
0.0
0.0
0.0
0.0
0.0
0.0077080000000000004
0.118232
0.309035
0.440251
0.6110099999999999
0.6560159999999999
0.657354
0.604371
0.440456
0.256729
0.175477
0.038784
0.0
0.0
0.0
0.0
0.0
0.0
0.0
0.0
0.0
0.0
0.0
0.0
0.009516
0.093132
0.25864
0.432577
0.581609
0.654944
0.667319
0.5809
0.42671800000000004
0.289432
0.13123500000000002
0.04014
0.0
0.0
0.0
0.0
0.0
0.0
0.0
0.0
0.0
0.0
0.0
0.0
0.010517
0.083365
0.210726
0.36012900000000003
0.534224
0.521925
0.5361889999999999
0.575342
0.505578
0.36160899999999996
0.17575100000000002
0.040148
0.0
0.0
0.0
0.0
0.0
0.0
0.0
0.0
0.0
0.0
0.0
0.0
0.011015
0.094028
0.274617
0.40104
0.466015
0.659455
0.707279
0.6827409999999999
0.5802390000000001
0.42789699999999997
0.226407
0.040644
0.0
0.0
0.0
0.0
0.0
0.0
0.0
0.0
0.0
0.0
0.0
0.0
0.011489000000000001
0.095289
0.208206
0.452323
0.576001
0.676925
0.685453
0.6594779999999999
0.533584
0.26392899999999997
0.176578
0.045269
0.0
0.0
0.0
0.0
0.0
0.0
0.0
0.0
0.0
0.0
0.0
0.0
0.015581
0.098188
0.13819
0.324246
0.445328
0.517813
0.754127
0.644619
0.437778
0.19780699999999998
0.17409
0.046558
0.0
0.0
0.0
0.0
0.0
0.0
0.0
0.0
0.0
0.0
0.0
0.0
0.015922000000000002
0.10449299999999999
0.28327800000000003
0.316481
0.575043
0.59773
0.591265
0.633035
0.355954
0.22297
0.14093
0.053453
0.0
0.0
0.0
0.0
0.0
0.0
0.0
0.0
0.0
0.0
0.0
0.0
0.017789000000000003
0.108518
0.252651
0.29928699999999997
0.447558
0.388558
0.356417
0.36392599999999997
0.462434
0.282082
0.139958
0.058053
0.0
0.0
0.0
0.0
0.0
0.0
0.0
0.0
0.0
0.0
0.0
0.0
0.016685
0.091561
0.251186
0.40199900000000005
0.454084
0.532923
0.528906
0.46732
0.432196
0.40513299999999997
0.174117
0.049788
0.0
0.0
0.0
0.0
0.0
0.0
0.0
0.0
0.0
0.0
0.0
0.0
0.020285
0.145241
0.347395
0.530668
0.648913
0.723346
0.737537
0.686063
0.551408
0.379753
0.156552
0.05124
0.0
0.0
0.0
0.0
0.0
0.0
0.0
0.0
0.0
0.0
0.0
0.0
0.020725999999999998
0.105765
0.27884699999999996
0.50927
0.634107
0.701809
0.712545
0.640401
0.520774
0.33462200000000003
0.183035
0.05086
0.0
0.0
0.0
0.0
0.0
0.0
0.0
0.0
0.0
0.0
0.0
0.0
0.022922
0.150922
0.32161900000000004
0.523497
0.547398
0.607527
0.496637
0.542424
0.383738
0.251994
0.144823
0.043853
0.0
0.0
0.0
0.0
0.0
0.0
0.0
0.0
0.0
0.0
0.0
0.0
0.025463
0.130261
0.263077
0.428617
0.565778
0.6068049999999999
0.587644
0.618184
0.484089
0.257742
0.144184
0.043256
0.0
0.0
0.0
0.0
0.0
0.0
0.0
0.0
0.0
0.0
0.0
0.0
0.02407
0.10477500000000001
0.25581200000000004
0.35768700000000003
0.491754
0.411925
0.327226
0.34170100000000003
0.450805
0.285039
0.173057
0.051941
0.0
0.0
0.0
0.0
0.0
0.0
0.0
0.0
0.0
0.0
0.0
0.0
0.035262999999999996
0.1225
0.248757
0.311507
0.5256559999999999
0.5202169999999999
0.5666140000000001
0.517639
0.458846
0.340409
0.17691800000000002
0.052046
0.0
0.0
0.0
0.0
0.0
0.0
0.0
0.0
0.0
0.0
0.0
0.0
0.026402000000000002
0.079101
0.12221699999999999
0.277818
0.32108499999999995
0.294527
0.26982799999999996
0.181002
0.15947399999999998
0.123411
0.072006
0.034218000000000005
0.0
0.0
0.0
0.0
0.0
0.0
0.0
0.0
0.0
0.0
0.0
0.0
0.034774
0.15206299999999998
0.258505
0.494971
0.544671
0.443905
0.464764
0.37511900000000004
0.389692
0.30336799999999997
0.191207
0.054726
0.0
0.0
0.0
0.0
0.0
0.0
0.0
0.0
0.0
0.0
0.0
0.0
0.036676
0.182307
0.373759
0.486314
0.6832699999999999
0.709011
0.6871970000000001
0.65012
0.39778800000000003
0.435366
0.252906
0.061778
0.0
0.0
0.0
0.0
0.0
0.0
0.0
0.0
0.0
0.0
0.0
0.0
0.024117999999999997
0.088865
0.24425
0.38414299999999996
0.629316
0.643418
0.752235
0.628199
0.5495140000000001
0.374016
0.217665
0.060049
0.0
0.0
0.0
0.0
0.0
0.0
0.0
0.0
0.0
0.0
0.0
0.0
0.03805
0.17183600000000002
0.360856
0.5402279999999999
0.588908
0.686023
0.674889
0.575495
0.47146
0.3466
0.198714
0.058276
0.0
0.0
0.0
0.0
0.0
0.0
0.0
0.0
0.0
0.0
0.0
0.0
0.049677
0.17395500000000003
0.375624
0.554304
0.671355
0.725646
0.7350460000000001
0.675728
0.580941
0.419572
0.235036
0.064663
0.0
0.0
0.0
0.0
0.0
0.0
0.0
0.0
0.0
0.0
0.0
0.0
0.039558
0.13841399999999998
0.26067399999999996
0.388611
0.563086
0.6468010000000001
0.669643
0.604294
0.495267
0.334563
0.17583000000000001
0.057538
3.4e-05
0.0
0.0
0.0
0.0
0.0
0.0
0.0
0.0
0.0
0.0
0.0
0.041182
0.16206
0.405598
0.589183
0.5976670000000001
0.438722
0.5807469999999999
0.543658
0.565005
0.365211
0.161584
0.05798
0.0
0.0
0.0
0.0
0.0
0.0
0.0
0.0
0.0
0.0
0.0
0.0
0.044607999999999995
0.18442699999999998
0.357194
0.470717
0.6130399999999999
0.5955159999999999
0.688987
0.530161
0.33742300000000003
0.316044
0.231988
0.062305
0.0006490000000000001
0.0
0.0
0.0
0.0
0.0
0.0
0.0
0.0
0.0
0.0
0.0
0.030744
0.07037
0.10864499999999999
0.177696
0.181447
0.24547999999999998
0.508457
0.26516300000000004
0.259154
0.182071
0.07965900000000001
0.038868
0.001335
0.0
0.0
0.0
0.0
0.0
0.0
0.0
0.0
0.0
0.0
0.0
0.043213999999999995
0.14018
0.285978
0.424195
0.618644
0.640595
0.665021
0.530164
0.241333
0.21497300000000003
0.154592
0.076356
0.00136
0.0
0.0
0.0
0.0
0.0
0.0
0.0
0.0
0.0
0.0
0.0
0.047255000000000005
0.165213
0.34962400000000005
0.43458800000000003
0.486057
0.4806
0.525344
0.507147
0.509437
0.358182
0.189507
0.064296
0.001282
0.0
0.0
0.0
0.0
0.0
0.0
0.0
0.0
0.0
0.0
0.0
0.052840000000000005
0.186699
0.372453
0.541782
0.651499
0.626281
0.642033
0.424349
0.491406
0.297175
0.202328
0.080218
0.002388
0.0
0.0
0.0
0.0
0.0
0.0
0.0
0.0
0.0
0.0
0.0
0.0585
0.165909
0.29034699999999997
0.396384
0.5624589999999999
0.6102369999999999
0.646868
0.551542
0.468248
0.340614
0.162656
0.06296500000000001
0.0005560000000000001
0.0
0.0
0.0
0.0
0.0
0.0
0.0
0.0
0.0
0.0
0.0
0.053113
0.15293299999999999
0.274296
0.353514
0.423336
0.38578199999999996
0.310457
0.47725
0.438791
0.31714
0.18159
0.069214
0.0026089999999999998
0.0
0.0
0.0
0.0
0.0
0.0
0.0
0.0
0.0
0.0
0.0
0.056928
0.077756
0.110733
0.207834
0.15887600000000002
0.288402
0.287428
0.158521
0.15742599999999998
0.12077299999999999
0.13871799999999998
0.05045
0.0027679999999999996
0.0
0.0
0.0
0.0
0.0
0.0
0.0
0.0
0.0
0.0
0.0
0.059996
0.19231600000000001
0.26587700000000003
0.332689
0.5005
0.497405
0.629542
0.520419
0.444486
0.297755
0.186107
0.071941
0.0033039999999999996
0.0
0.0
0.0
0.0
0.0
0.0
0.0
0.0
0.0
0.0
0.0
0.042008000000000004
0.097054
0.147274
0.23381200000000002
0.43277
0.331181
0.34784899999999996
0.532027
0.563067
0.40518
0.22639099999999998
0.076611
0.004449
0.0
0.0
0.0
0.0
0.0
0.0
0.0
0.0
0.0
0.0
0.001106
0.064792
0.220841
0.412937
0.578404
0.681261
0.692702
0.574813
0.592538
0.561448
0.39741899999999997
0.246106
0.07539900000000001
0.00368
0.0
0.0
0.0
0.0
0.0
0.0
0.0
0.0
0.0
0.0
0.001026
0.066901
0.21125200000000002
0.388621
0.502206
0.625458
0.626162
0.6751280000000001
0.40172199999999997
0.395986
0.319975
0.216607
0.072802
0.004256
0.0
0.0
0.0
0.0
0.0
0.0
0.0
0.0
0.0
0.0
0.0014290000000000001
0.064518
0.193875
0.357085
0.500587
0.599777
0.6852229999999999
0.6755410000000001
0.63532
0.524485
0.361043
0.20569900000000002
0.073298
0.004175
0.0
0.0
0.0
0.0
0.0
0.0
0.0
0.0
0.0
0.0
0.002163
0.061395000000000005
0.266726
0.459433
0.6189260000000001
0.682886
0.710853
0.7265940000000001
0.592518
0.257925
0.203738
0.162591
0.059474
0.004126
0.0
0.0
0.0
0.0
0.0
0.0
0.0
0.0
0.0
0.0
0.0020169999999999997
0.067919
0.20672
0.385256
0.523158
0.58705
0.6744479999999999
0.6693830000000001
0.630914
0.527552
0.387428
0.213119
0.075333
0.005213
0.0
0.0
0.0
0.0
0.0
0.0
0.0
0.0
0.0
0.0
0.0032890000000000003
0.073113
0.182395
0.331446
0.491291
0.547961
0.583337
0.43660000000000004
0.554335
0.455407
0.33949
0.19303499999999998
0.07345099999999999
0.005726
0.0
0.0
0.0
0.0
0.0
0.0
0.0
0.0
0.0
0.0
0.003206
0.07460699999999999
0.23909
0.424786
0.524175
0.6629550000000001
0.7009650000000001
0.668421
0.637458
0.509528
0.36978300000000003
0.203124
0.073874
0.006973
0.0
0.0
0.0
0.0
0.0
0.0
0.0
0.0
0.0
0.0
0.003534
0.082047
0.27113
0.462887
0.599785
0.701156
0.746662
0.73854
0.6629769999999999
0.547
0.388449
0.24635300000000002
0.088801
0.006766
0.0
0.0
0.0
0.0
0.0
0.0
0.0
0.0
0.0
0.0
0.00437
0.071782
0.188404
0.336852
0.462793
0.512817
0.561973
0.543472
0.526833
0.428333
0.28413499999999997
0.191432
0.076461
0.006814
0.0
0.0
0.0
0.0
0.0
0.0
0.0
0.0
0.0
0.0
0.0048259999999999996
0.072495
0.18942599999999998
0.35004599999999997
0.478408
0.6252859999999999
0.6551950000000001
0.672495
0.5355700000000001
0.425875
0.337252
0.236869
0.070684
0.007295
0.0
0.0
0.0
0.0
0.0
0.0
0.0
0.0
0.0
0.0
0.0061790000000000005
0.07909000000000001
0.200297
0.34437599999999996
0.39786099999999996
0.5651
0.589689
0.5967129999999999
0.493239
0.40498399999999996
0.296447
0.169267
0.07824500000000001
0.008409000000000002
0.0
0.0
0.0
0.0
0.0
0.0
0.0
0.0
0.0
0.0
0.003633
0.051923000000000004
0.10598
0.19967400000000002
0.30135500000000004
0.278532
0.359965
0.583865
0.40099799999999997
0.358223
0.153117
0.109054
0.055639
0.008432
0.0
0.0
0.0
0.0
0.0
0.0
0.0
0.0
0.0
0.0
0.0068330000000000005
0.083926
0.149483
0.270906
0.523327
0.513178
0.664852
0.6921309999999999
0.6707329999999999
0.497244
0.408295
0.23960900000000002
0.06981399999999999
0.01114
0.0
0.0
0.0
0.0
0.0
0.0
0.0
0.0
0.0
0.0
0.008743
0.08501099999999999
0.197685
0.305977
0.497904
0.52519
0.560697
0.5271359999999999
0.545671
0.43964299999999995
0.324215
0.181256
0.082756
0.010320000000000001
0.0
0.0
0.0
0.0
0.0
0.0
0.0
0.0
0.0
0.0
0.008234
0.064428
0.227196
0.349826
0.506437
0.658906
0.628732
0.699168
0.530575
0.46686700000000003
0.306528
0.183258
0.070757
0.010796
0.0
0.0
0.0
0.0
0.0
0.0
0.0
0.0
0.0
0.0
0.009869
0.08336299999999999
0.243733
0.39185000000000003
0.406866
0.581211
0.59239
0.51638
0.62187
0.522098
0.39479899999999996
0.212155
0.084988
0.013682
0.0
0.0
0.0
0.0
0.0
0.0
0.0
0.0
0.0
0.0
0.011723
0.062115000000000004
0.182041
0.380716
0.5180220000000001
0.583273
0.6349389999999999
0.637771
0.645084
0.539575
0.419551
0.240356
0.090182
0.012387
0.0
0.0
0.0
0.0
0.0
0.0
0.0
0.0
0.0
0.0
0.010621
0.095479
0.267
0.44277
0.5792480000000001
0.670554
0.710237
0.652841
0.641822
0.563187
0.42706099999999997
0.26143700000000003
0.093663
0.012369
0.0
0.0
0.0
0.0
0.0
0.0
0.0
0.0
0.0
0.0
0.011595000000000001
0.09132
0.22546100000000002
0.386805
0.484496
0.605431
0.595
0.648126
0.5765170000000001
0.517529
0.371196
0.194437
0.09203
0.014719
0.0
0.0
0.0
0.0
0.0
0.0
0.0
0.0
0.0
0.0
0.012910999999999999
0.09589
0.235446
0.414072
0.517254
0.585902
0.6724880000000001
0.652069
0.605664
0.5671900000000001
0.38445999999999997
0.20427199999999998
0.082088
0.014291
0.0
0.0
0.0
0.0
0.0
0.0
0.0
0.0
0.0
0.0
0.012695
0.092904
0.246558
0.412646
0.543871
0.6362140000000001
0.683164
0.6834990000000001
0.650269
0.424391
0.361908
0.201633
0.08106699999999999
0.010044
0.0
0.0
0.0
0.0
0.0
0.0
0.0
0.0
0.0
0.0
0.009484999999999999
0.064883
0.130507
0.18733699999999998
0.338537
0.25651
0.354702
0.27066500000000004
0.303995
0.358166
0.27161399999999997
0.20592500000000002
0.09710099999999999
0.01786
0.0
0.0
0.0
0.0
0.0
0.0
0.0
0.0
0.0
0.0
0.014998
0.094734
0.23061
0.40256200000000003
0.447535
0.6000359999999999
0.561137
0.6101559999999999
0.605178
0.41597199999999995
0.328457
0.19439599999999999
0.089997
0.01582
0.0
0.0
0.0
0.0
0.0
0.0
0.0
0.0
0.0
0.0
0.017033
0.10256799999999999
0.20557
0.351797
0.519655
0.596817
0.48623099999999997
0.6379750000000001
0.6281140000000001
0.491328
0.31834300000000004
0.22952899999999998
0.087342
0.012137
0.0
0.0
0.0
0.0
0.0
0.0
0.0
0.0
0.0
0.0
0.015661
0.101596
0.26544999999999996
0.434773
0.561462
0.6674260000000001
0.72212
0.734833
0.6497240000000001
0.549928
0.400145
0.232363
0.094721
0.017359000000000003
0.0
0.0
0.0
0.0
0.0
0.0
0.0
0.0
0.0
0.0
0.018559000000000003
0.121181
0.26542200000000005
0.380959
0.518514
0.581763
0.56632
0.516222
0.600497
0.41002999999999995
0.389596
0.222394
0.091982
0.018058
0.0
0.0
0.0
0.0
0.0
0.0
0.0
0.0
0.0
0.0
0.016149999999999998
0.094288
0.253776
0.440732
0.602297
0.6915399999999999
0.748228
0.6941609999999999
0.657899
0.569893
0.413516
0.21402600000000002
0.09174299999999999
0.016707
0.0
0.0
0.0
0.0
0.0
0.0
0.0
0.0
0.0
0.0
0.017574000000000003
0.100365
0.276161
0.419315
0.487983
0.5722569999999999
0.627986
0.696442
0.656574
0.546511
0.349817
0.237913
0.115025
0.026543
0.0
0.0
0.0
0.0
0.0
0.0
0.0
0.0
0.0
0.0
0.018506
0.10420399999999999
0.263935
0.427219
0.560748
0.632691
0.691381
0.63397
0.5963930000000001
0.5217350000000001
0.42089299999999996
0.230406
0.08520900000000001
0.014336999999999999
0.0
0.0
0.0
0.0
0.0
0.0
0.0
0.0
0.0
0.0
0.013524
0.070105
0.142157
0.219166
0.531402
0.641922
0.7297619999999999
0.711955
0.6644009999999999
0.5646209999999999
0.453536
0.27846699999999996
0.108507
0.019254
0.0
0.0
0.0
0.0
0.0
0.0
0.0
0.0
0.0
0.0
0.020301
0.101912
0.26283100000000004
0.40922699999999995
0.539485
0.6531710000000001
0.614848
0.573428
0.337092
0.461553
0.40846
0.17903
0.07890000000000001
0.015132999999999999
0.0
0.0
0.0
0.0
0.0
0.0
0.0
0.0
0.0
0.0
0.015801
0.082668
0.145088
0.196676
0.379377
0.561884
0.49737200000000004
0.652181
0.460882
0.44425099999999995
0.281981
0.23930500000000002
0.09504900000000001
0.021363
0.0
0.0
0.0
0.0
0.0
0.0
0.0
0.0
0.0
0.0
0.020505
0.076161
0.142662
0.240238
0.29982
0.344738
0.36043400000000003
0.35081799999999996
0.45788999999999996
0.343331
0.2581
0.202119
0.102212
0.025275
0.0
0.0
0.0
0.0
0.0
0.0
0.0
0.0
0.0
0.0
0.024809
0.108582
0.243763
0.317718
0.5226660000000001
0.522786
0.6628419999999999
0.610019
0.517034
0.492971
0.268935
0.26072500000000004
0.10261100000000001
0.022724
0.0
0.0
0.0
0.0
0.0
0.0
0.0
0.0
0.0
0.0
0.021775
0.109738
0.26686
0.416887
0.463385
0.634726
0.39248700000000003
0.663704
0.614571
0.49234100000000003
0.346449
0.246761
0.09716200000000001
0.024038
0.0
0.0
0.0
0.0
0.0
0.0
0.0
0.0
0.0
0.0
0.033618
0.095454
0.20659200000000003
0.338924
0.45769600000000005
0.521418
0.606693
0.490985
0.47093599999999997
0.427959
0.35910000000000003
0.202897
0.10976699999999999
0.024642
0.0
0.0
0.0
0.0
0.0
0.0
0.0
0.0
0.0
0.0
0.024937
0.098925
0.209354
0.324767
0.515612
0.642698
0.6339
0.44194
0.413793
0.35020999999999997
0.22683699999999998
0.253901
0.097307
0.024821000000000003
0.0
0.0
0.0
0.0
0.0
0.0
0.0
0.0
0.0
0.0
0.026643999999999998
0.082614
0.17635499999999998
0.316201
0.173966
0.21366200000000002
0.309362
0.31488
0.45167399999999996
0.501032
0.388714
0.24047200000000002
0.09838200000000001
0.025779
0.0
0.0
0.0
0.0
0.0
0.0
0.0
0.0
0.0
0.0
0.023446
0.067773
0.17995
0.327156
0.362801
0.431595
0.630342
0.677833
0.612783
0.551655
0.40217200000000003
0.25732900000000003
0.097786
0.034777
0.0
0.0
0.0
0.0
0.0
0.0
0.0
0.0
0.0
0.0
0.023899999999999998
0.09703
0.19852
0.31929399999999997
0.47125
0.5650879999999999
0.6175109999999999
0.6505209999999999
0.569018
0.48682
0.36206299999999997
0.224107
0.103967
0.026292000000000003
0.0
0.0
0.0
0.0
0.0
0.0
0.0
0.0
0.0
0.0
0.020466
0.11480800000000001
0.289736
0.464306
0.581737
0.6751130000000001
0.7251879999999999
0.738936
0.6860299999999999
0.600294
0.473387
0.305243
0.11761100000000001
0.021533
0.0
0.0
0.0
0.0
0.0
0.0
0.0
0.0
0.0
0.0
0.030896999999999997
0.07322799999999999
0.192152
0.187634
0.223835
0.251709
0.268532
0.266432
0.252724
0.292058
0.188298
0.192528
0.07806
0.028024
0.0
0.0
0.0
0.0
0.0
0.0
0.0
0.0
0.0
0.0
0.035656999999999994
0.09540000000000001
0.252884
0.31391699999999995
0.316975
0.454444
0.570458
0.422026
0.357296
0.301188
0.243544
0.17333400000000002
0.097724
0.028483
0.0
0.0
0.0
0.0
0.0
0.0
0.0
0.0
0.0
0.0
0.024444
0.085232
0.165398
0.390356
0.49866699999999997
0.464783
0.48730399999999996
0.5995280000000001
0.385553
0.251808
0.20677500000000001
0.113199
0.07176
0.021906
0.0
0.0
0.0
0.0
0.0
0.0
0.0
0.0
0.0
0.0
0.020267
0.06641
0.11238
0.20355600000000001
0.21493299999999999
0.6688390000000001
0.703271
0.753776
0.645171
0.563612
0.45763
0.284103
0.123131
0.028625
0.0
0.0
0.0
0.0
0.0
0.0
0.0
0.0
0.0
0.0
0.025514
0.111951
0.28072199999999997
0.454898
0.5912820000000001
0.688194
0.682373
0.752231
0.650485
0.5837960000000001
0.44269600000000003
0.28292500000000004
0.120083
0.02836
0.0
0.0
0.0
0.0
0.0
0.0
0.0
0.0
0.0
0.0
0.027625
0.110293
0.237749
0.35575
0.45628500000000005
0.53518
0.58894
0.6702899999999999
0.573173
0.43953699999999996
0.35357299999999997
0.22428499999999998
0.11102
0.031438
0.0
0.0
0.0
0.0
0.0
0.0
0.0
0.0
0.0
0.0
0.025547
0.110994
0.275329
0.40152499999999997
0.467245
0.609202
0.619445
0.546246
0.451055
0.305219
0.311526
0.166594
0.10616800000000001
0.029693999999999998
0.0
0.0
0.0
0.0
0.0
0.0
0.0
0.0
0.0
0.0
0.035919
0.083427
0.240448
0.220962
0.382313
0.399546
0.294754
0.309074
0.28339
0.44311399999999995
0.28153300000000003
0.165715
0.10262600000000001
0.033067
0.0
0.0
0.0
0.0
0.0
0.0
0.0
0.0
0.0
0.0
0.024234000000000002
0.114691
0.302833
0.46665300000000004
0.5847640000000001
0.664062
0.70435
0.736506
0.6667369999999999
0.5809869999999999
0.483098
0.29225599999999996
0.13120099999999998
0.023559999999999998
0.0
0.0
0.0
0.0
0.0
0.0
0.0
0.0
0.0
0.0
0.025495999999999998
0.087958
0.16415000000000002
0.169013
0.320609
0.343971
0.440368
0.22907
0.484587
0.365108
0.340334
0.201178
0.11158499999999999
0.029803
0.0
0.0
0.0
0.0
0.0
0.0
0.0
0.0
0.0
0.0
0.034186
0.139725
0.186196
0.214321
0.198653
0.318662
0.520737
0.411362
0.500632
0.267716
0.235285
0.137373
0.098995
0.030517
0.0
0.0
0.0
0.0
0.0
0.0
0.0
0.0
0.0
0.0
0.028140000000000002
0.100481
0.207891
0.347529
0.42623500000000003
0.511394
0.5177309999999999
0.528963
0.563071
0.483665
0.387229
0.237966
0.11484399999999999
0.034472
0.0
0.0
0.0
0.0
0.0
0.0
0.0
0.0
0.0
0.0
0.023743
0.102824
0.223168
0.292916
0.325447
0.6002240000000001
0.561164
0.588886
0.489575
0.42227499999999996
0.388364
0.244271
0.094222
0.033319
0.0
0.0
0.0
0.0
0.0
0.0
0.0
0.0
0.0
0.0
0.027197
0.10649299999999999
0.276935
0.43363
0.481277
0.638596
0.60622
0.684448
0.6628630000000001
0.598092
0.46220999999999995
0.276471
0.139065
0.022024000000000002
0.0
0.0
0.0
0.0
0.0
0.0
0.0
0.0
0.0
0.0
0.024021
0.091737
0.264298
0.437168
0.486999
0.632654
0.692349
0.716677
0.6046509999999999
0.635726
0.432587
0.249432
0.120253
0.029886
0.0
0.0
0.0
0.0
0.0
0.0
0.0
0.0
0.0
0.0
0.026243
0.095899
0.26427
0.433273
0.566063
0.6441509999999999
0.583448
0.600371
0.509779
0.17564500000000002
0.299613
0.27581900000000004
0.11565099999999999
0.028142
0.0
0.0
0.0
0.0
0.0
0.0
0.0
0.0
0.0
0.0
0.028538
0.106364
0.223374
0.387989
0.516496
0.43250099999999997
0.512321
0.639897
0.572889
0.35357
0.17125200000000002
0.118101
0.103118
0.026636
0.0
0.0
0.0
0.0
0.0
0.0
0.0
0.0
0.0
0.0
0.023529
0.11049500000000001
0.281776
0.34984699999999996
0.366714
0.5264690000000001
0.674803
0.642548
0.655224
0.530069
0.267229
0.15388200000000002
0.07806
0.039648
0.0
0.0
0.0
0.0
0.0
0.0
0.0
0.0
0.0
0.0
0.024245000000000003
0.054240000000000003
0.145054
0.345553
0.6057319999999999
0.6308339999999999
0.487149
0.492584
0.354548
0.24556999999999998
0.26838799999999996
0.11228
0.060925
0.025759
0.0
0.0
0.0
0.0
0.0
0.0
0.0
0.0
0.0
0.0
0.02525
0.060618000000000005
0.133766
0.14578899999999997
0.196083
0.31978199999999996
0.46081900000000003
0.299825
0.49502300000000005
0.25892000000000004
0.182226
0.181807
0.06804500000000001
0.041908
0.0
0.0
0.0
0.0
0.0
0.0
0.0
0.0
0.0
0.0
0.024971
0.09566
0.124764
0.169656
0.310112
0.28689299999999995
0.273598
0.199643
0.208298
0.187583
0.13061799999999998
0.11443099999999999
0.084335
0.034283
0.0
0.0
0.0
0.0
0.0
0.0
0.0
0.0
0.0
0.0
0.028905999999999998
0.089505
0.149814
0.269127
0.44549900000000003
0.5484880000000001
0.569345
0.458294
0.51718
0.47502300000000003
0.36011200000000004
0.244172
0.10776300000000001
0.037318
0.0
0.0
0.0
0.0
0.0
0.0
0.0
0.0
0.0
0.0
0.027631
0.097763
0.204353
0.291744
0.525173
0.549942
0.571967
0.714441
0.6477970000000001
0.392123
0.302913
0.220893
0.09813200000000001
0.033928
0.0
0.0
0.0
0.0
0.0
0.0
0.0
0.0
0.0
0.0
0.022628
0.107045
0.278568
0.44035599999999997
0.566222
0.637621
0.708082
0.687481
0.665611
0.555806
0.16403600000000002
0.202239
0.09850400000000001
0.031532
0.0
0.0
0.0
0.0
0.0
0.0
0.0
0.0
0.0
0.0
0.02625
0.10567700000000001
0.241885
0.38582799999999995
0.45101600000000003
0.601557
0.5541699999999999
0.5521130000000001
0.519338
0.49976499999999996
0.328589
0.222242
0.11216
0.039021
0.0
0.0
0.0
0.0
0.0
0.0
0.0
0.0
0.0
0.0
0.022743
0.077768
0.091437
0.15531899999999998
0.401125
0.21528
0.277619
0.167123
0.31441199999999997
0.378364
0.399885
0.324627
0.150533
0.0297
0.0
0.0
0.0
0.0
0.0
0.0
0.0
0.0
0.0
0.0
0.023899
0.107354
0.251631
0.35859399999999997
0.554
0.574765
0.157862
0.6108429999999999
0.467733
0.391779
0.206707
0.10098900000000001
0.06613200000000001
0.034048
0.0
0.0
0.0
0.0
0.0
0.0
0.0
0.0
0.0
0.0
0.019524999999999997
0.10735299999999999
0.23303000000000001
0.360889
0.45919
0.605947
0.607754
0.5434289999999999
0.5579829999999999
0.312828
0.29201299999999997
0.163887
0.111046
0.039848
0.0
0.0
0.0
0.0
0.0
0.0
0.0
0.0
0.0
0.0
0.024165
0.10614
0.261004
0.418323
0.530446
0.628464
0.671038
0.668314
0.650554
0.549608
0.43992200000000004
0.226407
0.11941
0.036487
0.0
0.0
0.0
0.0
0.0
0.0
0.0
0.0
0.0
0.0
0.021914000000000003
0.09092
0.182439
0.356322
0.51222
0.562466
0.66498
0.637952
0.678295
0.475306
0.260262
0.25018
0.095339
0.033004
0.0
0.0
0.0
0.0
0.0
0.0
0.0
0.0
0.0
0.0
0.022062000000000002
0.075225
0.189229
0.244068
0.202347
0.45063200000000003
0.419221
0.240543
0.502304
0.353283
0.210423
0.15077600000000002
0.088357
0.035506
0.0
0.0
0.0
0.0
0.0
0.0
0.0
0.0
0.0
0.0
0.02115
0.059094
0.092673
0.19652699999999998
0.104411
0.285392
0.306659
0.403356
0.429591
0.218256
0.255803
0.160712
0.122943
0.030728000000000002
0.0
0.0
0.0
0.0
0.0
0.0
0.0
0.0
0.0
0.0
0.023332000000000002
0.087693
0.252777
0.387957
0.511377
0.594475
0.507853
0.6337820000000001
0.473549
0.379019
0.328017
0.21093
0.138663
0.038467
0.0
0.0
0.0
0.0
0.0
0.0
0.0
0.0
0.0
0.0
0.022251
0.091982
0.176538
0.251488
0.361676
0.526729
0.44520499999999996
0.583006
0.375077
0.41661000000000004
0.323638
0.203256
0.11262699999999999
0.053244
0.0
0.0
0.0
0.0
0.0
0.0
0.0
0.0
0.0
0.0
0.024312
0.102381
0.142322
0.296633
0.303405
0.36260899999999996
0.541931
0.483016
0.532929
0.499421
0.324834
0.29208
0.14426499999999998
0.032661
0.0
0.0
0.0
0.0
0.0
0.0
0.0
0.0
0.0
0.0
0.022983
0.071786
0.163438
0.206149
0.27096699999999996
0.210855
0.300546
0.27117899999999995
0.21244200000000002
0.19512700000000002
0.164583
0.13509000000000002
0.111043
0.034807000000000005
0.0
0.0
0.0
0.0
0.0
0.0
0.0
0.0
0.0
0.0
0.028086
0.08019899999999999
0.196256
0.408511
0.442414
0.42079
0.62094
0.5521849999999999
0.508269
0.44149299999999997
0.45426799999999995
0.285728
0.13572800000000002
0.035051
0.0
0.0
0.0
0.0
0.0
0.0
0.0
0.0
0.0
0.0
0.020946000000000003
0.094707
0.237253
0.40897
0.515139
0.610112
0.696857
0.6902050000000001
0.6588630000000001
0.541551
0.415863
0.281304
0.122182
0.035309
0.0
0.0
0.0
0.0
0.0
0.0
0.0
0.0
0.0
0.0
0.020402
0.09036
0.207531
0.256815
0.351403
0.32522500000000004
0.255569
0.24890299999999999
0.287339
0.31156
0.30067099999999997
0.18373699999999998
0.108905
0.030510000000000002
0.0
0.0
0.0
0.0
0.0
0.0
0.0
0.0
0.0
0.0
0.023256
0.096345
0.216756
0.37288299999999996
0.448675
0.5581710000000001
0.56638
0.551423
0.601642
0.469883
0.307375
0.26148899999999997
0.127243
0.037193
0.0
0.0
0.0
0.0
0.0
0.0
0.0
0.0
0.0
0.0
0.018899000000000003
0.08048999999999999
0.14562
0.220922
0.35722899999999996
0.35806400000000005
0.27528800000000003
0.341618
0.459659
0.44762799999999997
0.372173
0.248387
0.122031
0.040155
0.0
0.0
0.0
0.0
0.0
0.0
0.0
0.0
0.0
0.0
0.01669
0.069131
0.10967700000000001
0.193488
0.456568
0.467723
0.260027
0.187432
0.392291
0.379774
0.23693899999999998
0.21760300000000002
0.079075
0.038391
0.0
0.0
0.0
0.0
0.0
0.0
0.0
0.0
0.0
0.0
0.017735
0.093308
0.253847
0.419212
0.538299
0.630226
0.643509
0.6991710000000001
0.633035
0.6025320000000001
0.450542
0.236457
0.10159699999999999
0.032583
0.0
0.0
0.0
0.0
0.0
0.0
0.0
0.0
0.0
0.0
0.016980000000000002
0.075807
0.195775
0.273551
0.50182
0.6195940000000001
0.661672
0.6725890000000001
0.637223
0.50971
0.387092
0.287056
0.133515
0.037534
0.0
0.0
0.0
0.0
0.0
0.0
0.0
0.0
0.0
0.0
0.016135
0.09373000000000001
0.260959
0.43376
0.5700320000000001
0.645457
0.650837
0.633327
0.5928709999999999
0.595078
0.437233
0.309439
0.124736
0.031733
0.0
0.0
0.0
0.0
0.0
0.0
0.0
0.0
0.0
0.0
0.015732
0.092047
0.251899
0.41238400000000003
0.510468
0.625703
0.672541
0.690353
0.647774
0.5635370000000001
0.45407
0.285284
0.135647
0.030601
0.0
0.0
0.0
0.0
0.0
0.0
0.0
0.0
0.0
0.0
0.016596
0.083899
0.218693
0.35876600000000003
0.507328
0.600414
0.6597029999999999
0.669593
0.621481
0.5029089999999999
0.280935
0.220374
0.106708
0.034199
0.0
0.0
0.0
0.0
0.0
0.0
0.0
0.0
0.0
0.0
0.014432
0.086617
0.259
0.428456
0.557516
0.65476
0.706966
0.7165199999999999
0.6645209999999999
0.5752970000000001
0.44839999999999997
0.31474
0.117549
0.029894999999999998
0.0
0.0
0.0
0.0
0.0
0.0
0.0
0.0
0.0
0.0
0.018372
0.06764400000000001
0.235324
0.29432600000000003
0.33686
0.52228
0.462418
0.535462
0.521938
0.399577
0.304409
0.203923
0.087472
0.040153
0.0
0.0
0.0
0.0
0.0
0.0
0.0
0.0
0.0
0.0
0.013537
0.088737
0.229197
0.32119600000000004
0.29958300000000004
0.514509
0.381967
0.6601710000000001
0.5671889999999999
0.460389
0.26777300000000004
0.207057
0.07636799999999999
0.029166
0.0
0.0
0.0
0.0
0.0
0.0
0.0
0.0
0.0
0.0
0.013349
0.07200799999999999
0.131718
0.207322
0.23181100000000002
0.368608
0.27177100000000004
0.280292
0.39323899999999995
0.276469
0.260635
0.25033099999999997
0.10321899999999999
0.033722999999999996
0.0
0.0
0.0
0.0
0.0
0.0
0.0
0.0
0.0
0.0
0.016273
0.061968
0.19275299999999998
0.33573000000000003
0.45349700000000004
0.36049000000000003
0.6140549999999999
0.55988
0.565882
0.5315230000000001
0.482422
0.30881000000000003
0.142459
0.035584000000000005
0.0
0.0
0.0
0.0
0.0
0.0
0.0
0.0
0.0
0.0
0.012447
0.064819
0.20973599999999998
0.34560700000000005
0.506906
0.558705
0.561845
0.35316000000000003
0.546166
0.516573
0.40019099999999996
0.275012
0.091262
0.028236
0.0
0.0
0.0
0.0
0.0
0.0
0.0
0.0
0.0
0.0
0.012377
0.084175
0.23089099999999999
0.38457600000000003
0.45907400000000004
0.5863529999999999
0.62481
0.6214700000000001
0.613443
0.535233
0.42172899999999997
0.28424
0.09566200000000001
0.029331
0.0
0.0
0.0
0.0
0.0
0.0
0.0
0.0
0.0
0.0
0.011564
0.074917
0.16919499999999998
0.339286
0.42751100000000003
0.39807600000000004
0.457824
0.28484
0.57474
0.374909
0.373497
0.204829
0.074537
0.027285
0.0
0.0
0.0
0.0
0.0
0.0
0.0
0.0
0.0
0.0
0.010456
0.069407
0.17873599999999998
0.226523
0.328341
0.518451
0.6596230000000001
0.551311
0.5858300000000001
0.5829310000000001
0.41098599999999996
0.25331
0.12086799999999999
0.026421
0.0
0.0
0.0
0.0
0.0
0.0
0.0
0.0
0.0
0.0
0.008523
0.085664
0.260171
0.433002
0.562367
0.636163
0.6690689999999999
0.70824
0.666018
0.502217
0.40786
0.34466399999999997
0.132933
0.018976
0.0
0.0
0.0
0.0
0.0
0.0
0.0
0.0
0.0
0.0
0.011652
0.069569
0.083041
0.237664
0.470538
0.492779
0.48092399999999996
0.479105
0.43395100000000003
0.306967
0.288931
0.26397899999999996
0.08916800000000001
0.023126
0.0
0.0
0.0
0.0
0.0
0.0
0.0
0.0
0.0
0.0
0.010421
0.062943
0.136213
0.162385
0.23922
0.458192
0.415297
0.47789800000000004
0.297238
0.25552199999999997
0.33964999999999995
0.145114
0.08229
0.02782
0.0
0.0
0.0
0.0
0.0
0.0
0.0
0.0
0.0
0.0
0.0075
0.051631
0.129536
0.195631
0.291354
0.18975299999999998
0.19504400000000002
0.247004
0.22205000000000003
0.25152
0.223601
0.12047100000000001
0.041125999999999996
0.023318000000000002
0.0
0.0
0.0
0.0
0.0
0.0
0.0
0.0
0.0
0.0
0.00811
0.081775
0.25494300000000003
0.417555
0.542245
0.617453
0.635164
0.368103
0.540347
0.530711
0.486303
0.316315
0.129378
0.022248999999999998
0.0
0.0
0.0
0.0
0.0
0.0
0.0
0.0
0.0
0.0
0.00885
0.061473
0.165593
0.30793
0.25066700000000003
0.32897899999999997
0.417031
0.486389
0.5311589999999999
0.322211
0.30149400000000004
0.200632
0.061228000000000005
0.028731000000000003
0.0
0.0
0.0
0.0
0.0
0.0
0.0
0.0
0.0
0.0
0.00789
0.101773
0.218914
0.229236
0.422938
0.5286040000000001
0.509887
0.543807
0.516915
0.490185
0.29156
0.280825
0.08093600000000001
0.034747999999999994
0.0
0.0
0.0
0.0
0.0
0.0
0.0
0.0
0.0
0.0
0.008749
0.07316
0.257859
0.35463900000000004
0.45666
0.6250979999999999
0.717708
0.66276
0.638269
0.5548909999999999
0.439453
0.286156
0.111389
0.018414
0.0
0.0
0.0
0.0
0.0
0.0
0.0
0.0
0.0
0.0
0.006641
0.06266
0.15653899999999998
0.274839
0.442661
0.44285
0.61284
0.507246
0.616572
0.470198
0.25460499999999997
0.264866
0.091908
0.025669
0.0
0.0
0.0
0.0
0.0
0.0
0.0
0.0
0.0
0.0
0.005921
0.073504
0.14792
0.16194999999999998
0.15849700000000003
0.405852
0.347111
0.40213499999999996
0.398351
0.410028
0.324921
0.241224
0.118559
0.033542
0.0
0.0
0.0
0.0
0.0
0.0
0.0
0.0
0.0
0.0
0.006714
0.064393
0.20799
0.35572699999999996
0.490106
0.60534
0.6082390000000001
0.554779
0.54925
0.370983
0.249705
0.172362
0.081098
0.021751
0.0
0.0
0.0
0.0
0.0
0.0
0.0
0.0
0.0
0.0
0.006490999999999999
0.07105299999999999
0.196363
0.292741
0.47179899999999997
0.439336
0.562973
0.39451600000000003
0.543575
0.479498
0.41012099999999996
0.23579
0.10023399999999999
0.02191
0.0
0.0
0.0
0.0
0.0
0.0
0.0
0.0
0.0
0.0
0.004356
0.062505
0.193606
0.429544
0.543972
0.684566
0.61318
0.666453
0.467813
0.482281
0.192262
0.135721
0.083048
0.023518999999999998
0.0
0.0
0.0
0.0
0.0
0.0
0.0
0.0
0.0
0.0
0.004732
0.057794
0.11015000000000001
0.223459
0.163972
0.222966
0.20893
0.367688
0.26825
0.213131
0.23646999999999999
0.16304400000000002
0.07532
0.019448
0.0
0.0
0.0
0.0
0.0
0.0
0.0
0.0
0.0
0.0
0.008322
0.039676
0.137293
0.20325
0.402782
0.28912
0.438827
0.41363799999999995
0.49859699999999996
0.424524
0.291322
0.252194
0.09681699999999999
0.014315
0.0
0.0
0.0
0.0
0.0
0.0
0.0
0.0
0.0
0.0
0.004187000000000001
0.060966
0.191291
0.247944
0.487149
0.4423
0.629046
0.71208
0.655673
0.5748289999999999
0.447413
0.270536
0.089772
0.019832000000000002
0.0
0.0
0.0
0.0
0.0
0.0
0.0
0.0
0.0
0.0
0.004275999999999999
0.07081900000000001
0.217431
0.390488
0.523901
0.582168
0.6624059999999999
0.664065
0.615698
0.543243
0.421437
0.24745599999999998
0.100403
0.017201
0.0
0.0
0.0
0.0
0.0
0.0
0.0
0.0
0.0
0.0
0.003685
0.07112900000000001
0.232339
0.386199
0.5044959999999999
0.604034
0.634127
0.6378959999999999
0.607197
0.481885
0.242738
0.17710800000000002
0.091747
0.015172000000000001
0.0
0.0
0.0
0.0
0.0
0.0
0.0
0.0
0.0
0.0
0.0029049999999999996
0.049229999999999996
0.10198
0.30386900000000006
0.44229599999999997
0.54712
0.5216040000000001
0.684396
0.677881
0.517663
0.448082
0.273243
0.116455
0.013444000000000001
0.0
0.0
0.0
0.0
0.0
0.0
0.0
0.0
0.0
0.0
0.001719
0.071205
0.255745
0.413225
0.558198
0.6365839999999999
0.7000890000000001
0.706729
0.647378
0.58296
0.449863
0.300818
0.11232299999999999
0.010103
0.0
0.0
0.0
0.0
0.0
0.0
0.0
0.0
0.0
0.0
0.0028309999999999997
0.070839
0.181964
0.319616
0.478423
0.37917
0.387883
0.36458100000000004
0.245667
0.19382400000000002
0.148665
0.108523
0.060795
0.013202
0.0
0.0
0.0
0.0
0.0
0.0
0.0
0.0
0.0
0.0
0.001806
0.040716
0.071774
0.107777
0.21852000000000002
0.310469
0.709245
0.737906
0.656734
0.593296
0.464078
0.307125
0.109559
0.009971
0.0
0.0
0.0
0.0
0.0
0.0
0.0
0.0
0.0
0.0
0.0018009999999999999
0.063924
0.192849
0.353947
0.489421
0.56978
0.600379
0.5502400000000001
0.532633
0.493936
0.38899900000000004
0.215434
0.08952
0.011923999999999999
0.0
0.0
0.0
0.0
0.0
0.0
0.0
0.0
0.0
0.0
0.001711
0.078067
0.13979499999999997
0.18908000000000003
0.35993400000000003
0.247
0.21500999999999998
0.32552800000000004
0.19333099999999998
0.194836
0.14460599999999998
0.121014
0.063263
0.011259
0.0
0.0
0.0
0.0
0.0
0.0
0.0
0.0
0.0
0.0
0.0012050000000000001
0.049794
0.094216
0.274353
0.388095
0.36819799999999997
0.42012299999999997
0.275003
0.433944
0.472043
0.19127000000000002
0.165402
0.083552
0.009674
0.0
0.0
0.0
0.0
0.0
0.0
0.0
0.0
0.0
0.0
0.0
0.068377
0.259231
0.44362599999999996
0.571864
0.655942
0.712456
0.72045
0.687144
0.611619
0.487634
0.26687700000000003
0.113583
0.008117000000000001
0.0
0.0
0.0
0.0
0.0
0.0
0.0
0.0
0.0
0.0
0.000626
0.064583
0.233783
0.41372899999999996
0.5456570000000001
0.622444
0.6889700000000001
0.696806
0.595063
0.562466
0.387809
0.248462
0.089416
0.008808
0.0
0.0
0.0
0.0
0.0
0.0
0.0
0.0
0.0
0.0
0.00227
0.052635
0.205344
0.36766699999999997
0.283581
0.647169
0.623813
0.472009
0.564136
0.247311
0.15859299999999998
0.08254900000000001
0.049779000000000004
0.007099
0.0
0.0
0.0
0.0
0.0
0.0
0.0
0.0
0.0
0.0
0.0
0.047674
0.10295099999999999
0.13691
0.17945599999999998
0.27257600000000004
0.399504
0.24759
0.152544
0.205111
0.20974199999999998
0.11946999999999999
0.060689
0.004333999999999999
0.0
0.0
0.0
0.0
0.0
0.0
0.0
0.0
0.0
0.0
0.000152
0.060243000000000005
0.187568
0.382788
0.525791
0.542748
0.6445639999999999
0.621993
0.6079049999999999
0.571135
0.409282
0.244327
0.071672
0.008067999999999999
0.0
0.0
0.0
0.0
0.0
0.0
0.0
0.0
0.0
0.0
0.0
0.062625
0.24233000000000002
0.381804
0.45154099999999997
0.425421
0.600148
0.338983
0.316219
0.467534
0.28775
0.219629
0.054988999999999996
0.005175
0.0
0.0
0.0
0.0
0.0
0.0
0.0
0.0
0.0
0.0
0.000721
0.04089
0.157446
0.199996
0.447459
0.519318
0.7004400000000001
0.6899109999999999
0.676852
0.5830420000000001
0.426245
0.270926
0.089006
0.003535
0.0
0.0
0.0
0.0
0.0
0.0
0.0
0.0
0.0
0.0
0.0
0.043399
0.177931
0.34083800000000003
0.512553
0.57032
0.580451
0.58265
0.510854
0.337067
0.09117499999999999
0.066899
0.042355
0.004058
0.0
0.0
0.0
0.0
0.0
0.0
0.0
0.0
0.0
0.0
0.0
0.060119
0.25087200000000004
0.41448700000000005
0.50574
0.631305
0.689539
0.722441
0.629006
0.570492
0.35824900000000004
0.19828700000000002
0.093454
0.0011510000000000001
0.0
0.0
0.0
0.0
0.0
0.0
0.0
0.0
0.0
0.0
0.0
0.044223
0.096292
0.252
0.369877
0.4838
0.50264
0.605625
0.489693
0.478483
0.295634
0.186023
0.061126
0.005525
0.0
0.0
0.0
0.0
0.0
0.0
0.0
0.0
0.0
0.0
0.0
0.053305
0.146984
0.336075
0.423303
0.452692
0.655325
0.671493
0.614836
0.450797
0.35941199999999995
0.219694
0.058905
0.001028
0.0
0.0
0.0
0.0
0.0
0.0
0.0
0.0
0.0
0.0
0.0
0.050376
0.215284
0.43000499999999997
0.5748730000000001
0.6605359999999999
0.726803
0.688188
0.6667649999999999
0.55138
0.45584399999999997
0.24184
0.06317199999999999
0.0
0.0
0.0
0.0
0.0
0.0
0.0
0.0
0.0
0.0
0.0
0.0
0.05921800000000001
0.218525
0.431045
0.563177
0.631677
0.676544
0.659764
0.646974
0.535505
0.36187
0.261621
0.077606
0.000519
0.0
0.0
0.0
0.0
0.0
0.0
0.0
0.0
0.0
0.0
0.0
0.05347
0.19276
0.38667599999999996
0.517792
0.6409130000000001
0.6793279999999999
0.7143930000000001
0.660686
0.565714
0.445255
0.220919
0.071792
0.00041299999999999996
0.0
0.0
0.0
0.0
0.0
0.0
0.0
0.0
0.0
0.0
0.0
0.053391
0.2331
0.38205700000000004
0.539473
0.647714
0.7296180000000001
0.728639
0.591904
0.5312830000000001
0.150584
0.238297
0.039935000000000005
0.0014910000000000001
0.0
0.0
0.0
0.0
0.0
0.0
0.0
0.0
0.0
0.0
0.0
0.03553
0.158552
0.099524
0.13031
0.281343
0.117277
0.111515
0.17204499999999998
0.21803299999999998
0.14852500000000002
0.14418799999999998
0.053395000000000005
0.0
0.0
0.0
0.0
0.0
0.0
0.0
0.0
0.0
0.0
0.0
0.0
0.039397
0.212029
0.289306
0.426238
0.430822
0.553559
0.456507
0.373893
0.36818
0.265338
0.165816
0.054604999999999994
0.0
0.0
0.0
0.0
0.0
0.0
0.0
0.0
0.0
0.0
0.0
0.0
0.038442
0.200041
0.42353500000000005
0.5670320000000001
0.66995
0.718309
0.709386
0.711129
0.593539
0.44084500000000004
0.271449
0.08044499999999999
0.0
0.0
0.0
0.0
0.0
0.0
0.0
0.0
0.0
0.0
0.0
0.0
0.027834
0.117388
0.158446
0.29268900000000003
0.304596
0.449572
0.34326
0.29503500000000005
0.349726
0.395007
0.17593899999999998
0.044603000000000004
0.0
0.0
0.0
0.0
0.0
0.0
0.0
0.0
0.0
0.0
0.0
0.0
0.053613999999999995
0.239987
0.404853
0.412921
0.585733
0.585456
0.5664260000000001
0.29218900000000003
0.480567
0.217113
0.124064
0.035993000000000004
0.0
0.0
0.0
0.0
0.0
0.0
0.0
0.0
0.0
0.0
0.0
0.0
0.053569000000000006
0.231964
0.421476
0.565751
0.6419640000000001
0.667967
0.6686449999999999
0.531728
0.406968
0.129024
0.15808000000000003
0.07240600000000001
0.0
0.0
0.0
0.0
0.0
0.0
0.0
0.0
0.0
0.0
0.0
0.0
0.036643999999999996
0.16844900000000002
0.347862
0.559417
0.6646420000000001
0.720346
0.6990109999999999
0.6716319999999999
0.571609
0.416723
0.266629
0.06504399999999999
0.0
0.0
0.0
0.0
0.0
0.0
0.0
0.0
0.0
0.0
0.0
0.0
0.044848
0.18471700000000002
0.355122
0.454535
0.588545
0.611761
0.617563
0.567922
0.504448
0.350142
0.188058
0.047983
0.0
0.0
0.0
0.0
0.0
0.0
0.0
0.0
0.0
0.0
0.0
0.0
0.044838
0.150243
0.324832
0.47366199999999997
0.591012
0.605007
0.38384199999999996
0.536817
0.534212
0.329304
0.195306
0.058493
0.0
0.0
0.0
0.0
0.0
0.0
0.0
0.0
0.0
0.0
0.0
0.0
0.029446999999999997
0.11068
0.212917
0.377772
0.411991
0.205624
0.29767200000000005
0.274611
0.405943
0.13913399999999998
0.06584699999999999
0.030192
0.0
0.0
0.0
0.0
0.0
0.0
0.0
0.0
0.0
0.0
0.0
0.0
0.028416
0.064672
0.149542
0.200276
0.290408
0.308456
0.376111
0.142033
0.116647
0.199013
0.058238
0.027440000000000003
0.0
0.0
0.0
0.0
0.0
0.0
0.0
0.0
0.0
0.0
0.0
0.0
0.029030999999999998
0.06569199999999999
0.10681399999999999
0.254193
0.260924
0.283238
0.390546
0.216914
0.281738
0.078599
0.054173
0.028902999999999998
0.0
0.0
0.0
0.0
0.0
0.0
0.0
0.0
0.0
0.0
0.0
0.0
0.03723
0.167654
0.291208
0.251663
0.463341
0.436377
0.648302
0.485085
0.463882
0.449878
0.248586
0.040026000000000006
0.0
0.0
0.0
0.0
0.0
0.0
0.0
0.0
0.0
0.0
0.0
0.0
0.04876
0.233887
0.423259
0.543667
0.6189819999999999
0.649664
0.5801219999999999
0.6204529999999999
0.484528
0.365925
0.157999
0.032793
0.0
0.0
0.0
0.0
0.0
0.0
0.0
0.0
0.0
0.0
0.0
0.0
0.040983
0.203611
0.392467
0.526452
0.645083
0.714412
0.695106
0.6382749999999999
0.499658
0.323355
0.18725299999999998
0.038890999999999995
0.0
0.0
0.0
0.0
0.0
0.0
0.0
0.0
0.0
0.0
0.0
0.0
0.039151000000000005
0.17618199999999998
0.155724
0.32008600000000004
0.48265199999999997
0.603797
0.664685
0.584087
0.36742899999999995
0.179454
0.15462
0.033698
0.0
0.0
0.0
0.0
0.0
0.0
0.0
0.0
0.0
0.0
0.0
0.0
0.050527
0.21767699999999998
0.43495100000000003
0.580628
0.646805
0.642301
0.687261
0.648494
0.496061
0.331146
0.090247
0.036133000000000005
0.0
0.0
0.0
0.0
0.0
0.0
0.0
0.0
0.0
0.0
0.0
0.0
0.037104
0.166928
0.351375
0.499614
0.6343949999999999
0.686604
0.726376
0.46359100000000003
0.43849400000000005
0.328847
0.08723099999999999
0.025797
0.0
0.0
0.0
0.0
0.0
0.0
0.0
0.0
0.0
0.0
0.0
0.0
0.034369
0.166927
0.349223
0.403615
0.583703
0.596682
0.534413
0.5738690000000001
0.443828
0.358202
0.104333
0.036518999999999996
0.0
0.0
0.0
0.0
0.0
0.0
0.0
0.0
0.0
0.0
0.0
0.0
0.04468
0.240365
0.427226
0.5602469999999999
0.657476
0.710082
0.708209
0.59704
0.5800259999999999
0.420545
0.192615
0.036616
0.0
0.0
0.0
0.0
0.0
0.0
0.0
0.0
0.0
0.0
0.0
0.0
0.041234
0.22468100000000002
0.417122
0.5534009999999999
0.635178
0.691014
0.630174
0.649216
0.5364450000000001
0.37681
0.189559
0.026736999999999997
0.0
0.0
0.0
0.0
0.0
0.0
0.0
0.0
0.0
0.0
0.0
0.0
0.018901
0.11384
0.123141
0.16125299999999998
0.466685
0.208924
0.247168
0.333024
0.151538
0.067625
0.03606
0.014546
0.0
0.0
0.0
0.0
0.0
0.0
0.0
0.0
0.0
0.0
0.0
0.0
0.040396
0.21930000000000002
0.39955399999999996
0.5384289999999999
0.603355
0.708119
0.43207999999999996
0.49038099999999996
0.47809199999999996
0.285359
0.19781800000000002
0.027599
0.0
0.0
0.0
0.0
0.0
0.0
0.0
0.0
0.0
0.0
0.0
0.0
0.035502000000000006
0.181055
0.421184
0.41013900000000003
0.502529
0.755443
0.7450370000000001
0.580548
0.504331
0.363497
0.170404
0.022126999999999997
0.0
0.0
0.0
0.0
0.0
0.0
0.0
0.0
0.0
0.0
0.0
0.0
0.043851
0.21410400000000002
0.436226
0.580183
0.649201
0.6977859999999999
0.670541
0.654729
0.540162
0.39526
0.19623
0.022799
0.0
0.0
0.0
0.0
0.0
0.0
0.0
0.0
0.0
0.0
0.0
0.0
0.027232
0.149188
0.240869
0.25763400000000003
0.412606
0.48933499999999996
0.5551130000000001
0.317847
0.22052699999999997
0.073685
0.052717
0.010629
0.0
0.0
0.0
0.0
0.0
0.0
0.0
0.0
0.0
0.0
0.0
0.0
0.037151
0.19430699999999998
0.23487799999999998
0.456856
0.547548
0.612993
0.491287
0.551987
0.425205
0.296531
0.108586
0.018092
0.0
0.0
0.0
0.0
0.0
0.0
0.0
0.0
0.0
0.0
0.0
0.0
0.023474000000000002
0.189758
0.265308
0.42555200000000004
0.526575
0.667223
0.6895410000000001
0.613819
0.520276
0.376947
0.18452000000000002
0.020394
0.0
0.0
0.0
0.0
0.0
0.0
0.0
0.0
0.0
0.0
0.0
0.0
0.032402
0.223463
0.43021800000000004
0.570087
0.610817
0.666418
0.666256
0.5782889999999999
0.52199
0.28306200000000004
0.11098000000000001
0.008504
0.0
0.0
0.0
0.0
0.0
0.0
0.0
0.0
0.0
0.0
0.0
0.0
0.025661
0.194297
0.38900799999999996
0.551486
0.6418440000000001
0.672735
0.6257590000000001
0.604001
0.50113
0.344146
0.149335
0.01099
0.0
0.0
0.0
0.0
0.0
0.0
0.0
0.0
0.0
0.0
0.0
0.0
0.036338
0.245689
0.45616
0.6048640000000001
0.6921900000000001
0.7093189999999999
0.667909
0.551855
0.53297
0.38375
0.18010900000000002
0.013712
0.0
0.0
0.0
0.0
0.0
0.0
0.0
0.0
0.0
0.0
0.0
0.0
0.029678999999999997
0.213568
0.417135
0.568332
0.646731
0.678695
0.6347269999999999
0.608264
0.492952
0.356666
0.15934700000000002
0.009510999999999999
0.0
0.0
0.0
0.0
0.0
0.0
0.0
0.0
0.0
0.0
0.0
0.0
0.016624
0.14750200000000002
0.139253
0.291705
0.235487
0.256573
0.281733
0.171798
0.07370600000000001
0.149174
0.104753
0.009144
0.0
0.0
0.0
0.0
0.0
0.0
0.0
0.0
0.0
0.0
0.0
0.0
0.014639
0.057368
0.169295
0.27172500000000005
0.313426
0.262985
0.29869999999999997
0.244784
0.461621
0.281647
0.128642
0.006384
0.0
0.0
0.0
0.0
0.0
0.0
0.0
0.0
0.0
0.0
0.0
0.0
0.013069
0.101762
0.14275200000000002
0.18514699999999998
0.298691
0.399216
0.410161
0.552588
0.425639
0.10823
0.084554
0.003798
0.0
0.0
0.0
0.0
0.0
0.0
0.0
0.0
0.0
0.0
0.0
0.0
0.016437999999999998
0.133936
0.269109
0.364283
0.525933
0.590948
0.528357
0.508931
0.479571
0.331669
0.13816499999999998
0.006218
0.0
0.0
0.0
0.0
0.0
0.0
0.0
0.0
0.0
0.0
0.0
0.0
0.027946000000000002
0.155414
0.292744
0.50845
0.534999
0.417989
0.267986
0.421245
0.263201
0.178843
0.13842500000000002
0.00366
0.0
0.0
0.0
0.0
0.0
0.0
0.0
0.0
0.0
0.0
0.0
0.0
0.013438
0.08408
0.147854
0.329288
0.6067380000000001
0.6195170000000001
0.5108039999999999
0.586861
0.49473
0.317937
0.12692900000000001
0.0046
0.0
0.0
0.0
0.0
0.0
0.0
0.0
0.0
0.0
0.0
0.0
0.0
0.021713999999999997
0.123481
0.386678
0.33660500000000004
0.504117
0.540375
0.623606
0.49500700000000003
0.26932
0.078614
0.02914
0.000598
0.0
0.0
0.0
0.0
0.0
0.0
0.0
0.0
0.0
0.0
0.0
0.0
0.024283000000000002
0.22163
0.430933
0.5652419999999999
0.628787
0.612829
0.640177
0.498369
0.386161
0.18188900000000002
0.056682
0.001121
0.0
0.0
0.0
0.0
0.0
0.0
0.0
0.0
0.0
0.0
0.0
0.0
0.026111000000000002
0.211093
0.406782
0.529809
0.638193
0.661379
0.680683
0.626464
0.44463600000000003
0.203113
0.113298
0.003934
0.0
0.0
0.0
0.0
0.0
0.0
0.0
0.0
0.0
0.0
0.0
0.0
0.011462
0.14724500000000001
0.256981
0.560149
0.646266
0.667687
0.670018
0.601681
0.454081
0.344797
0.13103499999999998
0.002483
0.0
0.0
0.0
0.0
0.0
0.0
0.0
0.0
0.0
0.0
0.0
0.0
0.021085
0.21737
0.422422
0.493278
0.657395
0.660354
0.7195090000000001
0.6377999999999999
0.5143869999999999
0.34751600000000005
0.13893899999999998
0.002006
0.0
0.0
0.0
0.0
0.0
0.0
0.0
0.0
0.0
0.0
0.0
0.0
0.016091
0.09290999999999999
0.226388
0.27440499999999995
0.407824
0.39217799999999997
0.318735
0.291748
0.168219
0.073435
0.030743
0.0
0.0
0.0
0.0
0.0
0.0
0.0
0.0
0.0
0.0
0.0
0.0
0.0
0.007243
0.053954999999999996
0.140625
0.33623000000000003
0.6105119999999999
0.579234
0.471466
0.45541699999999996
0.38393099999999997
0.270641
0.056908
0.000211
0.0
0.0
0.0
0.0
0.0
0.0
0.0
0.0
0.0
0.0
0.0
0.0
0.021398
0.219197
0.433181
0.580967
0.56821
0.671216
0.663018
0.6170370000000001
0.513752
0.35306400000000004
0.132992
0.00033
0.0
0.0
0.0
0.0
0.0
0.0
0.0
0.0
0.0
0.0
0.0
0.0
0.010351
0.152621
0.359471
0.508996
0.594743
0.621734
0.654882
0.53307
0.463364
0.28390699999999996
0.087092
0.0
0.0
0.0
0.0
0.0
0.0
0.0
0.0
0.0
0.0
0.0
0.0
0.0
0.008725
0.11927
0.24593
0.419011
0.516241
0.5545140000000001
0.553803
0.534311
0.435456
0.269873
0.087649
0.0
0.0
0.0
0.0
0.0
0.0
0.0
0.0
0.0
0.0
0.0
0.0
0.0
0.007939
0.140986
0.351403
0.511237
0.60397
0.6433329999999999
0.610084
0.571192
0.453629
0.273342
0.076504
0.0
0.0
0.0
0.0
0.0
0.0
0.0
0.0
0.0
0.0
0.0
0.0
0.0
0.003155
0.037687
0.106612
0.27963099999999996
0.157007
0.45111
0.435799
0.442592
0.18585300000000002
0.102649
0.018373999999999998
0.0
0.0
0.0
0.0
0.0
0.0
0.0
0.0
0.0
0.0
0.0
0.0
0.0
0.0046689999999999995
0.051691
0.129158
0.224271
0.192887
0.23760900000000001
0.24018
0.23588499999999998
0.095624
0.087229
0.050967
0.0
0.0
0.0
0.0
0.0
0.0
0.0
0.0
0.0
0.0
0.0
0.0
0.0
0.011099
0.108752
0.297579
0.455886
0.500128
0.50056
0.265262
0.47286399999999995
0.251018
0.109586
0.039189999999999996
0.0
0.0
0.0
0.0
0.0
0.0
0.0
0.0
0.0
0.0
0.0
0.0
0.0
0.0043879999999999995
0.080668
0.09985899999999999
0.372339
0.295989
0.462763
0.5140710000000001
0.292197
0.29395699999999997
0.121159
0.042025
0.0
0.0
0.0
0.0
0.0
0.0
0.0
0.0
0.0
0.0
0.0
0.0
0.0
0.0033250000000000003
0.086383
0.26968200000000003
0.323955
0.43074599999999996
0.570159
0.575612
0.565184
0.32043099999999997
0.173716
0.065551
0.0
0.0
0.0
0.0
0.0
0.0
0.0
0.0
0.0
0.0
0.0
0.0
0.0
0.006626
0.133136
0.380414
0.566739
0.644548
0.678056
0.651437
0.5783659999999999
0.475115
0.31427
0.09958199999999999
0.0
0.0
0.0
0.0
0.0
0.0
0.0
0.0
0.0
0.0
0.0
0.0
0.0
0.003554
0.124194
0.338484
0.5173289999999999
0.603109
0.6274529999999999
0.57839
0.483487
0.406454
0.261667
0.065735
0.0
0.0
0.0
0.0
0.0
0.0
0.0
0.0
0.0
0.0
0.0
0.0
0.0
0.007724
0.174695
0.376981
0.5454840000000001
0.644888
0.687813
0.661415
0.6033529999999999
0.474742
0.283054
0.0787
0.0
0.0
0.0
0.0
0.0
0.0
0.0
0.0
0.0
0.0
0.0
0.0
0.0
0.004525
0.15796000000000002
0.378156
0.534525
0.605739
0.63124
0.51273
0.5352809999999999
0.259749
0.187361
0.047008
0.0
0.0
0.0
0.0
0.0
0.0
0.0
0.0
0.0
0.0
0.0
0.0
0.0
0.005369
0.099133
0.240999
0.41523200000000005
0.5080830000000001
0.295999
0.411468
0.299445
0.28628699999999996
0.142632
0.058314
0.0
0.0
0.0
0.0
0.0
0.0
0.0
0.0
0.0
0.0
0.0
0.0
0.0
0.003629
0.098604
0.14290899999999998
0.140987
0.116642
0.26173599999999997
0.257447
0.20971700000000001
0.153979
0.11412
0.020681
0.0
0.0
0.0
0.0
0.0
0.0
0.0
0.0
0.0
0.0
0.0
0.0
0.0
0.00468
0.164047
0.370362
0.530714
0.623993
0.651019
0.636681
0.47645299999999996
0.440685
0.29165399999999997
0.074256
0.0
0.0
0.0
0.0
0.0
0.0
0.0
0.0
0.0
0.0
0.0
0.0
0.0
0.005774
0.171954
0.387698
0.5355570000000001
0.576546
0.484777
0.574142
0.400018
0.280598
0.139796
0.038678
0.0
0.0
0.0
0.0
0.0
0.0
0.0
0.0
0.0
0.0
0.0
0.0
0.0
0.00219
0.045090000000000005
0.20348500000000003
0.24950999999999998
0.115108
0.19104400000000002
0.302681
0.17231100000000002
0.173149
0.12204300000000001
0.02631
0.0
0.0
0.0
0.0
0.0
0.0
0.0
0.0
0.0
0.0
0.0
0.0
0.0
0.0
0.092809
0.228299
0.133649
0.159186
0.33146499999999995
0.39110700000000004
0.25572900000000004
0.413271
0.280961
0.065062
0.0
0.0
0.0
0.0
0.0
0.0
0.0
0.0
0.0
0.0
0.0
0.0
0.0
0.0
0.051296999999999995
0.17882699999999999
0.297815
0.24576699999999999
0.279565
0.308836
0.335549
0.182596
0.086437
0.056148
0.0
0.0
0.0
0.0
0.0
0.0
0.0
0.0
0.0
0.0
0.0
0.0
0.0
0.0
0.11034999999999999
0.145489
0.214914
0.173847
0.34447300000000003
0.208315
0.15099700000000002
0.152808
0.066016
0.015356
0.0
0.0
0.0
0.0
0.0
0.0
0.0
0.0
0.0
0.0
0.0
0.0
0.0
0.0
0.103578
0.242521
0.516278
0.583127
0.57269
0.58038
0.352831
0.287132
0.171329
0.027489
0.0
0.0
0.0
0.0
0.0
0.0
0.0
0.0
0.0
0.0
0.0
0.0
0.0
0.00015099999999999998
0.157943
0.381013
0.533732
0.625458
0.6604629999999999
0.652316
0.587839
0.43929
0.274158
0.06614400000000001
0.0
0.0
0.0
0.0
0.0
0.0
0.0
0.0
0.0
0.0
0.0
0.0
0.0
0.0
0.105834
0.342372
0.535161
0.632451
0.682496
0.6675570000000001
0.6048279999999999
0.47854199999999997
0.288488
0.065938
0.0
0.0
0.0
0.0
0.0
0.0
0.0
0.0
0.0
0.0
0.0
0.0
0.0
0.0
0.046787
0.182288
0.34577600000000003
0.433087
0.38623599999999997
0.582627
0.535365
0.28694
0.156116
0.018512
0.0
0.0
0.0
0.0
0.0
0.0
0.0
0.0
0.0
0.0
0.0
0.0
0.0
0.0
0.037681
0.172096
0.274243
0.444904
0.389903
0.57636
0.36047
0.255172
0.049595999999999994
0.015742000000000003
0.0
0.0
0.0
0.0
0.0
0.0
0.0
0.0
0.0
0.0
0.0
0.0
0.0
0.0
0.10118600000000001
0.34198500000000004
0.474901
0.601924
0.584998
0.511147
0.413388
0.256181
0.12534900000000002
0.040182999999999996
0.0
0.0
0.0
0.0
0.0
0.0
0.0
0.0
0.0
0.0
0.0
0.0
0.0
0.0
0.053473999999999994
0.08287900000000001
0.112342
0.377272
0.349863
0.540787
0.341536
0.305634
0.17848599999999998
0.023074
0.0
0.0
0.0
0.0
0.0
0.0
0.0
0.0
0.0
0.0
0.0
0.0
0.0
0.0
0.043377000000000006
0.169964
0.327673
0.5305570000000001
0.540601
0.592754
0.531464
0.38236200000000004
0.127501
0.019251
0.0
0.0
0.0
0.0
0.0
0.0
0.0
0.0
0.0
0.0
0.0
0.0
0.0
0.0
0.051636
0.138381
0.205269
0.38038900000000003
0.527655
0.5274139999999999
0.473362
0.351493
0.175978
0.019832000000000002
0.0
0.0
0.0
0.0
0.0
0.0
0.0
0.0
0.0
0.0
0.0
0.0
0.0
0.0
0.112077
0.336963
0.499493
0.6113970000000001
0.6653830000000001
0.6582870000000001
0.584336
0.447024
0.256048
0.043866
0.0
0.0
0.0
0.0
0.0
0.0
0.0
0.0
0.0
0.0
0.0
0.0
0.0
0.0
0.054013
0.187619
0.42465600000000003
0.462895
0.634794
0.600047
0.5627730000000001
0.442547
0.257454
0.046494
0.0
0.0
0.0
0.0
0.0
0.0
0.0
0.0
0.0
0.0
0.0
0.0
0.0
0.0
0.103262
0.346576
0.511182
0.6221420000000001
0.673923
0.666335
0.575404
0.440992
0.236754
0.038828
0.0
0.0
0.0
0.0
0.0
0.0
0.0
0.0
0.0
0.0
0.0
0.0
0.0
0.0
0.106744
0.330426
0.491965
0.586807
0.593547
0.593838
0.529667
0.414859
0.216126
0.038130000000000004
0.0
0.0
0.0
0.0
0.0
0.0
0.0
0.0
0.0
0.0
0.0
0.0
0.0
0.0
0.034798
0.12074299999999999
0.303833
0.353991
0.514107
0.526203
0.418352
0.35742
0.19038
0.021617
0.0
0.0
0.0
0.0
0.0
0.0
0.0
0.0
0.0
0.0
0.0
0.0
0.0
0.0
0.098967
0.31798200000000004
0.5008210000000001
0.562323
0.641244
0.6065389999999999
0.45002499999999995
0.42459800000000003
0.25371
0.042470999999999995
0.0
0.0
0.0
0.0
0.0
0.0
0.0
0.0
0.0
0.0
0.0
0.0
0.0
0.0
0.0824
0.270236
0.433454
0.548671
0.598859
0.593457
0.528654
0.40154700000000004
0.219838
0.026743
0.0
0.0
0.0
0.0
0.0
0.0
0.0
0.0
0.0
0.0
0.0
0.0
0.0
0.0
0.094655
0.31588900000000003
0.486354
0.5821430000000001
0.613841
0.612318
0.534749
0.408931
0.211088
0.032354999999999995
0.0
0.0
0.0
0.0
0.0
0.0
0.0
0.0
0.0
0.0
0.0
0.0
0.0
0.0
0.079071
0.29239499999999996
0.443895
0.568044
0.608091
0.5943229999999999
0.518606
0.36911700000000003
0.201291
0.025509
0.0
0.0
0.0
0.0
0.0
0.0
0.0
0.0
0.0
0.0
0.0
0.0
0.0
0.0
0.028895
0.134076
0.355911
0.47094
0.541344
0.527411
0.443278
0.287692
0.10832
0.01156
0.0
0.0
0.0
0.0
0.0
0.0
0.0
0.0
0.0
0.0
0.0
0.0
0.0
0.0
0.026194
0.117259
0.151786
0.429789
0.48765
0.5541900000000001
0.44803
0.309834
0.137223
0.013208000000000001
0.0
0.0
0.0
0.0
0.0
0.0
0.0
0.0
0.0
0.0
0.0
0.0
0.0
0.0
0.077163
0.216613
0.32610300000000003
0.6005
0.595739
0.6530739999999999
0.597899
0.47152999999999995
0.27832
0.047077
0.0
0.0
0.0
0.0
0.0
0.0
0.0
0.0
0.0
0.0
0.0
0.0
0.0
0.0
0.094961
0.329898
0.508371
0.601207
0.651173
0.62087
0.574125
0.45282799999999995
0.265726
0.040981000000000004
0.0
0.0
0.0
0.0
0.0
0.0
0.0
0.0
0.0
0.0
0.0
0.0
0.0
0.0
0.077265
0.287871
0.45904700000000004
0.573276
0.494696
0.441229
0.405409
0.282384
0.16778200000000001
0.017076
0.0
0.0
0.0
0.0
0.0
0.0
0.0
0.0
0.0
0.0
0.0
0.0
0.0
0.0
0.073818
0.231725
0.347324
0.482675
0.559374
0.44452600000000003
0.412137
0.24257900000000002
0.11561400000000001
0.019259000000000002
0.0
0.0
0.0
0.0
0.0
0.0
0.0
0.0
0.0
0.0
0.0
0.0
0.0
0.0
0.053863999999999995
0.30093000000000003
0.427949
0.5978239999999999
0.623642
0.620173
0.401578
0.382632
0.10129300000000001
0.017468
0.0
0.0
0.0
0.0
0.0
0.0
0.0
0.0
0.0
0.0
0.0
0.0
0.0
0.0
0.045625
0.118929
0.32654700000000003
0.346995
0.38710700000000003
0.367876
0.37363799999999997
0.347557
0.188618
0.015972
0.0
0.0
0.0
0.0
0.0
0.0
0.0
0.0
0.0
0.0
0.0
0.0
0.0
0.0
0.039901000000000006
0.232975
0.47346
0.569003
0.640774
0.628004
0.509737
0.246808
0.141776
0.018017
0.0
0.0
0.0
0.0
0.0
0.0
0.0
0.0
0.0
0.0
0.0
0.0
0.0
0.0
0.037469
0.23334
0.425416
0.545197
0.5993780000000001
0.58772
0.5092749999999999
0.365211
0.189128
0.015436
0.0
0.0
0.0
0.0
0.0
0.0
0.0
0.0
0.0
0.0
0.0
0.0
0.0
0.0
0.030379999999999997
0.21650299999999997
0.39406599999999997
0.520171
0.544946
0.508155
0.488116
0.35743400000000003
0.17079
0.013951
0.0
0.0
0.0
0.0
0.0
0.0
0.0
0.0
0.0
0.0
0.0
0.0
0.0
0.0
0.02903
0.227512
0.40698
0.524627
0.558286
0.562627
0.496953
0.367846
0.166128
0.015186999999999999
0.0
0.0
0.0
0.0
0.0
0.0
0.0
0.0
0.0
0.0
0.0
0.0
0.0
0.0
0.046354
0.284426
0.457292
0.5159450000000001
0.515448
0.336642
0.38095999999999997
0.274961
0.118851
0.014474
0.0
0.0
0.0
0.0
0.0
0.0
0.0
0.0
0.0
0.0
0.0
0.0
0.0
0.0
0.041479
0.26511
0.456603
0.5701280000000001
0.614045
0.600932
0.484892
0.383604
0.153179
0.015464
0.0
0.0
0.0
0.0
0.0
0.0
0.0
0.0
0.0
0.0
0.0
0.0
0.0
0.0
0.021969000000000002
0.221773
0.354034
0.444271
0.38529399999999997
0.435575
0.346998
0.19116999999999998
0.107762
0.010625
0.0
0.0
0.0
0.0
0.0
0.0
0.0
0.0
0.0
0.0
0.0
0.0
0.0
0.0
0.008987
0.0589
0.099069
0.268565
0.32176699999999997
0.545962
0.37010899999999997
0.248598
0.146751
0.015267
0.0
0.0
0.0
0.0
0.0
0.0
0.0
0.0
0.0
0.0
0.0
0.0
0.0
0.0
0.043184
0.28240499999999996
0.434652
0.5758220000000001
0.589305
0.550735
0.458629
0.301755
0.10185
0.022954000000000002
0.0
0.0
0.0
0.0
0.0
0.0
0.0
0.0
0.0
0.0
0.0
0.0
0.0
0.0
0.021321000000000003
0.10582599999999999
0.07474599999999999
0.176034
0.451493
0.425701
0.431259
0.255901
0.1499
0.013949
0.0
0.0
0.0
0.0
0.0
0.0
0.0
0.0
0.0
0.0
0.0
0.0
0.0
0.0
0.012457000000000001
0.144903
0.31526
0.44932
0.499966
0.506212
0.405274
0.237461
0.10625
0.009994999999999999
0.0
0.0
0.0
0.0
0.0
0.0
0.0
0.0
0.0
0.0
0.0
0.0
0.0
0.0
0.021065999999999998
0.075075
0.10674800000000001
0.248632
0.154701
0.084153
0.366789
0.21574100000000002
0.158118
0.010352
0.0
0.0
0.0
0.0
0.0
0.0
0.0
0.0
0.0
0.0
0.0
0.0
0.0
0.0
0.018142
0.15281999999999998
0.220401
0.254388
0.451496
0.373393
0.255108
0.12817099999999998
0.052437
0.00847
0.0
0.0
0.0
0.0
0.0
0.0
0.0
0.0
0.0
0.0
0.0
0.0
0.0
0.0
0.011459
0.096175
0.281568
0.408005
0.46412400000000004
0.40666800000000003
0.372653
0.292645
0.097308
0.010497999999999999
0.0
0.0
0.0
0.0
0.0
0.0
0.0
0.0
0.0
0.0
0.0
0.0
0.0
0.0
0.025478999999999998
0.23952299999999999
0.42933
0.549983
0.605576
0.575187
0.542181
0.419907
0.23053
0.030725000000000002
0.0
0.0
0.0
0.0
0.0
0.0
0.0
0.0
0.0
0.0
0.0
0.0
0.0
0.0
0.019732
0.22326400000000002
0.42158
0.547847
0.5257029999999999
0.59169
0.48939699999999997
0.378288
0.189535
0.019695
0.0
0.0
0.0
0.0
0.0
0.0
0.0
0.0
0.0
0.0
0.0
0.0
0.0
0.0
0.018869
0.201422
0.355443
0.509793
0.573517
0.5930080000000001
0.5266470000000001
0.295796
0.19428299999999998
0.021276
0.0
0.0
0.0
0.0
0.0
0.0
0.0
0.0
0.0
0.0
0.0
0.0
0.0
0.0
0.009932
0.085898
0.218336
0.284136
0.22935
0.305557
0.35317000000000004
0.22480699999999998
0.14360499999999998
0.014179
0.0
0.0
0.0
0.0
0.0
0.0
0.0
0.0
0.0
0.0
0.0
0.0
0.0
0.0
0.012736
0.19730699999999998
0.410964
0.495184
0.517772
0.48321499999999995
0.367257
0.329483
0.1687
0.022797
0.0
0.0
0.0
0.0
0.0
0.0
0.0
0.0
0.0
0.0
0.0
0.0
0.0
0.0
0.009082000000000002
0.121255
0.199367
0.36493000000000003
0.32028300000000004
0.418107
0.246887
0.233891
0.092105
0.01444
0.0
0.0
0.0
0.0
0.0
0.0
0.0
0.0
0.0
0.0
0.0
0.0
0.0
0.0
0.010825
0.154724
0.266783
0.467698
0.593989
0.606407
0.506658
0.308555
0.18303
0.014013999999999999
0.0
0.0
0.0
0.0
0.0
0.0
0.0
0.0
0.0
0.0
0.0
0.0
0.0
0.0
0.011211
0.179074
0.39068400000000003
0.503675
0.531528
0.598784
0.476478
0.376668
0.182911
0.029088
0.0
0.0
0.0
0.0
0.0
0.0
0.0
0.0
0.0
0.0
0.0
0.0
0.0
0.0
0.008197
0.089157
0.299674
0.440132
0.489311
0.5205420000000001
0.459748
0.339924
0.16777899999999998
0.017395
0.0
0.0
0.0
0.0
0.0
0.0
0.0
0.0
0.0
0.0
0.0
0.0
0.0
0.0
0.006715
0.098828
0.14982499999999999
0.21120599999999998
0.24554499999999999
0.14418199999999998
0.20333299999999999
0.257485
0.183858
0.027626
0.0
0.0
0.0
0.0
0.0
0.0
0.0
0.0
0.0
0.0
0.0
0.0
0.0
0.0
0.008102999999999999
0.160192
0.347552
0.483164
0.555021
0.558
0.473931
0.362739
0.160203
0.019704
0.0
0.0
0.0
0.0
0.0
0.0
0.0
0.0
0.0
0.0
0.0
0.0
0.0
0.0
0.018038000000000002
0.221738
0.422781
0.548667
0.611242
0.626035
0.565357
0.443668
0.255421
0.043427999999999994
0.0
0.0
0.0
0.0
0.0
0.0
0.0
0.0
0.0
0.0
0.0
0.0
0.0
0.0
0.012913
0.194933
0.333666
0.489012
0.590975
0.592624
0.5338780000000001
0.419556
0.23533099999999998
0.035982999999999994
0.0
0.0
0.0
0.0
0.0
0.0
0.0
0.0
0.0
0.0
0.0
0.0
0.0
0.0
0.007337
0.12193899999999999
0.236681
0.337582
0.492244
0.505827
0.447924
0.322961
0.16245400000000002
0.020117999999999997
0.0
0.0
0.0
0.0
0.0
0.0
0.0
0.0
0.0
0.0
0.0
0.0
0.0
0.0
0.012938
0.208781
0.413356
0.521462
0.622478
0.623912
0.557506
0.38236200000000004
0.252533
0.047303
0.0
0.0
0.0
0.0
0.0
0.0
