0.0
0.0
0.0
0.0
0.0
0.0
0.0
0.0
0.051437
0.095398
0.130415
0.158222
0.158163
0.12964099999999998
0.091938
0.045257
0.003144
0.0
0.0
0.0
0.0
0.0
0.0
0.0
0.0
0.0
0.0
0.0
0.0
0.0
0.0
0.0
0.069282
0.119825
0.173482
0.20205099999999998
0.20180199999999998
0.171118
0.122252
0.059452
0.00596
0.0
0.0
0.0
0.0
0.0
0.0
0.0
0.0
0.0
0.0
0.0
0.0
0.0
0.0
0.0
0.07610299999999999
0.144678
0.219273
0.265157
0.26907400000000004
0.231797
0.162019
0.075565
0.007651
0.0
0.0
0.0
0.0
0.0
0.0
0.0
0.0
0.0
0.0
0.0
0.0
0.0
0.0
0.0
0.030725000000000002
0.067197
0.093151
0.10902200000000001
0.109826
0.094439
0.067334
0.032695999999999996
0.002089
0.0
0.0
0.0
0.0
0.0
0.0
0.0
0.0
0.0
0.0
0.0
0.0
0.0
0.0
0.0
0.06978400000000001
0.120459
0.173737
0.204703
0.206549
0.17846299999999998
0.12684099999999998
0.062081000000000004
0.006942
0.0
0.0
0.0
0.0
0.0
0.0
0.0
0.0
0.0
0.0
0.0
0.0
0.0
0.0
0.0
0.051302
0.14677600000000002
0.247446
0.306733
0.31077699999999997
0.267535
0.176842
0.083871
0.007685
0.0
0.0
0.0
0.0
0.0
0.0
0.0
0.0
0.0
0.0
0.0
0.0
0.0
0.0
0.0
0.067464
0.149709
0.226086
0.285218
0.287674
0.24475999999999998
0.166043
0.08288200000000001
0.009334
0.0
0.0
0.0
0.0
0.0
0.0
0.0
0.0
0.0
0.0
0.0
0.0
0.0
0.0
0.0
0.058726999999999994
0.150544
0.237461
0.293854
0.29739299999999996
0.256289
0.17926599999999998
0.083113
0.009798999999999999
0.0
0.0
0.0
0.0
0.0
0.0
0.0
0.0
0.0
0.0
0.0
0.0
0.0
0.0
0.0
0.069533
0.11934600000000001
0.175934
0.20738399999999999
0.211344
0.183202
0.132658
0.067213
0.009894
0.0
0.0
0.0
0.0
0.0
0.0
0.0
0.0
0.0
0.0
0.0
0.0
0.0
0.0
0.0
0.063933
0.14454499999999998
0.230088
0.284029
0.293332
0.255369
0.18125
0.08660899999999999
0.010714
0.0
0.0
0.0
0.0
0.0
0.0
0.0
0.0
0.0
0.0
0.0
0.0
0.0
0.0
0.0
0.054547
0.149768
0.242381
0.31377
0.325804
0.281472
0.187047
0.092454
0.012015000000000001
0.0
0.0
0.0
0.0
0.0
0.0
0.0
0.0
0.0
0.0
0.0
0.0
0.0
0.0
0.0
0.059365
0.152431
0.241538
0.30465499999999995
0.32675400000000004
0.273928
0.19148199999999999
0.09522
0.013585000000000002
0.0
0.0
0.0
0.0
0.0
0.0
0.0
0.0
0.0
0.0
0.0
0.0
0.0
0.0
0.0
0.044734
0.086935
0.11875
0.13816599999999998
0.146238
0.122345
0.090113
0.048115000000000005
0.007146
0.0
0.0
0.0
0.0
0.0
0.0
0.0
0.0
0.0
0.0
0.0
0.0
0.0
0.0
0.0
0.07753499999999999
0.145057
0.218775
0.26276
0.26966500000000004
0.235997
0.171324
0.087275
0.015354
0.0
0.0
0.0
0.0
0.0
0.0
0.0
0.0
0.0
0.0
0.0
0.0
0.0
0.0
0.0
0.024663
0.055298
0.07841500000000001
0.092621
0.094112
0.082081
0.059789
0.031202
0.004263
0.0
0.0
0.0
0.0
0.0
0.0
0.0
0.0
0.0
0.0
0.0
0.0
0.0
0.0
0.0
0.029378
0.063641
0.0895
0.103877
0.105768
0.093467
0.069074
0.036542000000000005
0.005724
0.0
0.0
0.0
0.0
0.0
0.0
0.0
0.0
0.0
0.0
0.0
0.0
0.0
0.0
0.0
0.054465000000000006
0.16073400000000002
0.266509
0.342058
0.362678
0.316096
0.22143000000000002
0.112411
0.018686
0.0
0.0
0.0
0.0
0.0
0.0
0.0
0.0
0.0
0.0
0.0
0.0
0.0
0.0
0.0
0.059864
0.15664699999999998
0.265897
0.33788
0.353154
0.308772
0.217112
0.105572
0.019732
0.0
0.0
0.0
0.0
0.0
0.0
0.0
0.0
0.0
0.0
0.0
0.0
0.0
0.0
0.0
0.078815
0.14892599999999998
0.209671
0.250034
0.262945
0.22352699999999998
0.164343
0.092518
0.020505
0.0
0.0
0.0
0.0
0.0
0.0
0.0
0.0
0.0
0.0
0.0
0.0
0.0
0.0
0.0
0.07391
0.160247
0.242166
0.304577
0.308745
0.273795
0.193487
0.10543000000000001
0.021108000000000002
0.0
0.0
0.0
0.0
0.0
0.0
0.0
0.0
0.0
0.0
0.0
0.0
0.0
0.0
0.0
0.074538
0.129005
0.187015
0.220718
0.222969
0.19729
0.146596
0.080713
0.019961
0.0
0.0
0.0
0.0
0.0
0.0
0.0
0.0
0.0
0.0
0.0
0.0
0.0
0.0
0.0
0.050961
0.09622199999999999
0.131554
0.16062
0.163947
0.13941399999999998
0.10520099999999999
0.059953000000000006
0.014029999999999999
0.0
0.0
0.0
0.0
0.0
0.0
0.0
0.0
0.0
0.0
0.0
0.0
0.0
0.0
0.0
0.064425
0.16228700000000001
0.258078
0.33910700000000005
0.358107
0.31599900000000003
0.219585
0.11696
0.024735
0.0
0.0
0.0
0.0
0.0
0.0
0.0
0.0
0.0
0.0
0.0
0.0
0.0
0.0
0.0
0.065873
0.16409
0.276132
0.352451
0.373036
0.32938799999999996
0.237043
0.120605
0.028509
0.0
0.0
0.0
0.0
0.0
0.0
0.0
0.0
0.0
0.0
0.0
0.0
0.0
0.0
0.0
0.066476
0.165594
0.265274
0.346229
0.364516
0.32314299999999996
0.22696
0.12184099999999999
0.028073
0.0
0.0
0.0
0.0
0.0
0.0
0.0
0.0
0.0
0.0
0.0
0.0
0.0
0.0
0.0
0.070309
0.120483
0.173214
0.203227
0.20858500000000002
0.18569999999999998
0.134917
0.08028300000000001
0.022299
0.0
0.0
0.0
0.0
0.0
0.0
0.0
0.0
0.0
0.0
0.0
0.0
0.0
0.0
0.0
0.076876
0.163873
0.260579
0.323762
0.342779
0.304338
0.222933
0.11986100000000001
0.032478
0.0
0.0
0.0
0.0
0.0
0.0
0.0
0.0
0.0
0.0
0.0
0.0
0.0
0.0
0.0
0.087179
0.16111099999999998
0.24232900000000002
0.291741
0.29994
0.267375
0.20016399999999998
0.111793
0.032527
0.0
0.0
0.0
0.0
0.0
0.0
0.0
0.0
0.0
0.0
0.0
0.0
0.0
0.0
0.0
0.038949
0.07648999999999999
0.10573600000000001
0.124944
0.127781
0.114221
0.08656100000000001
0.050923
0.014759
0.0
0.0
0.0
0.0
0.0
0.0
0.0
0.0
0.0
0.0
0.0
0.0
0.0
0.0
0.0
0.088937
0.162322
0.239416
0.28871800000000003
0.298711
0.26782
0.202893
0.11461299999999999
0.036319000000000004
0.0
0.0
0.0
0.0
0.0
0.0
0.0
0.0
0.0
0.0
0.0
0.0
0.0
0.0
0.0
0.083253
0.151209
0.209491
0.249508
0.257459
0.23011600000000001
0.17355500000000001
0.100305
0.034182000000000004
0.0
0.0
0.0
0.0
0.0
0.0
0.0
0.0
0.0
0.0
0.0
0.0
0.0
0.0
0.0
0.067453
0.18506
0.304938
0.389319
0.413214
0.368958
0.27390699999999996
0.148725
0.039956000000000005
0.0
0.0
0.0
0.0
0.0
0.0
0.0
0.0
0.0
0.0
0.0
0.0
0.0
0.0
0.0
0.069372
0.19198199999999999
0.319076
0.40713299999999997
0.42106299999999997
0.376329
0.280462
0.15446600000000002
0.04239
0.0
0.0
0.0
0.0
0.0
0.0
0.0
0.0
0.0
0.0
0.0
0.0
0.0
0.0
0.0
0.068917
0.184222
0.30238099999999996
0.397741
0.430084
0.387183
0.28040699999999996
0.153562
0.042696
0.0
0.0
0.0
0.0
0.0
0.0
0.0
0.0
0.0
0.0
0.0
0.0
0.0
0.0
0.0
0.07118899999999999
0.184462
0.308382
0.396142
0.422765
0.37870499999999996
0.27743599999999996
0.14959899999999998
0.043897
0.0
0.0
0.0
0.0
0.0
0.0
0.0
0.0
0.0
0.0
0.0
0.0
0.0
0.0
0.0
0.048458
0.090904
0.124164
0.151346
0.155328
0.133666
0.102988
0.064204
0.021826
0.0
0.0
0.0
0.0
0.0
0.0
0.0
0.0
0.0
0.0
0.0
0.0
0.0
0.0
0.0
0.08293099999999999
0.139844
0.196966
0.234227
0.242647
0.21821100000000002
0.169451
0.10186
0.038433
0.0
0.0
0.0
0.0
0.0
0.0
0.0
0.0
0.0
0.0
0.0
0.0
0.0
0.0
0.0
0.084035
0.19512700000000002
0.31822300000000003
0.402719
0.42627800000000005
0.381771
0.283066
0.157155
0.051954
0.0
0.0
0.0
0.0
0.0
0.0
0.0
0.0
0.0
0.0
0.0
0.0
0.0
0.0
0.0
0.079437
0.202794
0.336971
0.432919
0.4616
0.412088
0.300585
0.163644
0.052212
0.0
0.0
0.0
0.0
0.0
0.0
0.0
0.0
0.0
0.0
0.0
0.0
0.0
0.0
0.0019370000000000001
0.089198
0.231708
0.377693
0.483927
0.5166900000000001
0.462941
0.34063499999999997
0.191662
0.059502
0.0
0.0
0.0
0.0
0.0
0.0
0.0
0.0
0.0
0.0
0.0
0.0
0.0
0.0
0.001899
0.082077
0.209082
0.336446
0.438387
0.47758100000000003
0.42803399999999997
0.315378
0.17725200000000002
0.055998
0.0
0.0
0.0
0.0
0.0
0.0
0.0
0.0
0.0
0.0
0.0
0.0
0.0
0.0
0.001996
0.084333
0.21587399999999998
0.353034
0.46052499999999996
0.494788
0.444135
0.325923
0.18390199999999998
0.058625
0.0
0.0
0.0
0.0
0.0
0.0
0.0
0.0
0.0
0.0
0.0
0.0
0.0
0.0
0.013606
0.09441
0.165543
0.22473500000000002
0.263667
0.271364
0.245988
0.190285
0.122833
0.050478999999999996
0.0
0.0
0.0
0.0
0.0
0.0
0.0
0.0
0.0
0.0
0.0
0.0
0.0
0.0
0.014807
0.10541299999999999
0.183779
0.264797
0.321943
0.33874200000000004
0.30628500000000003
0.238249
0.142907
0.058915999999999996
0.000376
0.0
0.0
0.0
0.0
0.0
0.0
0.0
0.0
0.0
0.0
0.0
0.0
0.0
0.011796
0.100993
0.20072
0.30627699999999997
0.37981400000000004
0.40163099999999996
0.362405
0.275269
0.162298
0.062876
0.000191
0.0
0.0
0.0
0.0
0.0
0.0
0.0
0.0
0.0
0.0
0.0
0.0
0.0
0.0051470000000000005
0.041083
0.07582699999999999
0.10136400000000001
0.118603
0.12221299999999999
0.110394
0.087118
0.055593000000000004
0.022723
0.0
0.0
0.0
0.0
0.0
0.0
0.0
0.0
0.0
0.0
0.0
0.0
0.0
0.0
0.016368999999999998
0.109773
0.201141
0.28496499999999997
0.341678
0.354133
0.317175
0.246121
0.14869200000000002
0.063024
0.002005
0.0
0.0
0.0
0.0
0.0
0.0
0.0
0.0
0.0
0.0
0.0
0.0
0.0
0.010282
0.066259
0.11155
0.148564
0.180488
0.186878
0.17033500000000001
0.129755
0.08465099999999999
0.036014000000000004
0.0
0.0
0.0
0.0
0.0
0.0
0.0
0.0
0.0
0.0
0.0
0.0
0.0
0.0
0.010719
0.06788
0.115696
0.153484
0.18497999999999998
0.189838
0.171453
0.131221
0.08573399999999999
0.037086
0.000509
0.0
0.0
0.0
0.0
0.0
0.0
0.0
0.0
0.0
0.0
0.0
0.0
0.0
0.001192
0.020111999999999998
0.037204999999999995
0.050957999999999996
0.059316
0.061744
0.055536999999999996
0.043439
0.027579999999999997
0.011026
0.0
0.0
0.0
0.0
0.0
0.0
0.0
0.0
0.0
0.0
0.0
0.0
0.0
0.0
0.021081
0.116191
0.197397
0.279167
0.332005
0.345614
0.314218
0.24721600000000002
0.154111
0.06967
0.004203999999999999
0.0
0.0
0.0
0.0
0.0
0.0
0.0
0.0
0.0
0.0
0.0
0.0
0.0
0.021492
0.106049
0.179241
0.240535
0.282166
0.290482
0.262565
0.205119
0.133874
0.062405999999999996
0.004186
0.0
0.0
0.0
0.0
0.0
0.0
0.0
0.0
0.0
0.0
0.0
0.0
0.0
0.019178
0.11499200000000001
0.234296
0.345648
0.435371
0.451407
0.409009
0.30867
0.190903
0.076546
0.004749
0.0
0.0
0.0
0.0
0.0
0.0
0.0
0.0
0.0
0.0
0.0
0.0
0.0
0.010263
0.106352
0.244293
0.377236
0.482433
0.5233239999999999
0.47247300000000003
0.35374900000000004
0.20569800000000002
0.077829
0.0037679999999999996
0.0
0.0
0.0
0.0
0.0
0.0
0.0
0.0
0.0
0.0
0.0
0.0
0.0
0.023771
0.121786
0.235447
0.34166599999999997
0.419445
0.451135
0.398838
0.307803
0.192628
0.080812
0.00647
0.0
0.0
0.0
0.0
0.0
0.0
0.0
0.0
0.0
0.0
0.0
0.0
0.0
0.032645
0.131752
0.235143
0.32879899999999995
0.403137
0.41971800000000004
0.382103
0.29065199999999997
0.18783699999999998
0.083384
0.008558
0.0
0.0
0.0
0.0
0.0
0.0
0.0
0.0
0.0
0.0
0.0
0.0
0.0
0.008132
0.043515
0.073482
0.095906
0.111388
0.114516
0.103547
0.08277200000000001
0.055131
0.025375
0.00062
0.0
0.0
0.0
0.0
0.0
0.0
0.0
0.0
0.0
0.0
0.0
0.0
0.0
0.035485
0.132761
0.21821100000000002
0.30437000000000003
0.356037
0.367531
0.33493900000000004
0.267258
0.171327
0.082733
0.010276
0.0
0.0
0.0
0.0
0.0
0.0
0.0
0.0
0.0
0.0
0.0
0.0
0.0
0.041347999999999996
0.13078499999999998
0.2071
0.284296
0.33975299999999997
0.359238
0.32842200000000005
0.259536
0.16648
0.079374
0.010820999999999999
0.0
0.0
0.0
0.0
0.0
0.0
0.0
0.0
0.0
0.0
0.0
0.0
0.0
0.048066000000000005
0.135782
0.215788
0.295721
0.351932
0.370361
0.33725900000000003
0.267964
0.17224899999999999
0.085861
0.012012
0.0
0.0
0.0
0.0
0.0
0.0
0.0
0.0
0.0
0.0
0.0
0.0
0.0
0.05341
0.143322
0.24336000000000002
0.338708
0.415802
0.438142
0.398096
0.302286
0.195374
0.09182599999999999
0.012981999999999999
0.0
0.0
0.0
0.0
0.0
0.0
0.0
0.0
0.0
0.0
0.0
0.0
0.0
0.046052
0.147817
0.277638
0.39348099999999997
0.484226
0.505994
0.461111
0.3511
0.224303
0.10014400000000001
0.013519999999999999
0.0
0.0
0.0
0.0
0.0
0.0
0.0
0.0
0.0
0.0
0.0
0.0
0.0
0.02801
0.07537999999999999
0.11927800000000001
0.15420699999999998
0.184046
0.188143
0.171084
0.131804
0.089488
0.044482999999999995
0.00584
0.0
0.0
0.0
0.0
0.0
0.0
0.0
0.0
0.0
0.0
0.0
0.0
0.0
0.039955
0.100413
0.15203
0.20371799999999998
0.233852
0.238107
0.216306
0.17375800000000002
0.11482099999999999
0.059114
0.008749
0.0
0.0
0.0
0.0
0.0
0.0
0.0
0.0
0.0
0.0
0.0
0.0
0.0
0.021779
0.056953000000000004
0.091389
0.11668300000000001
0.138648
0.13943899999999998
0.123337
0.09918099999999999
0.06815900000000001
0.033722999999999996
0.004373
0.0
0.0
0.0
0.0
0.0
0.0
0.0
0.0
0.0
0.0
0.0
0.0
0.0
0.042286000000000004
0.100759
0.151317
0.201626
0.231857
0.239657
0.21717599999999998
0.173518
0.11455800000000001
0.059167000000000004
0.010164
0.0
0.0
0.0
0.0
0.0
0.0
0.0
0.0
0.0
0.0
0.0
0.0
0.0
0.023273
0.057832
0.09159
0.11767
0.139971
0.144244
0.125833
0.100742
0.069071
0.034913
0.005046
0.0
0.0
0.0
0.0
0.0
0.0
0.0
0.0
0.0
0.0
0.0
0.0
0.0
0.049637
0.159733
0.305996
0.441248
0.530763
0.559061
0.5034150000000001
0.39219299999999996
0.24939599999999998
0.11162699999999999
0.016561
0.0
0.0
0.0
0.0
0.0
0.0
0.0
0.0
0.0
0.0
0.0
0.0
0.0
0.06481100000000001
0.13223
0.207981
0.271504
0.32226699999999997
0.329269
0.29118299999999997
0.23377
0.16009800000000002
0.08473900000000001
0.017725
0.0
0.0
0.0
0.0
0.0
0.0
0.0
0.0
0.0
0.0
0.0
0.0
0.0
0.06667400000000001
0.170639
0.29883499999999996
0.41762099999999996
0.501362
0.5326649999999999
0.47429899999999997
0.37009800000000004
0.241367
0.11511199999999999
0.021713
0.0
0.0
0.0
0.0
0.0
0.0
0.0
0.0
0.0
0.0
0.0
0.0
0.0
0.069673
0.14045500000000002
0.219453
0.287157
0.341735
0.351637
0.320561
0.249556
0.171
0.09123300000000001
0.020786000000000002
0.0
0.0
0.0
0.0
0.0
0.0
0.0
0.0
0.0
0.0
0.0
0.0
0.0
0.047389
0.173154
0.340234
0.494694
0.600533
0.6305839999999999
0.5727340000000001
0.440736
0.275335
0.120847
0.018462
0.0
0.0
0.0
0.0
0.0
0.0
0.0
0.0
0.0
0.0
0.0
0.0
0.0
0.077845
0.178059
0.291077
0.403747
0.47594400000000003
0.49127499999999996
0.444385
0.350071
0.225166
0.114012
0.026703
0.0
0.0
0.0
0.0
0.0
0.0
0.0
0.0
0.0
0.0
0.0
0.0
0.0
0.063405
0.12862600000000002
0.193883
0.248453
0.282099
0.286912
0.260213
0.209459
0.14253100000000002
0.079747
0.019452
0.0
0.0
0.0
0.0
0.0
0.0
0.0
0.0
0.0
0.0
0.0
0.0
0.0
0.082959
0.177353
0.28861200000000004
0.397062
0.469083
0.48678
0.442719
0.343437
0.230473
0.11708299999999999
0.02936
0.0
0.0
0.0
0.0
0.0
0.0
0.0
0.0
0.0
0.0
0.0
0.0
0.0
0.079529
0.182945
0.296765
0.408695
0.487559
0.509096
0.463226
0.365358
0.23736600000000002
0.123197
0.028886
0.0
0.0
0.0
0.0
0.0
0.0
0.0
0.0
0.0
0.0
0.0
0.0
0.0
0.08625100000000001
0.174959
0.274387
0.372483
0.44875
0.467079
0.425179
0.330415
0.22374000000000002
0.117419
0.031272
0.0
0.0
0.0
0.0
0.0
0.0
0.0
0.0
0.0
0.0
0.0
0.0
0.0
0.08851200000000001
0.176895
0.279411
0.366096
0.431141
0.429765
0.402831
0.31983300000000003
0.220051
0.116435
0.031713
0.0
0.0
0.0
0.0
0.0
0.0
0.0
0.0
0.0
0.0
0.0
0.0
0.0
0.066854
0.128811
0.18917699999999998
0.24024600000000002
0.271747
0.276871
0.252473
0.204982
0.140279
0.08001000000000001
0.022202000000000003
0.0
0.0
0.0
0.0
0.0
0.0
0.0
0.0
0.0
0.0
0.0
0.0
0.0
0.092434
0.182112
0.282694
0.370545
0.427241
0.430774
0.388826
0.311836
0.210864
0.116368
0.034177
0.0
0.0
0.0
0.0
0.0
0.0
0.0
0.0
0.0
0.0
0.0
0.0
0.007592
0.06791
0.128663
0.18937600000000002
0.2387
0.268932
0.27091699999999996
0.247376
0.200759
0.13888499999999998
0.080665
0.023807
0.0
0.0
0.0
0.0
0.0
0.0
0.0
0.0
0.0
0.0
0.0
0.0
0.011927
0.093466
0.20296899999999998
0.328743
0.44185599999999997
0.52004
0.537918
0.48894299999999996
0.38642200000000004
0.25317500000000004
0.13446
0.037318
0.0
0.0
0.0
0.0
0.0
0.0
0.0
0.0
0.0
0.0
0.0
0.0
0.009838
0.086398
0.208317
0.349969
0.48872699999999997
0.5810890000000001
0.601205
0.5448339999999999
0.425428
0.272857
0.13933500000000001
0.036017
0.0
0.0
0.0
0.0
0.0
0.0
0.0
0.0
0.0
0.0
0.0
0.0
0.0072770000000000005
0.07889700000000001
0.21295
0.371866
0.52471
0.618521
0.631552
0.572717
0.443089
0.28675900000000004
0.138291
0.033165999999999994
0.0
0.0
0.0
0.0
0.0
0.0
0.0
0.0
0.0
0.0
0.0
0.0
0.013864000000000001
0.09613200000000001
0.20663800000000002
0.33363099999999996
0.44353699999999996
0.5204289999999999
0.533981
0.487207
0.393861
0.265801
0.13900200000000001
0.039402
0.0
0.0
0.0
0.0
0.0
0.0
0.0
0.0
0.0
0.0
0.0
0.0
0.013276999999999999
0.09497
0.215202
0.35167899999999996
0.486948
0.570378
0.592482
0.536471
0.424206
0.277295
0.141259
0.040619999999999996
0.0
0.0
0.0
0.0
0.0
0.0
0.0
0.0
0.0
0.0
0.0
0.0
0.00764
0.079623
0.21493199999999998
0.371741
0.526539
0.633871
0.669088
0.6044400000000001
0.469578
0.299332
0.146812
0.03471200000000001
0.0
0.0
0.0
0.0
0.0
0.0
0.0
0.0
0.0
0.0
0.0
0.0
0.009224999999999999
0.085233
0.224359
0.38748200000000005
0.543173
0.64244
0.657482
0.587212
0.453012
0.289781
0.146374
0.036593
0.0
0.0
0.0
0.0
0.0
0.0
0.0
0.0
0.0
0.0
0.0
0.0
0.011291
0.090794
0.225623
0.368196
0.5011669999999999
0.5831900000000001
0.623808
0.567275
0.44906999999999997
0.28976100000000005
0.14504499999999998
0.038939999999999995
0.0
0.0
0.0
0.0
0.0
0.0
0.0
0.0
0.0
0.0
0.0
0.0
0.010709
0.08995600000000001
0.224779
0.371426
0.506509
0.6144120000000001
0.6492140000000001
0.5878490000000001
0.466933
0.302515
0.152221
0.039418999999999996
0.0
0.0
0.0
0.0
0.0
0.0
0.0
0.0
0.0
0.0
0.0
0.0
0.015692
0.10015
0.168609
0.242291
0.302426
0.346098
0.34725599999999995
0.31625200000000003
0.250755
0.18018199999999998
0.10654999999999999
0.039234000000000005
0.0
0.0
0.0
0.0
0.0
0.0
0.0
0.0
0.0
0.0
0.0
0.0
0.018703
0.116025
0.21488200000000002
0.324513
0.42606900000000003
0.488043
0.49877499999999997
0.455686
0.360046
0.24975999999999998
0.139273
0.05064
0.0
0.0
0.0
0.0
0.0
0.0
0.0
0.0
0.0
0.0
0.0
0.0
0.020436
0.11266899999999999
0.197159
0.281935
0.36357799999999996
0.40946899999999997
0.41279000000000005
0.375365
0.304907
0.212277
0.125836
0.048854999999999996
0.0
0.0
0.0
0.0
0.0
0.0
0.0
0.0
0.0
0.0
0.0
0.0
0.009369
0.10386100000000001
0.27286
0.47496
0.6579389999999999
0.7747029999999999
0.797235
0.718159
0.559628
0.36142599999999997
0.176057
0.045844
0.0
0.0
0.0
0.0
0.0
0.0
0.0
0.0
0.0
0.0
0.0
0.0
0.023007000000000003
0.11402200000000001
0.194843
0.272466
0.34503500000000004
0.382481
0.380094
0.345402
0.27516399999999996
0.197845
0.118934
0.049004
0.0
0.0
0.0
0.0
0.0
0.0
0.0
0.0
0.0
0.0
0.0
0.0
0.025608
0.128051
0.23296799999999998
0.338147
0.437562
0.49614199999999997
0.511241
0.463866
0.369577
0.251924
0.143851
0.054818
0.0
0.0
0.0
0.0
0.0
0.0
0.0
0.0
0.0
0.0
0.0
0.0
0.019457000000000002
0.07842
0.131261
0.177376
0.222076
0.24643
0.247715
0.224228
0.184532
0.13097399999999998
0.078899
0.030263
0.0
0.0
0.0
0.0
0.0
0.0
0.0
0.0
0.0
0.0
0.0
0.0
0.013196999999999999
0.048743
0.08254399999999999
0.113083
0.1372
0.156167
0.158189
0.144049
0.114646
0.083538
0.050148000000000005
0.018367
0.0
0.0
0.0
0.0
0.0
0.0
0.0
0.0
0.0
0.0
0.0
0.0
0.036516
0.11445
0.188249
0.256299
0.321747
0.358695
0.362677
0.33875299999999997
0.27345600000000003
0.19822800000000002
0.119172
0.050092
0.0
0.0
0.0
0.0
0.0
0.0
0.0
0.0
0.0
0.0
0.0
0.0
0.034567999999999995
0.129197
0.259822
0.400374
0.531606
0.6097440000000001
0.616226
0.553629
0.441471
0.29475
0.160402
0.05689
0.0
0.0
0.0
0.0
0.0
0.0
0.0
0.0
0.0
0.0
0.0
0.0
0.030643999999999998
0.09020399999999999
0.144348
0.197078
0.239965
0.265394
0.267817
0.241773
0.198874
0.14207
0.088693
0.036341
0.0
0.0
0.0
0.0
0.0
0.0
0.0
0.0
0.0
0.0
0.0
0.0
0.037675
0.130247
0.26135
0.402248
0.534244
0.611591
0.6203970000000001
0.568987
0.45734199999999997
0.308577
0.170406
0.058954
0.00054
0.0
0.0
0.0
0.0
0.0
0.0
0.0
0.0
0.0
0.0
0.0
0.048290999999999994
0.123414
0.19902099999999998
0.272126
0.340005
0.382986
0.38899900000000004
0.354736
0.28828699999999996
0.204346
0.1253
0.056484
0.001759
0.0
0.0
0.0
0.0
0.0
0.0
0.0
0.0
0.0
0.0
0.0
0.049808
0.12579
0.20497100000000001
0.283428
0.356871
0.398331
0.399646
0.363597
0.2902
0.209367
0.127208
0.057607
0.001825
0.0
0.0
0.0
0.0
0.0
0.0
0.0
0.0
0.0
0.0
0.0
0.04714
0.14241399999999999
0.26532100000000003
0.398511
0.519423
0.590718
0.602968
0.546578
0.431819
0.299174
0.167343
0.063593
0.002727
0.0
0.0
0.0
0.0
0.0
0.0
0.0
0.0
0.0
0.0
0.0
0.049311
0.145768
0.270923
0.40499
0.527496
0.603734
0.616184
0.557458
0.437268
0.301016
0.169309
0.06442400000000001
0.002736
0.0
0.0
0.0
0.0
0.0
0.0
0.0
0.0
0.0
0.0
0.0
0.039445
0.134727
0.276814
0.421069
0.55886
0.658871
0.684258
0.622734
0.49329500000000004
0.334084
0.177501
0.061116
0.0015229999999999998
0.0
0.0
0.0
0.0
0.0
0.0
0.0
0.0
0.0
0.0
0.0
0.025468
0.122772
0.287655
0.467864
0.624728
0.7218669999999999
0.733719
0.661571
0.516795
0.342105
0.17568
0.053031
0.000108
0.0
0.0
0.0
0.0
0.0
0.0
0.0
0.0
0.0
0.0
0.0
0.03364
0.130099
0.284176
0.45109699999999997
0.593955
0.690063
0.702896
0.63478
0.503577
0.336437
0.178657
0.058191
0.0016140000000000002
0.0
0.0
0.0
0.0
0.0
0.0
0.0
0.0
0.0
0.0
0.0
0.027033
0.126026
0.28701299999999996
0.442863
0.594062
0.697639
0.732516
0.662295
0.522826
0.347851
0.180935
0.054769
3.1e-05
0.0
0.0
0.0
0.0
0.0
0.0
0.0
0.0
0.0
0.0
0.0
0.027238
0.124758
0.288437
0.4664
0.624005
0.718523
0.731903
0.6594840000000001
0.517996
0.34349799999999997
0.178257
0.053448999999999997
2.4e-05
0.0
0.0
0.0
0.0
0.0
0.0
0.0
0.0
0.0
0.0
0.0
0.048574
0.111042
0.165782
0.22497
0.270464
0.29839299999999996
0.30083499999999996
0.272276
0.223021
0.16022399999999998
0.10447799999999999
0.048281
0.00383
0.0
0.0
0.0
0.0
0.0
0.0
0.0
0.0
0.0
0.0
0.0
0.050578000000000005
0.1133
0.167036
0.22083699999999998
0.26754199999999995
0.29659199999999997
0.300815
0.275827
0.227478
0.166262
0.10814700000000001
0.04972699999999999
0.003848
0.0
0.0
0.0
0.0
0.0
0.0
0.0
0.0
0.0
0.0
0.0
0.031036
0.13428800000000002
0.30396100000000004
0.486587
0.645707
0.738782
0.750896
0.67702
0.531461
0.355686
0.187028
0.059376
0.0016140000000000002
0.0
0.0
0.0
0.0
0.0
0.0
0.0
0.0
0.0
0.0
0.0
0.049697000000000005
0.151372
0.300744
0.45924
0.599603
0.681211
0.685422
0.615539
0.48823300000000003
0.332769
0.18294300000000002
0.068429
0.0051909999999999994
0.0
0.0
0.0
0.0
0.0
0.0
0.0
0.0
0.0
0.0
0.0
0.046653
0.14932900000000002
0.304573
0.467757
0.614659
0.703722
0.715951
0.642912
0.5084730000000001
0.342709
0.188658
0.066731
0.004511
0.0
0.0
0.0
0.0
0.0
0.0
0.0
0.0
0.0
0.0
0.0
0.045808999999999996
0.15059899999999998
0.306663
0.471089
0.606908
0.6900510000000001
0.6994880000000001
0.633626
0.505647
0.344374
0.18993100000000002
0.068073
0.004738
0.0
0.0
0.0
0.0
0.0
0.0
0.0
0.0
0.0
0.0
0.0
0.051213
0.10780100000000001
0.15909399999999999
0.211864
0.253339
0.276933
0.27560399999999996
0.251965
0.209377
0.154167
0.10083199999999999
0.048536
0.005607
0.0
0.0
0.0
0.0
0.0
0.0
0.0
0.0
0.0
0.0
0.0
0.039254
0.146558
0.311894
0.485865
0.633284
0.731101
0.741942
0.6700470000000001
0.5364589999999999
0.36213999999999996
0.19352699999999998
0.06561199999999999
0.0032890000000000003
0.0
0.0
0.0
0.0
0.0
0.0
0.0
0.0
0.0
0.0
0.0
0.075002
0.16453700000000002
0.26986
0.37969200000000003
0.474524
0.52723
0.522712
0.471886
0.38916300000000004
0.277813
0.170791
0.081126
0.013282
0.0
0.0
0.0
0.0
0.0
0.0
0.0
0.0
0.0
0.0
0.0050810000000000004
0.046427
0.093417
0.13909100000000002
0.179001
0.21722999999999998
0.237528
0.239083
0.21828999999999998
0.17538
0.132486
0.086535
0.042295
0.005647
0.0
0.0
0.0
0.0
0.0
0.0
0.0
0.0
0.0
0.0
0.013248
0.07649299999999999
0.16455699999999998
0.272026
0.379899
0.474858
0.5357190000000001
0.5394650000000001
0.490681
0.40026799999999996
0.285359
0.17648
0.082509
0.013679
0.0
0.0
0.0
0.0
0.0
0.0
0.0
0.0
0.0
0.0
0.012143000000000001
0.0718
0.16786199999999998
0.29344099999999995
0.42180399999999996
0.534772
0.600447
0.606125
0.55089
0.445372
0.315138
0.1859
0.082119
0.013305999999999998
0.0
0.0
0.0
0.0
0.0
0.0
0.0
0.0
0.0
0.0
0.01157
0.068992
0.168691
0.301913
0.43949
0.554355
0.6221789999999999
0.626401
0.5684859999999999
0.460138
0.32122500000000004
0.19053
0.082108
0.012672000000000001
0.0
0.0
0.0
0.0
0.0
0.0
0.0
0.0
0.0
0.0
0.012039
0.07014100000000001
0.168148
0.299178
0.438273
0.552745
0.609198
0.5939289999999999
0.542419
0.45555399999999996
0.320711
0.191168
0.08216899999999999
0.013304
0.0
0.0
0.0
0.0
0.0
0.0
0.0
0.0
0.0
0.0
0.006946
0.050648000000000006
0.160344
0.318606
0.490496
0.631599
0.701596
0.657033
0.599399
0.503761
0.353312
0.196332
0.073056
0.007477999999999999
0.0
0.0
0.0
0.0
0.0
0.0
0.0
0.0
0.0
0.0
0.010945
0.06381300000000001
0.16711600000000001
0.30756700000000003
0.464229
0.591976
0.669713
0.677078
0.605341
0.477596
0.329082
0.19303
0.07983799999999999
0.011899
0.0
0.0
0.0
0.0
0.0
0.0
0.0
0.0
0.0
0.0
0.009448999999999999
0.059416
0.16607
0.31939999999999996
0.475985
0.612835
0.693629
0.7027100000000001
0.636668
0.504938
0.34926
0.199118
0.078458
0.010724000000000001
0.0
0.0
0.0
0.0
0.0
0.0
0.0
0.0
0.0
0.0
0.014058
0.07219
0.174706
0.308849
0.44242000000000004
0.5540879999999999
0.61986
0.638869
0.579778
0.474363
0.33010700000000004
0.195815
0.085092
0.015767
0.0
0.0
0.0
0.0
0.0
0.0
0.0
0.0
0.0
0.0
0.019093
0.084771
0.15909600000000002
0.238727
0.318466
0.39089999999999997
0.435581
0.440732
0.402364
0.333837
0.242543
0.158639
0.083313
0.020335000000000002
0.0
0.0
0.0
0.0
0.0
0.0
0.0
0.0
0.0
0.0
0.014827
0.074082
0.179065
0.313401
0.458972
0.590139
0.677569
0.692489
0.6243970000000001
0.49738499999999997
0.345096
0.20053100000000001
0.087537
0.016538
0.0
0.0
0.0
0.0
0.0
0.0
0.0
0.0
0.0
0.0
0.020007
0.086623
0.159718
0.236995
0.31836200000000003
0.38399
0.421505
0.42085199999999995
0.381377
0.315301
0.230668
0.153933
0.08406
0.021462
0.0
0.0
0.0
0.0
0.0
0.0
0.0
0.0
0.0
0.0
0.012894000000000001
0.067714
0.176684
0.328036
0.47938600000000003
0.618478
0.704619
0.718911
0.653086
0.5258630000000001
0.364185
0.210368
0.086196
0.01485
0.0
0.0
0.0
0.0
0.0
0.0
0.0
0.0
0.0
0.0
0.010119
0.057889
0.169374
0.326851
0.500384
0.6473369999999999
0.744987
0.760575
0.687232
0.54737
0.37600599999999995
0.21146700000000002
0.082633
0.012398
0.0
0.0
0.0
0.0
0.0
0.0
0.0
0.0
0.0
0.0
0.013599
0.069213
0.177828
0.327117
0.479673
0.61053
0.688616
0.695177
0.6313070000000001
0.5088159999999999
0.35512
0.20530299999999999
0.087363
0.016273
0.0
0.0
0.0
0.0
0.0
0.0
0.0
0.0
0.0
0.0
0.012698000000000001
0.06625700000000001
0.174346
0.32568400000000003
0.481102
0.616072
0.688744
0.688326
0.624265
0.504541
0.35336599999999996
0.20523
0.08465600000000001
0.015731
0.0
0.0
0.0
0.0
0.0
0.0
0.0
0.0
0.0
0.0
0.011698
0.081668
0.18030000000000002
0.306824
0.434319
0.5490069999999999
0.6090059999999999
0.6062609999999999
0.553725
0.453034
0.323406
0.197333
0.093632
0.022528
0.0
0.0
0.0
0.0
0.0
0.0
0.0
0.0
0.0
0.0
0.013186
0.090516
0.181694
0.289916
0.40105599999999997
0.492707
0.550559
0.554261
0.505757
0.41319900000000004
0.297925
0.189933
0.096086
0.026568
0.0
0.0
0.0
0.0
0.0
0.0
0.0
0.0
0.0
0.0
0.015512
0.09217600000000001
0.17547200000000002
0.271024
0.362522
0.449975
0.50161
0.511587
0.46647000000000005
0.376503
0.276178
0.17771
0.095043
0.028105
0.0
0.0
0.0
0.0
0.0
0.0
0.0
0.0
0.0
0.0
0.014155
0.09045099999999999
0.18453999999999998
0.3024
0.425861
0.526764
0.591106
0.596198
0.54904
0.445835
0.324872
0.201071
0.098991
0.027178
0.0
0.0
0.0
0.0
0.0
0.0
0.0
0.0
0.0
0.0
0.016568000000000003
0.093723
0.176343
0.27066
0.364385
0.439939
0.493307
0.491301
0.447749
0.365153
0.271283
0.175901
0.095569
0.029553999999999997
0.0
0.0
0.0
0.0
0.0
0.0
0.0
0.0
0.0
0.0
0.012740999999999999
0.079319
0.186148
0.326075
0.475991
0.5997709999999999
0.668384
0.65938
0.600302
0.494898
0.35568700000000003
0.212807
0.096881
0.023023
0.0
0.0
0.0
0.0
0.0
0.0
0.0
0.0
0.0
0.0
0.012619
0.077114
0.185754
0.33077100000000004
0.473981
0.5996849999999999
0.687548
0.702639
0.6306660000000001
0.502081
0.348813
0.209155
0.09464199999999999
0.021728
0.0
0.0
0.0
0.0
0.0
0.0
0.0
0.0
0.0
0.0
0.011845000000000001
0.072847
0.18221199999999999
0.327416
0.46004199999999995
0.5748110000000001
0.668828
0.7034130000000001
0.645971
0.52634
0.37063799999999997
0.220786
0.095415
0.021463
0.0
0.0
0.0
0.0
0.0
0.0
0.0
0.0
0.0
0.0
0.012957000000000002
0.076874
0.183134
0.326197
0.477522
0.608195
0.683866
0.692711
0.630478
0.506822
0.35846300000000003
0.214275
0.097354
0.023382999999999998
0.0
0.0
0.0
0.0
0.0
0.0
0.0
0.0
0.0
0.0
0.015042
0.086953
0.185135
0.312321
0.44203899999999996
0.553276
0.603938
0.585792
0.538748
0.46010500000000004
0.335541
0.209845
0.10187
0.029106
0.0
0.0
0.0
0.0
0.0
0.0
0.0
0.0
0.0
0.0
0.017079999999999998
0.09039799999999999
0.155077
0.224458
0.292248
0.35259199999999996
0.384372
0.378485
0.346202
0.291831
0.21938300000000002
0.14973699999999998
0.085703
0.029076
0.0
0.0
0.0
0.0
0.0
0.0
0.0
0.0
0.0
0.0
0.015955999999999998
0.09007599999999999
0.185805
0.30280799999999997
0.406789
0.49858600000000003
0.547471
0.547594
0.521102
0.43302999999999997
0.32043900000000003
0.202505
0.102524
0.030566
0.0
0.0
0.0
0.0
0.0
0.0
0.0
0.0
0.0
0.0
0.016474
0.092722
0.188567
0.303891
0.418418
0.521754
0.591348
0.602291
0.553366
0.451985
0.33053699999999997
0.20718799999999998
0.10635
0.03331
0.0
0.0
0.0
0.0
0.0
0.0
0.0
0.0
0.0
0.0
0.01554
0.084948
0.187201
0.318396
0.459418
0.574446
0.643634
0.64476
0.590144
0.48386900000000005
0.346823
0.215479
0.104029
0.029558
0.0
0.0
0.0
0.0
0.0
0.0
0.0
0.0
0.0
0.0
0.011935000000000001
0.068876
0.180283
0.335229
0.49813799999999997
0.628096
0.6955159999999999
0.656359
0.603572
0.5154099999999999
0.37127499999999997
0.221973
0.09689700000000001
0.022692
0.0
0.0
0.0
0.0
0.0
0.0
0.0
0.0
0.0
0.0
0.014048999999999999
0.075545
0.179531
0.32193400000000005
0.472096
0.6029840000000001
0.6812590000000001
0.6982809999999999
0.638235
0.5183329999999999
0.367714
0.219668
0.10043200000000001
0.026017
0.0
0.0
0.0
0.0
0.0
0.0
0.0
0.0
0.0
0.0
0.018541000000000002
0.090916
0.18579900000000002
0.301898
0.424935
0.528567
0.599705
0.606708
0.556654
0.464841
0.33605
0.212261
0.107956
0.034372
0.0
0.0
0.0
0.0
0.0
0.0
0.0
0.0
0.0
0.0
0.018315
0.08859399999999999
0.193385
0.325886
0.45778399999999997
0.5768490000000001
0.6522190000000001
0.668824
0.611877
0.500628
0.360974
0.22179400000000002
0.107982
0.031674
0.0
0.0
0.0
0.0
0.0
0.0
0.0
0.0
0.0
0.0
0.021116
0.097066
0.187469
0.28754700000000005
0.390002
0.47082
0.517226
0.538588
0.5031
0.419046
0.312259
0.20378100000000002
0.10807599999999999
0.037848999999999994
0.0
0.0
0.0
0.0
0.0
0.0
0.0
0.0
0.0
0.0
0.020797999999999997
0.093429
0.18726900000000002
0.305767
0.430161
0.536689
0.5980789999999999
0.604807
0.553928
0.451551
0.331777
0.209958
0.109337
0.036357999999999994
0.0
0.0
0.0
0.0
0.0
0.0
0.0
0.0
0.0
0.0
0.022294
0.091002
0.151725
0.215285
0.275024
0.336735
0.372847
0.378257
0.348169
0.287587
0.21839699999999998
0.150038
0.090766
0.033841
0.0
0.0
0.0
0.0
0.0
0.0
0.0
0.0
0.0
0.0
0.024808
0.099057
0.17224
0.249808
0.321946
0.383592
0.431124
0.43900599999999995
0.403297
0.335502
0.252487
0.171853
0.100878
0.039735
0.0
0.0
0.0
0.0
0.0
0.0
0.0
0.0
0.0
0.0
0.025434000000000002
0.09951399999999999
0.175444
0.260295
0.341152
0.40771300000000005
0.46513
0.476067
0.437028
0.364769
0.275878
0.18513
0.106099
0.040729999999999995
0.0
0.0
0.0
0.0
0.0
0.0
0.0
0.0
0.0
0.0
0.021075
0.089127
0.188096
0.315735
0.455063
0.566545
0.6333880000000001
0.630693
0.5791499999999999
0.479054
0.350935
0.222072
0.111762
0.035914
0.0
0.0
0.0
0.0
0.0
0.0
0.0
0.0
0.0
0.0
0.019068
0.080748
0.18354900000000002
0.319096
0.45768200000000003
0.583425
0.665399
0.68186
0.62499
0.511506
0.368652
0.226893
0.109334
0.032406
0.0
0.0
0.0
0.0
0.0
0.0
0.0
0.0
0.0
0.0
0.020478000000000003
0.08560899999999999
0.190744
0.325312
0.465923
0.589801
0.671953
0.688235
0.630042
0.514621
0.371796
0.228922
0.112349
0.034588
0.0
0.0
0.0
0.0
0.0
0.0
0.0
0.0
0.0
0.0
0.012805
0.062243
0.177301
0.3342
0.49239
0.62497
0.718484
0.7427619999999999
0.687644
0.565494
0.40468200000000004
0.238058
0.103407
0.023594
0.0
0.0
0.0
0.0
0.0
0.0
0.0
0.0
0.0
0.0
0.01328
0.063265
0.177868
0.33173
0.490028
0.621822
0.716401
0.7426200000000001
0.6825460000000001
0.5617430000000001
0.39924
0.23656200000000002
0.103965
0.02422
0.0
0.0
0.0
0.0
0.0
0.0
0.0
0.0
0.0
0.0
0.01721
0.073446
0.182347
0.32905700000000004
0.48294
0.61403
0.6942269999999999
0.695447
0.6400159999999999
0.527381
0.383404
0.23476499999999997
0.10921800000000001
0.029928
0.0
0.0
0.0
0.0
0.0
0.0
0.0
0.0
0.0
0.0
0.015919
0.069103
0.179784
0.331582
0.488505
0.6227590000000001
0.7048260000000001
0.7053590000000001
0.648732
0.53431
0.38861399999999996
0.235796
0.107376
0.027782
0.0
0.0
0.0
0.0
0.0
0.0
0.0
0.0
0.0
0.0
0.017585
0.075607
0.18109299999999998
0.324844
0.474615
0.6013959999999999
0.668664
0.6325810000000001
0.586025
0.508088
0.37412900000000004
0.23230699999999999
0.109773
0.03251
0.0
0.0
0.0
0.0
0.0
0.0
0.0
0.0
0.0
0.0
0.01788
0.076675
0.179565
0.32005900000000004
0.458826
0.589299
0.663318
0.686389
0.630659
0.5123110000000001
0.367351
0.22954
0.11066
0.033204
0.0
0.0
0.0
0.0
0.0
0.0
0.0
0.0
0.0
0.0
0.023634
0.091884
0.153886
0.219565
0.281613
0.34646699999999997
0.38553
0.394886
0.36721699999999996
0.309485
0.23462200000000002
0.163223
0.09770000000000001
0.040302
0.0
0.0
0.0
0.0
0.0
0.0
0.0
0.0
0.0
0.0
0.014511
0.066441
0.173526
0.315083
0.454615
0.5957290000000001
0.68913
0.7170380000000001
0.665415
0.5459109999999999
0.393109
0.23806200000000002
0.10849500000000001
0.028199000000000002
0.0
0.0
0.0
0.0
0.0
0.0
0.0
0.0
0.0
0.0
0.019234
0.08353100000000001
0.18285200000000001
0.302839
0.42594299999999996
0.525141
0.610221
0.633092
0.584192
0.485244
0.358726
0.225943
0.115025
0.037348
0.0
0.0
0.0
0.0
0.0
0.0
0.0
0.0
0.0
0.0
0.018985
0.083955
0.180752
0.304527
0.41868099999999997
0.51695
0.602722
0.637394
0.593351
0.491162
0.360154
0.227198
0.115018
0.038539000000000004
0.0
0.0
0.0
0.0
0.0
0.0
0.0
0.0
0.0
0.0
0.015513
0.07149599999999999
0.17538
0.32020499999999996
0.473657
0.605552
0.6866749999999999
0.70221
0.6451079999999999
0.5254260000000001
0.375116
0.233066
0.111035
0.032078
0.0
0.0
0.0
0.0
0.0
0.0
0.0
0.0
0.0
0.0
0.017471
0.080166
0.181268
0.30984100000000003
0.448914
0.5644
0.637652
0.649987
0.599202
0.49695100000000003
0.365123
0.22903
0.11461700000000001
0.03735
0.0
0.0
0.0
0.0
0.0
0.0
0.0
0.0
0.0
0.0
0.014551
0.070625
0.176427
0.31844
0.46325099999999997
0.588904
0.676578
0.690793
0.636532
0.5253150000000001
0.379253
0.234703
0.111026
0.032529
0.0
0.0
0.0
0.0
0.0
0.0
0.0
0.0
0.0
0.0
0.017706
0.08588
0.181756
0.30325799999999997
0.42557799999999996
0.5351849999999999
0.607312
0.6198060000000001
0.5711280000000001
0.471417
0.342372
0.21953999999999999
0.114964
0.040212000000000005
0.0
0.0
0.0
0.0
0.0
0.0
0.0
0.0
0.0
0.0
0.020149999999999998
0.092846
0.17156200000000002
0.260925
0.348159
0.427327
0.478762
0.485624
0.44928199999999996
0.374127
0.285765
0.191966
0.111224
0.04514
0.0
0.0
0.0
0.0
0.0
0.0
0.0
0.0
0.0
0.0
0.015398
0.08056100000000001
0.177074
0.300413
0.434744
0.5455059999999999
0.623266
0.63638
0.587067
0.487389
0.355283
0.224852
0.114591
0.038223
0.0
0.0
0.0
0.0
0.0
0.0
0.0
0.0
0.0
0.0
0.014525999999999999
0.078082
0.176101
0.301642
0.418911
0.5204719999999999
0.5810339999999999
0.591013
0.574022
0.48806499999999997
0.366181
0.229153
0.114897
0.037269
0.0
0.0
0.0
0.0
0.0
0.0
0.0
0.0
0.0
0.0
0.014706
0.079728
0.17692
0.30474900000000005
0.43800599999999995
0.551474
0.620702
0.63327
0.5846939999999999
0.481759
0.352938
0.22486
0.114868
0.038355
0.0
0.0
0.0
0.0
0.0
0.0
0.0
0.0
0.0
0.0
0.011496000000000001
0.065755
0.169971
0.311844
0.454555
0.5780839999999999
0.669207
0.684884
0.6337119999999999
0.5320940000000001
0.3846
0.237778
0.111455
0.030409
0.0
0.0
0.0
0.0
0.0
0.0
0.0
0.0
0.0
0.0
0.010813000000000001
0.062283
0.165451
0.305606
0.44410700000000003
0.558802
0.652543
0.685695
0.633758
0.5254139999999999
0.382603
0.234308
0.107989
0.029184
0.0
0.0
0.0
0.0
0.0
0.0
0.0
0.0
0.0
0.0
0.014594
0.079702
0.17244900000000002
0.293721
0.423768
0.530764
0.597139
0.6098279999999999
0.564849
0.46472
0.337872
0.219828
0.11547
0.040268
0.0
0.0
0.0
0.0
0.0
0.0
0.0
0.0
0.0
0.0
0.012757999999999999
0.07202800000000001
0.173505
0.312107
0.450035
0.571619
0.639583
0.654146
0.606229
0.503283
0.37354899999999996
0.232034
0.113735
0.035045
0.0
0.0
0.0
0.0
0.0
0.0
0.0
0.0
0.0
0.0
0.014863
0.08445
0.172503
0.282536
0.397794
0.49887
0.5637859999999999
0.5803579999999999
0.5382290000000001
0.44814499999999996
0.335676
0.21803899999999998
0.11705700000000001
0.042838
0.0
0.0
0.0
0.0
0.0
0.0
0.0
0.0
0.0
0.0
0.013783
0.07871399999999999
0.173215
0.295719
0.42159500000000005
0.533818
0.60334
0.608279
0.5645990000000001
0.47256400000000004
0.347637
0.22423400000000002
0.115591
0.040096
0.0
0.0
0.0
0.0
0.0
0.0
0.0
0.0
0.0
0.0
0.011543
0.068527
0.166377
0.297166
0.426579
0.536759
0.625839
0.641048
0.609058
0.505935
0.374222
0.232475
0.11359
0.033909
0.0
0.0
0.0
0.0
0.0
0.0
0.0
0.0
0.0
0.0
0.009732
0.058941
0.159945
0.30443400000000004
0.458823
0.588151
0.679797
0.6980449999999999
0.645904
0.539351
0.39020499999999997
0.23787899999999998
0.109388
0.029144
0.0
0.0
0.0
0.0
0.0
0.0
0.0
0.0
0.0
0.0
0.009624
0.059704
0.160258
0.303045
0.454872
0.581838
0.661594
0.6601269999999999
0.613206
0.521981
0.381812
0.235497
0.110012
0.029620999999999998
0.0
0.0
0.0
0.0
0.0
0.0
0.0
0.0
0.0
0.0
0.009800000000000001
0.061531999999999996
0.163047
0.30605
0.453374
0.583874
0.6555570000000001
0.6715979999999999
0.621966
0.506891
0.370171
0.23039300000000001
0.108234
0.030399000000000002
0.0
0.0
0.0
0.0
0.0
0.0
0.0
0.0
0.0
0.0
0.010346
0.06520699999999999
0.16613499999999998
0.308298
0.453238
0.583718
0.660532
0.676117
0.626938
0.515434
0.375692
0.23322800000000002
0.110768
0.032195
0.0
0.0
0.0
0.0
0.0
0.0
0.0
0.0
0.0
0.0
0.011177
0.070826
0.166159
0.29259500000000005
0.427646
0.542736
0.616456
0.6235510000000001
0.5787720000000001
0.474418
0.351695
0.22206299999999998
0.11113500000000001
0.0352
0.0
0.0
0.0
0.0
0.0
0.0
0.0
0.0
0.0
0.0
0.010776999999999998
0.069242
0.164359
0.291983
0.432267
0.550736
0.6276240000000001
0.637593
0.591827
0.487663
0.35974599999999995
0.226095
0.112357
0.034908
0.0
0.0
0.0
0.0
0.0
0.0
0.0
0.0
0.0
0.0
0.005344000000000001
0.044369
0.150029
0.311503
0.48192399999999996
0.6314160000000001
0.733154
0.7561100000000001
0.696956
0.571589
0.407468
0.242156
0.103783
0.021995
0.0
0.0
0.0
0.0
0.0
0.0
0.0
0.0
0.0
0.0
0.009087999999999999
0.050790999999999996
0.15454900000000002
0.305739
0.466491
0.605895
0.703831
0.721032
0.669899
0.553712
0.39872399999999997
0.237195
0.106033
0.024398
0.0
0.0
0.0
0.0
0.0
0.0
0.0
0.0
0.0
0.0
0.010923
0.054988999999999996
0.155357
0.301319
0.464588
0.6024640000000001
0.676559
0.6653600000000001
0.6166860000000001
0.513854
0.375338
0.230577
0.106503
0.027280000000000002
0.0
0.0
0.0
0.0
0.0
0.0
0.0
0.0
0.0
0.0
0.019346
0.07969799999999999
0.168172
0.275825
0.390079
0.48912900000000004
0.548614
0.566076
0.520368
0.437892
0.32906
0.214159
0.11488
0.041269
0.0
0.0
0.0
0.0
0.0
0.0
0.0
0.0
0.0
0.0
0.015474
0.068356
0.16136799999999998
0.28770100000000004
0.42442399999999997
0.544899
0.6190990000000001
0.64037
0.5942459999999999
0.48971
0.35882
0.222879
0.111202
0.033949
0.0
0.0
0.0
0.0
0.0
0.0
0.0
0.0
0.0
0.0
0.017984000000000003
0.077436
0.168858
0.28530399999999995
0.408917
0.515126
0.588157
0.598715
0.555404
0.45754300000000003
0.34088999999999997
0.217971
0.11507899999999999
0.038978
0.0
0.0
0.0
0.0
0.0
0.0
0.0
0.0
0.0
0.0
0.009760999999999999
0.052506
0.154744
0.30560000000000004
0.464084
0.604355
0.701725
0.728666
0.673427
0.556619
0.399353
0.239126
0.10651999999999999
0.02568
0.0
0.0
0.0
0.0
0.0
0.0
0.0
0.0
0.0
0.0
0.005301
0.038153
0.14535599999999999
0.311409
0.48580399999999996
0.638386
0.735795
0.75801
0.70998
0.587472
0.41986700000000005
0.246794
0.102255
0.019094
0.0
0.0
0.0
0.0
0.0
0.0
0.0
0.0
0.0
0.0
0.009755000000000002
0.052701
0.150975
0.296593
0.445772
0.585905
0.679658
0.707976
0.6609769999999999
0.5507569999999999
0.395323
0.238566
0.10638299999999999
0.025925999999999998
0.0
0.0
0.0
0.0
0.0
0.0
0.0
0.0
0.0
0.0
0.006368
0.043883000000000005
0.146513
0.303347
0.465434
0.6082219999999999
0.706354
0.726587
0.671898
0.554725
0.39354199999999995
0.230854
0.099748
0.020501000000000002
0.0
0.0
0.0
0.0
0.0
0.0
0.0
0.0
0.0
0.0
0.004856
0.036467
0.138064
0.29831
0.47125900000000004
0.6192709999999999
0.712945
0.734327
0.690774
0.573294
0.40968099999999996
0.24040199999999998
0.09861
0.017291
0.0
0.0
0.0
0.0
0.0
0.0
0.0
0.0
0.0
0.0
0.0053490000000000005
0.039896
0.140343
0.291759
0.444875
0.5937910000000001
0.699183
0.7436820000000001
0.6870449999999999
0.5577730000000001
0.39444799999999997
0.233057
0.097802
0.018599
0.0
0.0
0.0
0.0
0.0
0.0
0.0
0.0
0.0
0.0
0.014102
0.069645
0.15990000000000001
0.278169
0.39905900000000005
0.509931
0.573496
0.5763039999999999
0.547884
0.465808
0.34308999999999995
0.214508
0.108905
0.033227
0.0
0.0
0.0
0.0
0.0
0.0
0.0
0.0
0.0
0.0
0.007654
0.048542999999999996
0.145238
0.29
0.43988099999999997
0.581602
0.6778390000000001
0.707789
0.654492
0.5385270000000001
0.384
0.22981000000000001
0.10080599999999999
0.022439
0.0
0.0
0.0
0.0
0.0
0.0
0.0
0.0
0.0
0.0
0.00624
0.044314
0.142756
0.29062099999999996
0.45368200000000003
0.592348
0.690879
0.7115589999999999
0.658461
0.547068
0.390454
0.230316
0.09971200000000001
0.020542
0.0
0.0
0.0
0.0
0.0
0.0
0.0
0.0
0.0
0.0
0.008664999999999999
0.053204999999999995
0.14947200000000002
0.29025
0.443326
0.5780489999999999
0.665873
0.677936
0.627289
0.511869
0.368824
0.22403
0.10144700000000001
0.024206
0.0
0.0
0.0
0.0
0.0
0.0
0.0
0.0
0.0
0.0
0.005283
0.042199
0.140528
0.29120999999999997
0.454978
0.598688
0.691984
0.711812
0.667987
0.55045
0.392021
0.22888499999999998
0.096696
0.018843
0.0
0.0
0.0
0.0
0.0
0.0
0.0
0.0
0.0
0.0
0.005234
0.04296
0.13997
0.287495
0.44243400000000005
0.5876699999999999
0.67508
0.7050850000000001
0.660135
0.54427
0.388913
0.22694399999999998
0.095107
0.018484
0.0
0.0
0.0
0.0
0.0
0.0
0.0
0.0
0.0
0.0
0.013038000000000001
0.07246
0.149027
0.24005600000000002
0.33305
0.416784
0.460988
0.459309
0.42757799999999996
0.36326400000000003
0.277596
0.18024
0.098052
0.031201
0.0
0.0
0.0
0.0
0.0
0.0
0.0
0.0
0.0
0.0
0.005705
0.043866
0.13868
0.279248
0.425058
0.566119
0.672713
0.7063959999999999
0.655518
0.539766
0.383746
0.22484200000000001
0.095146
0.018689
0.0
0.0
0.0
0.0
0.0
0.0
0.0
0.0
0.0
0.0
0.002362
0.030914999999999998
0.129874
0.291529
0.46664999999999995
0.624839
0.724982
0.750582
0.6910729999999999
0.56176
0.39300999999999997
0.224309
0.087825
0.013033
0.0
0.0
0.0
0.0
0.0
0.0
0.0
0.0
0.0
0.0
0.005269
0.043881
0.13785499999999998
0.283362
0.439956
0.5829679999999999
0.6865030000000001
0.717094
0.660668
0.5389919999999999
0.377229
0.22146000000000002
0.09312000000000001
0.018088999999999997
0.0
0.0
0.0
0.0
0.0
0.0
0.0
0.0
0.0
0.0
0.004377
0.041207
0.137554
0.286722
0.443131
0.581044
0.6551520000000001
0.648106
0.6234679999999999
0.522517
0.37724
0.218596
0.090438
0.015564
0.0
0.0
0.0
0.0
0.0
0.0
0.0
0.0
0.0
0.0
0.0
0.03986
0.135406
0.283688
0.444111
0.583908
0.674099
0.694149
0.6399450000000001
0.5274160000000001
0.372666
0.21393399999999999
0.08660899999999999
0.014198
0.0
0.0
0.0
0.0
0.0
0.0
0.0
0.0
0.0
0.0
0.0
0.060186
0.148529
0.263221
0.391315
0.508552
0.5804279999999999
0.598668
0.552556
0.456007
0.32669400000000004
0.20038999999999998
0.096396
0.023716
0.0
0.0
0.0
0.0
0.0
0.0
0.0
0.0
0.0
0.0
0.0
0.046361
0.14019900000000002
0.28037900000000004
0.43094099999999996
0.564921
0.649471
0.6654779999999999
0.614717
0.504361
0.357283
0.212607
0.090527
0.016492
0.0
0.0
0.0
0.0
0.0
0.0
0.0
0.0
0.0
0.0
0.0
0.042529000000000004
0.13558699999999999
0.279278
0.43666699999999997
0.5774940000000001
0.667534
0.6803619999999999
0.62714
0.513077
0.361725
0.21087999999999998
0.086597
0.014179
0.0
0.0
0.0
0.0
0.0
0.0
0.0
0.0
0.0
0.0
0.0
0.046464
0.139506
0.277617
0.435924
0.572819
0.6629550000000001
0.672712
0.6190589999999999
0.5023179999999999
0.355767
0.20656899999999997
0.089053
0.016067
0.0
0.0
0.0
0.0
0.0
0.0
0.0
0.0
0.0
0.0
0.0
0.052558999999999995
0.143753
0.269852
0.410246
0.5301760000000001
0.609035
0.620275
0.572054
0.464966
0.329796
0.199597
0.089535
0.017265999999999997
0.0
0.0
0.0
0.0
0.0
0.0
0.0
0.0
0.0
0.0
0.0
0.028213000000000002
0.122453
0.28069900000000003
0.452171
0.609862
0.707502
0.736399
0.668846
0.534919
0.361541
0.205862
0.07628499999999999
0.007789
0.0
0.0
0.0
0.0
0.0
0.0
0.0
0.0
0.0
0.0
0.0
0.060158
0.131232
0.207981
0.28904199999999997
0.356202
0.400285
0.40753300000000003
0.37592899999999996
0.313253
0.229238
0.150451
0.079167
0.018456
0.0
0.0
0.0
0.0
0.0
0.0
0.0
0.0
0.0
0.0
0.0
0.046368
0.139442
0.274548
0.426413
0.5601520000000001
0.648962
0.667514
0.60964
0.490456
0.342674
0.198106
0.08342400000000001
0.012757999999999999
0.0
0.0
0.0
0.0
0.0
0.0
0.0
0.0
0.0
0.0
0.0
0.047142
0.137769
0.267769
0.40951600000000005
0.53138
0.6081960000000001
0.623835
0.572866
0.473538
0.33735899999999996
0.19592199999999999
0.082134
0.012539
0.0
0.0
0.0
0.0
0.0
0.0
0.0
0.0
0.0
0.0
0.0
0.045420999999999996
0.136781
0.268738
0.414909
0.543134
0.6273289999999999
0.6388830000000001
0.576684
0.46455799999999997
0.324295
0.191128
0.07954
0.011016999999999999
0.0
0.0
0.0
0.0
0.0
0.0
0.0
0.0
0.0
0.0
0.0
0.039284999999999994
0.130045
0.26825299999999996
0.401567
0.53955
0.632846
0.669938
0.614053
0.49708199999999997
0.343743
0.19595500000000002
0.075339
0.008262
0.0
0.0
0.0
0.0
0.0
0.0
0.0
0.0
0.0
0.0
0.0
0.047927
0.137417
0.262237
0.394247
0.5216259999999999
0.601977
0.620008
0.567121
0.458097
0.315884
0.186666
0.07843000000000001
0.010611
0.0
0.0
0.0
0.0
0.0
0.0
0.0
0.0
0.0
0.0
0.0
0.046649
0.132782
0.252276
0.382638
0.501754
0.575491
0.589462
0.53977
0.434072
0.299601
0.17743799999999998
0.07469100000000001
0.009454
0.0
0.0
0.0
0.0
0.0
0.0
0.0
0.0
0.0
0.0
0.0
0.054011
0.136411
0.231041
0.31955700000000004
0.412539
0.472763
0.491373
0.457093
0.376877
0.269289
0.163846
0.076886
0.011458
0.0
0.0
0.0
0.0
0.0
0.0
0.0
0.0
0.0
0.0
0.0
0.040353
0.130989
0.262428
0.40627300000000005
0.531193
0.622038
0.64671
0.595253
0.478132
0.332033
0.185287
0.071384
0.006492
0.0
0.0
0.0
0.0
0.0
0.0
0.0
0.0
0.0
0.0
0.0
0.037698
0.127023
0.260629
0.409356
0.546643
0.6296130000000001
0.652752
0.5966180000000001
0.477408
0.328403
0.181738
0.068915
0.005731
0.0
0.0
0.0
0.0
0.0
0.0
0.0
0.0
0.0
0.0
0.0
0.040502
0.128129
0.253697
0.385798
0.511117
0.595645
0.618534
0.5698869999999999
0.458743
0.31891
0.178321
0.068272
0.005503999999999999
0.0
0.0
0.0
0.0
0.0
0.0
0.0
0.0
0.0
0.0
0.0
0.036378999999999995
0.126498
0.260007
0.40921300000000005
0.539394
0.630328
0.651221
0.5931409999999999
0.46960199999999996
0.321376
0.17565899999999998
0.064723
0.004085
0.0
0.0
0.0
0.0
0.0
0.0
0.0
0.0
0.0
0.0
0.0
0.021296
0.107504
0.25863200000000003
0.424378
0.568606
0.669772
0.6874640000000001
0.625535
0.496423
0.33433100000000004
0.176048
0.0549
0.000739
0.0
0.0
0.0
0.0
0.0
0.0
0.0
0.0
0.0
0.0
0.0
0.021312
0.110486
0.263459
0.416912
0.5500109999999999
0.655668
0.6858479999999999
0.623822
0.5011059999999999
0.33581
0.174374
0.054185000000000004
5e-06
0.0
0.0
0.0
0.0
0.0
0.0
0.0
0.0
0.0
0.0
0.0
0.030296
0.11688899999999999
0.25398
0.395995
0.521201
0.616035
0.642688
0.5838289999999999
0.46559300000000003
0.31455900000000003
0.17048500000000003
0.056909
0.001287
0.0
0.0
0.0
0.0
0.0
0.0
0.0
0.0
0.0
0.0
0.0
0.032278
0.120632
0.251376
0.388334
0.508457
0.600792
0.636516
0.576564
0.450375
0.297182
0.161344
0.057072000000000005
0.001153
0.0
0.0
0.0
0.0
0.0
0.0
0.0
0.0
0.0
0.0
0.0
0.030395
0.11884600000000001
0.26005900000000004
0.41022699999999995
0.548162
0.6317269999999999
0.643378
0.582726
0.45911599999999997
0.306559
0.161962
0.054655
0.00045200000000000004
0.0
0.0
0.0
0.0
0.0
0.0
0.0
0.0
0.0
0.0
0.0
0.0356
0.12317600000000001
0.249692
0.391277
0.512377
0.5921109999999999
0.602038
0.5453669999999999
0.434962
0.29213900000000004
0.160673
0.055929
0.000921
0.0
0.0
0.0
0.0
0.0
0.0
0.0
0.0
0.0
0.0
0.0
0.033091
0.119859
0.24920599999999998
0.38970499999999997
0.512447
0.596857
0.612294
0.551877
0.438476
0.29701900000000003
0.15873500000000001
0.053832
0.000309
0.0
0.0
0.0
0.0
0.0
0.0
0.0
0.0
0.0
0.0
0.0
0.027129999999999998
0.113047
0.248307
0.39527999999999996
0.533988
0.6319980000000001
0.6603300000000001
0.595037
0.467652
0.307195
0.157829
0.049259
0.0
0.0
0.0
0.0
0.0
0.0
0.0
0.0
0.0
0.0
0.0
0.0
0.025263
0.111038
0.248524
0.390137
0.533233
0.626833
0.647783
0.590092
0.468169
0.30833499999999997
0.159306
0.046889
0.0
0.0
0.0
0.0
0.0
0.0
0.0
0.0
0.0
0.0
0.0
0.0
0.038863999999999996
0.12598399999999998
0.23087200000000002
0.341007
0.43207
0.5012099999999999
0.515454
0.47105
0.376749
0.257264
0.14548
0.052384
0.0
0.0
0.0
0.0
0.0
0.0
0.0
0.0
0.0
0.0
0.0
0.0
0.030032
0.117405
0.242012
0.374603
0.500642
0.584763
0.601952
0.5418350000000001
0.427536
0.281245
0.14929599999999998
0.047275
0.0
0.0
0.0
0.0
0.0
0.0
0.0
0.0
0.0
0.0
0.0
0.0
0.029506
0.118005
0.246899
0.38998700000000003
0.51766
0.595785
0.6095430000000001
0.54773
0.429799
0.280889
0.14794200000000002
0.04531
0.0
0.0
0.0
0.0
0.0
0.0
0.0
0.0
0.0
0.0
0.0
0.0
0.030434000000000003
0.118304
0.240318
0.369406
0.488664
0.547953
0.538045
0.48720600000000003
0.399018
0.268252
0.14088599999999998
0.04494
0.0
0.0
0.0
0.0
0.0
0.0
0.0
0.0
0.0
0.0
0.0
0.0
0.029931
0.11969400000000001
0.23471199999999998
0.359219
0.47071199999999996
0.5354450000000001
0.542375
0.49812799999999996
0.39062
0.264716
0.138354
0.042842
0.0
0.0
0.0
0.0
0.0
0.0
0.0
0.0
0.0
0.0
0.0
0.0
0.024472999999999998
0.11194799999999999
0.239995
0.385446
0.5093
0.584875
0.58633
0.526379
0.416342
0.27099
0.139358
0.039112
0.0
0.0
0.0
0.0
0.0
0.0
0.0
0.0
0.0
0.0
0.0
0.0
0.019189
0.107352
0.244405
0.392878
0.527467
0.598832
0.569378
0.5146609999999999
0.414733
0.277509
0.13511099999999998
0.034894
0.0
0.0
0.0
0.0
0.0
0.0
0.0
0.0
0.0
0.0
0.0
0.0
0.016793
0.104512
0.238226
0.373195
0.494796
0.567046
0.577899
0.520818
0.420051
0.27064900000000003
0.13053800000000002
0.03311
0.0
0.0
0.0
0.0
0.0
0.0
0.0
0.0
0.0
0.0
0.0
0.0
0.011996
0.09672199999999999
0.23748
0.396392
0.5342830000000001
0.6189199999999999
0.628226
0.560315
0.43611500000000003
0.276198
0.131137
0.028657
0.0
0.0
0.0
0.0
0.0
0.0
0.0
0.0
0.0
0.0
0.0
0.0
0.012053000000000001
0.100236
0.23924700000000002
0.388683
0.525624
0.6076330000000001
0.617514
0.5509740000000001
0.428411
0.270805
0.128908
0.027884
0.0
0.0
0.0
0.0
0.0
0.0
0.0
0.0
0.0
0.0
0.0
0.0
0.012275000000000001
0.100703
0.238927
0.38963
0.526775
0.6101
0.6183529999999999
0.5430969999999999
0.411841
0.257175
0.121256
0.026803999999999998
0.0
0.0
0.0
0.0
0.0
0.0
0.0
0.0
0.0
0.0
0.0
0.0
0.018531
0.11395999999999999
0.228418
0.357843
0.47500400000000004
0.537732
0.541267
0.486865
0.374224
0.24546
0.121578
0.030202000000000003
0.0
0.0
0.0
0.0
0.0
0.0
0.0
0.0
0.0
0.0
0.0
0.0
0.012614
0.101765
0.23672100000000001
0.380992
0.512246
0.589577
0.595897
0.535547
0.409693
0.260578
0.118857
0.023892
0.0
0.0
0.0
0.0
0.0
0.0
0.0
0.0
0.0
0.0
0.0
0.0
0.015271000000000002
0.10659199999999999
0.23215799999999998
0.367679
0.485436
0.5442809999999999
0.549097
0.497247
0.38756999999999997
0.24339599999999997
0.117113
0.025391999999999998
0.0
0.0
0.0
0.0
0.0
0.0
0.0
0.0
0.0
0.0
0.0
0.0
0.012324
0.099588
0.225039
0.372568
0.494587
0.581215
0.585321
0.524226
0.39645800000000003
0.250504
0.113111
0.02093
0.0
0.0
0.0
0.0
0.0
0.0
0.0
0.0
0.0
0.0
0.0
0.0
0.011644999999999999
0.06922400000000001
0.11921999999999999
0.161425
0.20302099999999998
0.224932
0.226562
0.202152
0.15578
0.10900499999999999
0.057788
0.012558999999999999
0.0
0.0
0.0
0.0
0.0
0.0
0.0
0.0
0.0
0.0
0.0
0.0
0.018937000000000002
0.10476600000000001
0.184863
0.261604
0.333731
0.367838
0.355204
0.316108
0.242477
0.166971
0.088423
0.021299
0.0
0.0
0.0
0.0
0.0
0.0
0.0
0.0
0.0
0.0
0.0
0.0
0.018031
0.104894
0.187142
0.26777999999999996
0.341747
0.37788900000000003
0.369731
0.32752
0.25815499999999997
0.17027799999999998
0.08776300000000001
0.020301
0.0
0.0
0.0
0.0
0.0
0.0
0.0
0.0
0.0
0.0
0.0
0.0
0.018174
0.107877
0.217398
0.339322
0.444564
0.51105
0.514039
0.44515899999999997
0.33929000000000004
0.211905
0.101674
0.017636
0.0
0.0
0.0
0.0
0.0
0.0
0.0
0.0
0.0
0.0
0.0
0.0
0.011504
0.09565900000000001
0.222887
0.37079700000000004
0.496831
0.5672200000000001
0.569396
0.499242
0.372017
0.228893
0.09825300000000001
0.013257
0.0
0.0
0.0
0.0
0.0
0.0
0.0
0.0
0.0
0.0
0.0
0.0
0.006241
0.083951
0.221325
0.37434100000000003
0.506456
0.58174
0.5955560000000001
0.519574
0.38731
0.229429
0.092313
0.00925
0.0
0.0
0.0
0.0
0.0
0.0
0.0
0.0
0.0
0.0
0.0
0.0
0.015303
0.10180299999999999
0.217993
0.339949
0.453215
0.5206810000000001
0.521169
0.457642
0.339929
0.211611
0.093388
0.013127000000000002
0.0
0.0
0.0
0.0
0.0
0.0
0.0
0.0
0.0
0.0
0.0
0.0
0.0034449999999999997
0.031472
0.058215
0.081541
0.099162
0.114308
0.11267400000000001
0.09540900000000001
0.074974
0.04918
0.023214
0.0012350000000000002
0.0
0.0
0.0
0.0
0.0
0.0
0.0
0.0
0.0
0.0
0.0
0.0
0.007150999999999999
0.08298699999999999
0.217275
0.359166
0.49439
0.579222
0.5921960000000001
0.513563
0.37604899999999997
0.217616
0.08763
0.0071600000000000006
0.0
0.0
0.0
0.0
0.0
0.0
0.0
0.0
0.0
0.0
0.0
0.0
0.006686
0.081308
0.215172
0.35742
0.478936
0.566821
0.578671
0.502858
0.372957
0.216916
0.085794
0.006113
0.0
0.0
0.0
0.0
0.0
0.0
0.0
0.0
0.0
0.0
0.0
0.0
0.008555
0.086994
0.20844200000000002
0.346134
0.459318
0.544811
0.5553089999999999
0.483241
0.35733
0.212573
0.083358
0.006376000000000001
0.0
0.0
0.0
0.0
0.0
0.0
0.0
0.0
0.0
0.0
0.0
0.0
0.008452
0.08655800000000001
0.205815
0.34103300000000003
0.465747
0.546869
0.5528350000000001
0.47551299999999996
0.350103
0.207869
0.08054900000000001
0.005261999999999999
0.0
0.0
0.0
0.0
0.0
0.0
0.0
0.0
0.0
0.0
0.0
0.0
0.004269
0.07903700000000001
0.217308
0.37805
0.515251
0.594961
0.596231
0.515309
0.371554
0.214303
0.077625
0.003153
0.0
0.0
0.0
0.0
0.0
0.0
0.0
0.0
0.0
0.0
0.0
0.0
0.004267
0.078759
0.216825
0.375683
0.513423
0.5986480000000001
0.5982609999999999
0.5169349999999999
0.374801
0.213331
0.07620199999999999
0.002249
0.0
0.0
0.0
0.0
0.0
0.0
0.0
0.0
0.0
0.0
0.0
0.0
0.012419000000000001
0.096258
0.201484
0.31250900000000004
0.405419
0.464794
0.465689
0.40260399999999996
0.297684
0.17575
0.07220900000000001
0.00439
0.0
0.0
0.0
0.0
0.0
0.0
0.0
0.0
0.0
0.0
0.0
0.0
0.011282
0.092711
0.19503800000000002
0.306695
0.397406
0.447082
0.442866
0.386352
0.290334
0.17358
0.072622
0.003679
0.0
0.0
0.0
0.0
0.0
0.0
0.0
0.0
0.0
0.0
0.0
0.0
0.011437
0.094579
0.19828700000000002
0.314321
0.409358
0.46268
0.458175
0.395378
0.29127800000000004
0.17222800000000002
0.067815
0.002746
0.0
0.0
0.0
0.0
0.0
0.0
0.0
0.0
0.0
0.0
0.0
0.0
0.010973
0.094082
0.19658099999999998
0.301939
0.400079
0.451483
0.45125400000000004
0.38964
0.288783
0.17016900000000001
0.06572199999999999
0.00204
0.0
0.0
0.0
0.0
0.0
0.0
0.0
0.0
0.0
0.0
0.0
0.0
0.010379
0.09312000000000001
0.19387100000000002
0.296224
0.391199
0.438789
0.439886
0.37929199999999996
0.27061900000000005
0.161501
0.062585
0.001157
0.0
0.0
0.0
0.0
0.0
0.0
0.0
0.0
0.0
0.0
0.0
0.0
0.0
0.086197
0.191948
0.316639
0.421685
0.490344
0.48667099999999996
0.408494
0.294945
0.16662100000000002
0.062366
0.0
0.0
0.0
0.0
0.0
0.0
0.0
0.0
0.0
0.0
0.0
0.0
0.0
0.0
0.083807
0.191052
0.31772500000000004
0.430597
0.48968700000000004
0.483712
0.4143
0.292104
0.16843
0.060042
0.0
0.0
0.0
0.0
0.0
0.0
0.0
0.0
0.0
0.0
0.0
0.0
0.0
0.0
0.08111499999999999
0.193658
0.307164
0.413088
0.48444600000000004
0.486856
0.416858
0.293235
0.16711199999999998
0.056502000000000004
0.0
0.0
0.0
0.0
0.0
0.0
0.0
0.0
0.0
0.0
0.0
0.0
0.0
0.0
0.083511
0.187975
0.30828
0.41196699999999997
0.48070100000000004
0.477223
0.397673
0.28529000000000004
0.15746000000000002
0.056006
0.0
0.0
0.0
0.0
0.0
0.0
0.0
0.0
0.0
0.0
0.0
0.0
0.0
0.0
0.077375
0.18810400000000002
0.310799
0.42362099999999997
0.48227600000000004
0.47644
0.40599799999999997
0.28196699999999997
0.16043100000000002
0.051963999999999996
0.0
0.0
0.0
0.0
0.0
0.0
0.0
0.0
0.0
0.0
0.0
0.0
0.0
0.0
0.08229900000000001
0.179918
0.287862
0.373877
0.432645
0.431949
0.367853
0.26725
0.149664
0.050108
0.0
0.0
0.0
0.0
0.0
0.0
0.0
0.0
0.0
0.0
0.0
0.0
0.0
0.0
0.074822
0.18221600000000002
0.296713
0.400375
0.453796
0.44762599999999997
0.39497699999999997
0.279767
0.156631
0.048673
0.0
0.0
0.0
0.0
0.0
0.0
0.0
0.0
0.0
0.0
0.0
0.0
0.0
0.0
0.07395
0.181499
0.29594299999999996
0.41255000000000003
0.476271
0.47621600000000003
0.403173
0.277503
0.153106
0.045926
0.0
0.0
0.0
0.0
0.0
0.0
0.0
0.0
0.0
0.0
0.0
0.0
0.0
0.0
0.077209
0.175012
0.28731599999999996
0.387472
0.455327
0.454221
0.37636200000000003
0.267492
0.14396
0.045418
0.0
0.0
0.0
0.0
0.0
0.0
0.0
0.0
0.0
0.0
0.0
0.0
0.0
0.0
0.082077
0.171662
0.26397899999999996
0.34745299999999996
0.39922
0.39591899999999997
0.336928
0.236917
0.136511
0.042906999999999994
0.0
0.0
0.0
0.0
0.0
0.0
0.0
0.0
0.0
0.0
0.0
0.0
0.0
0.0
0.081182
0.16258
0.252329
0.32990800000000003
0.37222000000000005
0.363945
0.309701
0.22265000000000001
0.122075
0.039429
0.0
0.0
0.0
0.0
0.0
0.0
0.0
0.0
0.0
0.0
0.0
0.0
0.0
0.0
0.023961
0.052672
0.078259
0.097363
0.11086
0.102684
0.08777599999999999
0.064376
0.037054000000000004
0.009986
0.0
0.0
0.0
0.0
0.0
0.0
0.0
0.0
0.0
0.0
0.0
0.0
0.0
0.0
0.057542
0.16112
0.283202
0.38400799999999996
0.446007
0.437536
0.36685399999999996
0.25476
0.12864699999999998
0.031751999999999996
0.0
0.0
0.0
0.0
0.0
0.0
0.0
0.0
0.0
0.0
0.0
0.0
0.0
0.0
0.07177299999999999
0.142398
0.207911
0.26102600000000004
0.301419
0.296544
0.245618
0.179197
0.100684
0.031094
0.0
0.0
0.0
0.0
0.0
0.0
0.0
0.0
0.0
0.0
0.0
0.0
0.0
0.0
0.05141299999999999
0.162154
0.28872899999999996
0.405278
0.474101
0.469137
0.389425
0.259335
0.131093
0.028545
0.0
0.0
0.0
0.0
0.0
0.0
0.0
0.0
0.0
0.0
0.0
0.0
0.0
0.0
0.070351
0.160995
0.258207
0.350505
0.39526999999999995
0.385021
0.322115
0.220374
0.119435
0.030091999999999997
0.0
0.0
0.0
0.0
0.0
0.0
0.0
0.0
0.0
0.0
0.0
0.0
0.0
0.0
0.048122
0.157272
0.28498700000000005
0.40168400000000004
0.463307
0.45240800000000003
0.375337
0.25009200000000004
0.12497499999999999
0.024701
0.0
0.0
0.0
0.0
0.0
0.0
0.0
0.0
0.0
0.0
0.0
0.0
0.0
0.0
0.044715000000000005
0.15160300000000002
0.275771
0.381654
0.453411
0.451443
0.3737
0.250268
0.120052
0.022975000000000002
0.0
0.0
0.0
0.0
0.0
0.0
0.0
0.0
0.0
0.0
0.0
0.0
0.0
0.0
0.048788
0.145623
0.267337
0.36537000000000003
0.436209
0.426519
0.354431
0.240391
0.11547299999999999
0.023101
0.0
0.0
0.0
0.0
0.0
0.0
0.0
0.0
0.0
0.0
0.0
0.0
0.0
0.0
0.053069000000000005
0.18934600000000001
0.366346
0.518401
0.5961190000000001
0.582431
0.484772
0.323297
0.152392
0.028194
0.0
0.0
0.0
0.0
0.0
0.0
0.0
0.0
0.0
0.0
0.0
0.0
0.0
0.0
0.046348999999999994
0.101077
0.14668899999999999
0.190885
0.208612
0.201305
0.168691
0.11690600000000001
0.064246
0.014211
0.0
0.0
0.0
0.0
0.0
0.0
0.0
0.0
0.0
0.0
0.0
0.0
0.0
0.0
0.06048
0.145597
0.23349
0.314866
0.353342
0.343371
0.287692
0.194714
0.102929
0.020037
0.0
0.0
0.0
0.0
0.0
0.0
0.0
0.0
0.0
0.0
0.0
0.0
0.0
0.0
0.043315
0.140338
0.255283
0.349725
0.411494
0.41073000000000004
0.33818
0.225412
0.104158
0.017045
0.0
0.0
0.0
0.0
0.0
0.0
0.0
0.0
0.0
0.0
0.0
0.0
0.0
0.0
0.049488
0.138025
0.24457900000000002
0.332597
0.394258
0.385587
0.310882
0.210244
0.100775
0.017288
0.0
0.0
0.0
0.0
0.0
0.0
0.0
0.0
0.0
0.0
0.0
0.0
0.0
0.0
0.04363
0.13609100000000002
0.24112999999999998
0.339315
0.398963
0.389214
0.321915
0.209059
0.10168200000000001
0.015574999999999999
0.0
0.0
0.0
0.0
0.0
0.0
0.0
0.0
0.0
0.0
0.0
0.0
0.0
0.0
0.047506
0.134579
0.241955
0.330349
0.38705900000000004
0.374028
0.300798
0.204627
0.097095
0.015647
0.0
0.0
0.0
0.0
0.0
0.0
0.0
0.0
0.0
0.0
0.0
0.0
0.0
0.0
0.039886000000000005
0.131666
0.239154
0.342134
0.393141
0.383947
0.316376
0.204088
0.09772
0.013071
0.0
0.0
0.0
0.0
0.0
0.0
0.0
0.0
0.0
0.0
0.0
0.0
0.0
0.0
0.051385
0.133959
0.220797
0.29434899999999997
0.34139299999999995
0.332613
0.266972
0.181041
0.086506
0.013035
0.0
0.0
0.0
0.0
0.0
0.0
0.0
0.0
0.0
0.0
0.0
0.0
0.0
0.0
0.015336
0.049659
0.07839700000000001
0.098606
0.10910299999999999
0.10429300000000001
0.087399
0.06111
0.030674
0.00256
0.0
0.0
0.0
0.0
0.0
0.0
0.0
0.0
0.0
0.0
0.0
0.0
0.0
0.0
0.045984000000000004
0.114434
0.18256299999999998
0.233482
0.256956
0.247106
0.206216
0.142916
0.07154300000000001
0.011042999999999999
0.0
0.0
0.0
0.0
0.0
0.0
0.0
0.0
0.0
0.0
0.0
0.0
0.0
0.0
0.042296
0.125615
0.192628
0.25638099999999997
0.285159
0.27757600000000004
0.231418
0.154885
0.079263
0.010938
0.0
0.0
0.0
0.0
0.0
0.0
0.0
0.0
0.0
0.0
0.0
0.0
0.0
0.0
0.021125
0.121325
0.237318
0.33613
0.391531
0.384029
0.312152
0.204043
0.087775
0.008452999999999999
0.0
0.0
0.0
0.0
0.0
0.0
0.0
0.0
0.0
0.0
0.0
0.0
0.0
0.0
0.035427
0.123626
0.20468
0.26967
0.30715
0.300111
0.249732
0.170589
0.080107
0.009642
0.0
0.0
0.0
0.0
0.0
0.0
0.0
0.0
0.0
0.0
0.0
0.0
0.0
0.0
0.027456
0.122051
0.221468
0.303562
0.348783
0.339572
0.278264
0.185545
0.082789
0.008568
0.0
0.0
0.0
0.0
0.0
0.0
0.0
0.0
0.0
0.0
0.0
0.0
0.0
0.0
0.024997
0.091337
0.136451
0.18038200000000001
0.198934
0.19040700000000002
0.159415
0.106946
0.053825000000000005
0.0053609999999999994
0.0
0.0
0.0
0.0
0.0
0.0
0.0
0.0
0.0
0.0
0.0
0.0
0.0
0.0
0.031966999999999995
0.11846899999999999
0.191882
0.258383
0.290314
0.279145
0.231313
0.150867
0.073969
0.007956000000000001
0.0
0.0
0.0
0.0
0.0
0.0
0.0
0.0
0.0
0.0
0.0
0.0
0.0
0.0
0.017689
0.112748
0.21076699999999998
0.306035
0.359389
0.353742
0.289206
0.179721
0.079242
0.005383
0.0
0.0
0.0
0.0
0.0
0.0
0.0
0.0
0.0
0.0
0.0
0.0
0.0
0.0
0.017523
0.07546800000000001
0.117562
0.14804699999999998
0.170754
0.164223
0.130092
0.090634
0.04254
0.002604
0.0
0.0
0.0
0.0
0.0
0.0
0.0
0.0
0.0
0.0
0.0
0.0
0.0
0.0
0.019777999999999997
0.109058
0.20710800000000001
0.28690899999999997
0.34312
0.337926
0.267708
0.174701
0.07441500000000001
0.005148
0.0
0.0
0.0
0.0
0.0
0.0
0.0
0.0
0.0
0.0
0.0
0.0
0.0
0.0
0.016883
0.111954
0.199793
0.281551
0.32097000000000003
0.308776
0.253849
0.16380099999999997
0.074442
0.005448000000000001
0.0
0.0
0.0
0.0
0.0
0.0
0.0
0.0
0.0
0.0
0.0
0.0
0.0
0.0
0.017132
0.113295
0.197719
0.27090800000000004
0.319173
0.30971899999999997
0.245664
0.161688
0.069209
0.004928
0.0
0.0
0.0
0.0
0.0
0.0
0.0
0.0
0.0
0.0
0.0
0.0
0.0
0.0
0.007311
0.046383
0.07783799999999999
0.100048
0.11074200000000001
0.10679000000000001
0.088476
0.060414
0.027082000000000002
0.0
0.0
0.0
0.0
0.0
0.0
0.0
0.0
0.0
0.0
0.0
0.0
0.0
0.0
0.0
0.0054269999999999995
0.039522
0.06697700000000001
0.086137
0.095685
0.091753
0.076053
0.051199
0.023284
0.0
0.0
0.0
0.0
0.0
0.0
0.0
0.0
0.0
0.0
0.0
0.0
0.0
0.0
0.0
0.014150000000000001
0.084104
0.131706
0.176461
0.195908
0.188806
0.15632400000000002
0.102148
0.048525
0.002422
0.0
0.0
0.0
0.0
0.0
0.0
0.0
0.0
0.0
0.0
0.0
0.0
0.0
0.0
0.013362
0.10559600000000001
0.191697
0.276694
0.320753
0.31349400000000005
0.255642
0.16131800000000002
0.070554
0.002926
0.0
0.0
0.0
0.0
0.0
0.0
0.0
0.0
0.0
0.0
0.0
0.0
0.0
0.0
0.011778
0.07782299999999999
0.119085
0.160683
0.178934
0.173827
0.13877199999999998
0.094506
0.043197
0.001121
0.0
0.0
0.0
0.0
0.0
0.0
0.0
0.0
0.0
0.0
0.0
0.0
0.0
0.0
0.00848
0.096256
0.19040600000000002
0.28577800000000003
0.336418
0.331226
0.270281
0.167246
0.070176
0.002503
0.0
0.0
0.0
0.0
0.0
0.0
0.0
0.0
0.0
0.0
0.0
0.0
0.0
0.0
0.002696
0.028657
0.051186999999999996
0.067123
0.075472
0.072658
0.060214
0.040588
0.017235
0.0
0.0
0.0
0.0
0.0
0.0
0.0
0.0
0.0
0.0
0.0
0.0
0.0
0.0
0.0
0.012944
0.102342
0.175164
0.243952
0.277841
0.269103
0.22055699999999998
0.140899
0.061711
0.002118
0.0
0.0
0.0
0.0
0.0
0.0
0.0
0.0
0.0
0.0
0.0
0.0
0.0
0.0
0.012349
0.100371
0.17236500000000002
0.241709
0.275569
0.266874
0.21968000000000001
0.139837
0.062060000000000004
0.0019
0.0
0.0
0.0
0.0
0.0
0.0
0.0
0.0
0.0
0.0
0.0
0.0
0.0
0.0
0.0039169999999999995
0.08343500000000001
0.187806
0.27834
0.3267
0.32833
0.263051
0.167786
0.06342199999999999
0.0010249999999999999
0.0
0.0
0.0
0.0
0.0
0.0
0.0
0.0
0.0
0.0
0.0
0.0
0.0
0.0
0.002438
0.085339
0.189365
0.292569
0.350587
0.346402
0.279702
0.170606
0.06605200000000001
0.0011899999999999999
0.0
0.0
0.0
0.0
0.0
0.0
0.0
0.0
0.0
0.0
0.0
0.0
0.0
0.0
0.001873
0.08359699999999999
0.18666300000000002
0.28775799999999996
0.342991
0.339169
0.274446
0.16803
0.06535200000000001
0.000314
0.0
0.0
0.0
0.0
0.0
0.0
0.0
0.0
0.0
0.0
0.0
0.0
0.0
0.0
0.000809
0.079748
0.187263
0.283288
0.34198700000000004
0.339378
0.27321300000000004
0.170401
0.064292
0.00029
0.0
0.0
0.0
0.0
0.0
0.0
0.0
0.0
0.0
0.0
0.0
0.0
0.0
0.0
0.005751
0.08380800000000001
0.177793
0.25919200000000003
0.306907
0.303101
0.246995
0.158115
0.061948
0.000971
0.0
0.0
0.0
0.0
0.0
0.0
0.0
0.0
0.0
0.0
0.0
0.0
0.0
0.0
0.0
0.095336
0.159279
0.214477
0.252218
0.246032
0.196069
0.130163
0.057360999999999995
0.0008629999999999999
0.0
0.0
0.0
0.0
0.0
0.0
0.0
0.0
0.0
0.0
0.0
0.0
0.0
0.0
0.0
0.07156799999999999
0.114884
0.15816999999999998
0.17785
0.173329
0.143503
0.093466
0.041253
0.0
0.0
0.0
0.0
0.0
0.0
0.0
0.0
0.0
0.0
0.0
0.0
0.0
0.0
0.0
0.0
0.093548
0.152954
0.205997
0.23536500000000002
0.22956000000000001
0.189895
0.127079
0.054132
0.000816
0.0
0.0
0.0
0.0
0.0
0.0
0.0
0.0
0.0
0.0
0.0
0.0
0.0
0.0
0.0
0.080638
0.13902699999999998
0.182291
0.20492
0.199005
0.16419399999999998
0.105452
0.047716999999999996
2.9e-05
0.0
0.0
0.0
0.0
0.0
0.0
0.0
0.0
0.0
0.0
0.0
0.0
0.0
0.0
0.0
0.0761
0.167013
0.245675
0.300786
0.296551
0.23797200000000002
0.154325
0.058915
0.000116
0.0
0.0
0.0
0.0
0.0
0.0
0.0
0.0
0.0
0.0
0.0
0.0
0.0
0.0
0.0
0.07313800000000001
0.164781
0.257465
0.30753199999999997
0.30747
0.252089
0.161857
0.061255000000000004
0.0
0.0
0.0
0.0
0.0
0.0
0.0
0.0
0.0
0.0
0.0
0.0
0.0
0.0
0.0
0.0
0.089708
0.158297
0.22583
0.259364
0.248605
0.206535
0.133238
0.057439
0.00029499999999999996
0.0
0.0
0.0
0.0
0.0
0.0
0.0
0.0
0.0
0.0
0.0
0.0
0.0
0.0
0.0
0.080773
0.159383
0.24096
0.28732
0.28674
0.236309
0.147102
0.061566
0.00019700000000000002
0.0
0.0
0.0
0.0
0.0
0.0
0.0
0.0
0.0
0.0
0.0
0.0
0.0
0.0
0.0
0.081482
0.147309
0.198669
0.22703700000000002
0.230524
0.184251
0.123909
0.051895000000000004
0.000657
0.0
0.0
0.0
0.0
0.0
0.0
0.0
0.0
0.0
0.0
0.0
0.0
0.0
0.0
0.0
0.07879900000000001
0.158121
0.23877400000000001
0.282258
0.277281
0.228578
0.14410499999999998
0.061183
0.00016700000000000002
0.0
0.0
0.0
0.0
0.0
0.0
0.0
0.0
0.0
0.0
0.0
0.0
0.0
0.0
0.0
0.06847400000000001
0.161488
0.245366
0.30284300000000003
0.302137
0.24890600000000002
0.154409
0.063108
0.00013000000000000002
0.0
0.0
0.0
0.0
0.0
0.0
0.0
0.0
0.0
0.0
0.0
0.0
0.0
0.0
0.0
0.074071
0.15625999999999998
0.240773
0.28907299999999997
0.286801
0.23586400000000002
0.153914
0.060986
0.00034899999999999997
0.0
0.0
0.0
0.0
0.0
0.0
0.0
0.0
0.0
0.0
0.0
0.0
0.0
0.0
0.0
0.063543
0.15464699999999998
0.246681
0.300736
0.301462
0.249398
0.153529
0.062424999999999994
0.000283
0.0
0.0
0.0
0.0
0.0
0.0
0.0
0.0
0.0
0.0
0.0
0.0
0.0
0.0
0.0
0.07241299999999999
0.152336
0.233118
0.280094
0.280895
0.23264400000000002
0.145618
0.060606
0.000384
0.0
0.0
0.0
0.0
0.0
0.0
0.0
0.0
0.0
0.0
0.0
0.0
0.0
0.0
0.0
0.083253
0.148801
0.21603999999999998
0.252635
0.250756
0.20916900000000002
0.133464
0.058298
0.0009130000000000001
0.0
0.0
0.0
0.0
0.0
0.0
0.0
0.0
0.0
0.0
0.0
0.0
0.0
0.0
0.0
0.03125
0.062009
0.084979
0.096636
0.095596
0.08004900000000001
0.053899999999999997
0.023081
0.0
0.0
0.0
0.0
0.0
0.0
0.0
0.0
0.0
0.0
0.0
0.0
0.0
0.0
0.0
0.0
0.07000100000000001
0.11696899999999999
0.165408
0.18976200000000001
0.18589699999999998
0.156546
0.101756
0.046924999999999994
9.6e-05
0.0
0.0
0.0
0.0
0.0
0.0
0.0
0.0
0.0
0.0
0.0
0.0
0.0
0.0
0.0
0.061751
0.153111
0.25006
0.30499400000000004
0.303156
0.25139500000000004
0.156912
0.06497
0.000679
0.0
0.0
0.0
0.0
0.0
0.0
0.0
0.0
0.0
0.0
0.0
0.0
0.0
0.0
0.0
0.058455
0.150273
0.24668500000000002
0.302542
0.30684100000000003
0.254175
0.165926
0.06432500000000001
0.000886
0.0
0.0
0.0
0.0
0.0
0.0
0.0
0.0
0.0
0.0
0.0
0.0
0.0
0.0
0.0
0.030504999999999997
0.062138
0.085592
0.098153
0.09665900000000001
0.080785
0.054967
0.023671
0.0
0.0
0.0
0.0
0.0
0.0
0.0
0.0
0.0
0.0
0.0
0.0
0.0
0.0
0.0
0.0
0.070603
0.151004
0.234451
0.28279899999999997
0.283877
0.237649
0.151634
0.066109
0.001331
0.0
0.0
0.0
0.0
0.0
0.0
0.0
0.0
0.0
0.0
0.0
0.0
0.0
0.0
0.0
0.061681
0.10529000000000001
0.149555
0.168322
0.164708
0.13886400000000002
0.092362
0.043232
0.0008489999999999999
0.0
0.0
0.0
0.0
0.0
0.0
0.0
0.0
0.0
0.0
0.0
0.0
0.0
0.0
0.0
0.073727
0.131859
0.179034
0.206266
0.20505199999999998
0.173766
0.12107
0.05416
0.002225
0.0
0.0
0.0
0.0
0.0
0.0
0.0
0.0
0.0
0.0
0.0
0.0
0.0
0.0
0.0
0.05749
0.10148
0.138026
0.165441
0.16353499999999999
0.13273400000000002
0.092074
0.042839
0.001064
0.0
0.0
0.0
0.0
0.0
0.0
0.0
0.0
0.0
0.0
0.0
0.0
0.0
0.0
0.0
0.073866
0.133706
0.18375999999999998
0.213177
0.21334299999999998
0.18074600000000002
0.124624
0.055765
0.0029620000000000002
0.0
0.0
0.0
0.0
0.0
0.0
0.0
0.0
0.0
0.0
0.0
0.0
0.0
0.0
0.0
0.018207
0.042997999999999995
0.061556
0.071211
0.07058400000000001
0.059741
0.041599
0.018071
0.0
0.0
0.0
0.0
0.0
0.0
0.0
0.0
0.0
0.0
0.0
0.0
0.0
0.0
0.0
0.0
0.071923
0.13061799999999998
0.179279
0.209267
0.209982
0.17760599999999999
0.123903
0.055903
0.003091
0.0
0.0
0.0
0.0
0.0
0.0
0.0
0.0
0.0
0.0
0.0
0.0
0.0
0.0
0.0
0.025552
0.056738
0.07914
0.091656
0.091499
0.078192
0.053617
0.024489
0.0
0.0
0.0
0.0
0.0
0.0
0.0
0.0
0.0
0.0
0.0
0.0
0.0
0.0
0.0
0.0
0.069346
0.117525
0.170687
0.198185
0.197846
0.168536
0.117431
0.055051
0.003729
0.0
0.0
0.0
0.0
0.0
0.0
0.0
0.0
0.0
0.0
0.0
0.0
0.0
0.0
0.0
0.038630000000000005
0.076707
0.106174
0.122524
0.122982
0.104448
0.07343300000000001
0.033505
0.001016
0.0
0.0
0.0
0.0
0.0
0.0
0.0
0.0
0.0
0.0
0.0
0.0
0.0
0.0
0.0
0.026553
0.058838999999999995
0.08222
0.09616899999999999
0.0959
0.081969
0.0573
0.027047
0.00046899999999999996
0.0
0.0
0.0
0.0
0.0
0.0
0.0
0.0
0.0
0.0
0.0
0.0
0.0
0.0
0.0
0.036521
0.07454999999999999
0.102865
0.118907
0.11878100000000001
0.101537
0.072485
0.033801000000000005
0.001132
0.0
0.0
0.0
0.0
0.0
0.0
0.0
