0.0
0.0
0.0
0.0
0.0
0.0
0.0
0.0
0.0
0.011966
0.11518600000000001
0.229864
0.299759
0.316425
0.258306
0.196139
0.214422
0.075896
0.0
0.0
0.0
0.0
0.0
0.0
0.0
0.0
0.0
0.0
0.0
0.0
0.0
0.0
0.0
0.023206
0.156504
0.331454
0.438807
0.47458100000000003
0.500012
0.358303
0.127309
0.030603
0.0
0.0
0.0
0.0
0.0
0.0
0.0
0.0
0.0
0.0
0.0
0.0
0.0
0.0
0.0
0.036009
0.20680500000000002
0.35488400000000003
0.464723
0.515664
0.501705
0.423757
0.294772
0.073901
0.0
0.0
0.0
0.0
0.0
0.0
0.0
0.0
0.0
0.0
0.0
0.0
0.0
0.0
0.0
0.023204
0.100693
0.205126
0.30205
0.258419
0.252607
0.162499
0.090627
0.014955
0.0
0.0
0.0
0.0
0.0
0.0
0.0
0.0
0.0
0.0
0.0
0.0
0.0
0.0
0.0
0.032581000000000006
0.162019
0.26087299999999997
0.397617
0.523557
0.46389400000000003
0.34075599999999995
0.30287000000000003
0.073272
0.0
0.0
0.0
0.0
0.0
0.0
0.0
0.0
0.0
0.0
0.0
0.0
0.0
0.0
0.0
0.03563
0.208989
0.358054
0.472118
0.5286369999999999
0.5160009999999999
0.432391
0.304377
0.08228
0.0
0.0
0.0
0.0
0.0
0.0
0.0
0.0
0.0
0.0
0.0
0.0
0.0
0.0
0.0
0.03542
0.2082
0.358798
0.470992
0.524225
0.511929
0.432733
0.30506599999999995
0.08484699999999999
0.0
0.0
0.0
0.0
0.0
0.0
0.0
0.0
0.0
0.0
0.0
0.0
0.0
0.0
0.0
0.014263999999999999
0.05551
0.166077
0.321564
0.23677199999999998
0.178548
0.14837899999999998
0.16561199999999998
0.070226
0.0
0.0
0.0
0.0
0.0
0.0
0.0
0.0
0.0
0.0
0.0
0.0
0.0
0.0
0.0
0.026134
0.14984299999999998
0.32161900000000004
0.473993
0.5244869999999999
0.485124
0.407629
0.299408
0.075184
0.0
0.0
0.0
0.0
0.0
0.0
0.0
0.0
0.0
0.0
0.0
0.0
0.0
0.0
0.0
0.019323
0.063585
0.066768
0.084919
0.101088
0.115703
0.115995
0.059739
0.027094
0.0
0.0
0.0
0.0
0.0
0.0
0.0
0.0
0.0
0.0
0.0
0.0
0.0
0.0
0.0
0.014046
0.07126
0.155097
0.24962399999999998
0.332779
0.264766
0.226707
0.21138300000000002
0.038938
0.0
0.0
0.0
0.0
0.0
0.0
0.0
0.0
0.0
0.0
0.0
0.0
0.0
0.0
0.0
0.03455
0.21269300000000002
0.36274599999999996
0.468235
0.5233329999999999
0.5298809999999999
0.452548
0.31895999999999997
0.152219
0.0
0.0
0.0
0.0
0.0
0.0
0.0
0.0
0.0
0.0
0.0
0.0
0.0
0.0
0.0
0.007395
0.062096
0.204012
0.307862
0.293269
0.170907
0.045723
0.011836000000000001
0.017953
0.0
0.0
0.0
0.0
0.0
0.0
0.0
0.0
0.0
0.0
0.0
0.0
0.0
0.0
0.0
0.0048
0.06784399999999999
0.212439
0.287788
0.39990499999999995
0.212538
0.146922
0.074327
0.021210999999999997
0.0
0.0
0.0
0.0
0.0
0.0
0.0
0.0
0.0
0.0
0.0
0.0
0.0
0.0
0.0
0.000258
0.019441
0.036716
0.041099
0.027284
0.036128
0.022508
0.01581
0.004129
0.0
0.0
0.0
0.0
0.0
0.0
0.0
0.0
0.0
0.0
0.0
0.0
0.0
0.0
0.0
0.033637
0.206029
0.376162
0.494
0.532983
0.45513099999999995
0.420066
0.283007
0.156071
0.0
0.0
0.0
0.0
0.0
0.0
0.0
0.0
0.0
0.0
0.0
0.0
0.0
0.0
0.0
0.014083
0.09107599999999999
0.17017
0.243786
0.361343
0.16738
0.099505
0.088494
0.051772
0.0
0.0
0.0
0.0
0.0
0.0
0.0
0.0
0.0
0.0
0.0
0.0
0.0
0.0
0.0
0.036184
0.16688
0.307862
0.445398
0.5540109999999999
0.454869
0.267669
0.207324
0.052952
0.0
0.0
0.0
0.0
0.0
0.0
0.0
0.0
0.0
0.0
0.0
0.0
0.0
0.0
0.0
0.018058
0.10304300000000001
0.195963
0.144648
0.180741
0.233018
0.30152300000000004
0.22977
0.159464
0.0
0.0
0.0
0.0
0.0
0.0
0.0
0.0
0.0
0.0
0.0
0.0
0.0
0.0
0.0
0.006286
0.030409
0.069994
0.097351
0.127614
0.096249
0.073693
0.036898
0.017665
0.0
0.0
0.0
0.0
0.0
0.0
0.0
0.0
0.0
0.0
0.0
0.0
0.0
0.0
0.0
0.052534
0.228009
0.369225
0.459911
0.5034689999999999
0.470395
0.465471
0.367008
0.16761199999999998
0.0
0.0
0.0
0.0
0.0
0.0
0.0
0.0
0.0
0.0
0.0
0.0
0.0
0.0
0.0
0.036736
0.147809
0.22403800000000001
0.34312400000000004
0.391926
0.364829
0.32721100000000003
0.324875
0.104396
0.0
0.0
0.0
0.0
0.0
0.0
0.0
0.0
0.0
0.0
0.0
0.0
0.0
0.0
0.0
0.057948
0.20862799999999998
0.310255
0.483663
0.579252
0.525903
0.362012
0.263274
0.053819000000000006
0.0
0.0
0.0
0.0
0.0
0.0
0.0
0.0
0.0
0.0
0.0
0.0
0.0
0.0
0.0
0.037936
0.117972
0.132579
0.183062
0.187796
0.26195
0.360162
0.201466
0.082716
0.0
0.0
0.0
0.0
0.0
0.0
0.0
0.0
0.0
0.0
0.0
0.0
0.0
0.0
0.0
0.02053
0.050454
0.097068
0.102298
0.140422
0.22043700000000002
0.307417
0.09716200000000001
0.031004
0.0
0.0
0.0
0.0
0.0
0.0
0.0
0.0
0.0
0.0
0.0
0.0
0.0
0.0
0.0
0.049604999999999996
0.20115
0.365507
0.519497
0.51952
0.29959800000000003
0.232525
0.134373
0.014727
0.0
0.0
0.0
0.0
0.0
0.0
0.0
0.0
0.0
0.0
0.0
0.0
0.0
0.0
0.0
0.062652
0.24093299999999998
0.36994600000000005
0.380822
0.377576
0.317572
0.277081
0.154826
0.070757
0.0
0.0
0.0
0.0
0.0
0.0
0.0
0.0
0.0
0.0
0.0
0.0
0.0
0.0
0.0
0.044722
0.145446
0.204571
0.219415
0.336877
0.401537
0.21882200000000002
0.12674
0.051348
0.0
0.0
0.0
0.0
0.0
0.0
0.0
0.0
0.0
0.0
0.0
0.0
0.0
0.0
0.0
0.020992
0.063221
0.092499
0.109072
0.102991
0.108936
0.11655
0.067718
0.040881
0.0
0.0
0.0
0.0
0.0
0.0
0.0
0.0
0.0
0.0
0.0
0.0
0.0
0.0
0.0
0.030871
0.08443600000000001
0.14160499999999998
0.145397
0.184722
0.178941
0.097596
0.051103
0.011689
0.0
0.0
0.0
0.0
0.0
0.0
0.0
0.0
0.0
0.0
0.0
0.0
0.0
0.0
0.0
0.020847
0.057988
0.067028
0.037957
0.070117
0.097145
0.092921
0.13858
0.063887
0.0
0.0
0.0
0.0
0.0
0.0
0.0
0.0
0.0
0.0
0.0
0.0
0.0
0.0
0.0
0.033558
0.073035
0.084194
0.12623600000000001
0.11287699999999999
0.086033
0.092632
0.031123
0.069826
0.0
0.0
0.0
0.0
0.0
0.0
0.0
0.0
0.0
0.0
0.0
0.0
0.0
0.0
0.0
0.062316
0.231619
0.23768899999999998
0.291093
0.178172
0.194406
0.135489
0.10296
0.079262
0.0
0.0
0.0
0.0
0.0
0.0
0.0
0.0
0.0
0.0
0.0
0.0
0.0
0.0
0.0
0.039636000000000005
0.07666500000000001
0.082465
0.19057400000000002
0.156053
0.210241
0.19847900000000002
0.24266900000000002
0.16257
0.0
0.0
0.0
0.0
0.0
0.0
0.0
0.0
0.0
0.0
0.0
0.0
0.0
0.0
0.0
0.0063159999999999996
0.032113
0.08013200000000001
0.102408
0.041787
0.090602
0.10001099999999999
0.055653
0.046625
0.0
0.0
0.0
0.0
0.0
0.0
0.0
0.0
0.0
0.0
0.0
0.0
0.0
0.0
0.0
0.084547
0.293543
0.452581
0.566437
0.62867
0.630232
0.571825
0.460371
0.287559
0.0
0.0
0.0
0.0
0.0
0.0
0.0
0.0
0.0
0.0
0.0
0.0
0.0
0.0
0.0
0.083522
0.27689800000000003
0.372801
0.5115350000000001
0.48295800000000005
0.37706900000000004
0.46871199999999996
0.315672
0.135039
0.0
0.0
0.0
0.0
0.0
0.0
0.0
0.0
0.0
0.0
0.0
0.0
0.0
0.0
0.0
0.041738
0.11225700000000001
0.307496
0.432529
0.5232559999999999
0.598553
0.32643900000000003
0.313772
0.146915
0.0
0.0
0.0
0.0
0.0
0.0
0.0
0.0
0.0
0.0
0.0
0.0
0.0
0.0
0.0
0.066556
0.16263399999999997
0.252151
0.22319399999999998
0.335986
0.150977
0.215535
0.169975
0.07238800000000001
0.0
0.0
0.0
0.0
0.0
0.0
0.0
0.0
0.0
0.0
0.0
0.0
0.0
0.0
0.0
0.06973
0.07434600000000001
0.21388200000000002
0.200899
0.097505
0.259926
0.391928
0.28230299999999997
0.225595
0.0
0.0
0.0
0.0
0.0
0.0
0.0
0.0
0.0
0.0
0.0
0.0
0.0
0.0
0.0
0.043056
0.08936100000000001
0.176148
0.297365
0.409954
0.542551
0.231095
0.136285
0.054862
0.0
0.0
0.0
0.0
0.0
0.0
0.0
0.0
0.0
0.0
0.0
0.0
0.0
0.0
0.0
0.04856
0.11902299999999999
0.18004699999999998
0.18296
0.206582
0.10742499999999999
0.178705
0.168819
0.027341
0.0
0.0
0.0
0.0
0.0
0.0
0.0
0.0
0.0
0.0
0.0
0.0
0.0
0.0
0.0
0.016831
0.013597
0.023149999999999997
0.05264
0.118301
0.157077
0.141353
0.078241
0.022351
0.0
0.0
0.0
0.0
0.0
0.0
0.0
0.0
0.0
0.0
0.0
0.0
0.0
0.0
0.0
0.015042999999999999
0.092488
0.21628899999999998
0.206183
0.162084
0.181508
0.197043
0.14702199999999999
0.068371
0.0
0.0
0.0
0.0
0.0
0.0
0.0
0.0
0.0
0.0
0.0
0.0
0.0
0.0
0.0
0.09438200000000001
0.319247
0.443697
0.343657
0.321971
0.282715
0.23174
0.211393
0.13542300000000002
0.0
0.0
0.0
0.0
0.0
0.0
0.0
0.0
0.0
0.0
0.0
0.0
0.0
0.0
0.0
0.12919399999999998
0.328748
0.47653500000000004
0.568688
0.665158
0.670378
0.615989
0.499543
0.329874
0.071991
0.0
0.0
0.0
0.0
0.0
0.0
0.0
0.0
0.0
0.0
0.0
0.0
0.0
0.0
0.131635
0.335274
0.494245
0.605888
0.664735
0.671159
0.612024
0.490768
0.32917
0.065939
0.0
0.0
0.0
0.0
0.0
0.0
0.0
0.0
0.0
0.0
0.0
0.0
0.0
0.007297
0.137789
0.33920100000000003
0.496862
0.611125
0.6690969999999999
0.674023
0.616614
0.504348
0.337922
0.077008
0.0
0.0
0.0
0.0
0.0
0.0
0.0
0.0
0.0
0.0
0.0
0.0
0.0
0.005078
0.106031
0.264216
0.49344099999999996
0.605621
0.6294919999999999
0.622654
0.572604
0.49373500000000003
0.347661
0.072265
0.0
0.0
0.0
0.0
0.0
0.0
0.0
0.0
0.0
0.0
0.0
0.0
0.0
0.0035099999999999997
0.07206699999999999
0.172148
0.37711500000000003
0.279552
0.303033
0.433725
0.527046
0.439698
0.19869499999999998
0.026443
0.0
0.0
0.0
0.0
0.0
0.0
0.0
0.0
0.0
0.0
0.0
0.0
0.0
0.005078
0.12146299999999999
0.309244
0.292748
0.425628
0.42583
0.290271
0.240392
0.24018899999999999
0.128256
0.037161
0.0
0.0
0.0
0.0
0.0
0.0
0.0
0.0
0.0
0.0
0.0
0.0
0.0
0.0035099999999999997
0.053343
0.144357
0.27351400000000003
0.251963
0.292273
0.230961
0.282372
0.457398
0.357625
0.062363
0.0
0.0
0.0
0.0
0.0
0.0
0.0
0.0
0.0
0.0
0.0
0.0
0.0
0.011901
0.15369300000000002
0.35582600000000003
0.514428
0.6289410000000001
0.688092
0.676165
0.543177
0.486917
0.36102
0.094097
0.0
0.0
0.0
0.0
0.0
0.0
0.0
0.0
0.0
0.0
0.0
0.0
0.0
0.007267
0.115643
0.319014
0.362467
0.516419
0.460158
0.49461900000000003
0.455067
0.41839299999999996
0.17532599999999998
0.028693
0.0
0.0
0.0
0.0
0.0
0.0
0.0
0.0
0.0
0.0
0.0
0.0
0.0
0.005099
0.06788
0.143299
0.19646
0.19370300000000001
0.18122200000000002
0.23677
0.228686
0.22117699999999998
0.08737099999999999
0.027437
0.0
0.0
0.0
0.0
0.0
0.0
0.0
0.0
0.0
0.0
0.0
0.0
0.0
0.001907
0.021155
0.026576
0.040194
0.090644
0.169127
0.155165
0.12706699999999999
0.028217
0.016239
0.008425
0.0
0.0
0.0
0.0
0.0
0.0
0.0
0.0
0.0
0.0
0.0
0.0
0.0
0.001907
0.031286
0.09771099999999999
0.149763
0.096175
0.118642
0.167143
0.298464
0.158716
0.053292
0.036442999999999996
0.0
0.0
0.0
0.0
0.0
0.0
0.0
0.0
0.0
0.0
0.0
0.0
0.0
0.005032
0.097217
0.343793
0.51634
0.607179
0.506866
0.415086
0.402807
0.473835
0.34019299999999997
0.031782
0.0
0.0
0.0
0.0
0.0
0.0
0.0
0.0
0.0
0.0
0.0
0.0
0.0
0.009006
0.039316000000000004
0.024492
0.064778
0.17249799999999998
0.154484
0.108648
0.141174
0.158882
0.093097
0.019216
0.0
0.0
0.0
0.0
0.0
0.0
0.0
0.0
0.0
0.0
0.0
0.0
0.0
0.0048070000000000005
0.041036
0.13603
0.16753700000000002
0.113105
0.065991
0.056779
0.049183
0.028092
0.045503
0.025809000000000002
0.0
0.0
0.0
0.0
0.0
0.0
0.0
0.0
0.0
0.0
0.0
0.0
0.0
0.016018
0.139933
0.315085
0.366193
0.5210629999999999
0.6724450000000001
0.454652
0.258189
0.194507
0.185557
0.059634
0.0
0.0
0.0
0.0
0.0
0.0
0.0
0.0
0.0
0.0
0.0
0.0
0.0
0.010402
0.053998
0.086497
0.139058
0.19486699999999998
0.146637
0.385101
0.27910399999999996
0.20760599999999998
0.047799999999999995
0.042841000000000004
0.0
0.0
0.0
0.0
0.0
0.0
0.0
0.0
0.0
0.0
0.0
0.0
0.0
0.012208
0.04985
0.081339
0.15287
0.123304
0.13383699999999998
0.197202
0.13513399999999998
0.056532
0.069078
0.0054329999999999995
0.0
0.0
0.0
0.0
0.0
0.0
0.0
0.0
0.0
0.0
0.0
0.0
0.0
0.01973
0.138079
0.359997
0.518245
0.6368980000000001
0.593978
0.6170829999999999
0.516458
0.453728
0.402413
0.190644
0.0
0.0
0.0
0.0
0.0
0.0
0.0
0.0
0.0
0.0
0.0
0.0
0.0
0.039771
0.19633099999999998
0.368371
0.526986
0.618054
0.674399
0.713197
0.6197010000000001
0.548651
0.34289
0.11691700000000001
0.0
0.0
0.0
0.0
0.0
0.0
0.0
0.0
0.0
0.0
0.0
0.0
0.0
0.009252
0.03597
0.043731
0.075277
0.155168
0.131251
0.10811
0.058332
0.06743500000000001
0.031332
0.014226
0.0
0.0
0.0
0.0
0.0
0.0
0.0
0.0
0.0
0.0
0.0
0.0
0.0
0.003402
0.029018000000000002
0.11401
0.266526
0.325216
0.287263
0.300106
0.298774
0.304431
0.19600499999999998
0.059945
0.0
0.0
0.0
0.0
0.0
0.0
0.0
0.0
0.0
0.0
0.0
0.0
0.0
0.044556
0.188596
0.38397899999999996
0.448533
0.585827
0.7208680000000001
0.6477200000000001
0.482391
0.309948
0.37514400000000003
0.131251
0.0
0.0
0.0
0.0
0.0
0.0
0.0
0.0
0.0
0.0
0.0
0.0
0.0
0.056498
0.213562
0.383401
0.478157
0.5552140000000001
0.648934
0.612366
0.650245
0.5711029999999999
0.39413600000000004
0.14404599999999998
0.0
0.0
0.0
0.0
0.0
0.0
0.0
0.0
0.0
0.0
0.0
0.0
0.0
0.063561
0.225875
0.418194
0.5726870000000001
0.680888
0.735737
0.7322730000000001
0.6757580000000001
0.563622
0.40409500000000004
0.196574
0.0
0.0
0.0
0.0
0.0
0.0
0.0
0.0
0.0
0.0
0.0
0.0
0.0
0.053348999999999994
0.194182
0.40697000000000005
0.522014
0.552353
0.6317229999999999
0.653817
0.6317780000000001
0.51266
0.33894
0.197625
0.0
0.0
0.0
0.0
0.0
0.0
0.0
0.0
0.0
0.0
0.0
0.0
0.0
0.068866
0.234964
0.422585
0.575075
0.681592
0.7351040000000001
0.731659
0.6763669999999999
0.5643250000000001
0.407737
0.200329
0.0
0.0
0.0
0.0
0.0
0.0
0.0
0.0
0.0
0.0
0.0
0.0
0.0
0.068581
0.23442
0.431196
0.581312
0.664295
0.616259
0.5722229999999999
0.5217849999999999
0.41251299999999996
0.35477499999999995
0.21275899999999998
0.0
0.0
0.0
0.0
0.0
0.0
0.0
0.0
0.0
0.0
0.0
0.0
0.0
0.07698999999999999
0.243732
0.43373500000000004
0.585268
0.690415
0.744519
0.741111
0.681271
0.5725370000000001
0.412419
0.204743
0.0
0.0
0.0
0.0
0.0
0.0
0.0
0.0
0.0
0.0
0.0
0.0
0.0
0.07630200000000001
0.237793
0.407872
0.474962
0.6398659999999999
0.724351
0.7447849999999999
0.689297
0.553141
0.338015
0.19808099999999998
0.0
0.0
0.0
0.0
0.0
0.0
0.0
0.0
0.0
0.0
0.0
0.0
0.0
0.045533000000000004
0.17241800000000002
0.271995
0.31379399999999996
0.315869
0.447838
0.483759
0.368363
0.45138
0.396204
0.22381
0.0
0.0
0.0
0.0
0.0
0.0
0.0
0.0
0.0
0.0
0.0
0.0
0.0
0.056911
0.25071
0.439971
0.5755589999999999
0.677416
0.748159
0.716749
0.655399
0.5857380000000001
0.420507
0.198433
0.0
0.0
0.0
0.0
0.0
0.0
0.0
0.0
0.0
0.0
0.0
0.0
0.0
0.032977
0.083443
0.15116200000000002
0.20988300000000001
0.129902
0.15190399999999998
0.18271
0.139412
0.030023
0.016065000000000003
0.038234000000000004
0.0
0.0
0.0
0.0
0.0
0.0
0.0
0.0
0.0
0.0
0.0
0.0
0.0
0.038095
0.10563299999999999
0.202638
0.440678
0.581591
0.600221
0.5263479999999999
0.617171
0.491502
0.257932
0.08131000000000001
0.0
0.0
0.0
0.0
0.0
0.0
0.0
0.0
0.0
0.0
0.0
0.0
0.0
0.0689
0.24900299999999997
0.41300400000000004
0.513626
0.610147
0.756217
0.72396
0.5762619999999999
0.508
0.41098700000000005
0.217471
0.0
0.0
0.0
0.0
0.0
0.0
0.0
0.0
0.0
0.0
0.0
0.0
0.0
0.022431999999999997
0.076272
0.178376
0.308499
0.331548
0.28168400000000005
0.231432
0.169713
0.089571
0.07019700000000001
0.059726999999999995
0.0
0.0
0.0
0.0
0.0
0.0
0.0
0.0
0.0
0.0
0.0
0.0
0.0
0.055189999999999996
0.23240799999999998
0.428506
0.600391
0.6579969999999999
0.612414
0.5741029999999999
0.409939
0.281103
0.250828
0.153184
0.0
0.0
0.0
0.0
0.0
0.0
0.0
0.0
0.0
0.0
0.0
0.0
0.0
0.033417
0.06397699999999999
0.119166
0.13722499999999999
0.138518
0.134043
0.20046
0.413617
0.36113799999999996
0.1262
0.057998
0.0
0.0
0.0
0.0
0.0
0.0
0.0
0.0
0.0
0.0
0.0
0.0
0.0033900000000000002
0.060981
0.210837
0.280206
0.226792
0.239892
0.293828
0.223111
0.244028
0.168932
0.09511700000000001
0.059893999999999996
0.0
0.0
0.0
0.0
0.0
0.0
0.0
0.0
0.0
0.0
0.0
0.0
0.003411
0.064045
0.144156
0.15374700000000002
0.248284
0.301572
0.35758300000000004
0.319438
0.235809
0.23392
0.151282
0.061605
0.0
0.0
0.0
0.0
0.0
0.0
0.0
0.0
0.0
0.0
0.0
0.0
0.005006999999999999
0.056119
0.191499
0.382077
0.38779399999999997
0.502992
0.599626
0.598275
0.5565220000000001
0.504829
0.234209
0.116961
0.0
0.0
0.0
0.0
0.0
0.0
0.0
0.0
0.0
0.0
0.0
0.0
0.0
0.011814
0.016497
0.023051
0.059682
0.129464
0.18010900000000002
0.193152
0.14704499999999998
0.089625
0.039872
0.006587
0.0
0.0
0.0
0.0
0.0
0.0
0.0
0.0
0.0
0.0
0.0
0.0
0.01502
0.093726
0.296505
0.453426
0.5681849999999999
0.6476190000000001
0.555693
0.622019
0.581326
0.559373
0.442401
0.210138
0.0
0.0
0.0
0.0
0.0
0.0
0.0
0.0
0.0
0.0
0.0
0.0
0.015297
0.103321
0.308221
0.489151
0.6308429999999999
0.736447
0.784869
0.785904
0.726017
0.6105470000000001
0.449853
0.24066200000000001
0.0
0.0
0.0
0.0
0.0
0.0
0.0
0.0
0.0
0.0
0.0
0.0
0.000428
0.033695
0.07818000000000001
0.179734
0.291451
0.297303
0.344723
0.318957
0.465019
0.20447800000000002
0.104301
0.030797
0.0
0.0
0.0
0.0
0.0
0.0
0.0
0.0
0.0
0.0
0.0
0.0
0.007073
0.08918000000000001
0.275538
0.463893
0.590909
0.7179289999999999
0.7419009999999999
0.695972
0.6710539999999999
0.479219
0.39769
0.197409
0.0
0.0
0.0
0.0
0.0
0.0
0.0
0.0
0.0
0.0
0.0
0.0
0.008712
0.066302
0.119187
0.179287
0.20944300000000002
0.192594
0.261733
0.171161
0.139254
0.112916
0.078548
0.041185
0.0
0.0
0.0
0.0
0.0
0.0
0.0
0.0
0.0
0.0
0.0
0.0
0.020561
0.109114
0.28906
0.44250900000000004
0.581423
0.717563
0.723223
0.702099
0.6997140000000001
0.570332
0.353589
0.20362200000000003
0.0
0.0
0.0
0.0
0.0
0.0
0.0
0.0
0.0
0.0
0.0
0.0
0.013366
0.107057
0.27736500000000003
0.457959
0.599266
0.696327
0.7004640000000001
0.5575289999999999
0.557943
0.516708
0.40202699999999997
0.251095
0.0
0.0
0.0
0.0
0.0
0.0
0.0
0.0
0.0
0.0
0.0
0.0
0.016600999999999998
0.117015
0.321507
0.496081
0.627062
0.7049160000000001
0.753876
0.736669
0.6415109999999999
0.5420900000000001
0.446269
0.237891
0.0
0.0
0.0
0.0
0.0
0.0
0.0
0.0
0.0
0.0
0.0
0.0
0.019089
0.126715
0.32426699999999997
0.497171
0.635873
0.732792
0.779785
0.774692
0.716354
0.6014120000000001
0.445781
0.247423
0.0
0.0
0.0
0.0
0.0
0.0
0.0
0.0
0.0
0.0
0.0
0.0
0.019870000000000002
0.129476
0.327409
0.50269
0.643166
0.737457
0.777781
0.715979
0.596526
0.509738
0.35001
0.16225
0.045912999999999995
0.0
0.0
0.0
0.0
0.0
0.0
0.0
0.0
0.0
0.0
0.0
0.017195000000000002
0.10492
0.258377
0.440669
0.500623
0.503229
0.522096
0.471638
0.46982100000000004
0.457478
0.293313
0.118352
0.029576
0.0
0.0
0.0
0.0
0.0
0.0
0.0
0.0
0.0
0.0
0.0
0.013372
0.054414000000000004
0.066903
0.08975
0.10750499999999999
0.122432
0.15294300000000002
0.182837
0.18963999999999998
0.128358
0.090703
0.057129
0.016996999999999998
0.0
0.0
0.0
0.0
0.0
0.0
0.0
0.0
0.0
0.0
0.0
0.014904
0.057665
0.064883
0.076987
0.1217
0.13262700000000002
0.22935
0.292813
0.215047
0.131132
0.14462799999999998
0.081012
0.026115
0.0
0.0
0.0
0.0
0.0
0.0
0.0
0.0
0.0
0.0
0.0
0.031928
0.136549
0.32719
0.489319
0.636019
0.699803
0.7605850000000001
0.780077
0.717539
0.617668
0.45782100000000003
0.262672
0.063487
0.0
0.0
0.0
0.0
0.0
0.0
0.0
0.0
0.0
0.0
0.0
0.034004
0.138125
0.318678
0.470978
0.6127859999999999
0.614741
0.5843590000000001
0.6002770000000001
0.6425259999999999
0.564847
0.46654700000000005
0.236784
0.041432000000000004
0.0
0.0
0.0
0.0
0.0
0.0
0.0
0.0
0.0
0.0
0.0
0.041576999999999996
0.140413
0.32080200000000003
0.48558100000000004
0.601789
0.669242
0.732161
0.700112
0.6445019999999999
0.557701
0.395371
0.250539
0.05957
0.0
0.0
0.0
0.0
0.0
0.0
0.0
0.0
0.0
0.0
0.0
0.046708
0.147793
0.342481
0.5176649999999999
0.647135
0.726992
0.76587
0.7120599999999999
0.572639
0.427668
0.310682
0.189175
0.043375
0.0
0.0
0.0
0.0
0.0
0.0
0.0
0.0
0.0
0.0
0.0
0.03279
0.11346200000000001
0.21544
0.229379
0.290791
0.380363
0.325258
0.251512
0.199087
0.192052
0.064946
0.049386
0.031229
0.0
0.0
0.0
0.0
0.0
0.0
0.0
0.0
0.0
0.0
0.0
0.0494
0.154266
0.351928
0.523342
0.6441760000000001
0.708528
0.746775
0.722185
0.633067
0.544119
0.463174
0.263767
0.078996
0.0
0.0
0.0
0.0
0.0
0.0
0.0
0.0
0.0
0.0
0.0
0.02422
0.054828
0.089249
0.15193700000000002
0.18779099999999999
0.291401
0.391638
0.392803
0.453278
0.445697
0.249871
0.10763299999999999
0.024815
0.0
0.0
0.0
0.0
0.0
0.0
0.0
0.0
0.0
0.0
0.0
0.032286
0.106367
0.17455400000000001
0.207235
0.318366
0.391803
0.33705
0.267365
0.167118
0.162862
0.16275499999999998
0.09282599999999999
0.044046999999999996
0.0
0.0
0.0
0.0
0.0
0.0
0.0
0.0
0.0
0.0
0.0
0.041453000000000004
0.093267
0.13119399999999998
0.216244
0.266363
0.257359
0.279039
0.22252000000000002
0.127831
0.082353
0.096369
0.082858
0.031634
0.0
0.0
0.0
0.0
0.0
0.0
0.0
0.0
0.0
0.0
0.0
0.064744
0.17207
0.367088
0.5338339999999999
0.667015
0.758846
0.801768
0.791655
0.729678
0.619601
0.46504500000000004
0.268615
0.082121
0.0
0.0
0.0
0.0
0.0
0.0
0.0
0.0
0.0
0.0
0.0
0.023501
0.159632
0.32202499999999995
0.489927
0.586665
0.626922
0.725557
0.7744589999999999
0.729044
0.585187
0.39726799999999995
0.242805
0.07766500000000001
0.0
0.0
0.0
0.0
0.0
0.0
0.0
0.0
0.0
0.0
0.0
0.021227
0.177209
0.36973500000000004
0.5367540000000001
0.653466
0.741092
0.7973210000000001
0.783052
0.728851
0.6142179999999999
0.453101
0.26967899999999995
0.085453
0.0
0.0
0.0
0.0
0.0
0.0
0.0
0.0
0.0
0.0
0.0
0.025835
0.133268
0.31749700000000003
0.441373
0.505876
0.603315
0.613229
0.521
0.513915
0.439919
0.27829000000000004
0.142861
0.044272
0.0
0.0
0.0
0.0
0.0
0.0
0.0
0.0
0.0
0.0
0.0
0.005987
0.023454
0.044340000000000004
0.065224
0.079186
0.081092
0.066316
0.06605200000000001
0.06803100000000001
0.059259
0.044223
0.01874
0.008939
0.0
0.0
0.0
0.0
0.0
0.0
0.0
0.0
0.0
0.0
0.0
0.019528
0.18101599999999998
0.366784
0.544154
0.683268
0.753077
0.7579020000000001
0.7397100000000001
0.6569320000000001
0.496032
0.354865
0.204511
0.070642
0.0
0.0
0.0
0.0
0.0
0.0
0.0
0.0
0.0
0.0
0.0
0.020707999999999997
0.14121
0.23122399999999999
0.401989
0.51491
0.484724
0.425796
0.495925
0.524394
0.41627600000000003
0.375026
0.226339
0.08354
0.0
0.0
0.0
0.0
0.0
0.0
0.0
0.0
0.0
0.0
0.0
0.030403
0.19059399999999999
0.383704
0.546685
0.679019
0.767088
0.811704
0.797855
0.738457
0.628254
0.472374
0.27782
0.089345
0.0
0.0
0.0
0.0
0.0
0.0
0.0
0.0
0.0
0.0
0.0
0.03615
0.113387
0.19182300000000002
0.232875
0.35695499999999997
0.53146
0.5713210000000001
0.488639
0.386083
0.344246
0.323714
0.196565
0.046125
0.0
0.0
0.0
0.0
0.0
0.0
0.0
0.0
0.0
0.0
0.0
0.042631999999999996
0.159665
0.35853199999999996
0.497745
0.514462
0.421819
0.366979
0.468345
0.428839
0.250297
0.223632
0.176672
0.057154
0.0
0.0
0.0
0.0
0.0
0.0
0.0
0.0
0.0
0.0
0.0
0.021756
0.049557000000000004
0.0782
0.126811
0.175205
0.10744799999999999
0.019513000000000003
0.063914
0.10289
0.125298
0.12478600000000001
0.07059
0.033911000000000004
0.0
0.0
0.0
0.0
0.0
0.0
0.0
0.0
0.0
0.0
0.010194000000000002
0.040689
0.19890799999999997
0.384069
0.541076
0.668833
0.753505
0.7923150000000001
0.783551
0.722677
0.611352
0.461471
0.276077
0.092281
0.0
0.0
0.0
0.0
0.0
0.0
0.0
0.0
0.0
0.0
0.0
0.00763
0.032562
0.08200400000000001
0.099797
0.104865
0.112625
0.113728
0.151929
0.218754
0.191382
0.11519
0.069895
0.018053999999999997
0.0
0.0
0.0
0.0
0.0
0.0
0.0
0.0
0.0
0.0
0.00028599999999999996
0.010467
0.006652
0.106568
0.295363
0.31939
0.25781
0.349171
0.36786599999999997
0.214894
0.161185
0.135132
0.052185
0.004333
0.0
0.0
0.0
0.0
0.0
0.0
0.0
0.0
0.0
0.0
0.001782
0.023562999999999997
0.111929
0.228896
0.216827
0.152559
0.11650400000000001
0.15537299999999998
0.19778700000000002
0.245205
0.3058
0.253495
0.138442
0.040587000000000005
0.0
0.0
0.0
0.0
0.0
0.0
0.0
0.0
0.0
0.0
0.011779999999999999
0.0451
0.204368
0.390781
0.5483920000000001
0.673123
0.757623
0.7963899999999999
0.787806
0.7267659999999999
0.6156130000000001
0.467381
0.28220100000000004
0.09903
0.0
0.0
0.0
0.0
0.0
0.0
0.0
0.0
0.0
0.0
0.013372
0.046546
0.20731200000000002
0.391382
0.548611
0.671454
0.757611
0.7954049999999999
0.787525
0.7223379999999999
0.6153099999999999
0.467165
0.282793
0.098673
0.0
0.0
0.0
0.0
0.0
0.0
0.0
0.0
0.0
0.0
0.01324
0.047827
0.20810499999999998
0.391189
0.548643
0.671516
0.7577889999999999
0.792531
0.7867329999999999
0.723157
0.612558
0.46727199999999997
0.283632
0.100262
0.0
0.0
0.0
0.0
0.0
0.0
0.0
0.0
0.0
0.0
0.011624
0.052724
0.195412
0.352922
0.471291
0.539917
0.6361169999999999
0.757478
0.715326
0.632616
0.593862
0.42874
0.234193
0.088697
0.0
0.0
0.0
0.0
0.0
0.0
0.0
0.0
0.0
0.0
0.014784
0.059028
0.113348
0.136762
0.296831
0.437572
0.325924
0.211934
0.333807
0.38428300000000004
0.369318
0.364143
0.197197
0.042967
0.0
0.0
0.0
0.0
0.0
0.0
0.0
0.0
0.0
0.0
0.000296
0.005473
0.034741
0.173049
0.345216
0.497162
0.5636230000000001
0.520555
0.608164
0.5298039999999999
0.32556799999999997
0.252065
0.131299
0.034119
0.0
0.0
0.0
0.0
0.0
0.0
0.0
0.0
0.0
0.0
0.016949000000000002
0.048051
0.205236
0.332337
0.485599
0.6622910000000001
0.675913
0.529851
0.379019
0.284158
0.205726
0.1384
0.094941
0.050103
0.0
0.0
0.0
0.0
0.0
0.0
0.0
0.0
0.0
0.0
0.006787
0.035384
0.123034
0.162945
0.192697
0.275173
0.260175
0.28349
0.38694799999999996
0.385237
0.297479
0.285857
0.189041
0.06769499999999999
0.0
0.0
0.0
0.0
0.0
0.0
0.0
0.0
0.0
0.0
0.004843
0.061543
0.187608
0.3519
0.479597
0.598993
0.729053
0.699616
0.6471910000000001
0.555299
0.326998
0.207596
0.11265900000000001
0.051211
0.0
0.0
0.0
0.0
0.0
0.0
0.0
0.0
0.0
0.0
0.018496
0.06609699999999999
0.20862899999999998
0.388206
0.53727
0.615544
0.699803
0.781346
0.76646
0.671427
0.454883
0.289815
0.201132
0.089552
0.0
0.0
0.0
0.0
0.0
0.0
0.0
0.0
0.0
0.0
0.018715
0.058038
0.192408
0.323106
0.44772199999999995
0.575637
0.7217709999999999
0.778547
0.720447
0.647105
0.551879
0.415767
0.233901
0.08114
0.0
0.0
0.0
0.0
0.0
0.0
0.0
0.0
0.0
0.0
0.013326000000000001
0.081527
0.188723
0.333343
0.510066
0.6630499999999999
0.732874
0.733101
0.718518
0.683725
0.588395
0.454961
0.290296
0.112521
0.0
0.0
0.0
0.0
0.0
0.0
0.0
0.0
0.0
0.0
0.004485
0.062173
0.16669499999999998
0.26027999999999996
0.25756
0.234138
0.249024
0.244596
0.20036500000000002
0.20488499999999998
0.210044
0.11165800000000001
0.07251099999999999
0.049955
0.0
0.0
0.0
0.0
0.0
0.0
0.0
0.0
0.0
0.0
0.007354
0.043872999999999995
0.13019
0.308105
0.445556
0.413151
0.355859
0.40181900000000004
0.422448
0.393679
0.326973
0.253808
0.171792
0.055327
0.0
0.0
0.0
0.0
0.0
0.0
0.0
0.0
0.0
0.0
0.015124
0.058802
0.215018
0.39057
0.533665
0.627428
0.71526
0.7689750000000001
0.728327
0.677014
0.624203
0.48114999999999997
0.280827
0.109751
0.0
0.0
0.0
0.0
0.0
0.0
0.0
0.0
0.0
0.0
0.0061920000000000005
0.067559
0.206815
0.389214
0.540479
0.613168
0.6891280000000001
0.726635
0.662584
0.6342329999999999
0.564086
0.41259199999999996
0.24537799999999999
0.08974599999999999
0.0
0.0
0.0
0.0
0.0
0.0
0.0
0.0
0.0
0.0
0.014894000000000001
0.056642000000000005
0.214477
0.389415
0.5388999999999999
0.6432380000000001
0.717136
0.747128
0.748912
0.715434
0.6315890000000001
0.48800299999999996
0.30585399999999996
0.11683199999999999
0.0
0.0
0.0
0.0
0.0
0.0
0.0
0.0
0.0
0.0
0.015735
0.06675700000000001
0.225154
0.389326
0.5313519999999999
0.6316710000000001
0.72108
0.793607
0.785591
0.720041
0.608647
0.478133
0.285449
0.110629
0.0
0.0
0.0
0.0
0.0
0.0
0.0
0.0
0.0
0.0
0.000213
0.041017000000000005
0.117263
0.26778500000000005
0.41069799999999995
0.393231
0.415677
0.512938
0.477627
0.381243
0.367978
0.374758
0.296124
0.10295699999999999
0.0
0.0
0.0
0.0
0.0
0.0
0.0
0.0
0.0
0.0
0.007625
0.061052
0.19530699999999998
0.374718
0.429606
0.542833
0.601352
0.437919
0.407849
0.46095600000000003
0.461548
0.376085
0.22651400000000002
0.097202
0.0
0.0
0.0
0.0
0.0
0.0
0.0
0.0
0.0
0.0
0.006399
0.016069
0.088676
0.213391
0.205442
0.139514
0.21828899999999998
0.28324099999999997
0.31013799999999997
0.32322199999999995
0.20344399999999999
0.163595
0.124045
0.040790999999999994
0.0
0.0
0.0
0.0
0.0
0.0
0.0
0.0
0.0
0.0
0.013890000000000001
0.07846800000000001
0.196198
0.36292599999999997
0.51503
0.6361319999999999
0.707707
0.7412380000000001
0.744548
0.673825
0.594825
0.454841
0.261376
0.105655
0.0
0.0
0.0
0.0
0.0
0.0
0.0
0.0
0.0
0.0
0.0077339999999999996
0.060133000000000006
0.184327
0.3458
0.44596399999999997
0.458349
0.467142
0.567164
0.599383
0.503193
0.41744400000000004
0.34528699999999996
0.194152
0.045465000000000005
0.0
0.0
0.0
0.0
0.0
0.0
0.0
0.0
0.0
0.0
0.0031019999999999997
0.023132
0.030651
0.117782
0.21112
0.292647
0.30451799999999996
0.245172
0.26435000000000003
0.160839
0.043503
0.053022
0.073781
0.039390999999999995
0.0
0.0
0.0
0.0
0.0
0.0
0.0
0.0
0.0
0.0
0.011304
0.066557
0.182115
0.26012599999999997
0.318175
0.45610199999999995
0.56311
0.500047
0.446487
0.507598
0.568828
0.471335
0.281136
0.105316
0.0
0.0
0.0
0.0
0.0
0.0
0.0
0.0
0.0
0.0
0.009205
0.07529300000000001
0.152552
0.157401
0.15439699999999998
0.209134
0.20161099999999998
0.171839
0.23038999999999998
0.241922
0.240923
0.15618700000000002
0.07380800000000001
0.042163
0.0
0.0
0.0
0.0
0.0
0.0
0.0
0.0
0.0
0.0
0.009774
0.056218000000000004
0.156945
0.28551
0.333092
0.36431
0.4184
0.448108
0.43819400000000003
0.334394
0.33671300000000004
0.36116699999999996
0.252278
0.11726
0.0
0.0
0.0
0.0
0.0
0.0
0.0
0.0
0.0
0.0
0.022591999999999998
0.06880599999999999
0.22950399999999999
0.40176100000000003
0.55187
0.6713579999999999
0.752851
0.789079
0.779184
0.72493
0.623488
0.48330599999999996
0.311739
0.13373
0.0
0.0
0.0
0.0
0.0
0.0
0.0
0.0
0.0
0.0
0.024005
0.06853100000000001
0.227145
0.399008
0.54734
0.665282
0.7470399999999999
0.7851950000000001
0.771835
0.718154
0.619207
0.479993
0.308896
0.13384800000000002
0.0
0.0
0.0
0.0
0.0
0.0
0.0
0.0
0.0
0.0
0.022792000000000003
0.061399999999999996
0.18206
0.26111
0.334976
0.438329
0.48365800000000003
0.44331
0.463601
0.466689
0.494834
0.481315
0.314419
0.118394
0.0
0.0
0.0
0.0
0.0
0.0
0.0
0.0
0.0
0.0
0.016654
0.085608
0.151692
0.22687000000000002
0.40463099999999996
0.5889220000000001
0.712327
0.7395729999999999
0.659389
0.513758
0.39222500000000005
0.3486
0.194969
0.054828
0.005131999999999999
0.0
0.0
0.0
0.0
0.0
0.0
0.0
0.0
0.0
0.025086999999999998
0.081831
0.21576499999999998
0.38478300000000004
0.5227480000000001
0.64889
0.730681
0.761239
0.76148
0.712976
0.620699
0.468006
0.293677
0.132602
0.035040999999999996
0.0
0.0
0.0
0.0
0.0
0.0
0.0
0.0
0.0
0.019879
0.07805200000000001
0.203882
0.367995
0.47869
0.5223949999999999
0.607278
0.693175
0.729758
0.665508
0.564967
0.48957999999999996
0.317035
0.132335
0.033576
0.0
0.0
0.0
0.0
0.0
0.0
0.0
0.0
0.0
0.027069
0.07181699999999999
0.230631
0.403157
0.5528759999999999
0.6701520000000001
0.751183
0.788278
0.7825259999999999
0.724062
0.623553
0.48769
0.316472
0.140921
0.037332000000000004
0.0
0.0
0.0
0.0
0.0
0.0
0.0
0.0
0.0
0.027382999999999998
0.06958
0.22962
0.403105
0.551363
0.66839
0.74928
0.786672
0.773432
0.719836
0.622618
0.48642799999999997
0.31631099999999995
0.140934
0.037770000000000005
0.0
0.0
0.0
0.0
0.0
0.0
0.0
0.0
0.0
0.027641
0.07181699999999999
0.229926
0.403424
0.552345
0.669692
0.750125
0.7874329999999999
0.776828
0.723427
0.623725
0.487068
0.319105
0.14355400000000001
0.039625999999999995
0.0
0.0
0.0
0.0
0.0
0.0
0.0
0.0
0.0
0.014949
0.075622
0.18193
0.313879
0.499221
0.633002
0.705825
0.756933
0.606581
0.363988
0.264629
0.268822
0.228089
0.120948
0.037234
0.0
0.0
0.0
0.0
0.0
0.0
0.0
0.0
0.0
0.027691
0.051948
0.179649
0.248785
0.34931599999999996
0.468765
0.566776
0.585952
0.570476
0.559789
0.5320170000000001
0.333285
0.186404
0.089791
0.017858
0.0
0.0
0.0
0.0
0.0
0.0
0.0
0.0
0.0
0.022851
0.079148
0.161571
0.207758
0.24154499999999998
0.29241300000000003
0.310847
0.299274
0.360137
0.28061200000000003
0.07343999999999999
0.061043
0.044548000000000004
0.027112999999999998
0.014211
0.0
0.0
0.0
0.0
0.0
0.0
0.0
0.0
0.0
0.006416000000000001
0.026279
0.062891
0.10409399999999999
0.135047
0.191478
0.33907299999999996
0.469223
0.427693
0.27752
0.217113
0.15058600000000003
0.031702
0.027003
0.017929999999999998
0.0
0.0
0.0
0.0
0.0
0.0
0.0
0.0
0.0
0.019617000000000002
0.082346
0.215058
0.383624
0.532289
0.627481
0.700017
0.739961
0.724686
0.672433
0.615564
0.48020999999999997
0.318017
0.133472
0.031126
0.0
0.0
0.0
0.0
0.0
0.0
0.0
0.0
0.0
0.008731
0.057826999999999996
0.191037
0.37042899999999995
0.49300900000000003
0.5232859999999999
0.5191749999999999
0.580761
0.576404
0.515639
0.358402
0.24115799999999998
0.20181800000000003
0.09402500000000001
0.017966000000000003
0.0
0.0
0.0
0.0
0.0
0.0
0.0
0.0
0.0
0.020704
0.072385
0.20369
0.351425
0.479025
0.580995
0.674269
0.72561
0.693375
0.608757
0.570961
0.487624
0.297683
0.125015
0.037283000000000004
0.0
0.0
0.0
0.0
0.0
0.0
0.0
0.0
0.0
0.019195
0.084092
0.203077
0.36783499999999997
0.429486
0.43349400000000005
0.594221
0.7363540000000001
0.753993
0.730318
0.554953
0.313946
0.181339
0.081953
0.028818
0.0
0.0
0.0
0.0
0.0
0.0
0.0
0.0
0.0
0.010218999999999999
0.061161
0.160645
0.29189499999999996
0.44315699999999997
0.48008999999999996
0.425257
0.41111200000000003
0.40130099999999996
0.41583
0.49152100000000004
0.400492
0.211853
0.082219
0.005727
0.0
0.0
0.0
0.0
0.0
0.0
0.0
0.0
0.0
0.011438
0.053399
0.145089
0.23203000000000001
0.28414
0.338659
0.359254
0.421676
0.5185960000000001
0.359194
0.121924
0.177894
0.177041
0.060406999999999995
0.016469
0.0
0.0
0.0
0.0
0.0
0.0
0.0
0.0
0.0
0.008356
0.026497
0.065431
0.13015700000000002
0.203441
0.2824
0.23626
0.16584800000000002
0.244915
0.30856900000000004
0.29076799999999997
0.187401
0.07670300000000001
0.06534699999999999
0.022645
0.0
0.0
0.0
0.0
0.0
0.0
0.0
0.0
0.0
0.011463
0.069632
0.176083
0.223132
0.330396
0.518401
0.6071470000000001
0.653018
0.511533
0.317992
0.317228
0.33809300000000003
0.190806
0.069783
0.003725
0.0
0.0
0.0
0.0
0.0
0.0
0.0
0.0
0.0
0.024149999999999998
0.07683799999999999
0.20008099999999998
0.368252
0.537996
0.638729
0.677948
0.6907519999999999
0.673119
0.605947
0.5183329999999999
0.392186
0.285526
0.132496
0.038127
0.0
0.0
0.0
0.0
0.0
0.0
0.0
0.0
0.0
0.023145
0.07134099999999999
0.201536
0.349767
0.504386
0.641652
0.7165410000000001
0.711425
0.724031
0.695548
0.551884
0.395232
0.235466
0.097704
0.029226
0.0
0.0
0.0
0.0
0.0
0.0
0.0
0.0
0.0
0.00421
0.045092
0.19545099999999999
0.35640499999999997
0.47480399999999995
0.5458419999999999
0.560117
0.632197
0.672385
0.5569310000000001
0.38281400000000004
0.28612099999999996
0.200933
0.101732
0.018661999999999998
0.0
0.0
0.0
0.0
0.0
0.0
0.0
0.0
0.0
0.005718
0.053801
0.18129499999999998
0.280216
0.344914
0.396854
0.44981400000000005
0.539937
0.7141130000000001
0.692948
0.544917
0.402776
0.257781
0.082842
0.014712999999999999
0.0
0.0
0.0
0.0
0.0
0.0
0.0
0.0
0.0
0.017116
0.059448
0.200519
0.349968
0.500057
0.584893
0.622501
0.625279
0.613815
0.587843
0.583825
0.483272
0.284655
0.11201699999999999
0.025845
0.0
0.0
0.0
0.0
0.0
0.0
0.0
0.0
0.0
0.021273
0.061168
0.215525
0.38581400000000005
0.531824
0.651128
0.735103
0.7765700000000001
0.769808
0.7210850000000001
0.624854
0.49144299999999996
0.327071
0.151239
0.045267
0.0
0.0
0.0
0.0
0.0
0.0
0.0
0.0
0.0
0.020576
0.060795
0.21499600000000002
0.382924
0.5302469999999999
0.650336
0.732543
0.772913
0.7648400000000001
0.7181799999999999
0.622441
0.49007799999999996
0.32585000000000003
0.150791
0.045034
0.0
0.0
0.0
0.0
0.0
0.0
0.0
0.0
0.0
0.019713
0.061027
0.212371
0.381759
0.529653
0.6488379999999999
0.732422
0.771404
0.7649779999999999
0.718299
0.622738
0.49253800000000003
0.326961
0.151347
0.045020000000000004
0.0
0.0
0.0
0.0
0.0
0.0
0.0
0.0
0.0
0.018689
0.05921800000000001
0.21037899999999998
0.380287
0.525755
0.64362
0.728879
0.771347
0.765043
0.717216
0.6230289999999999
0.49166699999999997
0.32582900000000004
0.150464
0.044747
0.0
0.0
0.0
0.0
0.0
0.0
0.0
0.0
0.0
0.015573
0.072065
0.18816300000000002
0.292313
0.416744
0.549427
0.685572
0.724585
0.754196
0.721182
0.62614
0.493882
0.328788
0.149999
0.045172
0.0
0.0
0.0
0.0
0.0
0.0
0.0
0.0
0.0
0.017843
0.059939
0.21054900000000001
0.381124
0.529339
0.6479550000000001
0.730722
0.771556
0.765327
0.717673
0.623591
0.492232
0.327035
0.151893
0.044969
0.0
0.0
0.0
0.0
0.0
0.0
0.0
0.0
0.0
0.014087
0.07229000000000001
0.190473
0.338346
0.50525
0.637808
0.706647
0.715313
0.662218
0.643573
0.601268
0.40882799999999997
0.22735
0.098009
0.033530000000000004
0.0
0.0
0.0
0.0
0.0
0.0
0.0
0.0
0.0
0.017555
0.058206
0.20860599999999999
0.380782
0.526938
0.646787
0.731274
0.77011
0.766298
0.718705
0.6228830000000001
0.490599
0.32684199999999997
0.152548
0.044649999999999995
0.0
0.0
0.0
0.0
0.0
0.0
0.0
0.0
0.0
0.017227
0.056007
0.207405
0.37785
0.523924
0.642547
0.725598
0.767481
0.763081
0.713095
0.620407
0.489398
0.32625
0.151867
0.044382
0.0
0.0
0.0
0.0
0.0
0.0
0.0
0.0
0.0
0.014124000000000001
0.059220999999999996
0.192526
0.33775099999999997
0.474563
0.6295599999999999
0.660959
0.637694
0.61051
0.577686
0.5019979999999999
0.40213299999999996
0.24559899999999998
0.11243
0.023742
0.0
0.0
0.0
0.0
0.0
0.0
0.0
0.0
0.0
0.010688000000000001
0.064591
0.204294
0.374654
0.513353
0.619996
0.714799
0.769706
0.762447
0.679948
0.5471309999999999
0.410169
0.254409
0.140463
0.042131999999999996
0.0
0.0
0.0
0.0
0.0
0.0
0.0
0.0
0.0
0.013613
0.048437
0.190771
0.314954
0.411129
0.57993
0.666033
0.692006
0.6405890000000001
0.630884
0.631202
0.49075
0.310761
0.13667400000000002
0.036981
0.0
0.0
0.0
0.0
0.0
0.0
0.0
0.0
0.0
0.015101000000000002
0.052546999999999996
0.203625
0.375221
0.524796
0.6473329999999999
0.736552
0.7822939999999999
0.777525
0.7310249999999999
0.635149
0.49967700000000004
0.330429
0.15300899999999998
0.043196
0.0
0.0
0.0
0.0
0.0
0.0
0.0
0.0
0.0
0.01492
0.053435
0.20105199999999998
0.374185
0.522887
0.641644
0.728764
0.770428
0.7649349999999999
0.718626
0.623502
0.493174
0.327564
0.151256
0.04248
0.0
0.0
0.0
0.0
0.0
0.0
0.0
0.0
0.0
0.01492
0.051298
0.203104
0.37465
0.524462
0.646223
0.734026
0.773577
0.769023
0.721974
0.6283690000000001
0.49518900000000005
0.329612
0.152586
0.042522
0.0
0.0
0.0
0.0
0.0
0.0
0.0
0.0
0.0
0.009089
0.058244
0.126381
0.205506
0.193101
0.167826
0.21113900000000002
0.150554
0.109487
0.081072
0.095708
0.09636
0.05224
0.014951
0.007414
0.0
0.0
0.0
0.0
0.0
0.0
0.0
0.0
0.0
0.006974999999999999
0.051774
0.115378
0.171344
0.18715299999999999
0.14948599999999998
0.046493
0.095251
0.192976
0.08826600000000001
0.07896299999999999
0.09387999999999999
0.07154300000000001
0.038343
0.007442
0.0
0.0
0.0
0.0
0.0
0.0
0.0
0.0
0.0
0.009089999999999999
0.059719
0.159325
0.256413
0.307103
0.364913
0.5375270000000001
0.584385
0.382213
0.258673
0.335024
0.349265
0.205103
0.093079
0.01011
0.0
0.0
0.0
0.0
0.0
0.0
0.0
0.0
0.0
0.011912
0.046934
0.19042900000000001
0.360872
0.49909699999999996
0.604182
0.700924
0.747101
0.75787
0.690501
0.610601
0.465947
0.30689299999999997
0.14584899999999998
0.035277
0.0
0.0
0.0
0.0
0.0
0.0
0.0
0.0
0.0
0.014497
0.06281
0.187499
0.335909
0.40754199999999996
0.5455099999999999
0.704518
0.740263
0.750558
0.716388
0.6225599999999999
0.491579
0.324032
0.14401599999999998
0.035999
0.0
0.0
0.0
0.0
0.0
0.0
0.0
0.0
0.0
0.012811999999999999
0.067474
0.18498599999999998
0.323726
0.500442
0.6385019999999999
0.707784
0.716152
0.712908
0.699425
0.621283
0.481742
0.293586
0.12653
0.033276
0.0
0.0
0.0
0.0
0.0
0.0
0.0
0.0
0.0
0.011303
0.070784
0.168879
0.294431
0.479922
0.5787329999999999
0.615586
0.74188
0.770702
0.7141029999999999
0.582136
0.40296
0.242441
0.10894799999999999
0.020694
0.0
0.0
0.0
0.0
0.0
0.0
0.0
0.0
0.0
0.004703000000000001
0.039567
0.13291399999999998
0.22919399999999998
0.335449
0.382253
0.444259
0.504942
0.505362
0.438599
0.35090499999999997
0.30400900000000003
0.227556
0.093212
0.026283
0.0
0.0
0.0
0.0
0.0
0.0
0.0
0.0
0.0
0.008198
0.048615000000000005
0.163516
0.25167500000000004
0.292914
0.32343299999999997
0.39187299999999997
0.26050599999999996
0.327832
0.41634
0.445266
0.436833
0.198201
0.034110999999999995
0.0
0.0
0.0
0.0
0.0
0.0
0.0
0.0
0.0
0.0
0.009833
0.061415
0.183482
0.338174
0.50776
0.6392530000000001
0.7347440000000001
0.770003
0.781331
0.72135
0.6083780000000001
0.486717
0.32757400000000003
0.14510900000000002
0.033954
0.0
0.0
0.0
0.0
0.0
0.0
0.0
0.0
0.0
0.014455
0.04142
0.18940600000000002
0.366803
0.51923
0.644081
0.737371
0.7834589999999999
0.781884
0.73299
0.636049
0.49907799999999997
0.32665
0.146232
0.033061999999999994
0.0
0.0
0.0
0.0
0.0
0.0
0.0
0.0
0.0
0.012936999999999999
0.04192
0.187685
0.364133
0.517621
0.6420309999999999
0.729622
0.77418
0.775657
0.722182
0.628595
0.493269
0.323595
0.142247
0.0
0.0
0.0
0.0
0.0
0.0
0.0
0.0
0.0
0.0
0.012851000000000001
0.041139
0.18754200000000001
0.36335500000000004
0.513436
0.637681
0.727201
0.771265
0.769098
0.721313
0.626352
0.491642
0.32096800000000003
0.14162
0.0
0.0
0.0
0.0
0.0
0.0
0.0
0.0
0.0
0.0
0.009833
0.048726
0.183274
0.35867200000000005
0.503634
0.6284529999999999
0.703706
0.7260650000000001
0.735048
0.711502
0.613952
0.483431
0.307673
0.13358699999999998
0.0
0.0
0.0
0.0
0.0
0.0
0.0
0.0
0.0
0.0
0.011467
0.037662999999999995
0.18434899999999999
0.362513
0.514204
0.6362190000000001
0.7233419999999999
0.7646660000000001
0.765353
0.710755
0.617715
0.48509399999999997
0.317124
0.13811199999999998
0.0
0.0
0.0
0.0
0.0
0.0
0.0
0.0
0.0
0.0
0.00991
0.046127
0.171434
0.335204
0.47898399999999997
0.597404
0.6965549999999999
0.76854
0.755155
0.697735
0.60053
0.45519299999999996
0.31081200000000003
0.135566
0.0
0.0
0.0
0.0
0.0
0.0
0.0
0.0
0.0
0.0
0.009942
0.039633
0.184358
0.36198899999999995
0.513427
0.635153
0.7219009999999999
0.762788
0.761851
0.7085309999999999
0.614765
0.481814
0.314554
0.13600700000000002
0.0
0.0
0.0
0.0
0.0
0.0
0.0
0.0
0.0
0.0
0.009942
0.033415999999999994
0.17740899999999998
0.359191
0.510485
0.636614
0.7198450000000001
0.730488
0.673411
0.640966
0.5985309999999999
0.477269
0.283779
0.115873
0.0
0.0
0.0
0.0
0.0
0.0
0.0
0.0
0.0
0.0
0.009942
0.034012
0.180333
0.359009
0.5136130000000001
0.6400779999999999
0.729399
0.773147
0.772852
0.719299
0.622275
0.48736599999999997
0.316042
0.133635
0.0
0.0
0.0
0.0
0.0
0.0
0.0
0.0
0.0
0.0
0.0
0.02565
0.118165
0.257213
0.40850400000000003
0.403479
0.427847
0.454865
0.535377
0.377368
0.20855600000000002
0.179147
0.127974
0.017713999999999997
0.0
0.0
0.0
0.0
0.0
0.0
0.0
0.0
0.0
0.0
0.000177
0.025070000000000002
0.048945
0.067206
0.088337
0.159288
0.276452
0.36164100000000005
0.577758
0.457997
0.293423
0.186922
0.078956
0.051982999999999994
0.0
0.0
0.0
0.0
0.0
0.0
0.0
0.0
0.0
0.0
0.008198
0.031014
0.174815
0.35380399999999995
0.509191
0.638529
0.730971
0.7781939999999999
0.777875
0.725333
0.627454
0.486998
0.31496300000000005
0.12941399999999997
0.0
0.0
0.0
0.0
0.0
0.0
0.0
0.0
0.0
0.0
0.008227
0.030652000000000002
0.172809
0.352704
0.510629
0.634652
0.7287530000000001
0.773361
0.7774800000000001
0.7207319999999999
0.6259349999999999
0.483711
0.311368
0.12739799999999998
0.0
0.0
0.0
0.0
0.0
0.0
0.0
0.0
0.0
0.0
0.001653
0.037079
0.099098
0.201076
0.351622
0.351558
0.472147
0.45846699999999996
0.314016
0.27562400000000004
0.217473
0.078791
0.07123399999999999
0.011199
0.0
0.0
0.0
0.0
0.0
0.0
0.0
0.0
0.0
0.0
0.0
0.023260000000000003
0.16145500000000002
0.2869
0.390001
0.56748
0.6309450000000001
0.647325
0.6530819999999999
0.46639800000000003
0.288099
0.179523
0.082266
0.011260999999999998
0.0
0.0
0.0
0.0
0.0
0.0
0.0
0.0
0.0
0.0
0.0
0.042825
0.158517
0.326853
0.46436700000000003
0.602656
0.708739
0.72724
0.7430249999999999
0.6327910000000001
0.597293
0.480628
0.29723700000000003
0.117146
0.0
0.0
0.0
0.0
0.0
0.0
0.0
0.0
0.0
0.0
0.0
0.027830999999999998
0.16777099999999998
0.351175
0.5044959999999999
0.630994
0.722437
0.76964
0.769153
0.715307
0.6170209999999999
0.478314
0.30194099999999996
0.11843300000000001
0.0
0.0
0.0
0.0
0.0
0.0
0.0
0.0
0.0
0.0
0.0
0.024762
0.166965
0.347374
0.50469
0.633636
0.723828
0.768787
0.768221
0.7164170000000001
0.616283
0.474039
0.300147
0.116835
0.0
0.0
0.0
0.0
0.0
0.0
0.0
0.0
0.0
0.0
0.0
0.021863
0.15415399999999999
0.315218
0.483391
0.6110890000000001
0.7008
0.7084349999999999
0.686863
0.674196
0.579527
0.43721899999999997
0.30068599999999995
0.11297499999999999
0.0
0.0
0.0
0.0
0.0
0.0
0.0
0.0
0.0
0.0
0.0
0.021329
0.16431700000000002
0.340402
0.471919
0.60136
0.708373
0.767397
0.765573
0.706099
0.613989
0.460543
0.25609
0.09564
0.0
0.0
0.0
0.0
0.0
0.0
0.0
0.0
0.0
0.0
0.0
0.022157
0.164827
0.347166
0.507569
0.6318630000000001
0.723664
0.770873
0.7668659999999999
0.712572
0.613726
0.473282
0.295358
0.111288
0.0
0.0
0.0
0.0
0.0
0.0
0.0
0.0
0.0
0.0
0.0
0.020309
0.161624
0.344955
0.502501
0.631827
0.725026
0.768145
0.769865
0.712819
0.613615
0.469514
0.29284
0.109597
0.0
0.0
0.0
0.0
0.0
0.0
0.0
0.0
0.0
0.0
0.0
0.019962
0.161739
0.343253
0.49933999999999995
0.626783
0.717946
0.762394
0.764421
0.7056520000000001
0.604523
0.464252
0.28961000000000003
0.106865
0.0
0.0
0.0
0.0
0.0
0.0
0.0
0.0
0.0
0.0
0.0
0.025511
0.151472
0.337561
0.492238
0.606305
0.641693
0.676594
0.679042
0.596964
0.6144809999999999
0.473856
0.29303500000000005
0.105113
0.0
0.0
0.0
0.0
0.0
0.0
0.0
0.0
0.0
0.0
0.0
0.016739
0.15854400000000002
0.33909100000000003
0.494614
0.6232960000000001
0.711647
0.7561420000000001
0.755779
0.700155
0.5998680000000001
0.45879899999999996
0.28377800000000003
0.101782
0.0
0.0
0.0
0.0
0.0
0.0
0.0
0.0
0.0
0.0
0.0
0.016786000000000002
0.158405
0.339245
0.49934100000000003
0.625019
0.715176
0.759464
0.758707
0.703309
0.6015389999999999
0.459683
0.27983600000000003
0.100052
0.0
0.0
0.0
0.0
0.0
0.0
0.0
0.0
0.0
0.0
0.0
0.012041
0.15245699999999998
0.335526
0.486703
0.595502
0.676735
0.723201
0.688392
0.639308
0.5369120000000001
0.383553
0.213485
0.057229
0.0
0.0
0.0
0.0
0.0
0.0
0.0
0.0
0.0
0.0
0.0
0.057514
0.147783
0.330641
0.470204
0.594296
0.690844
0.702914
0.710483
0.6598849999999999
0.573958
0.423075
0.278322
0.094649
0.0
0.0
0.0
0.0
0.0
0.0
0.0
0.0
0.0
0.0
0.0
0.051828000000000006
0.143685
0.301977
0.452779
0.596037
0.674689
0.727139
0.750436
0.687929
0.554207
0.400882
0.237018
0.076315
0.0
0.0
0.0
0.0
0.0
0.0
0.0
0.0
0.0
0.0
0.0
0.050619
0.148387
0.313596
0.489435
0.617414
0.705998
0.748444
0.721576
0.622786
0.5516230000000001
0.43007999999999996
0.22595300000000001
0.07396599999999999
0.0
0.0
0.0
0.0
0.0
0.0
0.0
0.0
0.0
0.0
0.0
0.053628
0.151124
0.333503
0.489531
0.6160220000000001
0.702702
0.7458579999999999
0.740874
0.6882440000000001
0.58439
0.442642
0.264158
0.08794400000000001
0.0
0.0
0.0
0.0
0.0
0.0
0.0
0.0
0.0
0.0
0.0
0.053182
0.14870599999999998
0.33174200000000004
0.489848
0.613958
0.7015990000000001
0.739727
0.735382
0.6813790000000001
0.578812
0.436867
0.260957
0.084804
0.0
0.0
0.0
0.0
0.0
0.0
0.0
0.0
0.0
0.0
0.0
0.051004
0.14718799999999999
0.329352
0.488024
0.6143909999999999
0.702864
0.741863
0.739161
0.685361
0.581671
0.437782
0.26060500000000003
0.084008
0.0
0.0
0.0
0.0
0.0
0.0
0.0
0.0
0.0
0.0
0.0
0.018876
0.066774
0.130682
0.29639499999999996
0.47232100000000005
0.517835
0.617568
0.7013680000000001
0.511756
0.261421
0.153667
0.07109
0.0016950000000000001
0.0
0.0
0.0
0.0
0.0
0.0
0.0
0.0
0.0
0.0
0.0
0.012727
0.06694
0.140837
0.20427099999999998
0.338731
0.512516
0.629223
0.592075
0.43243200000000004
0.339991
0.29068400000000005
0.20695
0.057928
0.0
0.0
0.0
0.0
0.0
0.0
0.0
0.0
0.0
0.0
0.0
0.012406
0.064768
0.139542
0.231451
0.334926
0.507186
0.636102
0.423205
0.225412
0.190092
0.21060900000000002
0.199972
0.044014000000000005
0.0
0.0
0.0
0.0
0.0
0.0
0.0
0.0
0.0
0.0
0.0
0.045892
0.143393
0.327624
0.483873
0.607323
0.696322
0.7345900000000001
0.7287939999999999
0.672821
0.56624
0.42579700000000004
0.24523699999999998
0.073687
0.0
0.0
0.0
0.0
0.0
0.0
0.0
0.0
0.0
0.0
0.0
0.04338
0.142185
0.327015
0.48600099999999996
0.611469
0.701747
0.740172
0.735777
0.680826
0.572997
0.42744299999999996
0.243513
0.072732
0.0
0.0
0.0
0.0
0.0
0.0
0.0
0.0
0.0
0.0
0.0
0.040663
0.141736
0.325455
0.484015
0.61481
0.702264
0.749389
0.742206
0.683828
0.574495
0.428426
0.24254699999999998
0.070915
0.0
0.0
0.0
0.0
0.0
0.0
0.0
0.0
0.0
0.0
0.0
0.040369999999999996
0.140039
0.32525099999999996
0.486153
0.616977
0.7014579999999999
0.7485170000000001
0.740139
0.682297
0.573399
0.424717
0.241808
0.063954
0.0
0.0
0.0
0.0
0.0
0.0
0.0
0.0
0.0
0.0
0.0
0.0070739999999999996
0.063717
0.205994
0.34527300000000005
0.413999
0.48962
0.49721699999999996
0.468524
0.403461
0.26613600000000004
0.204607
0.140691
0.040088
0.0
0.0
0.0
0.0
0.0
0.0
0.0
0.0
0.0
0.0
0.0
0.035783999999999996
0.13566999999999999
0.319641
0.482633
0.610797
0.701582
0.744783
0.740919
0.682626
0.573941
0.424861
0.233577
0.056049
0.0
0.0
0.0
0.0
0.0
0.0
0.0
0.0
0.0
0.0
0.0
0.030713
0.12742
0.28306400000000004
0.405578
0.49597199999999997
0.5558099999999999
0.6247480000000001
0.602107
0.443635
0.291132
0.176173
0.07079
0.012198
0.0
0.0
0.0
0.0
0.0
0.0
0.0
0.0
0.0
0.0
0.0
0.031543
0.127633
0.314142
0.479387
0.598853
0.6415879999999999
0.629818
0.6463949999999999
0.621375
0.540119
0.41953199999999996
0.221299
0.044738
0.0
0.0
0.0
0.0
0.0
0.0
0.0
0.0
0.0
0.0
0.0
0.0
0.008577999999999999
0.015768
0.043708
0.059559
0.037552999999999996
0.042413
0.060603000000000004
0.056406
0.044967
0.015333
0.004039
0.0
0.0
0.0
0.0
0.0
0.0
0.0
0.0
0.0
0.0
0.0
0.0
0.014343
0.098575
0.23333299999999998
0.351419
0.447238
0.5535610000000001
0.654959
0.6198490000000001
0.39704
0.286495
0.212668
0.07148099999999999
0.0
0.0
0.0
0.0
0.0
0.0
0.0
0.0
0.0
0.0
0.0
0.0
0.01933
0.100481
0.221816
0.325704
0.368387
0.482862
0.5665650000000001
0.64161
0.6610499999999999
0.555447
0.35751499999999997
0.14058
0.0
0.0
0.0
0.0
0.0
0.0
0.0
0.0
0.0
0.0
0.0
0.0
0.022411999999999998
0.127409
0.317919
0.479962
0.6078450000000001
0.6999099999999999
0.746633
0.734733
0.674827
0.5609500000000001
0.408069
0.214244
0.0
0.0
0.0
0.0
0.0
0.0
0.0
0.0
0.0
0.0
0.0
0.0
0.018921
0.101802
0.193923
0.244812
0.324183
0.44057999999999997
0.44211900000000004
0.412528
0.43106
0.348401
0.20183
0.111193
0.0
0.0
0.0
0.0
0.0
0.0
0.0
0.0
0.0
0.0
0.0
0.0
0.011333
0.086699
0.221446
0.343587
0.330368
0.261909
0.275152
0.293238
0.23954499999999998
0.213976
0.165291
0.055278
0.0
0.0
0.0
0.0
0.0
0.0
0.0
0.0
0.0
0.0
0.0
0.0
0.018505
0.11533700000000001
0.266237
0.41783800000000004
0.567729
0.6459779999999999
0.688629
0.6965990000000001
0.624144
0.506498
0.358379
0.16597399999999998
0.0
0.0
0.0
0.0
0.0
0.0
0.0
0.0
0.0
0.0
0.0
0.0
0.016068000000000002
0.11091200000000001
0.26384500000000005
0.417999
0.535969
0.662572
0.6981689999999999
0.6636559999999999
0.640985
0.502577
0.34911200000000003
0.162874
0.0
0.0
0.0
0.0
0.0
0.0
0.0
0.0
0.0
0.0
0.0
0.0
0.017870999999999998
0.123311
0.31455700000000003
0.47689499999999996
0.613253
0.705277
0.7456430000000001
0.732443
0.667828
0.552532
0.39478199999999997
0.19759800000000002
0.0
0.0
0.0
0.0
0.0
0.0
0.0
0.0
0.0
0.0
0.0
0.0
0.015693
0.102955
0.268727
0.462374
0.509238
0.48670800000000003
0.581203
0.627362
0.5797190000000001
0.428451
0.21086000000000002
0.103225
0.0
0.0
0.0
0.0
0.0
0.0
0.0
0.0
0.0
0.0
0.0
0.0
0.015445
0.106247
0.24254900000000001
0.418783
0.574473
0.6705800000000001
0.725733
0.7010019999999999
0.6337820000000001
0.49812
0.300849
0.13517500000000002
0.0
0.0
0.0
0.0
0.0
0.0
0.0
0.0
0.0
0.0
0.0
0.0
0.018437000000000002
0.11379900000000001
0.289625
0.414649
0.558824
0.684063
0.698448
0.654655
0.615853
0.53487
0.382501
0.169009
0.0
0.0
0.0
0.0
0.0
0.0
0.0
0.0
0.0
0.0
0.0
0.0
0.010123
0.060235
0.145435
0.212393
0.27931
0.46522199999999997
0.530015
0.465219
0.476538
0.493181
0.382438
0.154333
0.0
0.0
0.0
0.0
0.0
0.0
0.0
0.0
0.0
0.0
0.0
0.0
0.0069299999999999995
0.053728000000000005
0.1926
0.352254
0.523088
0.555774
0.47007299999999996
0.479325
0.523785
0.45068400000000003
0.246261
0.09923
0.0
0.0
0.0
0.0
0.0
0.0
0.0
0.0
0.0
0.0
0.0
0.0
0.013155
0.081305
0.20522100000000001
0.284148
0.38936000000000004
0.404006
0.39587
0.434773
0.33578399999999997
0.23537
0.132075
0.041872
0.0
0.0
0.0
0.0
0.0
0.0
0.0
0.0
0.0
0.0
0.0
0.0
0.00475
0.07417499999999999
0.143726
0.205845
0.371336
0.510149
0.5456340000000001
0.537276
0.504109
0.342566
0.211006
0.13445500000000002
0.0
0.0
0.0
0.0
0.0
0.0
0.0
0.0
0.0
0.0
0.0
0.0
0.018387
0.109273
0.299213
0.465856
0.599113
0.685763
0.7222329999999999
0.704986
0.6384460000000001
0.5211910000000001
0.36049400000000004
0.162897
0.0
0.0
0.0
0.0
0.0
0.0
0.0
0.0
0.0
0.0
0.0
0.0
0.009871000000000001
0.092923
0.26806
0.403778
0.549616
0.668735
0.656597
0.655109
0.629263
0.508838
0.33063600000000004
0.134267
0.0
0.0
0.0
0.0
0.0
0.0
0.0
0.0
0.0
0.0
0.0
0.0
0.014641
0.10375
0.289647
0.447278
0.587307
0.683159
0.712789
0.702001
0.617942
0.442176
0.268385
0.118409
0.0
0.0
0.0
0.0
0.0
0.0
0.0
0.0
0.0
0.0
0.0
0.0
0.0031360000000000003
0.04362
0.079595
0.11092400000000001
0.242687
0.247111
0.133573
0.14188800000000001
0.16256800000000002
0.06985899999999999
0.029878000000000002
0.029889
0.0
0.0
0.0
0.0
0.0
0.0
0.0
0.0
0.0
0.0
0.0
0.0
0.01264
0.1002
0.28839600000000004
0.451727
0.585251
0.675559
0.711674
0.692476
0.627263
0.508577
0.343755
0.14351
0.0
0.0
0.0
0.0
0.0
0.0
0.0
0.0
0.0
0.0
0.0
0.0
0.012851000000000001
0.098741
0.28937
0.453132
0.585493
0.671168
0.70798
0.6949270000000001
0.624937
0.505617
0.33826
0.13926
0.0
0.0
0.0
0.0
0.0
0.0
0.0
0.0
0.0
0.0
0.0
0.0
0.012726000000000001
0.09654
0.28563900000000003
0.44872300000000004
0.577106
0.665129
0.698229
0.683846
0.6141380000000001
0.49604899999999996
0.329864
0.134949
0.0
0.0
0.0
0.0
0.0
0.0
0.0
0.0
0.0
0.0
0.0
0.0
0.011424
0.09628199999999999
0.28489600000000004
0.452095
0.58074
0.666895
0.7014
0.683798
0.6133200000000001
0.492016
0.32897899999999997
0.130424
0.0
0.0
0.0
0.0
0.0
0.0
0.0
0.0
0.0
0.0
0.0
0.0
0.00991
0.094197
0.275878
0.445584
0.579134
0.663766
0.69923
0.667961
0.589139
0.478419
0.305283
0.110988
0.0
0.0
0.0
0.0
0.0
0.0
0.0
0.0
0.0
0.0
0.0
0.0
0.009871000000000001
0.088256
0.281387
0.43869
0.571187
0.6465259999999999
0.6663049999999999
0.6414030000000001
0.590638
0.458808
0.269396
0.09693399999999999
0.0
0.0
0.0
0.0
0.0
0.0
0.0
0.0
0.0
0.0
0.0
0.0
0.0
0.044342
0.116455
0.226806
0.25970800000000005
0.180385
0.274528
0.26660700000000004
0.27570100000000003
0.272789
0.111209
0.019603000000000002
0.0
0.0
0.0
0.0
0.0
0.0
0.0
0.0
0.0
0.0
0.0
0.0
0.0
0.045375
0.22028
0.351726
0.419113
0.426973
0.389358
0.452067
0.479692
0.315738
0.187807
0.082858
0.0
0.0
0.0
0.0
0.0
0.0
0.0
0.0
0.0
0.0
0.0
0.0
0.0
0.077632
0.207426
0.319897
0.467532
0.53215
0.475339
0.49426
0.412569
0.258961
0.212422
0.068566
0.0
0.0
0.0
0.0
0.0
0.0
0.0
0.0
0.0
0.0
0.0
0.0
0.0
0.068229
0.14897200000000002
0.314627
0.487333
0.582234
0.6170220000000001
0.655068
0.510912
0.253255
0.133362
0.054066
0.0
0.0
0.0
0.0
0.0
0.0
0.0
0.0
0.0
0.0
0.0
0.0
0.0
0.07412600000000001
0.21719
0.32214299999999996
0.394318
0.488148
0.48433800000000005
0.348826
0.24615199999999998
0.250314
0.17544800000000002
0.046168999999999995
0.0
0.0
0.0
0.0
0.0
0.0
0.0
0.0
0.0
0.0
0.0
0.0
0.0
0.051637
0.19948500000000002
0.359102
0.456897
0.43274799999999997
0.461368
0.35767899999999997
0.244897
0.229959
0.14961000000000002
0.037457000000000004
0.0
0.0
0.0
0.0
0.0
0.0
0.0
0.0
0.0
0.0
0.0
0.0
0.0
0.082911
0.275592
0.44392899999999996
0.576763
0.661525
0.694669
0.6736810000000001
0.596657
0.471051
0.29747500000000004
0.068099
0.0
0.0
0.0
0.0
0.0
0.0
0.0
0.0
0.0
0.0
0.0
0.0
0.0
0.080038
0.271709
0.43928300000000003
0.568141
0.6523
0.6836939999999999
0.665208
0.5880270000000001
0.46105900000000005
0.28822000000000003
0.06476900000000001
0.0
0.0
0.0
0.0
0.0
0.0
0.0
0.0
0.0
0.0
0.0
0.0
0.0
0.081672
0.269197
0.439405
0.568902
0.6522709999999999
0.682596
0.661446
0.585271
0.459981
0.28545800000000005
0.06274
0.0
0.0
0.0
0.0
0.0
0.0
0.0
0.0
0.0
0.0
0.0
0.0
0.0
0.074033
0.25673399999999996
0.37851999999999997
0.510958
0.625293
0.6711090000000001
0.656438
0.5790109999999999
0.454931
0.281078
0.0
0.0
0.0
0.0
0.0
0.0
0.0
0.0
0.0
0.0
0.0
0.0
0.0
0.0
0.071872
0.222172
0.42135500000000004
0.5568759999999999
0.6452469999999999
0.6485839999999999
0.6250439999999999
0.563346
0.420639
0.251464
0.0
0.0
0.0
0.0
0.0
0.0
0.0
0.0
0.0
0.0
0.0
0.0
0.0
0.0
0.07585299999999999
0.25184
0.411157
0.49017
0.5656140000000001
0.6384740000000001
0.646524
0.5689099999999999
0.443758
0.271944
0.0
0.0
0.0
0.0
0.0
0.0
0.0
0.0
0.0
0.0
0.0
0.0
0.0
0.0
0.066156
0.223404
0.414228
0.55032
0.620834
0.62924
0.545969
0.396809
0.364064
0.22441
0.0
0.0
0.0
0.0
0.0
0.0
0.0
0.0
0.0
0.0
0.0
0.0
0.0
0.0
0.0039310000000000005
0.09142700000000001
0.258461
0.366938
0.366404
0.368521
0.378481
0.317388
0.298647
0.184617
0.0
0.0
0.0
0.0
0.0
0.0
0.0
0.0
0.0
0.0
0.0
0.0
0.0
0.0
0.025745
0.118604
0.23475200000000002
0.40428
0.36111200000000004
0.329382
0.416744
0.386706
0.293315
0.20952600000000002
0.0
0.0
0.0
0.0
0.0
0.0
0.0
0.0
0.0
0.0
0.0
0.0
0.0
0.0
0.031065000000000002
0.06315
0.13879499999999997
0.21258000000000002
0.208476
0.30724
0.321496
0.349518
0.27313299999999996
0.129522
0.0
0.0
0.0
0.0
0.0
0.0
0.0
0.0
0.0
0.0
0.0
0.0
0.0
0.0
0.031556
0.10103400000000001
0.09131399999999999
0.101963
0.213884
0.274938
0.341322
0.403094
0.32834399999999997
0.181059
0.0
0.0
0.0
0.0
0.0
0.0
0.0
0.0
0.0
0.0
0.0
0.0
0.0
0.0
0.0
0.020068000000000003
0.030372
0.032374
0.063942
0.071285
0.06961
0.067069
0.046793
0.017979
0.0
0.0
0.0
0.0
0.0
0.0
0.0
0.0
0.0
0.0
0.0
0.0
0.0
0.0
0.078625
0.177756
0.310377
0.367232
0.38478199999999996
0.53087
0.615863
0.564705
0.37615699999999996
0.21399700000000002
0.0
0.0
0.0
0.0
0.0
0.0
0.0
0.0
0.0
0.0
0.0
0.0
0.0
0.0
0.072684
0.209308
0.345964
0.459371
0.5399109999999999
0.607724
0.621817
0.529497
0.399173
0.204694
0.0
0.0
0.0
0.0
0.0
0.0
0.0
0.0
0.0
0.0
0.0
0.0
0.0
0.0
0.061112
0.214722
0.370406
0.460062
0.535975
0.615495
0.624166
0.550381
0.41918900000000003
0.23013499999999998
0.0
0.0
0.0
0.0
0.0
0.0
0.0
0.0
0.0
0.0
0.0
0.0
0.0
0.0
0.048051
0.163629
0.30436399999999997
0.292637
0.32106599999999996
0.338354
0.398944
0.359505
0.173814
0.056624
0.0
0.0
0.0
0.0
0.0
0.0
0.0
0.0
0.0
0.0
0.0
0.0
0.0
0.0
0.031456
0.100584
0.094154
0.12422799999999999
0.191844
0.205309
0.126279
0.095169
0.119684
0.082865
0.0
0.0
0.0
0.0
0.0
0.0
0.0
0.0
0.0
0.0
0.0
0.0
0.0
0.0
0.005385
0.086155
0.146543
0.194793
0.257377
0.31357799999999997
0.294668
0.286666
0.252533
0.1195
0.0
0.0
0.0
0.0
0.0
0.0
0.0
0.0
0.0
0.0
0.0
0.0
0.0
0.0
0.055558
0.181407
0.34331799999999996
0.42770400000000003
0.41130399999999995
0.373691
0.44738799999999995
0.32156
0.203141
0.12427200000000001
0.0
0.0
0.0
0.0
0.0
0.0
0.0
0.0
0.0
0.0
0.0
0.0
0.0
0.0
0.039148
0.097551
0.141214
0.29109500000000005
0.273203
0.42506499999999997
0.544661
0.400128
0.246725
0.08826
0.0
0.0
0.0
0.0
0.0
0.0
0.0
0.0
0.0
0.0
0.0
0.0
0.0
0.0
0.012923
0.07912999999999999
0.178209
0.294419
0.344815
0.21335900000000002
0.249267
0.18367699999999998
0.219795
0.131326
0.0
0.0
0.0
0.0
0.0
0.0
0.0
0.0
0.0
0.0
0.0
0.0
0.0
0.0
0.035144
0.16286
0.328589
0.453548
0.501263
0.501422
0.40743
0.37055
0.316815
0.178897
0.0
0.0
0.0
0.0
0.0
0.0
0.0
0.0
0.0
0.0
0.0
0.0
0.0
0.0
0.02985
0.144339
0.261649
0.477891
0.583847
0.623838
0.486447
0.358945
0.307093
0.154591
0.0
0.0
0.0
0.0
0.0
0.0
0.0
0.0
0.0
0.0
0.0
0.0
0.0
0.0
0.038222
0.168517
0.365255
0.451416
0.546661
0.563545
0.5576639999999999
0.506334
0.386897
0.19786099999999998
0.0
0.0
0.0
0.0
0.0
0.0
0.0
0.0
0.0
0.0
0.0
0.0
0.0
0.0
0.035197000000000006
0.203195
0.376957
0.50622
0.5889310000000001
0.616911
0.592015
0.509949
0.37918799999999997
0.189049
0.0
0.0
0.0
0.0
0.0
0.0
0.0
0.0
0.0
0.0
0.0
0.0
0.0
0.0
0.030319
0.11895399999999999
0.219639
0.38766199999999995
0.538381
0.570761
0.571379
0.455978
0.28331799999999996
0.12121599999999999
0.0
0.0
0.0
0.0
0.0
0.0
0.0
0.0
0.0
0.0
0.0
0.0
0.0
0.0
0.033683
0.202383
0.383886
0.512224
0.593828
0.623548
0.5981559999999999
0.5177200000000001
0.383622
0.190633
0.0
0.0
0.0
0.0
0.0
0.0
0.0
0.0
0.0
0.0
0.0
0.0
0.0
0.0
0.009260999999999998
0.13244399999999998
0.234441
0.341864
0.261701
0.205997
0.154682
0.177309
0.131579
0.049615
0.0
0.0
0.0
0.0
0.0
0.0
0.0
0.0
0.0
0.0
0.0
0.0
0.0
0.0
0.0031520000000000003
0.04184
0.147533
0.375574
0.35285700000000003
0.321684
0.28200200000000003
0.19137
0.072617
0.030608
0.0
0.0
0.0
0.0
0.0
0.0
0.0
0.0
0.0
0.0
0.0
0.0
0.0
0.0
0.007474000000000001
0.102005
0.14379
0.183142
0.209251
0.21119900000000003
0.303483
0.32782799999999995
0.23739
0.138033
0.0
0.0
0.0
0.0
0.0
0.0
0.0
0.0
0.0
0.0
0.0
0.0
0.0
0.0
0.011659000000000001
0.12384999999999999
0.13176
0.252049
0.291678
0.17037100000000002
0.21601499999999998
0.195825
0.09751800000000001
0.028624
0.0
0.0
0.0
0.0
0.0
0.0
0.0
0.0
0.0
0.0
0.0
0.0
0.0
0.0
0.0033900000000000002
0.068943
0.14099
0.191445
0.147444
0.188352
0.24534899999999998
0.21528
0.07590999999999999
0.010124000000000001
0.0
0.0
0.0
0.0
0.0
0.0
0.0
0.0
0.0
0.0
0.0
0.0
0.0
0.0
0.016847
0.141757
0.196553
0.401955
0.541089
0.432505
0.329346
0.303269
0.185231
0.040845
0.0
0.0
0.0
0.0
0.0
0.0
0.0
0.0
0.0
0.0
0.0
0.0
0.0
0.0
0.011779999999999999
0.142104
0.30754899999999996
0.411993
0.504688
0.485101
0.5280900000000001
0.42054899999999995
0.231784
0.063689
0.0
0.0
0.0
0.0
0.0
0.0
0.0
0.0
0.0
0.0
0.0
0.0
0.0
0.0
0.01324
0.160704
0.311656
0.468258
0.5661090000000001
0.41334899999999997
0.24737
0.270474
0.178301
0.053649999999999996
0.0
0.0
0.0
0.0
0.0
0.0
0.0
0.0
0.0
0.0
0.0
0.0
0.0
0.0
0.011659000000000001
0.08319599999999999
0.126001
0.195637
0.413538
0.406231
0.313401
0.34031
0.258779
0.06511499999999999
0.0
0.0
0.0
0.0
0.0
0.0
0.0
0.0
0.0
0.0
0.0
0.0
0.0
0.0
0.009942
0.040110999999999994
0.09246599999999999
0.153227
0.147788
0.21908699999999998
0.182948
0.159306
0.06678100000000001
0.022187000000000002
0.0
0.0
0.0
0.0
0.0
0.0
0.0
0.0
0.0
0.0
0.0
0.0
0.0
0.0
0.006787
0.076342
0.06641
0.13129400000000002
0.207542
0.204101
0.226226
0.19994800000000001
0.11355
0.03797
0.0
0.0
0.0
0.0
0.0
0.0
0.0
0.0
0.0
0.0
0.0
0.0
0.0
0.0
0.000249
0.045795999999999996
0.117605
0.134447
0.182062
0.132043
0.115357
0.13568
0.125601
0.052978000000000004
0.0
0.0
0.0
0.0
0.0
0.0
0.0
0.0
0.0
0.0
0.0
0.0
0.0
0.0
0.008388999999999999
0.14318799999999998
0.308287
0.431442
0.540594
0.586743
0.550917
0.446838
0.252467
0.064231
0.0
0.0
0.0
0.0
0.0
0.0
0.0
0.0
0.0
0.0
0.0
0.0
0.0
0.0
0.003274
0.042191
0.039923
0.109784
0.171588
0.13820500000000002
0.071682
0.07368899999999999
0.03977
0.012683
0.0
0.0
0.0
0.0
0.0
0.0
0.0
0.0
0.0
0.0
0.0
0.0
0.0
0.0
0.001813
0.062179000000000005
0.206891
0.249423
0.321745
0.355959
0.31642200000000004
0.27281099999999997
0.25502
0.076634
0.0
0.0
0.0
0.0
0.0
0.0
0.0
0.0
0.0
0.0
0.0
0.0
0.0
0.0
0.008551
0.112386
0.227333
0.293527
0.46057600000000004
0.53937
0.413722
0.310213
0.215431
0.05508
0.0
0.0
0.0
0.0
0.0
0.0
0.0
0.0
0.0
0.0
0.0
0.0
0.0
0.0
0.0033900000000000002
0.063626
0.11434699999999999
0.077659
0.043106
0.045158000000000004
0.065161
0.111499
0.108199
0.052666
0.0
0.0
0.0
0.0
0.0
0.0
0.0
0.0
0.0
0.0
0.0
0.0
0.0
0.0
0.0
0.134369
0.299058
0.44307100000000005
0.5404950000000001
0.576834
0.5413150000000001
0.44038299999999997
0.29077600000000003
0.069446
0.0
0.0
0.0
0.0
0.0
0.0
0.0
0.0
0.0
0.0
0.0
0.0
0.0
0.0
0.0
0.115566
0.286392
0.333535
0.458369
0.438611
0.39747000000000005
0.298223
0.12116299999999999
0.030389
0.0
0.0
0.0
0.0
0.0
0.0
0.0
0.0
0.0
0.0
0.0
0.0
0.0
0.0
0.0
0.10870999999999999
0.283914
0.42907100000000004
0.531085
0.570447
0.48238099999999995
0.391431
0.24201
0.048216
0.0
0.0
0.0
0.0
0.0
0.0
0.0
0.0
0.0
0.0
0.0
0.0
0.0
0.0
0.0
0.11201900000000001
0.161739
0.265115
0.35470999999999997
0.298351
0.24816
0.255624
0.166364
0.034189
0.0
0.0
0.0
0.0
0.0
0.0
0.0
0.0
0.0
0.0
0.0
0.0
0.0
0.0
0.0
0.00216
0.076864
0.117104
0.14610900000000002
0.12293699999999999
0.136297
0.161207
0.12404000000000001
0.041442
0.0
0.0
0.0
0.0
0.0
0.0
0.0
0.0
0.0
0.0
0.0
0.0
0.0
0.0
0.0
0.119842
0.238703
0.347032
0.399463
0.510531
0.5326420000000001
0.398959
0.212393
0.049586
0.0
0.0
0.0
0.0
0.0
0.0
0.0
0.0
0.0
0.0
0.0
0.0
0.0
0.0
0.0
0.091929
0.257021
0.36399400000000004
0.397296
0.44348899999999997
0.49089299999999997
0.43178500000000003
0.290657
0.063691
0.0
0.0
0.0
0.0
0.0
0.0
0.0
0.0
0.0
0.0
0.0
0.0
0.0
0.0
0.0
0.09809999999999999
0.278401
0.421409
0.519651
0.556548
0.519695
0.420998
0.27665100000000004
0.058567999999999995
0.0
0.0
0.0
0.0
0.0
0.0
0.0
0.0
0.0
0.0
0.0
0.0
0.0
0.0
0.0
0.094336
0.272082
0.414006
0.510915
0.546543
0.5104460000000001
0.415388
0.270084
0.0
0.0
0.0
0.0
0.0
0.0
0.0
0.0
0.0
0.0
0.0
0.0
0.0
0.0
0.0
0.0
0.077609
0.26011700000000004
0.388727
0.459794
0.522069
0.473175
0.35447199999999995
0.248674
0.0
0.0
0.0
0.0
0.0
0.0
0.0
0.0
0.0
0.0
0.0
0.0
0.0
0.0
0.0
0.0
0.024308
0.169684
0.30617099999999997
0.358522
0.323949
0.376199
0.392735
0.27785000000000004
0.0
0.0
0.0
0.0
0.0
0.0
0.0
0.0
0.0
0.0
0.0
0.0
0.0
0.0
0.0
0.0
0.061383
0.188618
0.338503
0.446521
0.470752
0.477912
0.415617
0.266269
0.0
0.0
0.0
0.0
0.0
0.0
0.0
0.0
0.0
0.0
0.0
0.0
0.0
0.0
0.0
0.0
0.037927
0.08848
0.23858000000000001
0.256108
0.205291
0.221519
0.282493
0.254264
0.0
0.0
0.0
0.0
0.0
0.0
0.0
0.0
0.0
0.0
0.0
0.0
0.0
0.0
0.0
0.0
0.008345
0.019173
0.046806
0.095861
0.10630800000000001
0.075361
0.029193999999999998
0.004527
0.0
0.0
0.0
0.0
0.0
0.0
0.0
0.0
0.0
0.0
0.0
0.0
0.0
0.0
0.0
0.0
0.028325
0.101869
0.209549
0.243103
0.246285
0.21829300000000001
0.117902
0.05497
0.0
0.0
0.0
0.0
0.0
0.0
0.0
0.0
0.0
0.0
0.0
0.0
0.0
0.0
0.0
0.0
0.008248
0.083998
0.181317
0.29488400000000003
0.37583999999999995
0.44833
0.41871499999999995
0.225176
0.0
0.0
0.0
0.0
0.0
0.0
0.0
0.0
0.0
0.0
0.0
0.0
0.0
0.0
0.0
0.0
0.079678
0.25166900000000003
0.356016
0.471071
0.35062099999999996
0.213631
0.25722300000000003
0.189975
0.0
0.0
0.0
0.0
0.0
0.0
0.0
0.0
0.0
0.0
0.0
0.0
0.0
0.0
0.0
0.0
0.051151
0.15257400000000002
0.303794
0.45456599999999997
0.368729
0.274149
0.32240199999999997
0.21304499999999998
0.0
0.0
0.0
0.0
0.0
0.0
0.0
0.0
0.0
0.0
0.0
0.0
0.0
0.0
0.0
0.0
0.021286000000000003
0.058042
0.099865
0.195144
0.254525
0.206258
0.127646
0.078317
0.0
0.0
0.0
0.0
0.0
0.0
0.0
0.0
0.0
0.0
0.0
0.0
0.0
0.0
0.0
0.0
0.066547
0.20508
0.36339499999999997
0.486665
0.486301
0.421294
0.35646100000000003
0.234321
0.0
0.0
0.0
0.0
0.0
0.0
0.0
0.0
0.0
0.0
0.0
0.0
0.0
0.0
0.0
0.0
0.01267
0.108527
0.257768
0.296422
0.232417
0.18360400000000002
0.146235
0.07346599999999999
0.0
0.0
0.0
0.0
0.0
0.0
0.0
0.0
0.0
0.0
0.0
0.0
0.0
0.0
0.0
0.0
0.06644499999999999
0.232803
0.377637
0.409125
0.461675
0.49943200000000004
0.41160599999999997
0.248994
0.0
0.0
0.0
0.0
0.0
0.0
0.0
0.0
0.0
0.0
0.0
0.0
0.0
0.0
0.0
0.0
0.014715
0.03764
0.068833
0.086103
0.09422499999999999
0.104999
0.07961499999999999
0.032379
0.0
0.0
0.0
0.0
0.0
0.0
0.0
0.0
0.0
0.0
0.0
0.0
0.0
0.0
0.0
0.0
0.001262
0.014237999999999999
0.026701
0.038242
0.035754
0.026396999999999997
0.014247999999999999
0.00443
0.0
0.0
0.0
0.0
0.0
0.0
0.0
0.0
0.0
0.0
0.0
0.0
0.0
0.0
0.0
0.0
0.022835
0.139343
0.193498
0.230827
0.36943200000000004
0.347719
0.26837700000000003
0.241782
0.0
0.0
0.0
0.0
0.0
0.0
0.0
0.0
0.0
0.0
0.0
0.0
0.0
0.0
0.0
0.0
0.054003999999999996
0.22756700000000002
0.37074599999999996
0.474154
0.41972000000000004
0.321718
0.302445
0.236091
0.0
0.0
0.0
0.0
0.0
0.0
0.0
0.0
0.0
0.0
0.0
0.0
0.0
0.0
0.0
0.0
0.039413
0.206334
0.34338
0.393511
0.369856
0.352069
0.28922000000000003
0.167881
0.0
0.0
0.0
0.0
0.0
0.0
0.0
0.0
0.0
0.0
0.0
0.0
0.0
0.0
0.0
0.0
0.024902999999999998
0.138432
0.26031299999999996
0.413422
0.465924
0.376983
0.29509500000000005
0.192652
0.0
0.0
0.0
0.0
0.0
0.0
0.0
0.0
0.0
0.0
0.0
0.0
0.0
0.0
0.0
0.0
0.044996
0.222673
0.36611200000000005
0.469826
0.5125149999999999
0.491043
0.403665
0.27024400000000004
0.0
0.0
0.0
0.0
0.0
0.0
0.0
0.0
0.0
0.0
0.0
0.0
0.0
0.0
0.0
0.0
0.036174
0.15593100000000001
0.21692599999999998
0.33428399999999997
0.459553
0.47196
0.40545
0.26750799999999997
0.0
0.0
0.0
0.0
0.0
0.0
0.0
0.0
0.0
0.0
0.0
0.0
0.0
0.0
0.0
0.0
0.009382999999999999
0.041865
0.10698300000000001
0.15975899999999998
0.151785
0.120237
0.098747
0.076683
0.0
0.0
0.0
0.0
0.0
0.0
0.0
0.0
0.0
0.0
0.0
0.0
0.0
0.0
0.0
0.0
0.031504000000000004
0.157986
0.297865
0.386575
0.34770100000000004
0.32661599999999996
0.26763299999999995
0.126831
0.0
0.0
0.0
0.0
0.0
0.0
0.0
0.0
0.0
0.0
0.0
0.0
0.0
0.0
0.0
0.0
0.025559000000000002
0.103012
0.190561
0.337323
0.409246
0.364646
0.303307
0.207508
0.0
0.0
0.0
0.0
0.0
0.0
0.0
0.0
0.0
0.0
0.0
0.0
0.0
0.0
0.0
0.0
0.007333999999999999
0.038708
0.093464
0.155666
0.24466300000000002
0.282412
0.219096
0.127334
0.0
0.0
0.0
0.0
0.0
0.0
0.0
0.0
0.0
0.0
0.0
0.0
0.0
0.0
0.0
0.0
0.039041
0.213868
0.357073
0.45787
0.493056
0.44088299999999997
0.341955
0.23084100000000002
0.0
0.0
0.0
0.0
0.0
0.0
0.0
0.0
0.0
0.0
0.0
0.0
0.0
0.0
0.0
0.0
0.009507999999999999
0.131075
0.300269
0.32472500000000004
0.378
0.48330900000000004
0.39985000000000004
0.228571
0.0
0.0
0.0
0.0
0.0
0.0
0.0
0.0
0.0
0.0
0.0
0.0
0.0
0.0
0.0
0.0
0.001778
0.016614999999999998
0.029136
0.06701900000000001
0.082883
0.043217
0.033125999999999996
0.013927
0.001349
0.0
0.0
0.0
0.0
0.0
0.0
0.0
0.0
0.0
0.0
0.0
0.0
0.0
0.0
0.0
0.009773
0.072144
0.119024
0.13514199999999998
0.185462
0.259035
0.24856399999999998
0.137004
0.031663000000000004
0.0
0.0
0.0
0.0
0.0
0.0
0.0
0.0
0.0
0.0
0.0
0.0
0.0
0.0
0.0
0.023131
0.141441
0.19812100000000002
0.23546199999999998
0.322561
0.307977
0.261926
0.234174
0.038703
0.0
0.0
0.0
0.0
0.0
0.0
0.0
0.0
0.0
0.0
0.0
0.0
0.0
0.0
0.0
0.02952
0.18168700000000002
0.234276
0.21335300000000001
0.255508
0.30148899999999995
0.27932999999999997
0.14936600000000003
0.05049
0.0
0.0
0.0
0.0
0.0
0.0
0.0
0.0
0.0
0.0
0.0
0.0
0.0
0.0
0.0
0.036182
0.208078
0.352555
0.462852
0.510613
0.492527
0.41384
0.28219
0.06884799999999999
0.0
0.0
0.0
0.0
0.0
0.0
0.0
0.0
0.0
0.0
0.0
0.0
0.0
0.0
0.0
0.032583
0.211839
0.359319
0.414848
0.359499
0.368925
0.40534699999999996
0.263679
0.072295
0.0
0.0
0.0
0.0
0.0
0.0
0.0
0.0
0.0
0.0
0.0
0.0
0.0
0.0
0.0
0.019822
0.164719
0.336687
0.433435
0.456288
0.425394
0.356506
0.214584
0.041491
0.0
0.0
0.0
0.0
0.0
0.0
