0.0
0.0
0.0
0.0
0.0
0.0
0.0
0.0
0.000528
0.141862
0.272566
0.384248
0.430751
0.412996
0.340824
0.207061
0.032716
0.0
0.0
0.0
0.0
0.0
0.0
0.0
0.0
0.0
0.0
0.0
0.0
0.0
0.0
0.0
0.0005909999999999999
0.14359
0.25774400000000003
0.32653899999999997
0.265599
0.341208
0.337538
0.19783099999999998
0.03468
0.0
0.0
0.0
0.0
0.0
0.0
0.0
0.0
0.0
0.0
0.0
0.0
0.0
0.0
0.0
0.000506
0.092969
0.179899
0.207132
0.16512100000000002
0.158797
0.117835
0.064178
0.011775
0.0
0.0
0.0
0.0
0.0
0.0
0.0
0.0
0.0
0.0
0.0
0.0
0.0
0.0
0.0
0.0005290000000000001
0.059512999999999996
0.160747
0.226827
0.24742
0.22845500000000002
0.14910900000000002
0.063946
0.01233
0.0
0.0
0.0
0.0
0.0
0.0
0.0
0.0
0.0
0.0
0.0
0.0
0.0
0.0
0.0
0.0
0.031234
0.086922
0.130645
0.164096
0.230627
0.220708
0.14963900000000002
0.033294
0.0
0.0
0.0
0.0
0.0
0.0
0.0
0.0
0.0
0.0
0.0
0.0
0.0
0.0
0.0
0.000377
0.1266
0.26699599999999996
0.380721
0.423106
0.403735
0.246302
0.066966
0.014079000000000001
0.0
0.0
0.0
0.0
0.0
0.0
0.0
0.0
0.0
0.0
0.0
0.0
0.0
0.0
0.0
0.000423
0.114974
0.257549
0.371961
0.436036
0.413882
0.353694
0.218904
0.04251
0.0
0.0
0.0
0.0
0.0
0.0
0.0
0.0
0.0
0.0
0.0
0.0
0.0
0.0
0.0
0.000905
0.13086699999999998
0.266447
0.40718099999999996
0.470862
0.44041199999999997
0.37417
0.233813
0.051598
0.0
0.0
0.0
0.0
0.0
0.0
0.0
0.0
0.0
0.0
0.0
0.0
0.0
0.0
0.0
0.00046600000000000005
0.101301
0.246827
0.381101
0.438802
0.423613
0.341884
0.220408
0.048163
0.0
0.0
0.0
0.0
0.0
0.0
0.0
0.0
0.0
0.0
0.0
0.0
0.0
0.0
0.0
0.0010689999999999999
0.15046500000000002
0.27301400000000003
0.393034
0.45422199999999996
0.42158300000000004
0.348189
0.223022
0.056875999999999996
0.0
0.0
0.0
0.0
0.0
0.0
0.0
0.0
0.0
0.0
0.0
0.0
0.0
0.0
0.0
0.001046
0.15122300000000002
0.265226
0.333963
0.288908
0.262571
0.223456
0.130689
0.026222000000000002
0.0
0.0
0.0
0.0
0.0
0.0
0.0
0.0
0.0
0.0
0.0
0.0
0.0
0.0
0.0
0.0
0.034826
0.09551000000000001
0.142857
0.178622
0.17358400000000002
0.14038499999999998
0.077056
0.019586
0.0
0.0
0.0
0.0
0.0
0.0
0.0
0.0
0.0
0.0
0.0
0.0
0.0
0.0
0.0
0.0
0.013339
0.03701
0.055237
0.064792
0.062895
0.050535
0.030031
0.0121
0.0
0.0
0.0
0.0
0.0
0.0
0.0
0.0
0.0
0.0
0.0
0.0
0.0
0.0
0.0
0.001297
0.13212100000000002
0.26685899999999996
0.311245
0.173587
0.135502
0.08284
0.031704
0.007997
0.0
0.0
0.0
0.0
0.0
0.0
0.0
0.0
0.0
0.0
0.0
0.0
0.0
0.0
0.0
0.001195
0.115385
0.29362099999999997
0.412841
0.45372
0.44598200000000005
0.34879000000000004
0.186954
0.058301
0.0
0.0
0.0
0.0
0.0
0.0
0.0
0.0
0.0
0.0
0.0
0.0
0.0
0.0
0.0
0.00117
0.117007
0.29601799999999995
0.413374
0.453281
0.44455
0.387403
0.255084
0.072616
0.0
0.0
0.0
0.0
0.0
0.0
0.0
0.0
0.0
0.0
0.0
0.0
0.0
0.0
0.0
0.0017569999999999999
0.12068000000000001
0.299142
0.416029
0.453256
0.451739
0.397266
0.263641
0.076647
0.0
0.0
0.0
0.0
0.0
0.0
0.0
0.0
0.0
0.0
0.0
0.0
0.0
0.0
0.0
0.001974
0.140596
0.304279
0.414195
0.484277
0.48111200000000004
0.408208
0.270969
0.081278
0.0
0.0
0.0
0.0
0.0
0.0
0.0
0.0
0.0
0.0
0.0
0.0
0.0
0.0
0.0
0.0012929999999999999
0.040875
0.13337100000000002
0.229201
0.288472
0.30495
0.254323
0.156992
0.070377
0.0
0.0
0.0
0.0
0.0
0.0
0.0
0.0
0.0
0.0
0.0
0.0
0.0
0.0
0.0
0.002307
0.120575
0.307906
0.441793
0.527342
0.5241269999999999
0.410123
0.283775
0.08946
0.0
0.0
0.0
0.0
0.0
0.0
0.0
0.0
0.0
0.0
0.0
0.0
0.0
0.0
0.0
0.002933
0.123357
0.310291
0.441198
0.522396
0.511007
0.39776100000000003
0.279673
0.09088299999999999
0.0
0.0
0.0
0.0
0.0
0.0
0.0
0.0
0.0
0.0
0.0
0.0
0.0
0.0
0.0
0.0028079999999999997
0.123859
0.30861900000000003
0.439702
0.517794
0.509722
0.40179000000000004
0.283289
0.093732
0.0
0.0
0.0
0.0
0.0
0.0
0.0
0.0
0.0
0.0
0.0
0.0
0.0
0.0
0.0
0.0035099999999999997
0.12807
0.313346
0.43262900000000004
0.5140170000000001
0.509371
0.402252
0.29472000000000004
0.096922
0.0004
0.0
0.0
0.0
0.0
0.0
0.0
0.0
0.0
0.0
0.0
0.0
0.0
0.0
0.0
0.0035110000000000002
0.131207
0.31335199999999996
0.424077
0.518143
0.513597
0.437347
0.298351
0.103708
0.000378
0.0
0.0
0.0
0.0
0.0
0.0
0.0
0.0
0.0
0.0
0.0
0.0
0.0
0.0
0.003961
0.131464
0.31801799999999997
0.430444
0.519451
0.477505
0.394663
0.23799
0.087229
0.0004
0.0
0.0
0.0
0.0
0.0
0.0
0.0
0.0
0.0
0.0
0.0
0.0
0.0
0.0
0.003822
0.139015
0.306207
0.35778699999999997
0.316632
0.236112
0.125357
0.039186
0.044083
0.00027100000000000003
0.0
0.0
0.0
0.0
0.0
0.0
0.0
0.0
0.0
0.0
0.0
0.0
0.0
0.0
0.004228
0.139702
0.313728
0.35069799999999995
0.208937
0.147975
0.094669
0.040262
0.014740999999999999
0.0
0.0
0.0
0.0
0.0
0.0
0.0
0.0
0.0
0.0
0.0
0.0
0.0
0.0
0.0
0.00393
0.133679
0.325363
0.450035
0.5222469999999999
0.521766
0.44363600000000003
0.308774
0.114691
0.001536
0.0
0.0
0.0
0.0
0.0
0.0
0.0
0.0
0.0
0.0
0.0
0.0
0.0
0.0
0.004432
0.137359
0.327882
0.449353
0.493681
0.495731
0.427621
0.312476
0.124987
0.0024609999999999996
0.0
0.0
0.0
0.0
0.0
0.0
0.0
0.0
0.0
0.0
0.0
0.0
0.0
0.0
0.0033959999999999997
0.050895
0.17173
0.312169
0.41865800000000003
0.411214
0.355142
0.254915
0.109613
0.002492
0.0
0.0
0.0
0.0
0.0
0.0
0.0
0.0
0.0
0.0
0.0
0.0
0.0
0.0
0.004602
0.133859
0.301113
0.447338
0.549087
0.5411520000000001
0.466758
0.32935899999999996
0.132963
0.003007
0.0
0.0
0.0
0.0
0.0
0.0
0.0
0.0
0.0
0.0
0.0
0.0
0.0
0.0
0.019379
0.20621
0.404862
0.540434
0.590619
0.580724
0.520813
0.391443
0.19833699999999999
0.007397
0.0
0.0
0.0
0.0
0.0
0.0
0.0
0.0
0.0
0.0
0.0
0.0
0.0
0.0
0.005201
0.081848
0.115758
0.119494
0.089535
0.0877
0.075381
0.053475999999999996
0.024297999999999997
0.0
0.0
0.0
0.0
0.0
0.0
0.0
0.0
0.0
0.0
0.0
0.0
0.0
0.0
0.0
0.00022600000000000002
0.027683
0.056811999999999994
0.077841
0.08965000000000001
0.088759
0.07640000000000001
0.054153
0.025129000000000002
0.0
0.0
0.0
0.0
0.0
0.0
0.0
0.0
0.0
0.0
0.0
0.0
0.0
0.0
0.0
0.0010229999999999998
0.028362
0.057613
0.07858
0.090078
0.08995099999999999
0.077732
0.054792
0.025743
0.0
0.0
0.0
0.0
0.0
0.0
0.0
0.0
0.0
0.0
0.0
0.0
0.0
0.0
0.0
0.027297000000000002
0.219628
0.421056
0.5467329999999999
0.602957
0.588739
0.527448
0.403277
0.221392
0.023571
0.0
0.0
0.0
0.0
0.0
0.0
0.0
0.0
0.0
0.0
0.0
0.0
0.0
0.0
0.035386
0.20358600000000002
0.42667700000000003
0.538867
0.593681
0.604699
0.5359729999999999
0.400747
0.22476400000000002
0.027052
0.0
0.0
0.0
0.0
0.0
0.0
0.0
0.0
0.0
0.0
0.0
0.0
0.0
0.0
0.014126
0.081467
0.163458
0.21514599999999998
0.243018
0.29909199999999997
0.29847500000000005
0.246158
0.142017
0.015775
0.0
0.0
0.0
0.0
0.0
0.0
0.0
0.0
0.0
0.0
0.0
0.0
0.0
0.0
0.039328
0.238309
0.410538
0.530529
0.5615220000000001
0.5739690000000001
0.51875
0.38955
0.224159
0.031391999999999996
0.0
0.0
0.0
0.0
0.0
0.0
0.0
0.0
0.0
0.0
0.0
0.0
0.0
0.0
0.045313
0.250873
0.426498
0.473055
0.252361
0.18496100000000001
0.12332
0.058848
0.030187000000000002
0.001487
0.0
0.0
0.0
0.0
0.0
0.0
0.0
0.0
0.0
0.0
0.0
0.0
0.0
0.0
0.003776
0.032500999999999995
0.061386
0.083008
0.094084
0.143707
0.168019
0.16081299999999998
0.105313
0.013965
0.0
0.0
0.0
0.0
0.0
0.0
0.0
0.0
0.0
0.0
0.0
0.0
0.0
0.0
0.014359
0.08732899999999999
0.15900899999999998
0.223743
0.251344
0.25192
0.221852
0.16636099999999998
0.08296200000000001
0.011196
0.0
0.0
0.0
0.0
0.0
0.0
0.0
0.0
0.0
0.0
0.0
0.0
0.0
0.0
0.004742
0.034784999999999996
0.064764
0.08751
0.09868500000000001
0.099517
0.08732
0.06433799999999999
0.033366
0.00395
0.0
0.0
0.0
0.0
0.0
0.0
0.0
0.0
0.0
0.0
0.0
0.0
0.0
0.0
0.053678
0.26859
0.428723
0.474003
0.403115
0.34119499999999997
0.26419099999999995
0.170047
0.08832999999999999
0.014394
0.0
0.0
0.0
0.0
0.0
0.0
0.0
0.0
0.0
0.0
0.0
0.0
0.0
0.0
0.049193
0.220341
0.319967
0.326125
0.263307
0.401089
0.462218
0.40960199999999997
0.233819
0.040329000000000004
0.0
0.0
0.0
0.0
0.0
0.0
0.0
0.0
0.0
0.0
0.0
0.0
0.0
0.0
0.046668999999999995
0.099455
0.186835
0.243301
0.27097000000000004
0.26968400000000003
0.237067
0.18016900000000002
0.185566
0.045787999999999995
0.0
0.0
0.0
0.0
0.0
0.0
0.0
0.0
0.0
0.0
0.0
0.0
0.0
0.0
0.07054200000000001
0.27604500000000004
0.474904
0.610478
0.678883
0.677563
0.6110019999999999
0.47755200000000003
0.284279
0.062236
0.0
0.0
0.0
0.0
0.0
0.0
0.0
0.0
0.0
0.0
0.0
0.0
0.0
0.0
0.076626
0.288297
0.479272
0.615359
0.678057
0.67352
0.613835
0.483927
0.289315
0.066463
0.0
0.0
0.0
0.0
0.0
0.0
0.0
0.0
0.0
0.0
0.0
0.0
0.0
0.0
0.032389
0.148773
0.261069
0.37837099999999996
0.434052
0.480959
0.45557600000000004
0.37886200000000003
0.243385
0.051463
0.0
0.0
0.0
0.0
0.0
0.0
0.0
0.0
0.0
0.0
0.0
0.0
0.0
0.0
0.08587099999999999
0.30352100000000004
0.505196
0.6181380000000001
0.654188
0.563074
0.395254
0.199706
0.08571
0.014103999999999998
0.0
0.0
0.0
0.0
0.0
0.0
0.0
0.0
0.0
0.0
0.0
0.0
0.0
0.0
0.024812999999999998
0.079709
0.11654099999999999
0.12636
0.111898
0.169238
0.198958
0.19472399999999998
0.086135
0.014915
0.0
0.0
0.0
0.0
0.0
0.0
0.0
0.0
0.0
0.0
0.0
0.0
0.0
0.0
0.025709
0.115608
0.23806899999999998
0.33955
0.43132
0.44482499999999997
0.385341
0.305114
0.23727
0.073402
0.0
0.0
0.0
0.0
0.0
0.0
0.0
0.0
0.0
0.0
0.0
0.0
0.0
0.0
0.092199
0.306831
0.49933999999999995
0.504042
0.296601
0.45944
0.492423
0.446635
0.23603100000000002
0.047254
0.0
0.0
0.0
0.0
0.0
0.0
0.0
0.0
0.0
0.0
0.0
0.0
0.0
0.0
0.103947
0.316058
0.5013690000000001
0.626691
0.693106
0.689587
0.618326
0.49252300000000004
0.30296
0.08282099999999999
0.0
0.0
0.0
0.0
0.0
0.0
0.0
0.0
0.0
0.0
0.0
0.0
0.0
0.0
0.061698
0.19912100000000002
0.322583
0.400003
0.446702
0.5707129999999999
0.588911
0.48789699999999997
0.308099
0.09133
0.0
0.0
0.0
0.0
0.0
0.0
0.0
0.0
0.0
0.0
0.0
0.0
0.0
0.0
0.038694
0.122322
0.20771799999999999
0.26023399999999997
0.29497300000000004
0.29264
0.256848
0.197876
0.091609
0.019252
0.0
0.0
0.0
0.0
0.0
0.0
0.0
0.0
0.0
0.0
0.0
0.0
0.0
0.0
0.09360299999999999
0.312975
0.475906
0.5978479999999999
0.661539
0.6596960000000001
0.595192
0.473187
0.269957
0.067221
0.0
0.0
0.0
0.0
0.0
0.0
0.0
0.0
0.0
0.0
0.0
0.0
0.0
0.0
0.041495
0.12332299999999999
0.205873
0.257084
0.284049
0.288456
0.254707
0.18354900000000002
0.16922800000000002
0.059861
0.0
0.0
0.0
0.0
0.0
0.0
0.0
0.0
0.0
0.0
0.0
0.0
0.0
0.0
0.07301099999999999
0.203944
0.31051799999999996
0.396863
0.451258
0.450677
0.393181
0.299033
0.204316
0.06953
0.0
0.0
0.0
0.0
0.0
0.0
0.0
0.0
0.0
0.0
0.0
0.0
0.0
0.000505
0.107014
0.26266
0.384264
0.461646
0.471545
0.405431
0.322893
0.216297
0.127055
0.042265000000000004
0.0
0.0
0.0
0.0
0.0
0.0
0.0
0.0
0.0
0.0
0.0
0.0
0.0
0.001944
0.132076
0.356935
0.552141
0.674824
0.730866
0.727508
0.6619539999999999
0.535713
0.335748
0.111771
0.0
0.0
0.0
0.0
0.0
0.0
0.0
0.0
0.0
0.0
0.0
0.0
0.0
0.002955
0.13603200000000001
0.364315
0.5512670000000001
0.6571330000000001
0.710585
0.7097060000000001
0.650159
0.5254589999999999
0.32155900000000004
0.089803
0.0
0.0
0.0
0.0
0.0
0.0
0.0
0.0
0.0
0.0
0.0
0.0
0.0
0.002385
0.113205
0.289281
0.400815
0.44587400000000005
0.47047000000000005
0.470097
0.426347
0.31837
0.189857
0.053982999999999996
0.0
0.0
0.0
0.0
0.0
0.0
0.0
0.0
0.0
0.0
0.0
0.0
0.0
0.001365
0.073769
0.146518
0.237702
0.291591
0.32089100000000004
0.318425
0.28568099999999996
0.225858
0.276272
0.11634900000000001
0.000853
0.0
0.0
0.0
0.0
0.0
0.0
0.0
0.0
0.0
0.0
0.0
0.0
0.004711
0.149831
0.375768
0.564894
0.676483
0.718139
0.714118
0.653051
0.522848
0.331672
0.11708199999999999
0.001242
0.0
0.0
0.0
0.0
0.0
0.0
0.0
0.0
0.0
0.0
0.0
0.0
0.003058
0.120464
0.302531
0.418648
0.484779
0.48692799999999997
0.583995
0.5795399999999999
0.511978
0.34679899999999997
0.12285599999999999
0.0016699999999999998
0.0
0.0
0.0
0.0
0.0
0.0
0.0
0.0
0.0
0.0
0.0
0.0
0.005535
0.156625
0.383324
0.5739719999999999
0.6898869999999999
0.74622
0.74361
0.677125
0.5456799999999999
0.36042799999999997
0.127703
0.002156
0.0
0.0
0.0
0.0
0.0
0.0
0.0
0.0
0.0
0.0
0.0
0.0
0.007415
0.15994999999999998
0.381892
0.5615209999999999
0.684781
0.7456349999999999
0.7395729999999999
0.677219
0.5485639999999999
0.36154000000000003
0.133769
0.00262
0.0
0.0
0.0
0.0
0.0
0.0
0.0
0.0
0.0
0.0
0.0
0.0
0.00968
0.16647399999999998
0.379446
0.548907
0.665106
0.709911
0.7097530000000001
0.649113
0.5275420000000001
0.354799
0.129795
0.002532
0.0
0.0
0.0
0.0
0.0
0.0
0.0
0.0
0.0
0.0
0.0
0.0
0.010763
0.166627
0.388717
0.570167
0.672895
0.727564
0.7264660000000001
0.656728
0.522548
0.34774700000000003
0.129771
0.002973
0.0
0.0
0.0
0.0
0.0
0.0
0.0
0.0
0.0
0.0
0.0
0.0
0.012177
0.165349
0.319397
0.45601400000000003
0.5605289999999999
0.609476
0.566379
0.479222
0.351791
0.246988
0.104755
0.002525
0.0
0.0
0.0
0.0
0.0
0.0
0.0
0.0
0.0
0.0
0.0
0.0
0.015058
0.175412
0.395258
0.560729
0.642712
0.5761539999999999
0.576594
0.478027
0.34341000000000005
0.292327
0.13044
0.0038410000000000002
0.0
0.0
0.0
0.0
0.0
0.0
0.0
0.0
0.0
0.0
0.0
0.0
0.017440999999999998
0.18000200000000002
0.393635
0.554978
0.6695599999999999
0.7186130000000001
0.724602
0.664932
0.540709
0.362226
0.14347200000000002
0.004248
0.0
0.0
0.0
0.0
0.0
0.0
0.0
0.0
0.0
0.0
0.0
0.0
0.019934
0.19691499999999998
0.40475599999999995
0.57263
0.681582
0.728956
0.720099
0.656978
0.528876
0.34910599999999997
0.142215
0.0043360000000000004
0.0
0.0
0.0
0.0
0.0
0.0
0.0
0.0
0.0
0.0
0.0
0.0
0.004409
0.066364
0.17484
0.24910300000000002
0.30644
0.333111
0.32964499999999997
0.297017
0.23660499999999998
0.1495
0.063565
0.001259
0.0
0.0
0.0
0.0
0.0
0.0
0.0
0.0
0.0
0.0
0.0
0.0
0.01075
0.085946
0.171025
0.250685
0.309849
0.335281
0.332521
0.300262
0.237977
0.18187799999999998
0.087897
0.003879
0.0
0.0
0.0
0.0
0.0
0.0
0.0
0.0
0.0
0.0
0.0
0.0
0.011989000000000001
0.08574899999999999
0.170409
0.307074
0.41211200000000003
0.50262
0.538625
0.5220309999999999
0.437308
0.261044
0.08816500000000001
0.00181
0.0
0.0
0.0
0.0
0.0
0.0
0.0
0.0
0.0
0.0
0.0
0.0
0.031143999999999998
0.19897800000000002
0.408352
0.5535209999999999
0.6368060000000001
0.6981499999999999
0.713518
0.64774
0.52722
0.34526100000000004
0.133193
0.005692999999999999
0.0
0.0
0.0
0.0
0.0
0.0
0.0
0.0
0.0
0.0
0.0
0.0
0.015323999999999999
0.09067
0.174896
0.261061
0.31206
0.332113
0.32739999999999997
0.299942
0.23928899999999997
0.12775
0.042606000000000005
0.0
0.0
0.0
0.0
0.0
0.0
0.0
0.0
0.0
0.0
0.0
0.0
0.0
0.0054800000000000005
0.038757
0.07481499999999999
0.10616500000000001
0.127235
0.137337
0.135667
0.12217499999999999
0.09817100000000001
0.06510099999999999
0.028363
0.0
0.0
0.0
0.0
0.0
0.0
0.0
0.0
0.0
0.0
0.0
0.0
0.0
0.04157
0.22616399999999998
0.430729
0.591526
0.699322
0.750461
0.733017
0.655141
0.52197
0.32064600000000004
0.12631900000000001
0.007538
0.0
0.0
0.0
0.0
0.0
0.0
0.0
0.0
0.0
0.0
0.0
0.0
0.020957
0.100127
0.18581399999999998
0.363168
0.521974
0.638886
0.63119
0.5740190000000001
0.45011700000000004
0.319914
0.15112
0.011212999999999999
0.0
0.0
0.0
0.0
0.0
0.0
0.0
0.0
0.0
0.0
0.0
0.0
0.04611
0.204692
0.29365600000000003
0.506851
0.6673429999999999
0.74566
0.708167
0.575018
0.377172
0.247412
0.109399
0.008632999999999998
0.0
0.0
0.0
0.0
0.0
0.0
0.0
0.0
0.0
0.0
0.0
0.0
0.023752
0.10332899999999999
0.18909399999999998
0.275729
0.327724
0.353302
0.34833800000000004
0.31264
0.251481
0.160948
0.075519
0.005719
0.0
0.0
0.0
0.0
0.0
0.0
0.0
0.0
0.0
0.0
0.0
0.0
0.030105
0.14293
0.29583
0.398897
0.43917700000000004
0.44691000000000003
0.411882
0.34901299999999996
0.25273
0.31161
0.16416
0.016267
0.0
0.0
0.0
0.0
0.0
0.0
0.0
0.0
0.0
0.0
0.0
0.0
0.057175
0.23111099999999998
0.376347
0.554747
0.6806530000000001
0.768267
0.758552
0.695352
0.562206
0.389608
0.16967500000000002
0.017974
0.0
0.0
0.0
0.0
0.0
0.0
0.0
0.0
0.0
0.0
0.0
0.0
0.061963000000000004
0.24478
0.374663
0.445113
0.41830599999999996
0.35492
0.353949
0.322158
0.26047000000000003
0.205653
0.108382
0.013888999999999999
0.0
0.0
0.0
0.0
0.0
0.0
0.0
0.0
0.0
0.0
0.0
0.0
0.049913
0.155775
0.199648
0.33837
0.44589999999999996
0.538081
0.5294679999999999
0.481208
0.392215
0.236824
0.097804
0.009981
0.0
0.0
0.0
0.0
0.0
0.0
0.0
0.0
0.0
0.0
0.0
0.0
0.034162
0.116775
0.20299799999999998
0.288596
0.341712
0.36622899999999997
0.36121
0.323943
0.262912
0.17369900000000002
0.084767
0.011007999999999999
0.0
0.0
0.0
0.0
0.0
0.0
0.0
0.0
0.0
0.0
0.0
0.0
0.072262
0.26549700000000004
0.47389600000000004
0.634894
0.741827
0.7858930000000001
0.768025
0.697721
0.562697
0.404206
0.17119900000000002
0.018076000000000002
0.0
0.0
0.0
0.0
0.0
0.0
0.0
0.0
0.0
0.0
0.0
0.0
0.07444100000000001
0.271938
0.479527
0.636735
0.734101
0.769965
0.76824
0.7057709999999999
0.5803830000000001
0.387819
0.156262
0.011767
0.0
0.0
0.0
0.0
0.0
0.0
0.0
0.0
0.0
0.0
0.0
0.0
0.023485
0.10211
0.218091
0.347187
0.45170499999999997
0.5385800000000001
0.47654199999999997
0.377405
0.26364299999999996
0.175808
0.08667
0.012512
0.0
0.0
0.0
0.0
0.0
0.0
0.0
0.0
0.0
0.0
0.0
0.0
0.03915
0.12248099999999999
0.215057
0.240447
0.210175
0.150254
0.14776599999999998
0.13273
0.107876
0.07398
0.035758000000000005
0.003992
0.0
0.0
0.0
0.0
0.0
0.0
0.0
0.0
0.0
0.0
0.0
0.0
0.067923
0.20496
0.31791
0.46841000000000005
0.5940979999999999
0.65795
0.6118669999999999
0.525672
0.385865
0.315469
0.165368
0.028162
0.0
0.0
0.0
0.0
0.0
0.0
0.0
0.0
0.0
0.0
0.0
0.0
0.043289
0.127675
0.218829
0.293541
0.343971
0.36673500000000003
0.361882
0.325728
0.264646
0.30788600000000005
0.180848
0.030091999999999997
0.0
0.0
0.0
0.0
0.0
0.0
0.0
0.0
0.0
0.0
0.0
0.0
0.079494
0.270275
0.470983
0.588934
0.5702670000000001
0.365888
0.355819
0.322121
0.264809
0.176574
0.089424
0.016176
0.0
0.0
0.0
0.0
0.0
0.0
0.0
0.0
0.0
0.0
0.0
0.0
0.047282
0.131943
0.216981
0.29929199999999995
0.350068
0.375083
0.36724599999999996
0.330685
0.26810300000000004
0.149117
0.058563000000000004
0.0055119999999999995
0.0
0.0
0.0
0.0
0.0
0.0
0.0
0.0
0.0
0.0
0.0
0.0
0.019235
0.056599
0.09330200000000001
0.122845
0.14388900000000002
0.153254
0.150195
0.135095
0.110167
0.07672799999999999
0.038628
0.006229
0.0
0.0
0.0
0.0
0.0
0.0
0.0
0.0
0.0
0.0
0.0
0.0
0.019986
0.057141
0.09309999999999999
0.182347
0.273044
0.36405
0.28244400000000003
0.200431
0.11051000000000001
0.115604
0.077253
0.019247
0.0
0.0
0.0
0.0
0.0
0.0
0.0
0.0
0.0
0.0
0.0
0.002562
0.101184
0.299573
0.5039440000000001
0.646181
0.7096
0.677556
0.712527
0.6859149999999999
0.578302
0.409204
0.19915100000000002
0.036465000000000004
0.0
0.0
0.0
0.0
0.0
0.0
0.0
0.0
0.0
0.0
0.0
0.003611
0.10721
0.305418
0.497697
0.642422
0.725979
0.7773880000000001
0.769567
0.700663
0.577991
0.406202
0.198696
0.037052
0.0
0.0
0.0
0.0
0.0
0.0
0.0
0.0
0.0
0.0
0.0
0.000307
0.057874
0.145245
0.237589
0.367419
0.467185
0.54348
0.632279
0.616519
0.5449400000000001
0.40128800000000003
0.204299
0.042296999999999994
0.0
0.0
0.0
0.0
0.0
0.0
0.0
0.0
0.0
0.0
0.0
0.005261999999999999
0.110607
0.25704899999999997
0.246381
0.410719
0.588725
0.676828
0.70938
0.674452
0.569372
0.407069
0.203196
0.043917000000000005
0.0
0.0
0.0
0.0
0.0
0.0
0.0
0.0
0.0
0.0
0.0
0.006849999999999999
0.1177
0.322375
0.517601
0.668375
0.7573300000000001
0.786691
0.767248
0.713427
0.5881219999999999
0.41913
0.20822200000000002
0.044648
0.0
0.0
0.0
0.0
0.0
0.0
0.0
0.0
0.0
0.0
0.0
0.007921000000000001
0.12029300000000001
0.320904
0.519695
0.659447
0.72168
0.767875
0.7613300000000001
0.714856
0.590139
0.418033
0.208399
0.045573
0.0
0.0
0.0
0.0
0.0
0.0
0.0
0.0
0.0
0.0
0.0
0.008761
0.12450499999999999
0.323445
0.509644
0.652559
0.723428
0.777123
0.770323
0.700323
0.585609
0.41431
0.209769
0.047384
0.0
0.0
0.0
0.0
0.0
0.0
0.0
0.0
0.0
0.0
0.0
0.010265
0.12715300000000002
0.323184
0.514393
0.6553329999999999
0.745623
0.781613
0.768621
0.7080299999999999
0.586506
0.419567
0.211733
0.047154
0.0
0.0
0.0
0.0
0.0
0.0
0.0
0.0
0.0
0.0
0.0
0.012166
0.12941999999999998
0.32279
0.479748
0.6313840000000001
0.738026
0.7792039999999999
0.763106
0.703823
0.579182
0.415324
0.209756
0.047096
0.0
0.0
0.0
0.0
0.0
0.0
0.0
0.0
0.0
0.0
0.0
0.000236
0.06969199999999999
0.227191
0.42431
0.5891839999999999
0.702073
0.754969
0.7297440000000001
0.67549
0.5497029999999999
0.36715
0.173353
0.040442
0.0
0.0
0.0
0.0
0.0
0.0
0.0
0.0
0.0
0.0
0.0
0.012941000000000001
0.105284
0.20486000000000001
0.24337299999999998
0.313915
0.359784
0.375455
0.36733499999999997
0.329972
0.273327
0.19559100000000001
0.105952
0.029269
0.0
0.0
0.0
0.0
0.0
0.0
0.0
0.0
0.0
0.0
0.0
0.017283
0.137213
0.33521100000000004
0.521282
0.661001
0.7264769999999999
0.781628
0.758188
0.659255
0.497302
0.355662
0.184083
0.047341
0.0
0.0
0.0
0.0
0.0
0.0
0.0
0.0
0.0
0.0
0.0
0.013680999999999999
0.106109
0.240791
0.371338
0.418449
0.421136
0.38166300000000003
0.373033
0.341059
0.281992
0.195383
0.109599
0.032146
0.0
0.0
0.0
0.0
0.0
0.0
0.0
0.0
0.0
0.0
0.0
0.020571000000000002
0.14297900000000002
0.3413
0.514462
0.648137
0.7278479999999999
0.735555
0.7306889999999999
0.668335
0.5741069999999999
0.391159
0.189102
0.045624000000000005
0.0
0.0
0.0
0.0
0.0
0.0
0.0
0.0
0.0
0.0
0.0
0.011005000000000001
0.078554
0.164819
0.252194
0.320706
0.369666
0.388427
0.38203
0.345481
0.28386
0.165833
0.071779
0.012964
0.0
0.0
0.0
0.0
0.0
0.0
0.0
0.0
0.0
0.0
0.0
0.011851
0.080035
0.16525600000000001
0.253881
0.461146
0.642415
0.7317
0.66035
0.496191
0.280883
0.19803700000000002
0.113292
0.034391
0.0
0.0
0.0
0.0
0.0
0.0
0.0
0.0
0.0
0.0
0.0
0.013571999999999999
0.118583
0.307595
0.507107
0.639337
0.6934389999999999
0.681644
0.727494
0.6953239999999999
0.5905320000000001
0.409599
0.185285
0.03596
0.0
0.0
0.0
0.0
0.0
0.0
0.0
0.0
0.0
0.0
0.0
0.020962
0.138643
0.342375
0.523417
0.65812
0.75252
0.747989
0.750092
0.668572
0.5727599999999999
0.416823
0.22115
0.060148
0.0
0.0
0.0
0.0
0.0
0.0
0.0
0.0
0.0
0.0
0.0
0.015594
0.083453
0.167304
0.24894999999999998
0.26998200000000006
0.229876
0.164717
0.161322
0.14574600000000001
0.120547
0.129803
0.096622
0.037513
0.0
0.0
0.0
0.0
0.0
0.0
0.0
0.0
0.0
0.0
0.0
0.016408000000000002
0.085575
0.17187
0.261239
0.328237
0.373256
0.39302699999999996
0.302906
0.21378999999999998
0.119845
0.08730299999999999
0.050202
0.015158
0.0
0.0
0.0
0.0
0.0
0.0
0.0
0.0
0.0
0.0
0.0
0.017967
0.088087
0.171747
0.256676
0.373029
0.48052999999999996
0.560287
0.667122
0.657285
0.575938
0.425512
0.228196
0.06634699999999999
0.000631
0.0
0.0
0.0
0.0
0.0
0.0
0.0
0.0
0.0
0.0
0.019591
0.09054999999999999
0.176302
0.26147699999999996
0.321259
0.36977
0.38999700000000004
0.38456999999999997
0.346537
0.291356
0.20754499999999998
0.121196
0.042364
0.000712
0.0
0.0
0.0
0.0
0.0
0.0
0.0
0.0
0.0
0.0
0.007104
0.059798000000000004
0.149011
0.267519
0.417084
0.561889
0.645868
0.6751159999999999
0.610851
0.5641670000000001
0.367267
0.17335599999999998
0.043219
0.0
0.0
0.0
0.0
0.0
0.0
0.0
0.0
0.0
0.0
0.0
0.022015
0.109143
0.241209
0.381527
0.48555000000000004
0.5514779999999999
0.5819310000000001
0.5658390000000001
0.514714
0.42911099999999996
0.342887
0.20588399999999998
0.068455
0.00111
0.0
0.0
0.0
0.0
0.0
0.0
0.0
0.0
0.0
0.0
0.037579
0.16931200000000002
0.361137
0.528316
0.660899
0.735687
0.789875
0.772192
0.7012809999999999
0.582708
0.405276
0.205791
0.058954
0.001083
0.0
0.0
0.0
0.0
0.0
0.0
0.0
0.0
0.0
0.0
0.008671
0.041739
0.078706
0.113062
0.14010499999999998
0.157675
0.165929
0.16270099999999998
0.147457
0.38619400000000004
0.384485
0.233314
0.072108
0.001971
0.0
0.0
0.0
0.0
0.0
0.0
0.0
0.0
0.0
0.0
0.024710999999999997
0.09659000000000001
0.18193299999999998
0.26743
0.333005
0.376172
0.39522199999999996
0.516062
0.543218
0.504796
0.328866
0.161603
0.046503
0.0
0.0
0.0
0.0
0.0
0.0
0.0
0.0
0.0
0.0
0.0
0.009122
0.041956
0.079418
0.113788
0.17652
0.23612200000000003
0.283292
0.311625
0.314045
0.29275
0.210798
0.12577
0.047248
0.0
0.0
0.0
0.0
0.0
0.0
0.0
0.0
0.0
0.0
0.0
0.026564
0.09691
0.182077
0.267628
0.389635
0.491205
0.565667
0.585794
0.565232
0.49788600000000005
0.366856
0.20842
0.07040300000000001
0.001938
0.0
0.0
0.0
0.0
0.0
0.0
0.0
0.0
0.0
0.0
0.027681
0.124882
0.283298
0.453172
0.5556989999999999
0.616888
0.658116
0.593924
0.44245
0.288434
0.21074
0.125315
0.048329000000000004
6.4e-05
0.0
0.0
0.0
0.0
0.0
0.0
0.0
0.0
0.0
0.0
0.044829999999999995
0.17652500000000002
0.351045
0.489421
0.56739
0.589647
0.569507
0.589737
0.573025
0.510047
0.330778
0.165578
0.050124
0.00017
0.0
0.0
0.0
0.0
0.0
0.0
0.0
0.0
0.0
0.0
0.039476
0.140305
0.268781
0.391809
0.49742000000000003
0.563558
0.616574
0.629223
0.585465
0.506059
0.331656
0.16628
0.050551
0.000593
0.0
0.0
0.0
0.0
0.0
0.0
0.0
0.0
0.0
0.0
0.030794000000000002
0.103437
0.186988
0.274475
0.33974
0.381604
0.40366399999999997
0.28339
0.151323
0.127145
0.094773
0.057811
0.021280999999999998
0.0
0.0
0.0
0.0
0.0
0.0
0.0
0.0
0.0
0.0
0.0
0.048712000000000005
0.186636
0.363656
0.479005
0.5623630000000001
0.585755
0.576746
0.6476430000000001
0.6410520000000001
0.568626
0.393373
0.20986600000000002
0.069893
0.0040869999999999995
0.0
0.0
0.0
0.0
0.0
0.0
0.0
0.0
0.0
0.0
0.049841
0.188689
0.37485399999999997
0.51605
0.5884020000000001
0.642482
0.62287
0.5599500000000001
0.433927
0.29141500000000004
0.212718
0.131938
0.053912
0.003379
0.0
0.0
0.0
0.0
0.0
0.0
0.0
0.0
0.0
0.0
0.051077
0.18776099999999998
0.376134
0.537164
0.665683
0.754358
0.7905209999999999
0.7754289999999999
0.70485
0.5957100000000001
0.439701
0.251858
0.08562900000000001
0.007822
0.0
0.0
0.0
0.0
0.0
0.0
0.0
0.0
0.0
0.0
0.033686999999999995
0.106413
0.190153
0.27431599999999995
0.338718
0.38285800000000003
0.402846
0.39184399999999997
0.35730700000000004
0.298284
0.18237299999999998
0.08702599999999999
0.022719999999999997
0.0
0.0
0.0
0.0
0.0
0.0
0.0
0.0
0.0
0.0
0.0
0.013096
0.047097
0.084261
0.11783
0.214159
0.30956599999999995
0.400303
0.39139100000000004
0.355545
0.29862299999999997
0.21771000000000001
0.135396
0.056283
0.0017430000000000002
0.0
0.0
0.0
0.0
0.0
0.0
0.0
0.0
0.0
0.0
0.025543
0.09062
0.177225
0.276557
0.401326
0.505038
0.585955
0.5166839999999999
0.422588
0.301814
0.344375
0.23869100000000001
0.08971
0.00939
0.0
0.0
0.0
0.0
0.0
0.0
0.0
0.0
0.0
0.0
0.035970999999999996
0.15717699999999998
0.350997
0.530563
0.6294
0.747197
0.775713
0.742389
0.6432469999999999
0.51188
0.33805399999999997
0.17569300000000002
0.058487000000000004
0.007726
0.0
0.0
0.0
0.0
0.0
0.0
0.0
0.0
0.0
0.0
0.047445999999999995
0.158973
0.31336
0.472769
0.604889
0.702518
0.75003
0.7739640000000001
0.365726
0.30084500000000003
0.43094499999999997
0.257996
0.090005
0.011583999999999999
0.0
0.0
0.0
0.0
0.0
0.0
0.0
0.0
0.0
0.000713
0.056532
0.19528600000000002
0.38414299999999996
0.545967
0.670299
0.738475
0.7562329999999999
0.752394
0.695783
0.591994
0.41801499999999997
0.22728800000000002
0.077309
0.00991
0.0
0.0
0.0
0.0
0.0
0.0
0.0
0.0
0.0
0.000714
0.056124
0.18129699999999999
0.319103
0.39166500000000004
0.487284
0.538676
0.574535
0.533307
0.464011
0.372838
0.259438
0.15037
0.061196
0.006772
0.0
0.0
0.0
0.0
0.0
0.0
0.0
0.0
0.0
0.0
0.026338
0.10327700000000001
0.21856
0.353948
0.487414
0.599511
0.662731
0.674997
0.644258
0.556616
0.421194
0.252508
0.093684
0.014483000000000001
0.0
0.0
0.0
0.0
0.0
0.0
0.0
0.0
0.0
0.00111
0.054051
0.193906
0.381774
0.5475460000000001
0.67245
0.749042
0.783231
0.75313
0.6780750000000001
0.5611710000000001
0.407682
0.236224
0.089265
0.012305
0.0
0.0
0.0
0.0
0.0
0.0
0.0
0.0
0.0
0.000203
0.046302
0.139848
0.22408799999999998
0.27304
0.328259
0.37434100000000003
0.394318
0.450855
0.459173
0.423026
0.29179
0.162321
0.062439
0.00966
0.0
0.0
0.0
0.0
0.0
0.0
0.0
0.0
0.0
0.0
0.039644
0.16739500000000002
0.366199
0.548817
0.683684
0.756746
0.786587
0.7689109999999999
0.702333
0.5823659999999999
0.416653
0.22908099999999998
0.080646
0.014766999999999999
0.0
0.0
0.0
0.0
0.0
0.0
0.0
0.0
0.0
0.0
0.039844000000000004
0.11299899999999999
0.19511
0.275972
0.522007
0.6987720000000001
0.782945
0.718408
0.5508379999999999
0.30220199999999997
0.227433
0.14288
0.063708
0.012267
0.0
0.0
0.0
0.0
0.0
0.0
0.0
0.0
0.0
0.001503
0.059871
0.183489
0.319624
0.39215300000000003
0.489219
0.5464629999999999
0.57357
0.479045
0.414948
0.299673
0.292192
0.21075899999999997
0.09163299999999999
0.018126
0.0
0.0
0.0
0.0
0.0
0.0
0.0
0.0
0.0
0.002002
0.061346
0.202209
0.392082
0.558982
0.6827709999999999
0.754638
0.77651
0.759987
0.697943
0.598349
0.44976299999999997
0.265192
0.098971
0.019363
0.0
0.0
0.0
0.0
0.0
0.0
0.0
0.0
0.0
0.0020310000000000003
0.062067
0.199632
0.38049400000000005
0.5416810000000001
0.6573239999999999
0.74036
0.769066
0.753846
0.704761
0.595603
0.44629399999999997
0.26671100000000003
0.100824
0.020215
0.0
0.0
0.0
0.0
0.0
0.0
0.0
0.0
0.0
0.002021
0.062905
0.20070500000000002
0.376337
0.536945
0.664025
0.7459
0.7753089999999999
0.757578
0.6992619999999999
0.597472
0.44793
0.267927
0.103768
0.021054
0.0
0.0
0.0
0.0
0.0
0.0
0.0
0.0
0.0
0.001565
0.058598
0.185807
0.34359500000000004
0.467231
0.613556
0.717138
0.7693540000000001
0.7573
0.692884
0.586604
0.428346
0.248451
0.095682
0.019301
0.0
0.0
0.0
0.0
0.0
0.0
0.0
0.0
0.0
0.0
0.042290999999999995
0.113986
0.194209
0.272843
0.333994
0.377821
0.396387
0.39111
0.357997
0.30030399999999996
0.223986
0.14531
0.068127
0.013978999999999998
0.0
0.0
0.0
0.0
0.0
0.0
0.0
0.0
0.0
0.002029
0.053055
0.15478299999999998
0.27258
0.38693900000000003
0.428467
0.441365
0.397402
0.45667899999999995
0.454583
0.417481
0.314756
0.200296
0.087203
0.019286
0.0
0.0
0.0
0.0
0.0
0.0
0.0
0.0
0.0
0.001031
0.048038
0.1695
0.33204500000000003
0.479844
0.590822
0.64658
0.6610090000000001
0.562922
0.458243
0.297538
0.219893
0.142487
0.06710200000000001
0.011111000000000001
0.0
0.0
0.0
0.0
0.0
0.0
0.0
0.0
0.0
0.0
0.042938000000000004
0.116104
0.197603
0.276634
0.32938799999999996
0.377672
0.400791
0.456995
0.46612
0.430517
0.303184
0.170579
0.0702
0.011437
0.0
0.0
0.0
0.0
0.0
0.0
0.0
0.0
0.0
0.002419
0.063628
0.20159100000000002
0.388952
0.55167
0.667587
0.713482
0.671098
0.6980839999999999
0.648215
0.569764
0.43667
0.269075
0.107307
0.023108
0.0
0.0
0.0
0.0
0.0
0.0
0.0
0.0
0.0
0.0027930000000000003
0.059256
0.201183
0.38694
0.548318
0.670399
0.738094
0.7300650000000001
0.7219180000000001
0.6650560000000001
0.564708
0.42374900000000004
0.259032
0.104806
0.023592
0.0
0.0
0.0
0.0
0.0
0.0
0.0
0.0
0.0
0.0
0.043366
0.114856
0.19631800000000002
0.276844
0.517805
0.6922050000000001
0.767366
0.764261
0.7016939999999999
0.599938
0.454781
0.27732999999999997
0.10927200000000001
0.023317
0.0
0.0
0.0
0.0
0.0
0.0
0.0
0.0
0.0
0.002902
0.065084
0.205486
0.39254300000000003
0.556628
0.681138
0.763525
0.792667
0.77792
0.709347
0.599795
0.450671
0.27734699999999995
0.11051699999999999
0.024209
0.0
0.0
0.0
0.0
0.0
0.0
0.0
0.0
0.0
0.002903
0.064765
0.203107
0.387036
0.551209
0.673809
0.7495040000000001
0.787
0.78372
0.724136
0.613874
0.464021
0.283384
0.111511
0.024587
0.0
0.0
0.0
0.0
0.0
0.0
0.0
0.0
0.0
0.002419
0.060954999999999995
0.17516900000000002
0.303465
0.396292
0.439627
0.441724
0.40497500000000003
0.333298
0.228682
0.133082
0.102551
0.066747
0.031604
0.003943
0.0
0.0
0.0
0.0
0.0
0.0
0.0
0.0
0.0
0.0
0.017511
0.075679
0.16395099999999999
0.276818
0.389151
0.488576
0.565905
0.663394
0.639304
0.584875
0.431466
0.26054700000000003
0.105476
0.025051999999999998
0.0
0.0
0.0
0.0
0.0
0.0
0.0
0.0
0.0
0.002897
0.05993
0.198137
0.37832499999999997
0.5198959999999999
0.652221
0.738501
0.7768780000000001
0.7628440000000001
0.711429
0.598838
0.44443099999999996
0.25413800000000003
0.09328199999999999
0.023109
0.0
0.0
0.0
0.0
0.0
0.0
0.0
0.0
0.0
0.001082
0.049531
0.144986
0.227962
0.276315
0.335668
0.376332
0.395371
0.38819099999999995
0.360261
0.30888
0.233598
0.155067
0.074916
0.018118
0.0
0.0
0.0
0.0
0.0
0.0
0.0
0.0
0.0
0.002933
0.05923
0.19667400000000002
0.370651
0.521732
0.65787
0.718785
0.7271749999999999
0.731286
0.6705059999999999
0.588112
0.451396
0.280339
0.113106
0.02418
0.0
0.0
0.0
0.0
0.0
0.0
0.0
0.0
0.0
0.0024159999999999997
0.049108
0.177544
0.355279
0.518451
0.600841
0.5726559999999999
0.39396499999999995
0.389656
0.356811
0.304752
0.356483
0.26119099999999995
0.112393
0.027192
0.0
0.0
0.0
0.0
0.0
0.0
0.0
0.0
0.0
0.002897
0.05964
0.19378
0.33422
0.377038
0.430022
0.437905
0.39795400000000003
0.39107400000000003
0.35131799999999996
0.301242
0.230172
0.151975
0.075131
0.015799
0.0
0.0
0.0
0.0
0.0
0.0
0.0
0.0
0.0
0.0
0.042684
0.165238
0.3492
0.5169900000000001
0.649245
0.737538
0.776481
0.765807
0.712197
0.606361
0.45101600000000003
0.249696
0.07481
0.026281
0.0
0.0
0.0
0.0
0.0
0.0
0.0
0.0
0.0
0.0
0.017185
0.094902
0.223452
0.38167
0.43202300000000005
0.440536
0.398187
0.393515
0.357819
0.306464
0.232956
0.15403999999999998
0.075916
0.019406
0.0
0.0
0.0
0.0
0.0
0.0
0.0
0.0
0.0
0.0
0.017071000000000003
0.074017
0.161631
0.269654
0.33211599999999997
0.375181
0.39277100000000004
0.389375
0.358828
0.3015
0.266947
0.19286699999999998
0.098872
0.027667
0.0
0.0
0.0
0.0
0.0
0.0
0.0
0.0
0.0
0.000662
0.043254
0.129605
0.25055299999999997
0.375269
0.43893400000000005
0.435017
0.39662400000000003
0.513736
0.544541
0.5211699999999999
0.356844
0.196217
0.07646299999999999
0.016547999999999997
0.0
0.0
0.0
0.0
0.0
0.0
0.0
0.0
0.0
0.000116
0.051525
0.149897
0.266452
0.375189
0.46551600000000004
0.5257390000000001
0.565312
0.662322
0.656644
0.5918329999999999
0.43493200000000004
0.250441
0.096857
0.028547
0.0
0.0
0.0
0.0
0.0
0.0
0.0
0.0
0.0
0.002353
0.057307000000000004
0.194982
0.36651
0.530158
0.6588200000000001
0.750301
0.786621
0.7778630000000001
0.715727
0.608217
0.462017
0.28854599999999997
0.116812
0.026525
0.0
0.0
0.0
0.0
0.0
0.0
0.0
0.0
0.0
0.0022589999999999997
0.056068
0.18809700000000001
0.360086
0.508691
0.631463
0.714368
0.736706
0.732066
0.686163
0.583816
0.443965
0.276781
0.11639400000000001
0.027858
0.0
0.0
0.0
0.0
0.0
0.0
0.0
0.0
0.0
0.002197
0.055154
0.19072999999999998
0.366662
0.519377
0.635792
0.713024
0.741668
0.75158
0.693315
0.593345
0.446289
0.27387599999999995
0.114141
0.02802
0.0
0.0
0.0
0.0
0.0
0.0
0.0
0.0
0.0
0.0014119999999999998
0.050053
0.161692
0.325527
0.483108
0.5853579999999999
0.672629
0.7073769999999999
0.665531
0.591938
0.47039299999999995
0.32732100000000003
0.183463
0.07545
0.016783000000000003
0.0
0.0
0.0
0.0
0.0
0.0
0.0
0.0
0.0
0.002258
0.055922
0.183022
0.35720999999999997
0.506792
0.6305069999999999
0.713012
0.752777
0.727041
0.619337
0.42886399999999997
0.26815
0.128246
0.032734
0.013309
0.0
0.0
0.0
0.0
0.0
0.0
0.0
0.0
0.0
0.0
0.039618
0.157785
0.34086
0.509243
0.63388
0.715346
0.742687
0.745094
0.6864260000000001
0.5866269999999999
0.452295
0.283005
0.116038
0.028116
0.0
0.0
0.0
0.0
0.0
0.0
0.0
0.0
0.0
0.000954
0.049055999999999995
0.134518
0.21569300000000002
0.263592
0.381517
0.480094
0.5605180000000001
0.550577
0.491907
0.42039800000000005
0.296962
0.17497900000000002
0.075714
0.01984
0.0
0.0
0.0
0.0
0.0
0.0
0.0
0.0
0.0
0.001822
0.055365000000000004
0.167443
0.293854
0.364679
0.5744389999999999
0.698369
0.752221
0.739544
0.686317
0.587136
0.444878
0.268146
0.109033
0.026036
0.0
0.0
0.0
0.0
0.0
0.0
0.0
0.0
0.0
0.0015
0.055701
0.168701
0.278178
0.263502
0.489922
0.660482
0.746426
0.747703
0.691542
0.606341
0.463495
0.288008
0.12153900000000001
0.028417
0.0
0.0
0.0
0.0
0.0
0.0
0.0
0.0
0.0
0.001445
0.052273
0.18016200000000002
0.35776100000000005
0.513864
0.638173
0.70299
0.749394
0.733323
0.694173
0.589481
0.454281
0.285516
0.117201
0.027943000000000003
0.0
0.0
0.0
0.0
0.0
0.0
0.0
0.0
0.0
0.001446
0.054267
0.168315
0.278036
0.26560199999999995
0.322534
0.365831
0.389464
0.384697
0.348634
0.29948
0.19225899999999999
0.09920699999999999
0.032238
0.005107
0.0
0.0
0.0
0.0
0.0
0.0
0.0
0.0
0.0
0.0
0.013994
0.046005000000000004
0.08061
0.113155
0.20478
0.30679199999999995
0.388781
0.384884
0.35535700000000003
0.305024
0.228233
0.152234
0.07615999999999999
0.026943
0.0
0.0
0.0
0.0
0.0
0.0
0.0
0.0
0.0
0.001006
0.050991999999999996
0.180209
0.358802
0.511818
0.6461079999999999
0.72691
0.757535
0.762287
0.7033579999999999
0.5995170000000001
0.453531
0.282725
0.118432
0.027777
0.0
0.0
0.0
0.0
0.0
0.0
0.0
0.0
0.0
0.000983
0.049987000000000004
0.17821
0.355976
0.5140119999999999
0.637473
0.718596
0.751586
0.740392
0.675494
0.5832609999999999
0.448446
0.277854
0.11716599999999999
0.027419
0.0
0.0
0.0
0.0
0.0
0.0
0.0
0.0
0.0
0.0005250000000000001
0.048828
0.176491
0.355932
0.516459
0.6384299999999999
0.712492
0.739503
0.758153
0.701572
0.597459
0.452894
0.283056
0.118422
0.027411
0.0
0.0
0.0
0.0
0.0
0.0
0.0
0.0
0.0
0.0
0.034724
0.11631999999999999
0.23683099999999999
0.363088
0.421605
0.41581799999999997
0.38029399999999997
0.378212
0.34704399999999996
0.297987
0.228647
0.151792
0.074553
0.022687000000000002
0.0
0.0
0.0
0.0
0.0
0.0
0.0
0.0
0.0
0.0
0.034094
0.10263599999999999
0.18149600000000002
0.256303
0.31969200000000003
0.361742
0.38077300000000003
0.440229
0.453793
0.430739
0.29574
0.17119900000000002
0.074059
0.023443000000000002
0.0
0.0
0.0
0.0
0.0
0.0
0.0
0.0
0.0
0.00014000000000000001
0.04815
0.171173
0.351143
0.511725
0.6340800000000001
0.725493
0.756934
0.756124
0.689076
0.5979289999999999
0.456179
0.28055
0.116482
0.026635000000000002
0.0
0.0
0.0
0.0
0.0
0.0
0.0
0.0
0.0
0.0
0.033574
0.149434
0.332538
0.501964
0.628776
0.719708
0.763396
0.75742
0.7035629999999999
0.6016549999999999
0.456108
0.273874
0.107122
0.025598
0.0
0.0
0.0
0.0
0.0
0.0
0.0
0.0
0.0
0.00014099999999999998
0.047187
0.172018
0.349137
0.505977
0.63347
0.720663
0.761405
0.757328
0.703403
0.594645
0.456017
0.282823
0.11756799999999999
0.026103
0.0
0.0
0.0
0.0
0.0
0.0
0.0
0.0
0.0
0.0
0.032570999999999996
0.153543
0.343086
0.501343
0.618869
0.7200359999999999
0.759365
0.7509669999999999
0.695469
0.5957039999999999
0.456154
0.28432
0.11418500000000001
0.025445
0.0
0.0
0.0
0.0
0.0
0.0
0.0
0.0
0.0
0.0
0.046593
0.16275399999999998
0.334688
0.498404
0.597973
0.617371
0.55053
0.583664
0.5753189999999999
0.510974
0.369816
0.222857
0.09378
0.024465
0.0
0.0
0.0
0.0
0.0
0.0
0.0
0.0
0.0
0.0
0.045911
0.166525
0.336287
0.490428
0.6374930000000001
0.692286
0.63435
0.572202
0.455923
0.300734
0.189635
0.096466
0.030615
0.010461999999999999
0.0
0.0
0.0
0.0
0.0
0.0
0.0
0.0
0.0
0.0
0.043395
0.151529
0.314563
0.469658
0.591279
0.691327
0.732726
0.725727
0.652385
0.585361
0.443658
0.27043599999999995
0.109434
0.024229
0.0
0.0
0.0
0.0
0.0
0.0
0.0
0.0
0.0
0.0
0.043015
0.165302
0.344317
0.508463
0.626658
0.671794
0.759577
0.757943
0.7007129999999999
0.599043
0.45475299999999996
0.27868200000000004
0.110159
0.024190999999999997
0.0
0.0
0.0
0.0
0.0
0.0
0.0
0.0
0.0
0.0
0.042459000000000004
0.163811
0.340314
0.49738099999999996
0.628933
0.712642
0.743657
0.725116
0.6631
0.5569120000000001
0.382824
0.20524199999999998
0.069711
0.018584
0.0
0.0
0.0
0.0
0.0
0.0
0.0
0.0
0.0
0.0
0.041823
0.15721700000000002
0.328829
0.480705
0.622015
0.7020460000000001
0.750206
0.733956
0.698314
0.598557
0.45474000000000003
0.274719
0.11091
0.022527000000000002
0.0
0.0
0.0
0.0
0.0
0.0
0.0
0.0
0.0
0.0
0.040826999999999995
0.15635400000000002
0.296153
0.345074
0.483034
0.594684
0.6559510000000001
0.621976
0.535303
0.420721
0.369317
0.250444
0.109211
0.023129999999999998
0.0
0.0
0.0
0.0
0.0
0.0
0.0
0.0
0.0
0.0
0.027102
0.106374
0.228912
0.355344
0.5656140000000001
0.701054
0.745966
0.743884
0.698692
0.599394
0.45494
0.277882
0.110545
0.021692
0.0
0.0
0.0
0.0
0.0
0.0
0.0
0.0
0.0
0.0
0.04134
0.158493
0.334265
0.506279
0.630783
0.709986
0.735228
0.741684
0.687277
0.59405
0.452714
0.27439199999999997
0.106806
0.021452000000000002
0.0
0.0
0.0
0.0
0.0
0.0
0.0
0.0
0.0
0.0
0.038955
0.155134
0.326689
0.477702
0.623808
0.71469
0.760122
0.749577
0.696309
0.59529
0.43708400000000003
0.217082
0.02844
0.015609
0.0
0.0
0.0
0.0
0.0
0.0
0.0
0.0
0.0
0.0
0.037578
0.15177600000000002
0.329618
0.489652
0.6109880000000001
0.702737
0.747842
0.743438
0.6871130000000001
0.5901150000000001
0.446379
0.27157400000000004
0.104467
0.020041
0.0
0.0
0.0
0.0
0.0
0.0
0.0
0.0
0.0
0.0
0.037596
0.153879
0.326129
0.48036
0.620113
0.717936
0.761479
0.743724
0.6870320000000001
0.5854170000000001
0.42285500000000004
0.226543
0.06591
0.013015
0.0
0.0
0.0
0.0
0.0
0.0
0.0
0.0
0.0
0.0
0.036752
0.149833
0.304716
0.35044600000000004
0.538227
0.673827
0.75247
0.7503390000000001
0.697923
0.591288
0.447197
0.270582
0.10281900000000001
0.018926
0.0
0.0
0.0
0.0
0.0
0.0
0.0
0.0
0.0
0.0
0.022375
0.132426
0.31667399999999996
0.483666
0.60619
0.702653
0.7395309999999999
0.745034
0.694049
0.590011
0.445721
0.26948099999999997
0.10204099999999999
0.018152
0.0
0.0
0.0
0.0
0.0
0.0
0.0
0.0
0.0
0.0
0.021785
0.097096
0.215616
0.346649
0.434207
0.496282
0.544495
0.662398
0.6709189999999999
0.5873529999999999
0.425922
0.223435
0.06275
0.007308
0.0
0.0
0.0
0.0
0.0
0.0
0.0
0.0
0.0
0.0
0.020606000000000003
0.095834
0.21468299999999998
0.347736
0.417663
0.416711
0.373942
0.37107999999999997
0.343588
0.291725
0.218305
0.139991
0.062682
0.007112
0.0
0.0
0.0
0.0
0.0
0.0
0.0
0.0
0.0
0.0
0.020264
0.08656900000000001
0.168682
0.24740299999999998
0.322343
0.369516
0.391841
0.38752800000000004
0.35358100000000003
0.291252
0.221665
0.14079499999999998
0.062112
0.007929
0.0
0.0
0.0
0.0
0.0
0.0
0.0
0.0
0.0
0.0
0.033212000000000005
0.150332
0.334277
0.5058469999999999
0.6338429999999999
0.684494
0.63405
0.693078
0.6717730000000001
0.578634
0.439633
0.265275
0.09783199999999999
0.014282
0.0
0.0
0.0
0.0
0.0
0.0
0.0
0.0
0.0
0.0
0.031932
0.14612799999999998
0.32238900000000004
0.494139
0.623499
0.659694
0.5456230000000001
0.579707
0.5707279999999999
0.506657
0.33891000000000004
0.178172
0.060656
0.010164999999999999
0.0
0.0
0.0
0.0
0.0
0.0
0.0
0.0
0.0
0.0
0.031287
0.146307
0.32829899999999995
0.5015040000000001
0.630181
0.709108
0.742654
0.72899
0.671759
0.5731989999999999
0.430769
0.25798000000000004
0.094575
0.011890000000000001
0.0
0.0
0.0
0.0
0.0
0.0
0.0
0.0
0.0
0.0
0.029843
0.14371199999999998
0.314611
0.485728
0.620067
0.706926
0.7521420000000001
0.7521939999999999
0.691922
0.586074
0.440544
0.26406599999999997
0.095906
0.010845
0.0
0.0
0.0
0.0
0.0
0.0
0.0
0.0
0.0
0.0
0.029847000000000002
0.141096
0.31755099999999997
0.486334
0.619359
0.697258
0.709645
0.659104
0.5483669999999999
0.40951299999999996
0.30991599999999997
0.189382
0.07498300000000001
0.007783
0.0
0.0
0.0
0.0
0.0
0.0
0.0
0.0
0.0
0.0
0.029745999999999998
0.145489
0.330731
0.509756
0.643398
0.711566
0.7652190000000001
0.707087
0.691646
0.581245
0.43401
0.26248200000000005
0.091962
0.008876
0.0
0.0
0.0
0.0
0.0
0.0
0.0
0.0
0.0
0.0
0.027143999999999998
0.11923
0.216024
0.244507
0.41634699999999997
0.562552
0.648898
0.581431
0.452532
0.297684
0.18122200000000002
0.087089
0.023139
0.00025
0.0
0.0
0.0
0.0
0.0
0.0
0.0
0.0
0.0
0.0
0.027398
0.136416
0.285007
0.347675
0.437988
0.50238
0.5396409999999999
0.649791
0.652476
0.5822430000000001
0.402899
0.201292
0.054744
0.002558
0.0
0.0
0.0
0.0
0.0
0.0
0.0
0.0
0.0
0.0
0.026476
0.136386
0.30389
0.45973899999999995
0.5943780000000001
0.697878
0.74951
0.750938
0.699581
0.5943039999999999
0.443613
0.25581899999999996
0.087674
0.006043
0.0
0.0
0.0
0.0
0.0
0.0
0.0
0.0
0.0
0.0
0.025549
0.13545
0.312503
0.481942
0.56592
0.536747
0.37802600000000003
0.529675
0.591011
0.548562
0.39404
0.223099
0.07698300000000001
0.004226
0.0
0.0
0.0
0.0
0.0
0.0
0.0
0.0
0.0
0.0
0.018813
0.094567
0.18279900000000002
0.232888
0.304778
0.348025
0.364683
0.37166699999999997
0.340021
0.28308
0.206079
0.125962
0.050137999999999995
0.00064
0.0
0.0
0.0
0.0
0.0
0.0
0.0
0.0
0.0
0.0
0.012111
0.119424
0.310164
0.488276
0.618198
0.6730389999999999
0.637467
0.6117
0.5212100000000001
0.40269299999999997
0.275823
0.145804
0.048461
0.001853
0.0
0.0
0.0
0.0
0.0
0.0
0.0
0.0
0.0
0.0
0.022272
0.12861
0.306029
0.46349900000000005
0.61085
0.699412
0.738774
0.737129
0.678451
0.571748
0.41931799999999997
0.238904
0.076986
0.002525
0.0
0.0
0.0
0.0
0.0
0.0
0.0
0.0
0.0
0.0
0.021335
0.127784
0.30928500000000003
0.47907799999999995
0.601439
0.697061
0.730403
0.7298669999999999
0.6702809999999999
0.571961
0.418241
0.21172200000000002
0.04512
0.001221
0.0
0.0
0.0
0.0
0.0
0.0
0.0
0.0
0.0
0.0
0.020372
0.12293699999999999
0.268746
0.325209
0.439756
0.523999
0.580561
0.5929500000000001
0.560018
0.479903
0.40234699999999995
0.233493
0.07291500000000001
0.002134
0.0
0.0
0.0
0.0
0.0
0.0
0.0
0.0
0.0
0.0
0.017068
0.115515
0.28711000000000003
0.460287
0.5639529999999999
0.660033
0.69953
0.701339
0.6502749999999999
0.5555950000000001
0.407832
0.226186
0.06977
0.001556
0.0
0.0
0.0
0.0
0.0
0.0
0.0
0.0
0.0
0.0
0.01834
0.12266500000000001
0.303456
0.47997199999999995
0.607592
0.683833
0.716859
0.724577
0.676183
0.5656140000000001
0.413904
0.228327
0.06892
0.001222
0.0
0.0
0.0
0.0
0.0
0.0
0.0
0.0
0.0
0.0
0.017184
0.12091299999999999
0.294199
0.473251
0.610355
0.70377
0.735663
0.726656
0.6728350000000001
0.563711
0.41569799999999996
0.227962
0.067313
0.00078
0.0
0.0
0.0
0.0
0.0
0.0
0.0
0.0
0.0
0.0
0.016288
0.120825
0.303703
0.477125
0.603764
0.679238
0.6899959999999999
0.6385460000000001
0.5398010000000001
0.383002
0.27178399999999997
0.15638
0.051026
0.00033800000000000003
0.0
0.0
0.0
0.0
0.0
0.0
0.0
0.0
0.0
0.0
0.014974
0.119503
0.29953399999999997
0.47530700000000004
0.6112949999999999
0.686728
0.703198
0.7223719999999999
0.665092
0.560515
0.40665300000000004
0.219067
0.062212
0.000337
0.0
0.0
0.0
0.0
0.0
0.0
0.0
0.0
0.0
0.0
0.014060000000000001
0.116548
0.296974
0.46899599999999997
0.596317
0.676858
0.7260979999999999
0.7269589999999999
0.6627770000000001
0.55131
0.403518
0.217979
0.060537999999999995
0.0
0.0
0.0
0.0
0.0
0.0
0.0
0.0
0.0
0.0
0.0
0.01275
0.1163
0.293735
0.462725
0.59065
0.6865460000000001
0.7163200000000001
0.7154729999999999
0.656751
0.549744
0.402952
0.215136
0.059427999999999995
0.0
0.0
0.0
0.0
0.0
0.0
0.0
0.0
0.0
0.0
0.0
0.004278
0.062519
0.1453
0.224433
0.2883
0.331031
0.350865
0.412648
0.422952
0.37777999999999995
0.252445
0.12470099999999999
0.032998
0.0
0.0
0.0
0.0
0.0
0.0
0.0
0.0
0.0
0.0
0.0
0.0
0.024892
0.059259
0.09292
0.151951
0.209503
0.252857
0.290511
0.293047
0.263433
0.204641
0.12205500000000001
0.039487
0.0
0.0
0.0
0.0
0.0
0.0
0.0
0.0
0.0
0.0
0.0
0.005867
0.07798000000000001
0.168004
0.227381
0.386781
0.530879
0.609163
0.614291
0.560875
0.477372
0.356166
0.193744
0.051981
0.0
0.0
0.0
0.0
0.0
0.0
0.0
0.0
0.0
0.0
0.0
0.007431
0.098564
0.25331
0.406661
0.537698
0.602163
0.641845
0.608866
0.516168
0.386834
0.29565499999999995
0.169927
0.046937
0.0
0.0
0.0
0.0
0.0
0.0
0.0
0.0
0.0
0.0
0.0
0.008157
0.111393
0.287202
0.444631
0.540126
0.577838
0.532989
0.469077
0.38075
0.26477999999999996
0.184864
0.10210599999999999
0.028247
0.0
0.0
0.0
0.0
0.0
0.0
0.0
0.0
0.0
0.0
0.0
0.004192
0.087123
0.239098
0.39786900000000003
0.45598099999999997
0.437632
0.36263999999999996
0.503337
0.56049
0.506586
0.314087
0.116995
0.009415
0.0
0.0
0.0
0.0
0.0
0.0
0.0
0.0
0.0
0.0
0.0
0.006309
0.109077
0.294403
0.481983
0.619778
0.7073229999999999
0.7472770000000001
0.7334959999999999
0.666667
0.550714
0.392912
0.197726
0.044164
0.0
0.0
0.0
0.0
0.0
0.0
0.0
0.0
0.0
0.0
0.0
0.005612
0.108502
0.29533800000000004
0.481602
0.614382
0.70265
0.734
0.7169099999999999
0.642634
0.535101
0.384375
0.192434
0.042129
0.0
0.0
0.0
0.0
0.0
0.0
0.0
0.0
0.0
0.0
0.0
0.0035299999999999997
0.099788
0.287961
0.470383
0.605116
0.6937859999999999
0.7277039999999999
0.696609
0.625539
0.497659
0.353663
0.178685
0.038554000000000005
0.0
0.0
0.0
0.0
0.0
0.0
0.0
0.0
0.0
0.0
0.0
0.0036880000000000003
0.10334600000000001
0.286373
0.465697
0.5913099999999999
0.678735
0.69611
0.676178
0.607962
0.500266
0.368182
0.18460300000000002
0.038168999999999995
0.0
0.0
0.0
0.0
0.0
0.0
0.0
0.0
0.0
0.0
0.0
0.003397
0.100903
0.277656
0.436879
0.5155
0.506124
0.366332
0.35338600000000003
0.318363
0.26129199999999997
0.175708
0.091624
0.019283
0.0
0.0
0.0
0.0
0.0
0.0
0.0
0.0
0.0
0.0
0.0
0.003337
0.103946
0.290437
0.481566
0.6248819999999999
0.713603
0.746939
0.7448210000000001
0.6757839999999999
0.539312
0.36256900000000003
0.166108
0.030471
0.0
0.0
0.0
0.0
0.0
0.0
0.0
0.0
0.0
0.0
0.0
0.002401
0.093972
0.26699900000000004
0.424977
0.555087
0.603665
0.6290399999999999
0.6146459999999999
0.553184
0.45451600000000003
0.345254
0.173297
0.031216
0.0
0.0
0.0
0.0
0.0
0.0
0.0
0.0
0.0
0.0
0.0
0.002811
0.096718
0.278719
0.438848
0.5410309999999999
0.520827
0.349057
0.338923
0.306917
0.248727
0.286385
0.164601
0.028507
0.0
0.0
0.0
0.0
0.0
0.0
0.0
0.0
0.0
0.0
0.0
0.0005610000000000001
0.07931999999999999
0.245477
0.42026100000000005
0.590179
0.6924539999999999
0.740659
0.724831
0.656736
0.5379769999999999
0.367818
0.16996899999999998
0.02658
0.0
0.0
0.0
0.0
0.0
0.0
0.0
0.0
0.0
0.0
0.0
0.00198
0.09425
0.276039
0.450434
0.605087
0.6850499999999999
0.726266
0.718963
0.6490739999999999
0.5297569999999999
0.362558
0.166102
0.024393
0.0
0.0
0.0
0.0
0.0
0.0
0.0
0.0
0.0
0.0
0.0
0.000979
0.086395
0.274686
0.471802
0.6191230000000001
0.702309
0.734921
0.7212649999999999
0.651913
0.533829
0.362051
0.163873
0.022802
0.0
0.0
0.0
0.0
0.0
0.0
0.0
0.0
0.0
0.0
0.0
0.001562
0.092438
0.284817
0.476192
0.610241
0.657727
0.635544
0.6192799999999999
0.5510320000000001
0.44573
0.319021
0.150014
0.02023
0.0
0.0
0.0
0.0
0.0
0.0
0.0
0.0
0.0
0.0
0.0
0.0
0.052886
0.176029
0.315515
0.377132
0.375558
0.344536
0.332375
0.301828
0.234656
0.25239500000000004
0.13873500000000002
0.018027
0.0
0.0
0.0
0.0
0.0
0.0
0.0
0.0
0.0
0.0
0.0
0.0
0.07530800000000001
0.256337
0.446103
0.596367
0.6835370000000001
0.7199880000000001
0.71374
0.641454
0.519161
0.350302
0.14809999999999998
0.016037
0.0
0.0
0.0
0.0
0.0
0.0
0.0
0.0
0.0
0.0
0.0
0.000671
0.087116
0.27362400000000003
0.455396
0.580326
0.593804
0.511996
0.527182
0.502947
0.43452199999999996
0.321365
0.143263
0.013919
0.0
0.0
0.0
0.0
0.0
0.0
0.0
0.0
0.0
0.0
0.0
0.0
0.07611
0.26894799999999996
0.462779
0.6058250000000001
0.6921309999999999
0.716207
0.713146
0.636753
0.506673
0.341067
0.142321
0.011077
0.0
0.0
0.0
0.0
0.0
0.0
0.0
0.0
0.0
0.0
0.0
0.0
0.040610999999999994
0.121147
0.202148
0.277443
0.321427
0.335508
0.333171
0.29234699999999997
0.22393100000000002
0.122182
0.040417
0.0
0.0
0.0
0.0
0.0
0.0
0.0
0.0
0.0
0.0
0.0
0.0
0.0
0.039088
0.123234
0.19822
0.271517
0.315978
0.333314
0.324202
0.28494600000000003
0.219229
0.143456
0.062362
0.002848
0.0
0.0
0.0
0.0
0.0
0.0
0.0
0.0
0.0
0.0
0.0
0.0
0.038053
0.119723
0.193715
0.318651
0.414988
0.47417200000000004
0.423505
0.328903
0.228524
0.170893
0.080012
0.004162
0.0
0.0
0.0
0.0
0.0
0.0
0.0
0.0
0.0
0.0
0.0
0.0
0.077534
0.26490800000000003
0.449357
0.5840080000000001
0.6621699999999999
0.686125
0.666846
0.593144
0.467202
0.298333
0.11501
0.005143
0.0
0.0
0.0
0.0
0.0
0.0
0.0
0.0
0.0
0.0
0.0
0.0
0.029777
0.071908
0.08142
0.10916
0.127358
0.133667
0.29028899999999996
0.370136
0.374479
0.280752
0.113223
0.004696
0.0
0.0
0.0
0.0
0.0
0.0
0.0
0.0
0.0
0.0
0.0
0.0
0.07494799999999999
0.25893099999999997
0.446981
0.5876119999999999
0.69051
0.717878
0.6926380000000001
0.616771
0.489241
0.310673
0.114842
0.003402
0.0
0.0
0.0
0.0
0.0
0.0
0.0
0.0
0.0
0.0
0.0
0.0
0.072325
0.255367
0.43259699999999995
0.58236
0.665397
0.704896
0.6933469999999999
0.616653
0.494865
0.316807
0.114963
0.002685
0.0
0.0
0.0
0.0
0.0
0.0
0.0
0.0
0.0
0.0
0.0
0.0
0.028428000000000002
0.045738
0.19686199999999998
0.266168
0.30977499999999997
0.327226
0.568168
0.586681
0.482625
0.307731
0.107016
0.0021739999999999997
0.0
0.0
0.0
0.0
0.0
0.0
0.0
0.0
0.0
0.0
0.0
0.0
0.066998
0.246256
0.418765
0.537256
0.6018150000000001
0.60652
0.586577
0.51438
0.40256000000000003
0.236026
0.078316
7.099999999999999e-05
0.0
0.0
0.0
0.0
0.0
0.0
0.0
0.0
0.0
0.0
0.0
0.0
0.065616
0.248669
0.43239
0.572768
0.648082
0.657456
0.648711
0.584566
0.457157
0.284717
0.096524
0.001269
0.0
0.0
0.0
0.0
0.0
0.0
0.0
0.0
0.0
0.0
0.0
0.0
0.039456000000000005
0.127711
0.182142
0.253081
0.299554
0.31731099999999995
0.30706900000000004
0.266109
0.197806
0.19067099999999998
0.07808899999999999
0.000477
0.0
0.0
0.0
0.0
0.0
0.0
0.0
0.0
0.0
0.0
0.0
0.0
0.062757
0.251871
0.447498
0.587482
0.686919
0.718238
0.696547
0.6208319999999999
0.48368900000000004
0.28263299999999997
0.07898999999999999
0.0
0.0
0.0
0.0
0.0
0.0
0.0
0.0
0.0
0.0
0.0
0.0
0.0
0.037808999999999995
0.12928800000000001
0.18579900000000002
0.265395
0.310238
0.325958
0.244324
0.163161
0.08345
0.050372
0.015875999999999998
0.0
0.0
0.0
0.0
0.0
0.0
0.0
0.0
0.0
0.0
0.0
0.0
0.0
0.01576
0.084774
0.191384
0.34680900000000003
0.48001499999999997
0.570868
0.560781
0.494635
0.385737
0.253757
0.081603
0.0
0.0
0.0
0.0
0.0
0.0
0.0
0.0
0.0
0.0
0.0
0.0
0.0
0.02532
0.10164100000000001
0.181955
0.34913900000000003
0.492312
0.580112
0.628662
0.572105
0.451036
0.272947
0.080244
0.0
0.0
0.0
0.0
0.0
0.0
0.0
0.0
0.0
0.0
0.0
0.0
0.0
0.055945
0.246155
0.439806
0.5846720000000001
0.667319
0.689219
0.667121
0.5879719999999999
0.460144
0.27249
0.078224
0.0
0.0
0.0
0.0
0.0
0.0
0.0
0.0
0.0
0.0
0.0
0.0
0.0
0.008308999999999999
0.040453
0.074407
0.101131
0.119247
0.125673
0.11962300000000001
0.103512
0.077611
0.044583
0.011909000000000001
0.0
0.0
0.0
0.0
0.0
0.0
0.0
0.0
0.0
0.0
0.0
0.0
0.0
0.007268
0.038189999999999995
0.07187099999999999
0.147261
0.22798
0.301788
0.234234
0.150642
0.075009
0.04253199999999999
0.010931
0.0
0.0
0.0
0.0
0.0
0.0
0.0
0.0
0.0
0.0
0.0
0.0
0.0
0.019484
0.096871
0.071039
0.255263
0.29689299999999996
0.31149400000000005
0.29953199999999996
0.25656799999999996
0.17987999999999998
0.103478
0.02675
0.0
0.0
0.0
0.0
0.0
0.0
0.0
0.0
0.0
0.0
0.0
0.0
0.0
0.019156
0.094168
0.34866
0.254061
0.296589
0.311802
0.299882
0.25852600000000003
0.18969999999999998
0.10134399999999999
0.054795
0.0
0.0
0.0
0.0
0.0
0.0
0.0
0.0
0.0
0.0
0.0
0.0
0.0
0.043802
0.221303
0.433587
0.583921
0.672395
0.704596
0.668794
0.575583
0.438552
0.244004
0.054016
0.0
0.0
0.0
0.0
0.0
0.0
0.0
0.0
0.0
0.0
0.0
0.0
0.0
0.039127
0.21171
0.402561
0.548763
0.645084
0.6875119999999999
0.645812
0.5728730000000001
0.435382
0.24207599999999999
0.050206
0.0
0.0
0.0
0.0
0.0
0.0
0.0
0.0
0.0
0.0
0.0
0.0
0.0
0.039097
0.215665
0.425753
0.570994
0.597653
0.468262
0.452875
0.366681
0.27474
0.203887
0.045857
0.0
0.0
0.0
0.0
0.0
0.0
0.0
0.0
0.0
0.0
0.0
0.0
0.0
0.037177999999999996
0.21623900000000001
0.392966
0.481935
0.449247
0.309742
0.297269
0.24792599999999998
0.18244200000000002
0.09298300000000001
0.018372
0.0
0.0
0.0
0.0
0.0
0.0
0.0
0.0
0.0
0.0
0.0
0.0
0.0
0.009430999999999998
0.087549
0.16648500000000002
0.095125
0.113536
0.305948
0.289437
0.242043
0.17615899999999998
0.089741
0.016647
0.0
0.0
0.0
0.0
0.0
0.0
0.0
0.0
0.0
0.0
0.0
0.0
0.0
0.012923
0.060729
0.066994
0.165109
0.28589600000000004
0.30174900000000004
0.286253
0.238982
0.173868
0.08643899999999999
0.014849
0.0
0.0
0.0
0.0
0.0
0.0
0.0
0.0
0.0
0.0
0.0
0.0
0.0
0.03028
0.20203200000000002
0.408482
0.502715
0.634389
0.660243
0.6244930000000001
0.5291889999999999
0.377176
0.197185
0.029875
0.0
0.0
0.0
0.0
0.0
0.0
0.0
0.0
0.0
0.0
0.0
0.0
0.0
0.028879000000000002
0.19815100000000002
0.404749
0.554052
0.642083
0.667498
0.634688
0.5454690000000001
0.39816399999999996
0.209383
0.031008
0.0
0.0
0.0
0.0
0.0
0.0
0.0
0.0
0.0
0.0
0.0
0.0
0.0
0.02499
0.196856
0.40002699999999997
0.549735
0.6345080000000001
0.658649
0.624976
0.537314
0.400877
0.206735
0.023807
0.0
0.0
0.0
0.0
0.0
0.0
0.0
0.0
0.0
0.0
0.0
0.0
0.0
0.021
0.07769499999999999
0.286658
0.48289499999999996
0.6161380000000001
0.6334740000000001
0.620761
0.537057
0.383638
0.20272300000000001
0.020701
0.0
0.0
0.0
0.0
0.0
0.0
0.0
0.0
0.0
0.0
0.0
0.0
0.0
0.009649
0.07393899999999999
0.152611
0.212002
0.27077300000000004
0.110039
0.270192
0.212761
0.151754
0.073302
0.006958
0.0
0.0
0.0
0.0
0.0
0.0
0.0
0.0
0.0
0.0
0.0
0.0
0.0
0.0061200000000000004
0.07257999999999999
0.060226
0.224516
0.269737
0.109872
0.267902
0.211406
0.059645000000000004
0.071881
0.006006999999999999
0.0
0.0
0.0
0.0
0.0
0.0
0.0
0.0
0.0
0.0
0.0
0.0
0.0
0.005368
0.078067
0.107109
0.08730500000000001
0.104491
0.10964
0.102896
0.08531
0.059446
0.070461
0.005008
0.0
0.0
0.0
0.0
0.0
0.0
0.0
0.0
0.0
0.0
0.0
0.0
0.0
0.004974
0.076276
0.149502
0.22542099999999998
0.27114299999999997
0.287
0.272018
0.222404
0.147821
0.06928100000000001
0.004190999999999999
0.0
0.0
0.0
0.0
0.0
0.0
0.0
0.0
0.0
0.0
0.0
0.0
0.0
0.011689
0.165786
0.35995299999999997
0.505571
0.5879460000000001
0.6091810000000001
0.512303
0.35956
0.293823
0.177621
0.009676
0.0
0.0
0.0
0.0
0.0
0.0
0.0
0.0
0.0
0.0
0.0
0.0
0.0
0.011992000000000001
0.173963
0.373709
0.525385
0.6083379999999999
0.630258
0.5028210000000001
0.215774
0.233869
0.17252699999999999
0.00822
0.0
0.0
0.0
0.0
0.0
0.0
0.0
0.0
0.0
0.0
0.0
0.0
0.0
0.007917
0.12761
0.14931899999999998
0.212127
0.253541
0.427621
0.5527089999999999
0.503707
0.36260899999999996
0.170182
0.006668
0.0
0.0
0.0
0.0
0.0
0.0
0.0
0.0
0.0
0.0
0.0
0.0
0.0
0.00857
0.160244
0.343749
0.46159300000000003
0.417529
0.537646
0.572315
0.487361
0.34795
0.149054
0.004592
0.0
0.0
0.0
0.0
0.0
0.0
0.0
0.0
0.0
0.0
0.0
0.0
0.0
0.0051719999999999995
0.145655
0.328746
0.47195
0.24852000000000002
0.453783
0.5348930000000001
0.453988
0.322101
0.157388
0.004456000000000001
0.0
0.0
0.0
0.0
0.0
0.0
0.0
0.0
0.0
0.0
0.0
0.0
0.0
0.004324
0.147868
0.345851
0.49598200000000003
0.5828949999999999
0.614889
0.5857279999999999
0.49479
0.349414
0.15297999999999998
0.00398
0.0
0.0
0.0
0.0
0.0
0.0
0.0
0.0
0.0
0.0
0.0
0.0
0.0
0.004926
0.147291
0.32950599999999997
0.43611099999999997
0.496651
0.508819
0.542846
0.486681
0.34428800000000004
0.14916900000000002
0.00373
0.0
0.0
0.0
0.0
0.0
0.0
0.0
0.0
0.0
0.0
0.0
0.0
0.0
0.0006680000000000001
0.057214
0.131929
0.20069
0.240518
0.250932
0.239372
0.432528
0.269732
0.097903
0.000597
0.0
0.0
0.0
0.0
0.0
0.0
0.0
0.0
0.0
0.0
0.0
0.0
0.0
0.000204
0.055292
0.128486
0.197964
0.236538
0.245171
0.234685
0.182083
0.123382
0.048587000000000005
0.0
0.0
0.0
0.0
0.0
0.0
0.0
0.0
0.0
0.0
0.0
0.0
0.0
0.0
0.00396
0.14455500000000002
0.31573
0.400678
0.35481799999999997
0.24887700000000001
0.23316
0.181406
0.121363
0.046884
0.0
0.0
0.0
0.0
0.0
0.0
0.0
0.0
0.0
0.0
0.0
0.0
0.0
0.0
0.0
0.051712
0.124808
0.195962
0.23591399999999998
0.24790299999999998
0.23153800000000002
0.18025899999999997
0.118786
0.045618
0.0
0.0
0.0
0.0
0.0
0.0
0.0
0.0
0.0
0.0
0.0
0.0
0.0
0.0
0.0
0.049387
0.123314
0.192856
0.23271899999999998
0.243656
0.227256
0.175544
0.115985
0.043716
0.0
0.0
0.0
0.0
0.0
0.0
0.0
0.0
0.0
0.0
0.0
0.0
0.0
0.0
0.0
0.038884999999999996
0.12954400000000002
0.18338300000000002
0.234322
0.247919
0.346474
0.36266699999999996
0.289645
0.124908
0.001038
0.0
0.0
0.0
0.0
0.0
0.0
0.0
0.0
0.0
0.0
0.0
0.0
0.0
0.002125
0.13318100000000002
0.33951
0.504409
0.586098
0.5784640000000001
0.498554
0.415296
0.270454
0.11504500000000001
0.000671
0.0
0.0
0.0
0.0
0.0
0.0
0.0
0.0
0.0
0.0
0.0
0.0
0.0
0.001806
0.13117099999999998
0.329582
0.489002
0.568779
0.5973970000000001
0.559129
0.470317
0.315809
0.118672
0.000228
0.0
0.0
0.0
0.0
0.0
0.0
0.0
0.0
0.0
0.0
0.0
0.0
0.0
0.00065
0.123188
0.303772
0.20287799999999998
0.225547
0.23899199999999998
0.224077
0.18299600000000002
0.109683
0.102661
0.0
0.0
0.0
0.0
0.0
0.0
0.0
0.0
0.0
0.0
0.0
0.0
0.0
0.0
0.00079
0.12202500000000001
0.31949400000000006
0.480819
0.565277
0.5852419999999999
0.544898
0.45190499999999995
0.31165499999999996
0.115812
0.0
0.0
0.0
0.0
0.0
0.0
0.0
0.0
0.0
0.0
0.0
0.0
0.0
0.0
0.000378
0.11967900000000001
0.317926
0.473416
0.554006
0.583095
0.545274
0.46343
0.312683
0.112649
0.0
0.0
0.0
0.0
0.0
0.0
0.0
0.0
0.0
0.0
0.0
0.0
0.0
0.0
0.0
0.039003
0.043296
0.182414
0.084565
0.090003
0.22424000000000002
0.164949
0.104465
0.033151
0.0
0.0
0.0
0.0
0.0
0.0
0.0
0.0
0.0
0.0
0.0
0.0
0.0
0.0
0.0
0.037335
0.110393
0.170733
0.480602
0.483544
0.5458780000000001
0.466254
0.306652
0.108048
0.0
0.0
0.0
0.0
0.0
0.0
0.0
0.0
0.0
0.0
0.0
0.0
0.0
0.0
0.0
0.11820699999999999
0.30751999999999996
0.470459
0.552665
0.5811900000000001
0.552442
0.45816500000000004
0.303236
0.102915
0.0
0.0
0.0
0.0
0.0
0.0
0.0
0.0
0.0
0.0
0.0
0.0
0.0
0.0
0.0
0.114952
0.312062
0.460443
0.544301
0.576226
0.543387
0.448214
0.293964
0.099095
0.0
0.0
0.0
0.0
0.0
0.0
0.0
0.0
0.0
0.0
0.0
0.0
0.0
0.0
0.0
0.110952
0.304316
0.466446
0.5587369999999999
0.587853
0.551081
0.45693
0.302025
0.099667
0.0
0.0
0.0
0.0
0.0
0.0
0.0
0.0
0.0
0.0
0.0
0.0
0.0
0.0
0.0
0.073722
0.179239
0.245108
0.260567
0.233524
0.213804
0.170576
0.098634
0.027843
0.0
0.0
0.0
0.0
0.0
0.0
0.0
0.0
0.0
0.0
0.0
0.0
0.0
0.0
0.0
0.010898
0.039208
0.064046
0.080576
0.08572199999999999
0.079098
0.062174999999999994
0.036558999999999994
0.009145
0.0
0.0
0.0
0.0
0.0
0.0
0.0
0.0
0.0
0.0
0.0
0.0
0.0
0.0
0.0
0.027483
0.096379
0.165397
0.207915
0.082281
0.20851499999999998
0.152431
0.03491
0.024114999999999998
0.0
0.0
0.0
0.0
0.0
0.0
0.0
0.0
0.0
0.0
0.0
0.0
0.0
0.0
0.0
0.025647
0.094202
0.162886
0.136506
0.08040900000000001
0.074894
0.058251
0.033991999999999994
0.008082
0.0
0.0
0.0
0.0
0.0
0.0
0.0
0.0
0.0
0.0
0.0
0.0
0.0
0.0
0.0
0.025547
0.20131200000000002
0.396338
0.495867
0.348661
0.47469799999999995
0.388111
0.102512
0.02273
0.0
0.0
0.0
0.0
0.0
0.0
0.0
0.0
0.0
0.0
0.0
0.0
0.0
0.0
0.0
0.024055
0.169641
0.257228
0.31673700000000005
0.34998
0.47756099999999996
0.383653
0.17213
0.054649
0.0
0.0
0.0
0.0
0.0
0.0
0.0
0.0
0.0
0.0
0.0
0.0
0.0
0.0
0.0
0.023656
0.094034
0.167422
0.20803
0.08307099999999999
0.212323
0.16631100000000001
0.091219
0.02174
0.0
0.0
0.0
0.0
0.0
0.0
0.0
0.0
0.0
0.0
0.0
0.0
0.0
0.0
0.0
0.021484000000000003
0.090393
0.15074500000000002
0.200797
0.216279
0.202423
0.160767
0.088566
0.020551
0.0
0.0
0.0
0.0
0.0
0.0
0.0
0.0
0.0
0.0
0.0
0.0
0.0
0.0
0.0
0.017225
0.066306
0.095067
0.09739300000000001
0.079231
0.07353900000000001
0.057457999999999995
0.032622
0.019669
0.0
0.0
0.0
0.0
0.0
0.0
0.0
0.0
0.0
0.0
0.0
0.0
0.0
0.0
0.0
0.019192
0.08866800000000001
0.15056999999999998
0.203574
0.218882
0.20380199999999998
0.160851
0.08780400000000001
0.048878
0.0
0.0
0.0
0.0
0.0
0.0
0.0
0.0
0.0
0.0
0.0
0.0
0.0
0.0
0.0
0.066538
0.266863
0.433333
0.498864
0.45846800000000004
0.332754
0.173976
0.085413
0.018091
0.0
0.0
0.0
0.0
0.0
0.0
0.0
0.0
0.0
0.0
0.0
0.0
0.0
0.0
0.0
0.054905
0.149347
0.377024
0.44845999999999997
0.45782
0.519179
0.43705
0.2671
0.0708
0.0
0.0
0.0
0.0
0.0
0.0
0.0
0.0
0.0
0.0
0.0
0.0
0.0
0.0
0.0
0.058237000000000004
0.249148
0.338108
0.200792
0.210234
0.196002
0.155192
0.08355
0.016256
0.0
0.0
0.0
0.0
0.0
0.0
0.0
0.0
0.0
0.0
0.0
0.0
0.0
0.0
0.0
0.014669
0.082623
0.38299099999999997
0.526856
0.518202
0.507736
0.42730799999999997
0.27204199999999995
0.061293
0.0
0.0
0.0
0.0
0.0
0.0
0.0
0.0
0.0
0.0
0.0
0.0
0.0
0.0
0.0
0.003963
0.23815799999999998
0.36729199999999995
0.46963299999999997
0.538023
0.508479
0.42506099999999997
0.25966300000000003
0.060558999999999995
0.0
0.0
0.0
0.0
0.0
0.0
0.0
0.0
0.0
0.0
0.0
0.0
0.0
0.0
0.0
0.046073
0.246075
0.4087
0.52412
0.563246
0.520276
0.42255200000000004
0.247578
0.045376
0.0
0.0
0.0
0.0
0.0
0.0
0.0
0.0
0.0
0.0
0.0
0.0
0.0
0.0
0.0
0.011228
0.028709
0.05526
0.070437
0.075992
0.07077599999999999
0.054416
0.030066
0.009354
0.0
0.0
0.0
0.0
0.0
0.0
0.0
0.0
0.0
0.0
0.0
0.0
0.0
0.0
0.0
0.038665
0.222251
0.415392
0.514143
0.549411
0.46205900000000005
0.42051
0.242807
0.053994
0.0
0.0
0.0
0.0
0.0
0.0
0.0
0.0
0.0
0.0
0.0
0.0
0.0
0.0
0.0
0.01871
0.152504
0.146363
0.067993
0.074197
0.19497399999999998
0.146851
0.053946
0.0030670000000000003
0.0
0.0
0.0
0.0
0.0
0.0
0.0
0.0
0.0
0.0
0.0
0.0
0.0
0.0
0.0
0.028202
0.15149100000000001
0.370602
0.484429
0.428933
0.504636
0.429742
0.267632
0.052979
0.0
0.0
0.0
0.0
0.0
0.0
0.0
0.0
0.0
0.0
0.0
0.0
0.0
0.0
0.0
0.032674
0.212839
0.401617
0.485662
0.416734
0.417937
0.36242399999999997
0.08677599999999999
0.011558
0.0
0.0
0.0
0.0
0.0
0.0
0.0
0.0
0.0
0.0
0.0
0.0
0.0
0.0
0.0
0.00553
0.07346599999999999
0.125415
0.17776499999999998
0.19156600000000001
0.178778
0.139261
0.074475
0.010583
0.0
0.0
0.0
0.0
0.0
0.0
0.0
0.0
0.0
0.0
0.0
0.0
0.0
0.0
0.0
0.008513999999999999
0.07349599999999999
0.100773
0.09894599999999999
0.07071
0.064939
0.049517000000000005
0.027091999999999998
0.00529
0.0
0.0
0.0
0.0
0.0
0.0
0.0
0.0
0.0
0.0
0.0
0.0
0.0
0.0
0.0
0.004143
0.073073
0.123695
0.16084600000000002
0.18934700000000002
0.162997
0.128507
0.071415
0.009699999999999999
0.0
0.0
0.0
0.0
0.0
0.0
0.0
0.0
0.0
0.0
0.0
0.0
0.0
0.0
0.0
0.003469
0.06968300000000001
0.123348
0.174065
0.18880699999999997
0.176316
0.126685
0.07129300000000001
0.009550000000000001
0.0
0.0
0.0
0.0
0.0
0.0
0.0
0.0
0.0
0.0
0.0
0.0
0.0
0.0
0.0
0.0030110000000000002
0.06844700000000001
0.12129999999999999
0.172867
0.188046
0.176186
0.127556
0.070507
0.009462
0.0
0.0
0.0
0.0
0.0
0.0
0.0
0.0
0.0
0.0
0.0
0.0
0.0
0.0
0.0
0.001581
0.067953
0.19373300000000002
0.320758
0.413791
0.331704
0.205239
0.06952
0.008695
0.0
0.0
0.0
0.0
0.0
0.0
0.0
0.0
0.0
0.0
0.0
0.0
0.0
0.0
0.0
0.002585
0.066191
0.239205
0.406034
0.490228
0.422847
0.266399
0.07605100000000001
0.010842000000000001
0.0
0.0
0.0
0.0
0.0
0.0
0.0
0.0
0.0
0.0
0.0
0.0
0.0
0.0
0.0
0.013167
0.181255
0.31578300000000004
0.325952
0.194714
0.17635499999999998
0.136652
0.07091700000000001
0.008743
0.0
0.0
0.0
0.0
0.0
0.0
0.0
0.0
0.0
0.0
0.0
0.0
0.0
0.0
0.0
0.00218
0.063752
0.11717799999999999
0.168838
0.184621
0.172203
0.134615
0.06983
0.008593
0.0
0.0
0.0
0.0
0.0
0.0
0.0
0.0
0.0
0.0
0.0
0.0
0.0
0.0
0.0
0.0
0.020257
0.068521
0.12872999999999998
0.189889
0.174018
0.13483699999999998
0.069846
0.008726000000000001
0.0
0.0
0.0
0.0
0.0
0.0
0.0
0.0
0.0
0.0
0.0
0.0
0.0
0.0
0.0
0.008122
0.178846
0.375692
0.480452
0.513989
0.489539
0.398391
0.244195
0.045042
0.0
0.0
0.0
0.0
0.0
0.0
0.0
0.0
0.0
0.0
0.0
0.0
0.0
0.0
0.0
0.0077350000000000006
0.17455500000000002
0.375167
0.48095499999999997
0.51093
0.470346
0.345008
0.18258000000000002
0.030049
0.0
0.0
0.0
0.0
0.0
0.0
0.0
0.0
0.0
0.0
0.0
0.0
0.0
0.0
0.0
0.0075309999999999995
0.17365899999999998
0.381121
0.49286
0.5307050000000001
0.507048
0.41184899999999997
0.251556
0.044399
0.0
0.0
0.0
0.0
0.0
0.0
0.0
0.0
0.0
0.0
0.0
0.0
0.0
0.0
0.0
0.006988
0.17044800000000002
0.37969200000000003
0.488408
0.527051
0.503457
0.409202
0.249898
0.044607999999999995
0.0
0.0
0.0
0.0
0.0
0.0
0.0
0.0
0.0
0.0
0.0
0.0
0.0
0.0
0.0
0.006532
0.15371600000000002
0.324681
0.371528
0.38346199999999997
0.339726
0.261556
0.130541
0.022823
0.0
0.0
0.0
0.0
0.0
0.0
0.0
0.0
0.0
0.0
0.0
0.0
0.0
0.0
0.0
0.005825
0.166889
0.357417
0.456837
0.48754000000000003
0.458536
0.37000900000000003
0.230124
0.044491
0.0
0.0
0.0
0.0
0.0
0.0
0.0
0.0
0.0
0.0
0.0
0.0
0.0
0.0
0.0
0.005657
0.161497
0.35726600000000003
0.458009
0.494225
0.471656
0.379077
0.234103
0.044067999999999996
0.0
0.0
0.0
0.0
0.0
0.0
0.0
0.0
0.0
0.0
0.0
0.0
0.0
0.0
0.0
0.005036
0.161028
0.35377499999999995
0.443129
0.477459
0.457365
0.369865
0.234784
0.045637
0.0
0.0
0.0
0.0
0.0
0.0
0.0
0.0
0.0
0.0
0.0
0.0
0.0
0.0
0.0
0.00456
0.154829
0.33781700000000003
0.442125
0.47733600000000004
0.44961399999999996
0.365517
0.220707
0.032509
0.0
0.0
0.0
0.0
0.0
0.0
0.0
0.0
0.0
0.0
0.0
0.0
0.0
0.0
0.0
0.0028090000000000003
0.05093
0.109779
0.164446
0.186271
0.322412
0.33401
0.222356
0.046459
0.0
0.0
0.0
0.0
0.0
0.0
0.0
0.0
0.0
0.0
0.0
0.0
0.0
0.0
0.0
0.004714
0.12684099999999998
0.356766
0.464053
0.49079500000000004
0.4784
0.398567
0.253507
0.049561
0.0
0.0
0.0
0.0
0.0
0.0
0.0
0.0
0.0
0.0
0.0
0.0
0.0
0.0
0.0
0.004176999999999999
0.129959
0.35471199999999997
0.464738
0.5085459999999999
0.485862
0.39114499999999996
0.253498
0.050343000000000006
0.0
0.0
0.0
0.0
0.0
0.0
0.0
0.0
0.0
0.0
0.0
0.0
0.0
0.0
0.0
0.00127
0.045415
0.10559099999999999
0.15881499999999998
0.17929499999999998
0.17150200000000002
0.134332
0.070639
0.013058
0.0
0.0
0.0
0.0
0.0
0.0
0.0
0.0
0.0
0.0
0.0
0.0
0.0
0.0
0.0
0.0
0.046703
0.107464
0.16278299999999998
0.182916
0.17475100000000002
0.137419
0.072556
0.032229
0.0
0.0
0.0
0.0
0.0
0.0
0.0
0.0
0.0
0.0
0.0
0.0
0.0
0.0
0.0
3e-06
0.048231
0.085523
0.090501
0.066463
0.062857
0.048743
0.026791
0.003003
0.0
0.0
0.0
0.0
0.0
0.0
0.0
0.0
0.0
0.0
0.0
0.0
0.0
0.0
0.0
0.0
0.015458
0.039051999999999996
0.056034999999999995
0.064303
0.061691
0.047873
0.026379
0.02829
0.0
0.0
0.0
0.0
0.0
0.0
0.0
0.0
0.0
0.0
0.0
0.0
0.0
0.0
0.0
0.001839
0.134515
0.295281
0.35697500000000004
0.387876
0.36544099999999996
0.273237
0.137469
0.041155000000000004
0.0
0.0
0.0
0.0
0.0
0.0
0.0
0.0
0.0
0.0
0.0
0.0
0.0
0.0
0.0
0.0029289999999999997
0.14946399999999999
0.33834800000000004
0.389307
0.31307
0.25850799999999996
0.170475
0.07630200000000001
0.01616
0.0
0.0
0.0
0.0
0.0
0.0
0.0
0.0
0.0
0.0
0.0
0.0
0.0
0.0
0.0
0.0
0.042796
0.10323600000000001
0.144708
0.17925
0.171506
0.12709600000000001
0.074169
0.010407
0.0
0.0
0.0
0.0
0.0
0.0
0.0
0.0
0.0
0.0
0.0
0.0
0.0
0.0
0.0
0.0
0.043676
0.10522100000000001
0.161649
0.18320599999999998
0.17647300000000002
0.142845
0.077757
0.021655
0.0
0.0
0.0
0.0
0.0
0.0
0.0
0.0
0.0
0.0
0.0
0.0
0.0
0.0
0.0
4e-05
0.124977
0.305656
0.450449
0.5308780000000001
0.5055350000000001
0.36641
0.154597
0.061832
0.0
0.0
0.0
0.0
0.0
0.0
0.0
0.0
0.0
0.0
0.0
0.0
0.0
0.0
0.0
0.0031469999999999996
0.124432
0.36332600000000004
0.47847500000000004
0.5225259999999999
0.5138959999999999
0.429213
0.282483
0.07205500000000001
0.0
0.0
0.0
0.0
0.0
0.0
0.0
