0.0
0.0
0.0
0.0
0.0
0.0
0.0
0.0
0.100103
0.27714999999999995
0.405439
0.45438999999999996
0.445084
0.393001
0.276721
0.095175
0.0
0.0
0.0
0.0
0.0
0.0
0.0
0.0
0.0
0.0
0.0
0.0
0.0
0.0
0.0
0.0
0.015183
0.046352
0.07028100000000001
0.081927
0.080833
0.083401
0.062625
0.018782
0.0
0.0
0.0
0.0
0.0
0.0
0.0
0.0
0.0
0.0
0.0
0.0
0.0
0.0
0.0
0.0
0.143613
0.339034
0.46391000000000004
0.5218590000000001
0.5174160000000001
0.446316
0.31735
0.110042
0.0
0.0
0.0
0.0
0.0
0.0
0.0
0.0
0.0
0.0
0.0
0.0
0.0
0.0
0.0
4.7e-05
0.147587
0.349845
0.47328699999999996
0.529169
0.519422
0.451071
0.323569
0.115998
0.0
0.0
0.0
0.0
0.0
0.0
0.0
0.0
0.0
0.0
0.0
0.0
0.0
0.0
0.0
7.5e-05
0.150476
0.356662
0.475731
0.532876
0.5223519999999999
0.451305
0.32394
0.117698
0.0
0.0
0.0
0.0
0.0
0.0
0.0
0.0
0.0
0.0
0.0
0.0
0.0
0.0
0.0
3.5999999999999994e-05
0.148984
0.353779
0.453505
0.390319
0.246739
0.15492699999999998
0.06618600000000001
0.011836000000000001
0.0
0.0
0.0
0.0
0.0
0.0
0.0
0.0
0.0
0.0
0.0
0.0
0.0
0.0
0.0
0.0
0.015875999999999998
0.047015999999999995
0.071768
0.0843
0.083224
0.068815
0.043198
0.012591
0.0
0.0
0.0
0.0
0.0
0.0
0.0
0.0
0.0
0.0
0.0
0.0
0.0
0.0
0.0
0.0
0.026114000000000002
0.08591
0.132343
0.151697
0.15059299999999998
0.157672
0.117383
0.042565
0.0
0.0
0.0
0.0
0.0
0.0
0.0
0.0
0.0
0.0
0.0
0.0
0.0
0.0
0.0
0.0
0.11944400000000001
0.321288
0.44957400000000003
0.502638
0.495879
0.428621
0.29715499999999995
0.111348
0.0
0.0
0.0
0.0
0.0
0.0
0.0
0.0
0.0
0.0
0.0
0.0
0.0
0.0
0.0
0.000442
0.15275999999999998
0.34818099999999996
0.46638999999999997
0.516541
0.507118
0.44356
0.32793700000000003
0.13343100000000002
0.0
0.0
0.0
0.0
0.0
0.0
0.0
0.0
0.0
0.0
0.0
0.0
0.0
0.0
0.0
0.0
0.059720999999999996
0.090294
0.219416
0.339738
0.407743
0.37767700000000004
0.269072
0.116578
0.0
0.0
0.0
0.0
0.0
0.0
0.0
0.0
0.0
0.0
0.0
0.0
0.0
0.0
0.0
0.0
0.017808
0.050248
0.308563
0.463219
0.524769
0.473525
0.347636
0.151757
0.0
0.0
0.0
0.0
0.0
0.0
0.0
0.0
0.0
0.0
0.0
0.0
0.0
0.0
0.0
0.0
0.018646999999999997
0.051393999999999995
0.07741200000000001
0.090976
0.08981399999999999
0.145905
0.146429
0.077758
0.0
0.0
0.0
0.0
0.0
0.0
0.0
0.0
0.0
0.0
0.0
0.0
0.0
0.0
0.0
0.0
0.018739000000000002
0.052412999999999994
0.07826699999999999
0.09166200000000001
0.090362
0.076717
0.050828000000000005
0.017728
0.0
0.0
0.0
0.0
0.0
0.0
0.0
0.0
0.0
0.0
0.0
0.0
0.0
0.0
0.0
0.001006
0.08150400000000001
0.053323
0.316137
0.470426
0.526323
0.480067
0.35549200000000003
0.165935
0.000869
0.0
0.0
0.0
0.0
0.0
0.0
0.0
0.0
0.0
0.0
0.0
0.0
0.0
0.0
0.0
0.10517900000000001
0.30403600000000003
0.44700599999999996
0.5140309999999999
0.521085
0.462599
0.33901400000000004
0.156286
0.001304
0.0
0.0
0.0
0.0
0.0
0.0
0.0
0.0
0.0
0.0
0.0
0.0
0.0
0.0
0.0
0.020359000000000002
0.053975999999999996
0.320241
0.47633
0.5348569999999999
0.487993
0.36199000000000003
0.172911
0.001869
0.0
0.0
0.0
0.0
0.0
0.0
0.0
0.0
0.0
0.0
0.0
0.0
0.0
0.0
0.0
0.020420999999999998
0.055011000000000004
0.080815
0.095143
0.094805
0.08115699999999999
0.055286999999999996
0.02106
0.0
0.0
0.0
0.0
0.0
0.0
0.0
0.0
0.0
0.0
0.0
0.0
0.0
0.0
0.0
0.0
0.021155
0.054772
0.081498
0.095929
0.09569499999999999
0.082012
0.056156
0.021883
0.0
0.0
0.0
0.0
0.0
0.0
0.0
0.0
0.0
0.0
0.0
0.0
0.0
0.0
0.0
0.0
0.022140999999999997
0.056991999999999994
0.083985
0.09769
0.09847
0.084505
0.057412
0.02284
0.0
0.0
0.0
0.0
0.0
0.0
0.0
0.0
0.0
0.0
0.0
0.0
0.0
0.0
0.0
0.0
0.022102
0.056742
0.083537
0.09798399999999999
0.098703
0.085052
0.058183
0.023681999999999998
0.0
0.0
0.0
0.0
0.0
0.0
0.0
0.0
0.0
0.0
0.0
0.0
0.0
0.0
0.0
0.0
0.022848
0.057418
0.08390500000000001
0.098027
0.098498
0.084976
0.058408
0.024256
0.0
0.0
0.0
0.0
0.0
0.0
0.0
0.0
0.0
0.0
0.0
0.0
0.0
0.0
0.0
0.0
0.022609999999999998
0.057701
0.084158
0.098443
0.099176
0.08560899999999999
0.059067
0.024974
0.0
0.0
0.0
0.0
0.0
0.0
0.0
0.0
0.0
0.0
0.0
0.0
0.0
0.0
0.0
0.0
0.023437
0.058622999999999995
0.085112
0.099437
0.10020399999999999
0.086697
0.061048000000000005
0.026696
0.0
0.0
0.0
0.0
0.0
0.0
0.0
0.0
0.0
0.0
0.0
0.0
0.0
0.0
0.0
0.0
0.024253
0.059534
0.087041
0.101453
0.102258
0.088605
0.061958
0.027551
0.0
0.0
0.0
0.0
0.0
0.0
0.0
0.0
0.0
0.0
0.0
0.0
0.0
0.0
0.0
0.0
0.025071000000000003
0.060356
0.08782
0.10309099999999999
0.102967
0.09022
0.063625
0.028328
0.0
0.0
0.0
0.0
0.0
0.0
0.0
0.0
0.0
0.0
0.0
0.0
0.0
0.0
0.0
0.0
0.025074000000000003
0.061148
0.088465
0.10263800000000001
0.10327700000000001
0.089745
0.064236
0.029098
0.0
0.0
0.0
0.0
0.0
0.0
0.0
0.0
0.0
0.0
0.0
0.0
0.0
0.0
0.0
0.0
0.025890999999999997
0.061987
0.08945600000000001
0.104867
0.10483100000000001
0.092112
0.065486
0.030126999999999998
0.0
0.0
0.0
0.0
0.0
0.0
0.0
0.0
0.0
0.0
0.0
0.0
0.0
0.0
0.0
0.0
0.026849
0.06300800000000001
0.09037
0.10565999999999999
0.106445
0.092753
0.06707500000000001
0.031706
0.0
0.0
0.0
0.0
0.0
0.0
0.0
0.0
0.0
0.0
0.0
0.0
0.0
0.0
0.0
0.0
0.027690000000000003
0.063842
0.09209
0.107404
0.108184
0.094534
0.06794499999999999
0.032602
0.000306
0.0
0.0
0.0
0.0
0.0
0.0
0.0
0.0
0.0
0.0
0.0
0.0
0.0
0.0
0.007744
0.189538
0.408449
0.534473
0.588876
0.58788
0.53715
0.417068
0.23755500000000002
0.023721
0.0
0.0
0.0
0.0
0.0
0.0
0.0
0.0
0.0
0.0
0.0
0.0
0.0
0.0
0.008291999999999999
0.191636
0.407714
0.5295259999999999
0.5786319999999999
0.55637
0.519676
0.410714
0.237607
0.02391
0.0
0.0
0.0
0.0
0.0
0.0
0.0
0.0
0.0
0.0
0.0
0.0
0.0
0.0
0.0033580000000000003
0.14707699999999999
0.30734100000000003
0.36899099999999996
0.360305
0.288554
0.23353800000000002
0.156858
0.064845
0.005759
0.0
0.0
0.0
0.0
0.0
0.0
0.0
0.0
0.0
0.0
0.0
0.0
0.0
0.0
0.00683
0.170873
0.398803
0.5153179999999999
0.56321
0.5533129999999999
0.519587
0.419891
0.24665199999999998
0.039378
0.0
0.0
0.0
0.0
0.0
0.0
0.0
0.0
0.0
0.0
0.0
0.0
0.0
0.0
0.013604
0.206329
0.428349
0.5529489999999999
0.6106159999999999
0.6107720000000001
0.564154
0.45085000000000003
0.26450599999999996
0.04291
0.0
0.0
0.0
0.0
0.0
0.0
0.0
0.0
0.0
0.0
0.0
0.0
0.0
0.0
0.015626
0.210287
0.431283
0.555742
0.613469
0.6128819999999999
0.564406
0.44993500000000003
0.267077
0.046123
0.0
0.0
0.0
0.0
0.0
0.0
0.0
0.0
0.0
0.0
0.0
0.0
0.0
0.0
0.018597000000000002
0.212118
0.426909
0.547077
0.608069
0.610468
0.557351
0.447653
0.266446
0.04922
0.0
0.0
0.0
0.0
0.0
0.0
0.0
0.0
0.0
0.0
0.0
0.0
0.0
0.0
0.018886
0.16500299999999998
0.202901
0.412771
0.5661430000000001
0.605668
0.555468
0.44333999999999996
0.266511
0.050686
0.0
0.0
0.0
0.0
0.0
0.0
0.0
0.0
0.0
0.0
0.0
0.0
0.0
0.0
0.021543
0.205104
0.38313600000000003
0.41452300000000003
0.39794999999999997
0.308076
0.23877099999999998
0.16115700000000002
0.072384
0.011308
0.0
0.0
0.0
0.0
0.0
0.0
0.0
0.0
0.0
0.0
0.0
0.0
0.0
0.0
0.014894000000000001
0.146517
0.27021300000000004
0.354684
0.400039
0.387657
0.35203199999999996
0.28202999999999995
0.156449
0.047288
0.0
0.0
0.0
0.0
0.0
0.0
0.0
0.0
0.0
0.0
0.0
0.0
0.0
0.0
0.0032
0.057159
0.130199
0.177837
0.204014
0.20602199999999998
0.184316
0.14027799999999999
0.079001
0.014163
0.0
0.0
0.0
0.0
0.0
0.0
0.0
0.0
0.0
0.0
0.0
0.0
0.0
0.0
0.0025369999999999998
0.039409999999999994
0.076863
0.105334
0.120947
0.121541
0.10909
0.08222499999999999
0.045823
0.007935
0.0
0.0
0.0
0.0
0.0
0.0
0.0
0.0
0.0
0.0
0.0
0.0
0.0
0.0
0.003471
0.040215
0.078586
0.227713
0.38571
0.495651
0.5366839999999999
0.468144
0.29862900000000003
0.063489
0.0
0.0
0.0
0.0
0.0
0.0
0.0
0.0
0.0
0.0
0.0
0.0
0.0
0.0
0.003764
0.041254
0.07979800000000001
0.10948999999999999
0.12449500000000001
0.126218
0.11271099999999999
0.08647400000000001
0.048898000000000004
0.009703
0.0
0.0
0.0
0.0
0.0
0.0
0.0
0.0
0.0
0.0
0.0
0.0
0.0
0.0
0.004660999999999999
0.043033
0.081511
0.110154
0.126054
0.127694
0.114261
0.087323
0.0498
0.010544000000000001
0.0
0.0
0.0
0.0
0.0
0.0
0.0
0.0
0.0
0.0
0.0
0.0
0.0
0.0
0.005545
0.043909
0.083265
0.111806
0.127492
0.12903
0.11573399999999999
0.08885299999999999
0.051447
0.012099
0.0
0.0
0.0
0.0
0.0
0.0
0.0
0.0
0.0
0.0
0.0
0.0
0.0
0.0
0.006335
0.045204
0.08317400000000001
0.20463
0.331972
0.427594
0.368966
0.247811
0.13970500000000002
0.026445
0.0
0.0
0.0
0.0
0.0
0.0
0.0
0.0
0.0
0.0
0.0
0.0
0.0
0.0
0.0071920000000000005
0.046090000000000006
0.084081
0.13932
0.187583
0.21715299999999998
0.410018
0.43582299999999996
0.30751799999999996
0.09185
0.0
0.0
0.0
0.0
0.0
0.0
0.0
0.0
0.0
0.0
0.0
0.0
0.0
0.0
0.008052
0.047017
0.085952
0.11503100000000001
0.13056399999999999
0.131095
0.117753
0.091049
0.054074
0.052619
0.0
0.0
0.0
0.0
0.0
0.0
0.0
0.0
0.0
0.0
0.0
0.0
0.0
0.0
0.008863
0.048622
0.08740600000000001
0.14463900000000002
0.194158
0.225917
0.176404
0.115178
0.055433
0.015042999999999999
0.0
0.0
0.0
0.0
0.0
0.0
0.0
0.0
0.0
0.0
0.0
0.0
0.0
0.0
0.009804
0.050901
0.090296
0.180508
0.28310199999999996
0.359204
0.420428
0.394297
0.302942
0.088991
0.0
0.0
0.0
0.0
0.0
0.0
0.0
0.0
0.0
0.0
0.0
0.0
0.0
0.0
0.011499
0.051945
0.09205200000000001
0.121584
0.137548
0.13923
0.18799700000000003
0.20548
0.158442
0.041354
0.0
0.0
0.0
0.0
0.0
0.0
0.0
0.0
0.0
0.0
0.0
0.0
0.0
0.0
0.012428000000000002
0.054025
0.094417
0.123923
0.139682
0.141074
0.126584
0.09944199999999999
0.060208
0.018025
0.0
0.0
0.0
0.0
0.0
0.0
0.0
0.0
0.0
0.0
0.0
0.0
0.0
0.0
0.013353
0.055886000000000005
0.09609699999999999
0.12542
0.14103100000000002
0.14146199999999998
0.12798099999999998
0.100187
0.061918
0.018806999999999997
0.0
0.0
0.0
0.0
0.0
0.0
0.0
0.0
0.0
0.0
0.0
0.0
0.0
0.0
0.021848
0.111224
0.252041
0.476291
0.636619
0.669783
0.626052
0.520882
0.347183
0.118368
0.0
0.0
0.0
0.0
0.0
0.0
0.0
0.0
0.0
0.0
0.0
0.0
0.0
0.0
0.014596
0.056417
0.09623999999999999
0.125298
0.14058500000000002
0.141912
0.128021
0.100688
0.062949
0.020222
0.0
0.0
0.0
0.0
0.0
0.0
0.0
0.0
0.0
0.0
0.0
0.0
0.0
0.0
0.028454999999999998
0.099835
0.16705699999999998
0.18506899999999998
0.175155
0.14241
0.12848099999999998
0.10128400000000001
0.062991
0.021530999999999998
0.0
0.0
0.0
0.0
0.0
0.0
0.0
0.0
0.0
0.0
0.0
0.0
0.0
0.0
0.016907
0.058518
0.097898
0.12675799999999998
0.142894
0.14446799999999999
0.129707
0.102399
0.064001
0.022469000000000003
0.0
0.0
0.0
0.0
0.0
0.0
0.0
0.0
0.0
0.0
0.0
0.0
0.0
0.0
0.017915
0.060621
0.10007899999999999
0.264338
0.414313
0.5314059999999999
0.572629
0.510848
0.35350099999999995
0.130403
0.0012
0.0
0.0
0.0
0.0
0.0
0.0
0.0
0.0
0.0
0.0
0.0
0.0
0.0
0.06961400000000001
0.254558
0.43895
0.568286
0.628692
0.62803
0.571936
0.45435899999999996
0.27922399999999997
0.08530599999999999
0.0
0.0
0.0
0.0
0.0
0.0
0.0
0.0
0.0
0.0
0.0
0.0
0.0
0.0
0.074062
0.26210300000000003
0.44052600000000003
0.581273
0.642394
0.6403490000000001
0.5784579999999999
0.457117
0.26950999999999997
0.084169
0.0
0.0
0.0
0.0
0.0
0.0
0.0
0.0
0.0
0.0
0.0
0.0
0.0
0.0
0.014971
0.053281999999999996
0.092163
0.273601
0.46019600000000005
0.572612
0.560496
0.446324
0.288205
0.089422
7.6e-05
0.0
0.0
0.0
0.0
0.0
0.0
0.0
0.0
0.0
0.0
0.0
0.0
0.0
0.083836
0.266638
0.456656
0.580015
0.6381979999999999
0.63506
0.580941
0.463006
0.278005
0.09295
0.00047599999999999997
0.0
0.0
0.0
0.0
0.0
0.0
0.0
0.0
0.0
0.0
0.0
0.0
0.0
0.092308
0.274237
0.450489
0.5798150000000001
0.649593
0.65177
0.593075
0.47039
0.294176
0.097304
0.000969
0.0
0.0
0.0
0.0
0.0
0.0
0.0
0.0
0.0
0.0
0.0
0.0
0.0
0.033116
0.100604
0.17513900000000002
0.239328
0.313461
0.356974
0.36743200000000004
0.325561
0.223465
0.085232
0.001042
0.0
0.0
0.0
0.0
0.0
0.0
0.0
0.0
0.0
0.0
0.0
0.0
0.0
0.029306000000000002
0.073629
0.097812
0.127711
0.143617
0.144423
0.129256
0.101008
0.062895
0.022043
0.0
0.0
0.0
0.0
0.0
0.0
0.0
0.0
0.0
0.0
0.0
0.0
0.0
0.0007880000000000001
0.097593
0.25888
0.379987
0.482268
0.534073
0.532398
0.5477369999999999
0.46525
0.30216699999999996
0.106708
0.001593
0.0
0.0
0.0
0.0
0.0
0.0
0.0
0.0
0.0
0.0
0.0
0.0
0.0018919999999999998
0.112564
0.302873
0.483206
0.611654
0.6816180000000001
0.680661
0.623917
0.503245
0.308219
0.112305
0.002522
0.0
0.0
0.0
0.0
0.0
0.0
0.0
0.0
0.0
0.0
0.0
0.0
0.002434
0.1187
0.31583100000000003
0.506063
0.634658
0.7010639999999999
0.694954
0.6335109999999999
0.50906
0.312652
0.115826
0.003064
0.0
0.0
0.0
0.0
0.0
0.0
0.0
0.0
0.0
0.0
0.0
0.0
0.002954
0.122124
0.311392
0.48817200000000005
0.6180610000000001
0.6891090000000001
0.691436
0.628796
0.502891
0.310529
0.116928
0.003505
0.0
0.0
0.0
0.0
0.0
0.0
0.0
0.0
0.0
0.0
0.0
0.0
0.003417
0.125988
0.31576499999999996
0.492562
0.617193
0.683257
0.6815650000000001
0.6237849999999999
0.504649
0.314101
0.11898600000000001
0.0045650000000000005
0.0
0.0
0.0
0.0
0.0
0.0
0.0
0.0
0.0
0.0
0.0
0.0
0.003261
0.104878
0.22972
0.320109
0.43406599999999995
0.47919799999999996
0.47955000000000003
0.448233
0.34748700000000005
0.233769
0.092848
0.003182
0.0
0.0
0.0
0.0
0.0
0.0
0.0
0.0
0.0
0.0
0.0
0.0
0.0
0.045875
0.168703
0.331635
0.35952300000000004
0.327261
0.24678899999999998
0.23766
0.182317
0.117771
0.041593000000000005
0.0
0.0
0.0
0.0
0.0
0.0
0.0
0.0
0.0
0.0
0.0
0.0
0.0
0.005806
0.136388
0.308036
0.405291
0.50146
0.5556530000000001
0.549651
0.393454
0.215667
0.06922700000000001
0.028488
0.0
0.0
0.0
0.0
0.0
0.0
0.0
0.0
0.0
0.0
0.0
0.0
0.0
0.002732
0.097901
0.242057
0.411622
0.509046
0.561781
0.560101
0.455627
0.325453
0.179124
0.083018
0.00536
0.0
0.0
0.0
0.0
0.0
0.0
0.0
0.0
0.0
0.0
0.0
0.0
0.007043
0.11769199999999999
0.275269
0.419377
0.424281
0.382383
0.266318
0.270365
0.257316
0.18419
0.080047
0.005176
0.0
0.0
0.0
0.0
0.0
0.0
0.0
0.0
0.0
0.0
0.0
0.0
0.009986
0.149358
0.342935
0.518693
0.636597
0.601232
0.48230700000000004
0.370244
0.2533
0.127507
0.081021
0.00713
0.0
0.0
0.0
0.0
0.0
0.0
0.0
0.0
0.0
0.0
0.0
0.0
0.013389
0.143828
0.258301
0.199093
0.213858
0.199963
0.161502
0.145916
0.116297
0.076707
0.03243
0.00026700000000000004
0.0
0.0
0.0
0.0
0.0
0.0
0.0
0.0
0.0
0.0
0.0
0.0
0.013389
0.13947800000000002
0.317063
0.463811
0.5783339999999999
0.6354310000000001
0.634611
0.511629
0.351207
0.184786
0.076986
0.005495
0.0
0.0
0.0
0.0
0.0
0.0
0.0
0.0
0.0
0.0
0.0
0.0
0.001977
0.035806
0.07988500000000001
0.118864
0.14727099999999999
0.16061799999999998
0.16045099999999998
0.145317
0.11591599999999999
0.07681199999999999
0.033783
0.001074
0.0
0.0
0.0
0.0
0.0
0.0
0.0
0.0
0.0
0.0
0.0
0.0
0.002769
0.037638
0.082181
0.12181399999999999
0.150337
0.164502
0.16420099999999999
0.21582400000000002
0.223252
0.190362
0.06677
0.003853
0.0
0.0
0.0
0.0
0.0
0.0
0.0
0.0
0.0
0.0
0.0
0.0
0.003657
0.0669
0.200745
0.369045
0.392142
0.354934
0.269906
0.27260399999999996
0.230766
0.162499
0.07356499999999999
0.0077859999999999995
0.0
0.0
0.0
0.0
0.0
0.0
0.0
0.0
0.0
0.0
0.0
0.0
0.008811999999999999
0.065473
0.13684100000000002
0.200166
0.258321
0.2817
0.279826
0.252547
0.203155
0.129787
0.059277
0.005692999999999999
0.0
0.0
0.0
0.0
0.0
0.0
0.0
0.0
0.0
0.0
0.0
0.0
0.014539999999999999
0.084093
0.156834
0.21131
0.261867
0.28856400000000004
0.28774
0.216615
0.14702600000000002
0.080411
0.036808
0.002645
0.0
0.0
0.0
0.0
0.0
0.0
0.0
0.0
0.0
0.0
0.0
0.0
0.005974999999999999
0.043671
0.088515
0.128372
0.15701400000000001
0.17100800000000002
0.168835
0.187885
0.178551
0.138167
0.055985999999999994
0.004934999999999999
0.0
0.0
0.0
0.0
0.0
0.0
0.0
0.0
0.0
0.0
0.0
0.0
0.018294
0.092105
0.166207
0.220495
0.269274
0.294558
0.29158300000000004
0.26319
0.211596
0.136381
0.10545399999999999
0.019133
0.0
0.0
0.0
0.0
0.0
0.0
0.0
0.0
0.0
0.0
0.0
0.0
0.032345
0.176537
0.365635
0.535756
0.648956
0.6858759999999999
0.656968
0.562648
0.415769
0.249346
0.090821
0.009054
0.0
0.0
0.0
0.0
0.0
0.0
0.0
0.0
0.0
0.0
0.0
0.0
0.00841
0.079827
0.221409
0.380992
0.486002
0.546412
0.5560579999999999
0.515338
0.428847
0.29251299999999997
0.151481
0.024765000000000002
0.0
0.0
0.0
0.0
0.0
0.0
0.0
0.0
0.0
0.0
0.0
0.0
0.017693
0.082198
0.15688999999999997
0.220198
0.26409
0.283979
0.293073
0.265618
0.206102
0.14259
0.06872700000000001
0.010499000000000001
0.0
0.0
0.0
0.0
0.0
0.0
0.0
0.0
0.0
0.0
0.0
0.0
0.013951999999999999
0.076387
0.166179
0.2701
0.343087
0.396368
0.408412
0.328915
0.23182
0.14078100000000002
0.060196
0.007522
0.0
0.0
0.0
0.0
0.0
0.0
0.0
0.0
0.0
0.0
0.0
0.0
0.023927
0.155588
0.360882
0.5694819999999999
0.67365
0.712472
0.695101
0.667176
0.576619
0.41241300000000003
0.201391
0.035795
0.0
0.0
0.0
0.0
0.0
0.0
0.0
0.0
0.0
0.0
0.0
0.0
0.044159
0.17773599999999998
0.335733
0.465448
0.583755
0.65451
0.6768869999999999
0.60739
0.475725
0.315514
0.146274
0.025723
0.0
0.0
0.0
0.0
0.0
0.0
0.0
0.0
0.0
0.0
0.0
0.0
0.026799
0.095781
0.16771799999999998
0.237497
0.35087599999999997
0.453427
0.518891
0.478286
0.397923
0.273752
0.157318
0.034485999999999996
0.0
0.0
0.0
0.0
0.0
0.0
0.0
0.0
0.0
0.0
0.0
0.0
0.067292
0.251714
0.442405
0.578997
0.6760689999999999
0.7186910000000001
0.716639
0.662676
0.551252
0.388015
0.20308500000000002
0.04044
0.0
0.0
0.0
0.0
0.0
0.0
0.0
0.0
0.0
0.0
0.0
0.0
0.067823
0.253009
0.455787
0.6145499999999999
0.719037
0.769678
0.762475
0.694947
0.569431
0.403676
0.20565199999999997
0.042245
0.0
0.0
0.0
0.0
0.0
0.0
0.0
0.0
0.0
0.0
0.0
0.0
0.064141
0.233648
0.40746699999999997
0.557879
0.6093160000000001
0.594785
0.5259400000000001
0.41239299999999995
0.289909
0.162718
0.086048
0.019850000000000003
0.0
0.0
0.0
0.0
0.0
0.0
0.0
0.0
0.0
0.0
0.0
0.0
0.033455
0.118071
0.22955699999999998
0.335178
0.40677199999999997
0.422073
0.41708300000000004
0.44862599999999997
0.427621
0.336281
0.171233
0.039552
0.0
0.0
0.0
0.0
0.0
0.0
0.0
0.0
0.0
0.0
0.0
1.3e-05
0.07400799999999999
0.255135
0.446602
0.6010979999999999
0.675398
0.6721849999999999
0.622396
0.5728920000000001
0.473223
0.332678
0.180968
0.042686999999999996
0.0
0.0
0.0
0.0
0.0
0.0
0.0
0.0
0.0
0.0
0.0
0.000524
0.079454
0.24123
0.311437
0.24332900000000002
0.32395999999999997
0.38657400000000003
0.427839
0.315748
0.19205699999999998
0.09381999999999999
0.0635
0.018463999999999998
0.0
0.0
0.0
0.0
0.0
0.0
0.0
0.0
0.0
0.0
0.0
0.0
0.021182
0.078768
0.153972
0.23436099999999999
0.239965
0.219882
0.177095
0.199325
0.194683
0.160589
0.07695
0.016235
0.0
0.0
0.0
0.0
0.0
0.0
0.0
0.0
0.0
0.0
0.0
0.001522
0.089025
0.27301
0.43823700000000004
0.505938
0.6267820000000001
0.7009160000000001
0.722306
0.589015
0.38120499999999996
0.17258
0.10385899999999999
0.030838
0.0
0.0
0.0
0.0
0.0
0.0
0.0
0.0
0.0
0.0
0.0
0.000615
0.057044
0.14158400000000002
0.21800899999999998
0.24717599999999998
0.30058100000000004
0.30573500000000003
0.300108
0.28937799999999997
0.24129
0.170246
0.081577
0.018393
0.0
0.0
0.0
0.0
0.0
0.0
0.0
0.0
0.0
0.0
0.0
0.000162
0.044091
0.16530799999999998
0.339081
0.533198
0.6264310000000001
0.658528
0.647229
0.624966
0.558669
0.422411
0.222169
0.056915
0.0
0.0
0.0
0.0
0.0
0.0
0.0
0.0
0.0
0.0
0.0
0.003113
0.100455
0.28664999999999996
0.44280200000000003
0.511421
0.513967
0.458733
0.32536200000000004
0.285452
0.236794
0.176706
0.10826000000000001
0.034462000000000007
0.0
0.0
0.0
0.0
0.0
0.0
0.0
0.0
0.0
0.0
0.0
0.0
0.027684999999999998
0.07293300000000001
0.116944
0.15421
0.179285
0.191236
0.189652
0.173177
0.14497900000000002
0.105026
0.059079
0.016412
0.0
0.0
0.0
0.0
0.0
0.0
0.0
0.0
0.0
0.0
0.0
0.0
0.028444
0.073702
0.11876600000000001
0.156469
0.181654
0.194237
0.191776
0.174686
0.145123
0.105086
0.059664999999999996
0.017186
0.0
0.0
0.0
0.0
0.0
0.0
0.0
0.0
0.0
0.0
0.0
0.0
0.03007
0.075407
0.119792
0.15762600000000002
0.18325
0.196213
0.192851
0.176853
0.147215
0.10688299999999999
0.061096
0.017342
0.0
0.0
0.0
0.0
0.0
0.0
0.0
0.0
0.0
0.0
0.0
0.0
0.030806
0.076235
0.120673
0.15771700000000002
0.18256999999999998
0.194578
0.19043000000000002
0.17569200000000001
0.146862
0.10684
0.061564
0.018008
0.0
0.0
0.0
0.0
0.0
0.0
0.0
0.0
0.0
0.0
0.0
0.0
0.031604
0.076846
0.121914
0.15870900000000002
0.18306999999999998
0.195584
0.193939
0.17618199999999998
0.14674299999999998
0.107595
0.062106
0.018774000000000002
0.0
0.0
0.0
0.0
0.0
0.0
0.0
0.0
0.0
0.0
0.0
9.900000000000001e-05
0.03268
0.078584
0.122245
0.158115
0.19747399999999998
0.224532
0.23583500000000002
0.22850700000000002
0.202662
0.155451
0.094316
0.031251
0.0
0.0
0.0
0.0
0.0
0.0
0.0
0.0
0.0
0.0
0.0
0.010756
0.122304
0.313525
0.49406900000000004
0.6252190000000001
0.7214729999999999
0.7690159999999999
0.7649940000000001
0.7083590000000001
0.599958
0.439303
0.238786
0.06785200000000001
0.000424
0.0
0.0
0.0
0.0
0.0
0.0
0.0
0.0
0.0
0.0
0.012346
0.123377
0.31257799999999997
0.49106099999999997
0.6214679999999999
0.707182
0.730549
0.677212
0.60033
0.487027
0.345934
0.19713999999999998
0.061251
0.0
0.0
0.0
0.0
0.0
0.0
0.0
0.0
0.0
0.0
0.0
0.013865
0.12485800000000001
0.308944
0.462931
0.5222680000000001
0.542172
0.507717
0.435936
0.391621
0.339089
0.242911
0.127025
0.03929
0.0
0.0
0.0
0.0
0.0
0.0
0.0
0.0
0.0
0.0
0.0
0.010736
0.08081
0.16606700000000002
0.237153
0.26150999999999996
0.26542200000000005
0.239951
0.19397399999999998
0.178277
0.14991200000000002
0.111315
0.065853
0.022271
0.0
0.0
0.0
0.0
0.0
0.0
0.0
0.0
0.0
0.0
0.0
0.018513
0.134476
0.33053
0.507023
0.6478769999999999
0.732299
0.770415
0.759293
0.699397
0.592051
0.44014600000000004
0.246739
0.077394
0.001453
0.0
0.0
0.0
0.0
0.0
0.0
0.0
0.0
0.0
0.0
0.013604
0.039149
0.085152
0.129105
0.16466399999999998
0.188781
0.20128200000000002
0.19797
0.180587
0.151499
0.112542
0.067057
0.022833
0.0
0.0
0.0
0.0
0.0
0.0
0.0
0.0
0.0
0.0
0.0
0.003476
0.039805999999999994
0.085919
0.130369
0.167629
0.191089
0.201682
0.19716499999999998
0.22123400000000001
0.217968
0.18478
0.110352
0.040097
0.0
0.0
0.0
0.0
0.0
0.0
0.0
0.0
0.0
0.0
0.0
0.004171
0.040275
0.085065
0.126555
0.160173
0.264146
0.371348
0.446822
0.373272
0.28531
0.18276900000000001
0.09818099999999999
0.030758
0.0
0.0
0.0
0.0
0.0
0.0
0.0
0.0
0.0
0.0
0.0
0.005207
0.042311
0.185202
0.400961
0.606268
0.6997960000000001
0.740804
0.7299070000000001
0.590866
0.37694
0.189936
0.198774
0.080708
0.0030819999999999997
0.0
0.0
0.0
0.0
0.0
0.0
0.0
0.0
0.0
0.0
0.021311
0.07078799999999999
0.23504
0.46175099999999997
0.6579579999999999
0.745428
0.769824
0.728626
0.6545209999999999
0.530033
0.372892
0.229435
0.080508
0.0027949999999999997
0.0
0.0
0.0
0.0
0.0
0.0
0.0
0.0
0.0
0.0
0.027096
0.14796700000000002
0.33569
0.502942
0.6249170000000001
0.708474
0.749579
0.7429880000000001
0.666134
0.478748
0.253566
0.149316
0.056578
0.000535
0.0
0.0
0.0
0.0
0.0
0.0
0.0
0.0
0.0
0.0
0.027458
0.14761000000000002
0.32991000000000004
0.481851
0.561879
0.638583
0.6686259999999999
0.6572169999999999
0.599371
0.503697
0.372836
0.213908
0.07433799999999999
0.002885
0.0
0.0
0.0
0.0
0.0
0.0
0.0
0.0
0.0
0.0
0.015639
0.07230400000000001
0.143095
0.209084
0.269279
0.41854399999999997
0.541438
0.614857
0.494853
0.342026
0.184399
0.152168
0.069977
0.003599
0.0
0.0
0.0
0.0
0.0
0.0
0.0
0.0
0.0
0.0
0.0069489999999999994
0.043912999999999994
0.145833
0.298531
0.460168
0.463146
0.41426999999999997
0.32114800000000004
0.293803
0.255125
0.190189
0.129312
0.056478
0.002038
0.0
0.0
0.0
0.0
0.0
0.0
0.0
0.0
0.0
0.0
0.007909
0.045442
0.091269
0.13359200000000002
0.167764
0.19156299999999998
0.20154
0.19759200000000002
0.181029
0.153901
0.11532099999999999
0.087368
0.041479999999999996
0.000674
0.0
0.0
0.0
0.0
0.0
0.0
0.0
0.0
0.0
0.0
0.008648
0.046139
0.092064
0.1346
0.169161
0.192864
0.20339500000000002
0.20005199999999998
0.182998
0.155213
0.116923
0.072214
0.028725999999999998
0.0
0.0
0.0
0.0
0.0
0.0
0.0
0.0
0.0
0.0
0.0
0.008759000000000001
0.047449
0.094035
0.137295
0.17330099999999998
0.19767500000000002
0.208645
0.20530099999999998
0.18768
0.159362
0.119453
0.07470399999999999
0.029835
0.0
0.0
0.0
0.0
0.0
0.0
0.0
0.0
0.0
0.0
0.0
0.032375999999999995
0.157948
0.34170999999999996
0.5112289999999999
0.638672
0.7227210000000001
0.7539239999999999
0.735889
0.618965
0.486116
0.32131400000000004
0.175785
0.061908000000000005
0.0018700000000000001
0.0
0.0
0.0
0.0
0.0
0.0
0.0
0.0
0.0
0.0
0.016135
0.081023
0.174833
0.28032999999999997
0.387065
0.471134
0.527042
0.553416
0.5904299999999999
0.547691
0.438791
0.26214499999999996
0.092079
0.009382
0.0
0.0
0.0
0.0
0.0
0.0
0.0
0.0
0.0
0.0
0.038104
0.16442099999999998
0.34786500000000004
0.509708
0.62805
0.717272
0.7582960000000001
0.752574
0.697868
0.593904
0.446246
0.263355
0.09275499999999999
0.010041
0.0
0.0
0.0
0.0
0.0
0.0
0.0
0.0
0.0
0.0
0.037777
0.141037
0.235827
0.244568
0.165699
0.231286
0.28741500000000003
0.32454
0.262515
0.189454
0.117387
0.074174
0.031379000000000004
0.000275
0.0
0.0
0.0
0.0
0.0
0.0
0.0
0.0
0.0
0.0
0.021008
0.09511
0.206911
0.33805
0.465404
0.493213
0.48797
0.44883100000000004
0.404842
0.35097500000000004
0.264967
0.18494
0.082039
0.009878
0.0
0.0
0.0
0.0
0.0
0.0
0.0
0.0
0.0
0.0
0.029396000000000002
0.109007
0.19445300000000001
0.25794799999999996
0.279466
0.257229
0.203257
0.200932
0.226464
0.225766
0.19626
0.108042
0.039263
0.0009
0.0
0.0
0.0
0.0
0.0
0.0
0.0
0.0
0.0
0.0
0.012558
0.052011
0.14029
0.256397
0.39939199999999997
0.410844
0.394257
0.33625099999999997
0.35664100000000004
0.331736
0.27601400000000004
0.205475
0.09184099999999999
0.013499
0.0
0.0
0.0
0.0
0.0
0.0
0.0
0.0
0.0
0.0
0.044399
0.176506
0.364423
0.526884
0.638267
0.625976
0.47035000000000005
0.201487
0.184445
0.156575
0.118331
0.075433
0.032818
0.001747
0.0
0.0
0.0
0.0
0.0
0.0
0.0
0.0
0.0
0.0
0.020503
0.08480599999999999
0.21135900000000002
0.370095
0.531514
0.607438
0.643276
0.639567
0.566744
0.463313
0.328511
0.222938
0.097651
0.015134
0.0
0.0
0.0
0.0
0.0
0.0
0.0
0.0
0.0
0.0
0.043935
0.16856200000000002
0.330752
0.43699099999999996
0.47967899999999997
0.505563
0.498911
0.455787
0.410029
0.353522
0.26750799999999997
0.15194
0.062398
0.006384
0.0
0.0
0.0
0.0
0.0
0.0
0.0
0.0
0.0
0.0
0.017451
0.052134
0.09611499999999999
0.137119
0.169974
0.273434
0.377656
0.448975
0.412788
0.34524400000000005
0.262978
0.178268
0.08174
0.013242
0.0
0.0
0.0
0.0
0.0
0.0
0.0
0.0
0.0
0.0
0.043546999999999995
0.160145
0.28478699999999996
0.327809
0.272307
0.619736
0.719446
0.6603880000000001
0.633503
0.554593
0.428142
0.241381
0.088443
0.011159
0.0
0.0
0.0
0.0
0.0
0.0
0.0
0.0
0.0
0.0
0.044915
0.17244900000000002
0.34961200000000003
0.462325
0.47433600000000004
0.53774
0.567376
0.5593239999999999
0.479662
0.380793
0.266804
0.14223
0.051374
0.00323
0.0
0.0
0.0
0.0
0.0
0.0
0.0
0.0
0.0
0.0
0.015711
0.056110999999999994
0.101883
0.145281
0.18051
0.43581200000000003
0.636006
0.7395729999999999
0.5764980000000001
0.350717
0.127589
0.083059
0.037287
0.0042439999999999995
0.0
0.0
0.0
0.0
0.0
0.0
0.0
0.0
0.0
0.0
0.015762
0.055781
0.206726
0.415223
0.6201169999999999
0.663088
0.643574
0.579222
0.584327
0.530455
0.429025
0.263677
0.10925
0.021155
0.0
0.0
0.0
0.0
0.0
0.0
0.0
0.0
0.0
0.000174
0.050970999999999995
0.182191
0.369226
0.536207
0.664601
0.748301
0.78243
0.763984
0.706667
0.604574
0.45996
0.2827
0.11193600000000001
0.023667
0.0
0.0
0.0
0.0
0.0
0.0
0.0
0.0
0.0
0.0
0.016204999999999997
0.055454
0.183196
0.361183
0.540539
0.58762
0.590453
0.555297
0.586569
0.5432400000000001
0.437849
0.27451600000000004
0.111009
0.024100999999999997
0.0
0.0
0.0
0.0
0.0
0.0
0.0
0.0
0.0
0.0
0.02933
0.055812
0.219113
0.42851100000000003
0.607711
0.650124
0.627251
0.5402980000000001
0.503007
0.432713
0.33268000000000003
0.19872
0.086552
0.015155
0.0
0.0
0.0
0.0
0.0
0.0
0.0
0.0
0.0
0.0
0.016738
0.055067
0.182425
0.353845
0.533629
0.553206
0.492939
0.454567
0.477399
0.456757
0.37872500000000003
0.264641
0.111863
0.023996
0.0
0.0
0.0
0.0
0.0
0.0
0.0
0.0
0.0
0.0005570000000000001
0.052543999999999993
0.18068700000000001
0.358197
0.511785
0.6250789999999999
0.694616
0.710053
0.6618379999999999
0.635027
0.559492
0.435507
0.270623
0.111026
0.025093
0.0
0.0
0.0
0.0
0.0
0.0
0.0
0.0
0.0
0.0
0.030431999999999997
0.09186499999999999
0.16292099999999998
0.22732
0.28669
0.32527300000000003
0.343006
0.338787
0.310508
0.25965
0.200931
0.132365
0.064103
0.011602
0.0
0.0
0.0
0.0
0.0
0.0
0.0
0.0
0.0
0.0
0.030216
0.091737
0.142506
0.170358
0.172286
0.19500800000000001
0.20581200000000002
0.20331
0.187334
0.158805
0.122732
0.080775
0.039027
0.006012
0.0
0.0
0.0
0.0
0.0
0.0
0.0
0.0
0.0
0.0
0.017512
0.056529
0.122208
0.201854
0.285392
0.320457
0.335938
0.330199
0.305316
0.269287
0.206891
0.151474
0.080399
0.018457
0.0
0.0
0.0
0.0
0.0
0.0
0.0
0.0
0.0
0.0010869999999999999
0.053808
0.17361600000000002
0.298685
0.34375
0.286
0.449716
0.581683
0.66075
0.549847
0.416976
0.28155
0.181826
0.088114
0.019112999999999998
0.0
0.0
0.0
0.0
0.0
0.0
0.0
0.0
0.0
0.0
0.031495
0.092473
0.161326
0.225639
0.28424099999999997
0.274877
0.255234
0.200323
0.187651
0.161918
0.126859
0.08407899999999999
0.041508
0.007019999999999999
0.0
0.0
0.0
0.0
0.0
0.0
0.0
0.0
0.0
0.001
0.054519
0.172296
0.33518000000000003
0.481371
0.597216
0.642134
0.6286090000000001
0.5614410000000001
0.551404
0.492192
0.39269600000000005
0.276846
0.12192499999999999
0.028652
0.0
0.0
0.0
0.0
0.0
0.0
0.0
0.0
0.0
0.001488
0.054861
0.17171799999999998
0.30398899999999995
0.37432499999999996
0.38577
0.502196
0.5815670000000001
0.621269
0.5800339999999999
0.493758
0.375539
0.256998
0.11862600000000001
0.029462
0.0
0.0
0.0
0.0
0.0
0.0
0.0
0.0
0.0
0.0014470000000000002
0.055877
0.181313
0.35545699999999997
0.5072559999999999
0.621092
0.6910620000000001
0.7184360000000001
0.7032849999999999
0.664235
0.575699
0.445219
0.28035899999999997
0.120355
0.029803
0.0
0.0
0.0
0.0
0.0
0.0
0.0
0.0
0.0
0.0
0.042881
0.121614
0.200376
0.251502
0.275649
0.272776
0.25486000000000003
0.200069
0.22450299999999998
0.226011
0.201643
0.11852800000000001
0.050603999999999996
0.008114000000000001
0.0
0.0
0.0
0.0
0.0
0.0
0.0
0.0
0.0
0.0008900000000000001
0.052425
0.17582
0.324822
0.422197
0.459758
0.5474049999999999
0.6130950000000001
0.627737
0.586196
0.505559
0.387589
0.249137
0.114611
0.030295000000000002
0.0
0.0
0.0
0.0
0.0
0.0
0.0
0.0
0.0
0.000997
0.052968
0.145291
0.279586
0.41692700000000005
0.5412680000000001
0.5850420000000001
0.5913619999999999
0.5576230000000001
0.488674
0.383394
0.271473
0.18031899999999998
0.089863
0.022206
0.0
0.0
0.0
0.0
0.0
0.0
0.0
0.0
0.0
0.001933
0.056698
0.18217
0.357024
0.513146
0.63416
0.684345
0.646295
0.553527
0.531577
0.47643599999999997
0.381485
0.23785499999999998
0.107127
0.028157
0.0
0.0
0.0
0.0
0.0
0.0
0.0
0.0
0.0
0.0009419999999999999
0.052493000000000005
0.159204
0.29024700000000003
0.39687900000000004
0.462526
0.505471
0.479467
0.440034
0.417528
0.35935500000000004
0.274183
0.181484
0.09047799999999999
0.023469
0.0
0.0
0.0
0.0
0.0
0.0
0.0
0.0
0.0
0.0
0.046768000000000004
0.141215
0.311815
0.486763
0.611177
0.689071
0.6931130000000001
0.622855
0.529413
0.4059
0.27304
0.18043700000000001
0.090235
0.023183
0.0
0.0
0.0
0.0
0.0
0.0
0.0
0.0
0.0
0.0013340000000000001
0.052348
0.165023
0.321022
0.459726
0.570546
0.613754
0.607649
0.545549
0.576214
0.535077
0.434887
0.265115
0.113401
0.02892
0.0
0.0
0.0
0.0
0.0
0.0
0.0
0.0
0.0
0.0008900000000000001
0.053204
0.177985
0.348511
0.500445
0.61574
0.681909
0.7005309999999999
0.6621079999999999
0.546139
0.38267
0.205241
0.120309
0.052793999999999994
0.009686
0.0
0.0
0.0
0.0
0.0
0.0
0.0
0.0
0.0
0.0
0.018057
0.056584
0.121167
0.201941
0.278138
0.323743
0.342418
0.33827300000000005
0.26722500000000005
0.198185
0.126872
0.105007
0.063594
0.018354
0.0
0.0
0.0
0.0
0.0
0.0
0.0
0.0
0.0
0.0
0.047549
0.141496
0.296314
0.458563
0.596383
0.677575
0.718712
0.714908
0.66316
0.5715
0.44195
0.28576
0.128892
0.034475
0.0
0.0
0.0
0.0
0.0
0.0
0.0
0.0
0.0
0.001374
0.052446
0.166827
0.29439299999999996
0.36623500000000003
0.37972100000000003
0.459345
0.511142
0.544197
0.44914299999999996
0.337577
0.210897
0.237119
0.128965
0.03557
0.0
0.0
0.0
0.0
0.0
0.0
0.0
0.0
0.0
0.0
0.04598
0.120616
0.213288
0.301877
0.378675
0.496435
0.576032
0.6219690000000001
0.6117250000000001
0.555209
0.444498
0.260458
0.103147
0.018833
0.0
0.0
0.0
0.0
0.0
0.0
0.0
0.0
0.0
0.0
0.023389
0.056304
0.099282
0.13943899999999998
0.172509
0.195535
0.206507
0.205038
0.190856
0.164582
0.128607
0.14252
0.097164
0.032424
0.0
0.0
0.0
0.0
0.0
0.0
0.0
0.0
0.0
0.000438
0.044622999999999996
0.15730000000000002
0.31796800000000003
0.478738
0.6114189999999999
0.6825650000000001
0.704934
0.6814990000000001
0.581851
0.440548
0.278673
0.187418
0.096572
0.026598
0.0
0.0
0.0
0.0
0.0
0.0
0.0
0.0
0.0
0.0
0.031571999999999996
0.09181199999999999
0.140922
0.168906
0.170851
0.233376
0.296635
0.33354700000000004
0.344757
0.33427100000000004
0.27964
0.22543000000000002
0.12425499999999999
0.038081000000000004
0.0
0.0
0.0
0.0
0.0
0.0
0.0
0.0
0.0
0.001881
0.052704
0.171933
0.333747
0.475733
0.5786079999999999
0.637368
0.6597949999999999
0.633415
0.577806
0.4973
0.387826
0.25605500000000003
0.121473
0.036356
0.0
0.0
0.0
0.0
0.0
0.0
0.0
0.0
0.0
0.0014119999999999998
0.052403
0.175582
0.338497
0.4632
0.53192
0.5431710000000001
0.506368
0.40776799999999996
0.425307
0.4033
0.34517899999999996
0.272167
0.13401400000000002
0.038139000000000006
0.0
0.0
0.0
0.0
0.0
0.0
0.0
0.0
0.0
0.001928
0.053124000000000005
0.176725
0.34496699999999997
0.466737
0.518319
0.5223669999999999
0.461004
0.33114299999999997
0.454824
0.481273
0.420059
0.28230700000000003
0.132207
0.037932
0.0
0.0
0.0
0.0
0.0
0.0
0.0
0.0
0.0
0.000945
0.050576
0.164446
0.334204
0.49324900000000005
0.609953
0.684816
0.7123200000000001
0.705682
0.61926
0.466577
0.276221
0.15584
0.065084
0.010425
0.0
0.0
0.0
0.0
0.0
0.0
0.0
0.0
0.0
0.0
0.017639
0.056084
0.121469
0.199004
0.278864
0.31697000000000003
0.336137
0.33426799999999995
0.357005
0.337715
0.28533
0.176031
0.083735
0.020591
0.0
0.0
0.0
0.0
0.0
0.0
0.0
0.0
0.0
0.001477
0.05428
0.175924
0.34625799999999995
0.473738
0.529969
0.6219750000000001
0.679098
0.697333
0.628937
0.5299969999999999
0.39632799999999996
0.260843
0.123913
0.037253
0.0
0.0
0.0
0.0
0.0
0.0
0.0
0.0
0.0
0.0
0.017528
0.055139
0.09823
0.138379
0.172102
0.195166
0.206762
0.20529599999999998
0.190943
0.165282
0.12919399999999998
0.088181
0.046132
0.011236000000000001
0.0
0.0
0.0
0.0
0.0
0.0
0.0
0.0
0.0
0.0
0.016633
0.054681
0.09692
0.13595
0.167488
0.270652
0.373132
0.445872
0.413932
0.35886599999999996
0.277488
0.186879
0.094345
0.027125
0.0
0.0
0.0
0.0
0.0
0.0
0.0
0.0
0.0
0.0
0.036116
0.114141
0.206621
0.292686
0.367636
0.445758
0.496289
0.53006
0.48051699999999997
0.386882
0.280883
0.201464
0.10861
0.033124
0.0
0.0
0.0
0.0
0.0
0.0
0.0
0.0
0.0
0.0009130000000000001
0.049241
0.167064
0.33017599999999997
0.469088
0.5558719999999999
0.591388
0.5522480000000001
0.453867
0.511291
0.502052
0.42304899999999995
0.28239800000000004
0.132075
0.036863999999999994
0.0
0.0
0.0
0.0
0.0
0.0
0.0
0.0
0.0
0.000874
0.048686
0.16567199999999999
0.330793
0.478921
0.5909690000000001
0.6635829999999999
0.6922740000000001
0.675176
0.605681
0.505556
0.375173
0.256856
0.125934
0.038563
0.0
0.0
0.0
0.0
0.0
0.0
0.0
0.0
0.0
7.5e-05
0.052438000000000005
0.17299799999999999
0.33840499999999996
0.480394
0.577747
0.6421290000000001
0.664563
0.639736
0.532024
0.39345600000000003
0.241136
0.12843100000000002
0.046128999999999996
0.010990999999999999
0.0
0.0
0.0
0.0
0.0
0.0
0.0
0.0
0.0
0.0
0.028534
0.08763
0.146241
0.193916
0.223982
0.234009
0.226559
0.200846
0.188008
0.16376400000000002
0.128761
0.088059
0.045397
0.010553000000000002
0.0
0.0
0.0
0.0
0.0
0.0
0.0
0.0
0.0
0.0
0.015747
0.052058999999999994
0.09461
0.134375
0.16781800000000002
0.190404
0.202411
0.200637
0.186586
0.161436
0.127228
0.08622
0.044725
0.010332000000000001
0.0
0.0
0.0
0.0
0.0
0.0
0.0
0.0
0.0
0.0
0.014983
0.052026
0.094375
0.133942
0.16700399999999999
0.189331
0.200435
0.199261
0.271197
0.296813
0.275067
0.15646000000000002
0.064023
0.010228999999999999
0.0
0.0
0.0
0.0
0.0
0.0
0.0
0.0
0.0
0.0
0.014828
0.050757
0.113133
0.18909
0.26843700000000004
0.31278100000000003
0.33136200000000005
0.328582
0.33777300000000005
0.31979399999999997
0.270079
0.154666
0.06379
0.010267
0.0
0.0
0.0
0.0
0.0
0.0
0.0
0.0
0.0
0.0
0.037645000000000005
0.083333
0.168516
0.26556599999999997
0.363724
0.407029
0.444084
0.442304
0.476165
0.455686
0.383791
0.251932
0.11963800000000001
0.034915
0.0
0.0
0.0
0.0
0.0
0.0
0.0
0.0
0.0
0.0
0.045776000000000004
0.152692
0.317327
0.470229
0.5891369999999999
0.6701849999999999
0.709273
0.701806
0.647805
0.551135
0.420785
0.26672
0.12191500000000001
0.034827
0.0
0.0
0.0
0.0
0.0
0.0
0.0
0.0
0.0
0.0
0.044344999999999996
0.15893100000000002
0.32556999999999997
0.476734
0.589995
0.66686
0.707032
0.6968730000000001
0.652192
0.5655410000000001
0.44083
0.292345
0.133855
0.035382
0.0
0.0
0.0
0.0
0.0
0.0
0.0
0.0
0.0
0.0
0.043736
0.150922
0.311624
0.459698
0.5715990000000001
0.643417
0.67377
0.658505
0.611293
0.5323150000000001
0.41910899999999995
0.251003
0.107768
0.025265
0.0
0.0
0.0
0.0
0.0
0.0
0.0
0.0
0.0
0.0
0.043335
0.15281999999999998
0.32032900000000003
0.47319900000000004
0.590253
0.668617
0.704096
0.6935359999999999
0.646447
0.5622240000000001
0.437256
0.289619
0.129883
0.03495
0.0
0.0
0.0
0.0
0.0
0.0
0.0
0.0
0.0
0.0
0.042205
0.14989
0.31218599999999996
0.463346
0.580295
0.655773
0.693265
0.6853940000000001
0.6428529999999999
0.5573680000000001
0.434008
0.28063099999999996
0.126676
0.034277999999999996
0.0
0.0
0.0
0.0
0.0
0.0
0.0
0.0
0.0
0.0
0.042105
0.149897
0.315193
0.46683800000000003
0.5822609999999999
0.662559
0.70198
0.700797
0.656945
0.5719690000000001
0.44565899999999997
0.2891
0.127549
0.033423
0.0
0.0
0.0
0.0
0.0
0.0
0.0
0.0
0.0
0.0
0.041298
0.148813
0.31361900000000004
0.465202
0.5805370000000001
0.661096
0.705598
0.704705
0.65847
0.574582
0.446759
0.28527600000000003
0.125107
0.031038
0.0
0.0
0.0
0.0
0.0
0.0
0.0
0.0
0.0
0.0
0.041421
0.147175
0.31296199999999996
0.46793599999999996
0.585609
0.660179
0.6941309999999999
0.6852699999999999
0.652158
0.566126
0.437507
0.262287
0.109482
0.023755
0.0
0.0
0.0
0.0
0.0
0.0
0.0
0.0
0.0
0.0
0.011208000000000001
0.046694
0.08924599999999999
0.129469
0.16308799999999998
0.18647999999999998
0.19880899999999999
0.19805099999999998
0.18509399999999998
0.159409
0.124693
0.084209
0.042619
0.008909
0.0
0.0
0.0
0.0
0.0
0.0
0.0
0.0
0.0
0.0
0.035127000000000005
0.128728
0.27931599999999995
0.43823700000000004
0.571408
0.658932
0.7018490000000001
0.7044170000000001
0.654457
0.564922
0.43523500000000004
0.28821199999999997
0.129719
0.032631
0.0
0.0
0.0
0.0
0.0
0.0
0.0
0.0
0.0
0.0
0.038405999999999996
0.149894
0.31437099999999996
0.469887
0.5879489999999999
0.659836
0.682701
0.646215
0.6277079999999999
0.5585410000000001
0.441242
0.277844
0.12111
0.029903
0.0
0.0
0.0
0.0
0.0
0.0
0.0
0.0
0.0
0.0
0.019295000000000003
0.075685
0.12693300000000002
0.158051
0.162616
0.266237
0.373751
0.451986
0.47248399999999996
0.453923
0.379668
0.26867599999999997
0.127328
0.031609000000000005
0.0
0.0
0.0
0.0
0.0
0.0
0.0
0.0
0.0
0.0
0.037848
0.146917
0.313387
0.47195299999999996
0.5929650000000001
0.679065
0.7245539999999999
0.7227859999999999
0.675389
0.5833039999999999
0.45356799999999997
0.289901
0.127343
0.031082000000000002
0.0
0.0
0.0
0.0
0.0
0.0
0.0
0.0
0.0
0.0
0.036588999999999997
0.143071
0.30686
0.46260500000000004
0.581589
0.6588579999999999
0.695849
0.690943
0.646892
0.5536230000000001
0.406618
0.27485000000000004
0.12180500000000001
0.029362
0.0
0.0
0.0
0.0
0.0
0.0
0.0
0.0
0.0
0.0
0.030905000000000002
0.118972
0.261297
0.4083
0.5295850000000001
0.6061
0.64379
0.636892
0.610998
0.538556
0.42533499999999996
0.241312
0.083875
0.007318
0.0
0.0
0.0
0.0
0.0
0.0
0.0
0.0
0.0
0.0
0.025408
0.070988
0.171887
0.30067
0.433168
0.533073
0.610168
0.632047
0.614053
0.543811
0.43448899999999996
0.27558
0.118373
0.028655
0.0
0.0
0.0
0.0
0.0
0.0
0.0
0.0
0.0
0.0
0.03432
0.138982
0.30576600000000004
0.468753
0.595408
0.682119
0.725947
0.7261340000000001
0.67792
0.590214
0.45453
0.287586
0.12303499999999999
0.028474
0.0
0.0
0.0
0.0
0.0
0.0
0.0
0.0
0.0
0.0
0.033847999999999996
0.137983
0.305679
0.46852999999999995
0.5932540000000001
0.671377
0.707266
0.687812
0.640076
0.549746
0.422587
0.265257
0.112953
0.026719
0.0
0.0
0.0
0.0
0.0
0.0
0.0
0.0
0.0
0.0
0.027963000000000002
0.131061
0.29444
0.450796
0.5684819999999999
0.6436459999999999
0.67023
0.650306
0.6081319999999999
0.522795
0.40216199999999996
0.24209
0.101092
0.020594
0.0
0.0
0.0
0.0
0.0
0.0
0.0
0.0
0.0
0.0
0.014574
0.06746200000000001
0.15302600000000002
0.251701
0.35463
0.373805
0.365882
0.31849700000000003
0.260353
0.190167
0.120177
0.079418
0.037607999999999996
0.005343
0.0
0.0
0.0
0.0
0.0
0.0
0.0
0.0
0.0
0.0
0.0069429999999999995
0.041296
0.083929
0.125677
0.161742
0.18631299999999998
0.199685
0.19966399999999998
0.18418
0.157634
0.121792
0.080047
0.037039
0.00536
0.0
0.0
0.0
0.0
0.0
0.0
0.0
0.0
0.0
0.0
0.006921999999999999
0.040525
0.08340900000000001
0.126295
0.162136
0.187134
0.199517
0.197344
0.183651
0.158733
0.12235800000000001
0.079886
0.037215000000000005
0.0053620000000000004
0.0
0.0
0.0
0.0
0.0
0.0
0.0
0.0
0.0
0.0
0.014772
0.06595999999999999
0.13464500000000001
0.20034200000000002
0.254315
0.25947000000000003
0.236308
0.19424
0.266625
0.289402
0.26531
0.158246
0.06714
0.010096
0.0
0.0
0.0
0.0
0.0
0.0
0.0
0.0
0.0
0.0
0.027329999999999997
0.125721
0.294106
0.444603
0.53443
0.618279
0.659997
0.647222
0.636732
0.5623210000000001
0.437594
0.271712
0.111763
0.0232
0.0
0.0
0.0
0.0
0.0
0.0
0.0
0.0
0.0
0.0
0.0269
0.12006900000000001
0.281488
0.435995
0.553539
0.614182
0.619672
0.580525
0.520408
0.430581
0.310084
0.19844399999999998
0.08711400000000001
0.015896
0.0
0.0
0.0
0.0
0.0
0.0
0.0
0.0
0.0
0.0
0.026126999999999997
0.11725400000000001
0.278221
0.437459
0.561348
0.643273
0.678278
0.6719539999999999
0.6266369999999999
0.538814
0.408636
0.253881
0.101645
0.019262
0.0
0.0
0.0
0.0
0.0
0.0
0.0
0.0
0.0
0.0
0.024269
0.114703
0.274796
0.43345999999999996
0.55829
0.6377820000000001
0.6581589999999999
0.617297
0.6141380000000001
0.54718
0.420757
0.25649
0.10125
0.018166
0.0
0.0
0.0
0.0
0.0
0.0
0.0
0.0
0.0
0.0
0.016221
0.089229
0.211842
0.350553
0.473648
0.5118779999999999
0.49843200000000004
0.430902
0.334123
0.21781299999999998
0.11462699999999999
0.072285
0.030761
0.002418
0.0
0.0
0.0
0.0
0.0
0.0
0.0
0.0
0.0
0.0
0.004046999999999999
0.034521
0.077398
0.120836
0.15724000000000002
0.181648
0.19433799999999998
0.19253299999999998
0.177844
0.152007
0.11531
0.18709299999999998
0.09932099999999999
0.017348
0.0
0.0
0.0
0.0
0.0
0.0
0.0
0.0
0.0
0.0
0.011318
0.077441
0.237422
0.43736200000000003
0.585667
0.68267
0.729091
0.725304
0.674983
0.57143
0.423894
0.24060499999999999
0.088905
0.010962
0.0
0.0
0.0
0.0
0.0
0.0
0.0
0.0
0.0
0.0
0.006055
0.033491
0.075125
0.117127
0.153297
0.17795
0.190576
0.189507
0.17503200000000002
0.149415
0.11238
0.07060599999999999
0.02927
0.0016619999999999998
0.0
0.0
0.0
0.0
0.0
0.0
0.0
0.0
0.0
0.0
0.0025659999999999997
0.032807
0.091482
0.168736
0.256878
0.29769
0.31871499999999997
0.316583
0.29243
0.241214
0.183126
0.127685
0.059516
0.0068449999999999995
0.0
0.0
0.0
0.0
0.0
0.0
0.0
0.0
0.0
0.0
0.014506
0.08660599999999999
0.163085
0.197077
0.152474
0.178228
0.191028
0.189863
0.251461
0.27805399999999997
0.249755
0.19689199999999998
0.08801
0.012028
0.0
0.0
0.0
0.0
0.0
0.0
0.0
0.0
0.0
0.0
0.016245000000000002
0.10671
0.27250599999999997
0.44557100000000005
0.590206
0.6744439999999999
0.673062
0.597579
0.542215
0.46290499999999996
0.346493
0.231178
0.090362
0.010745
0.0
0.0
0.0
0.0
0.0
0.0
0.0
0.0
0.0
0.0
0.015604
0.09234300000000001
0.250578
0.428456
0.5659379999999999
0.649615
0.670253
0.626236
0.586208
0.513203
0.391309
0.232673
0.086718
0.009282
0.0
0.0
0.0
0.0
0.0
0.0
0.0
0.0
0.0
0.0
0.014067999999999999
0.090714
0.248114
0.426816
0.5654589999999999
0.6505789999999999
0.68213
0.6600689999999999
0.620248
0.53012
0.39555
0.20793299999999998
0.065023
0.001693
0.0
0.0
0.0
0.0
0.0
0.0
0.0
0.0
0.0
0.0
0.010417999999999998
0.066816
0.145171
0.204774
0.238816
0.45610700000000004
0.6033719999999999
0.662476
0.5721499999999999
0.41426799999999997
0.237029
0.118226
0.036642
0.0
0.0
0.0
0.0
0.0
0.0
0.0
0.0
0.0
0.0
0.0
0.013214
0.10158400000000001
0.260556
0.404266
0.466472
0.581375
0.644721
0.663233
0.612118
0.511148
0.36777499999999996
0.182972
0.050107
0.0
0.0
0.0
0.0
0.0
0.0
0.0
0.0
0.0
0.0
0.0
0.012473000000000001
0.10111
0.263715
0.42266699999999996
0.5256580000000001
0.573889
0.564233
0.513421
0.466674
0.407565
0.299164
0.21163300000000002
0.083037
0.005774
0.0
0.0
0.0
0.0
0.0
0.0
0.0
0.0
0.0
0.0
0.011856
0.10101
0.265235
0.437835
0.569658
0.671014
0.715858
0.701549
0.6563680000000001
0.5585220000000001
0.411185
0.234707
0.08132299999999999
0.004498
0.0
0.0
0.0
0.0
0.0
0.0
0.0
0.0
0.0
0.0
0.0103
0.098682
0.263501
0.436299
0.568472
0.660515
0.6993039999999999
0.691963
0.642174
0.545111
0.402566
0.228578
0.078191
0.003633
0.0
0.0
0.0
0.0
0.0
0.0
0.0
0.0
0.0
0.0
0.006601
0.045476
0.111714
0.180224
0.236673
0.39022199999999996
0.507933
0.574589
0.5891230000000001
0.527553
0.392882
0.222683
0.074042
0.002362
0.0
0.0
0.0
0.0
0.0
0.0
0.0
0.0
0.0
0.0
0.0019119999999999999
0.02548
0.06613899999999999
0.108054
0.14346799999999998
0.168655
0.180353
0.17916100000000001
0.20052699999999998
0.19825299999999998
0.16627799999999998
0.08583299999999999
0.024984000000000003
0.0
0.0
0.0
0.0
0.0
0.0
0.0
0.0
0.0
0.0
0.0
0.002979
0.069086
0.222156
0.410494
0.5564880000000001
0.636173
0.634897
0.568684
0.581654
0.485438
0.35356299999999996
0.205234
0.067948
0.001613
0.0
0.0
0.0
0.0
0.0
0.0
0.0
0.0
0.0
0.0
0.006426
0.09032899999999999
0.251602
0.421377
0.556935
0.647239
0.686538
0.679976
0.6349009999999999
0.537635
0.391942
0.215782
0.067897
0.001108
0.0
0.0
0.0
0.0
0.0
0.0
0.0
0.0
0.0
0.0
0.006056
0.08920399999999999
0.250638
0.42036
0.555169
0.649942
0.695868
0.691323
0.6408619999999999
0.53659
0.388101
0.212368
0.06566
0.001119
0.0
0.0
0.0
0.0
0.0
0.0
0.0
0.0
0.0
0.0
0.004947
0.08770099999999999
0.248092
0.417379
0.550526
0.638955
0.676045
0.668783
0.619461
0.5185109999999999
0.375141
0.20581200000000002
0.06307399999999999
0.0006580000000000001
0.0
0.0
0.0
0.0
0.0
0.0
0.0
0.0
0.0
0.0
0.0033490000000000004
0.07309099999999999
0.195002
0.308025
0.376495
0.563327
0.656164
0.666924
0.606313
0.481199
0.307025
0.178506
0.05702
0.000211
0.0
0.0
0.0
0.0
0.0
0.0
0.0
0.0
0.0
0.0
0.001221
0.052344999999999996
0.142465
0.236541
0.314921
0.37633
0.402161
0.396769
0.364645
0.29744600000000004
0.213293
0.098372
0.022909
0.0
0.0
0.0
0.0
0.0
0.0
0.0
0.0
0.0
0.0
0.0
0.0
0.051732
0.14099199999999998
0.237437
0.317953
0.38082900000000003
0.407437
0.40351600000000004
0.333611
0.251349
0.15537399999999998
0.097005
0.032497
0.0
0.0
0.0
0.0
0.0
0.0
0.0
0.0
0.0
0.0
0.0
0.00036899999999999997
0.020837
0.06051
0.102181
0.137153
0.161815
0.17233500000000002
0.170805
0.224249
0.24665
0.21139
0.133128
0.043417000000000004
0.0
0.0
0.0
0.0
0.0
0.0
0.0
0.0
0.0
0.0
0.0
0.0022919999999999998
0.07936199999999999
0.239869
0.413158
0.5471269999999999
0.635696
0.672692
0.664136
0.589309
0.415105
0.20675
0.12896100000000002
0.041412
0.0
0.0
0.0
0.0
0.0
0.0
0.0
0.0
0.0
0.0
0.0
0.001815
0.077636
0.23713800000000002
0.40993799999999997
0.548473
0.619565
0.662278
0.6554690000000001
0.600043
0.498202
0.350833
0.18249500000000002
0.048396
0.0
0.0
0.0
0.0
0.0
0.0
0.0
0.0
0.0
0.0
0.0
0.001825
0.076122
0.23375800000000002
0.405561
0.541191
0.611794
0.56448
0.39432100000000003
0.35882600000000003
0.289519
0.203507
0.132212
0.040582
0.0
0.0
0.0
0.0
0.0
0.0
0.0
0.0
0.0
0.0
0.0
0.0
0.033698
0.10984300000000001
0.213651
0.31006
0.362212
0.387305
0.38115699999999997
0.321456
0.24071199999999998
0.148279
0.06828400000000001
0.013904
0.0
0.0
0.0
0.0
0.0
0.0
0.0
0.0
0.0
0.0
0.0
0.0
0.01871
0.058046999999999994
0.099687
0.135571
0.178647
0.209679
0.226189
0.221303
0.194388
0.14513
0.07650799999999999
0.018805
0.0
0.0
0.0
0.0
0.0
0.0
0.0
0.0
0.0
0.0
0.0
0.000438
0.06488200000000001
0.21393399999999999
0.38517399999999996
0.532946
0.6136889999999999
0.6471330000000001
0.624971
0.5706559999999999
0.46870999999999996
0.331399
0.174848
0.040631999999999995
0.0
0.0
0.0
0.0
0.0
0.0
0.0
0.0
0.0
0.0
0.0
0.0
0.056254
0.161769
0.249108
0.309987
0.395548
0.46489199999999997
0.47814999999999996
0.406811
0.31456599999999996
0.2004
0.12959700000000002
0.033981000000000004
0.0
0.0
0.0
0.0
0.0
0.0
0.0
0.0
0.0
0.0
0.0
0.00046800000000000005
0.074593
0.232261
0.344017
0.31190300000000004
0.528953
0.668498
0.692318
0.607445
0.418721
0.202382
0.101398
0.0229
0.0
0.0
0.0
0.0
0.0
0.0
0.0
0.0
0.0
0.0
0.0
0.000502
0.073342
0.242738
0.422468
0.5527340000000001
0.636557
0.674725
0.663969
0.6073500000000001
0.50373
0.349615
0.171904
0.034268
0.0
0.0
0.0
0.0
0.0
0.0
0.0
0.0
0.0
0.0
0.0
1e-05
0.070618
0.23755600000000002
0.42095699999999997
0.553529
0.643462
0.684894
0.672234
0.608995
0.49600700000000003
0.338254
0.162548
0.031117000000000002
0.0
0.0
0.0
0.0
0.0
0.0
0.0
0.0
0.0
0.0
0.0
0.0
0.050384
0.153014
0.24343199999999998
0.304416
0.358349
0.393909
0.38800799999999996
0.343651
0.28026
0.191853
0.077372
0.009997
0.0
0.0
0.0
0.0
0.0
0.0
0.0
0.0
0.0
0.0
0.0
0.0
0.056513
0.1679
0.233988
0.224726
0.29815800000000003
0.370778
0.406204
0.36848899999999996
0.29862099999999997
0.197196
0.101348
0.019441
0.0
0.0
0.0
0.0
0.0
0.0
0.0
0.0
0.0
0.0
0.0
0.0
0.015957000000000002
0.069468
0.14363499999999998
0.223969
0.29538600000000004
0.364981
0.40009500000000003
0.398001
0.365467
0.258608
0.133144
0.022952999999999998
0.0
0.0
0.0
0.0
0.0
0.0
0.0
0.0
0.0
0.0
0.0
0.0
0.060472
0.22370500000000001
0.41764100000000004
0.5667409999999999
0.6629299999999999
0.686995
0.630635
0.589138
0.487875
0.333371
0.155621
0.023709
0.0
0.0
0.0
0.0
0.0
0.0
0.0
0.0
0.0
0.0
0.0
0.0
0.063665
0.236011
0.41744099999999995
0.556826
0.640535
0.667747
0.643967
0.59068
0.483834
0.328728
0.150722
0.021647
0.0
0.0
0.0
0.0
0.0
0.0
0.0
0.0
0.0
0.0
0.0
0.0
0.062454
0.233497
0.41173200000000004
0.5491130000000001
0.639505
0.6792039999999999
0.668678
0.613272
0.501393
0.339565
0.149114
0.019336
0.0
0.0
0.0
0.0
0.0
0.0
0.0
0.0
0.0
0.0
0.0
0.0
0.059799
0.224168
0.399824
0.522597
0.57569
0.561234
0.465358
0.387994
0.28447100000000003
0.174623
0.07769499999999999
0.008544000000000001
0.0
0.0
0.0
0.0
0.0
0.0
0.0
0.0
0.0
0.0
0.0
0.0
0.03253
0.10787300000000001
0.17397900000000002
0.212199
0.361557
0.46909300000000004
0.534101
0.43325
0.296244
0.15699100000000002
0.056234
0.0026320000000000002
0.0
0.0
0.0
0.0
0.0
0.0
0.0
0.0
0.0
0.0
0.0
0.0
0.040112
0.119865
0.157842
0.131365
0.154614
0.16613999999999998
0.162048
0.144787
0.11454399999999999
0.07562999999999999
0.032917
0.000857
0.0
0.0
0.0
0.0
0.0
0.0
0.0
0.0
0.0
0.0
0.0
0.0
0.012282
0.051124
0.093548
0.129496
0.15426499999999999
0.165025
0.161695
0.143725
0.113503
0.074538
0.031588
0.000108
0.0
0.0
0.0
0.0
0.0
0.0
0.0
0.0
0.0
0.0
0.0
0.0
0.025547999999999998
0.119208
0.252131
0.37447
0.455402
0.483137
0.472119
0.446004
0.37263999999999997
0.24892599999999998
0.09398300000000001
0.004753
0.0
0.0
0.0
0.0
0.0
0.0
0.0
0.0
0.0
0.0
0.0
0.0
0.011723
0.050046
0.092421
0.128048
0.15281
0.162897
0.15974100000000002
0.142117
0.112047
0.072112
0.029557
0.0
0.0
0.0
0.0
0.0
0.0
0.0
0.0
0.0
0.0
0.0
0.0
0.0
0.010823000000000001
0.04884
0.09098
0.125634
0.185263
0.244439
0.273748
0.363177
0.366248
0.28077300000000005
0.110116
0.005553
0.0
0.0
0.0
0.0
0.0
0.0
0.0
0.0
0.0
0.0
0.0
0.0
0.010039999999999999
0.047839
0.088817
0.122982
0.182794
0.240444
0.255071
0.197913
0.131073
0.067793
0.075846
0.003981
0.0
0.0
0.0
0.0
0.0
0.0
0.0
0.0
0.0
0.0
0.0
0.0
0.009336
0.101795
0.29199400000000003
0.48291199999999995
0.51108
0.477555
0.375041
0.409072
0.37926499999999996
0.266599
0.09722
0.00242
0.0
0.0
0.0
0.0
0.0
0.0
0.0
0.0
0.0
0.0
0.0
0.0
0.045284
0.206195
0.39382100000000003
0.527884
0.599488
0.597008
0.530474
0.497802
0.406843
0.263343
0.083417
0.00039
0.0
0.0
0.0
0.0
0.0
0.0
0.0
0.0
0.0
0.0
0.0
0.0
0.008431
0.045308999999999995
0.086478
0.120949
0.144083
0.15431999999999998
0.14924700000000002
0.132026
0.101684
0.063182
0.023243
0.0
0.0
0.0
0.0
0.0
0.0
0.0
0.0
0.0
0.0
0.0
0.0
0.0
0.039837000000000004
0.201048
0.38726299999999997
0.53203
0.6200359999999999
0.651734
0.6340030000000001
0.573913
0.45613299999999996
0.28484899999999996
0.098463
0.0017259999999999999
0.0
0.0
0.0
0.0
0.0
0.0
0.0
0.0
0.0
0.0
0.0
0.0
0.034269
0.189619
0.376916
0.524085
0.609031
0.636137
0.603489
0.554384
0.444633
0.27769600000000005
0.094346
0.001253
0.0
0.0
0.0
0.0
0.0
0.0
0.0
0.0
0.0
0.0
0.0
0.0
0.036112000000000005
0.195578
0.377535
0.520605
0.603726
0.617614
0.558862
0.484721
0.361307
0.20790199999999998
0.07671
0.000321
0.0
0.0
0.0
0.0
0.0
0.0
0.0
0.0
0.0
0.0
0.0
0.0
0.006218
0.125501
0.337797
0.519904
0.616
0.6526989999999999
0.6363070000000001
0.568763
0.445927
0.268227
0.086468
0.000342
0.0
0.0
0.0
0.0
0.0
0.0
0.0
0.0
0.0
0.0
0.0
0.0
0.033031
0.189716
0.375247
0.519015
0.609369
0.644992
0.6276849999999999
0.562075
0.440227
0.266583
0.083267
0.0
0.0
0.0
0.0
0.0
0.0
0.0
0.0
0.0
0.0
0.0
0.0
0.0
0.030885000000000003
0.188523
0.343092
0.34648399999999996
0.38209
0.378529
0.33015300000000003
0.343835
0.291817
0.193688
0.070494
0.0
0.0
0.0
0.0
0.0
0.0
0.0
0.0
0.0
0.0
0.0
0.0
0.0
0.028798999999999998
0.18398599999999998
0.367907
0.510418
0.601328
0.636934
0.61898
0.549163
0.423582
0.2518
0.071865
0.0
0.0
0.0
0.0
0.0
0.0
0.0
0.0
0.0
0.0
0.0
0.0
0.0
0.027499
0.18385200000000002
0.365948
0.508762
0.5998089999999999
0.634938
0.6170220000000001
0.5493819999999999
0.42369
0.250015
0.06897400000000001
0.0
0.0
0.0
0.0
0.0
0.0
0.0
0.0
0.0
0.0
0.0
0.0
0.0
0.008701
0.056021999999999995
0.09622199999999999
0.111476
0.196815
0.283985
0.347
0.43815899999999997
0.407863
0.251681
0.066356
0.0
0.0
0.0
0.0
0.0
0.0
0.0
0.0
0.0
0.0
0.0
0.0
0.0
0.0031579999999999998
0.037597
0.077702
0.11122499999999999
0.134411
0.143539
0.13809
0.11942
0.088919
0.050508000000000004
0.012769
0.0
0.0
0.0
0.0
0.0
0.0
0.0
0.0
0.0
0.0
0.0
0.0
0.0
0.00309
0.045473
0.112088
0.184979
0.232246
0.25893700000000003
0.27746699999999996
0.20888800000000002
0.142445
0.072811
0.019464
0.0
0.0
0.0
0.0
0.0
0.0
0.0
0.0
0.0
0.0
0.0
0.0
0.0
0.010043
0.108001
0.261515
0.416116
0.5451670000000001
0.614697
0.623487
0.54431
0.40648
0.231835
0.055735
0.0
0.0
0.0
0.0
0.0
0.0
0.0
0.0
0.0
0.0
0.0
0.0
0.0
0.01847
0.16626
0.29017000000000004
0.269597
0.33160700000000004
0.351715
0.338034
0.38909
0.354008
0.22305
0.051718
0.0
0.0
0.0
0.0
0.0
0.0
0.0
0.0
0.0
0.0
0.0
0.0
0.0
0.0017
0.03535
0.07534
0.10941200000000001
0.132126
0.14047900000000002
0.135506
0.11673
0.085055
0.045911
0.025199000000000003
0.0
0.0
0.0
0.0
0.0
0.0
0.0
0.0
0.0
0.0
0.0
0.0
0.0
0.000976
0.059402
0.184131
0.334249
0.374356
0.371548
0.322973
0.251606
0.15723099999999998
0.074324
0.015740999999999998
0.0
0.0
0.0
0.0
0.0
0.0
0.0
0.0
0.0
0.0
0.0
0.0
0.0
0.003301
0.050276
0.09124800000000001
0.10802500000000001
0.131341
0.14083400000000001
0.135138
0.143025
0.124034
0.076384
0.029120999999999998
0.0
0.0
0.0
0.0
0.0
0.0
0.0
0.0
0.0
0.0
0.0
0.0
0.0
0.012009
0.163773
0.36284
0.510506
0.598227
0.6217440000000001
0.5789059999999999
0.518342
0.392601
0.213381
0.039683
0.0
0.0
0.0
0.0
0.0
0.0
0.0
0.0
0.0
0.0
0.0
0.0
0.0
0.007696
0.12998099999999999
0.29638600000000004
0.434819
0.510432
0.5216409999999999
0.469644
0.417831
0.320137
0.179457
0.031805
0.0
0.0
0.0
0.0
0.0
0.0
0.0
0.0
0.0
0.0
0.0
0.0
0.0
0.008664999999999999
0.15117599999999998
0.341586
0.48630599999999996
0.5622659999999999
0.5650299999999999
0.517949
0.450509
0.337276
0.17531200000000002
0.028489999999999998
0.0
0.0
0.0
0.0
0.0
0.0
0.0
0.0
0.0
0.0
0.0
0.0
0.0
0.007208
0.127826
0.229691
0.25008
0.329297
0.376979
0.384229
0.392053
0.326535
0.18047300000000002
0.027211
0.0
0.0
0.0
0.0
0.0
0.0
0.0
0.0
0.0
0.0
0.0
0.0
0.0
0.0
0.042887
0.130762
0.248626
0.409021
0.518116
0.553071
0.45504199999999995
0.314209
0.14101499999999997
0.020606000000000003
0.0
0.0
0.0
0.0
0.0
0.0
0.0
0.0
0.0
0.0
0.0
0.0
0.0
0.0054989999999999995
0.14183500000000002
0.332766
0.481511
0.571265
0.602831
0.5783250000000001
0.50456
0.368179
0.180124
0.021547999999999998
0.0
0.0
0.0
0.0
0.0
0.0
0.0
0.0
0.0
0.0
0.0
0.0
0.0
0.002443
0.083522
0.177103
0.23997300000000002
0.288333
0.31161700000000003
0.29651900000000003
0.351209
0.312824
0.170338
0.017735
0.0
0.0
0.0
0.0
0.0
0.0
0.0
0.0
0.0
0.0
0.0
0.0
0.0
0.0
0.026085
0.063194
0.095598
0.26788999999999996
0.433984
0.518706
0.448622
0.326135
0.154922
0.014142
0.0
0.0
0.0
0.0
0.0
0.0
0.0
0.0
0.0
0.0
0.0
0.0
0.0
0.0
0.025725
0.063304
0.096026
0.29456299999999996
0.470833
0.535732
0.482344
0.35126799999999997
0.168381
0.012953
0.0
0.0
0.0
0.0
0.0
0.0
0.0
0.0
0.0
0.0
0.0
0.0
0.0
0.0
0.07755100000000001
0.285384
0.458522
0.567048
0.5950850000000001
0.571739
0.489115
0.343918
0.15675999999999998
0.010712
0.0
0.0
0.0
0.0
0.0
0.0
0.0
0.0
0.0
0.0
0.0
0.0
0.0
0.003057
0.127015
0.317121
0.46546699999999996
0.5537920000000001
0.577896
0.552275
0.473742
0.326743
0.14093899999999998
0.007558
0.0
0.0
0.0
0.0
0.0
0.0
0.0
0.0
0.0
0.0
0.0
0.0
0.0
0.001024
0.07247400000000001
0.170604
0.230577
0.25883999999999996
0.23458400000000001
0.19584100000000002
0.16739099999999998
0.11446899999999999
0.051219
0.001335
0.0
0.0
0.0
0.0
0.0
0.0
0.0
0.0
0.0
0.0
0.0
0.0
0.0
0.0
0.022454000000000002
0.059285
0.09159300000000001
0.11412399999999999
0.122085
0.11656
0.097346
0.065849
0.028818
0.0
0.0
0.0
0.0
0.0
0.0
0.0
0.0
0.0
0.0
0.0
0.0
0.0
0.0
0.0
0.021991
0.05921800000000001
0.091905
0.11469499999999999
0.122797
0.11721
0.096868
0.065866
0.028378
0.0
0.0
0.0
0.0
0.0
0.0
0.0
0.0
0.0
0.0
0.0
0.0
0.0
0.0
0.0
0.021161000000000003
0.058198
0.09058799999999999
0.11214400000000001
0.120756
0.11408700000000001
0.094947
0.063461
0.026466
0.0
0.0
0.0
0.0
0.0
0.0
0.0
0.0
0.0
0.0
0.0
0.0
0.0
0.0
0.0
0.020293
0.056430999999999995
0.089726
0.111236
0.118992
0.113138
0.093046
0.06239
0.025492
0.0
0.0
0.0
0.0
0.0
0.0
0.0
0.0
0.0
0.0
0.0
0.0
0.0
0.0
0.0
0.019542
0.055688
0.088042
0.10969799999999999
0.11756399999999999
0.111841
0.091609
0.060825000000000004
0.024701
0.0
0.0
0.0
0.0
0.0
0.0
0.0
0.0
0.0
0.0
0.0
0.0
0.0
0.0
0.0
0.019091999999999998
0.055984
0.09023099999999999
0.167864
0.24856999999999999
0.283509
0.374396
0.317879
0.142777
0.0036
0.0
0.0
0.0
0.0
0.0
0.0
0.0
0.0
0.0
0.0
0.0
0.0
0.0
0.00035
0.107481
0.17665199999999998
0.089985
0.3732
0.539277
0.570804
0.495496
0.327032
0.136128
0.003115
0.0
0.0
0.0
0.0
0.0
0.0
0.0
0.0
0.0
0.0
0.0
0.0
0.0
0.0
0.090755
0.299408
0.462811
0.562622
0.5939220000000001
0.567704
0.478887
0.330649
0.137541
0.00248
0.0
0.0
0.0
0.0
0.0
0.0
0.0
0.0
0.0
0.0
0.0
0.0
0.0
0.0
0.10266700000000001
0.298967
0.44659
0.54446
0.577022
0.549449
0.465627
0.319009
0.126676
0.001909
0.0
0.0
0.0
0.0
0.0
0.0
0.0
0.0
0.0
0.0
0.0
0.0
0.0
0.0
0.015731
0.051425
0.08368
0.105859
0.114021
0.108334
0.10917700000000001
0.085155
0.037225
0.0
0.0
0.0
0.0
0.0
0.0
0.0
0.0
0.0
0.0
0.0
0.0
0.0
0.0
0.0
0.023091999999999998
0.063939
0.084038
0.229709
0.35771800000000004
0.438455
0.378649
0.279929
0.103512
0.0011819999999999999
0.0
0.0
0.0
0.0
0.0
0.0
0.0
0.0
0.0
0.0
0.0
0.0
0.0
0.0
0.014034000000000001
0.049301000000000005
0.08129
0.102275
0.11018800000000001
0.10438800000000001
0.08492100000000001
0.053850999999999996
0.019315000000000002
0.0
0.0
0.0
0.0
0.0
0.0
0.0
0.0
0.0
0.0
0.0
0.0
0.0
0.0
0.0
0.028710999999999997
0.072963
0.080929
0.125582
0.16023099999999998
0.17323
0.122295
0.064928
0.018131
0.0
0.0
0.0
0.0
0.0
0.0
0.0
0.0
0.0
0.0
0.0
0.0
0.0
0.0
0.0
0.012509000000000001
0.047113999999999996
0.079557
0.10192799999999999
0.110106
0.104307
0.084699
0.053235
0.018181
0.0
0.0
0.0
0.0
0.0
0.0
0.0
0.0
0.0
0.0
0.0
0.0
0.0
0.0
0.0
0.034107
0.08395
0.08070699999999999
0.102339
0.110623
0.104854
0.085095
0.053133
0.017629000000000002
0.0
0.0
0.0
0.0
0.0
0.0
0.0
0.0
0.0
0.0
0.0
0.0
0.0
0.0
0.0
0.032253
0.126394
0.208437
0.236681
0.212972
0.176793
0.25043899999999997
0.21210900000000002
0.085491
0.0
0.0
0.0
0.0
0.0
0.0
0.0
0.0
0.0
0.0
0.0
0.0
0.0
0.0
0.0
0.053383
0.12561
0.07850199999999999
0.123663
0.15803399999999998
0.17218
0.193131
0.147646
0.05753
0.0
0.0
0.0
0.0
0.0
0.0
0.0
0.0
0.0
0.0
0.0
0.0
0.0
0.0
0.0
0.040277
0.12074299999999999
0.134245
0.266875
0.355418
0.40860700000000005
0.392295
0.270469
0.0993
0.0
0.0
0.0
0.0
0.0
0.0
0.0
0.0
0.0
0.0
0.0
0.0
0.0
0.0
0.0
0.065856
0.252862
0.407371
0.512394
0.5470430000000001
0.521498
0.434979
0.279923
0.095136
0.0
0.0
0.0
0.0
0.0
0.0
0.0
0.0
0.0
0.0
0.0
0.0
0.0
0.0
0.0
0.062619
0.252724
0.413467
0.503345
0.495595
0.41536
0.34530900000000003
0.246725
0.076336
0.0
0.0
0.0
0.0
0.0
0.0
0.0
0.0
0.0
0.0
0.0
0.0
0.0
0.0
0.0
0.059494
0.260853
0.41492
0.517889
0.550823
0.524384
0.435805
0.285969
0.092436
0.0
0.0
0.0
0.0
0.0
0.0
0.0
0.0
0.0
0.0
0.0
0.0
0.0
0.0
0.0
0.06086
0.254528
0.406742
0.482433
0.406071
0.46023000000000003
0.374269
0.234898
0.062248
0.0
0.0
0.0
0.0
0.0
0.0
0.0
0.0
0.0
0.0
0.0
0.0
0.0
0.0
0.0
0.056540999999999994
0.24898599999999999
0.399726
0.5040950000000001
0.541164
0.514948
0.424847
0.275637
0.08600100000000001
0.0
0.0
0.0
0.0
0.0
0.0
0.0
0.0
0.0
0.0
0.0
0.0
0.0
0.0
0.0
0.048674
0.249859
0.405558
0.508181
0.543144
0.513857
0.42573099999999997
0.276474
0.08429600000000001
0.0
0.0
0.0
0.0
0.0
0.0
0.0
0.0
0.0
0.0
0.0
0.0
0.0
0.0
0.0
0.045921
0.24493600000000001
0.402158
0.504953
0.540882
0.51195
0.422438
0.269262
0.074462
0.0
0.0
0.0
0.0
0.0
0.0
0.0
0.0
0.0
0.0
0.0
0.0
0.0
0.0
0.0
0.014005
0.113828
0.24274
0.297654
0.313197
0.293626
0.272584
0.171327
0.053535
0.0
0.0
0.0
0.0
0.0
0.0
0.0
0.0
0.0
0.0
0.0
0.0
0.0
0.0
0.0
0.03786
0.231016
0.380442
0.477516
0.500242
0.45849599999999996
0.32334199999999996
0.14114500000000002
0.017307
0.0
0.0
0.0
0.0
0.0
0.0
0.0
0.0
0.0
0.0
0.0
0.0
0.0
0.0
0.0
0.035637999999999996
0.22192599999999998
0.396337
0.5019870000000001
0.539029
0.511355
0.41468099999999997
0.244423
0.060612
0.0
0.0
0.0
0.0
0.0
0.0
0.0
0.0
0.0
0.0
0.0
0.0
0.0
0.0
0.0
0.0029590000000000003
0.033189
0.064014
0.08468
0.09285500000000001
0.087882
0.068826
0.040521
0.00924
0.0
0.0
0.0
0.0
0.0
0.0
0.0
0.0
0.0
0.0
0.0
0.0
0.0
0.0
0.0
0.002161
0.032399000000000004
0.062348999999999995
0.083824
0.09188299999999999
0.086804
0.06869700000000001
0.039596
0.008452999999999999
0.0
0.0
0.0
0.0
0.0
0.0
0.0
0.0
0.0
0.0
0.0
0.0
0.0
0.0
0.0
0.001968
0.031612
0.062558
0.23890799999999998
0.388933
0.456403
0.331568
0.142676
0.015684
0.0
0.0
0.0
0.0
0.0
0.0
0.0
0.0
0.0
0.0
0.0
0.0
0.0
0.0
0.0
0.00304
0.048215
0.10995300000000001
0.148886
0.164267
0.154501
0.169877
0.122406
0.033021
0.0
0.0
0.0
0.0
0.0
0.0
0.0
0.0
0.0
0.0
0.0
0.0
0.0
0.0
0.0
0.0009609999999999999
0.030396
0.061558
0.124893
0.195128
0.241214
0.181841
0.111584
0.021931000000000003
0.0
0.0
0.0
0.0
0.0
0.0
0.0
0.0
0.0
0.0
0.0
0.0
0.0
0.0
0.0
0.01756
0.145004
0.16831200000000002
0.216145
0.234852
0.21988
0.175758
0.107461
0.02017
0.0
0.0
0.0
0.0
0.0
0.0
0.0
0.0
0.0
0.0
0.0
0.0
0.0
0.0
0.0
0.0
0.028149
0.058478
0.079528
0.088854
0.08387399999999999
0.065395
0.03666
0.006901
0.0
0.0
0.0
0.0
0.0
0.0
0.0
0.0
0.0
0.0
0.0
0.0
0.0
0.0
0.0
0.000646
0.04245
0.10267799999999999
0.14143899999999998
0.15547999999999998
0.147405
0.179886
0.141588
0.035406
0.0
0.0
0.0
0.0
0.0
0.0
0.0
0.0
0.0
0.0
0.0
0.0
0.0
0.0
0.0
0.0
0.026834
0.056807
0.078598
0.086827
0.081804
0.064303
0.0357
0.006073
0.0
0.0
0.0
0.0
0.0
0.0
0.0
0.0
0.0
0.0
0.0
0.0
0.0
0.0
0.0
0.0
0.026247
0.056414
0.078366
0.086688
0.082525
0.06392300000000001
0.035986
0.006089000000000001
0.0
0.0
0.0
0.0
0.0
0.0
0.0
0.0
0.0
0.0
0.0
0.0
0.0
0.0
0.0
0.0
0.026298
0.056623
0.077992
0.087515
0.082665
0.064813
0.036534
0.005489
0.0
0.0
0.0
0.0
0.0
0.0
0.0
0.0
0.0
0.0
0.0
0.0
0.0
0.0
0.0
0.0
0.025491
0.055735999999999994
0.076848
0.086085
0.080967
0.079916
0.054642
0.010925
0.0
0.0
0.0
0.0
0.0
0.0
0.0
0.0
0.0
0.0
0.0
0.0
0.0
0.0
0.0
0.0
0.024803000000000002
0.055129
0.077178
0.08543300000000001
0.08116200000000001
0.063416
0.035328000000000005
0.005298
0.0
0.0
0.0
0.0
0.0
0.0
0.0
0.0
0.0
0.0
0.0
0.0
0.0
0.0
0.0
0.0
0.023518999999999998
0.053361
0.07438800000000001
0.08371200000000001
0.079648
0.061954
0.034076999999999996
0.005153
0.0
0.0
0.0
0.0
0.0
0.0
0.0
0.0
0.0
0.0
0.0
0.0
0.0
0.0
0.0
0.0
0.023977000000000002
0.054424
0.075768
0.085158
0.08093399999999999
0.062966
0.03464
0.005246000000000001
0.0
0.0
0.0
0.0
0.0
0.0
0.0
0.0
0.0
0.0
0.0
0.0
0.0
0.0
0.0
0.0
0.023133
0.053404
0.093976
0.126828
0.139598
0.093957
0.044279000000000006
0.004444
0.0
0.0
0.0
0.0
0.0
0.0
0.0
0.0
0.0
0.0
0.0
0.0
0.0
0.0
0.0
0.0
0.022324999999999998
0.052528
0.07452800000000001
0.083676
0.07931300000000001
0.061528
0.034362000000000004
0.0044080000000000005
0.0
0.0
0.0
0.0
0.0
0.0
0.0
0.0
0.0
0.0
0.0
0.0
0.0
0.0
0.0
0.005183
0.11814100000000001
0.27910399999999996
0.321249
0.3487
0.309936
0.214138
0.111091
0.014444
0.0
0.0
0.0
0.0
0.0
0.0
0.0
0.0
0.0
0.0
0.0
0.0
0.0
0.0
0.0
0.0
0.033323
0.091794
0.13017099999999998
0.154583
0.13882
0.108288
0.060531
0.009550000000000001
0.0
0.0
0.0
0.0
0.0
0.0
0.0
0.0
0.0
0.0
0.0
0.0
0.0
0.0
0.0
0.0011040000000000002
0.13877699999999998
0.292153
0.317755
0.254705
0.13635
0.19374100000000002
0.170065
0.036668
0.0
0.0
0.0
0.0
0.0
0.0
0.0
0.0
0.0
0.0
0.0
0.0
0.0
0.0
0.0
0.0
0.020867999999999998
0.050573
0.073044
0.083358
0.078972
0.061904
0.034252000000000005
0.004471
0.0
0.0
0.0
0.0
0.0
0.0
0.0
0.0
0.0
0.0
0.0
0.0
0.0
0.0
0.0
0.0
0.021263
0.051421999999999995
0.074223
0.08473699999999999
0.081331
0.06390699999999999
0.035796999999999995
0.004607999999999999
0.0
0.0
0.0
0.0
0.0
0.0
0.0
0.0
0.0
0.0
0.0
0.0
0.0
0.0
0.0
0.0
0.020554
0.051573
0.0742
0.084444
0.08085500000000001
0.063612
0.035616
0.004549
0.0
0.0
0.0
0.0
0.0
0.0
0.0
0.0
0.0
0.0
0.0
0.0
0.0
0.0
0.0
0.003227
0.12320199999999999
0.363938
0.475587
0.5220410000000001
0.502136
0.420663
0.27079000000000003
0.056671
0.0
0.0
0.0
0.0
0.0
0.0
0.0
0.0
0.0
0.0
0.0
0.0
0.0
0.0
0.0
0.002732
0.120911
0.362647
0.473255
0.517909
0.495849
0.414412
0.26791899999999996
0.056153
0.0
0.0
0.0
0.0
0.0
0.0
0.0
0.0
0.0
0.0
0.0
0.0
0.0
0.0
0.0
0.002747
0.11991
0.35916899999999996
0.43829199999999996
0.366734
0.234118
0.17034200000000002
0.094933
0.01242
0.0
0.0
0.0
0.0
0.0
0.0
0.0
0.0
0.0
0.0
0.0
0.0
0.0
0.0
0.0
0.0
0.018986999999999997
0.050145
0.072894
0.08319700000000001
0.07948000000000001
0.0629
0.034741
0.004548
0.0
0.0
0.0
0.0
0.0
0.0
0.0
0.0
0.0
0.0
0.0
0.0
0.0
0.0
0.0
0.0
0.017724
0.048119999999999996
0.070613
0.080916
0.077492
0.061075000000000004
0.034188
0.004432
0.0
0.0
0.0
0.0
0.0
0.0
0.0
0.0
0.0
0.0
0.0
0.0
0.0
0.0
0.0
0.0
0.017688
0.047276000000000006
0.07067799999999999
0.080958
0.078411
0.062009999999999996
0.034201
0.004463
0.0
0.0
0.0
0.0
0.0
0.0
0.0
0.0
0.0
0.0
0.0
0.0
0.0
0.0
0.0
0.0
0.0178
0.047622
0.126584
0.23479
0.30063999999999996
0.216644
0.12054999999999999
0.01558
0.0
0.0
0.0
0.0
0.0
0.0
0.0
0.0
0.0
0.0
0.0
0.0
0.0
0.0
0.0
0.0
0.026056
0.083743
0.12478199999999999
0.151984
0.145614
0.109191
0.062416
0.010467
0.0
0.0
0.0
0.0
0.0
0.0
0.0
0.0
0.0
0.0
0.0
0.0
0.0
0.0
0.0
0.0
0.016655
0.045827
0.068105
0.079278
0.07678600000000001
0.07599800000000001
0.051947
0.010336
0.0
0.0
0.0
0.0
0.0
0.0
0.0
0.0
0.0
0.0
0.0
0.0
0.0
0.0
0.0
0.0
0.030754999999999998
0.082653
0.150685
0.198031
0.210053
0.151429
0.072088
0.010371
0.0
0.0
0.0
0.0
0.0
0.0
0.0
0.0
0.0
0.0
0.0
0.0
0.0
0.0
0.0
0.0
0.024518
0.081163
0.22397
0.34464999999999996
0.405596
0.354822
0.22466
0.063151
0.0
0.0
0.0
0.0
0.0
0.0
0.0
0.0
0.0
0.0
0.0
0.0
0.0
0.0
0.0
0.0
0.062097
0.132493
0.181696
0.170151
0.130846
0.098363
0.052022
0.008402
0.0
0.0
0.0
0.0
0.0
0.0
0.0
0.0
0.0
0.0
0.0
0.0
0.0
0.0
0.0
0.0
0.049339
0.18073699999999998
0.321683
0.424091
0.449381
0.40556400000000004
0.27401400000000004
0.071622
0.0
0.0
0.0
0.0
0.0
0.0
0.0
0.0
0.0
0.0
0.0
0.0
0.0
0.0
0.0
0.0
0.128719
0.31431
0.450436
0.500316
0.485815
0.410151
0.27059500000000003
0.069756
0.0
0.0
0.0
0.0
0.0
0.0
0.0
0.0
0.0
0.0
0.0
0.0
0.0
0.0
0.0
0.0
0.123837
0.262303
0.37496199999999996
0.46204199999999995
0.469892
0.404057
0.27494
0.076121
0.0
0.0
0.0
0.0
0.0
0.0
0.0
0.0
0.0
0.0
0.0
0.0
0.0
0.0
0.0
0.0
0.015348
0.045793999999999994
0.27527300000000005
0.431828
0.476135
0.42335
0.288148
0.08039700000000001
0.0
0.0
0.0
0.0
0.0
0.0
0.0
0.0
0.0
0.0
0.0
0.0
0.0
0.0
0.0
0.0
0.126889
0.296502
0.317348
0.254355
0.15475299999999997
0.14008600000000002
0.100986
0.022071999999999998
0.0
0.0
0.0
0.0
0.0
0.0
0.0
0.0
0.0
0.0
0.0
0.0
0.0
0.0
0.0
0.0
0.049511
0.134199
0.220056
0.27197899999999997
0.307967
0.313654
0.234847
0.07801999999999999
0.0
0.0
0.0
0.0
0.0
0.0
0.0
0.0
0.0
0.0
0.0
0.0
0.0
0.0
0.0
0.0
0.110976
0.180791
0.307334
0.364642
0.373709
0.319547
0.22159399999999999
0.074624
0.0
0.0
0.0
0.0
0.0
0.0
0.0
0.0
0.0
0.0
0.0
0.0
0.0
0.0
0.0
0.0
0.127616
0.33181499999999997
0.446138
0.502398
0.494522
0.412769
0.269743
0.07847799999999999
0.0
0.0
0.0
0.0
0.0
0.0
0.0
0.0
0.0
0.0
0.0
0.0
0.0
0.0
0.0
0.0
0.130422
0.330726
0.44860700000000003
0.499302
0.48835700000000004
0.415757
0.28994400000000004
0.09011100000000001
0.0
0.0
0.0
0.0
0.0
0.0
0.0
0.0
