0.0
0.0
0.0
0.0
0.0
0.0
0.0
0.0
0.0
0.0
0.0
0.02512
0.065853
0.098539
0.117994
0.116892
0.097701
0.063671
0.022959
0.0
0.0
0.0
0.0
0.0
0.0
0.0
0.0
0.0
0.0
0.0
0.0
0.0
0.0
0.0
0.0
0.033073
0.081773
0.122542
0.546639
0.582288
0.120667
0.07932399999999999
0.029506
0.0
0.0
0.0
0.0
0.0
0.0
0.0
0.0
0.0
0.0
0.0
0.0
0.0
0.0
0.0
0.0
0.039437
0.41890499999999997
0.141321
0.167851
0.167329
0.140421
0.092965
0.07985500000000001
0.0
0.0
0.0
0.0
0.0
0.0
0.0
0.0
0.0
0.0
0.0
0.0
0.0
0.0
0.0
0.0
0.049815
0.28988600000000003
0.439167
0.5282190000000001
0.5198590000000001
0.448016
0.312218
0.016755
0.0
0.0
0.0
0.0
0.0
0.0
0.0
0.0
0.0
0.0
0.0
0.0
0.0
0.0
0.0
0.0
0.043091000000000004
0.32246800000000003
0.1477
0.174794
0.6395660000000001
0.144656
0.374633
0.038174
0.0
0.0
0.0
0.0
0.0
0.0
0.0
0.0
0.0
0.0
0.0
0.0
0.0
0.0
0.0
0.0
0.043163
0.100606
0.147006
0.703673
0.171156
0.142283
0.094439
0.068978
0.0
0.0
0.0
0.0
0.0
0.0
0.0
0.0
0.0
0.0
0.0
0.0
0.0
0.0
0.0
0.0
0.020521
0.053639000000000006
0.080019
0.095296
0.09402500000000001
0.078378
0.051077
0.019015
0.0
0.0
0.0
0.0
0.0
0.0
0.0
0.0
0.0
0.0
0.0
0.0
0.0
0.0
0.0
0.0
0.021367
0.053343
0.080545
0.09596500000000001
0.094747
0.07916200000000001
0.051829
0.019716
0.0
0.0
0.0
0.0
0.0
0.0
0.0
0.0
0.0
0.0
0.0
0.0
0.0
0.0
0.0
0.0
0.020364999999999998
0.052323
0.078864
0.092457
0.092435
0.07753700000000001
0.050199
0.019094
0.0
0.0
0.0
0.0
0.0
0.0
0.0
0.0
0.0
0.0
0.0
0.0
0.0
0.0
0.0
0.0
0.060422
0.132793
0.189153
0.553395
0.538971
0.480264
0.328673
0.018054999999999998
0.0
0.0
0.0
0.0
0.0
0.0
0.0
0.0
0.0
0.0
0.0
0.0
0.0
0.0
0.0
0.0
0.051195
0.111479
0.387182
0.521297
0.53791
0.469395
0.34366199999999997
0.016407
0.0
0.0
0.0
0.0
0.0
0.0
0.0
0.0
0.0
0.0
0.0
0.0
0.0
0.0
0.0
0.0
0.062029
0.315073
0.479161
0.525895
0.517882
0.48085500000000003
0.312928
0.017585
0.0
0.0
0.0
0.0
0.0
0.0
0.0
0.0
0.0
0.0
0.0
0.0
0.0
0.0
0.0
0.0
0.06736199999999999
0.33592500000000003
0.494693
0.5680040000000001
0.53052
0.483182
0.12981399999999998
0.056646999999999996
0.0
0.0
0.0
0.0
0.0
0.0
0.0
0.0
0.0
0.0
0.0
0.0
0.0
0.0
0.0
0.0
0.140185
0.39793599999999996
0.47648599999999997
0.228417
0.572447
0.484206
0.350733
0.056914
0.0
0.0
0.0
0.0
0.0
0.0
0.0
0.0
0.0
0.0
0.0
0.0
0.0
0.0
0.0
0.0
0.052792
0.11326800000000001
0.38555900000000004
0.580789
0.587982
0.490873
0.106268
0.110193
0.0
0.0
0.0
0.0
0.0
0.0
0.0
0.0
0.0
0.0
0.0
0.0
0.0
0.0
0.0
0.0
0.049460000000000004
0.279161
0.40382100000000004
0.175954
0.5238379999999999
0.502455
0.098765
0.12081
0.0
0.0
0.0
0.0
0.0
0.0
0.0
0.0
0.0
0.0
0.0
0.0
0.0
0.0
0.0
0.0
0.064514
0.132927
0.453204
0.21925899999999998
0.5915560000000001
0.528824
0.375985
0.056048
0.0
0.0
0.0
0.0
0.0
0.0
0.0
0.0
0.0
0.0
0.0
0.0
0.0
0.0
0.0
0.0
0.050622
0.106032
0.617274
0.17478100000000002
0.17216
0.145648
0.100466
0.04423
0.0
0.0
0.0
0.0
0.0
0.0
0.0
0.0
0.0
0.0
0.0
0.0
0.0
0.0
0.0
0.0
0.042093000000000005
0.087904
0.125364
0.14688800000000002
0.14485499999999998
0.122615
0.08353100000000001
0.037072
0.0
0.0
0.0
0.0
0.0
0.0
0.0
0.0
0.0
0.0
0.0
0.0
0.0
0.0
0.0
0.0
0.042171
0.27023899999999995
0.126565
0.147691
0.493968
0.474669
0.086223
0.144465
0.0
0.0
0.0
0.0
0.0
0.0
0.0
0.0
0.0
0.0
0.0
0.0
0.0
0.0
0.0
0.00035999999999999997
0.14721
0.32777999999999996
0.466441
0.5485180000000001
0.5518350000000001
0.528643
0.363765
0.124883
0.0
0.0
0.0
0.0
0.0
0.0
0.0
0.0
0.0
0.0
0.0
0.0
0.0
0.0
0.0
0.000886
0.148309
0.141162
0.46595
0.562415
0.557159
0.5160650000000001
0.133426
0.12654600000000002
0.0
0.0
0.0
0.0
0.0
0.0
0.0
0.0
0.0
0.0
0.0
0.0
0.0
0.0
0.0
0.000383
0.056188
0.11304900000000001
0.15881
0.653163
0.18215299999999998
0.155031
0.465899
0.17372900000000002
0.0
0.0
0.0
0.0
0.0
0.0
0.0
0.0
0.0
0.0
0.0
0.0
0.0
0.0
0.0
0.001732
0.068307
0.437353
0.184035
0.21121
0.208818
0.636678
0.12442600000000001
0.178664
0.0
0.0
0.0
0.0
0.0
0.0
0.0
0.0
0.0
0.0
0.0
0.0
0.0
0.0
0.0
0.002875
0.15663300000000002
0.145558
0.466793
0.562333
0.554304
0.493541
0.393212
0.132845
0.0
0.0
0.0
0.0
0.0
0.0
0.0
0.0
0.0
0.0
0.0
0.0
0.0
0.0
0.0
0.0039
0.160859
0.343165
0.493107
0.589285
0.565507
0.5386340000000001
0.37739100000000003
0.136585
0.0
0.0
0.0
0.0
0.0
0.0
0.0
0.0
0.0
0.0
0.0
0.0
0.0
0.0
0.0
0.00219
0.056886000000000006
0.110163
0.151616
0.5687949999999999
0.17247900000000002
0.572538
0.480954
0.0511
0.00103
0.0
0.0
0.0
0.0
0.0
0.0
0.0
0.0
0.0
0.0
0.0
0.0
0.0
0.0
0.0033740000000000003
0.137642
0.27845
0.392858
0.468866
0.190666
0.474997
0.425933
0.19358
0.001998
0.0
0.0
0.0
0.0
0.0
0.0
0.0
0.0
0.0
0.0
0.0
0.0
0.0
0.0
0.006424
0.17109
0.354436
0.500339
0.5641349999999999
0.5958640000000001
0.5048039999999999
0.386432
0.177817
0.0
0.0
0.0
0.0
0.0
0.0
0.0
0.0
0.0
0.0
0.0
0.0
0.0
0.0
0.0
0.007728
0.08918899999999999
0.163652
0.508405
0.610442
0.611388
0.20929599999999998
0.425772
0.077849
0.0012729999999999998
0.0
0.0
0.0
0.0
0.0
0.0
0.0
0.0
0.0
0.0
0.0
0.0
0.0
0.0
0.005181
0.185399
0.357662
0.158987
0.182278
0.178604
0.5924640000000001
0.49668799999999996
0.056036
0.0054470000000000005
0.0
0.0
0.0
0.0
0.0
0.0
0.0
0.0
0.0
0.0
0.0
0.0
0.0
0.0
0.0048330000000000005
0.177641
0.10457
0.14381899999999997
0.164216
0.16177
0.535409
0.465609
0.243814
0.004931
0.0
0.0
0.0
0.0
0.0
0.0
0.0
0.0
0.0
0.0
0.0
0.0
0.0
0.0
0.009359
0.247465
0.159111
0.623428
0.244228
0.240581
0.613267
0.14971500000000001
0.078977
0.010912000000000002
0.0
0.0
0.0
0.0
0.0
0.0
0.0
0.0
0.0
0.0
0.0
0.0
0.0
0.0
0.004295
0.113038
0.21523599999999998
0.116521
0.35529
0.369303
0.343381
0.289844
0.041482
0.005234
0.0
0.0
0.0
0.0
0.0
0.0
0.0
0.0
0.0
0.0
0.0
0.0
0.0
0.0
0.011408
0.094219
0.369413
0.541711
0.5783469999999999
0.5751069999999999
0.522409
0.434101
0.21680000000000002
0.013525
0.0
0.0
0.0
0.0
0.0
0.0
0.0
0.0
0.0
0.0
0.0
0.0
0.0
0.0
0.008853999999999999
0.071074
0.127519
0.548647
0.19887100000000002
0.70589
0.169966
0.122825
0.28163900000000003
0.010786
0.0
0.0
0.0
0.0
0.0
0.0
0.0
0.0
0.0
0.0
0.0
0.0
0.0
0.0
0.011465
0.086264
0.324764
0.614309
0.545453
0.574789
0.19673500000000002
0.142399
0.077529
0.007706
0.0
0.0
0.0
0.0
0.0
0.0
0.0
0.0
0.0
0.0
0.0
0.0
0.0
0.0
0.015755
0.191975
0.37200900000000003
0.5206689999999999
0.610895
0.6086710000000001
0.549181
0.4583
0.220978
0.005450999999999999
0.0
0.0
0.0
0.0
0.0
0.0
0.0
0.0
0.0
0.0
0.0
0.0
0.0
0.0
0.016024999999999998
0.183406
0.161447
0.214675
0.24376699999999998
0.583082
0.208446
0.473142
0.27431
0.010121999999999999
0.0
0.0
0.0
0.0
0.0
0.0
0.0
0.0
0.0
0.0
0.0
0.0
0.0
0.0
0.009469
0.059395
0.10492900000000001
0.35106
0.408879
0.42471499999999995
0.398659
0.34941300000000003
0.054893
0.013439
0.0
0.0
0.0
0.0
0.0
0.0
0.0
0.0
0.0
0.0
0.0
0.0
0.0
0.0
0.019704
0.104018
0.17583600000000002
0.232287
0.261649
0.258714
0.598488
0.48421800000000004
0.270075
0.022294
0.0
0.0
0.0
0.0
0.0
0.0
0.0
0.0
0.0
0.0
0.0
0.0
0.0
0.0
0.01422
0.226101
0.129548
0.537982
0.623662
0.19133799999999998
0.165824
0.122416
0.069414
0.016648
0.0
0.0
0.0
0.0
0.0
0.0
0.0
0.0
0.0
0.0
0.0
0.0
0.0
0.0
0.023011
0.20810900000000002
0.177856
0.510677
0.591187
0.590303
0.5396259999999999
0.434245
0.246357
0.004777
0.0
0.0
0.0
0.0
0.0
0.0
0.0
0.0
0.0
0.0
0.0
0.0
0.0
0.0
0.020592
0.096063
0.345638
0.5158769999999999
0.584733
0.561357
0.566289
0.483976
0.28232100000000004
0.023151
0.0
0.0
0.0
0.0
0.0
0.0
0.0
0.0
0.0
0.0
0.0
0.0
0.0
0.0
0.024087
0.189827
0.340841
0.48423200000000005
0.557452
0.6203869999999999
0.565255
0.492867
0.26713
0.012659
0.0
0.0
0.0
0.0
0.0
0.0
0.0
0.0
0.0
0.0
0.0
0.0
0.0
0.0
0.030015
0.10669
0.175687
0.497256
0.254392
0.25121
0.567674
0.5114409999999999
0.299562
0.028309
0.0
0.0
0.0
0.0
0.0
0.0
0.0
0.0
0.0
0.0
0.0
0.0
0.0
0.0
0.036059
0.22329300000000002
0.187836
0.529383
0.612697
0.6113350000000001
0.559519
0.455223
0.272283
0.007329
0.0
0.0
0.0
0.0
0.0
0.0
0.0
0.0
0.0
0.0
0.0
0.0
0.0
0.0
0.039389
0.22813999999999998
0.431145
0.53614
0.636289
0.635506
0.614947
0.182506
0.300851
0.008132
0.0
0.0
0.0
0.0
0.0
0.0
0.0
0.0
0.0
0.0
0.0
0.0
0.0
0.0
0.04397
0.124486
0.414519
0.562538
0.609063
0.607135
0.556553
0.45493700000000004
0.298288
0.006575999999999999
0.0
0.0
0.0
0.0
0.0
0.0
0.0
0.0
0.0
0.0
0.0
0.0
0.0
0.0
0.042972
0.23252199999999998
0.404305
0.566451
0.6339130000000001
0.639223
0.622459
0.47400400000000004
0.31176
0.036701
0.0
0.0
0.0
0.0
0.0
0.0
0.0
0.0
0.0
0.0
0.0
0.0
0.0
0.0
0.045939
0.239313
0.420263
0.5522229999999999
0.62451
0.612042
0.562031
0.461428
0.28956400000000004
0.014458
0.0
0.0
0.0
0.0
0.0
0.0
0.0
0.0
0.0
0.0
0.0
0.0
0.0
0.0
0.049549
0.128856
0.20465799999999998
0.26177300000000003
0.6368769999999999
0.28840899999999997
0.625931
0.518115
0.32943599999999995
0.042143
0.0
0.0
0.0
0.0
0.0
0.0
0.0
0.0
0.0
0.0
0.0
0.0
0.0
0.0
0.049203000000000004
0.39247000000000004
0.201858
0.26093299999999997
0.29036399999999996
0.28945299999999996
0.784805
0.196966
0.419077
0.042949
0.0
0.0
0.0
0.0
0.0
0.0
0.0
0.0
0.0
0.0
0.0
0.0
0.0
0.0
0.050476
0.241227
0.412899
0.537145
0.6654690000000001
0.665338
0.60942
0.496417
0.31618799999999997
0.010669
0.0
0.0
0.0
0.0
0.0
0.0
0.0
0.0
0.0
0.0
0.0
0.0
0.0
0.0
0.020946000000000003
0.058159
0.21805000000000002
0.121155
0.330404
0.338989
0.322934
0.268409
0.20321
0.027812999999999997
0.0
0.0
0.0
0.0
0.0
0.0
0.0
0.0
0.0
0.0
0.0
0.0
0.0
0.0
0.029472
0.17611600000000002
0.286594
0.152362
0.444081
0.169593
0.42700099999999996
0.362136
0.28994
0.026434000000000003
0.0
0.0
0.0
0.0
0.0
0.0
0.0
0.0
0.0
0.0
0.0
0.0
0.0
0.0
0.04236
0.207748
0.345043
0.206926
0.532006
0.553798
0.526413
0.45965300000000003
0.368332
0.031519
0.0
0.0
0.0
0.0
0.0
0.0
0.0
0.0
0.0
0.0
0.0
0.0
0.0
0.0
0.057636
0.136242
0.422854
0.264921
0.65567
0.7336050000000001
0.662219
0.1996
0.126191
0.084649
0.0
0.0
0.0
0.0
0.0
0.0
0.0
0.0
0.0
0.0
0.0
0.0
0.0
0.0
0.030059000000000002
0.074297
0.115565
0.401221
0.165851
0.165359
0.455795
0.38652499999999995
0.304575
0.10312600000000001
0.0
0.0
0.0
0.0
0.0
0.0
0.0
0.0
0.0
0.0
0.0
0.0
0.0
0.0
0.034741
0.08378400000000001
0.12859600000000002
0.163942
0.181708
0.179255
0.158631
0.123121
0.078205
0.031896
0.0
0.0
0.0
0.0
0.0
0.0
0.0
0.0
0.0
0.0
0.0
0.0
0.0
0.0
0.063697
0.263471
0.532555
0.6308830000000001
0.652931
0.295829
0.654777
0.20394800000000002
0.366499
0.056338
0.0
0.0
0.0
0.0
0.0
0.0
0.0
0.0
0.0
0.0
0.0
0.0
0.0
0.0
0.095148
0.265094
0.431742
0.564773
0.6411
0.640148
0.5886549999999999
0.488832
0.32936
0.089504
0.0
0.0
0.0
0.0
0.0
0.0
0.0
0.0
0.0
0.0
0.0
0.0
0.0
0.0
0.093502
0.289664
0.406293
0.254981
0.622203
0.6988920000000001
0.642374
0.55651
0.126275
0.100553
0.0
0.0
0.0
0.0
0.0
0.0
0.0
0.0
0.0
0.0
0.0
0.0
0.0
0.00016800000000000002
0.10430299999999999
0.149179
0.445857
0.580761
0.698766
0.698028
0.271522
0.538346
0.13872
0.061749000000000005
0.0
0.0
0.0
0.0
0.0
0.0
0.0
0.0
0.0
0.0
0.0
0.0
0.0
0.0
0.026169
0.14112
0.221971
0.288918
0.131069
0.342237
0.318064
0.091184
0.058686
0.12191800000000001
0.0
0.0
0.0
0.0
0.0
0.0
0.0
0.0
0.0
0.0
0.0
0.0
0.0
0.001253
0.097958
0.287361
0.393786
0.5993350000000001
0.6920620000000001
0.61733
0.589917
0.189229
0.123734
0.0564
0.0
0.0
0.0
0.0
0.0
0.0
0.0
0.0
0.0
0.0
0.0
0.0
0.0
0.002958
0.070596
0.145382
0.42117
0.26761900000000005
0.298505
0.295489
0.63013
0.5956760000000001
0.406134
0.06459999999999999
0.0010429999999999999
0.0
0.0
0.0
0.0
0.0
0.0
0.0
0.0
0.0
0.0
0.0
0.0
0.003476
0.07220900000000001
0.148499
0.218888
0.561313
0.297791
0.652775
0.263246
0.208436
0.406482
0.15343500000000002
0.0021019999999999997
0.0
0.0
0.0
0.0
0.0
0.0
0.0
0.0
0.0
0.0
0.0
0.0
0.0045460000000000006
0.108699
0.26942
0.425143
0.5484249999999999
0.670205
0.689129
0.640872
0.532126
0.3695
0.11787399999999999
0.0
0.0
0.0
0.0
0.0
0.0
0.0
0.0
0.0
0.0
0.0
0.0
0.0
0.000135
0.030843
0.063864
0.232975
0.296365
0.133569
0.132309
0.32138900000000004
0.269223
0.207268
0.153188
0.001848
0.0
0.0
0.0
0.0
0.0
0.0
0.0
0.0
0.0
0.0
0.0
0.0
0.002871
0.044692
0.091031
0.366754
0.462834
0.18645799999999998
0.184577
0.16581
0.45314299999999996
0.354129
0.04289
0.006163
0.0
0.0
0.0
0.0
0.0
0.0
0.0
0.0
0.0
0.0
0.0
0.0
0.0035960000000000002
0.050145
0.09919700000000001
0.145347
0.18081999999999998
0.203143
0.20227799999999999
0.182025
0.144533
0.097281
0.047792
0.003997
0.0
0.0
0.0
0.0
0.0
0.0
0.0
0.0
0.0
0.0
0.0
0.0
0.008983000000000001
0.083998
0.162939
0.23574199999999998
0.292845
0.833333
0.833333
0.800168
0.228162
0.154975
0.188588
0.00992
0.0
0.0
0.0
0.0
0.0
0.0
0.0
0.0
0.0
0.0
0.0
0.0
0.010889
0.094519
0.179622
0.257328
0.31641199999999997
0.742626
0.747863
0.6891280000000001
0.5983719999999999
0.41104599999999997
0.167596
0.003591
0.0
0.0
0.0
0.0
0.0
0.0
0.0
0.0
0.0
0.0
0.0
0.0
0.009627
0.12756499999999998
0.286525
0.220301
0.5531240000000001
0.629146
0.744778
0.630108
0.5593239999999999
0.431407
0.17630099999999999
0.003572
0.0
0.0
0.0
0.0
0.0
0.0
0.0
0.0
0.0
0.0
0.0
0.0
0.013538
0.100241
0.33708699999999997
0.264779
0.323364
0.747957
0.35719999999999996
0.320729
0.588875
0.42511200000000005
0.182648
0.008626
0.0
0.0
0.0
0.0
0.0
0.0
0.0
0.0
0.0
0.0
0.0
0.0
0.014041
0.147394
0.361842
0.5015350000000001
0.316153
0.7404890000000001
0.7427630000000001
0.64609
0.5412720000000001
0.409483
0.157015
0.004253
0.0
0.0
0.0
0.0
0.0
0.0
0.0
0.0
0.0
0.0
0.0
0.0
0.014564
0.143185
0.313879
0.47180900000000003
0.597765
0.660164
0.656064
0.6077859999999999
0.515082
0.372925
0.15605000000000002
0.004931
0.0
0.0
0.0
0.0
0.0
0.0
0.0
0.0
0.0
0.0
0.0
0.0
0.016634
0.21192
0.16154
0.226564
0.276126
0.827275
0.298575
0.766641
0.218112
0.151538
0.081398
0.018671
0.0
0.0
0.0
0.0
0.0
0.0
0.0
0.0
0.0
0.0
0.0
0.0
0.010905
0.056398000000000004
0.1042
0.147595
0.180377
0.198223
0.196243
0.177013
0.144177
0.100585
0.054405999999999996
0.011579
0.0
0.0
0.0
0.0
0.0
0.0
0.0
0.0
0.0
0.0
0.0
0.0
0.021698000000000002
0.09092700000000001
0.162913
0.606317
0.278387
0.311974
0.833333
0.27875900000000003
0.6833790000000001
0.156915
0.08568
0.02048
0.0
0.0
0.0
0.0
0.0
0.0
0.0
0.0
0.0
0.0
0.0
0.0
0.026669
0.104727
0.336481
0.49794499999999997
0.629188
0.681562
0.722146
0.6222709999999999
0.5253099999999999
0.38031400000000004
0.167223
0.006969
0.0
0.0
0.0
0.0
0.0
0.0
0.0
0.0
0.0
0.0
0.0
0.0
0.014516
0.140983
0.102657
0.387808
0.487039
0.195353
0.5693039999999999
0.17455600000000002
0.14088499999999998
0.098197
0.054029
0.012845
0.0
0.0
0.0
0.0
0.0
0.0
0.0
0.0
0.0
0.0
0.0
0.0
0.02519
0.14496299999999998
0.5165879999999999
0.42239800000000005
0.26435899999999996
0.596683
0.28576100000000004
0.25825400000000004
0.210581
0.42692899999999995
0.213233
0.014783
0.0
0.0
0.0
0.0
0.0
0.0
0.0
0.0
0.0
0.0
0.0
0.0
0.019923
0.06928100000000001
0.121259
0.16894599999999999
0.205917
0.22533699999999998
0.223643
0.202014
0.164321
0.116001
0.065064
0.017745999999999998
0.0
0.0
0.0
0.0
0.0
0.0
0.0
0.0
0.0
0.0
0.0
0.0
0.034621
0.16705899999999999
0.343099
0.505076
0.6242770000000001
0.6852290000000001
0.67984
0.62725
0.528557
0.413503
0.101914
0.008942
0.0
0.0
0.0
0.0
0.0
0.0
0.0
0.0
0.0
0.0
0.0
0.0
0.012409
0.04373
0.189815
0.26790800000000004
0.12918700000000002
0.364
0.140034
0.126664
0.293703
0.230443
0.040365000000000005
0.020646
0.0
0.0
0.0
0.0
0.0
0.0
0.0
0.0
0.0
0.0
0.0
0.0
0.020383
0.06448699999999999
0.11169899999999999
0.15480000000000002
0.1879
0.207307
0.206187
0.18707300000000002
0.153143
0.10883499999999999
0.062627
0.018378
0.0
0.0
0.0
0.0
0.0
0.0
0.0
0.0
0.0
0.0
0.0
0.0
0.021293
0.066068
0.113208
0.156662
0.189606
0.20530500000000002
0.20412799999999998
0.185224
0.151648
0.10880500000000001
0.062491
0.019695
0.0
0.0
0.0
0.0
0.0
0.0
0.0
0.0
0.0
0.0
0.0
0.0
0.028553000000000002
0.082848
0.34269900000000003
0.47959199999999996
0.585586
0.686159
0.251157
0.227709
0.18716
0.134843
0.07875199999999999
0.031109
0.0
0.0
0.0
0.0
0.0
0.0
0.0
0.0
0.0
0.0
0.0
0.0
0.01533
0.09529900000000001
0.078903
0.239756
0.295293
0.142434
0.33229000000000003
0.309743
0.26455
0.208737
0.043153
0.020835999999999997
0.0
0.0
0.0
0.0
0.0
0.0
0.0
0.0
0.0
0.0
0.0
0.0
0.046174999999999994
0.186242
0.361303
0.520869
0.621198
0.672019
0.665436
0.616023
0.524165
0.387986
0.19263999999999998
0.005595
0.0
0.0
0.0
0.0
0.0
0.0
0.0
0.0
0.0
0.0
0.0
0.0
0.045497
0.119837
0.353233
0.5145660000000001
0.6407309999999999
0.654748
0.6456660000000001
0.598817
0.5125149999999999
0.384649
0.19807
0.014151
0.0
0.0
0.0
0.0
0.0
0.0
0.0
0.0
0.0
0.0
0.0
0.0
0.048451999999999995
0.19075299999999998
0.361356
0.516839
0.6363479999999999
0.634104
0.625928
0.5812459999999999
0.49941800000000003
0.375828
0.194832
0.006182
0.0
0.0
0.0
0.0
0.0
0.0
0.0
0.0
0.0
0.0
0.0
0.0
0.039435000000000005
0.216744
0.390064
0.220607
0.673421
0.28324
0.280483
0.254909
0.634561
0.49850099999999997
0.092529
0.034724
0.0
0.0
0.0
0.0
0.0
0.0
0.0
0.0
0.0
0.0
0.0
0.0
0.040582
0.101899
0.16400399999999998
0.413674
0.50625
0.597348
0.614711
0.6848350000000001
0.525624
0.43738
0.247228
0.017228
0.0
0.0
0.0
0.0
0.0
0.0
0.0
0.0
0.0
0.0
0.0
0.0
0.038002
0.277874
0.151823
0.202902
0.23999
0.833333
0.25794900000000004
0.23716800000000002
0.19906000000000001
0.5773769999999999
0.090436
0.035838
0.0
0.0
0.0
0.0
0.0
0.0
0.0
0.0
0.0
0.0
0.0
0.0
0.033185
0.08146500000000001
0.131825
0.177505
0.21177
0.23186
0.230932
0.211149
0.175539
0.12937
0.078721
0.030622
0.0
0.0
0.0
0.0
0.0
0.0
0.0
0.0
0.0
0.0
0.0
0.0
0.050686999999999996
0.194352
0.36549200000000004
0.51934
0.6408200000000001
0.668725
0.661486
0.613649
0.5251910000000001
0.394978
0.211057
0.007841
0.0
0.0
0.0
0.0
0.0
0.0
0.0
0.0
0.0
0.0
0.0
0.0
0.051232999999999994
0.19855899999999999
0.35590499999999997
0.49898899999999996
0.606041
0.635541
0.627904
0.584506
0.503965
0.383447
0.227728
0.008411
0.0
0.0
0.0
0.0
0.0
0.0
0.0
0.0
0.0
0.0
0.0
0.0
0.06049
0.087525
0.311264
0.18565700000000002
0.220078
0.5776760000000001
0.5964349999999999
0.566142
0.49927499999999997
0.132882
0.082683
0.034588
0.0
0.0
0.0
0.0
0.0
0.0
0.0
0.0
0.0
0.0
0.0
0.0
0.054879
0.230496
0.404625
0.5552720000000001
0.511238
0.292464
0.602094
0.26543700000000003
0.514802
0.165207
0.259757
0.027216999999999998
0.0
0.0
0.0
0.0
0.0
0.0
0.0
0.0
0.0
0.0
0.0
0.0
0.058757
0.122837
0.191124
0.252181
0.575273
0.324193
0.671209
0.643899
0.243674
0.45538
0.25756799999999996
0.039003
0.0
0.0
0.0
0.0
0.0
0.0
0.0
0.0
0.0
0.0
0.0
0.000957
0.057947000000000005
0.195868
0.346119
0.48479
0.593876
0.67731
0.691748
0.620301
0.530145
0.400912
0.24129699999999998
0.011858
0.0
0.0
0.0
0.0
0.0
0.0
0.0
0.0
0.0
0.0
0.0
0.001371
0.056568
0.190549
0.320884
0.23897900000000002
0.547222
0.6086459999999999
0.667006
0.602702
0.535255
0.408001
0.23057
0.035171
0.0
0.0
0.0
0.0
0.0
0.0
0.0
0.0
0.0
0.0
0.0
0.0019470000000000002
0.05504
0.116911
0.17919200000000002
0.43130399999999997
0.274144
0.301302
0.617783
0.594016
0.6264700000000001
0.440689
0.109985
0.049576
0.000177
0.0
0.0
0.0
0.0
0.0
0.0
0.0
0.0
0.0
0.0
0.002738
0.061412
0.190727
0.188167
0.24576599999999998
0.546693
0.710763
0.699988
0.634633
0.24197200000000002
0.44448200000000004
0.24548699999999998
0.047254
0.0011639999999999999
0.0
0.0
0.0
0.0
0.0
0.0
0.0
0.0
0.0
0.0
0.0031880000000000003
0.073359
0.117158
0.179301
0.497721
0.6032179999999999
0.682474
0.298511
0.673782
0.603779
0.172208
0.110806
0.058947
0.0
0.0
0.0
0.0
0.0
0.0
0.0
0.0
0.0
0.0
0.0
0.003782
0.062134
0.19558699999999998
0.31713600000000003
0.469129
0.570352
0.631231
0.601578
0.26799599999999996
0.528612
0.42191500000000004
0.26467399999999996
0.05328
0.0
0.0
0.0
0.0
0.0
0.0
0.0
0.0
0.0
0.0
0.0
0.00467
0.063726
0.20869
0.35923099999999997
0.445349
0.5956269999999999
0.713533
0.660631
0.634657
0.239641
0.18050899999999998
0.263013
0.051042000000000004
0.002511
0.0
0.0
0.0
0.0
0.0
0.0
0.0
0.0
0.0
0.0
0.006256
0.067824
0.208328
0.362682
0.502855
0.613534
0.645624
0.6809850000000001
0.591175
0.508153
0.388536
0.225148
0.034845
0.0
0.0
0.0
0.0
0.0
0.0
0.0
0.0
0.0
0.0
0.0
0.0008489999999999999
0.028369
0.059051
0.20831899999999998
0.119911
0.34015100000000004
0.155576
0.39250999999999997
0.143488
0.31979599999999997
0.256687
0.178716
0.07533
0.0
0.0
0.0
0.0
0.0
0.0
0.0
0.0
0.0
0.0
0.0
0.005051999999999999
0.048654
0.096982
0.146281
0.191274
0.224758
0.243719
0.242454
0.222652
0.187797
0.142814
0.092928
0.045687
0.003059
0.0
0.0
0.0
0.0
0.0
0.0
0.0
0.0
0.0
0.0
0.011252
0.07468000000000001
0.21638
0.371546
0.513597
0.62174
0.6925549999999999
0.711171
0.632857
0.5453859999999999
0.41994400000000004
0.247474
0.054953
0.006292
0.0
0.0
0.0
0.0
0.0
0.0
0.0
0.0
0.0
0.0
0.013042999999999999
0.07511100000000001
0.215773
0.366705
0.497498
0.600986
0.688508
0.678257
0.628597
0.5400940000000001
0.444685
0.243584
0.044808
0.0
0.0
0.0
0.0
0.0
0.0
0.0
0.0
0.0
0.0
0.0
0.014157
0.076256
0.214722
0.361939
0.492475
0.588437
0.678553
0.668976
0.620047
0.5332
0.409719
0.24234999999999998
0.046853
0.000175
0.0
0.0
0.0
0.0
0.0
0.0
0.0
0.0
0.0
0.0
0.015641
0.077292
0.22122
0.365183
0.499789
0.604508
0.6706259999999999
0.7065119999999999
0.612213
0.526716
0.40496899999999997
0.240288
0.047405
0.0
0.0
0.0
0.0
0.0
0.0
0.0
0.0
0.0
0.0
0.0
0.010431
0.093842
0.219915
0.144732
0.187122
0.557388
0.23785599999999998
0.6435270000000001
0.21651900000000002
0.18204499999999998
0.441867
0.325784
0.047342
0.007794
0.0
0.0
0.0
0.0
0.0
0.0
0.0
0.0
0.0
0.0
0.0058070000000000005
0.064276
0.13917500000000002
0.09215000000000001
0.288348
0.141102
0.15151900000000001
0.38469099999999995
0.138684
0.319577
0.253823
0.178037
0.029962
0.003069
0.0
0.0
0.0
0.0
0.0
0.0
0.0
0.0
0.0
0.0
0.012185
0.161821
0.098149
0.14362899999999998
0.184921
0.214868
0.833333
0.233257
0.216183
0.18485
0.14367
0.096822
0.154597
0.00852
0.0
0.0
0.0
0.0
0.0
0.0
0.0
0.0
0.0
0.0
0.008291
0.070325
0.073436
0.10869
0.14078100000000002
0.39172199999999996
0.428769
0.432366
0.40512400000000004
0.352118
0.10362600000000001
0.069763
0.036031999999999995
0.005649
0.0
0.0
0.0
0.0
0.0
0.0
0.0
0.0
0.0
0.0
0.007657
0.07122400000000001
0.066759
0.2315
0.307851
0.148762
0.388942
0.155934
0.142881
0.327661
0.263701
0.062837
0.033170000000000005
0.010506
0.0
0.0
0.0
0.0
0.0
0.0
0.0
0.0
0.0
0.0
0.006946
0.03286
0.061328
0.183669
0.242635
0.28961200000000004
0.321846
0.326701
0.134822
0.272459
0.216422
0.152915
0.089377
0.007995
0.0
0.0
0.0
0.0
0.0
0.0
0.0
0.0
0.0
0.0
0.008422
0.035834000000000005
0.154884
0.09712900000000001
0.308908
0.144391
0.15724000000000002
0.417244
0.143951
0.34802
0.094367
0.1972
0.10756399999999999
0.012607
0.0
0.0
0.0
0.0
0.0
0.0
0.0
0.0
0.0
0.0
0.020752
0.08137
0.205344
0.33546
0.442413
0.544652
0.604102
0.602761
0.606576
0.548198
0.440817
0.123833
0.084042
0.016251
0.0
0.0
0.0
0.0
0.0
0.0
0.0
0.0
0.0
0.0
0.001184
0.081588
0.22636799999999999
0.37306900000000004
0.504989
0.608158
0.6733859999999999
0.6622809999999999
0.616669
0.532273
0.41173000000000004
0.251788
0.06478199999999999
0.0
0.0
0.0
0.0
0.0
0.0
0.0
0.0
0.0
0.0
0.0
0.0
0.085845
0.24463
0.405552
0.5379360000000001
0.601081
0.614242
0.604329
0.5614049999999999
0.485451
0.376863
0.231649
0.058262
0.0
0.0
0.0
0.0
0.0
0.0
0.0
0.0
0.0
0.0
0.0
0.0
0.086862
0.243777
0.398754
0.500108
0.555375
0.6111530000000001
0.602536
0.558307
0.481231
0.371656
0.22788399999999998
0.056125999999999995
0.0
0.0
0.0
0.0
0.0
0.0
0.0
0.0
0.0
0.0
0.0
0.024698
0.086764
0.235694
0.376672
0.442916
0.2823
0.628395
0.311154
0.6240180000000001
0.567025
0.439926
0.27497000000000005
0.081763
0.004309
0.0
0.0
0.0
0.0
0.0
0.0
0.0
0.0
0.0
0.0
0.027004999999999998
0.08705500000000001
0.215596
0.35137
0.47467200000000004
0.5747089999999999
0.6261789999999999
0.645817
0.6010420000000001
0.520867
0.40759500000000004
0.256184
0.074116
0.001658
0.0
0.0
0.0
0.0
0.0
0.0
0.0
0.0
0.0
0.0
0.000634
0.084725
0.231542
0.379012
0.5160410000000001
0.587814
0.616333
0.609214
0.565655
0.489633
0.38182299999999997
0.23819300000000002
0.065915
0.0
0.0
0.0
0.0
0.0
0.0
0.0
0.0
0.0
0.0
0.0
0.000321
0.088349
0.241303
0.393483
0.5187759999999999
0.5782079999999999
0.621698
0.6140209999999999
0.570652
0.49324799999999996
0.382307
0.236299
0.06458
0.0
0.0
0.0
0.0
0.0
0.0
0.0
0.0
0.0
0.0
0.0
0.0011220000000000002
0.08884600000000001
0.23822300000000002
0.38897699999999996
0.525691
0.596423
0.651445
0.641712
0.593797
0.510201
0.393375
0.243294
0.068068
0.0
0.0
0.0
0.0
0.0
0.0
0.0
0.0
0.0
0.0
0.0
0.030386
0.091664
0.147817
0.208807
0.475945
0.302101
0.6291380000000001
0.667726
0.62729
0.539156
0.421527
0.28249799999999997
0.08490600000000001
0.004311
0.0
0.0
0.0
0.0
0.0
0.0
0.0
0.0
0.0
0.0
0.001649
0.090682
0.240767
0.38944799999999996
0.524284
0.584923
0.6186459999999999
0.6093719999999999
0.5657960000000001
0.48950299999999997
0.380837
0.23874
0.069152
0.0
0.0
0.0
0.0
0.0
0.0
0.0
0.0
0.0
0.0
0.0
0.0005340000000000001
0.090534
0.240823
0.387012
0.504931
0.560589
0.5970610000000001
0.589019
0.5480689999999999
0.47522699999999996
0.37101
0.233707
0.067274
0.0
0.0
0.0
0.0
0.0
0.0
0.0
0.0
0.0
0.0
0.0
0.00417
0.084625
0.214372
0.343501
0.462325
0.5569120000000001
0.633927
0.634651
0.590493
0.512259
0.40116
0.254445
0.080251
0.00095
0.0
0.0
0.0
0.0
0.0
0.0
0.0
0.0
0.0
0.0
0.031552
0.089122
0.209523
0.3335
0.446807
0.5363519999999999
0.592669
0.617478
0.591057
0.515615
0.406794
0.26187
0.085691
0.0023740000000000002
0.0
0.0
0.0
0.0
0.0
0.0
0.0
0.0
0.0
0.0
0.00231
0.09150900000000001
0.235684
0.378021
0.507984
0.5890259999999999
0.614405
0.605082
0.56243
0.48663
0.381004
0.24244
0.07474
0.0
0.0
0.0
0.0
0.0
0.0
0.0
0.0
0.0
0.0
0.0
0.005376000000000001
0.08644400000000001
0.21451699999999999
0.339406
0.451387
0.539562
0.6061259999999999
0.616043
0.5764790000000001
0.505579
0.40004500000000004
0.259297
0.08584399999999999
0.001745
0.0
0.0
0.0
0.0
0.0
0.0
0.0
0.0
0.0
0.0
0.003875
0.089586
0.224909
0.355199
0.470225
0.558342
0.61846
0.609442
0.566765
0.49286
0.38720299999999996
0.249684
0.080979
0.0
0.0
0.0
0.0
0.0
0.0
0.0
0.0
0.0
0.0
0.0
0.004618000000000001
0.089193
0.222744
0.352508
0.469922
0.5625610000000001
0.620887
0.610688
0.567654
0.49407100000000004
0.38890399999999997
0.250685
0.08249200000000001
0.000277
0.0
0.0
0.0
0.0
0.0
0.0
0.0
0.0
0.0
0.0
0.033403
0.08837300000000001
0.20266
0.317318
0.419702
0.498378
0.5917680000000001
0.6128089999999999
0.5927129999999999
0.526679
0.41625
0.27043700000000004
0.092391
0.003013
0.0
0.0
0.0
0.0
0.0
0.0
0.0
0.0
0.0
0.0
0.038005000000000004
0.128276
0.081626
0.11461
0.46689800000000004
0.16578299999999999
0.180115
0.635617
0.167827
0.145313
0.114995
0.081298
0.047945
0.01735
0.0
0.0
0.0
0.0
0.0
0.0
0.0
0.0
0.0
0.0
0.006325
0.08891500000000001
0.214751
0.33531599999999995
0.443916
0.5277000000000001
0.613122
0.6342720000000001
0.594795
0.5175960000000001
0.408087
0.26605
0.09348300000000001
0.001784
0.0
0.0
0.0
0.0
0.0
0.0
0.0
0.0
0.0
0.0
0.004371000000000001
0.09428
0.232119
0.363145
0.47844600000000004
0.5636380000000001
0.617869
0.6072960000000001
0.565083
0.491267
0.387686
0.25187
0.086074
0.0
0.0
0.0
0.0
0.0
0.0
0.0
0.0
0.0
0.0
0.0
0.02614
0.105212
0.106257
0.314438
0.412315
0.20946700000000001
0.512317
0.218858
0.203368
0.448653
0.13994399999999999
0.28119700000000003
0.060431
0.022784
0.0
0.0
0.0
0.0
0.0
0.0
0.0
0.0
0.0
0.0
0.018977
0.061095
0.11414
0.167731
0.217889
0.258125
0.129209
0.129271
0.275414
0.241404
0.194781
0.140984
0.081064
0.017171
0.0
0.0
0.0
0.0
0.0
0.0
0.0
0.0
0.0
0.0
0.005031
0.091813
0.223852
0.350136
0.46454500000000004
0.55424
0.6147079999999999
0.606347
0.565731
0.493645
0.390875
0.25619099999999995
0.091739
0.000308
0.0
0.0
0.0
0.0
0.0
0.0
0.0
0.0
0.0
0.0
0.024864
0.060683999999999995
0.09864400000000001
0.13675299999999999
0.17017
0.19488999999999998
0.68992
0.707696
0.202259
0.17619100000000001
0.1407
0.375669
0.059124
0.03428199999999999
0.0
0.0
0.0
0.0
0.0
0.0
0.0
0.0
0.0
0.0
0.0043230000000000005
0.095587
0.235133
0.368691
0.48875799999999997
0.573864
0.597838
0.588392
0.549158
0.48012099999999996
0.38096800000000003
0.251117
0.090922
0.0
0.0
0.0
0.0
0.0
0.0
0.0
0.0
0.0
0.0
0.0
0.003162
0.095223
0.234363
0.36572000000000005
0.480418
0.53463
0.593576
0.583019
0.543606
0.47530399999999995
0.376927
0.24831899999999998
0.08912099999999999
0.0
0.0
0.0
0.0
0.0
0.0
0.0
0.0
0.0
0.0
0.0
0.004957
0.093669
0.225825
0.350889
0.461669
0.546686
0.5718799999999999
0.56388
0.5281440000000001
0.46504
0.373336
0.249782
0.09396299999999999
0.0
0.0
0.0
0.0
0.0
0.0
0.0
0.0
0.0
0.0
0.0
0.002731
0.096063
0.239317
0.375142
0.49418
0.5476420000000001
0.582682
0.575105
0.536987
0.468989
0.371627
0.245388
0.08901
0.0
0.0
0.0
0.0
0.0
0.0
0.0
0.0
0.0
0.0
0.0
0.005465
0.091187
0.22112600000000002
0.346628
0.46065
0.5510929999999999
0.570768
0.560966
0.52519
0.46337
0.373816
0.25222900000000004
0.09601000000000001
0.0
0.0
0.0
0.0
0.0
0.0
0.0
0.0
0.0
0.0
0.0
0.005988
0.089698
0.213613
0.331046
0.43464299999999995
0.514817
0.585835
0.589862
0.552385
0.484042
0.386988
0.259488
0.099225
0.000995
0.0
0.0
0.0
0.0
0.0
0.0
0.0
0.0
0.0
0.0
0.0029
0.09570999999999999
0.234736
0.365615
0.477888
0.526563
0.578028
0.5699529999999999
0.531307
0.463382
0.368999
0.244543
0.090468
0.0
0.0
0.0
0.0
0.0
0.0
0.0
0.0
0.0
0.0
0.0
0.002842
0.095729
0.236647
0.37314600000000003
0.494936
0.548922
0.579976
0.5724600000000001
0.5348160000000001
0.466176
0.370537
0.24539599999999998
0.090651
0.0
0.0
0.0
0.0
0.0
0.0
0.0
0.0
0.0
0.0
0.0
0.004477999999999999
0.092307
0.22376400000000002
0.349808
0.461961
0.5443
0.566429
0.559509
0.5245460000000001
0.46181099999999997
0.371173
0.250026
0.096463
0.0
0.0
0.0
0.0
0.0
0.0
0.0
0.0
0.0
0.0
0.0
0.005974
0.089095
0.21099299999999999
0.32583999999999996
0.428595
0.50676
0.588739
0.5940850000000001
0.559646
0.49407100000000004
0.398094
0.268885
0.106719
0.0012330000000000002
0.0
0.0
0.0
0.0
0.0
0.0
0.0
0.0
0.0
0.0
0.0049889999999999995
0.091359
0.21901400000000001
0.340098
0.44629599999999997
0.527634
0.580744
0.57065
0.5378310000000001
0.475469
0.382826
0.259716
0.10284399999999999
0.0
0.0
0.0
0.0
0.0
0.0
0.0
0.0
0.0
0.0
0.0
0.005997
0.08830400000000001
0.210091
0.32664499999999996
0.43305099999999996
0.522255
0.5858819999999999
0.6027899999999999
0.573279
0.507832
0.408178
0.275641
0.110086
0.002807
0.0
0.0
0.0
0.0
0.0
0.0
0.0
0.0
0.0
0.000256
0.011574999999999998
0.084127
0.19775299999999998
0.311466
0.40682999999999997
0.484642
0.541597
0.556731
0.5406920000000001
0.501289
0.421496
0.28751499999999997
0.118437
0.004286
0.0
0.0
0.0
0.0
0.0
0.0
0.0
0.0
0.0
0.0
0.01611
0.076461
0.122176
0.280207
0.386009
0.45788999999999996
0.519441
0.5349389999999999
0.51881
0.470286
0.367659
0.118123
0.139412
0.008223000000000001
0.0
0.0
0.0
0.0
0.0
0.0
0.0
0.0
0.0
0.0
0.005071
0.093044
0.224677
0.351168
0.465223
0.556002
0.613146
0.607149
0.568157
0.497316
0.397212
0.267872
0.107491
0.001732
0.0
0.0
0.0
0.0
0.0
0.0
0.0
0.0
0.0
0.0
0.004598
0.09397799999999999
0.22930899999999999
0.359134
0.47530399999999995
0.563661
0.587874
0.5813959999999999
0.5441130000000001
0.477894
0.383818
0.260438
0.104159
0.000475
0.0
0.0
0.0
0.0
0.0
0.0
0.0
0.0
0.0
0.00021799999999999999
0.012187
0.080557
0.18675899999999998
0.287724
0.379347
0.449513
0.539451
0.560528
0.550472
0.505142
0.421281
0.30423700000000004
0.123824
0.009822
0.0
0.0
0.0
0.0
0.0
0.0
0.0
0.0
0.0
0.0
0.029729
0.071806
0.238873
0.157757
0.19502799999999998
0.22225299999999998
0.567717
0.23155799999999999
0.558649
0.18887299999999999
0.42651
0.325138
0.069471
0.030116
0.0
0.0
0.0
0.0
0.0
0.0
0.0
0.0
0.0
0.0
0.002846
0.098201
0.240644
0.375995
0.49443200000000004
0.5533239999999999
0.576056
0.568665
0.53328
0.469236
0.37870299999999996
0.258912
0.10532
0.0
0.0
0.0
0.0
0.0
0.0
0.0
0.0
0.0
0.0
0.0
0.00259
0.096278
0.238153
0.374923
0.49670600000000004
0.5585650000000001
0.595029
0.587976
0.549836
0.48107799999999995
0.384824
0.260393
0.104377
0.0
0.0
0.0
0.0
0.0
0.0
0.0
0.0
0.0
0.0
0.0
0.0029159999999999998
0.093277
0.229326
0.357107
0.468757
0.536997
0.577956
0.571042
0.5351130000000001
0.470351
0.37894900000000004
0.258387
0.104676
0.000308
0.0
0.0
0.0
0.0
0.0
0.0
0.0
0.0
0.0
0.000744
0.009887
0.084854
0.19944499999999998
0.310729
0.410827
0.488896
0.546986
0.560691
0.548708
0.503027
0.41210800000000003
0.28304399999999996
0.119853
0.00452
0.0
0.0
0.0
0.0
0.0
0.0
0.0
0.0
0.0
0.0
0.00268
0.092311
0.22766499999999998
0.354707
0.46486900000000003
0.525167
0.564975
0.5580539999999999
0.52318
0.459791
0.370055
0.253042
0.102919
0.000356
0.0
0.0
0.0
0.0
0.0
0.0
0.0
0.0
0.0
0.0
0.0025009999999999998
0.091943
0.229387
0.359969
0.475968
0.538673
0.561297
0.55522
0.5210199999999999
0.458803
0.369702
0.253426
0.102994
0.000424
0.0
0.0
0.0
0.0
0.0
0.0
0.0
0.0
0.0
0.0
0.003141
0.086713
0.214494
0.339415
0.454286
0.546207
0.569173
0.564114
0.5296609999999999
0.46591000000000005
0.376624
0.259299
0.106539
0.001671
0.0
0.0
0.0
0.0
0.0
0.0
0.0
0.0
0.0
0.0
0.004201
0.085637
0.212588
0.3355
0.44859699999999997
0.5402129999999999
0.621582
0.620385
0.583448
0.513327
0.411478
0.27936900000000003
0.114402
0.0026939999999999998
0.0
0.0
0.0
0.0
0.0
0.0
0.0
0.0
0.0
0.0
0.0026379999999999997
0.089774
0.223108
0.349281
0.460749
0.529976
0.589172
0.581542
0.5482140000000001
0.484677
0.390729
0.267792
0.110016
0.001431
0.0
0.0
0.0
0.0
0.0
0.0
0.0
0.0
0.0
0.0
0.013484999999999999
0.087755
0.19938499999999998
0.304995
0.397086
0.425542
0.493041
0.251713
0.49243000000000003
0.501939
0.373054
0.28289800000000004
0.07274299999999999
0.031518
0.0
0.0
0.0
0.0
0.0
0.0
0.0
0.0
0.0
0.0
0.010035
0.080103
0.189008
0.298139
0.386436
0.460953
0.504126
0.51909
0.503703
0.46164299999999997
0.395088
0.282598
0.12374800000000001
0.006163
0.0
0.0
0.0
0.0
0.0
0.0
0.0
0.0
0.0
0.0
0.010353999999999999
0.08396899999999999
0.197913
0.310264
0.413381
0.494222
0.567121
0.583858
0.563669
0.49559
0.428821
0.298255
0.137921
0.034776
0.0
0.0
0.0
0.0
0.0
0.0
0.0
0.0
0.0
0.0
0.002628
0.087487
0.21939699999999998
0.344654
0.455621
0.539822
0.5980599999999999
0.593004
0.554727
0.487389
0.391503
0.26811599999999997
0.111651
0.002115
0.0
0.0
0.0
0.0
0.0
0.0
0.0
0.0
0.0
0.0
0.003404
0.08447199999999999
0.212811
0.33949900000000005
0.454295
0.545486
0.599499
0.590942
0.553016
0.48912
0.39600799999999997
0.273236
0.115616
0.0033940000000000003
0.0
0.0
0.0
0.0
0.0
0.0
0.0
0.0
0.0
0.0
0.033070999999999996
0.08660899999999999
0.40095800000000004
0.28534699999999996
0.211602
0.242862
0.255565
0.500672
0.484625
0.437274
0.16589199999999998
0.119394
0.072917
0.017041
0.0
0.0
0.0
0.0
0.0
0.0
0.0
0.0
0.0
0.0
0.003834
0.084443
0.20993799999999999
0.329586
0.43538299999999996
0.517344
0.602628
0.6046549999999999
0.5672670000000001
0.500108
0.4032
0.277771
0.11768600000000001
0.003559
0.0
0.0
0.0
0.0
0.0
0.0
0.0
0.0
0.0
0.0
0.003128
0.08488599999999999
0.215275
0.34077300000000005
0.45399
0.543393
0.573519
0.569068
0.535708
0.475306
0.38705
0.26892200000000005
0.115665
0.003487
0.0
0.0
0.0
0.0
0.0
0.0
0.0
0.0
0.0
0.0
0.00467
0.08187699999999999
0.20272800000000002
0.320428
0.42687200000000003
0.509991
0.581408
0.6009500000000001
0.583659
0.517967
0.417831
0.28819799999999995
0.122565
0.004557
0.0
0.0
0.0
0.0
0.0
0.0
0.0
0.0
0.0
0.0
0.003399
0.083425
0.209614
0.33047899999999997
0.436594
0.519255
0.592155
0.590271
0.5557730000000001
0.49153399999999997
0.397704
0.27396
0.116096
0.003401
0.0
0.0
0.0
0.0
0.0
0.0
0.0
0.0
0.0
0.0
0.008221000000000001
0.076954
0.18774700000000002
0.29583499999999996
0.390459
0.464429
0.512467
0.52926
0.514985
0.471682
0.40323200000000003
0.28238
0.12348
0.005456000000000001
0.0
0.0
0.0
0.0
0.0
0.0
0.0
0.0
0.0
0.0
0.001868
0.083716
0.215872
0.34447300000000003
0.45878800000000003
0.547938
0.5967619999999999
0.5902229999999999
0.555867
0.49132299999999995
0.397495
0.274476
0.115631
0.002722
0.0
0.0
0.0
0.0
0.0
0.0
0.0
0.0
0.0
0.0
0.001159
0.084326
0.219295
0.348507
0.462039
0.544862
0.59113
0.586424
0.551806
0.486183
0.39198700000000003
0.269034
0.111723
0.001957
0.0
0.0
0.0
0.0
0.0
0.0
0.0
0.0
0.0
0.0
0.008307
0.075646
0.185458
0.293567
0.390376
0.463582
0.537353
0.555745
0.5382619999999999
0.48474
0.413882
0.309548
0.124009
0.00596
0.0
0.0
0.0
0.0
0.0
0.0
0.0
0.0
0.0
0.0
0.029686
0.081489
0.11798900000000001
0.27817200000000003
0.204
0.234255
0.476738
0.605341
0.586069
0.422978
0.447923
0.264861
0.06800199999999999
0.015093
0.0
0.0
0.0
0.0
0.0
0.0
0.0
0.0
0.0
0.0
0.00173
0.08068600000000001
0.20995599999999998
0.337254
0.45137099999999997
0.541628
0.6029410000000001
0.598347
0.56247
0.494607
0.39736200000000005
0.27151
0.110623
0.0028740000000000003
0.0
0.0
0.0
0.0
0.0
0.0
0.0
0.0
0.0
0.0
0.0
0.08279399999999999
0.21926400000000001
0.350766
0.46486900000000003
0.528778
0.593861
0.5891609999999999
0.553327
0.48674599999999996
0.3901
0.264959
0.106413
0.000877
0.0
0.0
0.0
0.0
0.0
0.0
0.0
0.0
0.0
0.0
0.0021309999999999996
0.07923999999999999
0.20606
0.32781299999999997
0.434195
0.515366
0.598639
0.5941409999999999
0.559072
0.493099
0.397036
0.272199
0.111584
0.002695
0.0
0.0
0.0
0.0
0.0
0.0
0.0
0.0
0.0
0.0
0.000628
0.077906
0.20999700000000002
0.340189
0.45658
0.5450410000000001
0.594923
0.592217
0.555951
0.48967099999999997
0.391941
0.26647699999999996
0.10766500000000001
0.0
0.0
0.0
0.0
0.0
0.0
0.0
0.0
0.0
0.0
0.0
0.0
0.080315
0.219232
0.35462
0.47486700000000004
0.539472
0.5780599999999999
0.5739339999999999
0.538695
0.474543
0.38066
0.258606
0.102544
0.0
0.0
0.0
0.0
0.0
0.0
0.0
0.0
0.0
0.0
0.0
0.001073
0.077723
0.21004699999999998
0.33875
0.452963
0.542418
0.5901770000000001
0.586244
0.5510130000000001
0.484948
0.391169
0.267257
0.109077
0.0
0.0
0.0
0.0
0.0
0.0
0.0
0.0
0.0
0.0
0.0
0.0
0.078144
0.214394
0.348079
0.467694
0.542957
0.5694539999999999
0.564684
0.531068
0.468493
0.377527
0.258171
0.102713
0.0
0.0
0.0
0.0
0.0
0.0
0.0
0.0
0.0
0.0
0.0
0.030748
0.07760500000000001
0.187918
0.300615
0.399852
0.471637
0.54688
0.5641029999999999
0.547689
0.490911
0.406886
0.277949
0.113343
0.002644
0.0
0.0
0.0
0.0
0.0
0.0
0.0
0.0
0.0
0.0
0.027457000000000002
0.073928
0.184094
0.299333
0.405146
0.491281
0.5369769999999999
0.575521
0.553081
0.500996
0.41895299999999996
0.29792399999999997
0.069675
0.026065
0.0
0.0
0.0
0.0
0.0
0.0
0.0
0.0
0.0
0.0
0.030356
0.075376
0.189625
0.308107
0.41418299999999997
0.498742
0.603112
0.623673
0.589754
0.519645
0.418131
0.283644
0.11293500000000001
0.001607
0.0
0.0
0.0
0.0
0.0
0.0
0.0
0.0
0.0
0.0
0.023959
0.066684
0.113538
0.27513099999999996
0.383618
0.462933
0.46933400000000003
0.5121760000000001
0.496454
0.42078
0.377299
0.261521
0.131942
0.013097
0.0
0.0
0.0
0.0
0.0
0.0
0.0
0.0
0.0
0.0
0.023586
0.066433
0.11418
0.27633800000000003
0.385432
0.465589
0.493786
0.509694
0.463946
0.446318
0.3488
0.283138
0.144565
0.013297
0.0
0.0
0.0
0.0
0.0
0.0
0.0
0.0
0.0
0.0
0.0
0.07601999999999999
0.21421199999999999
0.350656
0.471081
0.5612269999999999
0.6323840000000001
0.628715
0.590013
0.516822
0.412136
0.276984
0.106362
0.0
0.0
0.0
0.0
0.0
0.0
0.0
0.0
0.0
0.0
0.0
0.0
0.07703700000000001
0.22323400000000002
0.366649
0.488289
0.5458719999999999
0.604801
0.601191
0.563443
0.49465800000000004
0.395061
0.264621
0.098483
0.0
0.0
0.0
0.0
0.0
0.0
0.0
0.0
0.0
0.0
0.0
0.0
0.07495
0.217971
0.35874900000000004
0.480897
0.539636
0.585912
0.582238
0.546771
0.48171600000000003
0.385779
0.259044
0.09715900000000001
0.0
0.0
0.0
0.0
0.0
0.0
0.0
0.0
0.0
0.0
0.0
0.0
0.074526
0.22014799999999998
0.365058
0.49323
0.5532480000000001
0.581024
0.5773429999999999
0.542594
0.478161
0.383276
0.257424
0.096013
0.0
0.0
0.0
0.0
0.0
0.0
0.0
0.0
0.0
0.0
0.0
0.02674
0.07488
0.194631
0.31914600000000004
0.42985700000000004
0.515977
0.604071
0.625914
0.587546
0.518218
0.415811
0.279736
0.10581600000000001
0.001703
0.0
0.0
0.0
0.0
0.0
0.0
0.0
0.0
0.0
0.0
0.0
0.072353
0.21819300000000003
0.367653
0.500192
0.566053
0.5969289999999999
0.5935130000000001
0.557506
0.49066000000000004
0.392072
0.261598
0.094577
0.0
0.0
0.0
0.0
0.0
0.0
0.0
0.0
0.0
0.0
0.0
0.0
0.073935
0.225156
0.37849299999999997
0.49326
0.552932
0.592255
0.58813
0.551455
0.48283
0.38490800000000003
0.254398
0.089186
0.0
0.0
0.0
0.0
0.0
0.0
0.0
0.0
0.0
0.0
0.0
0.0
0.071869
0.21749600000000002
0.36535199999999995
0.491547
0.551375
0.578441
0.574438
0.540301
0.476303
0.381942
0.254964
0.090251
0.0
0.0
0.0
0.0
0.0
0.0
0.0
0.0
0.0
0.0
0.0
0.0
0.070665
0.210895
0.35063900000000003
0.47194200000000003
0.55592
0.6170950000000001
0.611832
0.572684
0.5018469999999999
0.398505
0.262512
0.09226000000000001
0.0
0.0
0.0
0.0
0.0
0.0
0.0
0.0
0.0
0.0
0.0
0.021666
0.071994
0.128381
0.308149
0.418003
0.499154
0.589842
0.60851
0.569121
0.529646
0.42815
0.302203
0.111815
0.002822
0.0
0.0
0.0
0.0
0.0
0.0
0.0
0.0
0.0
0.0
0.020001
0.07073600000000001
0.18906399999999998
0.181838
0.41617000000000004
0.26516199999999995
0.563781
0.714605
0.5571699999999999
0.223924
0.417443
0.313461
0.116408
0.018539
0.0
0.0
0.0
0.0
0.0
0.0
0.0
0.0
0.0
0.0
0.017645
0.071369
0.215275
0.28387599999999996
0.21019
0.24114
0.528507
0.681269
0.5219790000000001
0.595082
0.384219
0.11094499999999999
0.119973
0.016694
0.0
0.0
0.0
0.0
0.0
0.0
0.0
0.0
0.0
0.0
0.012458
0.083554
0.089866
0.294785
0.389732
0.19224100000000002
0.20344399999999999
0.502861
0.47932400000000003
0.15956499999999998
0.352332
0.084527
0.045798
0.011054999999999999
0.0
0.0
0.0
0.0
0.0
0.0
0.0
0.0
0.0
0.0
0.020391
0.072824
0.14050100000000001
0.340734
0.25794
0.556702
0.654242
0.646886
0.606093
0.532001
0.423452
0.277974
0.094467
0.0016950000000000001
0.0
0.0
0.0
0.0
0.0
0.0
0.0
0.0
0.0
0.0
0.011786
0.047817
0.19706800000000002
0.309034
0.16527099999999997
0.485391
0.201953
0.20013999999999998
0.49364600000000003
0.44017399999999995
0.12259199999999999
0.08347700000000001
0.045094
0.009852
0.0
0.0
0.0
0.0
0.0
0.0
0.0
0.0
0.0
0.0
0.019125
0.07021899999999999
0.203404
0.34619099999999997
0.473411
0.5728150000000001
0.6181169999999999
0.6127140000000001
0.573665
0.502461
0.398733
0.259241
0.082792
0.0
0.0
0.0
0.0
0.0
0.0
0.0
0.0
0.0
0.0
0.0
0.0
0.06441200000000001
0.20715
0.35232600000000003
0.478649
0.554539
0.624807
0.619668
0.5793780000000001
0.504781
0.396252
0.252193
0.07622
0.0
0.0
0.0
0.0
0.0
0.0
0.0
0.0
0.0
0.0
0.0
0.0
0.064458
0.208407
0.355648
0.4824
0.55133
0.612303
0.6070760000000001
0.5681499999999999
0.495477
0.38926499999999997
0.247475
0.072884
0.0
0.0
0.0
0.0
0.0
0.0
0.0
0.0
0.0
0.0
0.0
0.0
0.062586
0.20070400000000002
0.341675
0.464158
0.555289
0.617765
0.61319
0.573825
0.500731
0.393358
0.25039500000000003
0.073642
0.0
0.0
0.0
0.0
0.0
0.0
0.0
0.0
0.0
0.0
0.0
0.0
0.061064
0.19884800000000002
0.342413
0.467902
0.562414
0.6350990000000001
0.629835
0.587322
0.509906
0.399338
0.252482
0.072796
0.0
0.0
0.0
0.0
0.0
0.0
0.0
0.0
0.0
0.0
0.0
0.012333
0.070102
0.200706
0.463216
0.46396499999999996
0.298748
0.32093700000000003
0.318697
0.6190249999999999
0.557373
0.43819600000000003
0.280762
0.08631399999999999
0.002563
0.0
0.0
0.0
0.0
0.0
0.0
0.0
0.0
0.0
0.0
0.011567000000000001
0.065235
0.13669
0.336884
0.461649
0.550236
0.6414489999999999
0.6361559999999999
0.593819
0.516443
0.404292
0.254261
0.070313
0.0
0.0
0.0
0.0
0.0
0.0
0.0
0.0
0.0
0.0
0.0
0.0
0.060215000000000005
0.205653
0.355434
0.48556900000000003
0.55508
0.60273
0.596113
0.556001
0.48371499999999995
0.378744
0.236137
0.060676
0.0
0.0
0.0
0.0
0.0
0.0
0.0
0.0
0.0
0.0
0.0
0.0
0.05757
0.19886600000000001
0.34686700000000004
0.47527600000000003
0.546154
0.5952820000000001
0.589879
0.5507989999999999
0.47908999999999996
0.37484500000000004
0.232096
0.057693
0.0
0.0
0.0
0.0
0.0
0.0
0.0
0.0
0.0
0.0
0.0
0.006291000000000001
0.061505000000000004
0.122657
0.316749
0.446149
0.5215599999999999
0.608635
0.6254120000000001
0.579252
0.524496
0.409472
0.27216399999999996
0.07428499999999999
0.0
0.0
0.0
0.0
0.0
0.0
0.0
0.0
0.0
0.0
0.0
0.003965
0.128125
0.097604
0.147315
0.678123
0.22365700000000002
0.243179
0.240184
0.219327
0.18444999999999998
0.140381
0.397937
0.13495400000000002
0.009388
0.0
0.0
0.0
0.0
0.0
0.0
0.0
0.0
0.0
0.0
0.006304000000000001
0.061015
0.19744499999999998
0.34766800000000003
0.47992599999999996
0.567172
0.64109
0.636254
0.592626
0.512242
0.395363
0.23904499999999998
0.05268
0.0
0.0
0.0
0.0
0.0
0.0
0.0
0.0
0.0
0.0
0.0
0.0
0.055368
0.198496
0.35054
0.483634
0.560568
0.6322949999999999
0.626848
0.5836079999999999
0.503653
0.387947
0.23281200000000002
0.048729999999999996
0.0
0.0
0.0
0.0
0.0
0.0
0.0
0.0
0.0
0.0
0.0
0.0
0.053846
0.19625700000000001
0.34810399999999997
0.480094
0.5619700000000001
0.633823
0.627722
0.584159
0.503417
0.38713400000000003
0.230636
0.044779000000000006
0.0
0.0
0.0
0.0
0.0
0.0
0.0
0.0
0.0
0.0
0.0
0.003961
0.057481000000000004
0.189055
0.336063
0.463667
0.5628920000000001
0.6347809999999999
0.628542
0.583808
0.502919
0.38670699999999997
0.247994
0.0433
0.0
0.0
0.0
0.0
0.0
0.0
0.0
0.0
0.0
0.0
0.0
0.003092
0.056086
0.18507300000000002
0.333169
0.457511
0.551868
0.639733
0.629958
0.585958
0.5071410000000001
0.391425
0.23219599999999999
0.05096
0.0013720000000000002
0.0
0.0
0.0
0.0
0.0
0.0
0.0
0.0
0.0
0.0
0.002599
0.055297
0.190029
0.339606
0.473538
0.5623239999999999
0.6112000000000001
0.604573
0.563462
0.488211
0.376461
0.22106299999999998
0.036384
0.0
0.0
0.0
0.0
0.0
0.0
0.0
0.0
0.0
0.0
0.0
0.00068
0.090607
0.103233
0.160644
0.5964539999999999
0.25072300000000003
0.790608
0.268491
0.245441
0.204977
0.153455
0.323034
0.043119
2.5e-05
0.0
0.0
0.0
0.0
0.0
0.0
0.0
0.0
0.0
0.0
0.0
0.036664
0.080971
0.369439
0.497921
0.19973400000000002
0.215941
0.213543
0.195109
0.559271
0.12374399999999999
0.078881
0.08526099999999999
0.0
0.0
0.0
0.0
0.0
0.0
0.0
0.0
0.0
0.0
0.0
0.0
0.051533999999999996
0.162928
0.294085
0.412822
0.507478
0.566423
0.585671
0.5514779999999999
0.506068
0.40103
0.231187
0.046592
0.0
0.0
0.0
0.0
0.0
0.0
0.0
0.0
0.0
0.0
0.0
0.0
0.050827
0.16812100000000002
0.307081
0.409333
0.521482
0.613841
0.630726
0.6091319999999999
0.5142720000000001
0.162933
0.252088
0.043886
0.0
0.0
0.0
0.0
0.0
0.0
0.0
0.0
0.0
0.0
0.0
0.0
0.052696
0.20596799999999998
0.37345
0.519014
0.588294
0.615321
0.6369049999999999
0.30074
0.5139009999999999
0.188714
0.225926
0.029175999999999997
0.0
0.0
0.0
0.0
0.0
0.0
0.0
0.0
0.0
0.0
0.0
0.0
0.04969
0.188275
0.346648
0.485958
0.559374
0.621836
0.614615
0.569841
0.487307
0.367168
0.20077099999999998
0.022998
0.0
0.0
0.0
0.0
0.0
0.0
0.0
0.0
0.0
0.0
0.0
0.0
0.044770000000000004
0.197666
0.36771699999999996
0.485925
0.544098
0.6018859999999999
0.594309
0.549378
0.46920100000000003
0.352443
0.190006
0.002678
0.0
0.0
0.0
0.0
0.0
0.0
0.0
0.0
0.0
0.0
0.0
0.0
0.048742
0.183106
0.346837
0.498875
0.623776
0.6953590000000001
0.694307
0.637408
0.579364
0.180812
0.23629499999999998
0.010388
0.0
0.0
0.0
0.0
0.0
0.0
0.0
0.0
0.0
0.0
0.0
0.0
0.050474
0.12126300000000001
0.3392
0.515278
0.616386
0.663211
0.327748
0.6445850000000001
0.520687
0.39178500000000005
0.210852
0.010913
0.0
0.0
0.0
0.0
0.0
0.0
0.0
0.0
0.0
0.0
0.0
0.0
0.050019
0.12188
0.342375
0.478396
0.635394
0.643605
0.326003
0.615494
0.247031
0.40131599999999995
0.111692
0.016442000000000002
0.0
0.0
0.0
0.0
0.0
0.0
0.0
0.0
0.0
0.0
0.0
0.0
0.04541
0.17626499999999998
0.321954
0.45436200000000004
0.5527949999999999
0.619284
0.614604
0.5692480000000001
0.487925
0.36739
0.211006
0.007916000000000001
0.0
0.0
0.0
0.0
0.0
0.0
0.0
0.0
0.0
0.0
0.0
0.0
0.045589
0.180435
0.44743299999999997
0.464067
0.29674599999999995
0.6694690000000001
0.325953
0.648371
0.549764
0.40258999999999995
0.21246500000000001
0.013368999999999999
0.0
0.0
0.0
0.0
0.0
0.0
0.0
0.0
0.0
0.0
0.0
0.0
0.045295
0.320231
0.191518
0.257974
0.755455
0.327177
0.32201
0.294217
0.244638
0.17865
0.26921
0.03982
0.0
0.0
0.0
0.0
0.0
0.0
0.0
0.0
0.0
0.0
0.0
0.0
0.039948
0.23799299999999998
0.17305299999999998
0.233687
0.706351
0.313867
0.310993
0.767577
0.231654
0.47573899999999997
0.099119
0.034307000000000004
0.0
0.0
0.0
0.0
0.0
0.0
0.0
0.0
0.0
0.0
0.0
0.0
0.026104
0.073024
0.122776
0.170137
0.5901470000000001
0.229016
0.693427
0.209216
0.580956
0.12410500000000001
0.07198399999999999
0.034216
0.0
0.0
0.0
0.0
0.0
0.0
0.0
0.0
0.0
0.0
0.0
0.0
0.037024
0.16115100000000002
0.171042
0.43611099999999997
0.5675030000000001
0.644297
0.63503
0.615183
0.49511900000000003
0.388827
0.095386
0.013097
0.0
0.0
0.0
0.0
0.0
0.0
0.0
0.0
0.0
0.0
0.0
0.0
0.037594
0.169012
0.179557
0.243254
0.290909
0.6121040000000001
0.631093
0.582681
0.49607799999999996
0.368034
0.185391
0.031884
0.0
0.0
0.0
0.0
0.0
0.0
0.0
0.0
0.0
0.0
0.0
0.0
0.026982
0.230736
0.136247
0.186678
0.223956
0.240563
0.238785
0.720669
0.6413329999999999
0.12828299999999998
0.07407899999999999
0.035902
0.0
0.0
0.0
0.0
0.0
0.0
0.0
0.0
0.0
0.0
0.0
0.0
0.033652999999999995
0.159271
0.304131
0.435063
0.5397329999999999
0.641456
0.6542100000000001
0.578305
0.484695
0.34925900000000004
0.156054
0.010062
0.0
0.0
0.0
0.0
0.0
0.0
0.0
0.0
0.0
0.0
0.0
0.0
0.031966999999999995
0.15950299999999998
0.308044
0.447869
0.5595209999999999
0.620788
0.608562
0.598055
0.46878
0.338613
0.147731
0.003936
0.0
0.0
0.0
0.0
0.0
0.0
0.0
0.0
0.0
0.0
0.0
0.0
0.030286999999999998
0.09681999999999999
0.30834100000000003
0.461783
0.5792430000000001
0.6282770000000001
0.628629
0.615467
0.482168
0.34613099999999997
0.163154
0.024766
0.0
0.0
0.0
0.0
0.0
0.0
0.0
0.0
0.0
0.0
0.0
0.0
0.025369
0.083516
0.270597
0.201632
0.48489
0.268534
0.265206
0.546294
0.5826979999999999
0.396453
0.174012
0.020426
0.0
0.0
0.0
0.0
0.0
0.0
0.0
0.0
0.0
0.0
0.0
0.0
0.027299
0.15068299999999998
0.16448400000000002
0.4515
0.6365449999999999
0.636783
0.302774
0.6220979999999999
0.498085
0.37065699999999996
0.146037
0.005821
0.0
0.0
0.0
0.0
0.0
0.0
0.0
0.0
0.0
0.0
0.0
0.0
0.026414
0.150172
0.300439
0.44103699999999996
0.553006
0.602645
0.620214
0.543329
0.45588999999999996
0.350517
0.130008
0.002562
0.0
0.0
0.0
0.0
0.0
0.0
0.0
0.0
0.0
0.0
0.0
0.0
0.024931000000000002
0.147422
0.29809199999999997
0.441218
0.5571029999999999
0.6022179999999999
0.590653
0.541276
0.485178
0.32156999999999997
0.13883099999999998
0.0024100000000000002
0.0
0.0
0.0
0.0
0.0
0.0
0.0
0.0
0.0
0.0
0.0
0.0
0.025148
0.09387000000000001
0.30785500000000005
0.449046
0.6156889999999999
0.673875
0.315472
0.28304199999999996
0.518466
0.357662
0.139423
0.005907
0.0
0.0
0.0
0.0
0.0
0.0
0.0
0.0
0.0
0.0
0.0
0.0
0.018411999999999998
0.077633
0.14282599999999998
0.5531860000000001
0.249526
0.763851
0.268698
0.7503529999999999
0.195362
0.135627
0.072802
0.013304
0.0
0.0
0.0
0.0
0.0
0.0
0.0
0.0
0.0
0.0
0.0
0.0
0.020835999999999997
0.14521
0.160578
0.447996
0.586777
0.656362
0.684148
0.5858869999999999
0.48251
0.331393
0.111693
0.001203
0.0
0.0
0.0
0.0
0.0
0.0
0.0
0.0
0.0
0.0
0.0
0.0
0.02116
0.15192599999999998
0.451819
0.462067
0.291736
0.3175
0.315095
0.601719
0.230738
0.35101499999999997
0.085408
0.003084
0.0
0.0
0.0
0.0
0.0
0.0
0.0
0.0
0.0
0.0
0.0
0.0
0.017800999999999997
0.138941
0.288755
0.427164
0.535473
0.606446
0.593952
0.541468
0.449041
0.309484
0.109349
0.0
0.0
0.0
0.0
0.0
0.0
0.0
0.0
0.0
0.0
0.0
0.0
0.0
0.016834
0.137609
0.30241199999999996
0.454127
0.551862
0.625495
0.65003
0.556276
0.487956
0.145998
0.100565
0.0
0.0
0.0
0.0
0.0
0.0
0.0
0.0
0.0
0.0
0.0
0.0
0.0
0.013066000000000001
0.125364
0.13796
0.388154
0.66352
0.58087
0.272375
0.245363
0.51652
0.135157
0.111489
0.005974999999999999
0.0
0.0
0.0
0.0
0.0
0.0
0.0
0.0
0.0
0.0
0.0
0.0
0.009405
0.060459000000000006
0.117637
0.537868
0.216301
0.238377
0.788414
0.214775
0.172544
0.448775
0.058967
0.007496
0.0
0.0
0.0
0.0
0.0
0.0
0.0
0.0
0.0
0.0
0.0
0.0
0.013039
0.08132500000000001
0.156602
0.446662
0.674749
0.627693
0.299192
0.26971
0.508605
0.339717
0.09154999999999999
0.000914
0.0
0.0
0.0
0.0
0.0
0.0
0.0
0.0
0.0
0.0
0.0
0.0
0.011293
0.076053
0.14822300000000002
0.426308
0.5662659999999999
0.630524
0.634865
0.559322
0.459441
0.30540300000000004
0.073226
0.0
0.0
0.0
0.0
0.0
0.0
0.0
0.0
0.0
0.0
0.0
0.0
0.0
0.009654999999999999
0.130393
0.150444
0.434554
0.60292
0.652486
0.668512
0.265427
0.49349400000000004
0.306448
0.068522
0.0
0.0
0.0
0.0
0.0
0.0
0.0
0.0
0.0
0.0
0.0
0.0
0.0
0.004502
0.143753
0.102402
0.462518
0.190802
0.212255
0.211352
0.188866
0.574543
0.41490499999999997
0.120085
0.0009379999999999999
0.0
0.0
0.0
0.0
0.0
0.0
0.0
0.0
0.0
0.0
0.0
0.0
0.006632
0.116653
0.268065
0.411086
0.525649
0.6171749999999999
0.624166
0.5624819999999999
0.488252
0.290534
0.058404000000000005
0.0
0.0
0.0
0.0
0.0
0.0
0.0
0.0
0.0
0.0
0.0
0.0
0.0
0.005685
0.072562
0.285469
0.21650899999999998
0.551227
0.300979
0.6655
0.593687
0.485846
0.141407
0.027786
0.001296
0.0
0.0
0.0
0.0
0.0
0.0
0.0
0.0
0.0
0.0
0.0
0.0
0.0015509999999999999
0.044433999999999994
0.09404000000000001
0.139868
0.174481
0.761886
0.193115
0.172809
0.135422
0.423736
0.040534999999999995
0.001799
0.0
0.0
0.0
0.0
0.0
0.0
0.0
0.0
0.0
0.0
0.0
0.0
0.001358
0.139294
0.102723
0.46279899999999996
0.19198400000000002
0.21244
0.21146399999999999
0.642882
0.149237
0.36512
0.04448
0.0
0.0
0.0
0.0
0.0
0.0
0.0
0.0
0.0
0.0
0.0
0.0
0.0
0.0
0.032529
0.071836
0.109219
0.138345
0.156691
0.524755
0.488725
0.10763500000000001
0.33164
0.029342
0.0
0.0
0.0
0.0
0.0
0.0
0.0
0.0
0.0
0.0
0.0
0.0
0.0
0.0
0.031975
0.07132599999999999
0.108462
0.13727099999999998
0.15270599999999998
0.151368
0.134366
0.105355
0.067641
0.028356000000000003
0.0
0.0
0.0
0.0
0.0
0.0
0.0
0.0
0.0
0.0
0.0
0.0
0.0
0.0
0.028353000000000003
0.063985
0.09887399999999999
0.126666
0.141023
0.140647
0.124429
0.097041
0.062351
0.025323000000000002
0.0
0.0
0.0
0.0
0.0
0.0
0.0
0.0
0.0
0.0
0.0
0.0
0.0
0.0
0.049405000000000004
0.110356
0.169584
0.215121
0.7556090000000001
0.7838809999999999
0.215463
0.168017
0.108542
0.055847
0.0
0.0
0.0
0.0
0.0
0.0
0.0
0.0
0.0
0.0
0.0
0.0
0.0
0.0
0.099992
0.275279
0.40774
0.246665
0.608841
0.6151409999999999
0.552778
0.464851
0.254034
0.013659000000000001
0.0
0.0
0.0
0.0
0.0
0.0
0.0
0.0
0.0
0.0
0.0
0.0
0.0
0.0
0.107276
0.135433
0.42571
0.607567
0.628582
0.287861
0.563145
0.200104
0.129496
0.020055
0.0
0.0
0.0
0.0
0.0
0.0
0.0
0.0
0.0
0.0
0.0
0.0
0.0
0.0
0.055558
0.260492
0.19781200000000002
0.53227
0.621753
0.603566
0.5385220000000001
0.450221
0.236127
0.011362
0.0
0.0
0.0
0.0
0.0
0.0
0.0
0.0
0.0
0.0
0.0
0.0
0.0
0.0
0.052833
0.258122
0.436337
0.583155
0.623478
0.607522
0.5429660000000001
0.45414
0.123435
0.017522
0.0
0.0
0.0
0.0
0.0
0.0
0.0
0.0
0.0
0.0
0.0
0.0
0.0
0.0
0.034039
0.267259
0.13340100000000002
0.536336
0.191383
0.190135
0.616081
0.12994
0.08099500000000001
0.030818
0.0
0.0
0.0
0.0
0.0
0.0
0.0
0.0
0.0
0.0
0.0
0.0
0.0
0.0
0.042496
0.218021
0.377684
0.456263
0.584724
0.5586559999999999
0.552972
0.459966
0.101341
0.021186
0.0
0.0
0.0
0.0
0.0
0.0
0.0
0.0
0.0
0.0
0.0
0.0
0.0
0.0
0.04303
0.10902500000000001
0.172413
0.599093
0.24788
0.711985
0.21818
0.500339
0.105
0.034204
0.0
0.0
0.0
0.0
0.0
0.0
0.0
0.0
0.0
0.0
0.0
0.0
0.0
0.0
0.025074000000000003
0.167961
0.10716500000000001
0.356465
0.158465
0.439629
0.41441
0.35993
0.064414
0.027786
0.0
0.0
0.0
0.0
0.0
0.0
0.0
0.0
0.0
0.0
0.0
0.0
0.0
0.0
0.044878
0.244088
0.186895
0.516893
0.271001
0.269035
0.55653
0.431209
0.22209600000000002
0.02066
0.0
0.0
0.0
0.0
0.0
0.0
0.0
0.0
0.0
0.0
0.0
0.0
0.0
0.0
0.041227
0.231706
0.383583
0.5082760000000001
0.605889
0.581375
0.5108
0.388327
0.188185
0.011881000000000001
0.0
0.0
0.0
0.0
0.0
0.0
0.0
0.0
0.0
0.0
0.0
0.0
0.0
0.0
0.039997
0.230345
0.385519
0.512922
0.6008640000000001
0.560184
0.492416
0.375298
0.198137
0.005633
0.0
0.0
0.0
0.0
0.0
0.0
0.0
0.0
0.0
0.0
0.0
0.0
0.0
0.0
0.039822
0.238807
0.18384299999999998
0.51995
0.269202
0.604869
0.515299
0.392935
0.195149
0.008142
0.0
0.0
0.0
0.0
0.0
0.0
0.0
0.0
0.0
0.0
0.0
0.0
0.0
0.0
0.037336
0.109744
0.386704
0.528793
0.579747
0.555976
0.491257
0.372194
0.169073
0.0047
0.0
0.0
0.0
0.0
0.0
0.0
0.0
0.0
0.0
0.0
0.0
0.0
0.0
0.0
0.015588
0.049775
0.08474899999999999
0.11211199999999999
0.126097
0.125997
0.109974
0.081991
0.047275
0.011111000000000001
0.0
0.0
0.0
0.0
0.0
0.0
0.0
0.0
0.0
0.0
0.0
0.0
0.0
0.0
0.030359999999999998
0.20471
0.35945499999999997
0.486113
0.554727
0.570948
0.50156
0.37630399999999997
0.161669
0.004116
0.0
0.0
0.0
0.0
0.0
0.0
0.0
0.0
0.0
0.0
0.0
0.0
0.0
0.0
0.015087
0.163071
0.088807
0.118118
0.44093400000000005
0.134723
0.432091
0.086654
0.049589
0.020245000000000003
0.0
0.0
0.0
0.0
0.0
0.0
0.0
0.0
0.0
0.0
0.0
0.0
0.0
0.0
0.033816000000000006
0.110234
0.505209
0.241543
0.624878
0.268336
0.235513
0.402034
0.173989
0.022765999999999998
0.0
0.0
0.0
0.0
0.0
0.0
0.0
0.0
0.0
0.0
0.0
0.0
0.0
0.0
0.028367
0.097204
0.367682
0.522675
0.579551
0.59234
0.486281
0.357872
0.14849
0.004211
0.0
0.0
0.0
0.0
0.0
0.0
0.0
0.0
0.0
0.0
0.0
0.0
0.0
0.0
0.025861000000000002
0.205181
0.35872699999999996
0.485431
0.5844940000000001
0.548362
0.5106809999999999
0.348517
0.124913
0.000657
0.0
0.0
0.0
0.0
0.0
0.0
0.0
0.0
0.0
0.0
0.0
0.0
0.0
0.0
0.025627
0.20835800000000002
0.41404
0.496632
0.245257
0.571813
0.472872
0.366144
0.121578
0.001129
0.0
0.0
0.0
0.0
0.0
0.0
0.0
0.0
0.0
0.0
0.0
0.0
0.0
0.0
0.021242999999999998
0.083496
0.145424
0.193492
0.219079
0.21725299999999997
0.6002240000000001
0.457399
0.081216
0.013066000000000001
0.0
0.0
0.0
0.0
0.0
0.0
0.0
0.0
0.0
0.0
0.0
0.0
0.0
0.0
0.012999
0.054858
0.09698000000000001
0.13057400000000002
0.150841
0.15127600000000002
0.13178499999999999
0.096776
0.052753
0.006673
0.0
0.0
0.0
0.0
0.0
0.0
0.0
0.0
0.0
0.0
0.0
0.0
0.0
0.0
0.018268
0.078544
0.317624
0.560234
0.6444099999999999
0.575202
0.19187
0.141293
0.132707
0.0028799999999999997
0.0
0.0
0.0
0.0
0.0
0.0
0.0
0.0
0.0
0.0
0.0
0.0
0.0
0.0
0.021323
0.209684
0.378933
0.49987099999999995
0.520991
0.499413
0.434807
0.314623
0.090479
0.0
0.0
0.0
0.0
0.0
0.0
0.0
0.0
0.0
0.0
0.0
0.0
0.0
0.0
0.0
0.020457
0.211978
0.390752
0.5077160000000001
0.529759
0.505831
0.437519
0.30934100000000003
0.083591
0.0
0.0
0.0
0.0
0.0
0.0
0.0
0.0
0.0
0.0
0.0
0.0
0.0
0.0
0.0
0.016468
0.183446
0.356237
0.454921
0.541475
0.518462
0.478146
0.14131200000000002
0.103456
0.0
0.0
0.0
0.0
0.0
0.0
0.0
0.0
0.0
0.0
0.0
0.0
0.0
0.0
0.0
0.013015
0.150558
0.12690300000000002
0.1727
0.197513
0.195932
0.170902
0.124762
0.11888
0.009774
0.0
0.0
0.0
0.0
0.0
0.0
0.0
0.0
0.0
0.0
0.0
0.0
0.0
0.0
0.006314
0.108022
0.20237799999999997
0.283565
0.331053
0.347957
0.106661
0.303425
0.039471
0.0020369999999999997
0.0
0.0
0.0
0.0
0.0
0.0
0.0
0.0
0.0
0.0
0.0
0.0
0.0
0.0
0.014945
0.089476
0.38116300000000003
0.225136
0.557988
0.505221
0.436328
0.304244
0.078858
0.0
0.0
0.0
0.0
0.0
0.0
0.0
0.0
0.0
0.0
0.0
0.0
0.0
0.0
0.0
0.012705
0.190138
0.361265
0.505812
0.514062
0.494106
0.425697
0.295478
0.014484
0.0
0.0
0.0
0.0
0.0
0.0
0.0
0.0
0.0
0.0
0.0
0.0
0.0
0.0
0.0
0.011765000000000001
0.184057
0.350155
0.491079
0.515993
0.49069
0.42318599999999995
0.291433
0.012577
0.0
0.0
0.0
0.0
0.0
0.0
0.0
0.0
0.0
0.0
0.0
0.0
0.0
0.0
0.0
0.009898
0.174594
0.359054
0.498034
0.577515
0.522358
0.475254
0.14599199999999998
0.022421
0.0
0.0
0.0
0.0
0.0
0.0
0.0
0.0
0.0
0.0
0.0
0.0
0.0
0.0
0.0
0.007895
0.06679500000000001
0.310406
0.460256
0.5339020000000001
0.540372
0.44088299999999997
0.32233999999999996
0.017050999999999997
0.0
0.0
0.0
0.0
0.0
0.0
0.0
0.0
0.0
0.0
0.0
0.0
0.0
0.0
0.0
0.0062439999999999996
0.062607
0.122695
0.17049
0.198742
0.19722900000000002
0.168237
0.12024299999999999
0.110131
0.006298
0.0
0.0
0.0
0.0
0.0
0.0
0.0
0.0
0.0
0.0
0.0
0.0
0.0
0.0
0.0033039999999999996
0.045756
0.092832
0.129774
0.508572
0.533931
0.126284
0.088691
0.06221
0.000939
0.0
0.0
0.0
0.0
0.0
0.0
0.0
0.0
0.0
0.0
0.0
0.0
0.0
0.0
0.0
0.023209
0.047845
0.069093
0.081113
0.080593
0.068581
0.047238999999999996
0.021472
0.0
0.0
0.0
0.0
0.0
0.0
0.0
0.0
0.0
0.0
0.0
0.0
0.0
0.0
0.0
0.004032
0.063888
0.5047590000000001
0.183365
0.213881
0.213847
0.18308000000000002
0.42349200000000004
0.064421
0.001282
0.0
0.0
0.0
0.0
0.0
0.0
0.0
0.0
0.0
0.0
0.0
0.0
0.0
0.0
0.00046300000000000003
0.134765
0.084471
0.382019
0.139851
0.480332
0.11871
0.083303
0.058482
0.0
0.0
0.0
0.0
0.0
0.0
0.0
0.0
0.0
0.0
0.0
0.0
0.0
0.0
0.0
0.000893
0.047418999999999996
0.098699
0.14113499999999998
0.645514
0.164244
0.14000100000000001
0.402226
0.046713
0.0
0.0
0.0
0.0
0.0
0.0
0.0
0.0
0.0
0.0
0.0
0.0
0.0
0.0
0.0
0.000804
0.145313
0.302645
0.435624
0.511578
0.51589
0.436255
0.28246499999999997
0.013914
0.0
0.0
0.0
0.0
0.0
0.0
0.0
0.0
0.0
0.0
0.0
0.0
0.0
0.0
0.0
0.0
0.035184
0.075707
0.107994
0.12623
0.126383
0.10659
0.073726
0.033238
0.0
0.0
0.0
0.0
0.0
0.0
0.0
0.0
0.0
0.0
0.0
0.0
0.0
0.0
0.0
0.0
0.032881
0.072331
0.299876
0.12248300000000001
0.375081
0.35898599999999997
0.32658499999999996
0.040034
0.0
0.0
0.0
0.0
0.0
0.0
0.0
0.0
0.0
0.0
0.0
0.0
0.0
0.0
0.0
0.0
0.150067
0.32143700000000003
0.466403
0.5321509999999999
0.5060899999999999
0.452889
0.262142
0.009069
0.0
0.0
0.0
0.0
0.0
0.0
0.0
0.0
0.0
0.0
0.0
0.0
0.0
0.0
0.0
0.0
0.019832000000000002
0.044098
0.06461199999999999
0.076065
0.075994
0.063656
0.042110999999999996
0.01727
0.0
0.0
0.0
0.0
0.0
0.0
0.0
0.0
0.0
0.0
0.0
0.0
0.0
0.0
0.0
0.0
0.018711
0.04364
0.063319
0.07493300000000001
0.075077
0.062781
0.042101999999999994
0.016426
0.0
0.0
0.0
0.0
0.0
0.0
0.0
0.0
0.0
0.0
0.0
0.0
0.0
0.0
0.0
0.0
0.018666000000000002
0.042802
0.063338
0.075214
0.07438
0.062861
0.04125
0.016408000000000002
0.0
0.0
0.0
0.0
0.0
0.0
0.0
0.0
0.0
0.0
0.0
0.0
0.0
0.0
0.0
0.0
0.017866
0.108387
0.159964
0.196291
0.20537799999999998
0.200056
0.04069
0.024526
0.0
0.0
0.0
0.0
0.0
0.0
0.0
0.0
0.0
0.0
0.0
0.0
0.0
0.0
0.0
0.0
0.203819
0.11113200000000001
0.161442
0.191556
0.191129
0.537875
0.111396
0.062926
0.0
0.0
0.0
0.0
0.0
0.0
0.0
0.0
0.0
0.0
0.0
0.0
0.0
0.0
0.0
0.0
0.017539000000000003
0.042199
0.063121
0.07387300000000001
0.073737
0.062189
0.040267000000000004
0.015111000000000001
0.0
0.0
0.0
0.0
0.0
0.0
0.0
0.0
0.0
0.0
0.0
0.0
0.0
0.0
0.0
0.0
0.045375
0.10526
0.153727
0.664944
0.182058
0.153584
0.105226
0.045444000000000005
0.0
0.0
0.0
0.0
0.0
0.0
0.0
0.0
0.0
0.0
0.0
0.0
0.0
0.0
0.0
0.0
0.019226
0.045883
0.068233
0.081043
0.080886
0.06705599999999999
0.043929
0.016544
0.0
0.0
0.0
0.0
0.0
0.0
0.0
0.0
0.0
0.0
0.0
0.0
0.0
0.0
0.0
0.0
0.017107
0.041568
0.063238
0.07461100000000001
0.07485599999999999
0.06286699999999999
0.041009000000000004
0.014917999999999999
0.0
0.0
0.0
0.0
0.0
0.0
0.0
0.0
0.0
0.0
0.0
0.0
0.0
0.0
0.0
0.0
0.024772
0.162998
0.241514
0.29853399999999997
0.317152
0.305346
0.296694
0.02195
0.0
0.0
0.0
0.0
0.0
0.0
0.0
0.0
0.0
0.0
0.0
0.0
0.0
0.0
0.0
0.0
0.02709
0.19437000000000001
0.100413
0.349497
0.37331200000000003
0.369851
0.065679
0.030528
0.0
0.0
0.0
0.0
0.0
0.0
0.0
0.0
0.0
0.0
0.0
0.0
0.0
0.0
0.0
0.0
0.037954
0.091779
0.136722
0.163184
0.161562
0.13449799999999998
0.371087
0.09055500000000001
0.0
0.0
0.0
0.0
0.0
0.0
0.0
0.0
0.0
0.0
0.0
0.0
0.0
0.0
0.0
0.0
0.030547
0.077842
0.591856
0.13637
0.136546
0.113853
0.075738
0.029835
0.0
0.0
0.0
0.0
0.0
0.0
0.0
0.0
0.0
0.0
0.0
0.0
0.0
0.0
0.0
0.0
0.034177
0.084881
0.126358
0.149955
0.6145729999999999
0.527188
0.08595
0.033985
0.0
0.0
0.0
0.0
0.0
0.0
0.0
0.0
0.0
0.0
0.0
0.0
0.0
0.0
0.0
0.0
0.038886000000000004
0.315512
0.46886
0.16752
0.166639
0.14014400000000002
0.309698
0.038308
0.0
0.0
0.0
0.0
0.0
0.0
0.0
0.0
0.0
0.0
0.0
0.0
0.0
0.0
0.0
0.0
0.066609
0.155835
0.228683
0.268409
0.268524
0.227643
0.155746
0.06802899999999999
0.0
0.0
0.0
0.0
0.0
0.0
0.0
0.0
0.0
0.0
0.0
0.0
0.0
0.0
0.0
0.0
0.033621000000000005
0.413237
0.12896000000000002
0.152673
0.153773
0.129706
0.086357
0.03308
0.0
0.0
0.0
0.0
0.0
0.0
0.0
0.0
0.0
0.0
0.0
0.0
0.0
0.0
0.0
0.0
0.038087
0.240985
0.552867
0.437067
0.47182
0.13873
0.09251300000000001
0.036425
0.0
0.0
0.0
0.0
0.0
0.0
0.0
0.0
0.0
0.0
0.0
0.0
0.0
0.0
0.0
0.0
0.038218
0.09532299999999999
0.141641
0.16792500000000002
0.16638399999999998
0.139853
0.366897
0.035429
0.0
0.0
0.0
0.0
0.0
0.0
0.0
0.0
0.0
0.0
0.0
0.0
0.0
0.0
0.0
0.0
0.02868
0.073443
0.11030200000000001
0.130998
0.131042
0.5553830000000001
0.349056
0.026217999999999998
0.0
0.0
0.0
0.0
0.0
0.0
0.0
0.0
0.0
0.0
0.0
0.0
0.0
0.0
0.0
0.0
0.034527999999999996
0.086643
0.510359
0.154625
0.153438
0.527824
0.08398399999999999
0.031329
0.0
0.0
0.0
0.0
0.0
0.0
0.0
0.0
0.0
0.0
0.0
0.0
0.0
0.0
0.0
0.0
0.027923
0.229519
0.3468
0.131793
0.46783300000000005
0.10768000000000001
0.293688
0.02536
0.0
0.0
0.0
0.0
0.0
0.0
0.0
0.0
0.0
0.0
0.0
0.0
0.0
0.0
0.0
0.0
0.02576
0.068591
0.105115
0.488161
0.124019
0.502707
0.067221
0.024437
0.0
0.0
0.0
0.0
0.0
0.0
0.0
0.0
0.0
0.0
0.0
0.0
0.0
0.0
0.0
0.0
0.048135
0.120366
0.17869900000000002
0.211983
0.211468
0.17719300000000002
0.118833
0.04678499999999999
0.0
0.0
0.0
0.0
0.0
0.0
0.0
0.0
0.0
0.0
0.0
0.0
0.0
0.0
0.0
0.0
0.026901
0.310702
0.107128
0.127229
0.126087
0.5435059999999999
0.06794599999999999
0.024189
0.0
0.0
0.0
0.0
0.0
0.0
0.0
0.0
0.0
0.0
0.0
0.0
0.0
0.0
0.0
0.0
0.048769
0.121709
0.18080600000000002
0.213558
0.213233
0.179695
0.120387
0.047252
0.0
0.0
0.0
0.0
0.0
0.0
0.0
0.0
0.0
0.0
0.0
0.0
0.0
0.0
0.0
0.0
0.027933
0.074017
0.36069
0.134515
0.488514
0.478479
0.073052
0.025728
0.0
0.0
0.0
0.0
0.0
0.0
0.0
0.0
0.0
0.0
0.0
0.0
0.0
0.0
0.0
0.0
0.027565000000000003
0.074409
0.112513
0.134115
0.132886
0.110557
0.400204
0.100854
0.0
0.0
0.0
0.0
0.0
0.0
0.0
0.0
0.0
0.0
0.0
0.0
0.0
0.0
0.0
0.0
0.027352
0.072921
0.327861
0.413344
0.445272
0.437267
0.07203799999999999
0.026106999999999998
0.0
0.0
0.0
0.0
0.0
0.0
0.0
0.0
0.0
0.0
0.0
0.0
0.0
0.0
0.0
0.0
0.040812
0.101997
0.150809
0.475259
0.177102
0.469868
0.28271199999999996
0.035603
0.0
0.0
0.0
0.0
0.0
0.0
0.0
0.0
0.0
0.0
0.0
0.0
0.0
0.0
0.0
0.0
0.040422
0.10148399999999999
0.151173
0.601968
0.608427
0.147831
0.09769
0.034989
0.0
0.0
0.0
0.0
0.0
0.0
0.0
0.0
0.0
0.0
0.0
0.0
0.0
0.0
0.0
0.0
0.035953000000000006
0.230739
0.346842
0.47473200000000004
0.46852499999999997
0.465928
0.26861399999999996
0.013013
0.0
0.0
0.0
0.0
0.0
0.0
0.0
0.0
0.0
0.0
0.0
0.0
0.0
0.0
0.0
0.0
0.043012
0.333495
0.15731
0.18547
0.6023959999999999
0.154022
0.316826
0.032643
0.0
0.0
0.0
0.0
0.0
0.0
0.0
0.0
0.0
0.0
0.0
0.0
0.0
0.0
0.0
0.0
0.029045
0.307917
0.11326
0.550327
0.13330799999999998
0.110349
0.07257999999999999
0.026826
0.0
0.0
0.0
0.0
0.0
0.0
0.0
0.0
0.0
0.0
0.0
0.0
0.0
0.0
0.0
0.0
0.030294
0.077644
0.11541599999999999
0.137346
0.687994
0.112795
0.073945
0.06753
0.0
0.0
0.0
0.0
0.0
0.0
0.0
0.0
0.0
0.0
0.0
0.0
0.0
0.0
0.0
0.0
0.032953
0.084081
0.125953
0.148339
0.6555890000000001
0.123402
0.36062299999999997
0.030728000000000002
0.0
0.0
0.0
0.0
0.0
0.0
0.0
0.0
0.0
0.0
0.0
0.0
0.0
0.0
0.0
0.0
0.034939
0.086866
0.128915
0.537722
0.5750080000000001
0.12506799999999998
0.082161
0.041363
0.0
0.0
0.0
0.0
0.0
0.0
0.0
0.0
0.0
0.0
0.0
0.0
0.0
0.0
0.0
0.0
0.035412
0.08924599999999999
0.13268000000000002
0.7133379999999999
0.15628999999999998
0.129665
0.085143
0.032924
0.0
0.0
0.0
0.0
0.0
0.0
0.0
0.0
0.0
0.0
0.0
0.0
0.0
0.0
0.0
0.0
0.031235
0.077268
0.45095999999999997
0.135178
0.13442300000000001
0.558218
0.07393300000000001
0.027398
0.0
0.0
0.0
0.0
0.0
0.0
0.0
0.0
0.0
0.0
0.0
0.0
0.0
0.0
0.0
0.0
0.030126
0.07499299999999999
0.381629
0.133449
0.131477
0.485182
0.349375
0.027346
0.0
0.0
0.0
0.0
0.0
0.0
0.0
0.0
0.0
0.0
0.0
0.0
0.0
0.0
0.0
0.0
0.046141
0.331565
0.158674
0.190994
0.6290030000000001
0.536826
0.10744
0.042715
0.0
0.0
0.0
0.0
0.0
