0.0
0.0
0.0
0.0
0.0
0.0
0.0
0.0
0.043671
0.17631899999999998
0.176311
0.174321
0.126115
0.07563500000000001
0.044212
0.008306
0.0
0.0
0.0
0.0
0.0
0.0
0.0
0.0
0.0
0.0
0.0
0.0
0.0
0.0
0.0
0.0
0.008317999999999999
0.044796
0.076568
0.09452500000000001
0.09463500000000001
0.077501
0.044587
0.009183
0.0
0.0
0.0
0.0
0.0
0.0
0.0
0.0
0.0
0.0
0.0
0.0
0.0
0.0
0.0
0.0
0.008489
0.045128
0.077931
0.142577
0.18339
0.180758
0.08284
0.013777
0.0
0.0
0.0
0.0
0.0
0.0
0.0
0.0
0.0
0.0
0.0
0.0
0.0
0.0
0.0
0.0
0.010756
0.06299300000000001
0.12238500000000001
0.234677
0.167304
0.080653
0.048119999999999996
0.010971
0.0
0.0
0.0
0.0
0.0
0.0
0.0
0.0
0.0
0.0
0.0
0.0
0.0
0.0
0.0
0.0
0.009547
0.047378
0.082533
0.100744
0.101625
0.083106
0.050073
0.011356999999999999
0.0
0.0
0.0
0.0
0.0
0.0
0.0
0.0
0.0
0.0
0.0
0.0
0.0
0.0
0.0
0.0
0.009321
0.046473
0.079976
0.09887399999999999
0.09965399999999999
0.08150400000000001
0.048985
0.011846
0.0
0.0
0.0
0.0
0.0
0.0
0.0
0.0
0.0
0.0
0.0
0.0
0.0
0.0
0.0
0.0
0.009356
0.047430999999999994
0.080926
0.09968099999999999
0.10056100000000001
0.083438
0.049792
0.012634000000000001
0.0
0.0
0.0
0.0
0.0
0.0
0.0
0.0
0.0
0.0
0.0
0.0
0.0
0.0
0.0
0.0
0.009375999999999999
0.047390999999999996
0.081806
0.101008
0.101961
0.084747
0.052046999999999996
0.013586
0.0
0.0
0.0
0.0
0.0
0.0
0.0
0.0
0.0
0.0
0.0
0.0
0.0
0.0
0.0
0.0
0.010257
0.048552
0.082937
0.102552
0.103145
0.086162
0.052802
0.014411
0.0
0.0
0.0
0.0
0.0
0.0
0.0
0.0
0.0
0.0
0.0
0.0
0.0
0.0
0.0
0.0
0.010227
0.048269
0.082456
0.101518
0.10282
0.085887
0.053442
0.015069
0.0
0.0
0.0
0.0
0.0
0.0
0.0
0.0
0.0
0.0
0.0
0.0
0.0
0.0
0.0
0.0
0.010207
0.049047
0.08318099999999999
0.10291
0.104713
0.087723
0.055670000000000004
0.016035
0.0
0.0
0.0
0.0
0.0
0.0
0.0
0.0
0.0
0.0
0.0
0.0
0.0
0.0
0.0
0.0
0.010861
0.049779000000000004
0.083688
0.103124
0.104561
0.08811100000000001
0.056055
0.016756
0.0
0.0
0.0
0.0
0.0
0.0
0.0
0.0
0.0
0.0
0.0
0.0
0.0
0.0
0.0
0.0
0.058042
0.24804900000000002
0.403176
0.488276
0.489683
0.417024
0.279254
0.098568
0.0
0.0
0.0
0.0
0.0
0.0
0.0
0.0
0.0
0.0
0.0
0.0
0.0
0.0
0.0
0.0
0.060734
0.245742
0.392747
0.382764
0.299251
0.156311
0.11474
0.036427999999999995
0.0
0.0
0.0
0.0
0.0
0.0
0.0
0.0
0.0
0.0
0.0
0.0
0.0
0.0
0.0
0.0
0.012889
0.053646
0.090294
0.110671
0.112298
0.09527500000000001
0.061688
0.019625
0.0
0.0
0.0
0.0
0.0
0.0
0.0
0.0
0.0
0.0
0.0
0.0
0.0
0.0
0.0
0.0
0.073229
0.261562
0.41215199999999996
0.472149
0.413814
0.31337099999999996
0.161926
0.033998
0.0
0.0
0.0
0.0
0.0
0.0
0.0
0.0
0.0
0.0
0.0
0.0
0.0
0.0
0.0
0.0
0.013817
0.055889
0.092943
0.252019
0.36648000000000003
0.39234199999999997
0.221105
0.044293
0.0
0.0
0.0
0.0
0.0
0.0
0.0
0.0
0.0
0.0
0.0
0.0
0.0
0.0
0.0
0.0
0.014148999999999998
0.057568
0.09454900000000001
0.116255
0.11954000000000001
0.100616
0.06659000000000001
0.023488
0.0
0.0
0.0
0.0
0.0
0.0
0.0
0.0
0.0
0.0
0.0
0.0
0.0
0.0
0.0
0.0
0.014944
0.058254
0.096196
0.11820399999999999
0.119539
0.101487
0.06651699999999999
0.023867
0.0
0.0
0.0
0.0
0.0
0.0
0.0
0.0
0.0
0.0
0.0
0.0
0.0
0.0
0.0
0.0
0.027652
0.126535
0.22832
0.372529
0.448875
0.45507
0.254832
0.062142
0.0
0.0
0.0
0.0
0.0
0.0
0.0
0.0
0.0
0.0
0.0
0.0
0.0
0.0
0.0
0.0
0.08540600000000001
0.27808999999999995
0.434798
0.5193260000000001
0.532443
0.471517
0.341611
0.13547700000000001
0.00175
0.0
0.0
0.0
0.0
0.0
0.0
0.0
0.0
0.0
0.0
0.0
0.0
0.0
0.0
0.0
0.07504999999999999
0.232296
0.31562599999999996
0.331117
0.255354
0.176899
0.09652899999999999
0.033102
0.0
0.0
0.0
0.0
0.0
0.0
0.0
0.0
0.0
0.0
0.0
0.0
0.0
0.0
0.0
0.0
0.016599
0.058268
0.09458899999999999
0.115592
0.118593
0.102087
0.069441
0.027178
0.0
0.0
0.0
0.0
0.0
0.0
0.0
0.0
0.0
0.0
0.0
0.0
0.0
0.0
0.0
0.0
0.023208
0.06983700000000001
0.09593600000000001
0.116977
0.119318
0.102155
0.070115
0.028044
0.0
0.0
0.0
0.0
0.0
0.0
0.0
0.0
0.0
0.0
0.0
0.0
0.0
0.0
0.0
0.0
0.034799
0.190204
0.367201
0.477118
0.516149
0.457383
0.332804
0.136941
0.002859
0.0
0.0
0.0
0.0
0.0
0.0
0.0
0.0
0.0
0.0
0.0
0.0
0.0
0.0
0.0
0.017998999999999998
0.061003
0.097574
0.118252
0.12043000000000001
0.10492499999999999
0.07238
0.029981
0.0
0.0
0.0
0.0
0.0
0.0
0.0
0.0
0.0
0.0
0.0
0.0
0.0
0.0
0.0
0.0
0.018853
0.06218
0.09901399999999999
0.120074
0.12287000000000001
0.10626000000000001
0.073756
0.031146999999999998
0.0
0.0
0.0
0.0
0.0
0.0
0.0
0.0
0.0
0.0
0.0
0.0
0.0
0.0
0.0
0.0
0.027808
0.120847
0.235101
0.374353
0.45254099999999997
0.461201
0.346891
0.163502
0.004974999999999999
0.0
0.0
0.0
0.0
0.0
0.0
0.0
0.0
0.0
0.0
0.0
0.0
0.0
0.0
0.0
0.020544
0.06484999999999999
0.10171
0.179974
0.232108
0.255899
0.18868700000000002
0.08021500000000001
0.002398
0.0
0.0
0.0
0.0
0.0
0.0
0.0
0.0
0.0
0.0
0.0
0.0
0.0
0.0
0.0
0.021452000000000002
0.065933
0.103381
0.28852
0.43054899999999996
0.453257
0.352594
0.178721
0.006597
0.0
0.0
0.0
0.0
0.0
0.0
0.0
0.0
0.0
0.0
0.0
0.0
0.0
0.0
0.0
0.022028
0.066603
0.103252
0.125362
0.128561
0.112011
0.07979
0.036823999999999996
0.0
0.0
0.0
0.0
0.0
0.0
0.0
0.0
0.0
0.0
0.0
0.0
0.0
0.0
0.0
0.0
0.022771
0.067084
0.104014
0.127943
0.213401
0.17280299999999998
0.08144
0.037476
0.00028399999999999996
0.0
0.0
0.0
0.0
0.0
0.0
0.0
0.0
0.0
0.0
0.0
0.0
0.0
0.0
0.0
0.023286
0.068481
0.105825
0.21136600000000003
0.294288
0.325609
0.29925799999999997
0.161359
0.009633
0.0
0.0
0.0
0.0
0.0
0.0
0.0
0.0
0.0
0.0
0.0
0.0
0.0
0.0
0.0
0.023844
0.069944
0.106124
0.128562
0.131167
0.117051
0.083511
0.039559
0.001658
0.0
0.0
0.0
0.0
0.0
0.0
0.0
0.0
0.0
0.0
0.0
0.0
0.0
0.0
0.0
0.025497
0.07084399999999999
0.108019
0.132245
0.13559000000000002
0.118675
0.17590999999999998
0.127097
0.012007
0.0
0.0
0.0
0.0
0.0
0.0
0.0
0.0
0.0
0.0
0.0
0.0
0.0
0.0
0.00109
0.107949
0.301442
0.443387
0.443675
0.224532
0.196246
0.142089
0.054418
0.0029
0.0
0.0
0.0
0.0
0.0
0.0
0.0
0.0
0.0
0.0
0.0
0.0
0.0
0.0
0.0
0.028512
0.07517700000000001
0.116117
0.138291
0.14265799999999998
0.1257
0.092039
0.045892
0.003846
0.0
0.0
0.0
0.0
0.0
0.0
0.0
0.0
0.0
0.0
0.0
0.0
0.0
0.0
0.0
0.02909
0.076549
0.116548
0.138733
0.142203
0.126534
0.092347
0.046704
0.004674
0.0
0.0
0.0
0.0
0.0
0.0
0.0
0.0
0.0
0.0
0.0
0.0
0.0
0.0
0.0
0.031122
0.07897499999999999
0.120842
0.295105
0.424175
0.466486
0.329186
0.154863
0.016042
0.0
0.0
0.0
0.0
0.0
0.0
0.0
0.0
0.0
0.0
0.0
0.0
0.0
0.0
0.003155
0.124469
0.322858
0.472645
0.47758100000000003
0.38126
0.22125899999999998
0.258029
0.187066
0.027759
0.0
0.0
0.0
0.0
0.0
0.0
0.0
0.0
0.0
0.0
0.0
0.0
0.0
0.0
0.0
0.043226999999999995
0.126789
0.232457
0.304796
0.345764
0.358889
0.30659
0.192191
0.029166
0.0
0.0
0.0
0.0
0.0
0.0
0.0
0.0
0.0
0.0
0.0
0.0
0.0
0.0
0.0
0.034703000000000005
0.084435
0.12596
0.148721
0.15162899999999999
0.135302
0.100685
0.053211
0.008759000000000001
0.0
0.0
0.0
0.0
0.0
0.0
0.0
0.0
0.0
0.0
0.0
0.0
0.0
0.0
0.0
0.052009
0.164095
0.294197
0.310282
0.258255
0.236324
0.261186
0.193519
0.037722
0.0
0.0
0.0
0.0
0.0
0.0
0.0
0.0
0.0
0.0
0.0
0.0
0.0
0.0
0.004099
0.161613
0.35308999999999996
0.5266879999999999
0.6382960000000001
0.659088
0.599545
0.46332999999999996
0.24024299999999998
0.045221
0.0
0.0
0.0
0.0
0.0
0.0
0.0
0.0
0.0
0.0
0.0
0.0
0.0
0.0
0.006669
0.169539
0.38306999999999997
0.544804
0.631141
0.641503
0.578985
0.454083
0.252932
0.050957
0.0
0.0
0.0
0.0
0.0
0.0
0.0
0.0
0.0
0.0
0.0
0.0
0.0
0.0
0.006605000000000001
0.158691
0.26578500000000005
0.290891
0.265993
0.27171300000000004
0.244061
0.185086
0.096506
0.020541
0.0
0.0
0.0
0.0
0.0
0.0
0.0
0.0
0.0
0.0
0.0
0.0
0.0
0.0
0.010468
0.179656
0.393717
0.5581889999999999
0.643687
0.6544030000000001
0.5779
0.467372
0.264053
0.058419
0.0
0.0
0.0
0.0
0.0
0.0
0.0
0.0
0.0
0.0
0.0
0.0
0.0
0.0
0.012048
0.174534
0.374791
0.541778
0.617375
0.62688
0.5718869999999999
0.451709
0.263609
0.060999000000000005
0.0
0.0
0.0
0.0
0.0
0.0
0.0
0.0
0.0
0.0
0.0
0.0
0.0
0.0
0.00268
0.045371
0.095618
0.134843
0.159691
0.16352
0.14749600000000002
0.11235099999999999
0.064185
0.015991
0.0
0.0
0.0
0.0
0.0
0.0
0.0
0.0
0.0
0.0
0.0
0.0
0.0
0.0
0.0030110000000000002
0.047450000000000006
0.09797499999999999
0.139503
0.164577
0.16778700000000002
0.14905000000000002
0.114194
0.065571
0.016742
0.0
0.0
0.0
0.0
0.0
0.0
0.0
0.0
0.0
0.0
0.0
0.0
0.0
0.0
0.003941
0.04937
0.101115
0.14352600000000001
0.166714
0.169974
0.15233000000000002
0.116243
0.06814
0.01844
0.0
0.0
0.0
0.0
0.0
0.0
0.0
0.0
0.0
0.0
0.0
0.0
0.0
0.0
0.008388999999999999
0.050188
0.102867
0.14363800000000002
0.16759000000000002
0.170379
0.154317
0.18870900000000002
0.10562600000000001
0.029439
0.0
0.0
0.0
0.0
0.0
0.0
0.0
0.0
0.0
0.0
0.0
0.0
0.0
0.0
0.005758
0.053277
0.106227
0.14794900000000002
0.272352
0.369363
0.413951
0.264389
0.109792
0.020319
0.0
0.0
0.0
0.0
0.0
0.0
0.0
0.0
0.0
0.0
0.0
0.0
0.0
0.0
0.007333999999999999
0.054412
0.105943
0.148876
0.171873
0.17501
0.160024
0.123224
0.073585
0.021893
0.0
0.0
0.0
0.0
0.0
0.0
0.0
0.0
0.0
0.0
0.0
0.0
0.0
0.0
0.007932999999999999
0.054543999999999995
0.10658100000000001
0.148286
0.171505
0.175082
0.159976
0.12280200000000001
0.07356
0.022354
0.0
0.0
0.0
0.0
0.0
0.0
0.0
0.0
0.0
0.0
0.0
0.0
0.0
0.0
0.008782
0.056223999999999996
0.107606
0.14895
0.17393
0.17639500000000002
0.160399
0.122313
0.073806
0.022742000000000002
0.0
0.0
0.0
0.0
0.0
0.0
0.0
0.0
0.0
0.0
0.0
0.0
0.0
0.0
0.009526
0.146218
0.375103
0.556228
0.643293
0.648528
0.583256
0.43137000000000003
0.27398500000000003
0.082709
0.0
0.0
0.0
0.0
0.0
0.0
0.0
0.0
0.0
0.0
0.0
0.0
0.0
0.0
0.011330999999999999
0.061243
0.114823
0.156616
0.180423
0.182284
0.16573500000000002
0.129032
0.079539
0.025677
0.0
0.0
0.0
0.0
0.0
0.0
0.0
0.0
0.0
0.0
0.0
0.0
0.0
0.0
0.011884
0.13521799999999998
0.339654
0.532156
0.640714
0.661508
0.6044700000000001
0.488086
0.312228
0.10261400000000001
0.00048699999999999997
0.0
0.0
0.0
0.0
0.0
0.0
0.0
0.0
0.0
0.0
0.0
0.0
0.0
0.060086
0.26757
0.476224
0.626884
0.694276
0.7046749999999999
0.631726
0.527946
0.334778
0.11963599999999999
0.0016619999999999998
0.0
0.0
0.0
0.0
0.0
0.0
0.0
0.0
0.0
0.0
0.0
0.0
0.0
0.057567
0.220616
0.326354
0.34145400000000004
0.33101400000000003
0.257063
0.17958000000000002
0.141476
0.08928799999999999
0.032183
0.0
0.0
0.0
0.0
0.0
0.0
0.0
0.0
0.0
0.0
0.0
0.0
0.0
0.0
0.017928
0.07137099999999999
0.12723099999999998
0.168833
0.192247
0.195825
0.177846
0.140599
0.089167
0.033559
0.0
0.0
0.0
0.0
0.0
0.0
0.0
0.0
0.0
0.0
0.0
0.0
0.0
0.0
0.019739
0.074545
0.13005699999999998
0.171996
0.196412
0.199316
0.181645
0.14349
0.092042
0.034441
0.0
0.0
0.0
0.0
0.0
0.0
0.0
0.0
0.0
0.0
0.0
0.0
0.0
0.0
0.020253
0.07529999999999999
0.129932
0.170476
0.194083
0.19648500000000002
0.179454
0.14240199999999997
0.091445
0.035715000000000004
0.0
0.0
0.0
0.0
0.0
0.0
0.0
0.0
0.0
0.0
0.0
0.0
0.0
0.0
0.021775
0.076239
0.130778
0.170063
0.192832
0.195309
0.17887899999999998
0.14328
0.092966
0.036802999999999995
0.00346
0.0
0.0
0.0
0.0
0.0
0.0
0.0
0.0
0.0
0.0
0.0
0.0
0.0
0.023503
0.078298
0.13355699999999998
0.174809
0.198856
0.20128200000000002
0.18403299999999997
0.147155
0.095633
0.038521
0.0
0.0
0.0
0.0
0.0
0.0
0.0
0.0
0.0
0.0
0.0
0.0
0.0
0.0
0.024303
0.080893
0.136923
0.176187
0.36003199999999996
0.47113099999999997
0.534809
0.350186
0.166283
0.038523
0.0
0.0
0.0
0.0
0.0
0.0
0.0
0.0
0.0
0.0
0.0
0.0
0.0
0.0
0.068118
0.20649299999999998
0.35093599999999997
0.435988
0.200935
0.202787
0.18556999999999998
0.148672
0.095845
0.040252
0.0
0.0
0.0
0.0
0.0
0.0
0.0
0.0
0.0
0.0
0.0
0.0
0.0
0.0
0.041961
0.114873
0.162126
0.182751
0.203009
0.206513
0.188601
0.15189599999999998
0.100091
0.041564
0.0
0.0
0.0
0.0
0.0
0.0
0.0
0.0
0.0
0.0
0.0
0.0
0.0
0.0
0.029136
0.08654200000000001
0.14313700000000001
0.183962
0.20738399999999999
0.209458
0.19183799999999998
0.154359
0.101747
0.043148000000000006
0.000639
0.0
0.0
0.0
0.0
0.0
0.0
0.0
0.0
0.0
0.0
0.0
0.0
0.0
0.030963
0.08985
0.14575200000000002
0.186982
0.274798
0.35784
0.379127
0.266308
0.13852
0.045164
0.0008129999999999999
0.0
0.0
0.0
0.0
0.0
0.0
0.0
0.0
0.0
0.0
0.0
0.0
0.0
0.032701
0.091389
0.14884999999999998
0.18962600000000002
0.212203
0.21559999999999999
0.19700700000000002
0.19452699999999998
0.147594
0.06897
0.0029620000000000002
0.0
0.0
0.0
0.0
0.0
0.0
0.0
0.0
0.0
0.0
0.0
0.0
0.002043
0.11052500000000001
0.307218
0.478445
0.612235
0.5863529999999999
0.523676
0.385233
0.32828500000000005
0.223795
0.095571
0.006171
0.0
0.0
0.0
0.0
0.0
0.0
0.0
0.0
0.0
0.0
0.0
0.0
0.00156
0.054405999999999996
0.195982
0.383219
0.5425610000000001
0.560723
0.503345
0.390893
0.29718
0.18549700000000002
0.07317
0.004051
0.0
0.0
0.0
0.0
0.0
0.0
0.0
0.0
0.0
0.0
0.0
0.0
0.0
0.037811
0.11408
0.20231200000000002
0.30089299999999997
0.284695
0.256525
0.20169399999999998
0.163481
0.110618
0.050516
0.003028
0.0
0.0
0.0
0.0
0.0
0.0
0.0
0.0
0.0
0.0
0.0
0.0
0.0
0.040257
0.208832
0.437376
0.650111
0.707499
0.6644220000000001
0.555831
0.519095
0.367193
0.169274
0.014882
0.0
0.0
0.0
0.0
0.0
0.0
0.0
0.0
0.0
0.0
0.0
0.0
0.003983
0.103597
0.210671
0.24099600000000002
0.19709000000000002
0.220923
0.223459
0.20390799999999998
0.166032
0.113255
0.052759
0.003999
0.0
0.0
0.0
0.0
0.0
0.0
0.0
0.0
0.0
0.0
0.0
0.0
0.0
0.043525
0.10325
0.161279
0.20072700000000002
0.222999
0.22539099999999998
0.20588499999999998
0.167773
0.114888
0.054363999999999996
0.004821
0.0
0.0
0.0
0.0
0.0
0.0
0.0
0.0
0.0
0.0
0.0
0.0
0.000776
0.044961
0.104796
0.160375
0.198546
0.385639
0.493128
0.54487
0.461526
0.33079899999999995
0.163291
0.017758
0.0
0.0
0.0
0.0
0.0
0.0
0.0
0.0
0.0
0.0
0.0
0.0
0.010622999999999999
0.145484
0.35392599999999996
0.537537
0.663601
0.738124
0.7469210000000001
0.693592
0.5722480000000001
0.390219
0.180704
0.02361
0.0
0.0
0.0
0.0
0.0
0.0
0.0
0.0
0.0
0.0
0.0
0.0
0.012224
0.149279
0.356927
0.529702
0.650203
0.704296
0.736475
0.686611
0.554458
0.383029
0.180839
0.025178000000000002
0.0
0.0
0.0
0.0
0.0
0.0
0.0
0.0
0.0
0.0
0.0
0.0
0.014141
0.15018700000000001
0.33117399999999997
0.45348700000000003
0.5023960000000001
0.554158
0.560025
0.514027
0.343257
0.179552
0.058936999999999996
0.008065
0.0
0.0
0.0
0.0
0.0
0.0
0.0
0.0
0.0
0.0
0.0
0.0
0.003948
0.051309
0.111433
0.16483099999999998
0.208164
0.23009100000000002
0.230109
0.212178
0.173697
0.119732
0.059319000000000004
0.016796
0.0
0.0
0.0
0.0
0.0
0.0
0.0
0.0
0.0
0.0
0.0
0.0
0.004801000000000001
0.052685
0.11216
0.164743
0.206216
0.22827
0.228582
0.210435
0.172289
0.119244
0.059848
0.009381
0.0
0.0
0.0
0.0
0.0
0.0
0.0
0.0
0.0
0.0
0.0
0.0
0.018024000000000002
0.160727
0.354644
0.520879
0.633981
0.670182
0.614125
0.506726
0.455195
0.339471
0.180168
0.029206
0.0
0.0
0.0
0.0
0.0
0.0
0.0
0.0
0.0
0.0
0.0
0.0
0.024002
0.169117
0.342114
0.43070299999999995
0.410574
0.45531099999999997
0.45837700000000003
0.421829
0.34823000000000004
0.236564
0.119249
0.020538
0.0
0.0
0.0
0.0
0.0
0.0
0.0
0.0
0.0
0.0
0.0
0.0
0.014289999999999999
0.057377000000000004
0.116115
0.169857
0.207067
0.227843
0.229381
0.203278
0.381306
0.36826299999999995
0.198281
0.036046999999999996
0.0
0.0
0.0
0.0
0.0
0.0
0.0
0.0
0.0
0.0
0.0
0.0
0.009329
0.059317999999999996
0.18062299999999998
0.342783
0.49435500000000004
0.6408440000000001
0.709985
0.674803
0.5583020000000001
0.397449
0.1984
0.037101999999999996
0.0
0.0
0.0
0.0
0.0
0.0
0.0
0.0
0.0
0.0
0.0
0.0
0.033371000000000005
0.187718
0.39020900000000003
0.55391
0.6726749999999999
0.730782
0.731039
0.6728569999999999
0.558516
0.402008
0.19700399999999998
0.03896
0.0
0.0
0.0
0.0
0.0
0.0
0.0
0.0
0.0
0.0
0.0
0.0
0.036849
0.189023
0.385127
0.55077
0.6612250000000001
0.708148
0.706994
0.667821
0.498187
0.281165
0.096643
0.030883
0.0
0.0
0.0
0.0
0.0
0.0
0.0
0.0
0.0
0.0
0.0
0.0
0.012659
0.064818
0.126125
0.179481
0.220855
0.275752
0.31215899999999996
0.33537700000000004
0.276752
0.185553
0.097693
0.024648
0.0
0.0
0.0
0.0
0.0
0.0
0.0
0.0
0.0
0.0
0.0
0.0
0.042775
0.199236
0.401223
0.56838
0.680515
0.682354
0.5907960000000001
0.432918
0.482372
0.400789
0.21144
0.044452
0.0
0.0
0.0
0.0
0.0
0.0
0.0
0.0
0.0
0.0
0.0
0.0
0.031920000000000004
0.098725
0.184449
0.274484
0.332656
0.47544400000000003
0.568052
0.597461
0.470769
0.32178199999999996
0.15608000000000002
0.038438
0.0
0.0
0.0
0.0
0.0
0.0
0.0
0.0
0.0
0.0
0.0
0.0
0.035929
0.159506
0.28757699999999997
0.38565499999999997
0.43747
0.475808
0.47277600000000003
0.432603
0.322642
0.210935
0.099441
0.032073
0.0
0.0
0.0
0.0
0.0
0.0
0.0
0.0
0.0
0.0
0.0
0.0
0.045002
0.13603700000000002
0.235063
0.312386
0.336731
0.5018210000000001
0.618541
0.631556
0.546438
0.39137700000000003
0.20827099999999998
0.049576999999999996
0.0
0.0
0.0
0.0
0.0
0.0
0.0
0.0
0.0
0.0
0.0
0.0
0.0535
0.212557
0.416109
0.587819
0.708842
0.7526900000000001
0.713827
0.590407
0.428714
0.254311
0.10230299999999999
0.041842
0.0
0.0
0.0
0.0
0.0
0.0
0.0
0.0
0.0
0.0
0.0
0.0
0.047164000000000005
0.107712
0.323423
0.558134
0.700376
0.7540410000000001
0.7406710000000001
0.638163
0.488967
0.300799
0.134082
0.030816
0.0
0.0
0.0
0.0
0.0
0.0
0.0
0.0
0.0
0.0
0.0
0.0
0.021219000000000002
0.076515
0.137697
0.19198400000000002
0.23059100000000002
0.247112
0.24751900000000002
0.229393
0.19022999999999998
0.136097
0.07487300000000001
0.023396
0.0
0.0
0.0
0.0
0.0
0.0
0.0
0.0
0.0
0.0
0.0
0.0
0.026690000000000002
0.078112
0.138002
0.192487
0.231206
0.247568
0.24727600000000002
0.228893
0.190475
0.136623
0.075253
0.021100999999999998
0.0
0.0
0.0
0.0
0.0
0.0
0.0
0.0
0.0
0.0
0.0
0.0
0.032054
0.116225
0.20236500000000002
0.290819
0.347432
0.37240300000000004
0.370604
0.341083
0.28536700000000004
0.196707
0.109592
0.035203000000000005
0.0
0.0
0.0
0.0
0.0
0.0
0.0
0.0
0.0
0.0
0.0
0.0
0.060022
0.208598
0.399794
0.570379
0.699823
0.753813
0.75397
0.696984
0.583866
0.412176
0.224632
0.062451
0.0
0.0
0.0
0.0
0.0
0.0
0.0
0.0
0.0
0.0
0.0
0.00047099999999999996
0.072268
0.24779900000000002
0.44897000000000004
0.614394
0.7184579999999999
0.7728590000000001
0.769281
0.704134
0.59722
0.428236
0.23183199999999998
0.063936
0.0
0.0
0.0
0.0
0.0
0.0
0.0
0.0
0.0
0.0
0.0
0.0009130000000000001
0.062934
0.122141
0.208018
0.29235300000000003
0.346853
0.3743
0.37284100000000003
0.341143
0.421511
0.36607
0.224916
0.063293
0.0
0.0
0.0
0.0
0.0
0.0
0.0
0.0
0.0
0.0
0.0
0.001276
0.07692199999999999
0.251194
0.448595
0.613875
0.717426
0.779849
0.769102
0.713526
0.587245
0.42456900000000003
0.230295
0.067229
0.0
0.0
0.0
0.0
0.0
0.0
0.0
0.0
0.0
0.0
0.0
0.0017629999999999998
0.079762
0.255607
0.45253699999999997
0.613019
0.720998
0.779501
0.771058
0.71489
0.592365
0.426238
0.231254
0.068366
0.000212
0.0
0.0
0.0
0.0
0.0
0.0
0.0
0.0
0.0
0.0
0.002286
0.07981
0.225158
0.35292
0.43256900000000004
0.442355
0.41893400000000003
0.34261
0.23114500000000002
0.194518
0.141506
0.082418
0.031401
0.0
0.0
0.0
0.0
0.0
0.0
0.0
0.0
0.0
0.0
0.0
0.0
0.033548
0.091196
0.152442
0.202208
0.23802500000000001
0.254622
0.252047
0.233066
0.194693
0.141382
0.082521
0.032262
0.0
0.0
0.0
0.0
0.0
0.0
0.0
0.0
0.0
0.0
0.0
0.0
0.034505
0.09163800000000001
0.151459
0.204196
0.239954
0.254766
0.25331
0.236458
0.197702
0.14451
0.08480599999999999
0.028769
0.0
0.0
0.0
0.0
0.0
0.0
0.0
0.0
0.0
0.0
0.0
0.0
0.034926
0.091732
0.149316
0.20077099999999998
0.230656
0.252821
0.251197
0.234516
0.197934
0.142966
0.08576099999999999
0.029738
0.0
0.0
0.0
0.0
0.0
0.0
0.0
0.0
0.0
0.0
0.0
0.0
0.038235
0.097768
0.211686
0.34104500000000004
0.48035
0.508367
0.5031789999999999
0.45407600000000004
0.380478
0.28719
0.162803
0.060115
0.000363
0.0
0.0
0.0
0.0
0.0
0.0
0.0
0.0
0.0
0.0
0.00421
0.08937300000000001
0.264712
0.427703
0.562601
0.643224
0.6303540000000001
0.565133
0.468954
0.411254
0.321564
0.1958
0.061212
0.0
0.0
0.0
0.0
0.0
0.0
0.0
0.0
0.0
0.0
0.0
0.003504
0.069278
0.18558000000000002
0.282519
0.345785
0.372764
0.382041
0.34072
0.296548
0.234368
0.16112700000000002
0.09025799999999999
0.047329
0.00036199999999999996
0.0
0.0
0.0
0.0
0.0
0.0
0.0
0.0
0.0
0.0
0.0014039999999999999
0.042244
0.101203
0.46785000000000004
0.214285
0.248277
0.26698099999999997
0.26364
0.243787
0.305053
0.28947
0.091252
0.033058
0.0
0.0
0.0
0.0
0.0
0.0
0.0
0.0
0.0
0.0
0.0
0.004205
0.06189
0.146469
0.231262
0.317658
0.367889
0.394942
0.390272
0.354559
0.30242899999999995
0.21778999999999998
0.13114699999999999
0.044773
0.0
0.0
0.0
0.0
0.0
0.0
0.0
0.0
0.0
0.0
0.0
0.002399
0.043851999999999995
0.103387
0.162761
0.214625
0.247911
0.265009
0.26336000000000004
0.24232599999999999
0.206691
0.153204
0.091318
0.034662
0.0
0.0
0.0
0.0
0.0
0.0
0.0
0.0
0.0
0.0
0.0
0.003264
0.04561
0.105465
0.164684
0.21535900000000002
0.247718
0.479754
0.6334690000000001
0.6634880000000001
0.49838499999999997
0.305531
0.13533
0.071244
0.004416000000000001
0.0
0.0
0.0
0.0
0.0
0.0
0.0
0.0
0.0
0.0
0.008788
0.073312
0.152847
0.223976
0.24792699999999998
0.24873699999999999
0.267218
0.268252
0.24728299999999998
0.210523
0.157728
0.09639400000000001
0.037725999999999996
0.0
0.0
0.0
0.0
0.0
0.0
0.0
0.0
0.0
0.0
0.0
0.004862
0.048286
0.109506
0.170255
0.22208699999999998
0.255903
0.27491899999999997
0.271803
0.249475
0.21152600000000002
0.158631
0.096437
0.043549
0.0016359999999999999
0.0
0.0
0.0
0.0
0.0
0.0
0.0
0.0
0.0
0.0
0.007599
0.056173
0.10784300000000001
0.16709100000000002
0.218246
0.251041
0.267044
0.265816
0.244333
0.209564
0.156567
0.09653700000000001
0.045073999999999996
0.001873
0.0
0.0
0.0
0.0
0.0
0.0
0.0
0.0
0.0
0.0
0.011334
0.083213
0.202534
0.390081
0.575744
0.720518
0.795639
0.801239
0.7416130000000001
0.626885
0.459177
0.264969
0.095706
0.008487
0.0
0.0
0.0
0.0
0.0
0.0
0.0
0.0
0.0
0.0
0.009535
0.07878199999999999
0.202988
0.343231
0.482296
0.715093
0.7675080000000001
0.76128
0.6690969999999999
0.5722010000000001
0.43199400000000004
0.255974
0.088144
0.0070999999999999995
0.0
0.0
0.0
0.0
0.0
0.0
0.0
0.0
0.0
0.0
0.021976
0.121484
0.287988
0.455255
0.5930979999999999
0.69309
0.733553
0.72382
0.677809
0.584998
0.44446800000000003
0.26754
0.098322
0.009907000000000001
0.0
0.0
0.0
0.0
0.0
0.0
0.0
0.0
0.0
0.0
0.020684
0.052757
0.276473
0.384121
0.36116699999999996
0.256228
0.261052
0.258857
0.239363
0.205107
0.155495
0.096914
0.059948999999999995
0.006743000000000001
0.0
0.0
0.0
0.0
0.0
0.0
0.0
0.0
0.0
0.0
0.017726
0.07719799999999999
0.11159999999999999
0.168146
0.21596600000000002
0.24479800000000002
0.263188
0.260565
0.238778
0.206625
0.158969
0.099185
0.042957
0.0022730000000000003
0.0
0.0
0.0
0.0
0.0
0.0
0.0
0.0
0.0
0.0
0.02553
0.135897
0.320104
0.497337
0.625232
0.648433
0.638879
0.525822
0.356707
0.41888
0.381693
0.253023
0.101047
0.013590999999999999
0.0
0.0
0.0
0.0
0.0
0.0
0.0
0.0
0.0
0.0
0.017312
0.072833
0.114522
0.171431
0.219985
0.24837700000000001
0.345302
0.440685
0.45966500000000005
0.391837
0.29702300000000004
0.18196700000000002
0.077591
0.009181
0.0
0.0
0.0
0.0
0.0
0.0
0.0
0.0
0.0
0.0
0.027594
0.099273
0.11418
0.17158099999999998
0.217818
0.252807
0.26915300000000003
0.26689999999999997
0.24396700000000002
0.21296700000000002
0.161936
0.102741
0.045902
0.00395
0.0
0.0
0.0
0.0
0.0
0.0
0.0
0.0
0.0
0.0
0.030982
0.14133500000000002
0.308709
0.45052600000000004
0.508554
0.496438
0.627731
0.691772
0.64273
0.595179
0.470197
0.283171
0.11106999999999999
0.017832999999999998
0.0
0.0
0.0
0.0
0.0
0.0
0.0
0.0
0.0
0.0
0.012385
0.060292
0.119947
0.176043
0.224041
0.252618
0.406404
0.508125
0.550771
0.405588
0.24164
0.10562300000000001
0.08367000000000001
0.016612
0.0
0.0
0.0
0.0
0.0
0.0
0.0
0.0
0.0
0.0
0.019821000000000002
0.08585899999999999
0.169041
0.259687
0.330991
0.369615
0.438976
0.478607
0.457659
0.471762
0.405966
0.26226799999999995
0.11357500000000001
0.02026
0.0
0.0
0.0
0.0
0.0
0.0
0.0
0.0
0.0
0.0
0.032456000000000006
0.13455699999999998
0.309519
0.499811
0.643003
0.7316849999999999
0.7803920000000001
0.773372
0.7069070000000001
0.618311
0.471512
0.287468
0.11291899999999999
0.020959
0.0
0.0
0.0
0.0
0.0
0.0
0.0
0.0
0.0
0.0
0.035171
0.15001599999999998
0.327835
0.50324
0.628349
0.676361
0.632999
0.473845
0.25884300000000005
0.209593
0.162482
0.105587
0.048765
0.006726
0.0
0.0
0.0
0.0
0.0
0.0
0.0
0.0
0.0
0.0
0.032977
0.133559
0.309053
0.496368
0.646553
0.749958
0.782439
0.760937
0.673794
0.531295
0.36150299999999996
0.19320400000000001
0.103497
0.021369
0.0
0.0
0.0
0.0
0.0
0.0
0.0
0.0
0.0
0.0
0.035317999999999995
0.13190700000000002
0.252441
0.326332
0.324215
0.252483
0.266846
0.26297000000000004
0.24421600000000002
0.210519
0.161427
0.106333
0.050095999999999995
0.007381
0.0
0.0
0.0
0.0
0.0
0.0
0.0
0.0
0.0
0.0
0.015757999999999998
0.063292
0.120394
0.17455400000000001
0.220267
0.250029
0.266232
0.26234500000000005
0.24074500000000001
0.208509
0.160349
0.104886
0.049741
0.007947
0.0
0.0
0.0
0.0
0.0
0.0
0.0
0.0
0.0
0.0
0.033263
0.15870099999999998
0.33692
0.516332
0.654704
0.7196699999999999
0.7869790000000001
0.761162
0.69072
0.61123
0.469414
0.289047
0.118676
0.024279
0.0
0.0
0.0
0.0
0.0
0.0
0.0
0.0
0.0
0.0
0.034074
0.15706
0.33248200000000006
0.511451
0.652183
0.7167279999999999
0.788639
0.783423
0.7178410000000001
0.6099450000000001
0.46427999999999997
0.289658
0.11895
0.025112
0.0
0.0
0.0
0.0
0.0
0.0
0.0
0.0
0.0
0.0
0.041484
0.156691
0.33162
0.504476
0.635981
0.712437
0.769169
0.760405
0.694813
0.610953
0.468661
0.287242
0.11953
0.025372
0.0
0.0
0.0
0.0
0.0
0.0
0.0
0.0
0.0
0.0
0.040019
0.150872
0.303897
0.475226
0.625246
0.71587
0.766094
0.7587999999999999
0.713615
0.610698
0.468766
0.29418500000000003
0.123109
0.026748
0.0
0.0
0.0
0.0
0.0
0.0
0.0
0.0
0.0
0.0
0.04096
0.155453
0.32917799999999997
0.48375
0.596252
0.65139
0.668222
0.591268
0.456553
0.339836
0.214705
0.109252
0.053825000000000005
0.010294000000000001
0.0
0.0
0.0
0.0
0.0
0.0
0.0
0.0
0.0
0.0
0.018760000000000002
0.065946
0.121857
0.17555500000000002
0.220718
0.251405
0.307562
0.343043
0.369722
0.340589
0.286704
0.198381
0.084604
0.015260999999999999
0.0
0.0
0.0
0.0
0.0
0.0
0.0
0.0
0.0
0.0
0.019599000000000002
0.067971
0.126285
0.21578999999999998
0.299971
0.38907200000000003
0.34045400000000003
0.27495299999999995
0.310834
0.319893
0.277378
0.202024
0.105714
0.028435
0.0
0.0
0.0
0.0
0.0
0.0
0.0
0.0
0.0
0.0
0.041835000000000004
0.11583700000000001
0.129163
0.24043899999999999
0.38198000000000004
0.500039
0.527904
0.523796
0.478801
0.40947500000000003
0.317368
0.2107
0.11420699999999999
0.031605
0.0
0.0
0.0
0.0
0.0
0.0
0.0
0.0
0.0
0.0
0.042398000000000005
0.14519100000000001
0.309508
0.386901
0.384861
0.265901
0.2819
0.279488
0.25777999999999995
0.222002
0.17421
0.115986
0.05859
0.012682
0.0
0.0
0.0
0.0
0.0
0.0
0.0
0.0
0.0
0.0
0.021472
0.071218
0.129979
0.185521
0.23233099999999998
0.262284
0.279147
0.274997
0.254917
0.223863
0.175173
0.116998
0.059119
0.013648
0.0
0.0
0.0
0.0
0.0
0.0
0.0
0.0
0.0
0.0
0.0217
0.071874
0.127997
0.238726
0.376339
0.494594
0.446998
0.358776
0.25633300000000003
0.223381
0.17409200000000002
0.11737600000000001
0.076423
0.023106
0.0
0.0
0.0
0.0
0.0
0.0
0.0
0.0
0.0
0.0
0.029526
0.10927100000000001
0.237789
0.30146100000000003
0.300643
0.266021
0.280899
0.279776
0.259287
0.22509800000000002
0.176039
0.11725400000000001
0.059951
0.014276
0.0
0.0
0.0
0.0
0.0
0.0
0.0
0.0
0.0
0.0
0.022387
0.073061
0.131206
0.186639
0.23237200000000002
0.264907
0.282474
0.281419
0.26166199999999995
0.256885
0.225993
0.169263
0.086748
0.022435
0.0
0.0
0.0
0.0
0.0
0.0
0.0
0.0
0.0
0.0
0.029556000000000002
0.082939
0.129319
0.183721
0.229452
0.259484
0.277813
0.26969299999999996
0.25702600000000003
0.22424000000000002
0.172077
0.118264
0.06096
0.015116
0.0
0.0
0.0
0.0
0.0
0.0
0.0
0.0
0.0
0.0
0.030574
0.08369499999999999
0.129162
0.236069
0.373255
0.48045499999999997
0.480505
0.43375400000000003
0.369576
0.378589
0.339275
0.243062
0.11491
0.031692
0.0
0.0
0.0
0.0
0.0
0.0
0.0
0.0
0.0
0.0
0.044263
0.156955
0.339186
0.487682
0.585923
0.63422
0.688936
0.714718
0.684057
0.589788
0.452336
0.29397
0.123469
0.028565999999999998
0.0
0.0
0.0
0.0
0.0
0.0
0.0
0.0
0.0
0.0
0.040255
0.125909
0.25807100000000005
0.380313
0.482586
0.556369
0.585981
0.578744
0.538234
0.492995
0.412725
0.272613
0.126359
0.035768
0.0
0.0
0.0
0.0
0.0
0.0
0.0
0.0
0.0
0.0
0.043446
0.144154
0.307099
0.44746800000000003
0.5525410000000001
0.614279
0.619163
0.5532659999999999
0.45449599999999996
0.477806
0.416213
0.2824
0.126973
0.034857
0.0
0.0
0.0
0.0
0.0
0.0
0.0
0.0
0.0
0.0
0.038488999999999995
0.116536
0.21940700000000002
0.318582
0.408823
0.46588799999999997
0.5095419999999999
0.491496
0.45545800000000003
0.368226
0.25824400000000003
0.155472
0.106005
0.03578799999999999
0.0
0.0
0.0
0.0
0.0
0.0
0.0
0.0
0.0
0.000628
0.050369
0.160156
0.327289
0.48158
0.6056079999999999
0.6950890000000001
0.724495
0.7053590000000001
0.656614
0.568538
0.435542
0.283788
0.130592
0.038451
0.0
0.0
0.0
0.0
0.0
0.0
0.0
0.0
0.0
0.000558
0.047818
0.160609
0.331853
0.493301
0.626894
0.702708
0.751443
0.7382089999999999
0.6821459999999999
0.587935
0.455181
0.287185
0.133946
0.038481
0.0
0.0
0.0
0.0
0.0
0.0
0.0
0.0
0.0
0.000647
0.048084
0.159601
0.323376
0.48545299999999997
0.614048
0.695832
0.682794
0.601487
0.465084
0.396863
0.305805
0.200687
0.089237
0.020814
0.0
0.0
0.0
0.0
0.0
0.0
0.0
0.0
0.0
0.000266
0.051199
0.16725299999999999
0.34157499999999996
0.5071840000000001
0.627772
0.667726
0.6358579999999999
0.532111
0.376829
0.32273
0.24641200000000002
0.16705
0.093998
0.029451
0.0
0.0
0.0
0.0
0.0
0.0
0.0
0.0
0.0
0.000864
0.052
0.163956
0.33489800000000003
0.479342
0.566608
0.578518
0.588539
0.51352
0.478914
0.410028
0.32083999999999996
0.210292
0.108508
0.032058
0.0
0.0
0.0
0.0
0.0
0.0
0.0
0.0
0.0
0.0012749999999999999
0.052213
0.16293100000000002
0.32738
0.466041
0.550256
0.5631499999999999
0.582171
0.504911
0.473192
0.405457
0.317872
0.208838
0.122011
0.040899
0.0
0.0
0.0
0.0
0.0
0.0
0.0
0.0
0.0
0.00029499999999999996
0.046439
0.147179
0.290293
0.41653500000000004
0.509466
0.557567
0.6287229999999999
0.652864
0.6278980000000001
0.500402
0.352657
0.208566
0.10834099999999999
0.032672
0.0
0.0
0.0
0.0
0.0
0.0
0.0
0.0
0.0
0.0
0.025478999999999998
0.089209
0.178292
0.22888399999999998
0.2555
0.253337
0.319623
0.358631
0.374104
0.377447
0.329494
0.242327
0.11945
0.038009
0.0
0.0
0.0
0.0
0.0
0.0
0.0
0.0
0.0
0.0
0.029262
0.078524
0.123781
0.17775
0.22425499999999998
0.253683
0.270452
0.278716
0.252631
0.218723
0.171497
0.117998
0.062304000000000005
0.017978
0.0
0.0
0.0
0.0
0.0
0.0
0.0
0.0
0.0
0.0
0.029556000000000002
0.10586100000000001
0.224177
0.305327
0.35786900000000005
0.383976
0.397853
0.396827
0.368017
0.31874
0.24614599999999998
0.165973
0.088759
0.026451
0.0
0.0
0.0
0.0
0.0
0.0
0.0
0.0
0.0
0.000675
0.050014
0.161982
0.33119400000000004
0.494303
0.6096520000000001
0.664269
0.682808
0.66618
0.5641349999999999
0.497212
0.379158
0.24015799999999998
0.133515
0.044597000000000005
0.0
0.0
0.0
0.0
0.0
0.0
0.0
0.0
0.0
0.0011149999999999999
0.049026
0.160223
0.31487400000000004
0.436413
0.48707100000000003
0.462721
0.45569600000000005
0.424644
0.367891
0.301876
0.239347
0.166095
0.097649
0.032407
0.0
0.0
0.0
0.0
0.0
0.0
0.0
0.0
0.0
0.0011149999999999999
0.046391
0.127805
0.175049
0.253487
0.323
0.370392
0.473578
0.544316
0.552629
0.45694999999999997
0.334589
0.21121700000000002
0.123863
0.042173
0.0
0.0
0.0
0.0
0.0
0.0
0.0
0.0
0.0
0.0
0.031838
0.095429
0.174823
0.279402
0.38491899999999996
0.472397
0.514378
0.513184
0.465974
0.38223700000000005
0.272589
0.167649
0.104644
0.037535
0.0
0.0
0.0
0.0
0.0
0.0
0.0
0.0
0.0
0.001141
0.048539
0.136178
0.21837
0.30029300000000003
0.35445699999999997
0.377679
0.393672
0.395192
0.36780399999999996
0.320947
0.247038
0.169989
0.105198
0.037745
0.0
0.0
0.0
0.0
0.0
0.0
0.0
0.0
0.0
0.0
0.040262
0.11771
0.220874
0.30073300000000003
0.354717
0.37962799999999997
0.396357
0.39544
0.368197
0.319287
0.25003
0.171009
0.091516
0.028813
0.0
0.0
0.0
0.0
0.0
0.0
0.0
0.0
0.0
0.0
0.043603
0.130696
0.28271300000000005
0.406617
0.495481
0.548158
0.617648
0.647171
0.608179
0.491909
0.35201499999999997
0.211678
0.10348600000000001
0.031536999999999996
0.0
0.0
0.0
0.0
0.0
0.0
0.0
0.0
0.0
0.001121
0.049404
0.149256
0.28632
0.463638
0.6206269999999999
0.722656
0.760426
0.728049
0.622677
0.497911
0.351328
0.211673
0.111587
0.036295
0.0
0.0
0.0
0.0
0.0
0.0
0.0
0.0
0.0
0.000653
0.042616
0.135511
0.22451400000000002
0.406995
0.589681
0.7244109999999999
0.766166
0.754456
0.6838909999999999
0.5503819999999999
0.382642
0.218965
0.11954000000000001
0.041908
0.0
0.0
0.0
0.0
0.0
0.0
0.0
0.0
0.0
0.0012250000000000002
0.051384
0.16091999999999998
0.329904
0.464254
0.5157079999999999
0.49077499999999996
0.654687
0.719033
0.71715
0.632115
0.49791
0.326655
0.155751
0.048823
0.00065
0.0
0.0
0.0
0.0
0.0
0.0
0.0
0.0
0.001274
0.051959000000000005
0.160572
0.332418
0.487773
0.633368
0.6920040000000001
0.748958
0.776358
0.727408
0.634085
0.494728
0.32683300000000004
0.156136
0.048723999999999996
0.000629
0.0
0.0
0.0
0.0
0.0
0.0
0.0
0.0
0.001195
0.048427
0.128329
0.119103
0.347339
0.5786720000000001
0.646199
0.752885
0.7632490000000001
0.699229
0.6192300000000001
0.48467899999999997
0.319178
0.153801
0.047655
0.0005570000000000001
0.0
0.0
0.0
0.0
0.0
0.0
0.0
0.0
0.000699
0.047209
0.15653899999999998
0.318376
0.48273
0.615458
0.701098
0.760251
0.758062
0.710006
0.6190739999999999
0.48545499999999997
0.320435
0.153645
0.048712000000000005
0.000558
0.0
0.0
0.0
0.0
0.0
0.0
0.0
0.0
0.0
0.040658
0.10796
0.170844
0.222363
0.244238
0.25215899999999997
0.496565
0.6568350000000001
0.686827
0.570684
0.414511
0.250741
0.117304
0.034497
0.0
0.0
0.0
0.0
0.0
0.0
0.0
0.0
0.0
0.0
0.043689
0.153412
0.31625400000000004
0.477919
0.611469
0.7087899999999999
0.7050489999999999
0.707598
0.66783
0.610404
0.48501299999999997
0.321478
0.154506
0.047173
0.000146
0.0
0.0
0.0
0.0
0.0
0.0
0.0
0.0
0.000205
0.046681
0.15032900000000002
0.31112
0.43459699999999996
0.499574
0.470208
0.614866
0.695387
0.697254
0.5912540000000001
0.441809
0.2784
0.127359
0.037545999999999996
0.0
0.0
0.0
0.0
0.0
0.0
0.0
0.0
0.0
0.0
0.045433999999999995
0.144478
0.30271699999999996
0.461685
0.594986
0.692921
0.7359199999999999
0.72484
0.6726559999999999
0.5557340000000001
0.41036700000000004
0.24568399999999999
0.121309
0.038651000000000005
0.0
0.0
0.0
0.0
0.0
0.0
0.0
0.0
0.0
0.0
0.034006
0.09810200000000001
0.16630899999999998
0.219194
0.245982
0.245527
0.31250599999999995
0.349879
0.358538
0.300753
0.23419800000000002
0.162633
0.118394
0.046204
0.000462
0.0
0.0
0.0
0.0
0.0
0.0
0.0
0.0
0.00015
0.042
0.11178199999999999
0.118534
0.19717300000000001
0.277719
0.363239
0.428188
0.44953699999999996
0.472647
0.469416
0.402951
0.288158
0.14068899999999998
0.041970999999999994
0.0
0.0
0.0
0.0
0.0
0.0
0.0
0.0
0.0
0.0
0.03281
0.114498
0.246092
0.433437
0.596174
0.70668
0.7455
0.707798
0.607918
0.5566559999999999
0.449367
0.305188
0.140131
0.042764
0.0
0.0
0.0
0.0
0.0
0.0
0.0
0.0
0.0
0.0
0.031571999999999996
0.09479900000000001
0.166834
0.354135
0.54596
0.691054
0.726891
0.723954
0.661215
0.563787
0.396512
0.233627
0.112872
0.033657
0.0
0.0
0.0
0.0
0.0
0.0
0.0
0.0
0.0
0.0
0.03191
0.094531
0.16541999999999998
0.312618
0.471605
0.61194
0.689917
0.711394
0.689213
0.607705
0.48013799999999995
0.317731
0.15181
0.04603
0.000465
0.0
0.0
0.0
0.0
0.0
0.0
0.0
0.0
0.0
0.043366
0.146617
0.311142
0.47505000000000003
0.6092799999999999
0.705595
0.75949
0.7618550000000001
0.707922
0.618399
0.484253
0.31920800000000005
0.151895
0.046137
6.1e-05
0.0
0.0
0.0
0.0
0.0
0.0
0.0
0.0
0.0
0.042104
0.142238
0.296799
0.451409
0.568986
0.6836530000000001
0.7188559999999999
0.736939
0.692856
0.616438
0.485016
0.32196600000000003
0.152696
0.046879
0.000106
0.0
0.0
0.0
0.0
0.0
0.0
0.0
0.0
0.0
0.036251
0.143067
0.311319
0.47643599999999997
0.613136
0.710938
0.746773
0.685825
0.5473669999999999
0.426693
0.291627
0.169212
0.104877
0.037217
0.0
0.0
0.0
0.0
0.0
0.0
0.0
0.0
0.0
0.0
0.035134
0.14105600000000001
0.301653
0.45754500000000004
0.546417
0.538201
0.5792
0.581401
0.537196
0.463335
0.35322699999999996
0.24578
0.132677
0.045216
0.0
0.0
0.0
0.0
0.0
0.0
0.0
0.0
0.0
0.0
0.040049999999999995
0.14083099999999998
0.30356099999999997
0.46032999999999996
0.587313
0.668552
0.667856
0.6281939999999999
0.503823
0.493455
0.422748
0.29801
0.137886
0.04144
0.0
0.0
0.0
0.0
0.0
0.0
0.0
0.0
0.0
0.0
0.028558
0.10812300000000001
0.234017
0.338471
0.406798
0.457824
0.43594900000000003
0.415233
0.362956
0.45910500000000004
0.443153
0.313913
0.149344
0.044974
8.3e-05
0.0
0.0
0.0
0.0
0.0
0.0
0.0
0.0
0.0
0.038926
0.13653
0.292482
0.457898
0.595029
0.6819850000000001
0.731187
0.7297380000000001
0.690333
0.560563
0.386635
0.212691
0.107616
0.034118
0.0
0.0
0.0
0.0
0.0
0.0
0.0
0.0
0.0
0.0
0.03095
0.093894
0.158223
0.25999099999999997
0.368995
0.456475
0.44761700000000004
0.419246
0.364028
0.34052699999999997
0.285282
0.20683
0.100698
0.028728
0.0
0.0
0.0
0.0
0.0
0.0
0.0
0.0
0.0
0.0
0.035828000000000006
0.13447800000000001
0.29395699999999997
0.454327
0.563659
0.604557
0.610082
0.5591710000000001
0.46228800000000003
0.531376
0.40946899999999997
0.24430000000000002
0.122352
0.041301000000000004
0.0
0.0
0.0
0.0
0.0
0.0
0.0
0.0
0.0
0.0
0.03694
0.134579
0.29466000000000003
0.455901
0.596838
0.691851
0.702379
0.6295879999999999
0.456677
0.446749
0.380758
0.269762
0.141267
0.041823
0.0
0.0
0.0
0.0
0.0
0.0
0.0
0.0
0.0
0.0
0.031141
0.13245500000000002
0.29447500000000004
0.455082
0.5888450000000001
0.670947
0.6669700000000001
0.592425
0.454154
0.437445
0.374256
0.266009
0.129545
0.039661999999999996
0.0
0.0
0.0
0.0
0.0
0.0
0.0
0.0
0.0
0.0
0.033191000000000005
0.127601
0.272501
0.401642
0.48679500000000003
0.519691
0.5360349999999999
0.51687
0.457509
0.418363
0.33501400000000003
0.22647399999999998
0.12985
0.041807000000000004
0.0
0.0
0.0
0.0
0.0
0.0
0.0
0.0
0.0
0.0
0.029738
0.126623
0.290051
0.451882
0.580123
0.67183
0.7167910000000001
0.64232
0.534125
0.41323000000000004
0.281246
0.159656
0.08599599999999999
0.024418
0.0
0.0
0.0
0.0
0.0
0.0
0.0
0.0
0.0
0.0
0.030039000000000003
0.12852699999999997
0.28112200000000004
0.45137299999999997
0.600472
0.696259
0.7483630000000001
0.741754
0.684369
0.601549
0.470582
0.308454
0.143293
0.040434
0.0
0.0
0.0
0.0
0.0
0.0
0.0
0.0
0.0
0.0
0.029207
0.12288800000000001
0.278007
0.42241
0.5475140000000001
0.5963769999999999
0.700554
0.736839
0.701138
0.604621
0.447695
0.268067
0.123496
0.035466000000000004
0.0
0.0
0.0
0.0
0.0
0.0
0.0
0.0
0.0
0.0
0.02734
0.09559000000000001
0.156441
0.308464
0.472941
0.627761
0.568164
0.440795
0.25145500000000004
0.251251
0.223185
0.170096
0.116167
0.039595
0.0
0.0
0.0
0.0
0.0
0.0
0.0
0.0
0.0
0.0
0.028876000000000002
0.121852
0.29021199999999997
0.428465
0.493949
0.472445
0.5030129999999999
0.5047119999999999
0.473329
0.38611399999999996
0.274264
0.166614
0.087113
0.023178999999999998
0.0
0.0
0.0
0.0
0.0
0.0
0.0
0.0
0.0
0.0
0.032139
0.110211
0.15756
0.237163
0.31253699999999995
0.362245
0.341112
0.310233
0.25117500000000004
0.28167899999999996
0.273418
0.208717
0.125035
0.039036
0.0
0.0
0.0
0.0
0.0
0.0
0.0
0.0
0.0
0.0
0.024632
0.099731
0.19653700000000002
0.303541
0.402083
0.464021
0.503418
0.503587
0.468372
0.404499
0.318604
0.207885
0.10819799999999999
0.03138
0.0
0.0
0.0
0.0
0.0
0.0
0.0
0.0
0.0
0.0
0.009734999999999999
0.051338999999999996
0.10650499999999999
0.16450399999999998
0.21556299999999998
0.251685
0.270065
0.26838999999999996
0.251276
0.21975299999999998
0.171443
0.115415
0.058313000000000004
0.014313000000000001
0.0
0.0
0.0
0.0
0.0
0.0
0.0
0.0
0.0
0.0
0.027704999999999997
0.098676
0.15363200000000002
0.235571
0.312724
0.365211
0.391036
0.389415
0.367913
0.346233
0.290814
0.206254
0.101013
0.026332
0.0
0.0
0.0
0.0
0.0
0.0
0.0
0.0
0.0
0.0
0.026815000000000002
0.11234000000000001
0.25165899999999997
0.372303
0.43905900000000003
0.460236
0.468854
0.437515
0.366586
0.34417200000000003
0.287257
0.20072399999999999
0.099035
0.025116
0.0
0.0
0.0
0.0
0.0
0.0
0.0
0.0
0.0
0.0
0.026274000000000002
0.1156
0.282601
0.45237
0.5831989999999999
0.6439389999999999
0.667544
0.651675
0.571932
0.46157
0.327243
0.197274
0.113665
0.032612
0.0
0.0
0.0
0.0
0.0
0.0
0.0
0.0
0.0
0.0
0.015863
0.074429
0.14632599999999998
0.227709
0.296902
0.348219
0.422016
0.442634
0.466891
0.390765
0.303798
0.196912
0.100858
0.026228
0.0
0.0
0.0
0.0
0.0
0.0
0.0
0.0
0.0
0.0
0.025388
0.114403
0.27927300000000005
0.4487
0.579834
0.662011
0.679492
0.638962
0.5382859999999999
0.462872
0.348115
0.22822399999999998
0.11266
0.029625
0.0
0.0
0.0
0.0
0.0
0.0
0.0
0.0
0.0
0.0
0.021334
0.102223
0.241786
0.397084
0.540066
0.655137
0.666614
0.637381
0.545569
0.467843
0.36346100000000003
0.230565
0.1061
0.025375
0.0
0.0
0.0
0.0
0.0
0.0
0.0
0.0
0.0
0.0
0.024059999999999998
0.113403
0.271115
0.428019
0.552316
0.631669
0.630226
0.562812
0.43523500000000004
0.380679
0.29595499999999997
0.192415
0.094555
0.022137
0.0
0.0
0.0
0.0
0.0
0.0
0.0
0.0
0.0
0.0
0.022914
0.10935399999999999
0.273716
0.43829399999999996
0.564824
0.644277
0.685389
0.684778
0.6324099999999999
0.507467
0.348028
0.19387200000000002
0.092171
0.020390000000000002
0.0
0.0
0.0
0.0
0.0
0.0
0.0
0.0
0.0
0.0
0.022001
0.107896
0.271995
0.43599400000000005
0.560824
0.639831
0.646245
0.5482480000000001
0.35418700000000003
0.32360500000000003
0.27191699999999996
0.19247
0.096393
0.022834
0.0
0.0
0.0
0.0
0.0
0.0
0.0
0.0
0.0
0.0
0.017247
0.102056
0.266067
0.423181
0.542981
0.615502
0.630322
0.5948669999999999
0.511849
0.497553
0.40536500000000003
0.268432
0.112331
0.024203
0.0
0.0
0.0
0.0
0.0
0.0
0.0
0.0
0.0
0.0
0.019629
0.106783
0.274808
0.44624
0.574505
0.6248579999999999
0.6794
0.692806
0.659104
0.5808690000000001
0.45569600000000005
0.290322
0.123267
0.026382000000000003
0.0
0.0
0.0
0.0
0.0
0.0
0.0
0.0
0.0
0.0
0.018378
0.103307
0.264
0.43834300000000004
0.5861259999999999
0.666927
0.736754
0.7268150000000001
0.671019
0.583249
0.449459
0.281231
0.120112
0.024651
0.0
0.0
0.0
0.0
0.0
0.0
0.0
0.0
0.0
0.0
0.017937
0.104848
0.265287
0.42962
0.561556
0.6492490000000001
0.692759
0.69243
0.648633
0.593071
0.453806
0.28361200000000003
0.11785599999999999
0.023611
0.0
0.0
0.0
0.0
0.0
0.0
0.0
0.0
0.0
0.0
0.016485
0.102715
0.26576299999999997
0.433585
0.5641470000000001
0.6494880000000001
0.698889
0.701029
0.6576770000000001
0.586801
0.447438
0.276978
0.113697
0.022205
0.0
0.0
0.0
0.0
0.0
0.0
0.0
0.0
0.0
0.0
0.014921
0.098443
0.261577
0.425848
0.547252
0.620122
0.640115
0.604154
0.506305
0.491512
0.408452
0.268718
0.109996
0.020448
0.0
0.0
0.0
0.0
0.0
0.0
0.0
0.0
0.0
0.0
0.014192
0.09681699999999999
0.256996
0.424026
0.523688
0.513266
0.52596
0.48383499999999996
0.421055
0.31227699999999997
0.199547
0.097091
0.044258000000000006
0.005234
0.0
0.0
0.0
0.0
0.0
0.0
0.0
0.0
0.0
0.0
0.013009999999999999
0.09675199999999999
0.260853
0.430411
0.569273
0.6604880000000001
0.6986
0.646793
0.512319
0.48883499999999996
0.398689
0.259095
0.09257800000000001
0.010701
0.0
0.0
0.0
0.0
0.0
0.0
0.0
0.0
0.0
0.0
0.006894999999999999
0.068652
0.166534
0.27209
0.353575
0.42529
0.45742099999999997
0.45677100000000004
0.42407799999999995
0.357162
0.274698
0.174705
0.06618500000000001
0.0065
0.0
0.0
0.0
0.0
0.0
0.0
0.0
0.0
0.0
0.0
0.008308
0.089186
0.251838
0.42093
0.559483
0.653683
0.667716
0.618035
0.51076
0.472472
0.386684
0.25165
0.10285
0.015392
0.0
0.0
0.0
0.0
0.0
0.0
0.0
0.0
0.0
0.0
0.009374
0.09293699999999999
0.257711
0.428533
0.566495
0.6602100000000001
0.7109880000000001
0.707295
0.632092
0.47608
0.299137
0.137934
0.05953
0.0058579999999999995
0.0
0.0
0.0
0.0
0.0
0.0
0.0
0.0
0.0
0.0
0.008542
0.093967
0.263583
0.44879199999999997
0.589051
0.67107
0.689583
0.5751269999999999
0.350861
0.396708
0.365294
0.249817
0.09718500000000001
0.012084
0.0
0.0
0.0
0.0
0.0
0.0
0.0
0.0
0.0
0.0
0.008461
0.09489199999999999
0.25858
0.434227
0.578513
0.676995
0.685339
0.566748
0.345481
0.329755
0.267382
0.171875
0.08112
0.009146000000000001
0.0
0.0
0.0
0.0
0.0
0.0
0.0
0.0
0.0
0.0
0.006692999999999999
0.087095
0.234429
0.403416
0.5352899999999999
0.618867
0.6006739999999999
0.504618
0.340015
0.26066300000000003
0.174687
0.091708
0.069242
0.007528
0.0
0.0
0.0
0.0
0.0
0.0
0.0
0.0
0.0
0.0
0.006039
0.08972100000000001
0.251828
0.430928
0.5695950000000001
0.639173
0.6952999999999999
0.702212
0.660653
0.49587400000000004
0.278079
0.090224
0.042526
0.0018520000000000001
0.0
0.0
0.0
0.0
0.0
0.0
0.0
0.0
0.0
0.0
0.000189
0.039809
0.087708
0.16949799999999998
0.26648700000000003
0.366
0.438807
0.47126799999999996
0.23988900000000002
0.316699
0.316399
0.225126
0.089405
0.006497
0.0
0.0
0.0
0.0
0.0
0.0
0.0
0.0
0.0
0.0
0.001349
0.060661
0.161345
0.273979
0.36832299999999996
0.431122
0.467552
0.465147
0.427181
0.361039
0.264519
0.16194
0.084201
0.0048449999999999995
0.0
0.0
0.0
0.0
0.0
0.0
0.0
0.0
0.0
0.0
0.003016
0.082096
0.24135800000000002
0.424619
0.570371
0.644014
0.672318
0.583504
0.427697
0.366933
0.268658
0.16084800000000002
0.073428
0.0034609999999999997
0.0
0.0
0.0
0.0
0.0
0.0
0.0
0.0
0.0
0.0
0.001619
0.056229999999999995
0.086295
0.273194
0.493065
0.637568
0.549938
0.23993799999999998
0.22111799999999998
0.252934
0.228609
0.158067
0.051226
0.0
0.0
0.0
0.0
0.0
0.0
0.0
0.0
0.0
0.0
0.0
0.0
0.053734000000000004
0.156159
0.247423
0.30866000000000005
0.340979
0.308419
0.273171
0.221022
0.18844
0.140792
0.08465
0.031634
0.0
0.0
0.0
0.0
0.0
0.0
0.0
0.0
0.0
0.0
0.0
0.0020459999999999996
0.075474
0.224349
0.35586
0.42763999999999996
0.422539
0.47783800000000004
0.520159
0.5026619999999999
0.453569
0.35996300000000003
0.219412
0.069653
0.000993
0.0
0.0
0.0
0.0
0.0
0.0
0.0
0.0
0.0
0.0
0.0
0.029460999999999998
0.081974
0.137493
0.185418
0.219524
0.23762200000000003
0.23772200000000002
0.219021
0.185201
0.13688999999999998
0.081376
0.036222000000000004
0.0
0.0
0.0
0.0
0.0
0.0
0.0
0.0
0.0
0.0
0.0
0.0
0.028667
0.08144
0.137334
0.185551
0.219845
0.247917
0.247165
0.221413
0.185527
0.135932
0.081099
0.027849
0.0
0.0
0.0
0.0
0.0
0.0
0.0
0.0
0.0
0.0
0.0
0.0
0.028163
0.080708
0.13681100000000002
0.183444
0.220885
0.248222
0.24012899999999998
0.22067699999999998
0.184585
0.13605799999999998
0.079219
0.026668
0.0
0.0
0.0
0.0
0.0
0.0
0.0
0.0
0.0
0.0
0.0
0.0
0.027777
0.081855
0.13975800000000002
0.18892599999999998
0.224471
0.243279
0.242638
0.223243
0.18746000000000002
0.13672399999999998
0.079539
0.026515
0.0
0.0
0.0
0.0
0.0
0.0
0.0
0.0
0.0
0.0
0.0
0.0
0.059855
0.21616
0.353831
0.426741
0.419685
0.5625359999999999
0.6365700000000001
0.628302
0.532203
0.388562
0.216078
0.063377
0.000157
0.0
0.0
0.0
0.0
0.0
0.0
0.0
0.0
0.0
0.0
0.0006450000000000001
0.06776900000000001
0.222357
0.402836
0.5541050000000001
0.651421
0.699388
0.698225
0.6478339999999999
0.546616
0.401186
0.21966
0.061503999999999996
0.0
0.0
0.0
0.0
0.0
0.0
0.0
0.0
0.0
0.0
0.0
0.000176
0.06669599999999999
0.228064
0.406588
0.543685
0.630817
0.675812
0.672728
0.62148
0.5223690000000001
0.381046
0.205757
0.054036
0.0
0.0
0.0
0.0
0.0
0.0
0.0
0.0
0.0
0.0
0.0
0.0
0.062287
0.1467
0.278789
0.394582
0.502994
0.5197229999999999
0.5012
0.41791199999999995
0.476265
0.346802
0.074533
0.053371
0.0
0.0
0.0
0.0
0.0
0.0
0.0
0.0
0.0
0.0
0.0
0.0
0.068701
0.235227
0.429944
0.575984
0.6537240000000001
0.720106
0.721679
0.41557
0.537934
0.34183199999999997
0.135666
0.034067
0.0
0.0
0.0
0.0
0.0
0.0
0.0
0.0
0.0
0.0
0.0
0.0
0.063997
0.224759
0.20807599999999998
0.49490300000000004
0.626062
0.709059
0.721582
0.654008
0.554982
0.38757600000000003
0.19691399999999998
0.053844
0.0
0.0
0.0
0.0
0.0
0.0
0.0
0.0
0.0
0.0
0.0
0.0
0.066899
0.231461
0.42145900000000003
0.581077
0.65497
0.669104
0.576117
0.410912
0.417538
0.341617
0.19369399999999998
0.046825000000000006
0.0
0.0
0.0
0.0
0.0
0.0
0.0
0.0
0.0
0.0
0.0
0.0
0.064251
0.231053
0.424382
0.574222
0.66198
0.706798
0.696489
0.635197
0.528039
0.375121
0.19753
0.047613
0.0
0.0
0.0
0.0
0.0
0.0
0.0
0.0
0.0
0.0
0.0
0.0
0.058837
0.208208
0.198197
0.476296
0.653924
0.71608
0.704426
0.641081
0.5397569999999999
0.383715
0.19142900000000002
0.041765000000000004
0.0
0.0
0.0
0.0
0.0
0.0
0.0
0.0
0.0
0.0
0.0
0.0
0.03136
0.073658
0.13045500000000002
0.18070599999999998
0.21700299999999997
0.23626
0.233209
0.213085
0.174998
0.12323300000000001
0.064401
0.014737
0.0
0.0
0.0
0.0
0.0
0.0
0.0
0.0
0.0
0.0
0.0
0.0
0.02053
0.073711
0.172559
0.29951799999999995
0.415823
0.538658
0.6134339999999999
0.586063
0.487234
0.34263
0.17218899999999998
0.035165999999999996
0.0
0.0
0.0
0.0
0.0
0.0
0.0
0.0
0.0
0.0
0.0
0.0
0.057107
0.219825
0.40698399999999996
0.568965
0.656811
0.719048
0.712828
0.6323150000000001
0.5332749999999999
0.366046
0.1724
0.035281999999999994
0.0
0.0
0.0
0.0
0.0
0.0
0.0
0.0
0.0
0.0
0.0
0.0
0.049085000000000004
0.197553
0.378802
0.529755
0.630254
0.687156
0.689106
0.598398
0.518139
0.34755
0.170264
0.033466
0.0
0.0
0.0
0.0
0.0
0.0
0.0
0.0
0.0
0.0
0.0
0.0
0.051896
0.21543299999999999
0.408781
0.562098
0.651434
0.693345
0.695575
0.632447
0.525454
0.36173500000000003
0.169829
0.031054
0.0
0.0
0.0
0.0
0.0
0.0
0.0
0.0
0.0
0.0
0.0
0.0
0.049704
0.209031
0.403226
0.553377
0.661072
0.711285
0.6997859999999999
0.634543
0.52365
0.359676
0.16687200000000002
0.028518
0.0
0.0
0.0
0.0
0.0
0.0
0.0
0.0
0.0
0.0
0.0
0.0
0.047491
0.20612
0.398955
0.551849
0.6594629999999999
0.6869500000000001
0.588327
0.388672
0.266042
0.143315
0.053111
0.0077610000000000005
0.0
0.0
0.0
0.0
0.0
0.0
0.0
0.0
0.0
0.0
0.0
0.0
0.042074
0.196221
0.382309
0.544065
0.6420119999999999
0.671384
0.60475
0.466055
0.43648000000000003
0.30043400000000003
0.136741
0.019466
0.0
0.0
0.0
0.0
0.0
0.0
0.0
0.0
0.0
0.0
0.0
0.0
0.043912999999999994
0.196166
0.388243
0.5376369999999999
0.625205
0.6732480000000001
0.6672659999999999
0.6127250000000001
0.444104
0.240871
0.073976
0.009665
0.0
0.0
0.0
0.0
0.0
0.0
0.0
0.0
0.0
0.0
0.0
0.0
0.037543999999999994
0.193853
0.389923
0.553823
0.635802
0.689583
0.689893
0.6030639999999999
0.490147
0.32362
0.135572
0.016366
0.0
0.0
0.0
0.0
0.0
0.0
0.0
0.0
0.0
0.0
0.0
0.0
0.040089
0.181347
0.368055
0.519506
0.63495
0.679001
0.658904
0.572909
0.441105
0.270555
0.109296
0.006532
0.0
0.0
0.0
0.0
0.0
0.0
0.0
0.0
0.0
0.0
0.0
0.0
0.032529
0.130169
0.16911500000000002
0.249121
0.194907
0.32166300000000003
0.320233
0.186337
0.30020600000000003
0.27506400000000003
0.137274
0.011911
0.0
0.0
0.0
0.0
0.0
0.0
0.0
0.0
0.0
0.0
0.0
0.0
0.028242
0.117381
0.188963
0.22211699999999998
0.194633
0.208072
0.20422
0.18276699999999999
0.143894
0.095896
0.042393
0.001503
0.0
0.0
0.0
0.0
0.0
0.0
0.0
0.0
0.0
0.0
0.0
0.0
0.015167
0.085555
0.166523
0.245801
0.29539699999999997
0.27179000000000003
0.236359
0.184702
0.222125
0.14053800000000002
0.04072
0.002852
0.0
0.0
0.0
0.0
0.0
0.0
0.0
0.0
0.0
0.0
0.0
0.0
0.011627
0.057925
0.113314
0.161186
0.195173
0.326029
0.502277
0.555237
0.414423
0.230281
0.075397
0.003197
0.0
0.0
0.0
0.0
0.0
0.0
0.0
0.0
0.0
0.0
0.0
0.0
0.015221
0.056544
0.111804
0.159733
0.18986799999999998
0.207573
0.31296300000000005
0.180195
0.14244900000000002
0.091734
0.038229
0.0008349999999999999
0.0
0.0
0.0
0.0
0.0
0.0
0.0
0.0
0.0
0.0
0.0
0.0
0.012421
0.056212000000000005
0.172647
0.199276
0.193486
0.207951
0.20366900000000002
0.179981
0.185771
0.154895
0.070179
0.003786
0.0
0.0
0.0
0.0
0.0
0.0
0.0
0.0
0.0
0.0
0.0
0.0
0.021343
0.133327
0.303194
0.465495
0.5651849999999999
0.447859
0.202859
0.43111200000000005
0.398471
0.27371100000000004
0.10851000000000001
0.002887
0.0
0.0
0.0
0.0
0.0
0.0
0.0
0.0
0.0
0.0
0.0
0.0
0.0275
0.170127
0.360391
0.5159980000000001
0.607687
0.653036
0.602432
0.5488630000000001
0.440923
0.301274
0.110874
0.002886
0.0
0.0
0.0
0.0
0.0
0.0
0.0
0.0
0.0
0.0
0.0
0.0
0.021216000000000002
0.117092
0.15540299999999999
0.232048
0.285823
0.262852
0.241542
0.175731
0.208988
0.125556
0.031337
0.0
0.0
0.0
0.0
0.0
0.0
0.0
0.0
0.0
0.0
0.0
0.0
0.0
0.018315
0.161903
0.29955200000000004
0.230765
0.3702
0.347308
0.298784
0.26471100000000003
0.195165
0.122197
0.029776
0.0
0.0
0.0
0.0
0.0
0.0
0.0
0.0
0.0
0.0
0.0
0.0
0.0
0.008878
0.073072
0.159923
0.217751
0.181774
0.555519
0.4803
0.34997
0.202874
0.120222
0.042592
0.0
0.0
0.0
0.0
0.0
0.0
0.0
0.0
0.0
0.0
0.0
0.0
0.0
0.008048
0.09694799999999999
0.186435
0.247831
0.27329000000000003
0.300145
0.293664
0.258104
0.16956100000000002
0.090217
0.026572
0.0
0.0
0.0
0.0
0.0
0.0
0.0
0.0
0.0
0.0
0.0
0.0
0.0
0.007359
0.046591
0.15528299999999998
0.22531800000000002
0.176876
0.19307
0.18929300000000002
0.16552799999999998
0.127365
0.07728600000000001
0.025828
0.0
0.0
0.0
0.0
0.0
0.0
0.0
0.0
0.0
0.0
0.0
0.0
0.0
0.014177
0.15360200000000002
0.338755
0.485473
0.590545
0.582219
0.483223
0.339758
0.25024
0.153974
0.048036
0.0
0.0
0.0
0.0
0.0
0.0
0.0
0.0
0.0
0.0
0.0
0.0
0.0
0.008137
0.09207
0.206037
0.286806
0.361194
0.326024
0.245255
0.163326
0.125339
0.074692
0.022977
0.0
0.0
0.0
0.0
0.0
0.0
0.0
0.0
0.0
0.0
0.0
0.0
0.0
0.008757999999999998
0.09425
0.214485
0.300724
0.385397
0.491758
0.53999
0.514818
0.36861099999999997
0.18807
0.044990999999999996
0.0
0.0
0.0
0.0
0.0
0.0
0.0
0.0
0.0
0.0
0.0
0.0
0.0
0.01067
0.152846
0.34719099999999997
0.515773
0.6070030000000001
0.6517609999999999
0.640066
0.564092
0.43638099999999996
0.256387
0.070191
0.0
0.0
0.0
0.0
0.0
0.0
0.0
0.0
0.0
0.0
0.0
0.0
0.0
0.0034100000000000003
0.062929
0.125726
0.16549100000000003
0.173443
0.187842
0.183743
0.159158
0.160245
0.114155
0.037698999999999996
0.0
0.0
0.0
0.0
0.0
0.0
0.0
0.0
0.0
0.0
0.0
0.0
0.0
0.004318
0.040891
0.09292
0.139014
0.170294
0.183768
0.17971
0.155536
0.116562
0.06622
0.01775
0.0
0.0
0.0
0.0
0.0
0.0
0.0
0.0
0.0
0.0
0.0
0.0
0.0
0.001064
0.039882
0.09124
0.13667500000000002
0.16884800000000003
0.18262799999999998
0.17832
0.153429
0.152591
0.107239
0.032725000000000004
0.0
0.0
0.0
0.0
0.0
0.0
0.0
0.0
0.0
0.0
0.0
0.0
0.0
0.00447
0.127703
0.302132
0.46586500000000003
0.565041
0.583006
0.5065470000000001
0.389453
0.271275
0.143921
0.030159
0.0
0.0
0.0
0.0
0.0
0.0
0.0
0.0
0.0
0.0
0.0
0.0
0.0
0.001597
0.055128
0.118375
0.15806299999999998
0.16855699999999998
0.18560400000000002
0.182672
0.15559399999999998
0.114789
0.06307399999999999
0.014297
0.0
0.0
0.0
0.0
0.0
0.0
0.0
0.0
0.0
0.0
0.0
0.0
0.0
0.001794
0.077261
0.194521
0.28033300000000005
0.348496
0.40524400000000005
0.439236
0.393925
0.283257
0.15757
0.031955
0.0
0.0
0.0
0.0
0.0
0.0
0.0
0.0
0.0
0.0
0.0
0.0
0.0
0.003766
0.122656
0.320849
0.48314
0.578543
0.627192
0.612263
0.5288229999999999
0.40743599999999996
0.223583
0.047329
0.0
0.0
0.0
0.0
0.0
0.0
0.0
0.0
0.0
0.0
0.0
0.0
0.0
0.0035
0.117896
0.310614
0.46010700000000004
0.553704
0.556487
0.456031
0.304865
0.185412
0.074824
0.010007
0.0
0.0
0.0
0.0
0.0
0.0
0.0
0.0
0.0
0.0
0.0
0.0
0.0
0.001767
0.07168300000000001
0.210657
0.362665
0.488005
0.5629460000000001
0.585866
0.5199429999999999
0.386681
0.20950200000000002
0.037577
0.0
0.0
0.0
0.0
0.0
0.0
0.0
0.0
0.0
0.0
0.0
0.0
0.0
0.0022589999999999997
0.113697
0.29434
0.442067
0.546056
0.600074
0.594176
0.527486
0.38687
0.20735599999999998
0.035121
0.0
0.0
0.0
0.0
0.0
0.0
0.0
0.0
0.0
0.0
0.0
0.0
0.0
0.001428
0.047073000000000004
0.159885
0.29308100000000004
0.415977
0.5163049999999999
0.5487430000000001
0.513273
0.37395
0.198367
0.030808
0.0
0.0
0.0
0.0
0.0
0.0
0.0
0.0
0.0
0.0
0.0
0.0
0.0
0.00047
0.064478
0.210566
0.372726
0.514399
0.585767
0.5903039999999999
0.5129969999999999
0.374969
0.193642
0.025235
0.0
0.0
0.0
0.0
0.0
0.0
0.0
0.0
0.0
0.0
0.0
0.0
0.0
0.001381
0.10605800000000001
0.304528
0.467736
0.567038
0.6165170000000001
0.5975090000000001
0.49864400000000003
0.37337200000000004
0.193096
0.022709
0.0
0.0
0.0
0.0
0.0
0.0
0.0
0.0
0.0
0.0
0.0
0.0
0.0
0.0008209999999999999
0.102033
0.299146
0.454372
0.5678920000000001
0.6053590000000001
0.586115
0.504248
0.367045
0.183532
0.016888
0.0
0.0
0.0
0.0
0.0
0.0
0.0
0.0
0.0
0.0
0.0
0.0
0.0
0.000915
0.10155
0.237437
0.25408600000000003
0.155097
0.164145
0.155014
0.133973
0.093972
0.045270000000000005
0.0031680000000000002
0.0
0.0
0.0
0.0
0.0
0.0
0.0
0.0
0.0
0.0
0.0
0.0
0.0
0.0
0.025484000000000003
0.074365
0.11822
0.14813300000000001
0.159606
0.154298
0.132137
0.09129000000000001
0.042718000000000006
0.00217
0.0
0.0
0.0
0.0
0.0
0.0
0.0
0.0
0.0
0.0
0.0
0.0
0.0
0.0
0.023442
0.070402
0.11540099999999999
0.14727600000000002
0.16533899999999999
0.159633
0.13500800000000002
0.094169
0.04374
0.001359
0.0
0.0
0.0
0.0
0.0
0.0
0.0
0.0
0.0
0.0
0.0
0.0
0.0
0.0
0.036946
0.133499
0.233178
0.315207
0.29463799999999996
0.23030199999999998
0.136536
0.094064
0.043061
0.001186
0.0
0.0
0.0
0.0
0.0
0.0
0.0
0.0
0.0
0.0
0.0
0.0
0.0
0.0
0.114661
0.276381
0.445121
0.5623469999999999
0.617147
0.591287
0.49527499999999997
0.342777
0.163593
0.007932
0.0
0.0
0.0
0.0
0.0
0.0
0.0
0.0
0.0
0.0
0.0
0.0
0.0
0.0
0.033433
0.095295
0.13728
0.14771199999999998
0.161801
0.155204
0.129786
0.08841500000000001
0.039119
8.1e-05
0.0
0.0
0.0
0.0
0.0
0.0
0.0
0.0
0.0
0.0
0.0
0.0
0.0
0.0
0.020245000000000003
0.068819
0.115393
0.14778200000000002
0.16007300000000002
0.15280000000000002
0.12875
0.08734
0.037742
0.0
0.0
0.0
0.0
0.0
0.0
0.0
0.0
0.0
0.0
0.0
0.0
0.0
0.0
0.0
0.019386
0.067467
0.112399
0.143798
0.15810400000000002
0.152495
0.126202
0.08532200000000001
0.035731
0.0
0.0
0.0
0.0
0.0
0.0
0.0
0.0
0.0
0.0
0.0
0.0
0.0
0.0
0.0
0.017719000000000002
0.06564
0.111455
0.14263900000000002
0.338831
0.468632
0.462265
0.266954
0.07636
0.0
0.0
0.0
0.0
0.0
0.0
0.0
0.0
0.0
0.0
0.0
0.0
0.0
0.0
0.0
0.016912
0.0637
0.108691
0.14116399999999998
0.219785
0.260009
0.255894
0.199686
0.08455599999999999
0.001767
0.0
0.0
0.0
0.0
0.0
0.0
0.0
0.0
0.0
0.0
0.0
0.0
0.0
0.0
0.016228000000000003
0.062242
0.107488
0.139702
0.152339
0.14491800000000002
0.120059
0.079102
0.031398
0.0
0.0
0.0
0.0
0.0
0.0
0.0
0.0
0.0
0.0
0.0
0.0
0.0
0.0
0.0
0.014329000000000001
0.05868
0.10183
0.132402
0.14552199999999998
0.137827
0.11464
0.075339
0.029009
0.0
0.0
0.0
0.0
0.0
0.0
0.0
0.0
0.0
0.0
0.0
0.0
0.0
0.0
0.0
0.06031
0.252332
0.415793
0.530203
0.580864
0.558005
0.456515
0.315262
0.124217
0.0016870000000000001
0.0
0.0
0.0
0.0
0.0
0.0
0.0
0.0
0.0
0.0
0.0
0.0
0.0
0.0
0.04951
0.224406
0.389765
0.520536
0.5676829999999999
0.54901
0.455695
0.29747
0.110575
0.0008719999999999999
0.0
0.0
0.0
0.0
0.0
0.0
0.0
0.0
0.0
0.0
0.0
0.0
0.0
0.0
0.042027999999999996
0.226894
0.38811399999999996
0.5074730000000001
0.55247
0.530409
0.441634
0.283623
0.09609999999999999
0.000332
0.0
0.0
0.0
0.0
0.0
0.0
0.0
0.0
0.0
0.0
0.0
0.0
0.0
0.0
0.043462
0.211255
0.387095
0.500147
0.547145
0.513169
0.412966
0.265486
0.082114
0.0
0.0
0.0
0.0
0.0
0.0
0.0
0.0
0.0
0.0
0.0
0.0
0.0
0.0
0.0
0.013627
0.156148
0.36281599999999997
0.49322000000000005
0.5456449999999999
0.5155890000000001
0.41218099999999996
0.273792
0.087629
0.0
0.0
0.0
0.0
0.0
0.0
0.0
0.0
0.0
0.0
0.0
0.0
0.0
0.0
0.0
0.007689
0.048087000000000005
0.091104
0.120974
0.134177
0.12826300000000002
0.102352
0.064055
0.020146999999999998
0.0
0.0
0.0
0.0
0.0
0.0
0.0
0.0
0.0
0.0
0.0
0.0
0.0
0.0
0.0
0.006797
0.047087000000000004
0.088972
0.120052
0.13322499999999998
0.125768
0.101101
0.062884
0.019224
0.0
0.0
0.0
0.0
0.0
0.0
0.0
0.0
0.0
0.0
0.0
0.0
0.0
0.0
0.0
0.005885
0.044987
0.08673
0.117721
0.152444
0.163859
0.151488
0.08258599999999999
0.021476
0.0
0.0
0.0
0.0
0.0
0.0
0.0
0.0
0.0
0.0
0.0
0.0
0.0
0.0
0.0
0.017253
0.176094
0.358748
0.477918
0.52148
0.486457
0.371002
0.24984299999999998
0.07370499999999999
0.0
0.0
0.0
0.0
0.0
0.0
0.0
0.0
0.0
0.0
0.0
0.0
0.0
0.0
0.0
0.021137
0.187192
0.36084
0.477423
0.520215
0.497898
0.408353
0.26496
0.075112
0.0
0.0
0.0
0.0
0.0
0.0
0.0
0.0
0.0
0.0
0.0
0.0
0.0
0.0
0.0
0.006082
0.055561
0.09697700000000001
0.112312
0.124906
0.11948399999999999
0.09418800000000001
0.056593000000000004
0.015893
0.0
0.0
0.0
0.0
0.0
0.0
0.0
0.0
0.0
0.0
0.0
0.0
0.0
0.0
0.0
0.0058200000000000005
0.07783799999999999
0.170639
0.260739
0.253552
0.21979400000000002
0.146563
0.07883799999999999
0.018678
0.0
0.0
0.0
0.0
0.0
0.0
0.0
0.0
0.0
0.0
0.0
0.0
0.0
0.0
0.0
0.002653
0.041301000000000004
0.085687
0.116875
0.131267
0.125908
0.099273
0.059398000000000006
0.015483
0.0
0.0
0.0
0.0
0.0
0.0
0.0
0.0
0.0
0.0
0.0
0.0
0.0
0.0
0.0
0.001814
0.041097999999999996
0.085037
0.117612
0.131899
0.126361
0.099476
0.059203000000000006
0.014807
0.0
0.0
0.0
0.0
0.0
0.0
0.0
0.0
0.0
0.0
0.0
0.0
0.0
0.0
0.0
0.005278
0.141347
0.299019
0.442394
0.529928
0.5108809999999999
0.388224
0.250542
0.058234
0.0
0.0
0.0
0.0
0.0
0.0
0.0
0.0
0.0
0.0
0.0
0.0
0.0
0.0
0.0
0.00029
0.082373
0.22034299999999998
0.372568
0.37905700000000003
0.29618099999999997
0.206548
0.12668000000000001
0.027731000000000002
0.0
0.0
0.0
0.0
0.0
0.0
0.0
0.0
0.0
0.0
0.0
0.0
0.0
0.0
0.0
0.0015509999999999999
0.048769
0.091271
0.10929000000000001
0.14305299999999999
0.15599100000000002
0.155387
0.071635
0.015016999999999999
0.0
0.0
0.0
0.0
0.0
0.0
0.0
0.0
0.0
0.0
0.0
0.0
0.0
0.0
0.0
0.0
0.0349
0.076931
0.10769100000000001
0.122546
0.116553
0.091556
0.052649
0.011993
0.0
0.0
0.0
0.0
0.0
0.0
0.0
0.0
0.0
0.0
0.0
0.0
0.0
0.0
0.0
0.0
0.045107
0.138902
0.242441
0.255496
0.212637
0.135113
0.068966
0.013298
0.0
0.0
0.0
0.0
0.0
0.0
0.0
0.0
0.0
0.0
0.0
0.0
0.0
0.0
0.0
0.0
0.031948
0.07305
0.10327700000000001
0.116898
0.111771
0.088226
0.050695
0.01031
0.0
0.0
0.0
0.0
0.0
0.0
0.0
0.0
0.0
0.0
0.0
0.0
0.0
0.0
0.0
0.0
0.029625
0.07020699999999999
0.100402
0.113803
0.108237
0.085048
0.047908
0.009214
0.0
0.0
0.0
0.0
0.0
0.0
0.0
0.0
0.0
0.0
0.0
0.0
0.0
0.0
0.0
0.0
0.029165
0.068821
0.100084
0.113676
0.10766200000000001
0.08469
0.047367
0.008536
0.0
0.0
0.0
0.0
0.0
0.0
0.0
0.0
0.0
0.0
0.0
0.0
0.0
0.0
0.0
0.0
0.028177
0.068066
0.098341
0.112255
0.106932
0.08397199999999999
0.046513
0.008532999999999999
0.0
0.0
0.0
0.0
0.0
0.0
0.0
0.0
0.0
0.0
0.0
0.0
0.0
0.0
0.0
0.0
0.026428999999999998
0.06711199999999999
0.09651
0.161182
0.195886
0.18449100000000002
0.095155
0.013963
0.0
0.0
0.0
0.0
0.0
0.0
0.0
0.0
0.0
0.0
0.0
0.0
0.0
0.0
0.0
0.002399
0.11808199999999999
0.278505
0.336934
0.33824099999999996
0.273703
0.177331
0.07671800000000001
0.010166999999999999
0.0
0.0
0.0
0.0
0.0
0.0
0.0
0.0
0.0
0.0
0.0
0.0
0.0
0.0
0.0
0.001866
0.116277
0.288351
0.39200599999999997
0.454169
0.442073
0.353096
0.21135900000000002
0.037668
0.0
0.0
0.0
0.0
0.0
0.0
0.0
0.0
0.0
0.0
0.0
0.0
0.0
0.0
0.0
0.0014650000000000002
0.111967
0.282782
0.386175
0.40199900000000005
0.380432
0.279471
0.136654
0.016776
0.0
0.0
0.0
0.0
0.0
0.0
0.0
0.0
0.0
0.0
0.0
0.0
0.0
0.0
0.0
0.0
0.021707
0.05968
0.089474
0.102258
0.097471
0.076628
0.041901
0.005726
0.0
0.0
0.0
0.0
0.0
0.0
0.0
0.0
0.0
0.0
0.0
0.0
0.0
0.0
0.0
0.0
0.067982
0.21309299999999998
0.34706099999999995
0.342308
0.253067
0.12196800000000001
0.06597599999999999
0.009977
0.0
0.0
0.0
0.0
0.0
0.0
0.0
0.0
0.0
0.0
0.0
0.0
0.0
0.0
0.0
0.0
0.021616
0.060322
0.09055200000000001
0.15398699999999999
0.18350999999999998
0.177601
0.12771
0.020243999999999998
0.0
0.0
0.0
0.0
0.0
0.0
0.0
0.0
0.0
0.0
0.0
0.0
0.0
0.0
0.0
0.0
0.020596
0.059090000000000004
0.08855500000000001
0.10377800000000001
0.099078
0.076942
0.049167
0.007878999999999999
0.0
0.0
0.0
0.0
0.0
0.0
0.0
0.0
0.0
0.0
0.0
0.0
0.0
0.0
0.0
0.0
0.018643999999999997
0.056274
0.086071
0.101548
0.097062
0.074715
0.060222000000000005
0.010878
0.0
0.0
0.0
0.0
0.0
0.0
0.0
0.0
0.0
0.0
0.0
0.0
0.0
0.0
0.0
0.0
0.070226
0.15746700000000002
0.206791
0.239481
0.228657
0.167443
0.074406
0.008732
0.0
0.0
0.0
0.0
0.0
0.0
0.0
0.0
0.0
0.0
0.0
0.0
0.0
0.0
0.0
0.0
0.034061999999999995
0.17726599999999998
0.332608
0.410147
0.39118400000000003
0.340492
0.180233
0.017853
0.0
0.0
0.0
0.0
0.0
0.0
0.0
0.0
0.0
0.0
0.0
0.0
0.0
0.0
0.0
0.0
0.112353
0.243679
0.372838
0.413662
0.39811599999999997
0.340845
0.181261
0.017744
0.0
0.0
0.0
0.0
0.0
0.0
0.0
0.0
0.0
0.0
0.0
0.0
0.0
0.0
0.0
0.0
0.076167
0.236568
0.359076
0.40038999999999997
0.384414
0.329296
0.175624
0.016414
0.0
0.0
0.0
0.0
0.0
0.0
0.0
0.0
0.0
0.0
0.0
0.0
0.0
0.0
0.0
0.0
0.07263299999999999
0.23245500000000002
0.35322699999999996
0.37288099999999996
0.36004
0.31135199999999996
0.161213
0.015293
0.0
0.0
0.0
0.0
0.0
0.0
0.0
0.0
0.0
0.0
0.0
0.0
0.0
0.0
0.0
0.0
0.014461
0.050686
0.081402
0.095413
0.091521
0.070787
0.036043
0.0034519999999999998
0.0
0.0
0.0
0.0
0.0
0.0
0.0
0.0
0.0
0.0
0.0
0.0
0.0
0.0
0.0
0.0
0.013684
0.048894
0.079527
0.09391
0.091215
0.06947
0.036406999999999995
0.0028380000000000002
0.0
0.0
0.0
0.0
0.0
0.0
0.0
0.0
0.0
0.0
0.0
0.0
0.0
0.0
0.0
0.0
0.020690999999999998
0.074583
0.1211
0.14312799999999998
0.138133
0.109087
0.055871000000000004
0.006004
0.0
0.0
0.0
0.0
0.0
0.0
0.0
0.0
0.0
0.0
0.0
0.0
0.0
0.0
0.0
0.0
0.012818
0.047674999999999995
0.076925
0.09196
0.089004
0.06873399999999999
0.035126
0.002745
0.0
0.0
0.0
0.0
0.0
0.0
0.0
0.0
0.0
0.0
0.0
0.0
0.0
0.0
0.0
0.0
0.029931
0.177641
0.32062799999999997
0.32118
0.20223
0.06794700000000001
0.035171
0.0027389999999999997
0.0
0.0
0.0
0.0
0.0
0.0
0.0
0.0
0.0
0.0
0.0
0.0
0.0
0.0
0.0
0.0
0.012211999999999999
0.046787
0.07785500000000001
0.110669
0.122626
0.108173
0.064763
0.007507
0.0
0.0
0.0
0.0
0.0
0.0
0.0
0.0
0.0
0.0
0.0
0.0
0.0
0.0
0.0
0.0
0.022876999999999998
0.082089
0.125029
0.301458
0.377827
0.30878500000000003
0.179501
0.016300000000000002
0.0
0.0
0.0
0.0
0.0
0.0
0.0
0.0
0.0
0.0
0.0
0.0
0.0
0.0
0.0
0.0
0.020018
0.063958
0.077261
0.107699
0.12101
0.107738
0.049891
0.0042450000000000005
0.0
0.0
0.0
0.0
0.0
0.0
0.0
0.0
0.0
0.0
0.0
0.0
0.0
0.0
0.0
0.0
0.01071
0.045418
0.076664
0.093346
0.090193
0.069993
0.036192999999999996
0.002933
0.0
0.0
0.0
0.0
0.0
0.0
0.0
0.0
0.0
0.0
0.0
0.0
0.0
0.0
0.0
0.0
0.010614
0.045264000000000006
0.076421
0.09197
0.09013
0.06981699999999999
0.036151
0.002943
0.0
0.0
0.0
0.0
0.0
0.0
0.0
0.0
0.0
0.0
0.0
0.0
0.0
0.0
0.0
0.0
0.009966
0.044577
0.07584
0.259069
0.351094
0.298542
0.16816
0.013895
0.0
0.0
0.0
0.0
0.0
0.0
0.0
0.0
0.0
0.0
0.0
0.0
0.0
0.0
0.0
0.0
0.01446
0.065136
0.111433
0.118504
0.100115
0.066476
0.034718000000000006
0.002718
0.0
0.0
0.0
0.0
0.0
0.0
0.0
0.0
0.0
0.0
0.0
0.0
0.0
0.0
0.0
0.0
0.008441
0.04064
0.070633
0.086563
0.084451
0.06510500000000001
0.034571
0.0033650000000000004
0.0
0.0
0.0
0.0
0.0
0.0
0.0
0.0
0.0
0.0
0.0
0.0
0.0
0.0
0.0
0.0
0.008356
0.040490000000000005
0.070367
0.084959
0.084323
0.065046
0.034395
0.003377
0.0
0.0
0.0
0.0
0.0
0.0
0.0
0.0
0.0
0.0
0.0
0.0
0.0
0.0
0.0
0.0
0.007666
0.040682
0.069755
0.085688
0.084842
0.066265
0.034544
0.003463
0.0
0.0
0.0
0.0
0.0
0.0
0.0
0.0
0.0
0.0
0.0
0.0
0.0
0.0
0.0
0.0
0.0077599999999999995
0.040053
0.06953400000000001
0.084982
0.083194
0.065625
0.034173999999999996
0.003516
0.0
0.0
0.0
0.0
0.0
0.0
0.0
0.0
0.0
0.0
0.0
0.0
0.0
0.0
0.0
0.0
0.010409
0.046905999999999996
0.06931399999999999
0.08518099999999999
0.083637
0.065657
0.035079
0.0035369999999999998
0.0
0.0
0.0
0.0
0.0
0.0
0.0
0.0
0.0
0.0
0.0
0.0
0.0
0.0
0.0
0.0
0.014919
0.069976
0.11017300000000001
0.117245
0.099978
0.067395
0.042061999999999995
0.006341
0.0
0.0
0.0
0.0
0.0
0.0
0.0
0.0
0.0
0.0
0.0
0.0
0.0
0.0
0.0
0.0
0.031495
0.131782
0.110258
0.13601
0.134761
0.105569
0.055786
0.007785
0.0
0.0
0.0
0.0
0.0
0.0
0.0
0.0
0.0
0.0
0.0
0.0
0.0
0.0
0.0
0.0
0.01599
0.094649
0.158339
0.178854
0.162811
0.104035
0.054882
0.007704
0.0
0.0
0.0
0.0
0.0
0.0
0.0
0.0
0.0
0.0
0.0
0.0
0.0
0.0
0.0
0.0
0.012661
0.083093
0.15906700000000001
0.16078299999999998
0.116703
0.06734699999999999
0.036794
0.005115000000000001
0.0
0.0
0.0
0.0
0.0
0.0
0.0
0.0
0.0
0.0
0.0
0.0
0.0
0.0
0.0
0.0
0.011405
0.063014
0.11044
0.147514
0.147566
0.10936499999999999
0.058987000000000005
0.009380000000000001
0.0
0.0
0.0
0.0
0.0
0.0
0.0
0.0
0.0
0.0
0.0
0.0
0.0
0.0
0.0
0.0
0.010927
0.059942
0.107042
0.160787
0.192882
0.157578
0.124142
0.020960999999999997
0.0
0.0
0.0
0.0
0.0
0.0
0.0
0.0
0.0
0.0
0.0
0.0
0.0
0.0
0.0
0.0
0.032473
0.19228399999999998
0.328122
0.38107100000000005
0.377759
0.335853
0.186439
0.028928000000000002
0.0
0.0
0.0
0.0
0.0
0.0
0.0
0.0
0.0
0.0
0.0
0.0
0.0
0.0
0.0
0.0
0.006985
0.040273
0.071117
0.088874
0.08895499999999999
0.070633
0.038862
0.00614
0.0
0.0
0.0
0.0
0.0
0.0
0.0
0.0
