0.0
0.0
0.0
0.0
0.0
0.0
0.0
0.0
0.0
0.01246
0.039462000000000004
0.060543999999999994
0.070221
0.065494
0.048718000000000004
0.023726
0.000957
0.0
0.0
0.0
0.0
0.0
0.0
0.0
0.0
0.0
0.0
0.0
0.0
0.0
0.0
0.0
0.0
0.056713
0.12593000000000001
0.10821299999999999
0.067
0.063552
0.047109000000000005
0.022994
0.000301
0.0
0.0
0.0
0.0
0.0
0.0
0.0
0.0
0.0
0.0
0.0
0.0
0.0
0.0
0.0
0.0
0.029293
0.088355
0.142101
0.16355099999999997
0.155023
0.118735
0.0549
0.0032519999999999997
0.0
0.0
0.0
0.0
0.0
0.0
0.0
0.0
0.0
0.0
0.0
0.0
0.0
0.0
0.0
0.0
0.074203
0.186356
0.20408600000000002
0.168245
0.163012
0.125363
0.057393
0.007626
0.0
0.0
0.0
0.0
0.0
0.0
0.0
0.0
0.0
0.0
0.0
0.0
0.0
0.0
0.0
0.0
0.054508
0.138722
0.17610599999999998
0.172793
0.12295600000000001
0.07259499999999999
0.025308
0.000404
0.0
0.0
0.0
0.0
0.0
0.0
0.0
0.0
0.0
0.0
0.0
0.0
0.0
0.0
0.0
0.0
0.030451
0.088546
0.146668
0.168251
0.226963
0.234227
0.166355
0.014414999999999999
0.0
0.0
0.0
0.0
0.0
0.0
0.0
0.0
0.0
0.0
0.0
0.0
0.0
0.0
0.0
0.0
0.060933999999999995
0.12164900000000001
0.113761
0.07230800000000001
0.06840099999999999
0.052972
0.026947
0.000983
0.0
0.0
0.0
0.0
0.0
0.0
0.0
0.0
0.0
0.0
0.0
0.0
0.0
0.0
0.0
0.0
0.012955
0.040428
0.062218
0.071722
0.068217
0.052573
0.027632999999999998
0.0017649999999999999
0.0
0.0
0.0
0.0
0.0
0.0
0.0
0.0
0.0
0.0
0.0
0.0
0.0
0.0
0.0
0.0
0.013670999999999999
0.057277
0.113058
0.17438399999999998
0.124393
0.073234
0.027116
0.0019010000000000001
0.0
0.0
0.0
0.0
0.0
0.0
0.0
0.0
0.0
0.0
0.0
0.0
0.0
0.0
0.0
0.0
0.013654999999999999
0.041
0.062411
0.071929
0.097151
0.099059
0.065343
0.006582
0.0
0.0
0.0
0.0
0.0
0.0
0.0
0.0
0.0
0.0
0.0
0.0
0.0
0.0
0.0
0.0
0.013311
0.04025
0.06136
0.070491
0.209845
0.26855599999999996
0.205816
0.034409
0.0
0.0
0.0
0.0
0.0
0.0
0.0
0.0
0.0
0.0
0.0
0.0
0.0
0.0
0.0
0.0
0.033088
0.152083
0.28589299999999995
0.380002
0.402403
0.338534
0.225745
0.032554
0.0
0.0
0.0
0.0
0.0
0.0
0.0
0.0
0.0
0.0
0.0
0.0
0.0
0.0
0.0
0.0
0.014164
0.058353
0.115164
0.176841
0.16573400000000002
0.132506
0.06878100000000001
0.010401
0.0
0.0
0.0
0.0
0.0
0.0
0.0
0.0
0.0
0.0
0.0
0.0
0.0
0.0
0.0
0.0
0.013974
0.040562
0.062555
0.072622
0.096946
0.09968
0.070157
0.018319
0.0
0.0
0.0
0.0
0.0
0.0
0.0
0.0
0.0
0.0
0.0
0.0
0.0
0.0
0.0
0.000424
0.08649599999999999
0.275077
0.342976
0.362673
0.3326
0.261019
0.132721
0.017661000000000003
0.0
0.0
0.0
0.0
0.0
0.0
0.0
0.0
0.0
0.0
0.0
0.0
0.0
0.0
0.0
0.0
0.036702
0.098387
0.161878
0.186734
0.181919
0.146519
0.076949
0.023954
0.0
0.0
0.0
0.0
0.0
0.0
0.0
0.0
0.0
0.0
0.0
0.0
0.0
0.0
0.0
0.0
0.038376
0.21171299999999998
0.368256
0.465262
0.439307
0.31362900000000005
0.139125
0.022154
0.0
0.0
0.0
0.0
0.0
0.0
0.0
0.0
0.0
0.0
0.0
0.0
0.0
0.0
0.0
0.0
0.039551
0.083755
0.095312
0.07864499999999999
0.075811
0.060393
0.034634
0.007117
0.0
0.0
0.0
0.0
0.0
0.0
0.0
0.0
0.0
0.0
0.0
0.0
0.0
0.0
0.0
0.0
0.016427
0.045200000000000004
0.067217
0.07708
0.07389100000000001
0.059438000000000005
0.034335
0.010391
0.0
0.0
0.0
0.0
0.0
0.0
0.0
0.0
0.0
0.0
0.0
0.0
0.0
0.0
0.0
0.0
0.090958
0.230553
0.36488600000000004
0.445239
0.416489
0.348939
0.237748
0.073745
0.0
0.0
0.0
0.0
0.0
0.0
0.0
0.0
0.0
0.0
0.0
0.0
0.0
0.0
0.0
0.0
0.017872
0.067172
0.130883
0.196702
0.187317
0.153626
0.085968
0.021603999999999998
0.0
0.0
0.0
0.0
0.0
0.0
0.0
0.0
0.0
0.0
0.0
0.0
0.0
0.0
0.0
0.001317
0.125806
0.315067
0.42308300000000004
0.467397
0.376821
0.238477
0.094514
0.017542000000000002
0.0
0.0
0.0
0.0
0.0
0.0
0.0
0.0
0.0
0.0
0.0
0.0
0.0
0.0
0.0
0.0
0.018241
0.047943
0.070056
0.080872
0.079079
0.063202
0.037592
0.014445
0.0
0.0
0.0
0.0
0.0
0.0
0.0
0.0
0.0
0.0
0.0
0.0
0.0
0.0
0.0
0.00237
0.101535
0.30051799999999995
0.39666500000000005
0.483965
0.490949
0.41766699999999995
0.28968099999999997
0.091261
0.0
0.0
0.0
0.0
0.0
0.0
0.0
0.0
0.0
0.0
0.0
0.0
0.0
0.0
0.0
0.0024860000000000004
0.106605
0.29427499999999995
0.33198200000000005
0.301853
0.31037400000000004
0.260226
0.163251
0.053457
0.0
0.0
0.0
0.0
0.0
0.0
0.0
0.0
0.0
0.0
0.0
0.0
0.0
0.0
0.0
0.001966
0.11881900000000001
0.181428
0.225663
0.203063
0.20135499999999998
0.16846
0.098036
0.030042000000000003
0.0
0.0
0.0
0.0
0.0
0.0
0.0
0.0
0.0
0.0
0.0
0.0
0.0
0.0
0.0
0.003159
0.104282
0.183758
0.229436
0.207429
0.209173
0.172244
0.100687
0.038837
0.0
0.0
0.0
0.0
0.0
0.0
0.0
0.0
0.0
0.0
0.0
0.0
0.0
0.0
0.0
0.0
0.058456
0.18149
0.321218
0.406189
0.35044099999999995
0.235946
0.10165600000000001
0.03251
0.0
0.0
0.0
0.0
0.0
0.0
0.0
0.0
0.0
0.0
0.0
0.0
0.0
0.0
0.0
0.0
0.022687000000000002
0.053778
0.07780500000000001
0.089812
0.087882
0.072728
0.046078
0.015366
0.0
0.0
0.0
0.0
0.0
0.0
0.0
0.0
0.0
0.0
0.0
0.0
0.0
0.0
0.0
0.0
0.024411000000000002
0.055942
0.080139
0.09219799999999999
0.126775
0.13383799999999998
0.105286
0.085551
0.000571
0.0
0.0
0.0
0.0
0.0
0.0
0.0
0.0
0.0
0.0
0.0
0.0
0.0
0.0
0.0
0.025389
0.079623
0.156251
0.214557
0.161303
0.105646
0.048699
0.016978
0.0
0.0
0.0
0.0
0.0
0.0
0.0
0.0
0.0
0.0
0.0
0.0
0.0
0.0
0.0
0.005925
0.12257599999999999
0.256503
0.369759
0.43473
0.381335
0.258837
0.12317
0.034171999999999994
0.0
0.0
0.0
0.0
0.0
0.0
0.0
0.0
0.0
0.0
0.0
0.0
0.0
0.0
0.0
0.0
0.026781
0.05901
0.082789
0.095437
0.093704
0.078331
0.050843000000000006
0.019211
0.0
0.0
0.0
0.0
0.0
0.0
0.0
0.0
0.0
0.0
0.0
0.0
0.0
0.0
0.0
0.0
0.027426
0.059489
0.08384
0.09561
0.093829
0.07854900000000001
0.052237
0.044522
0.0
0.0
0.0
0.0
0.0
0.0
0.0
0.0
0.0
0.0
0.0
0.0
0.0
0.0
0.0
0.0
0.028178
0.060088
0.084032
0.09503700000000001
0.093473
0.078501
0.052590000000000005
0.020504
0.0
0.0
0.0
0.0
0.0
0.0
0.0
0.0
0.0
0.0
0.0
0.0
0.0
0.0
0.0
0.0
0.028647
0.061446
0.08595699999999999
0.097743
0.096055
0.08088
0.054671
0.021433
0.0
0.0
0.0
0.0
0.0
0.0
0.0
0.0
0.0
0.0
0.0
0.0
0.0
0.0
0.0
0.0
0.029679999999999998
0.150068
0.199473
0.22834700000000002
0.223036
0.189488
0.135774
0.05076
0.000317
0.0
0.0
0.0
0.0
0.0
0.0
0.0
0.0
0.0
0.0
0.0
0.0
0.0
0.0
0.004863
0.076653
0.153644
0.206763
0.233526
0.234892
0.43464800000000003
0.276829
0.147549
0.004511
0.0
0.0
0.0
0.0
0.0
0.0
0.0
0.0
0.0
0.0
0.0
0.0
0.0
0.0
0.0063479999999999995
0.094858
0.067664
0.092349
0.105409
0.103644
0.088112
0.060427
0.025422
0.0
0.0
0.0
0.0
0.0
0.0
0.0
0.0
0.0
0.0
0.0
0.0
0.0
0.0
0.0
0.002155
0.033525
0.06788899999999999
0.092749
0.10553799999999999
0.124234
0.125154
0.09721500000000001
0.048524
0.0014290000000000001
0.0
0.0
0.0
0.0
0.0
0.0
0.0
0.0
0.0
0.0
0.0
0.0
0.0
0.0
0.025564
0.19667300000000001
0.35551299999999997
0.410231
0.370684
0.24224299999999999
0.21245
0.146626
0.061458
0.001982
0.0
0.0
0.0
0.0
0.0
0.0
0.0
0.0
0.0
0.0
0.0
0.0
0.0
0.0
0.02857
0.208927
0.416272
0.553999
0.573627
0.5824349999999999
0.518738
0.385317
0.183228
0.008228999999999998
0.0
0.0
0.0
0.0
0.0
0.0
0.0
0.0
0.0
0.0
0.0
0.0
0.0
0.0
0.036211
0.243524
0.431334
0.570164
0.632135
0.624362
0.550095
0.40918400000000005
0.197017
0.01065
0.0
0.0
0.0
0.0
0.0
0.0
0.0
0.0
0.0
0.0
0.0
0.0
0.0
0.0
0.040508
0.237253
0.42394
0.48572000000000004
0.48918900000000004
0.550929
0.523875
0.40055599999999997
0.200609
0.013484
0.0
0.0
0.0
0.0
0.0
0.0
0.0
0.0
0.0
0.0
0.0
0.0
0.0
0.0
0.04371800000000001
0.244596
0.42327
0.23523
0.261072
0.255043
0.220119
0.159213
0.03179
0.004971
0.0
0.0
0.0
0.0
0.0
0.0
0.0
0.0
0.0
0.0
0.0
0.0
0.0
0.0
0.010378
0.07028100000000001
0.144912
0.22847399999999998
0.115025
0.113262
0.097881
0.06958400000000001
0.032776000000000007
0.001299
0.0
0.0
0.0
0.0
0.0
0.0
0.0
0.0
0.0
0.0
0.0
0.0
0.0
0.0
0.007381
0.042034999999999996
0.07708799999999999
0.102396
0.11481699999999999
0.112508
0.096363
0.069201
0.03389
0.001484
0.0
0.0
0.0
0.0
0.0
0.0
0.0
0.0
0.0
0.0
0.0
0.0
0.0
0.0
0.008144
0.0425
0.076971
0.143706
0.20092400000000002
0.252936
0.219974
0.159902
0.075753
0.007637
0.0
0.0
0.0
0.0
0.0
0.0
0.0
0.0
0.0
0.0
0.0
0.0
0.0
0.0
0.008859
0.043084000000000004
0.10745
0.19059600000000002
0.25749900000000003
0.249751
0.183841
0.118131
0.051325
0.003689
0.0
0.0
0.0
0.0
0.0
0.0
0.0
0.0
0.0
0.0
0.0
0.0
0.0
0.0
0.009523
0.044094
0.07808799999999999
0.102685
0.114694
0.113123
0.09834999999999999
0.07111400000000001
0.035531
0.0031230000000000003
0.0
0.0
0.0
0.0
0.0
0.0
0.0
0.0
0.0
0.0
0.0
0.0
0.0
0.0
0.010198
0.044705
0.07866500000000001
0.103157
0.115553
0.113645
0.156909
0.16444499999999998
0.078477
0.01069
0.0
0.0
0.0
0.0
0.0
0.0
0.0
0.0
0.0
0.0
0.0
0.0
0.0
0.0
0.011049
0.046534
0.08151900000000001
0.106279
0.11833199999999999
0.116804
0.101415
0.07370399999999999
0.037833
0.00466
0.0
0.0
0.0
0.0
0.0
0.0
0.0
0.0
0.0
0.0
0.0
0.0
0.0
0.0
0.027536
0.105044
0.19348500000000002
0.340507
0.466141
0.52926
0.528926
0.178284
0.088437
0.014575
0.0
0.0
0.0
0.0
0.0
0.0
0.0
0.0
0.0
0.0
0.0
0.0
0.0
0.0
0.082432
0.28330299999999997
0.467103
0.597866
0.655416
0.649006
0.57792
0.441942
0.23983000000000002
0.042415999999999995
0.0
0.0
0.0
0.0
0.0
0.0
0.0
0.0
0.0
0.0
0.0
0.0
0.0
0.0
0.01466
0.052065
0.087585
0.113515
0.125837
0.124061
0.107989
0.079325
0.042198
0.007295
0.0
0.0
0.0
0.0
0.0
0.0
0.0
0.0
0.0
0.0
0.0
0.0
0.0
0.0
0.079849
0.276686
0.451049
0.5829880000000001
0.63554
0.632534
0.5660599999999999
0.437604
0.24434299999999998
0.048905000000000004
0.0
0.0
0.0
0.0
0.0
0.0
0.0
0.0
0.0
0.0
0.0
0.0
0.0
0.0
0.016448
0.055723999999999996
0.09105200000000001
0.116812
0.12906299999999998
0.314676
0.402308
0.377224
0.23533400000000002
0.052185
0.0
0.0
0.0
0.0
0.0
0.0
0.0
0.0
0.0
0.0
0.0
0.0
0.0
0.0
0.038198
0.117675
0.199353
0.251152
0.27749
0.213743
0.14899700000000002
0.08011700000000001
0.044363
0.009191000000000001
0.0
0.0
0.0
0.0
0.0
0.0
0.0
0.0
0.0
0.0
0.0
0.0
0.0
0.0
0.040083
0.119738
0.201851
0.555013
0.626169
0.615971
0.5685180000000001
0.438846
0.248149
0.056893
0.0
0.0
0.0
0.0
0.0
0.0
0.0
0.0
0.0
0.0
0.0
0.0
0.0
0.0
0.033136000000000006
0.108936
0.18078899999999998
0.247277
0.27451
0.27033999999999997
0.221838
0.165158
0.170702
0.042027
0.0
0.0
0.0
0.0
0.0
0.0
0.0
0.0
0.0
0.0
0.0
0.0
0.0
0.0
0.036006
0.11190800000000001
0.18147300000000002
0.249726
0.27773899999999996
0.272036
0.23762899999999998
0.176489
0.13702699999999998
0.035275
0.0
0.0
0.0
0.0
0.0
0.0
0.0
0.0
0.0
0.0
0.0
0.0
0.0
0.000402
0.097532
0.27663099999999996
0.439104
0.574178
0.629119
0.619443
0.537811
0.381393
0.218522
0.04862
0.0
0.0
0.0
0.0
0.0
0.0
0.0
0.0
0.0
0.0
0.0
0.0
0.0
0.000933
0.09569799999999999
0.258386
0.390639
0.461612
0.5164650000000001
0.515342
0.434238
0.330969
0.174509
0.039909999999999994
0.0
0.0
0.0
0.0
0.0
0.0
0.0
0.0
0.0
0.0
0.0
0.0
0.0
0.001371
0.10495099999999999
0.283702
0.469226
0.5989410000000001
0.65727
0.6432329999999999
0.564987
0.42179099999999997
0.240461
0.054421
0.0
0.0
0.0
0.0
0.0
0.0
0.0
0.0
0.0
0.0
0.0
0.0
0.0
0.0
0.021318
0.060133000000000006
0.096145
0.121931
0.13412200000000002
0.179018
0.19315100000000002
0.173655
0.098119
0.025800999999999998
0.0
0.0
0.0
0.0
0.0
0.0
0.0
0.0
0.0
0.0
0.0
0.0
0.0
0.0
0.021652
0.059552
0.131045
0.211499
0.28895800000000005
0.487193
0.524993
0.41537799999999997
0.246801
0.061307
0.0
0.0
0.0
0.0
0.0
0.0
0.0
0.0
0.0
0.0
0.0
0.0
0.0
0.002963
0.121095
0.307871
0.4791
0.596084
0.646126
0.617981
0.5503490000000001
0.41689299999999996
0.244105
0.06394
0.0
0.0
0.0
0.0
0.0
0.0
0.0
0.0
0.0
0.0
0.0
0.0
0.0
0.004070000000000001
0.126146
0.31561500000000003
0.48479700000000003
0.5940570000000001
0.640839
0.613403
0.504529
0.338447
0.169297
0.036856
0.0
0.0
0.0
0.0
0.0
0.0
0.0
0.0
0.0
0.0
0.0
0.0
0.0
0.004479
0.124955
0.315347
0.47002
0.572659
0.624374
0.627869
0.5516190000000001
0.423662
0.249945
0.068665
0.0
0.0
0.0
0.0
0.0
0.0
0.0
0.0
0.0
0.0
0.0
0.0
0.0
0.0060490000000000006
0.13782499999999998
0.325758
0.491721
0.606039
0.6544880000000001
0.645148
0.578152
0.446183
0.264767
0.07381399999999999
0.0
0.0
0.0
0.0
0.0
0.0
0.0
0.0
0.0
0.0
0.0
0.0
0.0
0.005144999999999999
0.12420099999999999
0.332067
0.48443
0.5300130000000001
0.437613
0.44109699999999996
0.357294
0.28201600000000004
0.219225
0.07293999999999999
0.0
0.0
0.0
0.0
0.0
0.0
0.0
0.0
0.0
0.0
0.0
0.0
0.0
0.0
0.029327000000000002
0.06928100000000001
0.262442
0.472068
0.6071449999999999
0.524729
0.373108
0.19416399999999998
0.109119
0.034489
0.0
0.0
0.0
0.0
0.0
0.0
0.0
0.0
0.0
0.0
0.0
0.0
0.0
0.002835
0.041311
0.069328
0.231784
0.40569
0.5366449999999999
0.5670499999999999
0.518806
0.397279
0.205253
0.042273000000000005
0.0
0.0
0.0
0.0
0.0
0.0
0.0
0.0
0.0
0.0
0.0
0.0
0.0
0.000425
0.030977
0.07136400000000001
0.107058
0.131458
0.142686
0.141131
0.123762
0.09409999999999999
0.056454
0.018158999999999998
0.0
0.0
0.0
0.0
0.0
0.0
0.0
0.0
0.0
0.0
0.0
0.0
0.0
0.0032730000000000003
0.057864
0.15845900000000002
0.314556
0.464809
0.5729310000000001
0.586066
0.543827
0.414294
0.23901499999999998
0.068191
0.0
0.0
0.0
0.0
0.0
0.0
0.0
0.0
0.0
0.0
0.0
0.0
0.0
0.012721999999999999
0.125118
0.292225
0.443081
0.548621
0.6208899999999999
0.5429489999999999
0.36801799999999996
0.197157
0.099843
0.027603000000000003
0.0
0.0
0.0
0.0
0.0
0.0
0.0
0.0
0.0
0.0
0.0
0.0
0.0
0.002666
0.034472
0.07423600000000001
0.108418
0.133302
0.144704
0.142024
0.124791
0.09578
0.058412
0.020058
0.0
0.0
0.0
0.0
0.0
0.0
0.0
0.0
0.0
0.0
0.0
0.0
0.0
0.010509000000000001
0.074244
0.154488
0.225525
0.292653
0.317979
0.307191
0.27202699999999996
0.19938999999999998
0.10259399999999999
0.029183
0.0
0.0
0.0
0.0
0.0
0.0
0.0
0.0
0.0
0.0
0.0
0.0
0.0
0.013743
0.102747
0.23986600000000002
0.30186399999999997
0.342509
0.313169
0.306784
0.274086
0.199923
0.12291500000000001
0.045765
0.0
0.0
0.0
0.0
0.0
0.0
0.0
0.0
0.0
0.0
0.0
0.0
0.0
0.007829
0.067434
0.170079
0.195938
0.190903
0.150927
0.202095
0.22298099999999998
0.203941
0.127856
0.047988
0.0
0.0
0.0
0.0
0.0
0.0
0.0
0.0
0.0
0.0
0.0
0.0
0.0
0.020085000000000002
0.097653
0.17599700000000001
0.293439
0.399668
0.470197
0.421448
0.329018
0.20993199999999998
0.132658
0.05068
0.000277
0.0
0.0
0.0
0.0
0.0
0.0
0.0
0.0
0.0
0.0
0.0
0.0
0.006619
0.042394
0.083318
0.119068
0.144215
0.155863
0.15260300000000002
0.134381
0.10412099999999999
0.064866
0.024391
0.0
0.0
0.0
0.0
0.0
0.0
0.0
0.0
0.0
0.0
0.0
0.0
0.0
0.007292
0.042817
0.084892
0.11959
0.144894
0.156387
0.153698
0.13512200000000002
0.10476099999999999
0.08956
0.043975
0.000705
0.0
0.0
0.0
0.0
0.0
0.0
0.0
0.0
0.0
0.0
0.0
0.0
0.012906
0.079719
0.189405
0.30436
0.403541
0.469508
0.556106
0.544055
0.445729
0.269201
0.09169799999999999
0.003229
0.0
0.0
0.0
0.0
0.0
0.0
0.0
0.0
0.0
0.0
0.0
0.0
0.033529
0.165025
0.33942500000000003
0.41731999999999997
0.40790699999999996
0.34406200000000003
0.430064
0.45902499999999996
0.410059
0.242755
0.088813
0.0043159999999999995
0.0
0.0
0.0
0.0
0.0
0.0
0.0
0.0
0.0
0.0
0.0
0.0
0.033834
0.099996
0.092283
0.128809
0.154579
0.165483
0.16164099999999998
0.142013
0.111765
0.07057
0.028221
0.0
0.0
0.0
0.0
0.0
0.0
0.0
0.0
0.0
0.0
0.0
0.0
0.0
0.032714
0.11501399999999999
0.192321
0.215035
0.207617
0.165379
0.161311
0.142756
0.111955
0.20084200000000002
0.106812
0.008631
0.0
0.0
0.0
0.0
0.0
0.0
0.0
0.0
0.0
0.0
0.0
0.0
0.05112
0.163815
0.20088399999999998
0.315919
0.412392
0.497398
0.428977
0.344052
0.226689
0.193749
0.094604
0.008239000000000002
0.0
0.0
0.0
0.0
0.0
0.0
0.0
0.0
0.0
0.0
0.0
0.0
0.024929
0.073389
0.096466
0.132571
0.15819
0.168002
0.16337200000000002
0.14346
0.112688
0.07205
0.029928999999999997
0.000364
0.0
0.0
0.0
0.0
0.0
0.0
0.0
0.0
0.0
0.0
0.0
0.0
0.030655
0.107807
0.192071
0.221858
0.212587
0.16592500000000002
0.162018
0.14352299999999998
0.112964
0.10032899999999999
0.05364
0.005175
0.0
0.0
0.0
0.0
0.0
0.0
0.0
0.0
0.0
0.0
0.0
0.0
0.015549
0.055265
0.09872700000000001
0.227825
0.39005599999999996
0.499667
0.500235
0.440317
0.334345
0.174528
0.054426
0.00133
0.0
0.0
0.0
0.0
0.0
0.0
0.0
0.0
0.0
0.0
0.0
0.0
0.048549999999999996
0.162796
0.29237
0.403845
0.48342599999999997
0.515415
0.44569
0.34841300000000003
0.227516
0.126404
0.044622999999999996
0.002027
0.0
0.0
0.0
0.0
0.0
0.0
0.0
0.0
0.0
0.0
0.0
0.0
0.016984000000000003
0.057217
0.099866
0.134644
0.160296
0.170472
0.16531700000000002
0.147523
0.115147
0.075036
0.032585
0.002053
0.0
0.0
0.0
0.0
0.0
0.0
0.0
0.0
0.0
0.0
0.0
0.0
0.018375
0.057271999999999997
0.099996
0.135441
0.160405
0.170673
0.166759
0.14790799999999998
0.116675
0.076394
0.033241
0.002727
0.0
0.0
0.0
0.0
0.0
0.0
0.0
0.0
0.0
0.0
0.0
0.0
0.019309999999999997
0.060393
0.103487
0.189335
0.276119
0.362761
0.48412299999999997
0.5368930000000001
0.470211
0.31740199999999996
0.13811500000000002
0.020252
0.0
0.0
0.0
0.0
0.0
0.0
0.0
0.0
0.0
0.0
0.0
0.001935
0.08283499999999999
0.250164
0.403006
0.550417
0.6704840000000001
0.726204
0.6748999999999999
0.558102
0.41293
0.24357499999999999
0.089783
0.009937
0.0
0.0
0.0
0.0
0.0
0.0
0.0
0.0
0.0
0.0
0.0
0.002427
0.084527
0.229295
0.302046
0.412333
0.474476
0.500896
0.477175
0.42409600000000003
0.328853
0.219772
0.098542
0.01566
0.0
0.0
0.0
0.0
0.0
0.0
0.0
0.0
0.0
0.0
0.0
0.001284
0.068356
0.20980500000000002
0.370318
0.479086
0.523021
0.518765
0.6233099999999999
0.6031219999999999
0.505319
0.326199
0.143274
0.024236999999999998
0.0
0.0
0.0
0.0
0.0
0.0
0.0
0.0
0.0
0.0
0.0
0.004211
0.095024
0.26957
0.459004
0.6097250000000001
0.7166480000000001
0.762956
0.7409840000000001
0.6648390000000001
0.5200370000000001
0.333283
0.147592
0.025914000000000003
0.0
0.0
0.0
0.0
0.0
0.0
0.0
0.0
0.0
0.0
0.0
0.005202
0.096588
0.27132999999999996
0.449255
0.567686
0.5838909999999999
0.5315650000000001
0.5720299999999999
0.556959
0.477333
0.324224
0.148149
0.027194
0.0
0.0
0.0
0.0
0.0
0.0
0.0
0.0
0.0
0.0
0.0
0.006575
0.098527
0.264441
0.428662
0.540636
0.554917
0.509583
0.508594
0.44981400000000005
0.354663
0.23413499999999998
0.107181
0.020727
0.0
0.0
0.0
0.0
0.0
0.0
0.0
0.0
0.0
0.0
0.0
0.007907
0.10172199999999999
0.273918
0.45621100000000003
0.5794009999999999
0.701303
0.745728
0.721157
0.651528
0.521402
0.342903
0.15334899999999999
0.030626999999999998
0.0
0.0
0.0
0.0
0.0
0.0
0.0
0.0
0.0
0.0
0.0
0.008397
0.104199
0.283037
0.470209
0.610742
0.7068099999999999
0.704033
0.628769
0.518146
0.349452
0.218476
0.09317600000000001
0.016055
0.0
0.0
0.0
0.0
0.0
0.0
0.0
0.0
0.0
0.0
0.0
0.011708
0.110749
0.28559199999999996
0.460813
0.566725
0.5314800000000001
0.375222
0.360068
0.322503
0.243738
0.166168
0.081665
0.016544
0.0
0.0
0.0
0.0
0.0
0.0
0.0
0.0
0.0
0.0
0.0
0.005395
0.060815
0.144716
0.229303
0.313858
0.36380399999999996
0.37967700000000004
0.366102
0.328505
0.249979
0.170313
0.08625400000000001
0.018829000000000002
0.0
0.0
0.0
0.0
0.0
0.0
0.0
0.0
0.0
0.0
0.0
0.012877000000000001
0.102009
0.252697
0.414381
0.555532
0.667468
0.7341219999999999
0.7334729999999999
0.6652319999999999
0.526889
0.345207
0.16126400000000002
0.035787
0.0
0.0
0.0
0.0
0.0
0.0
0.0
0.0
0.0
0.0
0.0
0.016087
0.10495399999999999
0.216189
0.23362799999999997
0.39631299999999997
0.554078
0.6409819999999999
0.55079
0.41315199999999996
0.254006
0.14955000000000002
0.060087
0.008868000000000001
0.0
0.0
0.0
0.0
0.0
0.0
0.0
0.0
0.0
0.0
0.0
0.002827
0.032874
0.076159
0.11823
0.152832
0.175512
0.181988
0.176589
0.157683
0.126693
0.11790600000000001
0.074467
0.020543
0.0
0.0
0.0
0.0
0.0
0.0
0.0
0.0
0.0
0.0
0.0
0.009073000000000001
0.066596
0.14854
0.22807
0.30729399999999996
0.352909
0.36994299999999997
0.35899200000000003
0.323188
0.249382
0.201136
0.11078700000000001
0.03012
0.0
0.0
0.0
0.0
0.0
0.0
0.0
0.0
0.0
0.0
0.0
0.01073
0.100488
0.28053500000000003
0.482253
0.631066
0.729653
0.777528
0.7560549999999999
0.673354
0.5425019999999999
0.36141500000000004
0.176254
0.042796999999999995
0.0
0.0
0.0
0.0
0.0
0.0
0.0
0.0
0.0
0.0
0.0
0.024297999999999997
0.126476
0.25408600000000003
0.339578
0.511188
0.6530929999999999
0.7155969999999999
0.712286
0.6307569999999999
0.522418
0.355908
0.171898
0.042381
0.0
0.0
0.0
0.0
0.0
0.0
0.0
0.0
0.0
0.0
0.0
0.023969999999999998
0.11961
0.245495
0.340594
0.394072
0.418248
0.37363
0.360776
0.32614499999999996
0.261443
0.17562899999999998
0.091519
0.024087
0.0
0.0
0.0
0.0
0.0
0.0
0.0
0.0
0.0
0.0
0.0
0.013788
0.064067
0.109193
0.122866
0.211643
0.297242
0.38325400000000004
0.369082
0.33052699999999996
0.253994
0.176764
0.093913
0.025774000000000002
0.0
0.0
0.0
0.0
0.0
0.0
0.0
0.0
0.0
0.0
0.0
0.025864
0.13081299999999998
0.30844299999999997
0.493369
0.6369009999999999
0.726785
0.7555940000000001
0.726985
0.645365
0.525046
0.347922
0.17152199999999998
0.045403
0.0
0.0
0.0
0.0
0.0
0.0
0.0
0.0
0.0
0.0
0.0
0.03129
0.141018
0.302911
0.417406
0.529867
0.605549
0.638248
0.5786720000000001
0.488734
0.355743
0.24871600000000002
0.12807
0.036747999999999996
0.0
0.0
0.0
0.0
0.0
0.0
0.0
0.0
0.0
0.0
0.0
0.03129
0.131626
0.280649
0.41190699999999997
0.527779
0.5897129999999999
0.617318
0.6406499999999999
0.591954
0.487748
0.30269799999999997
0.12926300000000002
0.027225000000000003
0.0
0.0
0.0
0.0
0.0
0.0
0.0
0.0
0.0
0.0
0.0
0.018029
0.081193
0.163946
0.243949
0.32108499999999995
0.36914600000000003
0.384161
0.483688
0.507212
0.45313
0.28071199999999996
0.12626600000000002
0.029691
0.0
0.0
0.0
0.0
0.0
0.0
0.0
0.0
0.0
0.0
0.0
0.008055999999999999
0.042387
0.08494199999999999
0.12584900000000002
0.159105
0.18040899999999999
0.188575
0.250301
0.27812400000000004
0.265675
0.21769
0.12813
0.042858
0.0
0.0
0.0
0.0
0.0
0.0
0.0
0.0
0.0
0.0
0.0
0.021078
0.117339
0.28757900000000003
0.48882600000000004
0.563732
0.529669
0.39498099999999997
0.443741
0.43971699999999997
0.39190800000000003
0.24555000000000002
0.118726
0.032659999999999995
0.0
0.0
0.0
0.0
0.0
0.0
0.0
0.0
0.0
0.0
0.0
0.039968000000000004
0.16065700000000002
0.327453
0.436856
0.57437
0.664832
0.7164790000000001
0.519931
0.167222
0.502235
0.35369
0.189082
0.057211
0.000652
0.0
0.0
0.0
0.0
0.0
0.0
0.0
0.0
0.0
0.0
0.043154000000000005
0.172568
0.356617
0.5157240000000001
0.648728
0.728432
0.741015
0.732398
0.671509
0.550432
0.400846
0.21305600000000002
0.063694
0.0010429999999999999
0.0
0.0
0.0
0.0
0.0
0.0
0.0
0.0
0.0
0.0
0.039075000000000006
0.167486
0.309309
0.370825
0.486952
0.566824
0.6036520000000001
0.61185
0.566286
0.47818299999999997
0.322072
0.16552699999999998
0.05188
0.000992
0.0
0.0
0.0
0.0
0.0
0.0
0.0
0.0
0.0
0.0
0.043033
0.14301
0.23294700000000002
0.26370800000000005
0.32615
0.363316
0.376419
0.367239
0.33242700000000003
0.27346699999999996
0.223869
0.141495
0.052691
0.000914
0.0
0.0
0.0
0.0
0.0
0.0
0.0
0.0
0.0
0.0
0.047405
0.18039
0.360545
0.513887
0.62515
0.688717
0.721029
0.654898
0.552721
0.38209899999999997
0.274147
0.155
0.054015
0.000887
0.0
0.0
0.0
0.0
0.0
0.0
0.0
0.0
0.0
0.0
0.049
0.181405
0.363964
0.527861
0.650832
0.72438
0.738623
0.7011130000000001
0.6524500000000001
0.551749
0.394466
0.215611
0.06765399999999999
0.0022919999999999998
0.0
0.0
0.0
0.0
0.0
0.0
0.0
0.0
0.0
0.0
0.051058
0.184869
0.356845
0.516111
0.6287670000000001
0.694514
0.74663
0.7166
0.649295
0.538569
0.386932
0.200886
0.061277
0.00182
0.0
0.0
0.0
0.0
0.0
0.0
0.0
0.0
0.0
0.0
0.051087
0.179376
0.356707
0.515034
0.616557
0.678498
0.702705
0.704727
0.637861
0.5218200000000001
0.392179
0.218512
0.068861
0.00283
0.0
0.0
0.0
0.0
0.0
0.0
0.0
0.0
0.0
0.00068
0.052111
0.186742
0.349675
0.449501
0.5148440000000001
0.5296150000000001
0.475477
0.381712
0.25659899999999997
0.14083199999999998
0.22073500000000001
0.17408099999999999
0.067522
0.003232
0.0
0.0
0.0
0.0
0.0
0.0
0.0
0.0
0.0
0.0006580000000000001
0.055606
0.18815600000000002
0.36396100000000003
0.508045
0.6274489999999999
0.7112670000000001
0.727757
0.720058
0.651179
0.5391509999999999
0.400752
0.22834100000000002
0.076851
0.003981
0.0
0.0
0.0
0.0
0.0
0.0
0.0
0.0
0.0
0.0
0.037243000000000005
0.138347
0.296882
0.468251
0.63121
0.736247
0.788606
0.754931
0.643792
0.484015
0.32088900000000004
0.15742599999999998
0.049103
0.001227
0.0
0.0
0.0
0.0
0.0
0.0
0.0
0.0
0.0
0.0
0.038662
0.140379
0.29828
0.46902
0.515244
0.497316
0.40214
0.38841000000000003
0.35262299999999996
0.29212
0.179857
0.087116
0.024256
0.0
0.0
0.0
0.0
0.0
0.0
0.0
0.0
0.0
0.0
0.0
0.039265
0.15212399999999998
0.330672
0.513974
0.539505
0.43989
0.19739400000000001
0.191305
0.173563
0.147136
0.109469
0.065958
0.024763
0.0
0.0
0.0
0.0
0.0
0.0
0.0
0.0
0.0
0.0
0.0
0.019753
0.059411
0.10448099999999999
0.146392
0.178901
0.202057
0.210696
0.20416499999999999
0.18359
0.151745
0.112114
0.067818
0.026085999999999998
0.0
0.0
0.0
0.0
0.0
0.0
0.0
0.0
0.0
0.0
0.000796
0.05799
0.18617699999999998
0.36225799999999997
0.532495
0.6583730000000001
0.741903
0.76314
0.749784
0.686408
0.558832
0.40195600000000004
0.232896
0.084803
0.008719
0.0
0.0
0.0
0.0
0.0
0.0
0.0
0.0
0.0
0.0029289999999999997
0.065135
0.187507
0.286566
0.291188
0.352511
0.389847
0.40436
0.398139
0.359471
0.301042
0.215045
0.13112000000000001
0.054067
0.002133
0.0
0.0
0.0
0.0
0.0
0.0
0.0
0.0
0.0
0.0
0.021117
0.060897
0.103799
0.143518
0.173621
0.192653
0.202074
0.193759
0.179846
0.14993299999999998
0.111456
0.068486
0.027309999999999997
0.001665
0.0
0.0
0.0
0.0
0.0
0.0
0.0
0.0
0.0
0.0
0.043764000000000004
0.119417
0.204215
0.288215
0.290763
0.262209
0.202471
0.265436
0.295883
0.298663
0.21886699999999998
0.134279
0.056544
0.00429
0.0
0.0
0.0
0.0
0.0
0.0
0.0
0.0
0.0
0.0
0.021868
0.061709
0.105375
0.144892
0.237716
0.32452499999999995
0.41093599999999997
0.407433
0.369873
0.310768
0.225188
0.13880099999999998
0.058495
0.00385
0.0
0.0
0.0
0.0
0.0
0.0
0.0
0.0
0.0
0.0018160000000000001
0.023164
0.063226
0.10618999999999999
0.290202
0.350169
0.388137
0.411557
0.385581
0.363927
0.30867
0.33305599999999996
0.232225
0.091707
0.014266
0.0
0.0
0.0
0.0
0.0
0.0
0.0
0.0
0.0
0.004763
0.072615
0.219028
0.404158
0.565431
0.665366
0.672397
0.566883
0.50163
0.41397
0.303625
0.31008199999999997
0.21824100000000002
0.09226999999999999
0.014276
0.0
0.0
0.0
0.0
0.0
0.0
0.0
0.0
0.0
0.005754
0.072647
0.218946
0.406291
0.565847
0.681766
0.7559410000000001
0.7765700000000001
0.740229
0.644683
0.500931
0.40360700000000005
0.246213
0.094639
0.015423
0.0
0.0
0.0
0.0
0.0
0.0
0.0
0.0
0.0
0.006149
0.07393300000000001
0.21982400000000002
0.40587
0.552978
0.66739
0.720833
0.766221
0.745797
0.661858
0.57452
0.411443
0.234487
0.09008799999999999
0.015862
0.0
0.0
0.0
0.0
0.0
0.0
0.0
0.0
0.0
0.005233
0.068885
0.183363
0.305781
0.4062
0.485349
0.547625
0.562713
0.543432
0.499635
0.416937
0.278227
0.15453
0.060192
0.007836000000000001
0.0
0.0
0.0
0.0
0.0
0.0
0.0
0.0
0.0
0.005314
0.049503
0.124366
0.205753
0.288682
0.291259
0.26265499999999997
0.201187
0.196351
0.17703899999999997
0.149308
0.11186199999999999
0.07054300000000001
0.030657
0.006444
0.0
0.0
0.0
0.0
0.0
0.0
0.0
0.0
0.0
0.006139
0.069559
0.202559
0.365861
0.5066499999999999
0.58974
0.701936
0.730465
0.67471
0.5281079999999999
0.298533
0.187621
0.09611700000000001
0.031152000000000003
0.002541
0.0
0.0
0.0
0.0
0.0
0.0
0.0
0.0
0.0
0.0018919999999999998
0.049883000000000004
0.10588
0.143173
0.145561
0.17585800000000001
0.196714
0.202868
0.196948
0.17843
0.14889599999999997
0.11282500000000001
0.071768
0.031826
0.003241
0.0
0.0
0.0
0.0
0.0
0.0
0.0
0.0
0.0
0.000153
0.025397
0.064801
0.107234
0.14552099999999998
0.235376
0.319103
0.403174
0.579163
0.6165940000000001
0.562619
0.416467
0.247855
0.09558799999999999
0.020718
0.0
0.0
0.0
0.0
0.0
0.0
0.0
0.0
0.0
0.009295999999999999
0.0722
0.207489
0.369384
0.503023
0.614899
0.682942
0.69564
0.620934
0.47955200000000003
0.294104
0.27784
0.196069
0.08898
0.018751
0.0
0.0
0.0
0.0
0.0
0.0
0.0
0.0
0.0
0.000178
0.025193
0.06480899999999999
0.10644100000000001
0.145703
0.238006
0.324337
0.40843599999999997
0.389329
0.359053
0.299847
0.22366399999999997
0.14371899999999999
0.066663
0.011059
0.0
0.0
0.0
0.0
0.0
0.0
0.0
0.0
0.0
0.004168
0.052329
0.12715300000000002
0.21009999999999998
0.294006
0.357341
0.396012
0.410709
0.397787
0.36421
0.30582
0.226522
0.145588
0.067513
0.011872
0.0
0.0
0.0
0.0
0.0
0.0
0.0
0.0
0.0
0.000317
0.026376
0.066815
0.10903600000000001
0.147848
0.17996600000000001
0.199662
0.20768899999999998
0.203126
0.18531
0.156526
0.11815099999999999
0.07538500000000001
0.034667
0.004777999999999999
0.0
0.0
0.0
0.0
0.0
0.0
0.0
0.0
0.0
0.002922
0.022923
0.130904
0.30293400000000004
0.486527
0.568423
0.593453
0.5487569999999999
0.521644
0.473982
0.390181
0.264186
0.149203
0.059717
0.008627000000000001
0.0
0.0
0.0
0.0
0.0
0.0
0.0
0.0
0.0
0.002913
0.046959
0.11748
0.19963399999999998
0.271584
0.39234600000000003
0.48494299999999996
0.5431180000000001
0.575659
0.549366
0.481743
0.339688
0.197183
0.08306000000000001
0.019068
0.0
0.0
0.0
0.0
0.0
0.0
0.0
0.0
0.0
0.005737
0.02318
0.08304600000000001
0.17038399999999998
0.276381
0.27750400000000003
0.254767
0.197697
0.196631
0.177292
0.15046199999999998
0.15228
0.117847
0.062914
0.01986
0.0
0.0
0.0
0.0
0.0
0.0
0.0
0.0
0.0
0.008558
0.06461700000000001
0.15111000000000002
0.248197
0.333841
0.384881
0.41640499999999997
0.396689
0.32223599999999997
0.238755
0.150023
0.11239199999999999
0.07101600000000001
0.031832
0.004731
0.0
0.0
0.0
0.0
0.0
0.0
0.0
0.0
0.0
0.00042699999999999997
0.023945
0.10223900000000001
0.23002799999999998
0.379621
0.39014
0.317836
0.201411
0.264137
0.29596100000000003
0.298998
0.221267
0.14058
0.06470999999999999
0.012740999999999999
0.0
0.0
0.0
0.0
0.0
0.0
0.0
0.0
0.0
0.00046
0.024072
0.061969
0.104681
0.14306200000000002
0.231053
0.31598899999999996
0.40118
0.39139100000000004
0.360999
0.302299
0.22301400000000002
0.141587
0.065629
0.020763
0.0
0.0
0.0
0.0
0.0
0.0
0.0
0.0
0.0
0.003912
0.024347
0.084804
0.17321199999999998
0.282642
0.507313
0.674015
0.7297509999999999
0.682545
0.5234489999999999
0.299188
0.18792699999999998
0.09692700000000001
0.032145
0.004665
0.0
0.0
0.0
0.0
0.0
0.0
0.0
0.0
0.0
0.001119
0.023948
0.061694000000000006
0.10426600000000001
0.143671
0.289566
0.44627100000000003
0.5577150000000001
0.559921
0.555877
0.483113
0.319759
0.17343899999999998
0.066661
0.024176
0.0
0.0
0.0
0.0
0.0
0.0
0.0
0.0
0.0
0.00523
0.049044
0.119382
0.203004
0.271334
0.464178
0.6179779999999999
0.6930940000000001
0.6272179999999999
0.506659
0.295978
0.250692
0.173266
0.087588
0.023853000000000003
0.0
0.0
0.0
0.0
0.0
0.0
0.0
0.0
0.0
0.012925
0.075502
0.204982
0.37267700000000004
0.530937
0.649805
0.715145
0.75149
0.7234940000000001
0.654993
0.5374880000000001
0.36271800000000004
0.18924700000000003
0.066196
0.018908
0.0
0.0
0.0
0.0
0.0
0.0
0.0
0.0
0.0
0.012029999999999999
0.073392
0.19631800000000002
0.325467
0.375999
0.469863
0.508735
0.547782
0.493988
0.406982
0.297845
0.22557400000000002
0.14374199999999998
0.06801600000000001
0.019265
0.0
0.0
0.0
0.0
0.0
0.0
0.0
0.0
0.0
0.013595000000000001
0.074694
0.20883500000000002
0.370758
0.500404
0.557604
0.541856
0.41777499999999995
0.506045
0.537875
0.48901100000000003
0.328446
0.177648
0.068735
0.014954
0.0
0.0
0.0
0.0
0.0
0.0
0.0
0.0
0.0
0.007937
0.065697
0.157485
0.274566
0.380465
0.44155900000000003
0.440676
0.398668
0.448239
0.449372
0.404279
0.322727
0.212781
0.098444
0.021828
0.0
0.0
0.0
0.0
0.0
0.0
0.0
0.0
0.0
0.013382999999999999
0.073467
0.202986
0.35957799999999995
0.491144
0.5856760000000001
0.639538
0.637972
0.598915
0.51686
0.39971100000000004
0.340855
0.226521
0.102581
0.02897
0.0
0.0
0.0
0.0
0.0
0.0
0.0
0.0
0.0
0.013304
0.073489
0.205708
0.375514
0.531744
0.6563329999999999
0.729402
0.759222
0.740484
0.678183
0.56951
0.415259
0.250973
0.10570099999999999
0.028253
0.0
0.0
0.0
0.0
0.0
0.0
0.0
0.0
0.0
0.013289
0.072973
0.203541
0.36998200000000003
0.521261
0.637626
0.700528
0.7429790000000001
0.720159
0.626777
0.47598599999999996
0.357029
0.215417
0.09702
0.02391
0.0
0.0
0.0
0.0
0.0
0.0
0.0
0.0
0.0
0.00902
0.063963
0.188859
0.36889999999999995
0.531317
0.651799
0.704291
0.6571140000000001
0.712565
0.682164
0.578433
0.42875599999999997
0.259851
0.11037999999999999
0.031170000000000003
0.0
0.0
0.0
0.0
0.0
0.0
0.0
0.0
0.0
0.01337
0.07585599999999999
0.20790899999999998
0.377613
0.537344
0.6622319999999999
0.730577
0.772261
0.742592
0.6476649999999999
0.490647
0.31179
0.145528
0.035491
0.006952
0.0
0.0
0.0
0.0
0.0
0.0
0.0
0.0
0.0
0.013122
0.077788
0.21219300000000002
0.38620699999999997
0.536513
0.6342559999999999
0.651923
0.578003
0.637053
0.6311180000000001
0.561027
0.392737
0.224862
0.094067
0.022420000000000002
0.0
0.0
0.0
0.0
0.0
0.0
0.0
0.0
0.0
0.0011339999999999998
0.024091
0.062020000000000006
0.104795
0.144179
0.17648
0.195594
0.20319700000000002
0.265113
0.299998
0.30780799999999997
0.227885
0.14912299999999998
0.072267
0.024582999999999997
0.0
0.0
0.0
0.0
0.0
0.0
0.0
0.0
0.0
0.00532
0.049359
0.168226
0.345166
0.517476
0.6445850000000001
0.7105220000000001
0.72157
0.7294120000000001
0.674153
0.5605800000000001
0.43000299999999997
0.262714
0.114913
0.032182
0.0
0.0
0.0
0.0
0.0
0.0
0.0
0.0
0.0
0.012047
0.074848
0.199643
0.33249599999999996
0.37739100000000003
0.439896
0.435768
0.39846
0.544138
0.5896760000000001
0.537138
0.377517
0.216278
0.091989
0.026993
0.0
0.0
0.0
0.0
0.0
0.0
0.0
0.0
0.0
0.006325
0.022763000000000002
0.080758
0.168132
0.276174
0.28382999999999997
0.259413
0.200725
0.19880199999999998
0.180952
0.15277600000000002
0.115703
0.074992
0.036198
0.010461999999999999
0.0
0.0
0.0
0.0
0.0
0.0
0.0
0.0
0.0
0.003666
0.047552
0.129599
0.244863
0.36379199999999995
0.43100700000000003
0.422509
0.40275700000000003
0.445527
0.454878
0.415281
0.25843099999999997
0.126571
0.036336
0.0069630000000000004
0.0
0.0
0.0
0.0
0.0
0.0
0.0
0.0
0.0
0.0036880000000000003
0.046861
0.10056699999999999
0.137544
0.140824
0.230293
0.315711
0.398306
0.39114699999999997
0.355488
0.30419
0.228325
0.149007
0.07234099999999999
0.025085
0.0
0.0
0.0
0.0
0.0
0.0
0.0
0.0
0.0
0.004963
0.046993
0.116066
0.196916
0.26935000000000003
0.426647
0.563438
0.647197
0.6521119999999999
0.608457
0.523747
0.39869299999999996
0.245308
0.10919
0.030253
0.0
0.0
0.0
0.0
0.0
0.0
0.0
0.0
0.0
0.011013
0.069493
0.198772
0.364649
0.5116
0.634813
0.720619
0.72961
0.733274
0.672673
0.569562
0.42687
0.26108
0.11329600000000001
0.032396
0.0
0.0
0.0
0.0
0.0
0.0
0.0
0.0
0.0
0.011028
0.07084900000000001
0.197486
0.36541399999999996
0.519931
0.6475080000000001
0.729303
0.7590739999999999
0.736143
0.6856509999999999
0.569429
0.42336399999999996
0.262007
0.11282500000000001
0.032561
0.0
0.0
0.0
0.0
0.0
0.0
0.0
0.0
0.0
0.010396
0.069202
0.194869
0.361832
0.517565
0.629823
0.6951799999999999
0.732548
0.730017
0.667813
0.566755
0.422865
0.26044799999999996
0.11225700000000001
0.032392000000000004
0.0
0.0
0.0
0.0
0.0
0.0
0.0
0.0
0.0
0.006804
0.045104
0.11331999999999999
0.191464
0.266058
0.336235
0.37959
0.408432
0.321332
0.240127
0.152592
0.116177
0.075438
0.036344
0.006911
0.0
0.0
0.0
0.0
0.0
0.0
0.0
0.0
0.0
0.001529
0.024954
0.062379
0.102809
0.139441
0.16898500000000002
0.188888
0.196079
0.192996
0.48681599999999997
0.414888
0.236441
0.07969499999999999
0.04007
0.00884
0.0
0.0
0.0
0.0
0.0
0.0
0.0
0.0
0.0
0.010089
0.025332
0.16233
0.283704
0.286018
0.45433999999999997
0.5838819999999999
0.6672720000000001
0.7014349999999999
0.678438
0.595565
0.45166300000000004
0.283613
0.122894
0.033726
0.0
0.0
0.0
0.0
0.0
0.0
0.0
0.0
0.0
0.007999
0.050639
0.123307
0.20175800000000002
0.282435
0.44628199999999996
0.5762809999999999
0.6736960000000001
0.683875
0.6380990000000001
0.561082
0.438319
0.277011
0.12167499999999999
0.032864
0.0
0.0
0.0
0.0
0.0
0.0
0.0
0.0
0.0
0.0065910000000000005
0.049934
0.104839
0.141506
0.143196
0.204351
0.260034
0.316884
0.330078
0.339433
0.3132
0.328471
0.247909
0.119589
0.032678
0.0
0.0
0.0
0.0
0.0
0.0
0.0
0.0
0.0
0.009196999999999999
0.067473
0.205391
0.36223200000000005
0.442214
0.48591500000000004
0.46816800000000003
0.401575
0.382994
0.35046
0.29721
0.352901
0.262396
0.11590900000000001
0.031734
0.0
0.0
0.0
0.0
0.0
0.0
0.0
0.0
0.0
0.003075
0.047411
0.130927
0.249061
0.374562
0.587094
0.706885
0.749873
0.7347440000000001
0.676023
0.5724210000000001
0.438273
0.272976
0.117575
0.031685
0.0
0.0
0.0
0.0
0.0
0.0
0.0
0.0
0.0
0.003535
0.046939
0.16711
0.345753
0.51975
0.638809
0.7000080000000001
0.7045549999999999
0.681012
0.6371939999999999
0.5393490000000001
0.401715
0.24869
0.108033
0.031003
0.0
0.0
0.0
0.0
0.0
0.0
0.0
0.0
0.0
0.005298
0.0466
0.11606100000000001
0.19966499999999998
0.271396
0.334278
0.376735
0.405811
0.388355
0.354233
0.306647
0.20144700000000001
0.107319
0.039661
0.008306
0.0
0.0
0.0
0.0
0.0
0.0
0.0
0.0
0.0
0.000423
0.022667000000000003
0.059831
0.101547
0.139108
0.22974
0.31489100000000003
0.410054
0.45327100000000003
0.45831299999999997
0.415279
0.33714299999999997
0.230744
0.109247
0.03046
0.0
0.0
0.0
0.0
0.0
0.0
0.0
0.0
0.0
0.001987
0.044893
0.10601000000000001
0.165365
0.205684
0.224712
0.220174
0.200335
0.198123
0.182534
0.15549600000000002
0.119247
0.07967
0.039140999999999995
0.00752
0.0
0.0
0.0
0.0
0.0
0.0
0.0
0.0
0.0
0.0
0.022158999999999998
0.060622999999999996
0.101935
0.14091
0.172643
0.192572
0.20059800000000003
0.272892
0.297896
0.304527
0.234068
0.15193500000000001
0.075541
0.028704999999999998
0.0
0.0
0.0
0.0
0.0
0.0
0.0
0.0
0.0
0.005664
0.062774
0.19619
0.370181
0.522417
0.6403110000000001
0.723797
0.7338300000000001
0.7251620000000001
0.674209
0.575057
0.44390300000000005
0.27597000000000005
0.117388
0.030050999999999998
0.0
0.0
0.0
0.0
0.0
0.0
0.0
0.0
0.0
0.004674
0.06254
0.19212
0.35879500000000003
0.515046
0.623783
0.712031
0.740949
0.695055
0.585553
0.411949
0.34139800000000003
0.227547
0.10635800000000001
0.030044
0.0
0.0
0.0
0.0
0.0
0.0
0.0
0.0
0.0
0.003676
0.061649999999999996
0.19348300000000002
0.373498
0.534063
0.653884
0.674467
0.562563
0.502582
0.419073
0.310776
0.302754
0.223257
0.108913
0.030743
0.0
0.0
0.0
0.0
0.0
0.0
0.0
0.0
0.0
0.003601
0.063931
0.194078
0.368104
0.527261
0.6506029999999999
0.7352029999999999
0.770738
0.7521209999999999
0.687384
0.5801040000000001
0.442963
0.276393
0.11643
0.028212
0.0
0.0
0.0
0.0
0.0
0.0
0.0
0.0
0.0
0.003516
0.061888
0.18548699999999999
0.345839
0.479873
0.607967
0.696534
0.73872
0.7285410000000001
0.676198
0.573562
0.43796300000000005
0.27104300000000003
0.113841
0.028251000000000002
0.0
0.0
0.0
0.0
0.0
0.0
0.0
0.0
0.0
0.0029660000000000003
0.058433
0.185995
0.351414
0.48538400000000004
0.558966
0.589194
0.545003
0.489025
0.40789
0.30008100000000004
0.32736200000000004
0.24509299999999998
0.11347
0.029413
0.0
0.0
0.0
0.0
0.0
0.0
0.0
0.0
0.0
0.002549
0.057078000000000004
0.163926
0.253637
0.264375
0.418988
0.552889
0.63751
0.601891
0.5269109999999999
0.41431599999999996
0.339443
0.224175
0.10357999999999999
0.027207000000000002
0.0
0.0
0.0
0.0
0.0
0.0
0.0
0.0
0.0
0.0025830000000000002
0.05733
0.187915
0.365338
0.5282340000000001
0.653644
0.7363160000000001
0.7741079999999999
0.759777
0.700726
0.594175
0.449241
0.27567
0.113239
0.027206
0.0
0.0
0.0
0.0
0.0
0.0
0.0
0.0
0.0
0.002522
0.05831
0.181085
0.32289100000000004
0.365991
0.42627699999999996
0.430981
0.385399
0.436321
0.44578300000000004
0.408767
0.332155
0.220198
0.100975
0.026085999999999998
0.0
0.0
0.0
0.0
0.0
0.0
0.0
0.0
0.0
0.001974
0.053700000000000005
0.172024
0.336413
0.492691
0.584746
0.600836
0.5205960000000001
0.632837
0.6309589999999999
0.549551
0.408518
0.23102699999999998
0.085303
0.017715
0.0
0.0
0.0
0.0
0.0
0.0
0.0
0.0
0.0
0.001408
0.050761
0.141497
0.221555
0.256516
0.364838
0.45190499999999995
0.516402
0.463313
0.386882
0.283497
0.278375
0.203173
0.09842100000000001
0.023053999999999998
0.0
0.0
0.0
0.0
0.0
0.0
0.0
0.0
0.0
0.00046800000000000005
0.045332
0.131941
0.245581
0.348999
0.49891199999999997
0.616836
0.678359
0.640396
0.541219
0.398019
0.301462
0.191811
0.08522400000000001
0.021567
0.0
0.0
0.0
0.0
0.0
0.0
0.0
0.0
0.0
2.5e-05
0.045177
0.15143299999999998
0.32024400000000003
0.48604899999999995
0.606085
0.673569
0.704708
0.674227
0.635983
0.533791
0.359329
0.19093700000000002
0.065878
0.009704
0.0
0.0
0.0
0.0
0.0
0.0
0.0
0.0
0.0
0.000516
0.045043
0.12370199999999999
0.204262
0.251891
0.260627
0.24476900000000001
0.19239900000000001
0.488093
0.586948
0.5456190000000001
0.417777
0.254772
0.101931
0.022733
0.0
0.0
0.0
0.0
0.0
0.0
0.0
0.0
0.0
0.0010400000000000001
0.049197000000000005
0.172089
0.341117
0.488987
0.6005969999999999
0.6961430000000001
0.718244
0.6777759999999999
0.606256
0.476859
0.36007
0.21967599999999998
0.091835
0.018202000000000003
0.0
0.0
0.0
0.0
0.0
0.0
0.0
0.0
0.0
0.000495
0.047668999999999996
0.168071
0.322971
0.42233499999999996
0.5539080000000001
0.632357
0.667206
0.6860510000000001
0.652175
0.56209
0.415812
0.249333
0.098459
0.019532
0.0
0.0
0.0
0.0
0.0
0.0
0.0
0.0
0.0
0.0005420000000000001
0.047438
0.172608
0.350392
0.512548
0.641736
0.728457
0.7672530000000001
0.755149
0.6935209999999999
0.585861
0.439635
0.262812
0.102419
0.020762
0.0
0.0
0.0
0.0
0.0
0.0
0.0
0.0
0.0
0.000131
0.046733
0.1711
0.348055
0.513064
0.623393
0.711562
0.736011
0.726078
0.670673
0.568613
0.42641199999999996
0.254851
0.09933
0.019183
0.0
0.0
0.0
0.0
0.0
0.0
0.0
0.0
0.0
0.0
0.029788000000000002
0.096328
0.180195
0.255925
0.320941
0.364865
0.382856
0.377645
0.34778699999999996
0.29283800000000004
0.21581999999999998
0.137453
0.061814
0.008242000000000001
0.0
0.0
0.0
0.0
0.0
0.0
0.0
0.0
0.0
0.0
0.029314
0.11942
0.266052
0.426108
0.561056
0.652872
0.718413
0.659485
0.564025
0.406368
0.309222
0.19067599999999998
0.07979
0.011061
0.0
0.0
0.0
0.0
0.0
0.0
0.0
0.0
0.0
0.0
0.043759
0.164272
0.328872
0.493959
0.610916
0.687997
0.7185969999999999
0.694557
0.6551079999999999
0.545858
0.420921
0.249536
0.093874
0.01568
0.0
0.0
0.0
0.0
0.0
0.0
0.0
0.0
0.0
0.0
0.041788
0.16262100000000002
0.33198
0.483188
0.606184
0.670451
0.612422
0.599687
0.547299
0.511009
0.384031
0.24060800000000002
0.082498
0.00985
0.0
0.0
0.0
0.0
0.0
0.0
0.0
0.0
0.0
0.0
0.0257
0.090844
0.171565
0.253656
0.387232
0.506928
0.689308
0.689898
0.574628
0.39845400000000003
0.354808
0.230596
0.087612
0.012336
0.0
0.0
0.0
0.0
0.0
0.0
0.0
0.0
0.0
0.0
0.039532
0.13792
0.231138
0.252027
0.312959
0.357211
0.376801
0.37034100000000003
0.339444
0.284207
0.208802
0.130208
0.05579
0.005078999999999999
0.0
0.0
0.0
0.0
0.0
0.0
0.0
0.0
0.0
0.0
0.024082999999999997
0.08833400000000001
0.171396
0.249191
0.311241
0.353863
0.45502499999999996
0.5090480000000001
0.33815100000000003
0.282512
0.209854
0.128081
0.05415
0.006779
0.0
0.0
0.0
0.0
0.0
0.0
0.0
0.0
0.0
0.0
0.032377
0.098215
0.14130299999999998
0.123048
0.37846300000000005
0.5945199999999999
0.7026399999999999
0.732355
0.655336
0.549148
0.40423000000000003
0.128406
0.054506
0.003727
0.0
0.0
0.0
0.0
0.0
0.0
0.0
0.0
0.0
0.0
0.022913
0.134305
0.31022500000000003
0.47247300000000003
0.555282
0.644217
0.686353
0.664456
0.618607
0.510982
0.287676
0.232392
0.080376
0.002764
0.0
0.0
0.0
0.0
0.0
0.0
0.0
0.0
0.0
0.0
0.029675
0.149813
0.32863400000000004
0.46331700000000003
0.583847
0.658664
0.632735
0.5184249999999999
0.6405489999999999
0.518285
0.345659
0.212471
0.078705
0.004187000000000001
0.0
0.0
0.0
0.0
0.0
0.0
0.0
0.0
0.0
0.0
0.031954
0.141193
0.31665899999999997
0.48284
0.619193
0.698899
0.722197
0.715816
0.61566
0.5135789999999999
0.34082799999999996
0.22725299999999998
0.077935
0.00532
0.0
0.0
0.0
0.0
0.0
0.0
0.0
0.0
0.0
0.0
0.031009000000000002
0.130184
0.229656
0.251503
0.408216
0.543843
0.640758
0.526573
0.345144
0.36763799999999996
0.310486
0.20019499999999998
0.071904
0.004853
0.0
0.0
0.0
0.0
0.0
0.0
0.0
0.0
0.0
0.0
0.019167999999999998
0.120494
0.300762
0.46308499999999997
0.317824
0.364722
0.380905
0.61418
0.341266
0.438073
0.38605700000000004
0.12285
0.048114
0.000635
0.0
0.0
0.0
0.0
0.0
0.0
0.0
0.0
0.0
0.0
0.018543
0.08298900000000001
0.165106
0.250041
0.313599
0.35956
0.376212
0.372286
0.480677
0.473825
0.38615499999999997
0.231548
0.076398
0.003311
0.0
0.0
0.0
0.0
0.0
0.0
0.0
0.0
0.0
0.0
0.017977
0.08181000000000001
0.27314
0.45327300000000004
0.601236
0.604161
0.371017
0.5631079999999999
0.607444
0.441574
0.38775
0.221607
0.071473
0.0023250000000000002
0.0
0.0
0.0
0.0
0.0
0.0
0.0
0.0
0.0
0.0
0.017259
0.040600000000000004
0.16688999999999998
0.24885300000000002
0.314913
0.359919
0.382111
0.374605
0.164685
0.137334
0.101398
0.059459000000000005
0.04384300000000001
0.0
0.0
0.0
0.0
0.0
0.0
0.0
0.0
0.0
0.0
0.0
0.023936
0.098053
0.16061
0.24740299999999998
0.313139
0.35514999999999997
0.37809
0.367506
0.335703
0.279611
0.282792
0.118765
0.042017000000000006
0.0
0.0
0.0
0.0
0.0
0.0
0.0
0.0
0.0
0.0
0.0
0.006178
0.03897
0.08073999999999999
0.12089799999999999
0.15284299999999998
0.17702099999999998
0.18607300000000002
0.180974
0.223708
0.23863800000000002
0.19755799999999998
0.17449
0.065217
0.001967
0.0
0.0
0.0
0.0
0.0
0.0
0.0
0.0
0.0
0.0
0.014083
0.076765
0.158045
0.242611
0.30967700000000004
0.35785700000000004
0.378073
0.367408
0.334077
0.279088
0.281255
0.15803
0.039176
0.0
0.0
0.0
0.0
0.0
0.0
0.0
0.0
0.0
0.0
0.0
0.013314
0.075774
0.156996
0.235693
0.152708
0.27276799999999995
0.37816000000000005
0.272358
0.163684
0.465254
0.403891
0.214257
0.06256
0.0009699999999999999
0.0
0.0
0.0
0.0
0.0
0.0
0.0
0.0
0.0
0.0
0.024509
0.12091400000000001
0.251033
0.33986500000000003
0.463829
0.5487839999999999
0.603911
0.613666
0.5697960000000001
0.457943
0.27302499999999996
0.177754
0.060148
0.00047299999999999995
0.0
0.0
0.0
0.0
0.0
0.0
0.0
0.0
0.0
0.0
0.023924
0.134511
0.310497
0.46772
0.582287
0.630619
0.620232
0.6497759999999999
0.6247480000000001
0.5354779999999999
0.374837
0.195887
0.056707
0.0
0.0
0.0
0.0
0.0
0.0
0.0
0.0
0.0
0.0
0.0
0.010909
0.09772499999999999
0.300259
0.47617899999999996
0.6264109999999999
0.707493
0.735452
0.720488
0.650649
0.548292
0.39054099999999997
0.204035
0.057127000000000004
1e-06
0.0
0.0
0.0
0.0
0.0
0.0
0.0
0.0
0.0
0.0
0.021401
0.128309
0.265459
0.242102
0.308159
0.34986700000000004
0.368046
0.35976600000000003
0.324507
0.26630000000000004
0.18367599999999998
0.14341399999999999
0.052136
0.0
0.0
0.0
0.0
0.0
0.0
0.0
0.0
0.0
0.0
0.0
0.017138999999999998
0.094239
0.150461
0.235421
0.148356
0.168893
0.175813
0.17133
0.154951
0.127577
0.091163
0.0506
0.013885999999999999
0.0
0.0
0.0
0.0
0.0
0.0
0.0
0.0
0.0
0.0
0.0
0.018728
0.120518
0.293211
0.455317
0.589813
0.666271
0.691216
0.695251
0.6144080000000001
0.509823
0.360983
0.184327
0.046653
0.0
0.0
0.0
0.0
0.0
0.0
0.0
0.0
0.0
0.0
0.0
0.016486999999999998
0.11572
0.289692
0.393613
0.579422
0.6655549999999999
0.662932
0.681639
0.617653
0.511533
0.36500499999999997
0.179727
0.035347
0.0
0.0
0.0
0.0
0.0
0.0
0.0
0.0
0.0
0.0
0.0
0.0015789999999999999
0.031235
0.07103100000000001
0.109969
0.143374
0.164239
0.17281100000000002
0.167543
0.14937999999999999
0.123563
0.086078
0.046721
0.011048
0.0
0.0
0.0
0.0
0.0
0.0
0.0
0.0
0.0
0.0
0.0
0.0062
0.063733
0.146857
0.11017700000000001
0.19281399999999999
0.270726
0.350474
0.339963
0.30505
0.485328
0.351403
0.16108799999999998
0.022776
0.0
0.0
0.0
0.0
0.0
0.0
0.0
0.0
0.0
0.0
0.0
0.012648
0.062207
0.142732
0.220808
0.582465
0.645439
0.679041
0.663122
0.5884149999999999
0.511941
0.352605
0.17153200000000002
0.038514
0.0
0.0
0.0
0.0
0.0
0.0
0.0
0.0
0.0
0.0
0.0
0.011914999999999999
0.114774
0.296643
0.473919
0.606016
0.690723
0.726424
0.6975309999999999
0.588403
0.52119
0.36044299999999996
0.17034100000000002
0.03732
0.0
0.0
0.0
0.0
0.0
0.0
0.0
0.0
0.0
0.0
0.0
0.0039369999999999995
0.060585
0.141437
0.22469999999999998
0.447356
0.6191420000000001
0.705879
0.695496
0.62902
0.5162100000000001
0.356805
0.166733
0.034983
0.0
0.0
0.0
0.0
0.0
0.0
0.0
0.0
0.0
0.0
0.0
0.009381
0.11059000000000001
0.288315
0.46260199999999996
0.6000650000000001
0.6701889999999999
0.664208
0.6528200000000001
0.5873529999999999
0.508618
0.351499
0.16364099999999998
0.03233
0.0
0.0
0.0
0.0
0.0
0.0
0.0
0.0
0.0
0.0
0.0
0.00412
0.066732
0.15069300000000002
0.206024
0.238398
0.214522
0.167434
0.223085
0.256602
0.241437
0.183309
0.096039
0.020249
0.0
0.0
0.0
0.0
0.0
0.0
0.0
0.0
0.0
0.0
0.0
0.006138
0.095943
0.265895
0.440928
0.568019
0.654817
0.6491180000000001
0.673197
0.621226
0.499209
0.32376900000000003
0.135626
0.022154
0.0
0.0
0.0
0.0
0.0
0.0
0.0
0.0
0.0
0.0
0.0
0.0028079999999999997
0.086563
0.258918
0.45635000000000003
0.5860270000000001
0.612281
0.512349
0.59689
0.582315
0.494241
0.30857100000000004
0.131046
0.021103
0.0
0.0
0.0
0.0
0.0
0.0
0.0
0.0
0.0
0.0
0.0
0.000381
0.056782
0.168197
0.305373
0.372317
0.388221
0.35286700000000004
0.342514
0.301313
0.227349
0.151449
0.07042799999999999
0.010727
0.0
0.0
0.0
0.0
0.0
0.0
0.0
0.0
0.0
0.0
0.0
0.000179
0.047198000000000004
0.12545699999999999
0.20441
0.27831
0.321973
0.339418
0.329809
0.291762
0.227864
0.145338
0.066538
0.009138
0.0
0.0
0.0
0.0
0.0
0.0
0.0
0.0
0.0
0.0
0.0
0.00010499999999999999
0.046256
0.126093
0.20788800000000002
0.272992
0.314971
0.333814
0.322115
0.288939
0.217723
0.169255
0.081829
0.011736
0.0
0.0
0.0
0.0
0.0
0.0
0.0
0.0
0.0
0.0
0.0
0.003109
0.089531
0.262304
0.44379199999999996
0.5862229999999999
0.679881
0.708457
0.664451
0.5799610000000001
0.439156
0.302829
0.124715
0.015829
0.0
0.0
0.0
0.0
0.0
0.0
0.0
0.0
0.0
0.0
0.0
0.002669
0.08612099999999999
0.24760400000000002
0.408333
0.513408
0.580798
0.581225
0.566813
0.499147
0.38703899999999997
0.218302
0.076387
0.005301999999999999
0.0
0.0
0.0
0.0
0.0
0.0
0.0
0.0
0.0
0.0
0.0
0.0
0.028685
0.099748
0.206511
0.27072500000000005
0.313247
0.330062
0.316304
0.275108
0.20781899999999998
0.13479
0.057406
0.004454
0.0
0.0
0.0
0.0
0.0
0.0
0.0
0.0
0.0
0.0
0.0
0.0
0.019577999999999998
0.057155000000000004
0.098095
0.132862
0.154504
0.16475
0.158589
0.139207
0.108188
0.094098
0.049099
0.003213
0.0
0.0
0.0
0.0
0.0
0.0
0.0
0.0
0.0
0.0
0.0
0.0
0.041286
0.119497
0.19791499999999998
0.282567
0.326463
0.344553
0.334051
0.29282400000000003
0.21618600000000002
0.162109
0.071188
0.004607999999999999
0.0
0.0
0.0
0.0
0.0
0.0
0.0
0.0
0.0
0.0
0.0
0.0
0.026366
0.09904500000000001
0.20663800000000002
0.277839
0.327005
0.340429
0.375222
0.37456900000000004
0.313495
0.17807699999999999
0.061272
0.001445
0.0
0.0
0.0
0.0
0.0
0.0
0.0
0.0
0.0
0.0
0.0
0.0
0.039268
0.117236
0.195647
0.27463
0.322875
0.340854
0.327445
0.285498
0.207147
0.129935
0.050838
0.001148
0.0
0.0
0.0
0.0
0.0
0.0
0.0
0.0
0.0
0.0
0.0
0.00019800000000000002
0.063013
0.200056
0.349174
0.420296
0.40406
0.329241
0.361056
0.359659
0.289543
0.16545300000000002
0.054652
0.000243
0.0
0.0
0.0
0.0
0.0
0.0
0.0
0.0
0.0
0.0
0.0
0.0
0.053880000000000004
0.14400200000000002
0.194062
0.25725099999999995
0.301422
0.316607
0.30438099999999996
0.265778
0.19506800000000002
0.12096
0.045501
0.0
0.0
0.0
0.0
0.0
0.0
0.0
0.0
0.0
0.0
0.0
0.0
0.0
0.022854
0.092382
0.19752099999999997
0.256647
0.318591
0.331051
0.417796
0.433125
0.371911
0.218665
0.07559600000000001
0.001607
0.0
0.0
0.0
0.0
0.0
0.0
0.0
0.0
0.0
0.0
0.0
0.0
0.038933
0.145726
0.286192
0.352794
0.369102
0.328649
0.361111
0.363743
0.287293
0.159029
0.048735
0.0
0.0
0.0
0.0
0.0
0.0
0.0
0.0
0.0
0.0
0.0
0.0
0.0
0.066431
0.190173
0.191606
0.297132
0.39790699999999996
0.454267
0.568772
0.5494779999999999
0.427515
0.258769
0.08117700000000001
0.001017
0.0
0.0
0.0
0.0
0.0
0.0
0.0
0.0
0.0
0.0
0.0
0.0
0.060289999999999996
0.22375499999999998
0.403675
0.560286
0.644334
0.6704629999999999
0.6229
0.5072
0.342651
0.19734000000000002
0.062884
0.0
0.0
0.0
0.0
0.0
0.0
0.0
0.0
0.0
0.0
0.0
0.0
0.0
0.029919
0.10378799999999999
0.181157
0.333443
0.467508
0.5440940000000001
0.554969
0.49808600000000003
0.392019
0.219917
0.06404
0.0
0.0
0.0
0.0
0.0
0.0
0.0
0.0
0.0
0.0
0.0
0.0
0.0
0.024784
0.06905599999999999
0.089587
0.16627799999999998
0.254869
0.313771
0.29655000000000004
0.25237
0.18113200000000002
0.104532
0.032403
0.0
0.0
0.0
0.0
0.0
0.0
0.0
0.0
0.0
0.0
0.0
0.0
0.0
0.041743999999999996
0.169647
0.326489
0.462668
0.560393
0.599915
0.616379
0.536616
0.41024
0.230476
0.065868
0.0
0.0
0.0
0.0
0.0
0.0
0.0
0.0
0.0
0.0
0.0
0.0
0.0
0.055435000000000005
0.221269
0.397175
0.5403279999999999
0.599499
0.627358
0.5990270000000001
0.515968
0.385258
0.219801
0.060902
0.0
0.0
0.0
0.0
0.0
0.0
0.0
0.0
0.0
0.0
0.0
0.0
0.0
0.054453
0.210821
0.384651
0.534716
0.6195890000000001
0.644616
0.6012419999999999
0.5235650000000001
0.38954700000000003
0.219225
0.057184
0.0
0.0
0.0
0.0
0.0
0.0
0.0
0.0
0.0
0.0
0.0
0.0
0.0
0.049179
0.18065
0.177364
0.347332
0.479845
0.588508
0.600008
0.530057
0.402549
0.21904200000000001
0.054972
0.0
0.0
0.0
0.0
0.0
0.0
0.0
0.0
0.0
0.0
0.0
0.0
0.0
0.047490000000000004
0.207791
0.392984
0.541311
0.634291
0.660952
0.632301
0.5448339999999999
0.39413
0.21233000000000002
0.050876
0.0
0.0
0.0
0.0
0.0
0.0
0.0
0.0
0.0
0.0
0.0
0.0
0.0
0.046639
0.20571199999999998
0.361508
0.474835
0.5232
0.518683
0.438332
0.311898
0.171352
0.12246599999999999
0.034474
0.0
0.0
0.0
0.0
0.0
0.0
0.0
0.0
0.0
0.0
0.0
0.0
0.0
0.045666
0.20155
0.37776600000000005
0.498776
0.589386
0.622451
0.587383
0.491971
0.35763
0.18978899999999999
0.041972
0.0
0.0
0.0
0.0
0.0
0.0
0.0
0.0
0.0
0.0
0.0
0.0
0.0
0.04277
0.18177600000000002
0.249204
0.412399
0.54588
0.597767
0.583585
0.497861
0.355991
0.18208000000000002
0.035732
0.0
0.0
0.0
0.0
0.0
0.0
0.0
0.0
0.0
0.0
0.0
0.0
0.0
0.039765999999999996
0.193373
0.369558
0.49999
0.5856570000000001
0.6126849999999999
0.573623
0.495479
0.357601
0.185181
0.037122
0.0
0.0
0.0
0.0
0.0
0.0
0.0
0.0
0.0
0.0
0.0
0.0
0.0
0.020989
0.092644
0.17155099999999998
0.24380600000000002
0.291928
0.303745
0.28889299999999996
0.243191
0.175074
0.089632
0.019171
0.0
0.0
0.0
0.0
0.0
0.0
0.0
0.0
0.0
0.0
0.0
0.0
0.0
0.019331
0.09064799999999999
0.168693
0.112201
0.2852
0.30288
0.286238
0.11052200000000001
0.17258600000000002
0.08744
0.031282
0.0
0.0
0.0
0.0
0.0
0.0
0.0
0.0
0.0
0.0
0.0
0.0
0.0
0.0078049999999999994
0.09071599999999999
0.16749799999999998
0.244559
0.289891
0.303991
0.28824400000000006
0.238882
0.165781
0.086477
0.015529
0.0
0.0
0.0
0.0
0.0
0.0
0.0
0.0
0.0
0.0
0.0
0.0
0.0
0.029039000000000002
0.188868
0.181253
0.48938
0.608784
0.639583
0.308187
0.242594
0.078988
0.085752
0.021247
0.0
0.0
0.0
0.0
0.0
0.0
0.0
0.0
0.0
0.0
0.0
0.0
0.0
0.022365
0.15087899999999999
0.32489100000000004
0.543575
0.583332
0.65939
0.637755
0.542089
0.394077
0.19577699999999998
0.026716
0.0
0.0
0.0
0.0
0.0
0.0
0.0
0.0
0.0
0.0
0.0
0.0
0.0
0.037598
0.20269900000000002
0.39828800000000003
0.540717
0.6338830000000001
0.663199
0.631885
0.537434
0.387428
0.19437000000000001
0.028144
0.0
0.0
0.0
0.0
0.0
0.0
0.0
0.0
0.0
0.0
0.0
0.0
0.0
0.034595999999999995
0.198076
0.39011399999999996
0.538395
0.6183
0.624309
0.593151
0.5188740000000001
0.37426299999999996
0.185502
0.022451000000000002
0.0
0.0
0.0
0.0
0.0
0.0
0.0
0.0
0.0
0.0
0.0
0.0
0.0
0.005035
0.040215
0.078801
0.10917400000000001
0.28166800000000003
0.293051
0.272167
0.102633
0.071729
0.033602
0.002218
0.0
0.0
0.0
0.0
0.0
0.0
0.0
0.0
0.0
0.0
0.0
0.0
0.0
0.003872
0.037034
0.073649
0.10476099999999999
0.273192
0.283902
0.264577
0.22122999999999998
0.070035
0.032802
0.001391
0.0
0.0
0.0
0.0
0.0
0.0
0.0
0.0
0.0
0.0
0.0
0.0
0.0
0.0038290000000000004
0.077214
0.151004
0.223085
0.261354
0.127118
0.261284
0.178174
0.106018
0.040729999999999995
0.0005610000000000001
0.0
0.0
0.0
0.0
0.0
0.0
0.0
0.0
0.0
0.0
0.0
0.0
0.0
0.022956
0.177367
0.36483
0.49858600000000003
0.5871649999999999
0.609377
0.5814900000000001
0.48197300000000004
0.334387
0.145573
0.009627
0.0
0.0
0.0
0.0
0.0
0.0
0.0
0.0
0.0
0.0
0.0
0.0
0.0
0.002348
0.03426
0.26066
0.482705
0.118941
0.40118
0.526371
0.403685
0.21800299999999997
0.061818
0.006551
0.0
0.0
0.0
0.0
0.0
0.0
0.0
0.0
0.0
0.0
0.0
0.0
0.0
0.001542
0.033454
0.07039100000000001
0.099926
0.118419
0.123375
0.115483
0.208848
0.13446799999999998
0.060054
0.0019199999999999998
0.0
0.0
0.0
0.0
0.0
0.0
0.0
0.0
0.0
0.0
0.0
0.0
0.0
0.014397
0.165719
0.360582
0.510354
0.589705
0.60484
0.5779690000000001
0.48162900000000003
0.332853
0.15123599999999998
0.006067
0.0
0.0
0.0
0.0
0.0
0.0
0.0
0.0
0.0
0.0
0.0
0.0
0.0
0.00068
0.032354
0.069036
0.099952
0.11867799999999999
0.123753
0.115617
0.09420999999999999
0.145179
0.055943
0.0011619999999999998
0.0
0.0
0.0
0.0
0.0
0.0
0.0
0.0
0.0
0.0
0.0
0.0
0.0
0.000506
0.031852
0.06870399999999999
0.098782
0.116945
0.123391
0.11504099999999999
0.146369
0.128882
0.131071
0.004179
0.0
0.0
0.0
0.0
0.0
0.0
0.0
0.0
0.0
0.0
0.0
0.0
0.0
0.0
0.030968
0.06771899999999999
0.218891
0.252319
0.263926
0.245043
0.199065
0.126149
0.051215000000000004
0.000153
0.0
0.0
0.0
0.0
0.0
0.0
0.0
0.0
0.0
0.0
0.0
0.0
0.0
0.00656
0.10669100000000001
0.151618
0.337708
0.260702
0.268048
0.250625
0.206874
0.127669
0.050622999999999994
0.000223
0.0
0.0
0.0
0.0
0.0
0.0
0.0
0.0
0.0
0.0
0.0
0.0
0.0
0.0
0.028739
0.065958
0.096732
0.115508
0.121003
0.11259000000000001
0.09099800000000001
0.058822
0.022079
0.0
0.0
0.0
0.0
0.0
0.0
0.0
0.0
0.0
0.0
0.0
0.0
0.0
0.0
0.0
0.027484
0.063196
0.128082
0.19040700000000002
0.258443
0.10674800000000001
0.086101
0.054772
0.020642
0.0
0.0
0.0
0.0
0.0
0.0
0.0
0.0
0.0
0.0
0.0
0.0
0.0
0.0
0.0
0.026609999999999998
0.06103
0.09137300000000001
0.24074299999999998
0.251602
0.232824
0.175509
0.11351900000000001
0.111183
0.001591
0.0
0.0
0.0
0.0
0.0
0.0
0.0
0.0
0.0
0.0
0.0
0.0
0.0
0.001247
0.055500999999999995
0.126077
0.300022
0.238755
0.247118
0.22922900000000002
0.17312
0.111478
0.038880000000000005
0.0
0.0
0.0
0.0
0.0
0.0
0.0
0.0
0.0
0.0
0.0
0.0
0.0
0.0
0.000635
0.052268999999999996
0.132231
0.195295
0.23566800000000002
0.245188
0.22817500000000002
0.315942
0.272438
0.099458
0.0
0.0
0.0
0.0
0.0
0.0
0.0
0.0
0.0
0.0
0.0
0.0
0.0
0.0
0.000219
0.050665
0.056214
0.192369
0.10394400000000001
0.109851
0.101991
0.081343
0.11608199999999999
0.016159
0.0
0.0
0.0
0.0
0.0
0.0
0.0
0.0
0.0
0.0
0.0
0.0
0.0
0.0
0.000195
0.048795000000000005
0.121712
0.190666
0.229418
0.47431599999999996
0.532633
0.344651
0.246173
0.087124
0.0
0.0
0.0
0.0
0.0
0.0
0.0
0.0
0.0
0.0
0.0
0.0
0.0
0.0
0.0033740000000000003
0.124905
0.308558
0.40721300000000005
0.510466
0.532121
0.514815
0.38627999999999996
0.258974
0.090997
0.0
0.0
0.0
0.0
0.0
0.0
0.0
0.0
0.0
0.0
0.0
0.0
0.0
0.0
0.0027930000000000003
0.12254300000000001
0.316561
0.448975
0.537674
0.532175
0.50898
0.41738600000000003
0.27112200000000003
0.087608
0.0
0.0
0.0
0.0
0.0
0.0
0.0
0.0
0.0
0.0
0.0
0.0
0.0
0.0
0.0
0.044408
0.053557
0.081996
0.22619499999999998
0.229732
0.211384
0.073666
0.044520000000000004
0.012719
0.0
0.0
0.0
0.0
0.0
0.0
0.0
0.0
0.0
0.0
0.0
0.0
0.0
0.0
0.0
0.040701999999999995
0.111019
0.17843199999999998
0.21700899999999998
0.22628700000000002
0.208174
0.152527
0.092879
0.011066000000000001
0.0
0.0
0.0
0.0
0.0
0.0
0.0
0.0
0.0
0.0
0.0
0.0
0.0
0.0
0.0
0.039291
0.191736
0.177602
0.40446899999999997
0.440888
0.478763
0.406601
0.261803
0.056140999999999996
0.0
0.0
0.0
0.0
0.0
0.0
0.0
0.0
0.0
0.0
0.0
0.0
0.0
0.0
0.00035499999999999996
0.117052
0.29002300000000003
0.423513
0.502747
0.498591
0.45199700000000004
0.382534
0.254649
0.06986
0.0
0.0
0.0
0.0
0.0
0.0
0.0
0.0
0.0
0.0
0.0
0.0
0.0
0.0
0.000382
0.100759
0.28824700000000003
0.421224
0.503885
0.5191939999999999
0.5018929999999999
0.36294
0.040086
0.009083
0.0
0.0
0.0
0.0
0.0
0.0
0.0
0.0
0.0
0.0
0.0
0.0
0.0
0.0
0.0
0.100303
0.299394
0.44658
0.5371520000000001
0.538055
0.45663299999999996
0.32033999999999996
0.15059299999999998
0.028128
0.0
0.0
0.0
0.0
0.0
0.0
0.0
0.0
0.0
0.0
0.0
0.0
0.0
0.0
0.0
0.020975999999999998
0.046328
0.075578
0.093933
0.09944599999999999
0.10832699999999999
0.09678300000000001
0.062895
0.015835000000000002
0.0
0.0
0.0
0.0
0.0
0.0
0.0
0.0
0.0
0.0
0.0
0.0
0.0
0.0
0.0
0.097157
0.283489
0.44064600000000004
0.553822
0.577519
0.538918
0.427007
0.247511
0.054450000000000005
0.0
0.0
0.0
0.0
0.0
0.0
0.0
0.0
0.0
0.0
0.0
0.0
0.0
0.0
0.0
0.096288
0.28600400000000004
0.440584
0.553046
0.5765159999999999
0.538068
0.424433
0.24521500000000002
0.051541
0.0
0.0
0.0
0.0
0.0
0.0
0.0
0.0
0.0
0.0
0.0
0.0
0.0
0.0
0.0
0.09002
0.268424
0.399911
0.5133759999999999
0.5389700000000001
0.451394
0.33831900000000004
0.187816
0.038805
0.0
0.0
0.0
0.0
0.0
0.0
0.0
0.0
0.0
0.0
0.0
0.0
0.0
0.0
0.0
0.063697
0.16721100000000003
0.259549
0.358166
0.40341899999999997
0.353721
0.265314
0.134169
0.033704
0.0
0.0
0.0
0.0
0.0
0.0
0.0
0.0
0.0
0.0
0.0
0.0
0.0
0.0
0.0
0.043618000000000004
0.158692
0.260452
0.310876
0.315063
0.270312
0.177253
0.07661799999999999
0.011644999999999999
0.0
0.0
0.0
0.0
0.0
0.0
0.0
0.0
0.0
0.0
0.0
0.0
0.0
0.0
0.0
0.019276
0.09101300000000001
0.191739
0.27620100000000003
0.32129399999999997
0.268462
0.176498
0.07636799999999999
0.011676
0.0
0.0
0.0
0.0
0.0
0.0
0.0
0.0
0.0
0.0
0.0
0.0
0.0
0.0
0.0
0.009538999999999999
0.039143
0.067341
0.084287
0.088617
0.11213200000000001
0.108842
0.06979
0.008147999999999999
0.0
0.0
0.0
0.0
0.0
0.0
0.0
0.0
0.0
0.0
0.0
0.0
0.0
0.0
0.0
0.056576999999999995
0.209356
0.298683
0.344961
0.30436399999999997
0.252865
0.161645
0.068217
0.012981999999999999
0.0
0.0
0.0
0.0
0.0
0.0
0.0
0.0
0.0
0.0
0.0
0.0
0.0
0.0
0.0
0.021721
0.081467
0.138475
0.18623599999999998
0.196309
0.17765899999999998
0.133395
0.06691899999999999
0.006413
0.0
0.0
0.0
0.0
0.0
0.0
0.0
0.0
0.0
0.0
0.0
0.0
0.0
0.0
0.0
0.006887
0.035012
0.086485
0.14472300000000002
0.199217
0.15282900000000002
0.103924
0.047729999999999995
0.003816
0.0
0.0
0.0
0.0
0.0
0.0
0.0
0.0
0.0
0.0
0.0
0.0
0.0
0.0
0.0
0.009718
0.034397
0.061649999999999996
0.079789
0.08462399999999999
0.07739700000000001
0.057628
0.028844
0.0036309999999999997
0.0
0.0
0.0
0.0
0.0
0.0
0.0
0.0
0.0
0.0
0.0
0.0
0.0
0.0
0.0
0.009113
0.055957
0.11115699999999999
0.155918
0.196917
0.152659
0.102799
0.046604
0.00275
0.0
0.0
0.0
0.0
0.0
0.0
0.0
0.0
0.0
0.0
0.0
0.0
0.0
0.0
0.0
0.004618000000000001
0.032848
0.059192
0.076542
0.082273
0.10293899999999999
0.09885
0.060482999999999995
0.003469
0.0
0.0
0.0
0.0
0.0
0.0
0.0
0.0
0.0
0.0
0.0
0.0
0.0
0.0
0.0
0.007252
0.031339
0.08258599999999999
0.14068899999999998
0.19553700000000002
0.264289
0.26517
0.158478
0.014044000000000001
0.0
0.0
0.0
0.0
0.0
0.0
0.0
0.0
0.0
0.0
0.0
0.0
0.0
0.0
0.0
0.004
0.20119700000000001
0.39205599999999996
0.489464
0.216592
0.183342
0.056845999999999994
0.137059
0.013105
0.0
0.0
0.0
0.0
0.0
0.0
0.0
0.0
0.0
0.0
0.0
0.0
0.0
0.0
0.0
0.032174
0.221773
0.359815
0.342968
0.19841999999999999
0.18019200000000002
0.13132
0.060899
0.0033610000000000003
0.0
0.0
0.0
0.0
0.0
0.0
0.0
0.0
0.0
0.0
0.0
0.0
0.0
0.0
0.0
0.0023639999999999998
0.030553999999999998
0.138703
0.17674199999999998
0.18971700000000002
0.17141800000000001
0.127677
0.05878
0.008083
0.0
0.0
0.0
0.0
0.0
0.0
0.0
0.0
0.0
0.0
0.0
0.0
0.0
0.0
0.0
0.0022429999999999998
0.030137
0.081106
0.13836500000000002
0.191393
0.211374
0.184847
0.101187
0.003758
0.0
0.0
0.0
0.0
0.0
0.0
0.0
0.0
0.0
0.0
0.0
0.0
0.0
0.0
0.0
0.001281
0.027885999999999998
0.054418
0.072682
0.078158
0.070852
0.051659
0.024389
0.0
0.0
0.0
0.0
0.0
0.0
0.0
0.0
0.0
0.0
0.0
0.0
0.0
0.0
0.0
0.0
0.002709
0.026686
0.05296
0.07028
0.07595099999999999
0.06861400000000001
0.050405
0.023389
0.0
0.0
0.0
0.0
0.0
0.0
0.0
0.0
0.0
0.0
0.0
0.0
0.0
0.0
0.0
0.0
0.0006580000000000001
0.025975
0.07362
0.128379
0.18141
0.278048
0.278652
0.154568
0.0075049999999999995
0.0
0.0
0.0
0.0
0.0
0.0
0.0
0.0
0.0
0.0
0.0
0.0
0.0
0.0
0.0
0.003414
0.065504
0.116346
0.163226
0.17410499999999998
0.157974
0.116593
0.050653
0.001696
0.0
0.0
0.0
0.0
0.0
0.0
0.0
0.0
0.0
0.0
0.0
0.0
0.0
0.0
0.0
0.004343
0.064086
0.114308
0.16061799999999998
0.173837
0.119977
0.06775199999999999
0.02165
0.0
0.0
0.0
0.0
0.0
0.0
0.0
0.0
0.0
0.0
0.0
0.0
0.0
0.0
0.0
0.0
0.0
0.024461
0.050129
0.067813
0.073709
0.080848
0.06797700000000001
0.03594
0.00078
0.0
0.0
0.0
0.0
0.0
0.0
0.0
0.0
0.0
0.0
0.0
0.0
0.0
0.0
0.0
0.0
0.024118999999999998
0.050182000000000004
0.069027
0.074897
0.06801399999999999
0.048258
0.021557
0.0
0.0
0.0
0.0
0.0
0.0
0.0
0.0
0.0
0.0
0.0
0.0
0.0
0.0
0.0
0.0
0.0
0.023135000000000003
0.049040999999999994
0.067887
0.073817
0.067072
0.048304
0.021546
0.0
0.0
0.0
0.0
0.0
0.0
0.0
0.0
0.0
0.0
0.0
0.0
0.0
0.0
0.0
0.0
0.007966
0.146418
0.249282
0.195346
0.07312099999999999
0.080095
0.066829
0.034363
0.000367
0.0
0.0
0.0
0.0
0.0
0.0
0.0
0.0
0.0
0.0
0.0
0.0
0.0
0.0
0.0
0.0044340000000000004
0.143131
0.298303
0.353053
0.37545100000000003
0.39413600000000004
0.30440100000000003
0.16688499999999998
0.0057610000000000005
0.0
0.0
0.0
0.0
0.0
0.0
0.0
0.0
0.0
0.0
0.0
0.0
0.0
0.0
0.0
0.0
0.021609000000000003
0.067698
0.12273
0.173843
0.120515
0.068236
0.021021
0.0
0.0
0.0
0.0
0.0
0.0
0.0
0.0
0.0
0.0
0.0
0.0
0.0
0.0
0.0
0.0
0.0
0.02109
0.048305
0.066646
0.073656
0.06673
0.04845
0.02112
0.0
0.0
0.0
0.0
0.0
0.0
0.0
0.0
0.0
0.0
0.0
0.0
0.0
0.0
0.0
0.0
0.000923
0.021127
0.07676999999999999
0.160857
0.072645
0.066481
0.047200000000000006
0.021001000000000002
0.0
0.0
0.0
0.0
0.0
0.0
0.0
0.0
0.0
0.0
0.0
0.0
0.0
0.0
0.0
0.0
0.00549
0.120684
0.329366
0.370055
0.35395299999999996
0.29151299999999997
0.166677
0.048165
0.000875
0.0
0.0
0.0
0.0
0.0
0.0
0.0
0.0
0.0
0.0
0.0
0.0
0.0
0.0
0.0
0.004934
0.1183
0.336502
0.439089
0.468669
0.431141
0.336685
0.171779
0.0053419999999999995
0.0
0.0
0.0
0.0
0.0
0.0
0.0
0.0
0.0
0.0
0.0
0.0
0.0
0.0
0.0
0.0037530000000000003
0.113413
0.31266000000000005
0.371925
0.32913400000000004
0.235304
0.11894400000000001
0.048899
0.00047099999999999996
0.0
0.0
0.0
0.0
0.0
0.0
0.0
0.0
0.0
0.0
0.0
0.0
0.0
0.0
0.0
0.0
0.051092
0.230993
0.376815
0.46084800000000004
0.388447
0.301271
0.1645
0.004634999999999999
0.0
0.0
0.0
0.0
0.0
0.0
0.0
0.0
0.0
0.0
0.0
0.0
0.0
0.0
0.0
0.00033
0.089374
0.187308
0.306904
0.35868700000000003
0.312319
0.215314
0.086438
0.001728
0.0
0.0
0.0
0.0
0.0
0.0
0.0
0.0
0.0
0.0
0.0
0.0
0.0
0.0
0.0
0.0
0.01734
0.043066
0.061007
0.067815
0.061865
0.044757
0.018928999999999998
0.0
0.0
0.0
0.0
0.0
0.0
0.0
0.0
0.0
0.0
0.0
0.0
0.0
0.0
0.0
0.0
0.0
0.016276
0.041417
0.059101
0.06572
0.059631
0.042694
0.018272
0.0
0.0
0.0
0.0
0.0
0.0
0.0
0.0
0.0
0.0
0.0
0.0
0.0
0.0
0.0
0.0
0.0
0.027193000000000002
0.058637
0.071768
0.066429
0.08607
0.081589
0.044658
0.000763
0.0
0.0
0.0
0.0
0.0
0.0
0.0
0.0
0.0
0.0
0.0
0.0
0.0
0.0
0.0
0.0009559999999999999
0.11307500000000001
0.296966
0.378469
0.317855
0.156145
0.11039199999999999
0.045264000000000006
0.000785
0.0
0.0
0.0
0.0
0.0
0.0
0.0
0.0
0.0
0.0
0.0
0.0
0.0
0.0
0.0
0.0
0.016215
0.042323
0.061438
0.06809699999999999
0.062978
0.04471
0.019317
0.0008990000000000001
0.0
0.0
0.0
0.0
0.0
0.0
0.0
0.0
0.0
0.0
0.0
0.0
0.0
0.0
0.0
0.0
0.03714
0.104419
0.152145
0.169838
0.157409
0.114528
0.046056
0.000862
0.0
0.0
0.0
0.0
0.0
0.0
0.0
0.0
0.0
0.0
0.0
0.0
0.0
0.0
0.0
0.0
0.054776000000000005
0.135759
0.223246
0.290409
0.301979
0.233185
0.127367
0.0041340000000000005
0.0
0.0
0.0
0.0
0.0
0.0
0.0
0.0
0.0
0.0
0.0
0.0
0.0
0.0
0.0
0.0
0.014599
0.040582
0.060762000000000004
0.06764
0.062378
0.044878
0.019442
0.0
0.0
0.0
0.0
0.0
0.0
0.0
0.0
0.0
0.0
0.0
0.0
0.0
0.0
0.0
0.0
0.0
0.014308
0.039868
0.058603999999999996
0.06515800000000001
0.059937
0.043669
0.018905
0.0
0.0
0.0
0.0
0.0
0.0
0.0
0.0
0.0
0.0
0.0
0.0
0.0
0.0
0.0
0.0
0.0
0.013166
0.038244
0.056872
0.06445000000000001
0.059333
0.042360999999999996
0.018643999999999997
0.0
0.0
0.0
0.0
0.0
0.0
0.0
0.0
0.0
0.0
0.0
0.0
0.0
0.0
0.0
0.0
0.0
0.013302
0.03847
0.057042
0.064572
0.059366
0.043268
0.018690000000000002
0.0
0.0
0.0
0.0
0.0
0.0
0.0
0.0
0.0
0.0
0.0
0.0
0.0
0.0
0.0
0.0
0.0
0.013433
0.095808
0.140654
0.15802000000000002
0.147064
0.11010299999999999
0.046283000000000005
0.000289
0.0
0.0
0.0
0.0
0.0
0.0
0.0
0.0
0.0
0.0
0.0
0.0
0.0
0.0
0.0
0.0
0.013387
0.037918
0.057582999999999995
0.065139
0.060857
0.043689
0.019681999999999998
0.0
0.0
0.0
0.0
0.0
0.0
0.0
0.0
0.0
0.0
0.0
0.0
0.0
0.0
0.0
0.0
0.0
0.021332999999999998
0.07557599999999999
0.141735
0.120692
0.08566
0.0437
0.019672000000000002
0.0
0.0
0.0
0.0
0.0
0.0
0.0
0.0
0.0
0.0
0.0
0.0
0.0
0.0
0.0
0.0
0.0
0.012432
0.094794
0.139263
0.06459699999999999
0.150817
0.10744799999999999
0.046428
0.001231
0.0
0.0
0.0
0.0
0.0
0.0
0.0
0.0
0.0
0.0
0.0
0.0
0.0
0.0
0.0
0.0
0.012319
0.094134
0.330949
0.16061699999999998
0.145821
0.106892
0.045997
0.000671
0.0
0.0
0.0
0.0
0.0
0.0
0.0
0.0
0.0
0.0
0.0
0.0
0.0
0.0
0.0
0.0
0.06775199999999999
0.093339
0.334947
0.38185
0.36266699999999996
0.298414
0.108472
0.0017310000000000001
0.0
0.0
0.0
0.0
0.0
0.0
0.0
0.0
0.0
0.0
0.0
0.0
0.0
0.0
0.0
0.0
0.029254000000000002
0.037961
0.144898
0.064962
0.060547
0.059185
0.034258000000000004
0.001269
0.0
0.0
0.0
0.0
0.0
0.0
0.0
0.0
0.0
0.0
0.0
0.0
0.0
0.0
0.0
0.0
0.029257000000000002
0.233472
0.145233
0.38067
0.421999
0.291209
0.11155200000000001
0.00181
0.0
0.0
0.0
0.0
0.0
0.0
0.0
0.0
0.0
0.0
0.0
0.0
0.0
0.0
0.0
0.0
0.013063
0.038988999999999996
0.059926
0.068506
0.064035
0.047445
0.022732
0.0
0.0
0.0
0.0
0.0
0.0
0.0
0.0
0.0
0.0
0.0
0.0
0.0
0.0
0.0
0.0
0.0
0.012939
0.091163
0.146939
0.16446100000000002
0.155096
0.117211
0.051408999999999996
0.002306
0.0
0.0
0.0
0.0
0.0
0.0
0.0
0.0
0.0
0.0
0.0
0.0
0.0
0.0
0.0
0.0
0.07947499999999999
0.17049199999999998
0.198942
0.16106
0.150477
0.045536
0.021637
0.0
0.0
0.0
0.0
0.0
0.0
0.0
0.0
