0.0
0.0
0.0
0.0
0.0
0.0
0.0
0.0
0.0
0.054613999999999996
0.145498
0.225221
0.297914
0.303954
0.218444
0.109762
0.000861
0.0
0.0
0.0
0.0
0.0
0.0
0.0
0.0
0.0
0.0
0.0
0.0
0.0
0.0
0.0
0.0
0.01059
0.043374
0.083663
0.115528
0.085471
0.046009
0.012224
0.0
0.0
0.0
0.0
0.0
0.0
0.0
0.0
0.0
0.0
0.0
0.0
0.0
0.0
0.0
0.0
0.0
0.025564
0.057039
0.064671
0.050226
0.045961
0.032713
0.012295
0.0
0.0
0.0
0.0
0.0
0.0
0.0
0.0
0.0
0.0
0.0
0.0
0.0
0.0
0.0
0.0
0.0
0.027083
0.172069
0.34035899999999997
0.43990199999999996
0.41607299999999997
0.32296800000000003
0.15421600000000002
0.002875
0.0
0.0
0.0
0.0
0.0
0.0
0.0
0.0
0.0
0.0
0.0
0.0
0.0
0.0
0.0
0.00111
0.08984099999999999
0.308329
0.422378
0.452664
0.420541
0.32353899999999997
0.155034
0.003519
0.0
0.0
0.0
0.0
0.0
0.0
0.0
0.0
0.0
0.0
0.0
0.0
0.0
0.0
0.0
6.900000000000001e-05
0.09162300000000001
0.145259
0.15587
0.121661
0.115653
0.0825
0.035374
0.0
0.0
0.0
0.0
0.0
0.0
0.0
0.0
0.0
0.0
0.0
0.0
0.0
0.0
0.0
0.0
0.0
0.010881
0.032288
0.04732
0.053246
0.048904
0.034634
0.014839
0.0
0.0
0.0
0.0
0.0
0.0
0.0
0.0
0.0
0.0
0.0
0.0
0.0
0.0
0.0
0.0
0.0
0.019663
0.06179
0.099562
0.123619
0.091396
0.050879
0.014910999999999999
0.0
0.0
0.0
0.0
0.0
0.0
0.0
0.0
0.0
0.0
0.0
0.0
0.0
0.0
0.0
0.0
0.0
0.011538
0.032051
0.047729
0.053603000000000005
0.070706
0.06683599999999999
0.037368000000000005
0.0
0.0
0.0
0.0
0.0
0.0
0.0
0.0
0.0
0.0
0.0
0.0
0.0
0.0
0.0
0.0
0.0
0.027710000000000002
0.07445600000000001
0.11007800000000001
0.123649
0.090511
0.051014000000000004
0.015879
0.0
0.0
0.0
0.0
0.0
0.0
0.0
0.0
0.0
0.0
0.0
0.0
0.0
0.0
0.0
0.0
0.0
0.028718
0.118602
0.220334
0.310229
0.353279
0.318979
0.16944599999999999
0.006913
0.0
0.0
0.0
0.0
0.0
0.0
0.0
0.0
0.0
0.0
0.0
0.0
0.0
0.0
0.0
0.0
0.012175
0.033329
0.048241
0.054993
0.07293999999999999
0.070037
0.040701999999999995
0.001727
0.0
0.0
0.0
0.0
0.0
0.0
0.0
0.0
0.0
0.0
0.0
0.0
0.0
0.0
0.0
0.000437
0.075332
0.161903
0.262307
0.3367
0.339868
0.256378
0.14915199999999998
0.006946
0.0
0.0
0.0
0.0
0.0
0.0
0.0
0.0
0.0
0.0
0.0
0.0
0.0
0.0
0.0
0.000488
0.03246
0.08189400000000001
0.12009099999999999
0.134713
0.098893
0.05682
0.018802
0.0
0.0
0.0
0.0
0.0
0.0
0.0
0.0
0.0
0.0
0.0
0.0
0.0
0.0
0.0
0.0
0.0
0.013071
0.03508
0.05089
0.057532
0.076223
0.074227
0.045204
0.0022480000000000004
0.0
0.0
0.0
0.0
0.0
0.0
0.0
0.0
0.0
0.0
0.0
0.0
0.0
0.0
0.0
0.0
0.013884
0.035165
0.051014000000000004
0.057745
0.262604
0.32452499999999995
0.20819900000000002
0.017918
0.0
0.0
0.0
0.0
0.0
0.0
0.0
0.0
0.0
0.0
0.0
0.0
0.0
0.0
0.0
0.0
0.014215
0.11174200000000001
0.276486
0.383562
0.37108300000000005
0.30555099999999996
0.19473
0.019149
0.0
0.0
0.0
0.0
0.0
0.0
0.0
0.0
0.0
0.0
0.0
0.0
0.0
0.0
0.0
0.0
0.034573
0.068497
0.07489
0.059491999999999996
0.056102
0.041703000000000004
0.021204999999999998
0.000157
0.0
0.0
0.0
0.0
0.0
0.0
0.0
0.0
0.0
0.0
0.0
0.0
0.0
0.0
0.0
0.000253
0.076634
0.108523
0.097041
0.059156
0.229585
0.284534
0.211115
0.030611999999999997
0.0
0.0
0.0
0.0
0.0
0.0
0.0
0.0
0.0
0.0
0.0
0.0
0.0
0.0
0.0
0.0
0.015173
0.036978000000000004
0.052622999999999996
0.060034
0.055597
0.042
0.022119
0.0005600000000000001
0.0
0.0
0.0
0.0
0.0
0.0
0.0
0.0
0.0
0.0
0.0
0.0
0.0
0.0
0.0
0.000727
0.036773
0.070021
0.075936
0.059541
0.233224
0.289506
0.022934
0.0013779999999999999
0.0
0.0
0.0
0.0
0.0
0.0
0.0
0.0
0.0
0.0
0.0
0.0
0.0
0.0
0.0
0.0
0.036698
0.06868
0.075896
0.059982999999999995
0.056593000000000004
0.043287
0.022593
0.001432
0.0
0.0
0.0
0.0
0.0
0.0
0.0
0.0
0.0
0.0
0.0
0.0
0.0
0.0
0.0
0.0
0.015503
0.037804000000000004
0.054344
0.061138
0.058027
0.044843
0.024624
0.0030110000000000002
0.0
0.0
0.0
0.0
0.0
0.0
0.0
0.0
0.0
0.0
0.0
0.0
0.0
0.0
0.0
0.00019600000000000002
0.040197000000000004
0.09087999999999999
0.126975
0.154371
0.14608500000000002
0.106496
0.058147
0.010686999999999999
0.0
0.0
0.0
0.0
0.0
0.0
0.0
0.0
0.0
0.0
0.0
0.0
0.0
0.0
0.0
0.0
0.016227000000000002
0.038232
0.054314999999999995
0.060759999999999995
0.057515000000000004
0.044438000000000005
0.024755
0.003041
0.0
0.0
0.0
0.0
0.0
0.0
0.0
0.0
0.0
0.0
0.0
0.0
0.0
0.0
0.0
0.002439
0.074613
0.115941
0.103552
0.062314999999999995
0.084095
0.086173
0.060226999999999996
0.008688000000000001
0.0
0.0
0.0
0.0
0.0
0.0
0.0
0.0
0.0
0.0
0.0
0.0
0.0
0.0
0.0
0.007554
0.157968
0.28004399999999996
0.242365
0.066857
0.063603
0.050087000000000007
0.028051
0.004878
0.0
0.0
0.0
0.0
0.0
0.0
0.0
0.0
0.0
0.0
0.0
0.0
0.0
0.0
0.0
0.0
0.018721
0.058436
0.106515
0.145672
0.113511
0.069417
0.028222
0.004764
0.0
0.0
0.0
0.0
0.0
0.0
0.0
0.0
0.0
0.0
0.0
0.0
0.0
0.0
0.0
0.001585
0.045836
0.07848999999999999
0.083383
0.065494
0.063028
0.049945
0.029049
0.009068
0.0
0.0
0.0
0.0
0.0
0.0
0.0
0.0
0.0
0.0
0.0
0.0
0.0
0.0
0.0
0.0015660000000000001
0.046335
0.09838899999999999
0.145087
0.162209
0.11690900000000001
0.07278
0.030286
0.020347999999999998
0.0
0.0
0.0
0.0
0.0
0.0
0.0
0.0
0.0
0.0
0.0
0.0
0.0
0.0
0.0
0.011994999999999999
0.174749
0.37685
0.48979500000000004
0.534997
0.509397
0.400072
0.218513
0.059838
0.0
0.0
0.0
0.0
0.0
0.0
0.0
0.0
0.0
0.0
0.0
0.0
0.0
0.0
0.0
0.002907
0.056146999999999996
0.111874
0.067036
0.074609
0.07115300000000001
0.05751
0.03471200000000001
0.008429
0.0
0.0
0.0
0.0
0.0
0.0
0.0
0.0
0.0
0.0
0.0
0.0
0.0
0.0
0.0
0.0
0.023837
0.048667
0.066248
0.073489
0.070909
0.056527
0.034076999999999996
0.022424
0.0
0.0
0.0
0.0
0.0
0.0
0.0
0.0
0.0
0.0
0.0
0.0
0.0
0.0
0.0
0.000225
0.024388
0.049136000000000006
0.066664
0.07399800000000001
0.071544
0.057283
0.03567
0.024147
0.0
0.0
0.0
0.0
0.0
0.0
0.0
0.0
0.0
0.0
0.0
0.0
0.0
0.0
0.0
0.00047099999999999996
0.024961999999999998
0.04944
0.066804
0.074084
0.071536
0.057294
0.03587
0.010279
0.0
0.0
0.0
0.0
0.0
0.0
0.0
0.0
0.0
0.0
0.0
0.0
0.0
0.0
0.0
0.006122
0.058462
0.11326699999999999
0.163302
0.075291
0.087353
0.08341
0.060924
0.022005
0.0
0.0
0.0
0.0
0.0
0.0
0.0
0.0
0.0
0.0
0.0
0.0
0.0
0.0
0.0
0.007392
0.064053
0.117471
0.167513
0.184868
0.178398
0.147264
0.088421
0.029316
0.0
0.0
0.0
0.0
0.0
0.0
0.0
0.0
0.0
0.0
0.0
0.0
0.0
0.0
0.0
0.008396
0.0693
0.119208
0.159479
0.176843
0.16988499999999998
0.242755
0.221571
0.031377
0.0
0.0
0.0
0.0
0.0
0.0
0.0
0.0
0.0
0.0
0.0
0.0
0.0
0.0
0.0
0.009629
0.066888
0.10060899999999999
0.10348399999999999
0.081374
0.078879
0.064477
0.040834
0.020928000000000002
0.0
0.0
0.0
0.0
0.0
0.0
0.0
0.0
0.0
0.0
0.0
0.0
0.0
0.0
0.0
0.003484
0.030618
0.079599
0.135541
0.181346
0.176506
0.14746299999999998
0.098119
0.028940999999999998
0.0
0.0
0.0
0.0
0.0
0.0
0.0
0.0
0.0
0.0
0.0
0.0
0.0
0.0
0.0
0.040878
0.12424500000000001
0.176114
0.168346
0.405785
0.393529
0.33654500000000004
0.24615700000000001
0.09280200000000001
0.000903
0.0
0.0
0.0
0.0
0.0
0.0
0.0
0.0
0.0
0.0
0.0
0.0
0.0
0.0
0.034551000000000005
0.149817
0.230963
0.228882
0.201274
0.453452
0.37151
0.241553
0.092114
0.001338
0.0
0.0
0.0
0.0
0.0
0.0
0.0
0.0
0.0
0.0
0.0
0.0
0.0
0.0
0.065676
0.265825
0.44563400000000003
0.5710040000000001
0.6201559999999999
0.6030800000000001
0.510603
0.347134
0.153597
0.003439
0.0
0.0
0.0
0.0
0.0
0.0
0.0
0.0
0.0
0.0
0.0
0.0
0.0
0.0
0.017938
0.21631999999999998
0.27814
0.180271
0.196419
0.188673
0.15894999999999998
0.10948000000000001
0.043703000000000006
0.0
0.0
0.0
0.0
0.0
0.0
0.0
0.0
0.0
0.0
0.0
0.0
0.0
0.0
0.0
0.055853
0.07998999999999999
0.281512
0.452581
0.563107
0.562086
0.48937400000000003
0.331326
0.120421
0.0013260000000000001
0.0
0.0
0.0
0.0
0.0
0.0
0.0
0.0
0.0
0.0
0.0
0.0
0.0
0.0
0.038829
0.19533799999999998
0.350589
0.48457100000000003
0.5648650000000001
0.5411480000000001
0.423642
0.30324
0.147654
0.004931
0.0
0.0
0.0
0.0
0.0
0.0
0.0
0.0
0.0
0.0
0.0
0.0
0.0
0.0
0.017457999999999998
0.0841
0.152738
0.180358
0.211249
0.20327199999999998
0.17134
0.111566
0.095153
0.004252
0.0
0.0
0.0
0.0
0.0
0.0
0.0
0.0
0.0
0.0
0.0
0.0
0.0
0.0
0.022248
0.084302
0.154162
0.184297
0.09183100000000001
0.16125299999999998
0.207601
0.192459
0.073997
0.001745
0.0
0.0
0.0
0.0
0.0
0.0
0.0
0.0
0.0
0.0
0.0
0.0
0.0
0.0
0.017592
0.038412
0.06483
0.08373699999999999
0.091686
0.088114
0.073848
0.050627000000000005
0.036343
0.0011870000000000001
0.0
0.0
0.0
0.0
0.0
0.0
0.0
0.0
0.0
0.0
0.0
0.0
0.0
0.0
0.01038
0.038292
0.06439199999999999
0.08319700000000001
0.091309
0.08800100000000001
0.07405800000000001
0.051058
0.022905000000000002
0.0
0.0
0.0
0.0
0.0
0.0
0.0
0.0
0.0
0.0
0.0
0.0
0.0
0.0
0.0
0.011015
0.038821
0.064803
0.08359
0.090833
0.21177500000000002
0.17337799999999998
0.11473699999999999
0.052376
0.00204
0.0
0.0
0.0
0.0
0.0
0.0
0.0
0.0
0.0
0.0
0.0
0.0
0.0
0.0
0.028782
0.09270099999999999
0.12181600000000001
0.121021
0.094413
0.091075
0.077058
0.053049
0.024616
0.0
0.0
0.0
0.0
0.0
0.0
0.0
0.0
0.0
0.0
0.0
0.0
0.0
0.0
0.0
0.041829
0.17338499999999998
0.328195
0.450129
0.536639
0.466712
0.355634
0.208637
0.08986
0.005385
0.0
0.0
0.0
0.0
0.0
0.0
0.0
0.0
0.0
0.0
0.0
0.0
0.0
0.0
0.063709
0.09956699999999999
0.170296
0.19806
0.21558000000000002
0.22209600000000002
0.21212999999999999
0.16478399999999999
0.08695099999999999
0.007929
0.0
0.0
0.0
0.0
0.0
0.0
0.0
0.0
0.0
0.0
0.0
0.0
0.0
0.0
0.035579
0.100887
0.13036799999999998
0.128591
0.099949
0.096413
0.082101
0.057860999999999996
0.062664
0.003392
0.0
0.0
0.0
0.0
0.0
0.0
0.0
0.0
0.0
0.0
0.0
0.0
0.0
0.0014650000000000002
0.100172
0.315945
0.193796
0.202873
0.219742
0.210984
0.13374
0.058887999999999996
0.040958
0.005038
0.0
0.0
0.0
0.0
0.0
0.0
0.0
0.0
0.0
0.0
0.0
0.0
0.0
0.0018160000000000001
0.114251
0.30692899999999995
0.473237
0.5680470000000001
0.600526
0.584071
0.5105190000000001
0.378841
0.195858
0.025373
0.0
0.0
0.0
0.0
0.0
0.0
0.0
0.0
0.0
0.0
0.0
0.0
0.0
0.0017929999999999999
0.104321
0.289345
0.423754
0.49711099999999997
0.35356099999999996
0.29557799999999995
0.222325
0.127213
0.065305
0.005705
0.0
0.0
0.0
0.0
0.0
0.0
0.0
0.0
0.0
0.0
0.0
0.0
0.0
0.0
0.042339
0.108759
0.164712
0.215485
0.232159
0.345751
0.390712
0.347149
0.203524
0.032176
0.0
0.0
0.0
0.0
0.0
0.0
0.0
0.0
0.0
0.0
0.0
0.0
0.0
0.000133
0.063914
0.181561
0.234029
0.25331
0.214703
0.222208
0.190674
0.133411
0.068726
0.010820999999999999
0.0
0.0
0.0
0.0
0.0
0.0
0.0
0.0
0.0
0.0
0.0
0.0
0.0
0.00163
0.046791
0.051479
0.11009300000000001
0.17185499999999998
0.225132
0.273034
0.26995600000000003
0.224378
0.104421
0.014761
0.0
0.0
0.0
0.0
0.0
0.0
0.0
0.0
0.0
0.0
0.0
0.0
0.0
0.000153
0.0479
0.115188
0.18161600000000003
0.222864
0.24084
0.231921
0.200793
0.140076
0.07411100000000001
0.013207
0.0
0.0
0.0
0.0
0.0
0.0
0.0
0.0
0.0
0.0
0.0
0.0
0.0
0.00017299999999999998
0.031773
0.053762
0.08130200000000001
0.099182
0.10741500000000001
0.143679
0.15809800000000002
0.140641
0.076624
0.015167
0.0
0.0
0.0
0.0
0.0
0.0
0.0
0.0
0.0
0.0
0.0
0.0
0.0
0.006876999999999999
0.15237399999999998
0.362577
0.524277
0.571979
0.481675
0.490557
0.447434
0.354633
0.19450299999999998
0.036003999999999994
0.0
0.0
0.0
0.0
0.0
0.0
0.0
0.0
0.0
0.0
0.0
0.0
0.0
0.009486000000000001
0.160667
0.37626
0.5420130000000001
0.629894
0.6556660000000001
0.6469020000000001
0.576305
0.446892
0.246037
0.055553
0.0
0.0
0.0
0.0
0.0
0.0
0.0
0.0
0.0
0.0
0.0
0.0
0.0
0.012064
0.167996
0.382915
0.548885
0.6483479999999999
0.684096
0.643949
0.46610199999999996
0.247637
0.131727
0.028765
0.0
0.0
0.0
0.0
0.0
0.0
0.0
0.0
0.0
0.0
0.0
0.0
0.0
0.014278
0.169374
0.381337
0.5406409999999999
0.6195080000000001
0.6396459999999999
0.61674
0.5506040000000001
0.433933
0.246838
0.060618000000000005
0.0
0.0
0.0
0.0
0.0
0.0
0.0
0.0
0.0
0.0
0.0
0.0
0.0
0.011554
0.15404400000000001
0.36271
0.51003
0.584339
0.5798390000000001
0.503226
0.39293900000000004
0.244828
0.12136100000000001
0.025503
0.0
0.0
0.0
0.0
0.0
0.0
0.0
0.0
0.0
0.0
0.0
0.0
0.0
0.011192
0.093366
0.13174
0.190334
0.227666
0.2586
0.19478499999999999
0.132963
0.070863
0.039645
0.009507999999999999
0.0
0.0
0.0
0.0
0.0
0.0
0.0
0.0
0.0
0.0
0.0
0.0
0.0
0.019556
0.184452
0.37160899999999997
0.532267
0.60899
0.611912
0.487325
0.33451299999999995
0.16004400000000002
0.161435
0.053578
0.0
0.0
0.0
0.0
0.0
0.0
0.0
0.0
0.0
0.0
0.0
0.0
0.0
0.021477
0.120628
0.141458
0.164555
0.153038
0.118448
0.157278
0.172286
0.157235
0.075363
0.015577
0.0
0.0
0.0
0.0
0.0
0.0
0.0
0.0
0.0
0.0
0.0
0.0
0.0
0.012939
0.09985200000000001
0.231476
0.3252
0.389899
0.410528
0.341479
0.26667
0.16303299999999998
0.11117300000000001
0.036473
0.0
0.0
0.0
0.0
0.0
0.0
0.0
0.0
0.0
0.0
0.0
0.0
0.0
0.029341000000000002
0.205238
0.403145
0.534644
0.53008
0.40759500000000004
0.396937
0.341508
0.250017
0.14841300000000002
0.042906
0.0
0.0
0.0
0.0
0.0
0.0
0.0
0.0
0.0
0.0
0.0
0.0
0.0
0.038708
0.215275
0.41147
0.570072
0.664659
0.701936
0.678631
0.602985
0.467648
0.27263600000000004
0.079723
0.0
0.0
0.0
0.0
0.0
0.0
0.0
0.0
0.0
0.0
0.0
0.0
0.0
0.0056760000000000005
0.035612000000000005
0.069206
0.133071
0.20277699999999999
0.258835
0.308968
0.307214
0.258104
0.161751
0.046354
0.0
0.0
0.0
0.0
0.0
0.0
0.0
0.0
0.0
0.0
0.0
0.0
0.0
0.00664
0.037875
0.070434
0.097773
0.116255
0.123747
0.119506
0.10398600000000001
0.078515
0.083715
0.038213000000000004
0.0
0.0
0.0
0.0
0.0
0.0
0.0
0.0
0.0
0.0
0.0
0.0
0.0
0.018933
0.08415099999999999
0.152463
0.218774
0.26179
0.27388999999999997
0.365285
0.384031
0.349696
0.20508600000000002
0.06735200000000001
0.0
0.0
0.0
0.0
0.0
0.0
0.0
0.0
0.0
0.0
0.0
0.0
0.0
0.024599
0.120015
0.247715
0.292983
0.305524
0.264775
0.405521
0.448945
0.409534
0.24671600000000002
0.07347100000000001
0.0
0.0
0.0
0.0
0.0
0.0
0.0
0.0
0.0
0.0
0.0
0.0
0.0
0.008952
0.040705
0.07380500000000001
0.10134399999999999
0.11870900000000001
0.12771
0.170402
0.188634
0.171972
0.10660299999999999
0.037453
0.0
0.0
0.0
0.0
0.0
0.0
0.0
0.0
0.0
0.0
0.0
0.0
0.0
0.009732
0.042491
0.07567499999999999
0.10319199999999999
0.120185
0.127401
0.216788
0.279667
0.274872
0.129619
0.031454
0.0
0.0
0.0
0.0
0.0
0.0
0.0
0.0
0.0
0.0
0.0
0.0
0.0
0.016701
0.07713800000000001
0.165607
0.31200599999999995
0.438906
0.53385
0.46667899999999995
0.35706
0.18397300000000003
0.108941
0.039384
0.0
0.0
0.0
0.0
0.0
0.0
0.0
0.0
0.0
0.0
0.0
0.0
0.0
0.012150000000000001
0.044931
0.07816100000000001
0.146734
0.216389
0.27438999999999997
0.323875
0.319472
0.274194
0.136263
0.034157
0.0
0.0
0.0
0.0
0.0
0.0
0.0
0.0
0.0
0.0
0.0
0.0
0.0
0.07591500000000001
0.267886
0.468994
0.6220399999999999
0.70885
0.741342
0.720838
0.637685
0.50334
0.30756900000000004
0.106658
0.002512
0.0
0.0
0.0
0.0
0.0
0.0
0.0
0.0
0.0
0.0
0.0
0.0
0.078167
0.26771300000000003
0.455836
0.588804
0.655944
0.624522
0.646965
0.605908
0.493338
0.299665
0.10830500000000001
0.0029230000000000003
0.0
0.0
0.0
0.0
0.0
0.0
0.0
0.0
0.0
0.0
0.0
0.00027400000000000005
0.081607
0.273293
0.463329
0.601015
0.689338
0.71523
0.681552
0.611995
0.483131
0.29496100000000003
0.10834
0.003348
0.0
0.0
0.0
0.0
0.0
0.0
0.0
0.0
0.0
0.0
0.0
0.000294
0.086112
0.27659500000000004
0.465952
0.5881369999999999
0.662087
0.689507
0.662829
0.595062
0.475796
0.300367
0.096103
0.001425
0.0
0.0
0.0
0.0
0.0
0.0
0.0
0.0
0.0
0.0
0.0
0.0
0.030546
0.127089
0.270232
0.374863
0.487469
0.539818
0.494821
0.391942
0.278797
0.174146
0.06937900000000001
0.001466
0.0
0.0
0.0
0.0
0.0
0.0
0.0
0.0
0.0
0.0
0.0
0.0
0.032140999999999996
0.071092
0.08304399999999999
0.152084
0.22210400000000002
0.278156
0.284855
0.251947
0.19499
0.099745
0.032156
0.0
0.0
0.0
0.0
0.0
0.0
0.0
0.0
0.0
0.0
0.0
0.0
0.0
0.018455
0.052844999999999996
0.086415
0.114385
0.130727
0.138505
0.13284200000000002
0.118083
0.09171800000000001
0.058325
0.023118
0.0
0.0
0.0
0.0
0.0
0.0
0.0
0.0
0.0
0.0
0.0
0.0
0.0
0.020170999999999998
0.054917
0.088782
0.11640099999999999
0.13293000000000002
0.13941800000000001
0.133937
0.11770699999999999
0.09145
0.058495
0.023589
0.0
0.0
0.0
0.0
0.0
0.0
0.0
0.0
0.0
0.0
0.0
0.0
0.0
0.043821
0.112455
0.17959999999999998
0.32938999999999996
0.453118
0.546181
0.492336
0.393688
0.284875
0.17856899999999998
0.07366500000000001
0.003406
0.0
0.0
0.0
0.0
0.0
0.0
0.0
0.0
0.0
0.0
0.0
0.000963
0.066596
0.17230099999999998
0.275943
0.39942500000000003
0.508859
0.5650320000000001
0.544868
0.48311200000000004
0.37887
0.283477
0.11905299999999999
0.008345
0.0
0.0
0.0
0.0
0.0
0.0
0.0
0.0
0.0
0.0
0.0
0.004543999999999999
0.10284399999999999
0.252896
0.358981
0.546136
0.667019
0.7035370000000001
0.68167
0.609934
0.48429500000000003
0.311693
0.120984
0.009205
0.0
0.0
0.0
0.0
0.0
0.0
0.0
0.0
0.0
0.0
0.0
0.002139
0.094959
0.28288
0.47063099999999997
0.609622
0.687616
0.7044729999999999
0.6437809999999999
0.48202999999999996
0.285793
0.16365000000000002
0.061805
0.002907
0.0
0.0
0.0
0.0
0.0
0.0
0.0
0.0
0.0
0.0
0.0
0.003519
0.067581
0.14436600000000002
0.185078
0.249076
0.286524
0.300805
0.289263
0.251206
0.198074
0.103617
0.036121
0.0
0.0
0.0
0.0
0.0
0.0
0.0
0.0
0.0
0.0
0.0
0.0
0.0023239999999999997
0.053371
0.12315300000000001
0.19022999999999998
0.203493
0.185481
0.14077099999999998
0.186172
0.20854499999999998
0.195859
0.144417
0.06790900000000001
0.006265
0.0
0.0
0.0
0.0
0.0
0.0
0.0
0.0
0.0
0.0
0.0
0.011231
0.11969199999999999
0.258988
0.301846
0.387633
0.439379
0.45818200000000003
0.466419
0.451051
0.374739
0.213749
0.07561
0.0048070000000000005
0.0
0.0
0.0
0.0
0.0
0.0
0.0
0.0
0.0
0.0
0.0
0.007546000000000001
0.066578
0.107667
0.09416500000000001
0.165927
0.23903
0.297557
0.34829899999999997
0.34484
0.299703
0.178613
0.070677
0.005782
0.0
0.0
0.0
0.0
0.0
0.0
0.0
0.0
0.0
0.0
0.0
0.000497
0.027748000000000002
0.063466
0.09479800000000001
0.121154
0.136078
0.14267
0.189137
0.21212899999999998
0.202387
0.14976499999999998
0.07226300000000001
0.009500999999999999
0.0
0.0
0.0
0.0
0.0
0.0
0.0
0.0
0.0
0.0
0.0
0.006759
0.071127
0.178855
0.30547399999999997
0.39154700000000003
0.44255
0.46076
0.39228399999999997
0.311898
0.202471
0.157267
0.083259
0.012519
0.0
0.0
0.0
0.0
0.0
0.0
0.0
0.0
0.0
0.0
0.0
0.001976
0.041919
0.114142
0.21197200000000002
0.271125
0.306444
0.320185
0.30787200000000003
0.27042700000000003
0.214864
0.138221
0.06644599999999999
0.008992000000000002
0.0
0.0
0.0
0.0
0.0
0.0
0.0
0.0
0.0
0.0
0.0
0.009242
0.067718
0.141459
0.210393
0.316033
0.404237
0.467928
0.49117200000000005
0.482586
0.396373
0.241323
0.10626000000000001
0.014962999999999999
0.0
0.0
0.0
0.0
0.0
0.0
0.0
0.0
0.0
0.0
0.0
0.010783
0.069128
0.141654
0.209201
0.273972
0.31004000000000004
0.30799
0.308859
0.27627300000000005
0.221442
0.23449799999999998
0.13351400000000002
0.024331
0.0
0.0
0.0
0.0
0.0
0.0
0.0
0.0
0.0
0.0
0.0
0.011647000000000001
0.07189799999999999
0.145298
0.213469
0.22308
0.201285
0.15050999999999998
0.20074
0.222042
0.210304
0.144509
0.070399
0.011502
0.0
0.0
0.0
0.0
0.0
0.0
0.0
0.0
0.0
0.0
0.0
0.013106999999999999
0.072794
0.145874
0.213222
0.28783600000000004
0.36188600000000004
0.39807600000000004
0.41768299999999997
0.38849700000000004
0.326513
0.25413
0.131192
0.026067
0.0
0.0
0.0
0.0
0.0
0.0
0.0
0.0
0.0
0.0
0.0
0.01482
0.062491
0.098202
0.103255
0.128621
0.14484
0.14968399999999998
0.144309
0.12668000000000001
0.101908
0.068845
0.033652
0.004941
0.0
0.0
0.0
0.0
0.0
0.0
0.0
0.0
0.0
0.0
0.0
0.030876999999999998
0.156022
0.344377
0.5170800000000001
0.652072
0.746047
0.7663730000000001
0.7469669999999999
0.667397
0.539207
0.365322
0.16458699999999998
0.028732
0.0
0.0
0.0
0.0
0.0
0.0
0.0
0.0
0.0
0.0
0.0
0.036115
0.176219
0.373261
0.548492
0.682956
0.761362
0.790858
0.761038
0.678045
0.5443300000000001
0.364163
0.165747
0.032075000000000006
0.0
0.0
0.0
0.0
0.0
0.0
0.0
0.0
0.0
0.0
0.0
0.038706000000000004
0.17944200000000002
0.372527
0.541318
0.665908
0.735986
0.7579940000000001
0.731433
0.659117
0.526004
0.357105
0.165315
0.030927
0.0
0.0
0.0
0.0
0.0
0.0
0.0
0.0
0.0
0.0
0.0
0.040875
0.184418
0.376676
0.545289
0.664963
0.743515
0.7561530000000001
0.724716
0.6462129999999999
0.522903
0.35671600000000003
0.164785
0.031538000000000004
0.0
0.0
0.0
0.0
0.0
0.0
0.0
0.0
0.0
0.0
0.0
0.042165999999999995
0.186326
0.375476
0.5297000000000001
0.6386660000000001
0.70861
0.737229
0.721423
0.65258
0.528919
0.349566
0.139733
0.017405
0.0
0.0
0.0
0.0
0.0
0.0
0.0
0.0
0.0
0.0
0.0
0.022052
0.083592
0.15459299999999998
0.217821
0.27970999999999996
0.29629099999999997
0.303252
0.289481
0.26971
0.218605
0.147418
0.077032
0.018343
0.0
0.0
0.0
0.0
0.0
0.0
0.0
0.0
0.0
0.0
0.0
0.009433
0.041141
0.076079
0.107689
0.132247
0.148288
0.15290700000000002
0.147205
0.129873
0.105624
0.07331499999999999
0.038564
0.007812
0.0
0.0
0.0
0.0
0.0
0.0
0.0
0.0
0.0
0.0
0.0
0.040385
0.202177
0.404068
0.579284
0.719467
0.799139
0.817418
0.7844009999999999
0.702751
0.5653579999999999
0.384355
0.184106
0.043499
0.0
0.0
0.0
0.0
0.0
0.0
0.0
0.0
0.0
0.0
0.0
0.039716
0.13172999999999999
0.24024
0.335832
0.54043
0.6754020000000001
0.7388239999999999
0.736675
0.675239
0.551096
0.370291
0.172514
0.040064
0.0
0.0
0.0
0.0
0.0
0.0
0.0
0.0
0.0
0.0
0.0
0.028593
0.095768
0.175412
0.235214
0.288578
0.32156999999999997
0.330597
0.378939
0.371512
0.336383
0.292911
0.168127
0.045905
0.0
0.0
0.0
0.0
0.0
0.0
0.0
0.0
0.0
0.0
0.0
0.030751999999999998
0.097278
0.173898
0.234162
0.28794099999999995
0.316072
0.325971
0.26566500000000004
0.18803899999999998
0.110561
0.077874
0.041422
0.010217
0.0
0.0
0.0
0.0
0.0
0.0
0.0
0.0
0.0
0.0
0.0
0.044371
0.14044399999999999
0.251081
0.350981
0.389886
0.38974000000000003
0.338266
0.445548
0.454629
0.431031
0.304558
0.155326
0.043268999999999995
0.0
0.0
0.0
0.0
0.0
0.0
0.0
0.0
0.0
0.0
0.00023300000000000003
0.045613999999999995
0.11444499999999999
0.146755
0.117316
0.142817
0.15784700000000002
0.16216399999999997
0.21565700000000002
0.23985
0.232713
0.137933
0.060473
0.011281000000000001
0.0
0.0
0.0
0.0
0.0
0.0
0.0
0.0
0.0
0.0
0.0
0.015217000000000001
0.047566000000000004
0.08376900000000001
0.115826
0.14096799999999998
0.155752
0.160045
0.15321700000000002
0.136314
0.109933
0.077723
0.042835
0.011018
0.0
0.0
0.0
0.0
0.0
0.0
0.0
0.0
0.0
0.0
0.0
0.033974
0.09919199999999999
0.170321
0.235147
0.341139
0.436045
0.492846
0.377465
0.235407
0.110542
0.108209
0.076277
0.027502
0.0
0.0
0.0
0.0
0.0
0.0
0.0
0.0
0.0
0.0
0.0
0.016055
0.050329
0.08574
0.118021
0.142597
0.15917900000000001
0.163424
0.216298
0.24124700000000002
0.233737
0.167656
0.094087
0.029722000000000002
0.0
0.0
0.0
0.0
0.0
0.0
0.0
0.0
0.0
0.0
0.0
0.037973999999999994
0.121929
0.236714
0.360707
0.399223
0.38789999999999997
0.335809
0.316623
0.29262299999999997
0.242701
0.19583699999999998
0.120921
0.04274
0.0
0.0
0.0
0.0
0.0
0.0
0.0
0.0
0.0
0.0
0.002818
0.067251
0.22863499999999998
0.405051
0.549135
0.660702
0.6887190000000001
0.61297
0.481308
0.28441500000000003
0.11292100000000001
0.081003
0.045654
0.013275
0.0
0.0
0.0
0.0
0.0
0.0
0.0
0.0
0.0
0.0
0.0
0.039769
0.169995
0.363529
0.557269
0.629831
0.558534
0.339868
0.312487
0.289861
0.237587
0.162978
0.093571
0.030802
0.0
0.0
0.0
0.0
0.0
0.0
0.0
0.0
0.0
0.0
0.0034620000000000002
0.071581
0.20361400000000002
0.322017
0.356702
0.427856
0.472765
0.486016
0.467087
0.421196
0.341632
0.23707599999999998
0.131153
0.044162
0.0
0.0
0.0
0.0
0.0
0.0
0.0
0.0
0.0
0.0
0.002388
0.06457399999999999
0.16018000000000002
0.229993
0.236709
0.29315800000000003
0.321536
0.32994999999999997
0.315579
0.27393900000000004
0.223905
0.136919
0.062961
0.014528000000000001
0.0
0.0
0.0
0.0
0.0
0.0
0.0
0.0
0.0
0.0
0.0
0.031368
0.08988299999999999
0.162519
0.246899
0.29375999999999997
0.324255
0.32442899999999997
0.30724599999999996
0.284111
0.23488499999999998
0.140595
0.06490399999999999
0.015467999999999999
0.0
0.0
0.0
0.0
0.0
0.0
0.0
0.0
0.0
0.0
0.0
0.019504
0.05298
0.08784499999999999
0.118802
0.143067
0.157979
0.162352
0.156788
0.140267
0.114878
0.08302200000000001
0.048102
0.015645
0.0
0.0
0.0
0.0
0.0
0.0
0.0
0.0
0.0
0.0
0.0
0.020328
0.111208
0.261129
0.433261
0.582091
0.678355
0.746966
0.644968
0.455502
0.239209
0.168666
0.098401
0.035425
0.0
0.0
0.0
0.0
0.0
0.0
0.0
0.0
0.0
0.0
0.002303
0.045577
0.12964799999999999
0.23872
0.357447
0.5676140000000001
0.704717
0.767865
0.728063
0.6481079999999999
0.525002
0.341277
0.165463
0.049811
0.0
0.0
0.0
0.0
0.0
0.0
0.0
0.0
0.0
0.0
0.004934999999999999
0.061429000000000004
0.143474
0.206407
0.24098599999999998
0.29547199999999996
0.333263
0.32748
0.43785700000000005
0.476449
0.425802
0.308954
0.169157
0.058667000000000004
0.001355
0.0
0.0
0.0
0.0
0.0
0.0
0.0
0.0
0.0
0.0
0.02171
0.075907
0.154017
0.243803
0.34588
0.431008
0.48452999999999996
0.420372
0.332445
0.23730400000000001
0.245092
0.16714500000000002
0.061916
0.001767
0.0
0.0
0.0
0.0
0.0
0.0
0.0
0.0
0.0
0.004717
0.048255
0.132467
0.241202
0.360626
0.50541
0.6130549999999999
0.684228
0.715227
0.658856
0.55299
0.397205
0.210352
0.069877
0.003885
0.0
0.0
0.0
0.0
0.0
0.0
0.0
0.0
0.0
0.00555
0.066584
0.14482
0.213288
0.242518
0.28890899999999997
0.319404
0.34112400000000004
0.52638
0.572152
0.518215
0.37434300000000004
0.20605
0.06937
0.005104
0.0
0.0
0.0
0.0
0.0
0.0
0.0
0.0
0.0
0.00908
0.050027
0.175928
0.35670100000000005
0.540388
0.6513479999999999
0.6966910000000001
0.6900069999999999
0.582172
0.426436
0.23538399999999998
0.144966
0.06837399999999999
0.018359
0.0
0.0
0.0
0.0
0.0
0.0
0.0
0.0
0.0
0.0
0.005072
0.050415
0.148641
0.28374
0.440393
0.502614
0.524294
0.486318
0.467429
0.420068
0.34535000000000005
0.224502
0.11768899999999999
0.040881999999999995
0.000856
0.0
0.0
0.0
0.0
0.0
0.0
0.0
0.0
0.0
0.00041299999999999996
0.023869
0.150332
0.347823
0.546245
0.561979
0.433837
0.162552
0.15685300000000002
0.141646
0.117214
0.11826099999999999
0.08975799999999999
0.042234
0.001693
0.0
0.0
0.0
0.0
0.0
0.0
0.0
0.0
0.0
0.011510999999999999
0.078716
0.186215
0.280873
0.357663
0.458714
0.544245
0.5969679999999999
0.543355
0.44467599999999996
0.34289299999999995
0.248141
0.14649600000000002
0.059573999999999995
0.003611
0.0
0.0
0.0
0.0
0.0
0.0
0.0
0.0
0.0
0.011468
0.078962
0.21469
0.383638
0.538913
0.594256
0.573339
0.471053
0.460484
0.415007
0.34223899999999996
0.245339
0.14791300000000002
0.060295
0.003738
0.0
0.0
0.0
0.0
0.0
0.0
0.0
0.0
0.0
0.003195
0.025300999999999997
0.090479
0.186418
0.307727
0.43598000000000003
0.544086
0.5987060000000001
0.47210599999999997
0.292628
0.118456
0.118937
0.09162300000000001
0.045273
0.001438
0.0
0.0
0.0
0.0
0.0
0.0
0.0
0.0
0.0
0.00395
0.025623999999999997
0.08198
0.160225
0.250924
0.29796100000000003
0.330868
0.337139
0.387125
0.39459500000000003
0.359016
0.235642
0.12778
0.046537
0.002835
0.0
0.0
0.0
0.0
0.0
0.0
0.0
0.0
0.0
0.001968
0.02655
0.059832
0.094263
0.12396800000000001
0.25118199999999996
0.38620699999999997
0.507254
0.440612
0.35070100000000004
0.243845
0.302458
0.214
0.085726
0.012347
0.0
0.0
0.0
0.0
0.0
0.0
0.0
0.0
0.0
0.019129
0.07811499999999999
0.225075
0.411879
0.564821
0.663482
0.716231
0.760144
0.7133120000000001
0.639345
0.513161
0.36732
0.210801
0.076741
0.012022
0.0
0.0
0.0
0.0
0.0
0.0
0.0
0.0
0.0
0.02146
0.093235
0.251147
0.418856
0.554811
0.652544
0.725702
0.742743
0.711767
0.656496
0.544087
0.399092
0.22403700000000001
0.079584
0.013138
0.0
0.0
0.0
0.0
0.0
0.0
0.0
0.0
0.0
0.020838000000000002
0.098576
0.252046
0.418411
0.55098
0.6380170000000001
0.685635
0.68108
0.663868
0.582185
0.472644
0.356476
0.209563
0.077716
0.012587999999999998
0.0
0.0
0.0
0.0
0.0
0.0
0.0
0.0
0.0
0.021793
0.092438
0.218306
0.34389
0.433417
0.50012
0.562013
0.569349
0.46512
0.290391
0.11893600000000001
0.15310300000000002
0.128892
0.068395
0.009108
0.0
0.0
0.0
0.0
0.0
0.0
0.0
0.0
0.0
0.002579
0.027468
0.060247
0.09359300000000001
0.12356199999999999
0.146574
0.159832
0.16522499999999998
0.21667599999999998
0.24345599999999998
0.250029
0.18143600000000001
0.11415
0.050469
0.008539
0.0
0.0
0.0
0.0
0.0
0.0
0.0
0.0
0.0
0.003317
0.027642
0.061201
0.094684
0.124067
0.148094
0.162428
0.168244
0.16252699999999998
0.145828
0.121828
0.091422
0.056915
0.024687
0.0011790000000000001
0.0
0.0
0.0
0.0
0.0
0.0
0.0
0.0
0.0
0.0034
0.027902999999999997
0.08513899999999999
0.164543
0.26273599999999997
0.311524
0.341689
0.350962
0.275418
0.19905899999999999
0.121594
0.12413500000000001
0.097543
0.051982999999999994
0.006562999999999999
0.0
0.0
0.0
0.0
0.0
0.0
0.0
0.0
0.0
0.024389
0.10417900000000001
0.261096
0.431975
0.5834
0.693387
0.759042
0.77675
0.747896
0.675205
0.562141
0.41221199999999997
0.234516
0.087738
0.018481
0.0
0.0
0.0
0.0
0.0
0.0
0.0
0.0
0.0
0.021337
0.0928
0.22869499999999998
0.372601
0.525183
0.635077
0.594422
0.330661
0.318064
0.288495
0.338173
0.25491800000000003
0.154742
0.085998
0.01843
0.0
0.0
0.0
0.0
0.0
0.0
0.0
0.0
0.0
0.014181
0.07723999999999999
0.168456
0.268639
0.525467
0.512784
0.5577369999999999
0.47300200000000003
0.31605500000000003
0.28950099999999995
0.246532
0.182909
0.11798900000000001
0.054813
0.007988
0.0
0.0
0.0
0.0
0.0
0.0
0.0
0.0
0.0
0.024654
0.097356
0.254409
0.42811
0.5746870000000001
0.675668
0.715152
0.739563
0.71117
0.6624990000000001
0.49558199999999997
0.322896
0.161225
0.055130000000000005
0.00865
0.0
0.0
0.0
0.0
0.0
0.0
0.0
0.0
0.0
0.012554000000000001
0.062324
0.128507
0.196296
0.46097699999999997
0.446467
0.679705
0.619404
0.728024
0.332148
0.25702600000000003
0.188659
0.166702
0.056133
0.016493999999999998
0.0
0.0
0.0
0.0
0.0
0.0
0.0
0.0
0.0
0.012585
0.062155999999999996
0.127467
0.19453700000000002
0.125358
0.148955
0.16516
0.170077
0.164104
0.148818
0.12518600000000002
0.09429900000000001
0.060093
0.026964
0.002645
0.0
0.0
0.0
0.0
0.0
0.0
0.0
0.0
0.0
0.004197
0.030428
0.063739
0.09818099999999999
0.128164
0.150869
0.165276
0.169106
0.163159
0.14793199999999998
0.123636
0.09328
0.12199800000000001
0.085868
0.021915
0.0
0.0
0.0
0.0
0.0
0.0
0.0
0.0
0.0
0.027332000000000002
0.109676
0.23730600000000002
0.388
0.514602
0.6086609999999999
0.664014
0.60958
0.584871
0.52738
0.362559
0.267286
0.136403
0.046911
0.00313
0.0
0.0
0.0
0.0
0.0
0.0
0.0
0.0
0.0
0.004844
0.062789
0.128591
0.19688999999999998
0.256166
0.544385
0.69076
0.7075929999999999
0.763687
0.623425
0.370673
0.277931
0.184477
0.08730800000000001
0.020638
0.0
0.0
0.0
0.0
0.0
0.0
0.0
0.0
0.0
0.013544
0.063346
0.127802
0.193409
0.507932
0.6086929999999999
0.48377
0.490088
0.476117
0.5365489999999999
0.44830200000000003
0.335718
0.205244
0.07782599999999999
0.016589
0.0
0.0
0.0
0.0
0.0
0.0
0.0
0.0
0.0
0.013452
0.063202
0.128616
0.195772
0.261978
0.299988
0.328673
0.166852
0.33836
0.296079
0.122919
0.093214
0.060092
0.027914
0.003964
0.0
0.0
0.0
0.0
0.0
0.0
0.0
0.0
0.0
0.013426
0.09406
0.255197
0.406165
0.499613
0.443137
0.463568
0.475587
0.405486
0.29401799999999995
0.249081
0.19008
0.122199
0.058961
0.011637999999999999
0.0
0.0
0.0
0.0
0.0
0.0
0.0
0.0
0.0
0.004866
0.063414
0.129133
0.19578700000000002
0.36670800000000003
0.5315529999999999
0.6641050000000001
0.728885
0.35893
0.291029
0.252667
0.189065
0.122137
0.059136
0.011509
0.0
0.0
0.0
0.0
0.0
0.0
0.0
0.0
0.0
0.026544
0.10548099999999999
0.26019400000000004
0.420751
0.5606570000000001
0.641983
0.646323
0.499905
0.567649
0.628461
0.250383
0.332039
0.125518
0.060052
0.012476000000000001
0.0
0.0
0.0
0.0
0.0
0.0
0.0
0.0
0.0
0.004804
0.06299300000000001
0.1272
0.194473
0.253859
0.304661
0.338354
0.34616699999999995
0.33449900000000005
0.30600599999999994
0.249782
0.189322
0.123613
0.060081
0.012272
0.0
0.0
0.0
0.0
0.0
0.0
0.0
0.0
0.0
0.025058
0.095749
0.233417
0.38369200000000003
0.518974
0.6617609999999999
0.675006
0.693901
0.664516
0.606657
0.447836
0.336323
0.22847900000000002
0.099111
0.023013000000000002
0.0
0.0
0.0
0.0
0.0
0.0
0.0
0.0
0.0
0.028064
0.106374
0.260647
0.431201
0.579613
0.673975
0.68099
0.614466
0.589017
0.651102
0.545813
0.421427
0.2526
0.10030599999999999
0.026101
0.0
0.0
0.0
0.0
0.0
0.0
0.0
0.0
0.0
0.027496
0.101865
0.252618
0.41716699999999995
0.553064
0.6521399999999999
0.7150639999999999
0.7212759999999999
0.699889
0.6356369999999999
0.533772
0.397386
0.24099600000000002
0.097411
0.026251
0.0
0.0
0.0
0.0
0.0
0.0
0.0
0.0
0.0
0.013304999999999999
0.062628
0.127239
0.194112
0.193802
0.14649500000000001
0.337733
0.336062
0.41724
0.438141
0.25215899999999997
0.196759
0.126602
0.084553
0.024663
0.0
0.0
0.0
0.0
0.0
0.0
0.0
0.0
0.0
0.027280000000000002
0.10325
0.176725
0.19684700000000002
0.261284
0.299782
0.48518900000000004
0.620596
0.592812
0.5401119999999999
0.455166
0.33760500000000004
0.209283
0.108751
0.028005
0.0
0.0
0.0
0.0
0.0
0.0
0.0
0.0
0.0
0.028408000000000003
0.109868
0.259109
0.427495
0.36760899999999996
0.37110899999999997
0.324611
0.33423200000000003
0.325232
0.295801
0.257415
0.195246
0.126109
0.09492300000000001
0.020753
0.0
0.0
0.0
0.0
0.0
0.0
0.0
0.0
0.0
0.024635
0.095293
0.251064
0.41644
0.262649
0.30303399999999997
0.337666
0.34551499999999996
0.337574
0.304115
0.267057
0.20168
0.129751
0.064594
0.014378
0.0
0.0
0.0
0.0
0.0
0.0
0.0
0.0
0.0
0.013699999999999999
0.063225
0.12956600000000001
0.197501
0.260936
0.32164299999999996
0.390214
0.429113
0.4405
0.427181
0.37269
0.342555
0.239081
0.105872
0.029138999999999998
0.0
0.0
0.0
0.0
0.0
0.0
0.0
0.0
0.0
0.028168
0.10911499999999999
0.25999700000000003
0.430047
0.570701
0.67441
0.734777
0.751356
0.741896
0.6665570000000001
0.548608
0.38524400000000003
0.17732499999999998
0.062984
0.021492
0.0
0.0
0.0
0.0
0.0
0.0
0.0
0.0
0.0
0.027675
0.10693899999999999
0.257741
0.428907
0.5667949999999999
0.6692509999999999
0.7444120000000001
0.76673
0.730833
0.675909
0.568238
0.425573
0.257584
0.104472
0.028082
0.0
0.0
0.0
0.0
0.0
0.0
0.0
0.0
0.0
0.025721
0.09971
0.23049899999999998
0.415794
0.5557730000000001
0.6570499999999999
0.7212029999999999
0.743954
0.736106
0.670352
0.557319
0.42082400000000003
0.256912
0.10406
0.025733
0.0
0.0
0.0
0.0
0.0
0.0
0.0
0.0
0.0
0.025509
0.09822
0.20505299999999999
0.267847
0.354779
0.423045
0.31889100000000004
0.339557
0.15789699999999998
0.145452
0.123172
0.095526
0.062337000000000004
0.029928
0.005301999999999999
0.0
0.0
0.0
0.0
0.0
0.0
0.0
0.0
0.0
0.011723
0.059305
0.17024899999999998
0.331567
0.503424
0.638026
0.653188
0.672363
0.5884109999999999
0.43218799999999996
0.25088499999999997
0.19256399999999999
0.123964
0.029707
0.0052910000000000006
0.0
0.0
0.0
0.0
0.0
0.0
0.0
0.0
0.0
0.018331
0.059798000000000004
0.149294
0.276334
0.369725
0.43614299999999995
0.6081019999999999
0.5052300000000001
0.329623
0.339004
0.307325
0.248393
0.169952
0.08609900000000001
0.028646
0.0
0.0
0.0
0.0
0.0
0.0
0.0
0.0
0.0
0.011965
0.08661400000000001
0.169631
0.18984
0.249713
0.347963
0.434888
0.48925
0.475933
0.433122
0.361245
0.274473
0.17427199999999998
0.062062
0.01417
0.0
0.0
0.0
0.0
0.0
0.0
0.0
0.0
0.0
0.00326
0.027244
0.059857
0.09265000000000001
0.187607
0.29407799999999995
0.33322399999999996
0.343988
0.581119
0.43789999999999996
0.251467
0.19179300000000002
0.12595399999999998
0.063085
0.014458
0.0
0.0
0.0
0.0
0.0
0.0
0.0
0.0
0.0
0.016343
0.056079000000000004
0.117194
0.18024500000000002
0.236702
0.288578
0.32099
0.32101100000000005
0.32026299999999996
0.297462
0.24132800000000001
0.183166
0.1227
0.06051
0.013624
0.0
0.0
0.0
0.0
0.0
0.0
0.0
0.0
0.0
0.022427
0.08952500000000001
0.237043
0.407293
0.552335
0.6474840000000001
0.6910449999999999
0.665385
0.6711
0.6288360000000001
0.5413239999999999
0.42000400000000004
0.255563
0.10269400000000001
0.027052
0.0
0.0
0.0
0.0
0.0
0.0
0.0
0.0
0.0
0.022345
0.076777
0.212076
0.39198099999999997
0.5511079999999999
0.6514589999999999
0.7199589999999999
0.739266
0.6983440000000001
0.5927319999999999
0.43258300000000005
0.287165
0.155478
0.060077
0.010586
0.0
0.0
0.0
0.0
0.0
0.0
0.0
0.0
0.0
0.021613
0.09034600000000001
0.23840999999999998
0.4045
0.530019
0.659219
0.739072
0.76382
0.730523
0.670947
0.569646
0.427483
0.255799
0.102328
0.027015
0.0
0.0
0.0
0.0
0.0
0.0
0.0
0.0
0.0
0.021779
0.088979
0.242233
0.41421399999999997
0.558242
0.671292
0.7383970000000001
0.76564
0.742775
0.681761
0.575585
0.429776
0.25816
0.10577500000000001
0.027003
0.0
0.0
0.0
0.0
0.0
0.0
0.0
0.0
0.0
0.021209
0.087912
0.239184
0.40057
0.545519
0.64773
0.709379
0.71136
0.688309
0.6097319999999999
0.536989
0.41541300000000003
0.252639
0.100828
0.026063
0.0
0.0
0.0
0.0
0.0
0.0
0.0
0.0
0.0
0.010587
0.053452
0.09734999999999999
0.121729
0.11787
0.296031
0.467659
0.5855779999999999
0.540791
0.448536
0.35130900000000004
0.239965
0.13947
0.059681
0.010119999999999999
0.0
0.0
0.0
0.0
0.0
0.0
0.0
0.0
0.0
0.006526
0.052811
0.11404500000000001
0.179961
0.236705
0.28954199999999997
0.321799
0.336199
0.33218200000000003
0.300183
0.24165
0.160142
0.084126
0.029241
0.0046289999999999994
0.0
0.0
0.0
0.0
0.0
0.0
0.0
0.0
0.0
0.020927
0.08495699999999999
0.235736
0.394899
0.5138959999999999
0.640428
0.706524
0.7320720000000001
0.712851
0.649694
0.546764
0.420374
0.257711
0.104784
0.026768999999999998
0.0
0.0
0.0
0.0
0.0
0.0
0.0
0.0
0.0
0.016576
0.072222
0.20929
0.398991
0.558698
0.668944
0.735371
0.760081
0.746991
0.6659550000000001
0.566315
0.428084
0.256965
0.10509600000000001
0.026006
0.0
0.0
0.0
0.0
0.0
0.0
0.0
0.0
0.0
0.019659
0.08362699999999999
0.229737
0.39891899999999997
0.544606
0.647624
0.709733
0.744775
0.7080080000000001
0.658051
0.560234
0.41308100000000003
0.246917
0.098138
0.024707999999999997
0.0
0.0
0.0
0.0
0.0
0.0
0.0
0.0
0.0
0.017907
0.080653
0.223591
0.374829
0.515398
0.6018519999999999
0.6646810000000001
0.653846
0.664659
0.626231
0.540059
0.414372
0.250026
0.09914
0.024884
0.0
0.0
0.0
0.0
0.0
0.0
0.0
0.0
0.0
0.017931000000000002
0.081143
0.230654
0.403676
0.551491
0.662644
0.735642
0.7359690000000001
0.735306
0.6722899999999999
0.569111
0.425068
0.25475
0.10274599999999999
0.025108000000000002
0.0
0.0
0.0
0.0
0.0
0.0
0.0
0.0
0.0
0.016669
0.080305
0.230213
0.395287
0.532208
0.646082
0.692899
0.730213
0.691234
0.6480929999999999
0.5460109999999999
0.409462
0.244669
0.096081
0.022672
0.0
0.0
0.0
0.0
0.0
0.0
0.0
0.0
0.0
0.012234
0.07606
0.208697
0.367834
0.520762
0.630247
0.700072
0.731444
0.660359
0.48338
0.242771
0.151454
0.078692
0.026844
0.003129
0.0
0.0
0.0
0.0
0.0
0.0
0.0
0.0
0.0
0.003528
0.046714
0.107658
0.173946
0.232184
0.288353
0.321341
0.332127
0.318156
0.292673
0.236749
0.20833000000000002
0.14879499999999998
0.076844
0.014045
0.0
0.0
0.0
0.0
0.0
0.0
0.0
0.0
0.0
0.005533000000000001
0.061357
0.13806800000000002
0.200791
0.23361600000000002
0.237247
0.211613
0.160109
0.156222
0.141898
0.12108100000000001
0.126877
0.1032
0.057252000000000004
0.010128999999999999
0.0
0.0
0.0
0.0
0.0
0.0
0.0
0.0
0.0
0.001597
0.021301999999999998
0.05321
0.086662
0.11668899999999999
0.14106
0.157628
0.163792
0.159188
0.14625200000000002
0.123563
0.194946
0.17099
0.092204
0.018071999999999998
0.0
0.0
0.0
0.0
0.0
0.0
0.0
0.0
0.0
0.011743
0.07545
0.212992
0.354766
0.42396
0.491787
0.519223
0.502488
0.5086379999999999
0.5045299999999999
0.44092200000000004
0.289416
0.152439
0.055992
0.011471
0.0
0.0
0.0
0.0
0.0
0.0
0.0
0.0
0.0
0.002128
0.045541
0.107634
0.17618899999999998
0.237339
0.29567899999999997
0.327129
0.338812
0.332168
0.301315
0.245566
0.213704
0.154191
0.077227
0.016462
0.0
0.0
0.0
0.0
0.0
0.0
0.0
0.0
0.0
0.000787
0.020665
0.07213299999999999
0.148423
0.243411
0.293264
0.326245
0.342373
0.32987700000000003
0.30099200000000004
0.24671
0.185455
0.118775
0.055192
0.015893
0.0
0.0
0.0
0.0
0.0
0.0
0.0
0.0
0.0
0.003919
0.044146
0.13512200000000002
0.266767
0.41713900000000004
0.43679199999999996
0.41224700000000003
0.317681
0.31288900000000003
0.292067
0.24191200000000002
0.18343
0.117537
0.053656999999999996
0.00783
0.0
0.0
0.0
0.0
0.0
0.0
0.0
0.0
0.0
0.0012079999999999999
0.01977
0.14455600000000002
0.32954500000000003
0.514678
0.584067
0.517343
0.333795
0.46565300000000004
0.517115
0.495187
0.37749099999999997
0.230625
0.090135
0.018178
0.0
0.0
0.0
0.0
0.0
0.0
0.0
0.0
0.0
0.004053
0.054872
0.14171799999999998
0.241764
0.33433300000000005
0.40692399999999995
0.45183100000000004
0.460018
0.495041
0.472086
0.427631
0.358495
0.232472
0.09038
0.01805
0.0
0.0
0.0
0.0
0.0
0.0
0.0
0.0
0.0
0.006777999999999999
0.067381
0.189802
0.297757
0.337656
0.333324
0.261688
0.15887600000000002
0.214613
0.24340299999999998
0.25085
0.184255
0.116785
0.052511
0.005178
0.0
0.0
0.0
0.0
0.0
0.0
0.0
0.0
0.0
0.000789
0.041536000000000003
0.15745900000000002
0.337457
0.524492
0.6488740000000001
0.731045
0.756357
0.73062
0.6650969999999999
0.553504
0.399568
0.226895
0.088195
0.013272
0.0
0.0
0.0
0.0
0.0
0.0
0.0
0.0
0.0
0.002126
0.040551000000000004
0.102914
0.1725
0.237245
0.296579
0.33357600000000004
0.344994
0.336277
0.303649
0.246595
0.15609
0.077735
0.023689
0.00103
0.0
0.0
0.0
0.0
0.0
0.0
0.0
0.0
0.0
0.00327
0.052798000000000005
0.14072800000000002
0.246642
0.339649
0.37423700000000004
0.373102
0.318337
0.30938499999999997
0.28345499999999996
0.239506
0.152513
0.076392
0.022584
0.00029299999999999997
0.0
0.0
0.0
0.0
0.0
0.0
0.0
0.0
0.0
0.0
0.037783000000000004
0.112988
0.218086
0.334066
0.443242
0.529463
0.5604410000000001
0.497721
0.377187
0.235898
0.200953
0.13919700000000002
0.065834
0.007176
0.0
0.0
0.0
0.0
0.0
0.0
0.0
0.0
0.0
0.0
0.036628999999999995
0.110822
0.216468
0.333907
0.413503
0.462078
0.479265
0.46702499999999997
0.42212900000000003
0.349086
0.234977
0.12684399999999998
0.047009999999999996
0.004602
0.0
0.0
0.0
0.0
0.0
0.0
0.0
0.0
0.0
0.001459
0.0364
0.110896
0.21619999999999998
0.333356
0.40462200000000004
0.443268
0.461832
0.41549
0.33292
0.242731
0.175754
0.110139
0.046162999999999996
0.007627
0.0
0.0
0.0
0.0
0.0
0.0
0.0
0.0
0.0
0.002411
0.059392
0.194457
0.342964
0.39776799999999995
0.44765
0.490131
0.459694
0.609242
0.631421
0.541516
0.395783
0.214489
0.074423
0.006754
0.0
0.0
0.0
0.0
0.0
0.0
0.0
0.0
0.0
0.001353
0.052923000000000005
0.147841
0.248712
0.311498
0.423937
0.5212279999999999
0.567591
0.446899
0.274227
0.109559
0.113589
0.086898
0.042351
0.0008100000000000001
0.0
0.0
0.0
0.0
0.0
0.0
0.0
0.0
0.0
0.0
0.014338
0.044586
0.07844499999999999
0.110244
0.18645699999999998
0.257702
0.320405
0.32013400000000003
0.289466
0.235046
0.311701
0.219862
0.07737300000000001
0.0068920000000000006
0.0
0.0
0.0
0.0
0.0
0.0
0.0
0.0
0.0
0.001521
0.056516
0.195936
0.381357
0.5378350000000001
0.6522859999999999
0.7386090000000001
0.760664
0.73972
0.672162
0.558154
0.40452699999999997
0.222538
0.076261
0.005474000000000001
0.0
0.0
0.0
0.0
0.0
0.0
0.0
0.0
0.0
0.0010400000000000001
0.055361
0.191443
0.362677
0.497095
0.619173
0.6957859999999999
0.716159
0.697597
0.6440009999999999
0.534158
0.386998
0.217021
0.07131699999999999
0.004008
0.0
0.0
0.0
0.0
0.0
0.0
0.0
0.0
0.0
0.000966
0.053329
0.188693
0.36655099999999996
0.5167809999999999
0.628185
0.709077
0.7395499999999999
0.710383
0.645652
0.5397419999999999
0.39198500000000003
0.214118
0.069581
0.0034449999999999997
0.0
0.0
0.0
0.0
0.0
0.0
0.0
0.0
0.0
0.000517
0.051914
0.184304
0.35203500000000004
0.511192
0.609665
0.6733129999999999
0.715317
0.693222
0.629973
0.512851
0.380357
0.20516399999999999
0.065713
0.002912
0.0
0.0
0.0
0.0
0.0
0.0
0.0
0.0
0.0
8.999999999999999e-06
0.041779000000000004
0.12977699999999998
0.200352
0.218803
0.41630399999999995
0.5858369999999999
0.654509
0.631242
0.519543
0.397708
0.282676
0.15942699999999999
0.056038
0.00114
0.0
0.0
0.0
0.0
0.0
0.0
0.0
0.0
0.0
0.0
0.049003
0.177681
0.35217200000000004
0.504602
0.6117619999999999
0.67596
0.692716
0.681674
0.5889289999999999
0.501532
0.35912
0.192949
0.060547
0.002009
0.0
0.0
0.0
0.0
0.0
0.0
0.0
0.0
0.0
0.0
0.046731
0.167769
0.330592
0.457172
0.572256
0.633578
0.672672
0.585237
0.415703
0.22082400000000002
0.177914
0.11595699999999999
0.046012
0.000224
0.0
0.0
0.0
0.0
0.0
0.0
0.0
0.0
0.0
0.0
0.01041
0.054841
0.126268
0.218691
0.35238099999999994
0.476691
0.5523129999999999
0.5945499999999999
0.575065
0.497772
0.369756
0.19498400000000002
0.058332
0.001589
0.0
0.0
0.0
0.0
0.0
0.0
0.0
0.0
0.0
0.0
0.03878
0.122761
0.195868
0.215134
0.346682
0.480549
0.5566749999999999
0.517004
0.42427699999999996
0.318058
0.22635
0.127485
0.043406999999999994
0.0
0.0
0.0
0.0
0.0
0.0
0.0
0.0
0.0
0.0
0.0
0.032703
0.121719
0.251405
0.384561
0.498407
0.599245
0.640355
0.634464
0.585816
0.490281
0.356066
0.19212700000000002
0.055043
0.0006919999999999999
0.0
0.0
0.0
0.0
0.0
0.0
0.0
0.0
0.0
0.0
0.042799
0.168274
0.34125700000000003
0.498784
0.6070549999999999
0.679473
0.707716
0.6930769999999999
0.624663
0.511138
0.354312
0.18143199999999998
0.04993
0.000178
0.0
0.0
0.0
0.0
0.0
0.0
0.0
0.0
0.0
0.0
0.030271
0.11833199999999999
0.24169
0.37080799999999997
0.5198339999999999
0.611462
0.6711710000000001
0.652512
0.588354
0.47806400000000004
0.353989
0.18382400000000002
0.050057000000000004
0.0
0.0
0.0
0.0
0.0
0.0
0.0
0.0
0.0
0.0
0.0
0.020588000000000002
0.07765000000000001
0.14508600000000002
0.207219
0.258245
0.299709
0.30695100000000003
0.33953
0.338386
0.303039
0.29104
0.170351
0.049040999999999994
0.0
0.0
0.0
0.0
0.0
0.0
0.0
0.0
0.0
0.0
0.0
0.039369
0.16203299999999998
0.32625
0.445038
0.550762
0.612658
0.632494
0.649577
0.611884
0.513163
0.34813900000000003
0.175065
0.046769
0.0
0.0
0.0
0.0
0.0
0.0
0.0
0.0
0.0
0.0
0.0
0.038473999999999994
0.16330099999999997
0.33904399999999996
0.501787
0.6019249999999999
0.6810170000000001
0.701073
0.67633
0.593182
0.491363
0.34989
0.17546799999999999
0.044673000000000004
0.0
0.0
0.0
0.0
0.0
0.0
0.0
0.0
0.0
0.0
0.0
0.026446
0.09499500000000001
0.16215000000000002
0.202945
0.299391
0.38687099999999996
0.439214
0.29048700000000005
0.120696
0.21278999999999998
0.120503
0.052262
0.008749
0.0
0.0
0.0
0.0
0.0
0.0
0.0
0.0
0.0
0.0
0.0
0.0061589999999999995
0.048491
0.118977
0.21407900000000002
0.255596
0.29729700000000003
0.313692
0.302141
0.258565
0.212773
0.170536
0.10223600000000001
0.03149
0.0
0.0
0.0
0.0
0.0
0.0
0.0
0.0
0.0
0.0
0.0
0.030893
0.143764
0.30099000000000004
0.448624
0.569924
0.629874
0.648755
0.6188279999999999
0.512273
0.398552
0.266972
0.138012
0.035889000000000004
0.0
0.0
0.0
0.0
0.0
0.0
0.0
0.0
0.0
0.0
0.0
0.005651
0.047864
0.117907
0.21265299999999998
0.221994
0.191101
0.14576499999999998
0.14016399999999998
0.124644
0.10044
0.097212
0.065035
0.019228000000000002
0.0
0.0
0.0
0.0
0.0
0.0
0.0
0.0
0.0
0.0
0.0
0.031069
0.149619
0.319547
0.470781
0.543923
0.52801
0.44121699999999997
0.45544799999999996
0.443473
0.38187
0.230024
0.096473
0.017482
0.0
0.0
0.0
0.0
0.0
0.0
0.0
0.0
0.0
0.0
0.0
0.014327
0.070698
0.13912200000000002
0.202141
0.249671
0.29301
0.305897
0.295772
0.253805
0.212699
0.189129
0.112689
0.03016
0.0
0.0
0.0
0.0
0.0
0.0
0.0
0.0
0.0
0.0
0.0
0.013364000000000001
0.06926500000000001
0.138903
0.20415799999999998
0.266276
0.301896
0.30212599999999995
0.350039
0.348617
0.31735399999999997
0.227207
0.122164
0.028582999999999997
0.0
0.0
0.0
0.0
0.0
0.0
0.0
0.0
0.0
0.0
0.0
0.012669
0.06844199999999999
0.137107
0.20231
0.26613400000000004
0.302827
0.298543
0.30042399999999997
0.26730200000000004
0.212647
0.14053200000000002
0.070396
0.013949
0.0
0.0
0.0
0.0
0.0
0.0
0.0
0.0
0.0
0.0
0.0
0.011715
0.06629399999999999
0.134465
0.196853
0.245798
0.27599900000000005
0.298779
0.490376
0.529047
0.478742
0.319201
0.141786
0.026556
0.0
0.0
0.0
0.0
0.0
0.0
0.0
0.0
0.0
0.0
0.0
0.0033020000000000002
0.08442
0.252973
0.45622500000000005
0.543701
0.5756699999999999
0.536652
0.504574
0.44931299999999996
0.361726
0.2357
0.111556
0.021193999999999998
0.0
0.0
0.0
0.0
0.0
0.0
0.0
0.0
0.0
0.0
0.0
0.002487
0.029492
0.061707
0.091911
0.202819
0.332157
0.444895
0.53261
0.5403239999999999
0.472177
0.271931
0.100718
0.009999000000000001
0.0
0.0
0.0
0.0
0.0
0.0
0.0
0.0
0.0
0.0
0.0
0.023693000000000002
0.144553
0.32662599999999997
0.491848
0.609778
0.6581
0.6176119999999999
0.5801660000000001
0.504368
0.39584199999999997
0.255486
0.112521
0.018154
0.0
0.0
0.0
0.0
0.0
0.0
0.0
0.0
0.0
0.0
0.0
0.009023
0.062722
0.131251
0.19440100000000002
0.326784
0.450291
0.540768
0.6012580000000001
0.5829030000000001
0.48154
0.306544
0.125123
0.018362
0.0
0.0
0.0
0.0
0.0
0.0
0.0
0.0
0.0
0.0
0.0
0.015906
0.107559
0.226213
0.280543
0.372282
0.423056
0.438635
0.42526400000000003
0.370398
0.275489
0.223689
0.104902
0.014842000000000001
0.0
0.0
0.0
0.0
0.0
0.0
0.0
0.0
0.0
0.0
0.0
0.005255
0.087313
0.260549
0.45570299999999997
0.5726939999999999
0.5927319999999999
0.5327670000000001
0.5354869999999999
0.497393
0.38852499999999995
0.21313300000000002
0.069955
0.004086
0.0
0.0
0.0
0.0
0.0
0.0
0.0
0.0
0.0
0.0
0.0
0.004359
0.050126
0.11538
0.180554
0.232055
0.266304
0.27525900000000003
0.27767000000000003
0.230983
0.179543
0.112717
0.047767000000000004
0.003441
0.0
0.0
0.0
0.0
0.0
0.0
0.0
0.0
0.0
0.0
0.0
0.003712
0.049985999999999996
0.117185
0.183386
0.271978
0.372909
0.423387
0.372028
0.271712
0.18036600000000003
0.16874799999999998
0.08283599999999999
0.007808
0.0
0.0
0.0
0.0
0.0
0.0
0.0
0.0
0.0
0.0
0.0
0.011923999999999999
0.108803
0.240709
0.27436900000000003
0.365209
0.414928
0.431535
0.45113099999999995
0.426634
0.33081299999999997
0.233137
0.097903
0.0071920000000000005
0.0
0.0
0.0
0.0
0.0
0.0
0.0
0.0
0.0
0.0
0.0
0.00985
0.106349
0.266446
0.4258
0.552833
0.617497
0.6542250000000001
0.6438440000000001
0.561821
0.417711
0.255979
0.092034
0.0045839999999999995
0.0
0.0
0.0
0.0
0.0
0.0
0.0
0.0
0.0
0.0
0.0
0.00945
0.10919799999999999
0.281399
0.450239
0.578395
0.593823
0.5136580000000001
0.544791
0.507204
0.393121
0.211375
0.060891
0.0
0.0
0.0
0.0
0.0
0.0
0.0
0.0
0.0
0.0
0.0
0.0
0.006788000000000001
0.08075
0.163769
0.177554
0.261327
0.347052
0.397599
0.39359500000000003
0.339475
0.247442
0.153118
0.056235
0.001099
0.0
0.0
0.0
0.0
0.0
0.0
0.0
0.0
0.0
0.0
0.0
0.006574
0.098152
0.258661
0.42288
0.5567949999999999
0.6448010000000001
0.679868
0.603557
0.440548
0.24675999999999998
0.11578100000000001
0.029966999999999997
0.0
0.0
0.0
0.0
0.0
0.0
0.0
0.0
0.0
0.0
0.0
0.0
0.0
0.035253
0.12379699999999999
0.257201
0.301445
0.301464
0.257346
0.249078
0.214606
0.161804
0.12733
0.055212000000000004
0.000933
0.0
0.0
0.0
0.0
0.0
0.0
0.0
0.0
0.0
0.0
0.0
0.0
0.053811
0.210341
0.406766
0.537289
0.61978
0.644786
0.6044619999999999
0.464615
0.29902300000000004
0.14757599999999998
0.041979
0.0
0.0
0.0
0.0
0.0
0.0
0.0
0.0
0.0
0.0
0.0
0.0
0.0038
0.086518
0.218277
0.315094
0.47140699999999996
0.5874940000000001
0.645371
0.607084
0.52358
0.389886
0.19580799999999998
0.049673
0.0
0.0
0.0
0.0
0.0
0.0
0.0
0.0
0.0
0.0
0.0
0.0
0.001526
0.07465999999999999
0.216346
0.369727
0.457252
0.500392
0.494505
0.516903
0.478805
0.368008
0.216333
0.067748
0.000354
0.0
0.0
0.0
0.0
0.0
0.0
0.0
0.0
0.0
0.0
0.0
0.0
0.016806
0.047517000000000004
0.078492
0.103159
0.118432
0.123155
0.11588
0.098816
0.07252800000000001
0.057439
0.023241
0.0
0.0
0.0
0.0
0.0
0.0
0.0
0.0
0.0
0.0
0.0
0.0
0.0
0.041593000000000005
0.132072
0.24368700000000001
0.325552
0.37112599999999996
0.38285
0.396661
0.37632299999999996
0.280757
0.181346
0.057451999999999996
0.0
0.0
0.0
0.0
0.0
0.0
0.0
0.0
0.0
0.0
0.0
0.0
0.002023
0.086205
0.250779
0.421603
0.5221480000000001
0.621086
0.640765
0.611977
0.518018
0.386959
0.21011000000000002
0.058595
0.0
0.0
0.0
0.0
0.0
0.0
0.0
0.0
0.0
0.0
0.0
0.0
0.0
0.014785999999999999
0.044867
0.075786
0.35366000000000003
0.559725
0.625166
0.59074
0.5125230000000001
0.366557
0.199799
0.052508000000000006
0.0
0.0
0.0
0.0
0.0
0.0
0.0
0.0
0.0
0.0
0.0
0.0
0.0
0.047512
0.207231
0.400845
0.520722
0.590227
0.602167
0.502263
0.329216
0.141573
0.115944
0.038826
0.0
0.0
0.0
0.0
0.0
0.0
0.0
0.0
0.0
0.0
0.0
0.0
0.0
0.031076
0.091311
0.15314599999999998
0.201696
0.231328
0.240298
0.279587
0.263517
0.209372
0.098303
0.022578
0.0
0.0
0.0
0.0
0.0
0.0
0.0
0.0
0.0
0.0
0.0
0.0
8.3e-05
0.069606
0.22153399999999998
0.37779
0.5146839999999999
0.58553
0.6016589999999999
0.560222
0.455609
0.31867399999999996
0.1697
0.040581000000000006
0.0
0.0
0.0
0.0
0.0
0.0
0.0
0.0
0.0
0.0
0.0
0.0
0.0
0.012405
0.041597
0.071757
0.215053
0.356445
0.460895
0.439183
0.350704
0.255563
0.124918
0.026949999999999998
0.0
0.0
0.0
0.0
0.0
0.0
0.0
0.0
0.0
0.0
0.0
0.0
0.0
0.036682
0.1447
0.291798
0.356528
0.38189999999999996
0.36132600000000004
0.30232299999999995
0.21593199999999999
0.13259800000000002
0.068912
0.015456
0.0
0.0
0.0
0.0
0.0
0.0
0.0
0.0
0.0
0.0
0.0
0.0
0.0
0.039676
0.131103
0.22752
0.275433
0.26352
0.235798
0.233845
0.187639
0.13102699999999998
0.121022
0.031675
0.0
0.0
0.0
0.0
0.0
0.0
0.0
0.0
0.0
0.0
0.0
0.0
0.0
0.059254
0.18615700000000002
0.283333
0.356488
0.38453899999999996
0.36711200000000005
0.37607
0.32182799999999995
0.240929
0.123179
0.024161000000000002
0.0
0.0
0.0
0.0
0.0
0.0
0.0
0.0
0.0
0.0
0.0
0.0
0.0
0.061463000000000004
0.218233
0.37367399999999995
0.462138
0.524501
0.5302060000000001
0.5107389999999999
0.425865
0.310767
0.159182
0.028282
0.0
0.0
0.0
0.0
0.0
0.0
0.0
0.0
0.0
0.0
0.0
0.0
0.0
0.010226
0.038113
0.068386
0.355233
0.5516639999999999
0.599431
0.5450539999999999
0.45681299999999997
0.32533300000000004
0.157389
0.025390999999999997
0.0
0.0
0.0
0.0
0.0
0.0
0.0
0.0
0.0
0.0
0.0
0.0
0.0
0.059908
0.21694300000000002
0.386759
0.52904
0.5817680000000001
0.5879070000000001
0.49509800000000004
0.360419
0.181173
0.119557
0.021385
0.0
0.0
0.0
0.0
0.0
0.0
0.0
0.0
0.0
0.0
0.0
0.0
0.0
0.020818
0.078423
0.140548
0.158886
0.14527299999999999
0.10702500000000001
0.099581
0.081614
0.055573
0.036567999999999996
0.005928
0.0
0.0
0.0
0.0
0.0
0.0
0.0
0.0
0.0
0.0
0.0
0.0
0.0
0.007853
0.035535
0.064928
0.088299
0.10173099999999999
0.105351
0.136292
0.141526
0.115255
0.054007
0.006465
0.0
0.0
0.0
0.0
0.0
0.0
0.0
0.0
0.0
0.0
0.0
0.0
0.0
0.034216
0.128155
0.206035
0.249273
0.24543700000000002
0.218296
0.215709
0.167101
0.113277
0.051675
0.0057
0.0
0.0
0.0
0.0
0.0
0.0
0.0
0.0
0.0
0.0
0.0
0.0
0.0
0.038631
0.13762200000000002
0.241594
0.373261
0.484466
0.5583319999999999
0.537678
0.457606
0.340827
0.171297
0.021772
0.0
0.0
0.0
0.0
0.0
0.0
0.0
0.0
0.0
0.0
0.0
0.0
0.0
0.065955
0.252767
0.42871499999999996
0.5625739999999999
0.63414
0.6544
0.590622
0.410221
0.202474
0.08059000000000001
0.0075309999999999995
0.0
0.0
0.0
0.0
0.0
0.0
0.0
0.0
0.0
0.0
0.0
0.0
0.0
0.054838
0.17262899999999998
0.24027199999999999
0.275973
0.27610700000000005
0.232681
0.228709
0.17818299999999998
0.122663
0.047348999999999995
0.002062
0.0
0.0
0.0
0.0
0.0
0.0
0.0
0.0
0.0
0.0
0.0
0.0
0.0
0.021269
0.081765
0.14372900000000002
0.19244999999999998
0.22921799999999998
0.238144
0.207662
0.169487
0.117075
0.05414
0.003525
0.0
0.0
0.0
0.0
0.0
0.0
0.0
0.0
0.0
0.0
0.0
0.0
0.0
0.019509000000000002
0.079337
0.141224
0.186584
0.215188
0.220889
0.204738
0.16752799999999998
0.114577
0.051967
0.002469
0.0
0.0
0.0
0.0
0.0
0.0
0.0
0.0
0.0
0.0
0.0
0.0
0.0
0.048685
0.16775
0.221445
0.272994
0.302589
0.295734
0.25105099999999997
0.183
0.112778
0.058314
0.003316
0.0
0.0
0.0
0.0
0.0
0.0
0.0
0.0
0.0
0.0
0.0
0.0
0.0
0.046674
0.197756
0.348791
0.39132100000000003
0.34790899999999997
0.22071000000000002
0.253702
0.23549199999999998
0.173399
0.085029
0.003932
0.0
0.0
0.0
0.0
0.0
0.0
0.0
0.0
0.0
0.0
0.0
0.0
0.0
0.027742
0.101196
0.136666
0.230467
0.30346300000000004
0.354802
0.319441
0.2606
0.17544900000000002
0.063741
0.000994
0.0
0.0
0.0
0.0
0.0
0.0
0.0
0.0
0.0
0.0
0.0
0.0
0.0
0.036205
0.188365
0.36992200000000003
0.43416899999999997
0.371561
0.22941
0.246068
0.22615000000000002
0.1664
0.107893
0.004265
0.0
0.0
0.0
0.0
0.0
0.0
0.0
0.0
0.0
0.0
0.0
0.0
0.0
0.04274
0.20819300000000002
0.36441
0.478726
0.521293
0.516659
0.407919
0.253009
0.102107
0.041569
0.0
0.0
0.0
0.0
0.0
0.0
0.0
0.0
0.0
0.0
0.0
0.0
0.0
0.0
0.025906
0.109256
0.132413
0.18297
0.221129
0.22873
0.209716
0.161246
0.103517
0.033301000000000004
0.0
0.0
0.0
0.0
0.0
0.0
0.0
0.0
0.0
0.0
0.0
0.0
0.0
0.0
0.004149
0.031785
0.060759
0.08406999999999999
0.09797199999999999
0.101642
0.129186
0.13198300000000002
0.102155
0.045869999999999994
0.00011300000000000001
0.0
0.0
0.0
0.0
0.0
0.0
0.0
0.0
0.0
0.0
0.0
0.0
0.0
0.011233
0.067581
0.128972
0.253322
0.365754
0.444095
0.458472
0.403243
0.281625
0.08446
0.0
0.0
0.0
0.0
0.0
0.0
0.0
0.0
0.0
0.0
0.0
0.0
0.0
0.0
0.005339
0.052817
0.12645099999999998
0.17508
0.21346299999999999
0.219358
0.200673
0.152105
0.094747
0.028272
0.0
0.0
0.0
0.0
0.0
0.0
0.0
0.0
0.0
0.0
0.0
0.0
0.0
0.0
0.002384
0.027507999999999998
0.054638
0.107449
0.160808
0.200526
0.181622
0.145061
0.09118000000000001
0.029574000000000003
0.0
0.0
0.0
0.0
0.0
0.0
0.0
0.0
0.0
0.0
0.0
0.0
0.0
0.0
0.011039
0.06959399999999999
0.117382
0.136743
0.125449
0.09298000000000001
0.08402899999999999
0.065888
0.040797
0.013042
0.0
0.0
0.0
0.0
0.0
0.0
0.0
0.0
0.0
0.0
0.0
0.0
0.0
0.0
0.002976
0.048299
0.120302
0.235557
0.341059
0.411969
0.402553
0.335575
0.229419
0.07468999999999999
0.0
0.0
0.0
0.0
0.0
0.0
0.0
0.0
0.0
0.0
0.0
0.0
0.0
0.0
0.015009
0.136196
0.24904300000000001
0.315158
0.341798
0.326226
0.349402
0.33096499999999995
0.222359
0.066405
0.0
0.0
0.0
0.0
0.0
0.0
0.0
0.0
0.0
0.0
0.0
0.0
0.0
0.0
0.013977999999999999
0.10771299999999999
0.05339
0.23721199999999998
0.422478
0.538608
0.46485000000000004
0.390571
0.24526699999999999
0.073416
0.0
0.0
0.0
0.0
0.0
0.0
0.0
0.0
0.0
0.0
0.0
0.0
0.0
0.0
3.4e-05
0.024539000000000002
0.052388
0.07366
0.087286
0.090197
0.147292
0.171679
0.13294999999999998
0.033358
0.0
0.0
0.0
0.0
0.0
0.0
0.0
0.0
0.0
0.0
0.0
0.0
0.0
0.0
0.003189
0.052840000000000005
0.110785
0.158271
0.195676
0.188662
0.169036
0.131966
0.07867
0.017928999999999997
0.0
0.0
0.0
0.0
0.0
0.0
0.0
0.0
0.0
0.0
0.0
0.0
0.0
0.0
0.0
0.041100000000000005
0.108501
0.21884800000000001
0.326841
0.405882
0.36766000000000004
0.294619
0.210625
0.048906
0.0
0.0
0.0
0.0
0.0
0.0
0.0
0.0
0.0
0.0
0.0
0.0
0.0
0.0
0.0
0.022077000000000003
0.049102
0.070783
0.08456699999999999
0.08709900000000001
0.07806999999999999
0.058968000000000007
0.034432000000000004
0.012230000000000001
0.0
0.0
0.0
0.0
0.0
0.0
0.0
0.0
0.0
0.0
0.0
0.0
0.0
0.0
0.002483
0.087352
0.229983
0.25615499999999997
0.189257
0.084524
0.07566500000000001
0.057886
0.032657
0.0070350000000000005
0.0
0.0
0.0
0.0
0.0
0.0
0.0
0.0
0.0
0.0
0.0
0.0
0.0
0.0
0.0
0.020488
0.046664000000000004
0.069354
0.082178
0.08428100000000001
0.105828
0.103457
0.072048
0.016537
0.0
0.0
0.0
0.0
0.0
0.0
0.0
0.0
0.0
0.0
0.0
0.0
0.0
0.0
0.0
0.019796
0.045985
0.06777899999999999
0.080189
0.082564
0.074271
0.055979999999999995
0.031356999999999996
0.005558
0.0
0.0
0.0
0.0
0.0
0.0
0.0
0.0
0.0
0.0
0.0
0.0
0.0
0.0
0.0
0.018789999999999998
0.044823
0.066426
0.079383
0.081869
0.072852
0.055008
0.029527
0.004797
0.0
0.0
0.0
0.0
0.0
0.0
0.0
0.0
0.0
0.0
0.0
0.0
0.0
0.0
0.0
0.03306
0.097258
0.11626500000000001
0.10819
0.07938200000000001
0.099537
0.095226
0.064024
0.012343
0.0
0.0
0.0
0.0
0.0
0.0
0.0
0.0
0.0
0.0
0.0
0.0
0.0
0.0
0.0
0.024007999999999998
0.042366
0.06401699999999999
0.076767
0.078984
0.070159
0.052534
0.027899999999999998
0.0038940000000000003
0.0
0.0
0.0
0.0
0.0
0.0
0.0
0.0
0.0
0.0
0.0
0.0
0.0
0.0
0.0
0.016413
0.041765000000000004
0.06350800000000001
0.076349
0.078595
0.069685
0.051808
0.027311
0.0032040000000000003
0.0
0.0
0.0
0.0
0.0
0.0
0.0
0.0
0.0
0.0
0.0
0.0
0.0
0.0
0.0
0.028703
0.090037
0.135652
0.165828
0.168587
0.122017
0.071002
0.026206
0.002378
0.0
0.0
0.0
0.0
0.0
0.0
0.0
0.0
0.0
0.0
0.0
0.0
0.0
0.0
0.001906
0.11238899999999999
0.302668
0.44156599999999996
0.528541
0.539331
0.49021800000000004
0.37739100000000003
0.204928
0.030991
0.0
0.0
0.0
0.0
0.0
0.0
0.0
0.0
0.0
0.0
0.0
0.0
0.0
0.0
0.0
0.015024
0.09242
0.363448
0.499534
0.537714
0.48673500000000003
0.371351
0.198323
0.024458999999999998
0.0
0.0
0.0
0.0
0.0
0.0
0.0
0.0
0.0
0.0
0.0
0.0
0.0
0.0
0.0
0.014076
0.040284
0.062849
0.076344
0.07784999999999999
0.06922400000000001
0.186946
0.163161
0.021332
0.0
0.0
0.0
0.0
0.0
0.0
0.0
0.0
0.0
0.0
0.0
0.0
0.0
0.0
0.0
0.013317
0.039506
0.060927
0.07455500000000001
0.07689700000000001
0.068441
0.049009
0.024414
0.000662
0.0
0.0
0.0
0.0
0.0
0.0
0.0
0.0
0.0
0.0
0.0
0.0
0.0
0.0
0.0
0.028821000000000003
0.083736
0.128661
0.158399
0.071828
0.102706
0.102909
0.022577000000000003
0.0
0.0
0.0
0.0
0.0
0.0
0.0
0.0
0.0
0.0
0.0
0.0
0.0
0.0
0.0
0.0
0.02668
0.079404
0.125012
0.153493
0.154444
0.137272
0.09981100000000001
0.048619
0.002327
0.0
0.0
0.0
0.0
0.0
0.0
0.0
0.0
0.0
0.0
0.0
0.0
0.0
0.0
0.0
0.025668
0.077777
0.123835
0.15315399999999998
0.157857
0.160271
0.151096
0.08254600000000001
0.00495
0.0
0.0
0.0
0.0
0.0
0.0
0.0
0.0
0.0
0.0
0.0
0.0
0.0
0.0
0.0
0.028798999999999998
0.07620600000000001
0.14202099999999998
0.21895599999999998
0.262286
0.220302
0.17613499999999999
0.079489
0.004974
0.0
0.0
0.0
0.0
0.0
0.0
0.0
0.0
0.0
0.0
0.0
0.0
0.0
0.0
0.0
0.009446
0.033173
0.053331
0.06646500000000001
0.068902
0.07557599999999999
0.06451000000000001
0.034906999999999994
0.001067
0.0
0.0
0.0
0.0
0.0
0.0
0.0
0.0
0.0
0.0
0.0
0.0
0.0
0.0
0.0
0.030821
0.12513
0.19734100000000002
0.235733
0.243014
0.19697800000000001
0.11349899999999999
0.04362
5.3e-05
0.0
0.0
0.0
0.0
0.0
0.0
0.0
0.0
0.0
0.0
0.0
0.0
0.0
0.0
0.0
0.059689
0.133497
0.119107
0.147189
0.151065
0.13371799999999998
0.0935
0.042192999999999994
0.000102
0.0
0.0
0.0
0.0
0.0
0.0
0.0
0.0
0.0
0.0
0.0
0.0
0.0
0.0
0.0
0.019324
0.030985
0.051145
0.06349300000000001
0.06591899999999999
0.14428200000000002
0.081513
0.031905
0.0
0.0
0.0
0.0
0.0
0.0
0.0
0.0
0.0
0.0
0.0
0.0
0.0
0.0
0.0
0.0
0.017565
0.068256
0.11301900000000001
0.142275
0.14624700000000002
0.130531
0.09041400000000001
0.040124
0.000628
0.0
0.0
0.0
0.0
0.0
0.0
0.0
0.0
0.0
0.0
0.0
0.0
0.0
0.0
0.0
0.013182000000000001
0.06723900000000001
0.11373
0.144017
0.148934
0.130508
0.090522
0.039611
0.000178
0.0
0.0
0.0
0.0
0.0
0.0
0.0
0.0
0.0
0.0
0.0
0.0
0.0
0.0
0.0
0.015554
0.06585099999999999
0.112451
0.14252199999999998
0.147202
0.12964900000000001
0.088557
0.038592
0.000158
0.0
0.0
0.0
0.0
0.0
0.0
0.0
0.0
0.0
0.0
0.0
0.0
0.0
0.0
0.0
0.0048460000000000005
0.027710000000000002
0.109362
0.13470400000000002
0.14113399999999998
0.124143
0.085301
0.036476999999999996
0.0
0.0
0.0
0.0
0.0
0.0
0.0
0.0
0.0
0.0
0.0
0.0
0.0
0.0
0.0
0.0
0.004894999999999999
0.027329
0.067386
0.109664
0.138989
0.142768
0.131183
0.060674
0.0020800000000000003
0.0
0.0
0.0
0.0
0.0
0.0
0.0
0.0
0.0
0.0
0.0
0.0
0.0
0.0
0.0
0.004287
0.027077999999999998
0.047614
0.060067999999999996
0.062677
0.382255
0.31146300000000005
0.14364
0.0031509999999999997
0.0
0.0
0.0
0.0
0.0
0.0
0.0
0.0
0.0
0.0
0.0
0.0
0.0
0.0
0.0
0.043942
0.222511
0.37824599999999997
0.45788799999999996
0.46586
0.41630900000000004
0.30403199999999997
0.138943
0.0027010000000000003
0.0
0.0
0.0
0.0
0.0
0.0
0.0
0.0
0.0
0.0
0.0
0.0
0.0
0.0
0.0
0.0033380000000000003
0.025305
0.045725999999999996
0.058253
0.060624000000000004
0.053063
0.036486
0.013758
0.0
0.0
0.0
0.0
0.0
0.0
0.0
0.0
0.0
0.0
0.0
0.0
0.0
0.0
0.0
0.0
0.011911
0.097456
0.14830500000000002
0.14891200000000002
0.12931800000000002
0.247664
0.245315
0.114564
0.0020499999999999997
0.0
0.0
0.0
0.0
0.0
0.0
0.0
0.0
0.0
0.0
0.0
0.0
0.0
0.0
0.0
0.0016979999999999999
0.023592
0.043893
0.056523000000000004
0.058976
0.05131
0.034824
0.012897
0.0
0.0
0.0
0.0
0.0
0.0
0.0
0.0
0.0
0.0
0.0
0.0
0.0
0.0
0.0
0.0
0.0015
0.022483
0.042676
0.055180999999999994
0.057623
0.08233599999999999
0.078489
0.012794999999999999
0.0
0.0
0.0
0.0
0.0
0.0
0.0
0.0
0.0
0.0
0.0
0.0
0.0
0.0
0.0
0.0
0.011239
0.142313
0.257591
0.347945
0.32383
0.22939099999999998
0.120708
0.029269
0.0
0.0
0.0
0.0
0.0
0.0
0.0
0.0
0.0
0.0
0.0
0.0
0.0
0.0
0.0
0.0
0.010031
0.084028
0.13033699999999998
0.12197
0.057034
0.049521
0.033133
0.012123
0.0
0.0
0.0
0.0
0.0
0.0
0.0
0.0
0.0
0.0
0.0
0.0
0.0
0.0
0.0
0.0
0.004207
0.021054
0.040559
0.053857
0.056242
0.069804
0.061593
0.027909
0.000381
0.0
0.0
0.0
0.0
0.0
0.0
0.0
0.0
0.0
0.0
0.0
0.0
0.0
0.0
0.0
0.0
0.020225
0.040591
0.053183
0.055716999999999996
0.048962000000000006
0.032415
0.011326000000000001
0.0
0.0
0.0
0.0
0.0
0.0
0.0
0.0
0.0
0.0
0.0
0.0
0.0
0.0
0.0
0.0
0.002725
0.045992
0.090409
0.11885
0.126861
0.109265
0.072604
0.026566
0.0
0.0
0.0
0.0
0.0
0.0
0.0
0.0
0.0
0.0
0.0
0.0
0.0
0.0
0.0
0.0
0.00447
0.043012999999999996
0.085866
0.114949
0.122574
0.105053
0.069801
0.025050999999999997
0.0
0.0
0.0
0.0
0.0
0.0
0.0
0.0
0.0
0.0
0.0
0.0
0.0
0.0
0.0
0.0
0.004659
0.042739
0.085965
0.115209
0.120927
0.10538299999999999
0.069846
0.024432
0.0
0.0
0.0
0.0
0.0
0.0
0.0
0.0
0.0
0.0
0.0
0.0
0.0
0.0
0.0
0.0
0.000758
0.042715
0.08789799999999999
0.11820699999999999
0.12532
0.108984
0.07251
0.025117999999999998
0.0
0.0
0.0
0.0
0.0
0.0
0.0
0.0
0.0
0.0
0.0
0.0
0.0
0.0
0.0
0.0
0.000758
0.041772
0.070131
0.072087
0.053244
0.05647099999999999
0.043878999999999994
0.017366
0.0
0.0
0.0
0.0
0.0
0.0
0.0
0.0
0.0
0.0
0.0
0.0
0.0
0.0
0.0
0.0
0.00028399999999999996
0.041063
0.08513899999999999
0.116032
0.123538
0.16113
0.14590799999999998
0.061506
0.0
0.0
0.0
0.0
0.0
0.0
0.0
0.0
0.0
0.0
0.0
0.0
0.0
0.0
0.0
0.0
0.005261999999999999
0.040512
0.084738
0.115783
0.123292
0.107658
0.071176
0.024586
0.0
0.0
0.0
0.0
0.0
0.0
0.0
0.0
0.0
0.0
0.0
0.0
0.0
0.0
0.0
0.0
0.0
0.016361999999999998
0.051203000000000005
0.09043899999999999
0.118855
0.10669
0.069665
0.023472999999999997
0.0
0.0
0.0
0.0
0.0
0.0
0.0
0.0
0.0
0.0
0.0
0.0
0.0
0.0
0.0
0.0
0.0
0.015418
0.034837
0.048159999999999994
0.051328000000000006
0.04445
0.029006
0.008923
0.0
0.0
0.0
0.0
0.0
0.0
0.0
0.0
0.0
0.0
0.0
0.0
0.0
0.0
0.0
0.0
0.0
0.015579
0.035322000000000006
0.048805
0.052076
0.045128999999999996
0.029404
0.009054
0.0
0.0
0.0
0.0
0.0
0.0
0.0
0.0
0.0
0.0
0.0
0.0
0.0
0.0
0.0
0.0
0.006093
0.11929300000000001
0.33775900000000003
0.436027
0.456171
0.411751
0.297788
0.11401900000000001
0.0
0.0
0.0
0.0
0.0
0.0
0.0
0.0
0.0
0.0
0.0
0.0
0.0
0.0
0.0
0.0
0.005547
0.117241
0.334397
0.432709
0.45188
0.40737599999999996
0.295728
0.114849
0.0
0.0
0.0
0.0
0.0
0.0
0.0
0.0
0.0
0.0
0.0
0.0
0.0
0.0
0.0
0.0
0.005009
0.117117
0.33578199999999997
0.43594299999999997
0.452
0.40353300000000003
0.299
0.116492
0.0
0.0
0.0
0.0
0.0
0.0
0.0
0.0
0.0
0.0
0.0
0.0
0.0
0.0
0.0
0.0
0.0
0.034684
0.080986
0.112104
0.120505
0.105943
0.068885
0.022858
0.0
0.0
0.0
0.0
0.0
0.0
0.0
0.0
0.0
0.0
0.0
0.0
0.0
0.0
0.0
0.0
0.003661
0.091884
0.216507
0.196973
0.11868000000000001
0.083286
0.04188
0.009084
0.0
0.0
0.0
0.0
0.0
0.0
0.0
0.0
0.0
0.0
0.0
0.0
0.0
0.0
0.0
0.0
0.0
0.032225000000000004
0.15584299999999998
0.288649
0.36598899999999995
0.383348
0.283468
0.112891
0.0
0.0
0.0
0.0
0.0
0.0
0.0
0.0
0.0
0.0
0.0
0.0
0.0
0.0
0.0
0.0
0.0
0.013314999999999999
0.033189
0.046537999999999996
0.050783
0.043847000000000004
0.028717
0.009115999999999999
0.0
0.0
0.0
0.0
0.0
0.0
0.0
0.0
0.0
0.0
0.0
0.0
0.0
0.0
0.0
0.0
0.0
0.013158
0.032116
0.04518
0.049284999999999995
0.062768
0.054179000000000005
0.022805
0.0
0.0
0.0
0.0
0.0
0.0
0.0
0.0
0.0
0.0
0.0
0.0
0.0
0.0
0.0
0.0
0.0
0.011907
0.030351
0.043215
0.047462000000000004
0.041661000000000004
0.027783000000000002
0.008632999999999998
0.0
0.0
0.0
0.0
0.0
0.0
0.0
0.0
0.0
0.0
0.0
0.0
0.0
0.0
0.0
0.0
0.0
0.027909
0.068858
0.098416
0.107809
0.07687000000000001
0.038943
0.008455
0.0
0.0
0.0
0.0
0.0
0.0
0.0
0.0
0.0
0.0
0.0
0.0
0.0
0.0
0.0
0.0
0.0
0.010628
0.028468
0.040934
0.044887
0.039179000000000005
0.026053999999999997
0.008282
0.0
0.0
0.0
0.0
0.0
0.0
0.0
0.0
0.0
0.0
0.0
0.0
0.0
0.0
0.0
0.0
0.0
0.027146999999999998
0.06905700000000001
0.09940900000000001
0.109435
0.096709
0.064295
0.021792000000000002
0.0
0.0
0.0
0.0
0.0
0.0
0.0
0.0
0.0
0.0
0.0
0.0
0.0
0.0
0.0
0.0
0.0
0.010917
0.041915999999999995
0.07925700000000001
0.108989
0.097543
0.06467
0.021856
0.0
0.0
0.0
0.0
0.0
0.0
0.0
0.0
0.0
0.0
0.0
0.0
0.0
0.0
0.0
0.0
0.000879
0.098994
0.239012
0.358991
0.405224
0.324272
0.15582300000000002
0.022847000000000003
0.0
0.0
0.0
0.0
0.0
0.0
0.0
0.0
0.0
0.0
0.0
0.0
0.0
0.0
0.0
0.0
0.0
0.010426
0.042711
0.08033
0.110929
0.09786199999999999
0.06512000000000001
0.023091
0.0
0.0
0.0
0.0
0.0
0.0
0.0
0.0
0.0
0.0
0.0
0.0
0.0
0.0
0.0
0.0
0.0
0.026236000000000002
0.070348
0.10256399999999999
0.11368500000000001
0.101227
0.06760899999999999
0.024269
0.0
0.0
0.0
0.0
0.0
0.0
0.0
0.0
0.0
0.0
0.0
0.0
0.0
0.0
0.0
0.0
0.0
0.010569
0.029998999999999998
0.044041
0.048249
0.043093000000000006
0.029185
0.00974
0.0
0.0
0.0
0.0
0.0
0.0
0.0
0.0
0.0
0.0
0.0
0.0
0.0
0.0
0.0
0.0
0.0
0.010557
0.03575
0.062438
0.080099
0.080949
0.061554000000000005
0.025192
0.0
0.0
0.0
0.0
0.0
0.0
0.0
0.0
0.0
0.0
0.0
0.0
0.0
0.0
0.0
0.0
0.0
0.010379
0.02962
0.042487000000000004
0.047464
0.042319
0.028648
0.009519
0.0
0.0
0.0
0.0
0.0
0.0
0.0
0.0
0.0
0.0
0.0
0.0
0.0
0.0
0.0
0.0
0.0
0.02596
0.09011
0.152279
0.196723
0.179017
0.121749
0.04616
0.0
0.0
0.0
0.0
0.0
0.0
0.0
0.0
0.0
0.0
0.0
0.0
0.0
0.0
0.0
0.0
0.0
0.093016
0.144324
0.150512
0.110519
0.12829300000000002
0.116929
0.047223999999999995
0.0
0.0
0.0
0.0
0.0
0.0
0.0
0.0
0.0
0.0
0.0
0.0
0.0
0.0
0.0
0.0
0.0009260000000000001
0.106126
0.27846499999999996
0.313256
0.202863
0.220904
0.21778
0.101152
0.000789
0.0
0.0
0.0
0.0
0.0
0.0
0.0
0.0
0.0
0.0
0.0
0.0
0.0
0.0
0.0
0.0
0.02581
0.055618
0.062079999999999996
0.047945
0.043902000000000004
0.030140999999999998
0.011022
0.0
0.0
0.0
0.0
0.0
0.0
0.0
0.0
0.0
0.0
0.0
0.0
0.0
0.0
0.0
0.0
0.0
0.010473000000000001
0.02986
0.043551
0.048459
0.063603
0.058608
0.028557
0.0
0.0
0.0
0.0
0.0
0.0
0.0
0.0
