0.0
0.0
0.0
0.0
0.0
0.0
0.0
0.0
0.006487
0.026455
0.050355
0.060482999999999995
0.054763
0.034419
0.008876
0.0
0.0
0.0
0.0
0.0
0.0
0.0
0.0
0.0
0.0
0.0
0.0
0.0
0.0
0.0
0.0
0.0
0.0
0.009246
0.018057
0.022897999999999998
0.020509
0.012431
0.001464
0.0
0.0
0.0
0.0
0.0
0.0
0.0
0.0
0.0
0.0
0.0
0.0
0.0
0.0
0.0
0.0
0.0
0.0
0.009167
0.018754
0.022779
0.020409
0.056292
0.025432
0.0
0.0
0.0
0.0
0.0
0.0
0.0
0.0
0.0
0.0
0.0
0.0
0.0
0.0
0.0
0.0
0.0
0.010786
0.157525
0.165941
0.10054
0.021165
0.01307
0.002162
0.0
0.0
0.0
0.0
0.0
0.0
0.0
0.0
0.0
0.0
0.0
0.0
0.0
0.0
0.0
0.0
0.0
0.0023380000000000002
0.026622
0.070934
0.124207
0.13989500000000002
0.12548
0.038768000000000004
0.0
0.0
0.0
0.0
0.0
0.0
0.0
0.0
0.0
0.0
0.0
0.0
0.0
0.0
0.0
0.0
0.0
0.003709
0.044937
0.088253
0.126622
0.12576
0.084885
0.024295
0.0
0.0
0.0
0.0
0.0
0.0
0.0
0.0
0.0
0.0
0.0
0.0
0.0
0.0
0.0
0.0
0.0
6.6e-05
0.018553
0.039874
0.055318
0.05656
0.052613999999999994
0.020672999999999997
0.0
0.0
0.0
0.0
0.0
0.0
0.0
0.0
0.0
0.0
0.0
0.0
0.0
0.0
0.0
0.0
0.0
0.0026219999999999998
0.01013
0.063039
0.143513
0.190423
0.113063
0.024672
0.0
0.0
0.0
0.0
0.0
0.0
0.0
0.0
0.0
0.0
0.0
0.0
0.0
0.0
0.0
0.0
0.0
0.003949
0.028333999999999998
0.052366
0.063945
0.05838
0.039378
0.012474
0.0
0.0
0.0
0.0
0.0
0.0
0.0
0.0
0.0
0.0
0.0
0.0
0.0
0.0
0.0
0.0
0.0
0.006756
0.029577000000000003
0.089269
0.16423400000000002
0.194813
0.134654
0.042315
0.0
0.0
0.0
0.0
0.0
0.0
0.0
0.0
0.0
0.0
0.0
0.0
0.0
0.0
0.0
0.0
0.0
0.010511
0.050192999999999995
0.126375
0.189102
0.19464599999999999
0.156079
0.054939999999999996
0.0
0.0
0.0
0.0
0.0
0.0
0.0
0.0
0.0
0.0
0.0
0.0
0.0
0.0
0.0
0.0
0.0
0.0
0.011115
0.021704
0.026632000000000003
0.024904
0.016697
0.004654
0.0
0.0
0.0
0.0
0.0
0.0
0.0
0.0
0.0
0.0
0.0
0.0
0.0
0.0
0.0
0.0
0.0
0.008719
0.0521
0.082533
0.08422400000000001
0.06544499999999999
0.045171
0.016242999999999997
0.0
0.0
0.0
0.0
0.0
0.0
0.0
0.0
0.0
0.0
0.0
0.0
0.0
0.0
0.0
0.0
0.0
0.0
0.011945
0.022517
0.027443000000000002
0.025768999999999997
0.017518000000000002
0.005443
0.0
0.0
0.0
0.0
0.0
0.0
0.0
0.0
0.0
0.0
0.0
0.0
0.0
0.0
0.0
0.0
0.0
0.0
0.011677
0.022091999999999997
0.026944
0.025346
0.017254000000000002
0.005333999999999999
0.0
0.0
0.0
0.0
0.0
0.0
0.0
0.0
0.0
0.0
0.0
0.0
0.0
0.0
0.0
0.0
0.0
0.0019019999999999998
0.012449
0.022892
0.027746
0.026178
0.018050999999999998
0.0061459999999999996
0.0
0.0
0.0
0.0
0.0
0.0
0.0
0.0
0.0
0.0
0.0
0.0
0.0
0.0
0.0
0.0
0.0
0.012039
0.088066
0.138828
0.15114
0.11437900000000001
0.071137
0.024612
0.0
0.0
0.0
0.0
0.0
0.0
0.0
0.0
0.0
0.0
0.0
0.0
0.0
0.0
0.0
0.0
0.0
0.008603999999999999
0.058854
0.14183
0.207981
0.220795
0.166783
0.070743
0.002262
0.0
0.0
0.0
0.0
0.0
0.0
0.0
0.0
0.0
0.0
0.0
0.0
0.0
0.0
0.0
0.0
0.00075
0.013606
0.07699399999999999
0.18282400000000001
0.225911
0.196716
0.08064700000000001
0.0033410000000000002
0.0
0.0
0.0
0.0
0.0
0.0
0.0
0.0
0.0
0.0
0.0
0.0
0.0
0.0
0.0
0.0
0.031111
0.170889
0.29097199999999995
0.352846
0.30463799999999996
0.254977
0.09903400000000001
0.003991
0.0
0.0
0.0
0.0
0.0
0.0
0.0
0.0
0.0
0.0
0.0
0.0
0.0
0.0
0.0
0.0
0.0347
0.17041900000000001
0.280036
0.352282
0.308834
0.239852
0.10116
0.0045590000000000006
0.0
0.0
0.0
0.0
0.0
0.0
0.0
0.0
0.0
0.0
0.0
0.0
0.0
0.0
0.0
0.0
0.036367
0.17108500000000001
0.272275
0.30297500000000005
0.30436399999999997
0.22508799999999998
0.096416
0.004450999999999999
0.0
0.0
0.0
0.0
0.0
0.0
0.0
0.0
0.0
0.0
0.0
0.0
0.0
0.0
0.0
0.0
0.004777
0.016550000000000002
0.042635
0.068715
0.081891
0.060281999999999995
0.027816
0.0
0.0
0.0
0.0
0.0
0.0
0.0
0.0
0.0
0.0
0.0
0.0
0.0
0.0
0.0
0.0
0.0
0.002489
0.016514
0.028194
0.034057000000000004
0.032356
0.036543
0.023643
0.000544
0.0
0.0
0.0
0.0
0.0
0.0
0.0
0.0
0.0
0.0
0.0
0.0
0.0
0.0
0.0
0.0
0.01417
0.07266
0.20002799999999998
0.305665
0.345174
0.271984
0.12068999999999999
0.00893
0.0
0.0
0.0
0.0
0.0
0.0
0.0
0.0
0.0
0.0
0.0
0.0
0.0
0.0
0.0
0.0
0.046472
0.189257
0.30350499999999997
0.364556
0.318613
0.270951
0.12211799999999999
0.010364
0.0
0.0
0.0
0.0
0.0
0.0
0.0
0.0
0.0
0.0
0.0
0.0
0.0
0.0
0.0
0.0
0.003286
0.017952000000000003
0.030414999999999998
0.036043
0.034326
0.026001
0.012041
0.0
0.0
0.0
0.0
0.0
0.0
0.0
0.0
0.0
0.0
0.0
0.0
0.0
0.0
0.0
0.0
0.0
0.003966
0.018547
0.045831000000000004
0.073113
0.088104
0.066911
0.033941000000000006
0.003003
0.0
0.0
0.0
0.0
0.0
0.0
0.0
0.0
0.0
0.0
0.0
0.0
0.0
0.0
0.0
0.0
0.0039180000000000005
0.018455
0.030735
0.03648
0.035652
0.033860999999999995
0.020617999999999997
0.001846
0.0
0.0
0.0
0.0
0.0
0.0
0.0
0.0
0.0
0.0
0.0
0.0
0.0
0.0
0.0
0.0
0.055805
0.15043199999999998
0.277762
0.35889499999999996
0.33848700000000004
0.29389499999999996
0.140489
0.016989999999999998
0.0
0.0
0.0
0.0
0.0
0.0
0.0
0.0
0.0
0.0
0.0
0.0
0.0
0.0
0.0
0.0
0.004632
0.019882999999999998
0.047726
0.076416
0.092278
0.071298
0.038028
0.005549
0.0
0.0
0.0
0.0
0.0
0.0
0.0
0.0
0.0
0.0
0.0
0.0
0.0
0.0
0.0
0.0
0.013207
0.024192
0.056402
0.087877
0.10723099999999999
0.084714
0.048753
0.009340999999999999
0.0
0.0
0.0
0.0
0.0
0.0
0.0
0.0
0.0
0.0
0.0
0.0
0.0
0.0
0.0
0.0
0.007775000000000001
0.024850999999999998
0.038031999999999996
0.043741
0.042903
0.033901
0.019129999999999998
0.0022010000000000003
0.0
0.0
0.0
0.0
0.0
0.0
0.0
0.0
0.0
0.0
0.0
0.0
0.0
0.0
0.0
0.0
0.008509000000000001
0.025467
0.038417
0.044073999999999995
0.043442
0.034527
0.019841
0.002968
0.0
0.0
0.0
0.0
0.0
0.0
0.0
0.0
0.0
0.0
0.0
0.0
0.0
0.0
0.0
0.0
0.009243
0.025416
0.039288
0.044958
0.044207
0.035382
0.020666
0.0037280000000000004
0.0
0.0
0.0
0.0
0.0
0.0
0.0
0.0
0.0
0.0
0.0
0.0
0.0
0.0
0.0
0.0
0.10772499999999999
0.247974
0.30253199999999997
0.239286
0.114243
0.072912
0.032347
0.003698
0.0
0.0
0.0
0.0
0.0
0.0
0.0
0.0
0.0
0.0
0.0
0.0
0.0
0.0
0.0
0.0
0.022659
0.070133
0.15821100000000002
0.242542
0.27155599999999996
0.21271199999999998
0.115304
0.025396000000000002
0.0
0.0
0.0
0.0
0.0
0.0
0.0
0.0
0.0
0.0
0.0
0.0
0.0
0.0
0.0
0.0
0.010734
0.027539
0.06185
0.095518
0.11647199999999999
0.11614100000000001
0.084138
0.027299
0.0
0.0
0.0
0.0
0.0
0.0
0.0
0.0
0.0
0.0
0.0
0.0
0.0
0.0
0.0
0.00023
0.044954999999999995
0.13213399999999997
0.206708
0.260232
0.309981
0.220952
0.122196
0.029921
0.0
0.0
0.0
0.0
0.0
0.0
0.0
0.0
0.0
0.0
0.0
0.0
0.0
0.0
0.0
0.001258
0.041078
0.076793
0.132392
0.190572
0.209386
0.153871
0.075994
0.019869
0.0
0.0
0.0
0.0
0.0
0.0
0.0
0.0
0.0
0.0
0.0
0.0
0.0
0.0
0.0
0.0
0.013632
0.031765999999999996
0.079966
0.13145099999999998
0.126215
0.12413500000000001
0.092799
0.034908999999999996
0.0
0.0
0.0
0.0
0.0
0.0
0.0
0.0
0.0
0.0
0.0
0.0
0.0
0.0
0.0
0.002818
0.110176
0.25846399999999997
0.272894
0.23144900000000002
0.132564
0.189796
0.170809
0.073642
0.000386
0.0
0.0
0.0
0.0
0.0
0.0
0.0
0.0
0.0
0.0
0.0
0.0
0.0
0.0
0.004488000000000001
0.12966399999999997
0.326181
0.455241
0.5331319999999999
0.522887
0.439953
0.288094
0.107659
0.0009130000000000001
0.0
0.0
0.0
0.0
0.0
0.0
0.0
0.0
0.0
0.0
0.0
0.0
0.0
0.0
0.011085000000000001
0.163239
0.361151
0.479746
0.544261
0.5247329999999999
0.44479
0.291028
0.11194499999999999
0.001268
0.0
0.0
0.0
0.0
0.0
0.0
0.0
0.0
0.0
0.0
0.0
0.0
0.0
0.0
0.00725
0.140906
0.338455
0.468403
0.543559
0.5371900000000001
0.453741
0.303786
0.120131
0.001863
0.0
0.0
0.0
0.0
0.0
0.0
0.0
0.0
0.0
0.0
0.0
0.0
0.0
0.0
0.017455
0.175011
0.377127
0.499909
0.556458
0.543301
0.46023000000000003
0.307678
0.12420300000000001
0.002851
0.0
0.0
0.0
0.0
0.0
0.0
0.0
0.0
0.0
0.0
0.0
0.0
0.0
0.0
0.020848
0.182619
0.38834500000000005
0.513537
0.567386
0.554725
0.472959
0.31827300000000003
0.132149
0.003423
0.0
0.0
0.0
0.0
0.0
0.0
0.0
0.0
0.0
0.0
0.0
0.0
0.0
0.0
0.008226
0.108788
0.233214
0.360796
0.431324
0.44211399999999995
0.394998
0.31189999999999996
0.13047399999999998
0.003869
0.0
0.0
0.0
0.0
0.0
0.0
0.0
0.0
0.0
0.0
0.0
0.0
0.0
0.0
0.027607
0.213201
0.39545600000000003
0.515182
0.563493
0.550207
0.475961
0.33637599999999995
0.13747
0.0043479999999999994
0.0
0.0
0.0
0.0
0.0
0.0
0.0
0.0
0.0
0.0
0.0
0.0
0.0
0.0
0.030123999999999998
0.142349
0.10435599999999999
0.306192
0.461637
0.5347999999999999
0.386885
0.19269999999999998
0.036470999999999996
0.0
0.0
0.0
0.0
0.0
0.0
0.0
0.0
0.0
0.0
0.0
0.0
0.0
0.0
0.0
0.0015429999999999999
0.021207999999999998
0.040904
0.082551
0.123669
0.150178
0.127926
0.085445
0.037656
0.0
0.0
0.0
0.0
0.0
0.0
0.0
0.0
0.0
0.0
0.0
0.0
0.0
0.0
0.0
0.00231
0.021931000000000003
0.041764
0.084164
0.125333
0.152855
0.129499
0.088435
0.039511000000000004
0.000289
0.0
0.0
0.0
0.0
0.0
0.0
0.0
0.0
0.0
0.0
0.0
0.0
0.0
0.0
0.003106
0.022768
0.042563000000000004
0.057255
0.06361800000000001
0.062027
0.105825
0.110125
0.064999
0.002226
0.0
0.0
0.0
0.0
0.0
0.0
0.0
0.0
0.0
0.0
0.0
0.0
0.0
0.0
0.009826
0.035636
0.043039
0.114979
0.204313
0.26234199999999996
0.265115
0.22625
0.119742
0.008451
0.0
0.0
0.0
0.0
0.0
0.0
0.0
0.0
0.0
0.0
0.0
0.0
0.0
0.0
0.010613
0.036351
0.043813000000000005
0.058434
0.065043
0.063389
0.054354
0.037213
0.016655
0.0
0.0
0.0
0.0
0.0
0.0
0.0
0.0
0.0
0.0
0.0
0.0
0.0
0.0
0.0
0.008398
0.050158
0.11220999999999999
0.173904
0.23893999999999999
0.26344999999999996
0.232186
0.161526
0.072337
0.005871
0.0
0.0
0.0
0.0
0.0
0.0
0.0
0.0
0.0
0.0
0.0
0.0
0.0
0.0
0.005422
0.025718
0.046149
0.059794
0.067273
0.06576
0.055762
0.039506
0.018247
0.005607
0.0
0.0
0.0
0.0
0.0
0.0
0.0
0.0
0.0
0.0
0.0
0.0
0.0
0.0
0.010093999999999999
0.055018
0.118044
0.182138
0.247546
0.273644
0.207401
0.12007999999999999
0.049693
0.003185
0.0
0.0
0.0
0.0
0.0
0.0
0.0
0.0
0.0
0.0
0.0
0.0
0.0
0.0
0.00628
0.02745
0.047797
0.062264
0.068703
0.066914
0.057019
0.040843000000000004
0.019754
0.000574
0.0
0.0
0.0
0.0
0.0
0.0
0.0
0.0
0.0
0.0
0.0
0.0
0.0
0.0
0.03871
0.20242500000000002
0.37268599999999996
0.48473700000000003
0.5178550000000001
0.502367
0.442574
0.31193
0.138589
0.018495
0.0
0.0
0.0
0.0
0.0
0.0
0.0
0.0
0.0
0.0
0.0
0.0
0.0
0.0
0.071423
0.22317599999999999
0.375925
0.486236
0.522156
0.510124
0.44832799999999995
0.319631
0.146953
0.020127
0.0
0.0
0.0
0.0
0.0
0.0
0.0
0.0
0.0
0.0
0.0
0.0
0.0
0.0
0.059512
0.106014
0.046811
0.061542
0.068075
0.06616200000000001
0.056271
0.039542
0.018706
0.00354
0.0
0.0
0.0
0.0
0.0
0.0
0.0
0.0
0.0
0.0
0.0
0.0
0.0
0.0
0.030526
0.127945
0.264492
0.36131599999999997
0.438437
0.436311
0.389938
0.290508
0.146089
0.024209
0.0
0.0
0.0
0.0
0.0
0.0
0.0
0.0
0.0
0.0
0.0
0.0
0.0
0.00075
0.080848
0.237319
0.37765499999999996
0.477656
0.529864
0.514765
0.44258600000000003
0.326153
0.161593
0.028382
0.0
0.0
0.0
0.0
0.0
0.0
0.0
0.0
0.0
0.0
0.0
0.0
0.0
0.0
0.058483
0.162625
0.260944
0.35430399999999995
0.381589
0.374788
0.39039999999999997
0.311716
0.16613399999999998
0.027408000000000002
0.0
0.0
0.0
0.0
0.0
0.0
0.0
0.0
0.0
0.0
0.0
0.0
0.0
0.001751
0.093707
0.25313800000000003
0.40274099999999996
0.5137010000000001
0.597205
0.580635
0.46646
0.341736
0.180733
0.035235999999999996
0.0
0.0
0.0
0.0
0.0
0.0
0.0
0.0
0.0
0.0
0.0
0.0
0.0
0.0
0.046215000000000006
0.123663
0.206901
0.23608099999999999
0.207794
0.170701
0.174579
0.157233
0.086676
0.021748999999999998
0.0
0.0
0.0
0.0
0.0
0.0
0.0
0.0
0.0
0.0
0.0
0.0
0.0
0.002796
0.10355299999999999
0.260306
0.40218400000000004
0.5110779999999999
0.578115
0.56496
0.456366
0.33874
0.173546
0.039677
0.0
0.0
0.0
0.0
0.0
0.0
0.0
0.0
0.0
0.0
0.0
0.0
0.0
0.003781
0.11102200000000001
0.272625
0.418197
0.551277
0.599688
0.583192
0.477885
0.35040499999999997
0.191663
0.042839
0.0
0.0
0.0
0.0
0.0
0.0
0.0
0.0
0.0
0.0
0.0
0.0
0.0
0.004327
0.11513899999999999
0.278449
0.432467
0.5637409999999999
0.612201
0.595665
0.46359
0.267583
0.061782
0.015135
0.0
0.0
0.0
0.0
0.0
0.0
0.0
0.0
0.0
0.0
0.0
0.0
0.0
0.0038669999999999998
0.078125
0.158054
0.227343
0.285571
0.309002
0.302385
0.259907
0.191708
0.09795699999999999
0.019717
0.0
0.0
0.0
0.0
0.0
0.0
0.0
0.0
0.0
0.0
0.0
0.0
0.0
0.0
0.022523
0.071953
0.136967
0.13841
0.11443600000000001
0.074663
0.066071
0.048375
0.026156
0.005415
0.0
0.0
0.0
0.0
0.0
0.0
0.0
0.0
0.0
0.0
0.0
0.0
0.0
0.009784000000000001
0.114036
0.222864
0.234958
0.316816
0.373499
0.41697300000000004
0.41301299999999996
0.32988999999999996
0.19057300000000002
0.050463
0.0
0.0
0.0
0.0
0.0
0.0
0.0
0.0
0.0
0.0
0.0
0.0
0.0
0.010528000000000001
0.079708
0.115396
0.06081
0.075682
0.081598
0.079866
0.16805199999999998
0.202738
0.14900899999999997
0.046564999999999995
0.0
0.0
0.0
0.0
0.0
0.0
0.0
0.0
0.0
0.0
0.0
0.0
0.0
0.008025000000000001
0.06990600000000001
0.153837
0.248658
0.218597
0.163232
0.080836
0.137786
0.15154499999999999
0.110235
0.045942
0.0
0.0
0.0
0.0
0.0
0.0
0.0
0.0
0.0
0.0
0.0
0.0
0.0
0.018
0.139659
0.316291
0.468152
0.594602
0.640254
0.610596
0.505404
0.378664
0.22015700000000002
0.061966
0.0
0.0
0.0
0.0
0.0
0.0
0.0
0.0
0.0
0.0
0.0
0.0
0.0
0.011155
0.082662
0.201399
0.31151
0.403999
0.423119
0.409661
0.460331
0.37776600000000005
0.226915
0.067339
0.000146
0.0
0.0
0.0
0.0
0.0
0.0
0.0
0.0
0.0
0.0
0.0
0.0
0.023994
0.14986600000000003
0.32570699999999997
0.479188
0.58846
0.6364160000000001
0.6065940000000001
0.512159
0.389702
0.230859
0.069863
0.000647
0.0
0.0
0.0
0.0
0.0
0.0
0.0
0.0
0.0
0.0
0.0
0.0
0.026605
0.153662
0.327531
0.476257
0.583385
0.574573
0.426707
0.31648899999999996
0.185974
0.077053
0.025364
0.0
0.0
0.0
0.0
0.0
0.0
0.0
0.0
0.0
0.0
0.0
0.0
0.0
0.009822
0.044046
0.067667
0.065758
0.08022199999999999
0.086267
0.08314400000000001
0.07263599999999999
0.054345
0.032158
0.009957
0.0
0.0
0.0
0.0
0.0
0.0
0.0
0.0
0.0
0.0
0.0
0.0
0.0
0.011231999999999999
0.05643
0.11208
0.161676
0.198781
0.213566
0.207277
0.179073
0.134616
0.080606
0.033427
0.0
0.0
0.0
0.0
0.0
0.0
0.0
0.0
0.0
0.0
0.0
0.0
0.0
0.003126
0.023882999999999998
0.048081000000000006
0.068877
0.082193
0.088396
0.08608
0.192912
0.221518
0.174727
0.06989
0.002106
0.0
0.0
0.0
0.0
0.0
0.0
0.0
0.0
0.0
0.0
0.0
0.0
0.0038940000000000003
0.024551
0.048531
0.069229
0.12334300000000001
0.173339
0.20594900000000002
0.145934
0.08469700000000001
0.0343
0.011451000000000001
0.0
0.0
0.0
0.0
0.0
0.0
0.0
0.0
0.0
0.0
0.0
0.0
0.0
0.0044989999999999995
0.024835999999999997
0.048235
0.06740600000000001
0.120318
0.169042
0.21227600000000002
0.176083
0.13675700000000002
0.083187
0.031542
0.0
0.0
0.0
0.0
0.0
0.0
0.0
0.0
0.0
0.0
0.0
0.0
0.0
0.016152
0.059298000000000003
0.099747
0.12288800000000001
0.127217
0.11419199999999999
0.08914100000000001
0.11567400000000001
0.115943
0.087321
0.027303
0.0
0.0
0.0
0.0
0.0
0.0
0.0
0.0
0.0
0.0
0.0
0.0
0.0
0.0053419999999999995
0.041019
0.099371
0.168963
0.235794
0.29972899999999997
0.328013
0.21515700000000001
0.11429399999999999
0.035684
0.012967000000000001
0.0
0.0
0.0
0.0
0.0
0.0
0.0
0.0
0.0
0.0
0.0
0.0
0.0
0.006271
0.043177999999999994
0.103384
0.175867
0.20982699999999999
0.22620300000000002
0.21987600000000002
0.15351599999999999
0.088889
0.037827
0.028894
0.001032
0.0
0.0
0.0
0.0
0.0
0.0
0.0
0.0
0.0
0.0
0.0
0.0
0.007131
0.029606
0.054645000000000006
0.075239
0.131707
0.18467
0.219654
0.227407
0.213643
0.141487
0.073906
0.006405999999999999
0.0
0.0
0.0
0.0
0.0
0.0
0.0
0.0
0.0
0.0
0.0
0.0
0.022949
0.07525499999999999
0.13439099999999998
0.18565700000000002
0.216851
0.232525
0.224479
0.308663
0.314446
0.233148
0.09544
0.008183
0.0
0.0
0.0
0.0
0.0
0.0
0.0
0.0
0.0
0.0
0.0
0.00028599999999999996
0.066065
0.220766
0.391151
0.544762
0.6517419999999999
0.599308
0.459013
0.305141
0.14912799999999998
0.038801
0.01531
0.0
0.0
0.0
0.0
0.0
0.0
0.0
0.0
0.0
0.0
0.0
0.0
0.0
0.010504
0.068036
0.174656
0.310333
0.433938
0.534427
0.578905
0.517097
0.406331
0.25998899999999997
0.099077
0.008216
0.0
0.0
0.0
0.0
0.0
0.0
0.0
0.0
0.0
0.0
0.0
0.0
0.011259
0.044262
0.088218
0.135184
0.17680500000000002
0.208807
0.221601
0.231784
0.217933
0.16088
0.062664
0.004873000000000001
0.0
0.0
0.0
0.0
0.0
0.0
0.0
0.0
0.0
0.0
0.0
0.0
0.032178
0.072397
0.090137
0.080054
0.182189
0.27835000000000004
0.378495
0.33592700000000003
0.254707
0.168736
0.104445
0.015688
0.0
0.0
0.0
0.0
0.0
0.0
0.0
0.0
0.0
0.0
0.0
0.002584
0.066954
0.185978
0.30484
0.41032100000000005
0.442415
0.421989
0.35691199999999995
0.363641
0.305783
0.215062
0.116521
0.017351
0.0
0.0
0.0
0.0
0.0
0.0
0.0
0.0
0.0
0.0
0.0
0.002943
0.069075
0.187308
0.30047399999999996
0.402234
0.487498
0.542833
0.551924
0.49677
0.396183
0.258421
0.104468
0.013276
0.0
0.0
0.0
0.0
0.0
0.0
0.0
0.0
0.0
0.0
0.0
0.004364
0.099044
0.272267
0.430042
0.537828
0.633557
0.6629349999999999
0.6427200000000001
0.5797100000000001
0.469019
0.317563
0.138377
0.021023
0.0
0.0
0.0
0.0
0.0
0.0
0.0
0.0
0.0
0.0
0.0
0.005392
0.094915
0.23523
0.313147
0.32399900000000004
0.377253
0.393824
0.38307100000000005
0.29348399999999997
0.194137
0.11264199999999999
0.06394899999999999
0.011831
0.0
0.0
0.0
0.0
0.0
0.0
0.0
0.0
0.0
0.0
0.0
0.008413
0.107264
0.279165
0.388505
0.327658
0.327575
0.281881
0.233745
0.21906899999999999
0.166847
0.112579
0.055442
0.00897
0.0
0.0
0.0
0.0
0.0
0.0
0.0
0.0
0.0
0.0
0.0
0.00583
0.08219599999999999
0.24206899999999998
0.423885
0.583425
0.636876
0.608626
0.496728
0.44648899999999997
0.341615
0.232682
0.093759
0.014058
0.0
0.0
0.0
0.0
0.0
0.0
0.0
0.0
0.0
0.0
0.0
0.009635999999999999
0.109584
0.257755
0.36971
0.43017500000000003
0.466731
0.44314299999999995
0.380153
0.351541
0.270438
0.185248
0.079998
0.013964
0.0
0.0
0.0
0.0
0.0
0.0
0.0
0.0
0.0
0.0
0.0
0.004069
0.049053
0.10937000000000001
0.17091900000000002
0.21418700000000002
0.243321
0.25702600000000003
0.24837700000000001
0.39358499999999996
0.407173
0.31541
0.15037799999999998
0.030843
0.0
0.0
0.0
0.0
0.0
0.0
0.0
0.0
0.0
0.0
0.0
0.0075970000000000005
0.073447
0.146244
0.194815
0.210567
0.27987599999999996
0.350528
0.378595
0.385334
0.330216
0.237877
0.11524899999999999
0.025452000000000002
0.0
0.0
0.0
0.0
0.0
0.0
0.0
0.0
0.0
0.0
0.0
0.000603
0.019971
0.045902
0.070158
0.08973
0.102066
0.106937
0.103139
0.136761
0.14331200000000002
0.122018
0.095753
0.027985
0.0
0.0
0.0
0.0
0.0
0.0
0.0
0.0
0.0
0.0
0.0
0.010791
0.078746
0.15099100000000001
0.199262
0.216589
0.201147
0.162188
0.106589
0.32243700000000003
0.398596
0.335123
0.16173099999999999
0.036344
0.0
0.0
0.0
0.0
0.0
0.0
0.0
0.0
0.0
0.0
0.0
0.023709
0.135913
0.29252300000000003
0.371348
0.344839
0.397863
0.41546
0.403615
0.358343
0.279457
0.195616
0.109514
0.02907
0.0
0.0
0.0
0.0
0.0
0.0
0.0
0.0
0.0
0.0
0.0
0.004298
0.022444
0.07198399999999999
0.140563
0.218422
0.28931
0.36506900000000003
0.391278
0.36493400000000004
0.282902
0.196351
0.088631
0.020005
0.0
0.0
0.0
0.0
0.0
0.0
0.0
0.0
0.0
0.0
0.0
0.028215
0.14624199999999998
0.324622
0.484505
0.5916319999999999
0.695492
0.743446
0.730286
0.645282
0.520509
0.33952699999999997
0.172906
0.042165999999999995
0.0
0.0
0.0
0.0
0.0
0.0
0.0
0.0
0.0
0.0
0.0
0.030893999999999998
0.15139599999999998
0.3341
0.494519
0.613718
0.68151
0.69251
0.661369
0.616403
0.5155850000000001
0.36054
0.177613
0.043414
0.0
0.0
0.0
0.0
0.0
0.0
0.0
0.0
0.0
0.0
0.0
0.029846
0.150508
0.314118
0.418906
0.454079
0.602788
0.694852
0.704919
0.636014
0.514959
0.357556
0.180785
0.045683
0.0
0.0
0.0
0.0
0.0
0.0
0.0
0.0
0.0
0.0
0.0
0.034373
0.15706399999999998
0.34165300000000004
0.508309
0.639991
0.723708
0.7466119999999999
0.7086290000000001
0.626911
0.503342
0.338197
0.168933
0.04453
0.0
0.0
0.0
0.0
0.0
0.0
0.0
0.0
0.0
0.0
0.0
0.036371
0.161183
0.341515
0.508764
0.631974
0.7093529999999999
0.73485
0.7066169999999999
0.6358550000000001
0.515152
0.35705200000000004
0.181784
0.047747
0.0
0.0
0.0
0.0
0.0
0.0
0.0
0.0
0.0
0.0
0.0
0.038449
0.161458
0.337475
0.501872
0.619062
0.691099
0.7299059999999999
0.698769
0.630409
0.520884
0.359257
0.183485
0.049808
0.0
0.0
0.0
0.0
0.0
0.0
0.0
0.0
0.0
0.0
0.0
0.035978
0.161873
0.34026799999999996
0.503195
0.62172
0.67101
0.561498
0.251809
0.457858
0.485271
0.363863
0.175557
0.043259
0.0
0.0
0.0
0.0
0.0
0.0
0.0
0.0
0.0
0.0
0.0
0.006035
0.028882
0.055789
0.080344
0.099398
0.113451
0.118737
0.114631
0.103437
0.08419199999999999
0.06011
0.033028
0.009196
0.0
0.0
0.0
0.0
0.0
0.0
0.0
0.0
0.0
0.0
0.0
0.038662999999999996
0.15641
0.28013299999999997
0.35398399999999997
0.369959
0.313016
0.22775399999999998
0.114443
0.151339
0.161022
0.14196899999999998
0.095651
0.035996
0.0
0.0
0.0
0.0
0.0
0.0
0.0
0.0
0.0
0.0
0.0
0.040377
0.186412
0.372908
0.541216
0.677879
0.7151900000000001
0.654445
0.545844
0.444041
0.337505
0.218196
0.113133
0.032707
0.0
0.0
0.0
0.0
0.0
0.0
0.0
0.0
0.0
0.0
0.0
0.039853
0.113915
0.210605
0.29978899999999997
0.369969
0.414837
0.435671
0.416225
0.335212
0.235133
0.144228
0.083081
0.028341
0.0
0.0
0.0
0.0
0.0
0.0
0.0
0.0
0.0
0.0
0.0
0.013694000000000001
0.031993
0.05868
0.082395
0.100742
0.113043
0.117616
0.11529500000000001
0.104635
0.08674899999999999
0.06311699999999999
0.070134
0.03531
0.0
0.0
0.0
0.0
0.0
0.0
0.0
0.0
0.0
0.0
0.0
0.009295999999999999
0.033195999999999996
0.060003
0.0843
0.10329
0.115649
0.121134
0.117071
0.154648
0.166063
0.146431
0.12748099999999998
0.054853
0.001549
0.0
0.0
0.0
0.0
0.0
0.0
0.0
0.0
0.0
0.0
0.015533
0.034087000000000006
0.091086
0.164616
0.24469
0.383183
0.49615699999999996
0.5384220000000001
0.426555
0.28234
0.149522
0.086851
0.031848
0.0
0.0
0.0
0.0
0.0
0.0
0.0
0.0
0.0
0.0
0.0
0.008244
0.029916
0.082765
0.153087
0.23032
0.25861399999999996
0.26787900000000003
0.259961
0.43131400000000003
0.45417799999999997
0.35517899999999997
0.184363
0.059125
0.00218
0.0
0.0
0.0
0.0
0.0
0.0
0.0
0.0
0.0
0.001375
0.05533
0.17679599999999998
0.344066
0.494793
0.619989
0.6981689999999999
0.729236
0.710307
0.620322
0.490539
0.325836
0.165483
0.054424999999999994
0.0012720000000000001
0.0
0.0
0.0
0.0
0.0
0.0
0.0
0.0
0.0
0.001375
0.047387
0.107939
0.17394300000000001
0.21711000000000003
0.238717
0.210435
0.169066
0.110903
0.146494
0.15753399999999998
0.13808
0.065354
0.017095
0.0
0.0
0.0
0.0
0.0
0.0
0.0
0.0
0.0
0.0
0.0
0.035917000000000004
0.113658
0.20656899999999997
0.293921
0.371862
0.40438999999999997
0.420312
0.406423
0.375577
0.304625
0.21148599999999998
0.140412
0.057636
0.00423
0.0
0.0
0.0
0.0
0.0
0.0
0.0
0.0
0.0
8.1e-05
0.041895
0.11547299999999999
0.263349
0.42967700000000003
0.572534
0.600158
0.527985
0.40897100000000003
0.404454
0.356099
0.26325299999999996
0.1499
0.056624
0.003964
0.0
0.0
0.0
0.0
0.0
0.0
0.0
0.0
0.0
0.003079
0.063591
0.189694
0.332976
0.415505
0.357974
0.398974
0.417694
0.402194
0.405674
0.35593400000000003
0.26461599999999996
0.133299
0.042332
0.000588
0.0
0.0
0.0
0.0
0.0
0.0
0.0
0.0
0.0
1.4999999999999999e-05
0.023384000000000002
0.033339
0.086753
0.157024
0.23628
0.265238
0.27540800000000004
0.26715
0.197796
0.124041
0.060856
0.03484
0.011829000000000001
0.0
0.0
0.0
0.0
0.0
0.0
0.0
0.0
0.0
0.0
0.0
0.010992
0.033179
0.059088999999999996
0.08172700000000001
0.099743
0.214637
0.317348
0.414654
0.361565
0.29495299999999997
0.210812
0.134107
0.056318
0.0058200000000000005
0.0
0.0
0.0
0.0
0.0
0.0
0.0
0.0
0.0
0.00237
0.05366
0.155658
0.29351
0.44362599999999996
0.5724940000000001
0.6140019999999999
0.599562
0.545894
0.42027
0.277489
0.14754
0.185909
0.066884
0.0069429999999999995
0.0
0.0
0.0
0.0
0.0
0.0
0.0
0.0
0.0
0.0
0.019795
0.061839
0.11764
0.179574
0.246889
0.313516
0.385336
0.428506
0.338734
0.240164
0.149826
0.11905299999999999
0.058577
0.007986
0.0
0.0
0.0
0.0
0.0
0.0
0.0
0.0
0.0
0.008302
0.069477
0.157953
0.296272
0.439605
0.570274
0.546682
0.447186
0.272488
0.252209
0.201442
0.145387
0.087545
0.035921
0.003064
0.0
0.0
0.0
0.0
0.0
0.0
0.0
0.0
0.0
0.0030150000000000003
0.046629
0.130406
0.243672
0.36884500000000003
0.490137
0.573126
0.628987
0.640466
0.6128020000000001
0.54231
0.384135
0.213324
0.07590000000000001
0.009345000000000001
0.0
0.0
0.0
0.0
0.0
0.0
0.0
0.0
0.0
0.000325
0.027876
0.086191
0.144758
0.198533
0.249518
0.268031
0.27598700000000004
0.270552
0.23912
0.198437
0.145466
0.163162
0.080675
0.014008
0.0
0.0
0.0
0.0
0.0
0.0
0.0
0.0
0.0
0.011987
0.073614
0.20349799999999998
0.360964
0.48806299999999997
0.5844790000000001
0.658494
0.690705
0.6683300000000001
0.609274
0.499211
0.35991
0.204977
0.079818
0.014093999999999999
0.0
0.0
0.0
0.0
0.0
0.0
0.0
0.0
0.0
0.013699999999999999
0.077908
0.210697
0.381601
0.5348310000000001
0.65077
0.7229439999999999
0.744444
0.711754
0.6486989999999999
0.5316069999999999
0.38505900000000004
0.21885400000000002
0.08497
0.016277
0.0
0.0
0.0
0.0
0.0
0.0
0.0
0.0
0.0
0.014667999999999999
0.078932
0.21096
0.378388
0.528787
0.645282
0.70613
0.738168
0.713379
0.647694
0.5373
0.387611
0.220632
0.086586
0.01745
0.0
0.0
0.0
0.0
0.0
0.0
0.0
0.0
0.0
0.01528
0.079191
0.166698
0.263757
0.34413299999999997
0.388493
0.421087
0.434614
0.422548
0.39275
0.323654
0.232636
0.16446100000000002
0.078094
0.016321000000000002
0.0
0.0
0.0
0.0
0.0
0.0
0.0
0.0
0.0
0.004822
0.040246000000000004
0.09380500000000001
0.15337
0.207749
0.259073
0.27682100000000004
0.286736
0.276603
0.24945599999999998
0.20852199999999999
0.153562
0.140153
0.07556600000000001
0.017501000000000003
0.0
0.0
0.0
0.0
0.0
0.0
0.0
0.0
0.0
0.016846
0.074712
0.09331300000000001
0.265651
0.46346499999999996
0.621105
0.6890539999999999
0.7023590000000001
0.669431
0.593209
0.485916
0.357508
0.21112299999999998
0.086787
0.019056999999999998
0.0
0.0
0.0
0.0
0.0
0.0
0.0
0.0
0.0
0.018251
0.08216899999999999
0.21248
0.364244
0.504144
0.604086
0.665234
0.686821
0.665933
0.621528
0.504565
0.369579
0.214377
0.08618899999999999
0.020015
0.0
0.0
0.0
0.0
0.0
0.0
0.0
0.0
0.0
0.018686
0.08322199999999999
0.208209
0.351697
0.482937
0.572894
0.6136280000000001
0.588626
0.513137
0.491614
0.423973
0.328255
0.188555
0.077158
0.016163
0.0
0.0
0.0
0.0
0.0
0.0
0.0
0.0
0.0
0.016908000000000003
0.07789700000000001
0.187809
0.30788499999999996
0.402575
0.45212
0.5765779999999999
0.64612
0.6619640000000001
0.599606
0.497368
0.367047
0.218222
0.09199299999999999
0.022677
0.0
0.0
0.0
0.0
0.0
0.0
0.0
0.0
0.0
0.020161000000000002
0.087931
0.22578
0.395853
0.549388
0.667605
0.740991
0.767957
0.746125
0.677062
0.558785
0.40454199999999996
0.237496
0.098828
0.025460999999999998
0.0
0.0
0.0
0.0
0.0
0.0
0.0
0.0
0.0
0.020797
0.08905800000000001
0.2164
0.391805
0.554531
0.677335
0.755494
0.780784
0.7596029999999999
0.683986
0.567654
0.413837
0.24182499999999998
0.10332899999999999
0.026341
0.0
0.0
0.0
0.0
0.0
0.0
0.0
0.0
0.0
0.023586
0.095212
0.232397
0.401502
0.551414
0.6783830000000001
0.756309
0.784673
0.7571209999999999
0.684341
0.55849
0.403727
0.228449
0.091834
0.020408000000000003
0.0
0.0
0.0
0.0
0.0
0.0
0.0
0.0
0.0
0.013619
0.06617700000000001
0.14330299999999999
0.233315
0.324623
0.379191
0.472263
0.527586
0.553176
0.43220299999999995
0.290371
0.161113
0.103025
0.048610999999999994
0.010641999999999999
0.0
0.0
0.0
0.0
0.0
0.0
0.0
0.0
0.0
0.010581
0.059989
0.143818
0.23366599999999998
0.321834
0.377911
0.38353899999999996
0.33925900000000003
0.279046
0.296939
0.29228
0.243631
0.19012600000000002
0.09496299999999999
0.028665
0.0
0.0
0.0
0.0
0.0
0.0
0.0
0.0
0.0
0.024265000000000002
0.09126000000000001
0.203711
0.30781400000000003
0.377704
0.38184300000000004
0.323023
0.236403
0.12112600000000001
0.109607
0.091917
0.06962399999999999
0.043687
0.020054
0.00271
0.0
0.0
0.0
0.0
0.0
0.0
0.0
0.0
0.0
0.018155
0.088937
0.229999
0.37533999999999995
0.472518
0.491897
0.506533
0.48613799999999996
0.430895
0.34660700000000005
0.259038
0.163811
0.10441500000000001
0.050553
0.011439999999999999
0.0
0.0
0.0
0.0
0.0
0.0
0.0
0.0
0.0
0.01494
0.067994
0.143749
0.20546199999999998
0.242925
0.24790199999999998
0.27767200000000003
0.284644
0.277961
0.291767
0.288313
0.240154
0.20730500000000002
0.101779
0.031846
0.0
0.0
0.0
0.0
0.0
0.0
0.0
0.0
0.0
0.026007000000000002
0.095485
0.231261
0.394566
0.5393709999999999
0.649325
0.691378
0.618096
0.429033
0.48180399999999995
0.46848700000000004
0.381729
0.238382
0.10707599999999999
0.032023
0.0
0.0
0.0
0.0
0.0
0.0
0.0
0.0
0.0
0.020391
0.078398
0.157827
0.21878399999999998
0.24772999999999998
0.251727
0.281521
0.292488
0.28599
0.261957
0.222715
0.17315899999999998
0.115716
0.06033
0.016509
0.0
0.0
0.0
0.0
0.0
0.0
0.0
0.0
0.0
0.025672
0.097441
0.24165799999999998
0.37056599999999995
0.422877
0.401314
0.43284100000000003
0.446288
0.43579399999999996
0.44615499999999997
0.413308
0.331152
0.199182
0.091944
0.025619
0.0
0.0
0.0
0.0
0.0
0.0
0.0
0.0
0.0
0.027727
0.10441800000000001
0.242283
0.380536
0.471264
0.506756
0.560649
0.580723
0.561571
0.509457
0.432086
0.330111
0.246158
0.116649
0.03465699999999999
0.0
0.0
0.0
0.0
0.0
0.0
0.0
0.0
0.0
0.026052
0.10323099999999999
0.2512
0.411125
0.537201
0.6262490000000001
0.686828
0.69685
0.679409
0.609323
0.505379
0.36801799999999996
0.227524
0.104193
0.032545000000000004
0.0
0.0
0.0
0.0
0.0
0.0
0.0
0.0
0.0
0.026351
0.10105700000000001
0.233966
0.383306
0.518926
0.61514
0.618622
0.554101
0.429115
0.491782
0.481166
0.405642
0.260043
0.114069
0.033485999999999995
0.0
0.0
0.0
0.0
0.0
0.0
0.0
0.0
0.0
0.029252
0.10376
0.249026
0.407152
0.516941
0.570631
0.6177140000000001
0.6395839999999999
0.6341570000000001
0.574606
0.51423
0.404548
0.250464
0.11209000000000001
0.034106000000000004
0.0
0.0
0.0
0.0
0.0
0.0
0.0
0.0
0.0
0.026936
0.088862
0.190688
0.29686900000000005
0.39584800000000003
0.467351
0.444357
0.386584
0.27210700000000004
0.354989
0.359176
0.31533999999999995
0.225947
0.112321
0.034133000000000004
0.0
0.0
0.0
0.0
0.0
0.0
0.0
0.0
0.0
0.028564
0.09720000000000001
0.230315
0.37046100000000004
0.48305000000000003
0.556705
0.535653
0.44647899999999996
0.278089
0.262461
0.21845599999999998
0.169023
0.114831
0.07658799999999999
0.028773
0.0
0.0
0.0
0.0
0.0
0.0
0.0
0.0
0.0
0.014076
0.055085999999999996
0.108104
0.353801
0.412007
0.388418
0.427322
0.379273
0.285312
0.298748
0.29724
0.25519
0.171182
0.089872
0.029446999999999997
0.0
0.0
0.0
0.0
0.0
0.0
0.0
0.0
0.0
0.004021
0.022726
0.046902
0.070605
0.092254
0.110201
0.17836600000000002
0.237678
0.28441000000000005
0.27021100000000003
0.222291
0.17396199999999998
0.118673
0.063999
0.019961
0.0
0.0
0.0
0.0
0.0
0.0
0.0
0.0
0.0
0.004063
0.022837
0.046977
0.103622
0.17702400000000001
0.253921
0.281983
0.29202300000000003
0.282021
0.25716300000000003
0.223156
0.175612
0.120535
0.065743
0.021167000000000002
0.0
0.0
0.0
0.0
0.0
0.0
0.0
0.0
0.0
0.014355
0.056908
0.112971
0.229163
0.371388
0.519279
0.5287240000000001
0.507336
0.45061599999999996
0.404715
0.35221199999999997
0.271579
0.22300999999999999
0.113214
0.038729999999999994
0.00036199999999999996
0.0
0.0
0.0
0.0
0.0
0.0
0.0
0.0
0.023191
0.081981
0.16114799999999999
0.226911
0.255231
0.260347
0.33341699999999996
0.405441
0.44442200000000004
0.362657
0.265101
0.1772
0.12196599999999999
0.066633
0.021643
0.0
0.0
0.0
0.0
0.0
0.0
0.0
0.0
0.0
0.027483
0.105819
0.255396
0.411098
0.501742
0.502842
0.516111
0.49756
0.44574400000000003
0.447275
0.413323
0.331806
0.251117
0.125306
0.040684
0.001239
0.0
0.0
0.0
0.0
0.0
0.0
0.0
0.0
0.027501
0.10776999999999999
0.257556
0.421748
0.559137
0.651043
0.656541
0.589859
0.455021
0.453352
0.420677
0.34481900000000004
0.24613
0.123979
0.041134
0.001302
0.0
0.0
0.0
0.0
0.0
0.0
0.0
0.0
0.027928
0.104164
0.164657
0.258153
0.339269
0.39287700000000003
0.436365
0.448994
0.43963
0.494604
0.471962
0.398443
0.247385
0.118243
0.040119999999999996
0.0
0.0
0.0
0.0
0.0
0.0
0.0
0.0
0.0
0.02127
0.067682
0.112391
0.16941
0.225858
0.258563
0.231793
0.186765
0.12462000000000001
0.113938
0.097265
0.076432
0.05258
0.027901
0.007665
0.0
0.0
0.0
0.0
0.0
0.0
0.0
0.0
0.0
0.018148
0.07484099999999999
0.162459
0.272938
0.39197899999999997
0.506447
0.53136
0.497632
0.44695100000000004
0.401353
0.350731
0.271339
0.210645
0.119608
0.041909
0.001214
0.0
0.0
0.0
0.0
0.0
0.0
0.0
0.0
0.029627
0.096853
0.198899
0.29655200000000004
0.363982
0.396981
0.428709
0.44331200000000004
0.432919
0.36031
0.26280000000000003
0.176817
0.12179999999999999
0.067682
0.022724
0.0
0.0
0.0
0.0
0.0
0.0
0.0
0.0
0.0
0.027352
0.10381
0.223058
0.361299
0.48829199999999995
0.585057
0.585067
0.53595
0.44475400000000004
0.398836
0.347585
0.270024
0.179611
0.09768399999999999
0.034323
0.000345
0.0
0.0
0.0
0.0
0.0
0.0
0.0
0.0
0.011405
0.035392
0.047576
0.10593300000000001
0.180107
0.258729
0.286715
0.294932
0.289647
0.26770499999999997
0.230367
0.181425
0.102948
0.043777
0.007833999999999999
0.0
0.0
0.0
0.0
0.0
0.0
0.0
0.0
0.0
0.00414
0.023096
0.047634
0.071917
0.094831
0.11245699999999999
0.124933
0.12886699999999998
0.126056
0.11585200000000001
0.098964
0.077322
0.053194000000000005
0.028934
0.0077729999999999995
0.0
0.0
0.0
0.0
0.0
0.0
0.0
0.0
0.0
0.025412
0.086727
0.11038200000000001
0.167966
0.217332
0.26023599999999997
0.288389
0.299684
0.292215
0.21988300000000002
0.14599199999999998
0.078497
0.054339
0.029228
0.007905
0.0
0.0
0.0
0.0
0.0
0.0
0.0
0.0
0.0
0.00421
0.023292
0.047098
0.072142
0.094854
0.112258
0.124568
0.129155
0.125921
0.11545399999999999
0.099185
0.077806
0.053101999999999996
0.028977
0.007808
0.0
0.0
0.0
0.0
0.0
0.0
0.0
0.0
0.0
0.007717
0.045081
0.108256
0.164352
0.214173
0.255567
0.281189
0.291862
0.28454399999999996
0.262527
0.224874
0.176898
0.16228700000000001
0.102482
0.042135
0.00033800000000000003
0.0
0.0
0.0
0.0
0.0
0.0
0.0
0.0
0.019312000000000003
0.084652
0.19194999999999998
0.26750599999999997
0.28862299999999996
0.252473
0.48097199999999996
0.626242
0.686334
0.644277
0.552764
0.425425
0.28061200000000003
0.130295
0.041429
0.001213
0.0
0.0
0.0
0.0
0.0
0.0
0.0
0.0
0.028094
0.100403
0.241854
0.401161
0.5371889999999999
0.639774
0.701323
0.69788
0.616951
0.553284
0.44913200000000003
0.327822
0.218181
0.130712
0.040265
0.001575
0.0
0.0
0.0
0.0
0.0
0.0
0.0
0.0
0.00328
0.02185
0.045058
0.06941800000000001
0.090615
0.107967
0.119924
0.12567799999999998
0.12197100000000001
0.214796
0.266548
0.264485
0.161432
0.07908499999999999
0.02291
0.0
0.0
0.0
0.0
0.0
0.0
0.0
0.0
0.0
0.012442
0.052343
0.104497
0.188131
0.278834
0.373691
0.403829
0.421585
0.41387799999999997
0.425894
0.38664299999999996
0.31918
0.246856
0.124888
0.040024000000000004
0.001549
0.0
0.0
0.0
0.0
0.0
0.0
0.0
0.0
0.027084
0.090634
0.206283
0.309624
0.361088
0.37000700000000003
0.39974
0.417003
0.409234
0.37605700000000003
0.322248
0.252098
0.201792
0.11840300000000001
0.040555999999999995
0.0010580000000000001
0.0
0.0
0.0
0.0
0.0
0.0
0.0
0.0
0.025294
0.100176
0.244105
0.411943
0.554414
0.653768
0.6722469999999999
0.599776
0.44217399999999996
0.482543
0.45475
0.388668
0.267686
0.128142
0.042347
0.0015860000000000002
0.0
0.0
0.0
0.0
0.0
0.0
0.0
0.0
0.025596
0.081512
0.10466
0.213293
0.34591000000000005
0.476324
0.616435
0.693726
0.713704
0.654358
0.547433
0.41135700000000003
0.278766
0.12904
0.040269
0.001498
0.0
0.0
0.0
0.0
0.0
0.0
0.0
0.0
0.027094
0.09449500000000001
0.23441
0.39544
0.5328160000000001
0.636134
0.7143440000000001
0.7301369999999999
0.6816760000000001
0.640131
0.55055
0.432707
0.277771
0.128166
0.039939
0.001498
0.0
0.0
0.0
0.0
0.0
0.0
0.0
0.0
0.026444
0.093613
0.232413
0.39068200000000003
0.523072
0.628908
0.693956
0.708265
0.681246
0.6274160000000001
0.555817
0.393173
0.244773
0.11435899999999999
0.040026000000000006
0.0
0.0
0.0
0.0
0.0
0.0
0.0
0.0
0.0
0.024542
0.083077
0.179194
0.255168
0.279364
0.245211
0.321247
0.384425
0.42547
0.5225339999999999
0.514283
0.431427
0.276125
0.129827
0.039375999999999994
0.0010509999999999999
0.0
0.0
0.0
0.0
0.0
0.0
0.0
0.0
0.021789000000000003
0.08225
0.216471
0.373483
0.5153390000000001
0.630605
0.6675979999999999
0.6371760000000001
0.536644
0.42723
0.29242399999999996
0.168471
0.15398599999999998
0.098121
0.037731
0.0005669999999999999
0.0
0.0
0.0
0.0
0.0
0.0
0.0
0.0
0.00801
0.030917
0.043711
0.067965
0.090428
0.10778499999999999
0.119994
0.124653
0.123348
0.11295000000000001
0.096539
0.07632
0.100848
0.078492
0.03343
0.0
0.0
0.0
0.0
0.0
0.0
0.0
0.0
0.0
0.001925
0.019920999999999998
0.044518999999999996
0.10223900000000001
0.177083
0.254253
0.281843
0.29237799999999997
0.283049
0.265291
0.228685
0.179702
0.123332
0.067841
0.022423
0.0
0.0
0.0
0.0
0.0
0.0
0.0
0.0
0.0
0.017931000000000002
0.066146
0.10428
0.187169
0.287606
0.390969
0.43103800000000003
0.44408600000000004
0.435461
0.492621
0.47051600000000005
0.395347
0.25768599999999997
0.128702
0.041366
0.0004
0.0
0.0
0.0
0.0
0.0
0.0
0.0
0.0
0.023912
0.079329
0.104089
0.191327
0.288646
0.394306
0.531307
0.615543
0.665747
0.589739
0.471219
0.34023000000000003
0.215022
0.103457
0.032674999999999996
0.0
0.0
0.0
0.0
0.0
0.0
0.0
0.0
0.0
0.011344
0.040517000000000004
0.044222000000000004
0.101498
0.175622
0.259416
0.283464
0.297024
0.289706
0.470548
0.500577
0.441023
0.27118000000000003
0.1235
0.039323000000000004
0.000446
0.0
0.0
0.0
0.0
0.0
0.0
0.0
0.0
0.022449
0.077746
0.102712
0.16210400000000003
0.22032
0.255931
0.282708
0.29495699999999997
0.287598
0.267108
0.23587899999999998
0.18099
0.181898
0.114555
0.040646999999999996
0.000402
0.0
0.0
0.0
0.0
0.0
0.0
0.0
0.0
0.020962
0.085736
0.229986
0.369894
0.437317
0.397446
0.390988
0.34543
0.291541
0.268204
0.23738900000000002
0.18188900000000002
0.144553
0.08695900000000001
0.031669
0.0
0.0
0.0
0.0
0.0
0.0
0.0
0.0
0.0
0.016415
0.055249
0.043472000000000004
0.068441
0.091404
0.109374
0.121878
0.126854
0.124496
0.114355
0.098262
0.077003
0.052676
0.027564
0.007089000000000001
0.0
0.0
0.0
0.0
0.0
0.0
0.0
0.0
0.0
0.007492
0.046024999999999996
0.099293
0.15605000000000002
0.207985
0.250352
0.389168
0.493846
0.5612290000000001
0.512476
0.435834
0.33172500000000005
0.217101
0.107661
0.036084000000000005
0.0
0.0
0.0
0.0
0.0
0.0
0.0
0.0
0.0
0.020419
0.078533
0.21748599999999998
0.36734300000000003
0.478587
0.549803
0.6048
0.629893
0.6190549999999999
0.592337
0.5265639999999999
0.41211000000000003
0.26998500000000003
0.12160699999999999
0.034822000000000006
0.0
0.0
0.0
0.0
0.0
0.0
0.0
0.0
0.0
0.010652
0.06951600000000001
0.190452
0.273931
0.302684
0.244866
0.275209
0.288024
0.28325599999999995
0.26337299999999997
0.215322
0.16875700000000002
0.115161
0.061853
0.01796
0.0
0.0
0.0
0.0
0.0
0.0
0.0
0.0
0.0
0.018509
0.074571
0.214692
0.377774
0.514128
0.6272380000000001
0.68789
0.706069
0.671962
0.633061
0.553707
0.429269
0.269301
0.120494
0.03301
0.0
0.0
0.0
0.0
0.0
0.0
0.0
0.0
0.0
0.010438000000000001
0.055934
0.093962
0.201066
0.337796
0.47568299999999997
0.558847
0.621347
0.63562
0.504964
0.332039
0.171504
0.136326
0.081027
0.026762
0.0
0.0
0.0
0.0
0.0
0.0
0.0
0.0
0.0
0.0016899999999999999
0.034393
0.094979
0.151244
0.204621
0.24633000000000002
0.273175
0.286377
0.279915
0.258772
0.22198500000000002
0.173123
0.116701
0.061874000000000005
0.016971
0.0
0.0
0.0
0.0
0.0
0.0
0.0
0.0
0.0
0.0
0.016388000000000003
0.040348
0.096366
0.170013
0.25645
0.319044
0.39562200000000003
0.43774
0.447679
0.396646
0.324529
0.242364
0.11584799999999999
0.032395
0.0
0.0
0.0
0.0
0.0
0.0
0.0
0.0
0.0
0.014477
0.071843
0.21071199999999998
0.216784
0.380565
0.542736
0.540067
0.497847
0.418724
0.38177999999999995
0.32554500000000003
0.25543
0.149262
0.069304
0.015938
0.0
0.0
0.0
0.0
0.0
0.0
0.0
0.0
0.0
0.013525
0.07008299999999999
0.209278
0.379424
0.5272859999999999
0.642232
0.717305
0.7492519999999999
0.733573
0.6755019999999999
0.573654
0.438612
0.27458499999999997
0.11809099999999999
0.030262
0.0
0.0
0.0
0.0
0.0
0.0
0.0
0.0
0.0
0.005849999999999999
0.06193
0.180947
0.318974
0.444971
0.543873
0.528517
0.433199
0.26912200000000003
0.205495
0.136683
0.071664
0.048243
0.024377
0.004077
0.0
0.0
0.0
0.0
0.0
0.0
0.0
0.0
0.0
0.00020899999999999998
0.03109
0.092281
0.150839
0.211914
0.256733
0.27863499999999997
0.291949
0.285651
0.214572
0.14062799999999998
0.07364100000000001
0.15420599999999998
0.102946
0.031629000000000004
0.0
0.0
0.0
0.0
0.0
0.0
0.0
0.0
0.0
0.0064340000000000005
0.056372
0.13093100000000002
0.28034
0.444424
0.59937
0.6002179999999999
0.484296
0.290746
0.25629399999999997
0.218212
0.168687
0.111061
0.056699
0.014055
0.0
0.0
0.0
0.0
0.0
0.0
0.0
0.0
0.0
0.0
0.028925999999999997
0.088795
0.145148
0.198506
0.24049600000000002
0.310743
0.385897
0.431336
0.478125
0.44765
0.377141
0.234148
0.10307
0.028759
0.0
0.0
0.0
0.0
0.0
0.0
0.0
0.0
0.0
0.00809
0.06510500000000001
0.199398
0.357566
0.47079899999999997
0.524294
0.582505
0.61776
0.605174
0.601198
0.538927
0.421183
0.26276
0.110926
0.025932
0.0
0.0
0.0
0.0
0.0
0.0
0.0
0.0
0.0
0.007011
0.06268800000000001
0.193392
0.352777
0.506041
0.612049
0.678196
0.6920700000000001
0.656648
0.618835
0.532104
0.407408
0.253517
0.106943
0.025809000000000002
0.0
0.0
0.0
0.0
0.0
0.0
0.0
0.0
0.0
0.004118
0.048747
0.121265
0.182928
0.219634
0.238813
0.257904
0.26784800000000003
0.267387
0.248057
0.210285
0.161382
0.186501
0.100505
0.025047
0.0
0.0
0.0
0.0
0.0
0.0
0.0
0.0
0.0
0.004436
0.059766
0.188112
0.361376
0.5083759999999999
0.621838
0.688885
0.706835
0.6683669999999999
0.585889
0.478018
0.35221800000000003
0.23772
0.100451
0.024109000000000002
0.0
0.0
0.0
0.0
0.0
0.0
0.0
0.0
0.0
0.001278
0.055956000000000006
0.18100899999999998
0.33141699999999996
0.45575299999999996
0.540334
0.555307
0.504312
0.423026
0.46625099999999997
0.437679
0.36482400000000004
0.237028
0.099506
0.023197
0.0
0.0
0.0
0.0
0.0
0.0
0.0
0.0
0.0
0.001295
0.054291
0.168291
0.29893000000000003
0.402983
0.469474
0.5241269999999999
0.54722
0.534815
0.521236
0.4705
0.360707
0.237509
0.103806
0.022125
0.0
0.0
0.0
0.0
0.0
0.0
0.0
0.0
0.0
0.0032930000000000004
0.056662
0.188893
0.350537
0.476382
0.539475
0.628617
0.6807110000000001
0.6847340000000001
0.601063
0.494739
0.354782
0.234493
0.100946
0.020612
0.0
0.0
0.0
0.0
0.0
0.0
0.0
0.0
0.0
0.002718
0.054577
0.180203
0.340519
0.475428
0.581329
0.656593
0.6765979999999999
0.6721509999999999
0.613503
0.5321290000000001
0.405582
0.245315
0.095634
0.019575
0.0
0.0
0.0
0.0
0.0
0.0
0.0
0.0
0.0
0.002784
0.053933
0.184586
0.354737
0.503295
0.617934
0.694399
0.735972
0.723448
0.646547
0.51536
0.346747
0.210278
0.085214
0.016815999999999998
0.0
0.0
0.0
0.0
0.0
0.0
0.0
0.0
0.0
0.0007880000000000001
0.043319
0.113331
0.220054
0.338493
0.450428
0.402623
0.262762
0.111773
0.151784
0.167904
0.155256
0.081354
0.027716
0.000368
0.0
0.0
0.0
0.0
0.0
0.0
0.0
0.0
0.0
0.0
0.015929
0.032057
0.057097999999999996
0.079815
0.098868
0.111524
0.116899
0.114229
0.104245
0.087614
0.066369
0.04193
0.017603
0.00035999999999999997
0.0
0.0
0.0
0.0
0.0
0.0
0.0
0.0
0.0
0.0
0.015321999999999999
0.031481999999999996
0.056354
0.079436
0.097483
0.16142099999999998
0.21936699999999998
0.261824
0.23922300000000002
0.202132
0.151895
0.11331100000000001
0.058025
0.008675
0.0
0.0
0.0
0.0
0.0
0.0
0.0
0.0
0.0
0.0
0.025107
0.07574
0.10885500000000001
0.116507
0.097312
0.108648
0.114243
0.11270999999999999
0.150982
0.168299
0.153386
0.096791
0.042822000000000006
0.004001
0.0
0.0
0.0
0.0
0.0
0.0
0.0
0.0
0.0
0.0
0.030684
0.10809999999999999
0.17375200000000002
0.216744
0.236368
0.255789
0.268186
0.262147
0.238227
0.19969499999999998
0.14965299999999998
0.093795
0.040851
0.003124
0.0
0.0
0.0
0.0
0.0
0.0
0.0
0.0
0.0
0.0
0.023373
0.073257
0.13027699999999998
0.184667
0.22759000000000001
0.257239
0.269843
0.26610500000000004
0.37856
0.401863
0.34869900000000004
0.218715
0.086602
0.010683
0.0
0.0
0.0
0.0
0.0
0.0
0.0
0.0
0.0
0.0
0.037418999999999994
0.07201
0.128428
0.18128899999999998
0.223575
0.248679
0.26396499999999995
0.256987
0.365703
0.393429
0.338616
0.178787
0.062832
0.003585
0.0
0.0
0.0
0.0
0.0
0.0
0.0
0.0
0.0
0.0
0.04111
0.162706
0.33409
0.491758
0.6084299999999999
0.686187
0.704697
0.68629
0.625302
0.527462
0.388306
0.21640600000000002
0.07457599999999999
0.00608
0.0
0.0
0.0
0.0
0.0
0.0
0.0
0.0
0.0
0.0
0.035241
0.141494
0.30851
0.475174
0.599467
0.667126
0.673344
0.639993
0.490952
0.295391
0.213711
0.11789
0.042188
2.6e-05
0.0
0.0
0.0
0.0
0.0
0.0
0.0
0.0
0.0
0.0
0.035163
0.09762399999999999
0.205154
0.31749099999999997
0.431813
0.410646
0.353069
0.256545
0.34804199999999996
0.369298
0.32631099999999996
0.175183
0.061168
0.0024230000000000002
0.0
0.0
0.0
0.0
0.0
0.0
0.0
0.0
0.0
0.0
0.035732999999999994
0.120169
0.276375
0.44446199999999997
0.584583
0.643754
0.669649
0.644822
0.5712999999999999
0.45648500000000003
0.32028300000000004
0.188521
0.06452
0.003258
0.0
0.0
0.0
0.0
0.0
0.0
0.0
0.0
0.0
0.0
0.037194000000000005
0.152347
0.30756599999999995
0.411931
0.43709699999999996
0.45156999999999997
0.444287
0.39886900000000003
0.315913
0.23036199999999998
0.139326
0.084566
0.031988
0.0
0.0
0.0
0.0
0.0
0.0
0.0
0.0
0.0
0.0
0.0
0.032221
0.13895500000000002
0.312801
0.491617
0.6199990000000001
0.6829379999999999
0.643258
0.5147670000000001
0.49457100000000004
0.43702199999999997
0.324698
0.17325100000000002
0.057649
0.0012230000000000001
0.0
0.0
0.0
0.0
0.0
0.0
0.0
0.0
0.0
0.0
0.035139000000000004
0.117962
0.19896799999999998
0.239154
0.216228
0.25536600000000004
0.265378
0.250199
0.223796
0.188162
0.142587
0.083855
0.030346
0.0
0.0
0.0
0.0
0.0
0.0
0.0
0.0
0.0
0.0
0.0
0.015287
0.064304
0.14269
0.242544
0.33493599999999996
0.383687
0.411981
0.391529
0.31453
0.229299
0.136713
0.120294
0.051698999999999995
0.0012980000000000001
0.0
0.0
0.0
0.0
0.0
0.0
0.0
0.0
0.0
0.0
0.023136
0.092782
0.165412
0.206358
0.220208
0.292848
0.366216
0.39602499999999996
0.367527
0.30417700000000003
0.216296
0.132289
0.04839
0.000467
0.0
0.0
0.0
0.0
0.0
0.0
0.0
0.0
0.0
0.0
0.0033900000000000002
0.024598
0.097234
0.209929
0.345961
0.382797
0.402148
0.39154500000000003
0.424429
0.403871
0.319378
0.176786
0.054868
0.0008269999999999999
0.0
0.0
0.0
0.0
0.0
0.0
0.0
0.0
0.0
0.0
0.012734
0.05994
0.11698900000000001
0.17252699999999999
0.216431
0.245758
0.256954
0.251596
0.363269
0.371672
0.314276
0.16076400000000002
0.046579
0.0
0.0
0.0
0.0
0.0
0.0
0.0
0.0
0.0
0.0
0.0
0.025870999999999998
0.126575
0.259536
0.366522
0.43663799999999997
0.49547599999999997
0.517899
0.50417
0.457159
0.374151
0.251816
0.147675
0.045147
0.0
0.0
0.0
0.0
0.0
0.0
0.0
0.0
0.0
0.0
0.0
0.026076000000000002
0.12269
0.232064
0.300082
0.32388799999999995
0.369527
0.39576999999999996
0.375226
0.33395400000000003
0.27608699999999997
0.194012
0.11548
0.0384
0.0
0.0
0.0
0.0
0.0
0.0
0.0
0.0
0.0
0.0
0.0
0.026636
0.138815
0.313497
0.480133
0.595136
0.658037
0.655908
0.593879
0.555172
0.469899
0.33551299999999995
0.176706
0.047536
0.0
0.0
0.0
0.0
0.0
0.0
0.0
0.0
0.0
0.0
0.0
0.026227
0.13911199999999999
0.3105
0.471949
0.5933229999999999
0.6501399999999999
0.641475
0.585899
0.55223
0.470508
0.323837
0.16977199999999998
0.044814
0.0
0.0
0.0
0.0
0.0
0.0
0.0
0.0
0.0
0.0
0.0
0.024344
0.13323500000000002
0.295342
0.420454
0.511165
0.5826399999999999
0.607424
0.5895560000000001
0.526978
0.424131
0.294108
0.153901
0.039424999999999995
0.0
0.0
0.0
0.0
0.0
0.0
0.0
0.0
0.0
0.0
0.0
0.022424
0.13091
0.295361
0.449206
0.558298
0.629629
0.654548
0.633336
0.571461
0.459603
0.319649
0.16043100000000002
0.038896
0.0
0.0
0.0
0.0
0.0
0.0
0.0
0.0
0.0
0.0
0.0
0.020742
0.129738
0.298299
0.45307600000000003
0.543939
0.58431
0.557226
0.481305
0.475971
0.424841
0.30290300000000003
0.15713
0.034841000000000004
0.0
0.0
0.0
0.0
0.0
0.0
0.0
0.0
0.0
0.0
0.0
0.01887
0.126102
0.28623200000000004
0.36521699999999996
0.318412
0.46395299999999995
0.574529
0.608469
0.507378
0.373413
0.225222
0.127282
0.031154
0.0
0.0
0.0
0.0
0.0
0.0
0.0
0.0
0.0
0.0
0.0
0.01893
0.12845099999999998
0.30426299999999995
0.463765
0.591519
0.673925
0.677756
0.682723
0.616317
0.493433
0.333227
0.159486
0.032612999999999996
0.0
0.0
0.0
0.0
0.0
0.0
0.0
0.0
0.0
0.0
0.0
0.016898
0.125393
0.296382
0.428089
0.497937
0.5871069999999999
0.631557
0.628126
0.583314
0.48543200000000003
0.331666
0.149654
0.028004
0.0
0.0
0.0
0.0
0.0
0.0
0.0
0.0
0.0
0.0
0.0
0.004182
0.04711
0.12074299999999999
0.216286
0.30685199999999996
0.466735
0.5793200000000001
0.624096
0.502253
0.33381299999999997
0.17365
0.108492
0.023808
0.0
0.0
0.0
0.0
0.0
0.0
0.0
0.0
0.0
0.0
0.0
0.011989000000000001
0.10100100000000001
0.276188
0.457402
0.58672
0.662805
0.688498
0.6656599999999999
0.596654
0.48218700000000003
0.32064600000000004
0.146537
0.024414
0.0
0.0
0.0
0.0
0.0
0.0
0.0
0.0
0.0
0.0
0.0
0.011604
0.118159
0.291505
0.44975400000000004
0.557157
0.634884
0.656711
0.636107
0.5703189999999999
0.447027
0.295922
0.135064
0.021972000000000002
0.0
0.0
0.0
0.0
0.0
0.0
0.0
0.0
0.0
0.0
0.0
0.007157
0.06704600000000001
0.156412
0.24177
0.321896
0.46986700000000003
0.578506
0.615855
0.485921
0.320496
0.162876
0.067616
0.008303000000000001
0.0
0.0
0.0
0.0
0.0
0.0
0.0
0.0
0.0
0.0
0.0
0.003028
0.064125
0.130723
0.177018
0.202519
0.274758
0.32614499999999996
0.353147
0.232215
0.126718
0.042798
0.018727
0.000251
0.0
0.0
0.0
0.0
0.0
0.0
0.0
0.0
0.0
0.0
0.0
0.0
0.04106
0.096997
0.15125899999999998
0.195062
0.222667
0.245485
0.236534
0.2831
0.279644
0.21214599999999997
0.11178199999999999
0.015051
0.0
0.0
0.0
0.0
0.0
0.0
0.0
0.0
0.0
0.0
0.0
0.004325
0.061646
0.170796
0.29208
0.41239
0.44477300000000003
0.422488
0.35439499999999996
0.279892
0.181407
0.10175100000000001
0.054389
0.0049770000000000005
0.0
0.0
0.0
0.0
0.0
0.0
0.0
0.0
0.0
0.0
0.0
0.005368
0.10441800000000001
0.276411
0.436558
0.5264800000000001
0.587043
0.590195
0.548121
0.52459
0.432348
0.286777
0.104911
0.007150999999999999
0.0
0.0
0.0
0.0
0.0
0.0
0.0
0.0
0.0
0.0
0.0
0.001758
0.036619
0.108638
0.206897
0.301105
0.34754599999999997
0.36266699999999996
0.359622
0.318546
0.237096
0.152931
0.08373699999999999
0.00615
0.0
0.0
0.0
0.0
0.0
0.0
0.0
0.0
0.0
0.0
0.0
0.002346
0.08445699999999999
0.184609
0.23258
0.18934600000000001
0.176566
0.139196
0.090739
0.078936
0.061003
0.038950000000000005
0.024332999999999997
0.0
0.0
0.0
0.0
0.0
0.0
0.0
0.0
0.0
0.0
0.0
0.0
0.0
0.033745
0.070713
0.085346
0.07547
0.129796
0.179801
0.224015
0.30656900000000004
0.34292700000000004
0.25861399999999996
0.08831699999999999
0.002654
0.0
0.0
0.0
0.0
0.0
0.0
0.0
0.0
0.0
0.0
0.0
0.0
0.01218
0.052667
0.11277200000000001
0.190418
0.20779499999999998
0.21721600000000002
0.207008
0.181621
0.14068899999999998
0.08789100000000001
0.035245
0.0
0.0
0.0
0.0
0.0
0.0
0.0
0.0
0.0
0.0
0.0
0.0
0.002347
0.06708700000000001
0.209885
0.375863
0.524496
0.5849310000000001
0.601187
0.548036
0.47894400000000004
0.357011
0.21833699999999998
0.069802
0.0008139999999999999
0.0
0.0
0.0
0.0
0.0
0.0
0.0
0.0
0.0
0.0
0.0
0.001934
0.075405
0.19450499999999998
0.276637
0.29751299999999997
0.421175
0.50976
0.552085
0.49227
0.390532
0.25176
0.07832599999999999
0.001351
0.0
0.0
0.0
0.0
0.0
0.0
0.0
0.0
0.0
0.0
0.0
0.002072
0.08645
0.253603
0.413796
0.536344
0.560369
0.49738600000000005
0.345899
0.260015
0.163179
0.084883
0.024902999999999998
0.0
0.0
0.0
0.0
0.0
0.0
0.0
0.0
0.0
0.0
0.0
0.0
0.0
0.029448000000000002
0.10021200000000001
0.19752699999999998
0.289713
0.244408
0.177258
0.08593
0.074442
0.056453
0.034140000000000004
0.010939
0.0
0.0
0.0
0.0
0.0
0.0
0.0
0.0
0.0
0.0
0.0
0.0
0.0
0.059126
0.174072
0.28943599999999997
0.392229
0.37525
0.31155900000000003
0.205787
0.29725799999999997
0.292182
0.211115
0.067509
0.00046899999999999996
0.0
0.0
0.0
0.0
0.0
0.0
0.0
0.0
0.0
0.0
0.0
0.0
0.028239999999999998
0.065473
0.08343300000000001
0.074
0.086172
0.09027800000000001
0.085633
0.07390000000000001
0.055994999999999996
0.033266
0.009723
0.0
0.0
0.0
0.0
0.0
0.0
0.0
0.0
0.0
0.0
0.0
0.0
0.0
0.009714
0.065613
0.168837
0.290012
0.452932
0.556945
0.589814
0.529024
0.396385
0.24065199999999998
0.070227
0.000118
0.0
0.0
0.0
0.0
0.0
0.0
0.0
0.0
0.0
0.0
0.0
0.0
0.039954
0.107958
0.157335
0.174262
0.337358
0.459822
0.517547
0.485633
0.375535
0.23046
0.062554
0.0
0.0
0.0
0.0
0.0
0.0
0.0
0.0
0.0
0.0
0.0
0.0
0.0
0.035893999999999995
0.178157
0.357041
0.519334
0.580247
0.567637
0.501623
0.471233
0.363891
0.215566
0.05896
0.0
0.0
0.0
0.0
0.0
0.0
0.0
0.0
0.0
0.0
0.0
0.0
0.0
0.065755
0.19205
0.202329
0.06745699999999999
0.078634
0.083262
0.079676
0.16609200000000002
0.201934
0.15212
0.048920000000000005
0.0
0.0
0.0
0.0
0.0
0.0
0.0
0.0
0.0
0.0
0.0
0.0
0.0
0.034332
0.086941
0.101774
0.069053
0.19789500000000002
0.342202
0.429053
0.331986
0.22661699999999999
0.111092
0.043179
0.0
0.0
0.0
0.0
0.0
0.0
0.0
0.0
0.0
0.0
0.0
0.0
0.0
0.058736
0.198933
0.31262900000000005
0.37213999999999997
0.347871
0.291605
0.19005000000000002
0.131442
0.072549
0.026227
0.004861
0.0
0.0
0.0
0.0
0.0
0.0
0.0
0.0
0.0
0.0
0.0
0.0
0.0
0.019902999999999997
0.06995
0.123235
0.166617
0.20341
0.212595
0.193541
0.16344
0.119927
0.064875
0.035058
0.0
0.0
0.0
0.0
0.0
0.0
0.0
0.0
0.0
0.0
0.0
0.0
0.0
0.0058390000000000004
0.027754
0.050395
0.068682
0.158271
0.241552
0.325009
0.263752
0.192467
0.104747
0.035245
0.0
0.0
0.0
0.0
0.0
0.0
0.0
0.0
0.0
0.0
0.0
0.0
0.0
0.017671
0.06873399999999999
0.122419
0.166732
0.223722
0.289041
0.310149
0.232472
0.13648
0.061202
0.017997
0.0
0.0
0.0
0.0
0.0
0.0
0.0
0.0
0.0
0.0
0.0
0.0
0.0
0.016894
0.126977
0.302248
0.479813
0.521321
0.503283
0.418721
0.320216
0.212338
0.098372
0.017886
0.0
0.0
0.0
0.0
0.0
0.0
0.0
0.0
0.0
0.0
0.0
0.0
0.0
0.039392
0.178676
0.25926699999999997
0.25759699999999996
0.37247800000000003
0.46109300000000003
0.46880099999999997
0.406715
0.314639
0.146945
0.023407
0.0
0.0
0.0
0.0
0.0
0.0
0.0
0.0
0.0
0.0
0.0
0.0
0.0
0.025838
0.116742
0.21
0.251777
0.319971
0.362604
0.382807
0.32153899999999996
0.22846100000000003
0.10477299999999999
0.016539
0.0
0.0
0.0
0.0
0.0
0.0
0.0
0.0
0.0
0.0
0.0
0.0
0.0
0.002013
0.02112
0.04288
0.059598
0.07028
0.074057
0.069336
0.14124
0.15989599999999998
0.103029
0.014469
0.0
0.0
0.0
0.0
0.0
0.0
0.0
0.0
0.0
0.0
0.0
0.0
0.0
0.001861
0.031521
0.08254
0.143514
0.20128000000000001
0.25746800000000003
0.272531
0.280769
0.215228
0.116242
0.010171
0.0
0.0
0.0
0.0
0.0
0.0
0.0
0.0
0.0
0.0
0.0
0.0
0.0
0.018285
0.113866
0.22248099999999998
0.290281
0.43312599999999996
0.5231169999999999
0.525081
0.436461
0.30004899999999995
0.13186799999999999
0.008565
0.0
0.0
0.0
0.0
0.0
0.0
0.0
0.0
0.0
0.0
0.0
0.0
0.0
0.016711
0.0995
0.179875
0.22872900000000002
0.241566
0.205424
0.162302
0.157798
0.12335800000000001
0.062921
0.002873
0.0
0.0
0.0
0.0
0.0
0.0
0.0
0.0
0.0
0.0
0.0
0.0
0.0
0.023755
0.161049
0.266235
0.236966
0.27509100000000003
0.28755000000000003
0.268084
0.162413
0.071823
0.014955999999999999
0.0
0.0
0.0
0.0
0.0
0.0
0.0
0.0
0.0
0.0
0.0
0.0
0.0
0.0
0.009753
0.056344
0.077656
0.05564
0.066476
0.069678
0.06502200000000001
0.078911
0.069648
0.036735
0.0
0.0
0.0
0.0
0.0
0.0
0.0
0.0
0.0
0.0
0.0
0.0
0.0
0.0
0.008429
0.055564
0.078375
0.05583
0.066803
0.069935
0.064998
0.10338599999999999
0.101287
0.0555
0.0019039999999999999
0.0
0.0
0.0
0.0
0.0
0.0
0.0
0.0
0.0
0.0
0.0
0.0
0.0
0.01245
0.119312
0.236171
0.30136399999999997
0.407292
0.449737
0.430368
0.366759
0.266195
0.10217799999999999
0.002376
0.0
0.0
0.0
0.0
0.0
0.0
0.0
0.0
0.0
0.0
0.0
0.0
0.0
0.006118
0.086104
0.196208
0.301363
0.414389
0.482365
0.479379
0.34566699999999995
0.181911
0.049265
0.0
0.0
0.0
0.0
0.0
0.0
0.0
0.0
0.0
0.0
0.0
0.0
0.0
0.0
0.0022589999999999997
0.042589
0.091776
0.133419
0.161105
0.16871
0.155881
0.12479000000000001
0.07896800000000001
0.030558
0.000537
0.0
0.0
0.0
0.0
0.0
0.0
0.0
0.0
0.0
0.0
0.0
0.0
0.0
0.005787
0.068959
0.089964
0.05263
0.125326
0.205929
0.251867
0.31956
0.25901799999999997
0.092653
0.001846
0.0
0.0
0.0
0.0
0.0
0.0
0.0
0.0
0.0
0.0
0.0
0.0
0.0
0.002813
0.077973
0.202871
0.33261399999999997
0.432359
0.479288
0.46479000000000004
0.365851
0.222365
0.07337600000000001
0.000839
0.0
0.0
0.0
0.0
0.0
0.0
0.0
0.0
0.0
0.0
0.0
0.0
0.0
0.002016
0.064603
0.142779
0.207452
0.38887099999999997
0.499789
0.503331
0.406246
0.260307
0.08533
0.00040300000000000004
0.0
0.0
0.0
0.0
0.0
0.0
0.0
0.0
0.0
0.0
0.0
0.0
0.0
6.4e-05
0.043562
0.11589100000000001
0.205463
0.215463
0.18164599999999997
0.138734
0.109947
0.066903
0.022077000000000003
0.0
0.0
0.0
0.0
0.0
0.0
0.0
0.0
0.0
0.0
0.0
0.0
0.0
0.0
0.0
0.034627000000000005
0.081251
0.121212
0.117978
0.092845
0.056865
0.044797
0.026836
0.007316
0.0
0.0
0.0
0.0
0.0
0.0
0.0
0.0
0.0
0.0
0.0
0.0
0.0
0.0
0.0
0.019635000000000003
0.064129
0.120274
0.28645800000000005
0.41042700000000004
0.45163
0.36351999999999995
0.23936500000000002
0.071123
0.0
0.0
0.0
0.0
0.0
0.0
0.0
0.0
0.0
0.0
0.0
0.0
0.0
0.0
0.0
0.031476
0.077621
0.118248
0.144066
0.15027600000000002
0.13655699999999998
0.10533799999999999
0.06276
0.018559000000000003
0.0
0.0
0.0
0.0
0.0
0.0
0.0
0.0
0.0
0.0
0.0
0.0
0.0
0.0
0.0
0.042491
0.149082
0.276992
0.278325
0.223173
0.137912
0.233123
0.199251
0.061577
0.0
0.0
0.0
0.0
0.0
0.0
0.0
0.0
0.0
0.0
0.0
0.0
0.0
0.0
0.000116
0.047687
0.129032
0.19623
0.27686700000000003
0.316807
0.30928100000000003
0.209739
0.08612099999999999
0.016168
0.0
0.0
0.0
0.0
0.0
0.0
0.0
0.0
0.0
0.0
0.0
0.0
0.0
0.0
0.001132
0.075851
0.16932
0.196883
0.273225
0.31011
0.302987
0.223721
0.111264
0.024454
0.0
0.0
0.0
0.0
0.0
0.0
0.0
0.0
0.0
0.0
0.0
0.0
0.0
0.0
0.0
0.009007999999999999
0.028016
0.044505
0.054742
0.057091
0.052159
0.039598999999999995
0.022216
0.003535
0.0
0.0
0.0
0.0
0.0
0.0
0.0
0.0
0.0
0.0
0.0
0.0
0.0
0.0
0.001252
0.08368600000000001
0.266424
0.40428
0.476096
0.465055
0.38144
0.248817
0.11798099999999999
0.019824
0.0
0.0
0.0
0.0
0.0
0.0
0.0
0.0
0.0
0.0
0.0
0.0
0.0
0.0
0.0
0.077918
0.223384
0.38614
0.46390800000000004
0.485779
0.42419
0.313218
0.154132
0.024579
0.0
0.0
0.0
0.0
0.0
0.0
0.0
0.0
0.0
0.0
0.0
0.0
0.0
0.0
0.0
0.022640999999999998
0.067123
0.106539
0.10498
0.08277899999999999
0.049474
0.036787999999999994
0.019947
0.002003
0.0
0.0
0.0
0.0
0.0
0.0
0.0
0.0
0.0
0.0
0.0
0.0
0.0
0.0
0.0
0.02062
0.063417
0.101889
0.312333
0.437499
0.445218
0.342223
0.19652699999999998
0.03541
0.0
0.0
0.0
0.0
0.0
0.0
0.0
0.0
0.0
0.0
0.0
0.0
0.0
0.0
0.0
0.070825
0.155771
0.173657
0.358252
0.46168400000000004
0.447535
0.342126
0.194647
0.029908999999999998
0.0
0.0
0.0
0.0
0.0
0.0
0.0
0.0
0.0
0.0
0.0
0.0
0.0
0.0
0.0
0.005965
0.023308
0.039301
0.04958
0.051948999999999995
0.04721
0.052675
0.037266
0.006561
0.0
0.0
0.0
0.0
0.0
0.0
0.0
0.0
0.0
0.0
0.0
0.0
0.0
0.0
0.0
0.009734
0.047809
0.098706
0.124359
0.130805
0.11737
0.10367900000000001
0.06304699999999999
0.009662
0.0
0.0
0.0
0.0
0.0
0.0
0.0
0.0
0.0
0.0
0.0
0.0
0.0
0.0
0.0
0.023275999999999998
0.07032899999999999
0.096226
0.121629
0.127331
0.11436700000000001
0.066723
0.025559000000000002
0.0
0.0
0.0
0.0
0.0
0.0
0.0
0.0
0.0
0.0
0.0
0.0
0.0
0.0
0.0
0.0
0.020454
0.090749
0.168934
0.20753899999999997
0.217279
0.196443
0.151052
0.082045
0.008591
0.0
0.0
0.0
0.0
0.0
0.0
0.0
0.0
0.0
0.0
0.0
0.0
0.0
0.0
0.0
0.058913
0.151891
0.174674
0.19750700000000002
0.195625
0.151161
0.103919
0.048726
0.003858
0.0
0.0
0.0
0.0
0.0
0.0
0.0
0.0
0.0
0.0
0.0
0.0
0.0
0.0
0.0
0.074546
0.250726
0.387423
0.434696
0.396953
0.29178
0.20802
0.122899
0.008127
0.0
0.0
0.0
0.0
0.0
0.0
0.0
0.0
0.0
0.0
0.0
0.0
0.0
0.0
0.0
0.06626699999999999
0.220055
0.301025
0.381921
0.419253
0.394089
0.342749
0.192383
0.020255
0.0
0.0
0.0
0.0
0.0
0.0
0.0
0.0
0.0
0.0
0.0
0.0
0.0
0.0
0.0
0.065709
0.241938
0.404822
0.49038600000000004
0.507956
0.466158
0.361721
0.186
0.018823
0.0
0.0
0.0
0.0
0.0
0.0
0.0
0.0
0.0
0.0
0.0
0.0
0.0
0.0
0.0
0.060923000000000005
0.2371
0.398628
0.48100099999999996
0.493196
0.451277
0.347655
0.183885
0.013783
0.0
0.0
0.0
0.0
0.0
0.0
0.0
0.0
0.0
0.0
0.0
0.0
0.0
0.0
0.0
0.054025
0.226144
0.383129
0.46203
0.481196
0.436724
0.33614
0.17587799999999998
0.009807
0.0
0.0
0.0
0.0
0.0
0.0
0.0
0.0
0.0
0.0
0.0
0.0
0.0
0.0
0.0
0.018517
0.07305
0.086991
0.088049
0.069175
0.040392000000000004
0.029372
0.012740999999999999
0.0
0.0
0.0
0.0
0.0
0.0
0.0
0.0
0.0
0.0
0.0
0.0
0.0
0.0
0.0
0.0
0.000967
0.017554
0.032688
0.042169
0.044463
0.039721
0.028668
0.012012
0.0
0.0
0.0
0.0
0.0
0.0
0.0
0.0
0.0
0.0
0.0
0.0
0.0
0.0
0.0
0.0
0.0008489999999999999
0.017686
0.032959
0.042534999999999996
0.044868000000000005
0.040171
0.028184
0.012123
0.0
0.0
0.0
0.0
0.0
0.0
0.0
0.0
0.0
0.0
0.0
0.0
0.0
0.0
0.0
0.0
0.014102
0.06478300000000001
0.032938
0.042691
0.04512
0.040313
0.028796
0.011626
0.0
0.0
0.0
0.0
0.0
0.0
0.0
0.0
0.0
0.0
0.0
0.0
0.0
0.0
0.0
0.0
0.00349
0.06420999999999999
0.154857
0.253056
0.329212
0.346826
0.24094300000000002
0.095961
0.0027429999999999998
0.0
0.0
0.0
0.0
0.0
0.0
0.0
0.0
0.0
0.0
0.0
0.0
0.0
0.0
0.0
0.009896
0.132883
0.23644800000000002
0.320262
0.34719
0.360985
0.29632600000000003
0.147935
0.004561
0.0
0.0
0.0
0.0
0.0
0.0
0.0
0.0
0.0
0.0
0.0
0.0
0.0
0.0
0.0
0.008859
0.060514000000000005
0.03184
0.041777
0.044012
0.038835
0.026418
0.010029999999999999
0.0
0.0
0.0
0.0
0.0
0.0
0.0
0.0
0.0
0.0
0.0
0.0
0.0
0.0
0.0
0.0
0.0
0.013454
0.028451
0.037089
0.040158
0.035344
0.036979
0.019777999999999997
0.0
0.0
0.0
0.0
0.0
0.0
0.0
0.0
0.0
0.0
0.0
0.0
0.0
0.0
0.0
0.0
0.002438
0.062401000000000005
0.13451400000000002
0.155964
0.12590600000000002
0.091738
0.101741
0.054841
0.0006670000000000001
0.0
0.0
0.0
0.0
0.0
0.0
0.0
0.0
0.0
0.0
0.0
0.0
0.0
0.0
0.0
0.0015480000000000001
0.035376
0.07164100000000001
0.09561
0.102529
0.090647
0.062402
0.024646
0.0
0.0
0.0
0.0
0.0
0.0
0.0
0.0
0.0
0.0
0.0
0.0
0.0
0.0
0.0
0.0
0.00014399999999999998
0.020050000000000002
0.027896999999999998
0.037665
0.040066000000000004
0.035137999999999996
0.035787
0.018885000000000002
0.0
0.0
0.0
0.0
0.0
0.0
0.0
0.0
0.0
0.0
0.0
0.0
0.0
0.0
0.0
0.0
0.003671
0.056781
0.06987099999999999
0.09426999999999999
0.10119
0.08891500000000001
0.060433999999999995
0.022283999999999998
0.0
0.0
0.0
0.0
0.0
0.0
0.0
0.0
0.0
0.0
0.0
0.0
0.0
0.0
0.0
0.0
0.001683
0.039603
0.068193
0.09314700000000001
0.099899
0.087912
0.046532
0.011742
0.0
0.0
0.0
0.0
0.0
0.0
0.0
0.0
0.0
0.0
0.0
0.0
0.0
0.0
0.0
0.0
2.6e-05
0.029618
0.064759
0.098033
0.11584799999999999
0.11207500000000001
0.090641
0.032295000000000004
0.0
0.0
0.0
0.0
0.0
0.0
0.0
0.0
0.0
0.0
0.0
0.0
0.0
0.0
0.0
0.0
0.0
0.028422999999999997
0.063838
0.088745
0.095723
0.08366599999999999
0.043911
0.010945
0.0
0.0
0.0
0.0
0.0
0.0
0.0
0.0
0.0
0.0
0.0
0.0
0.0
0.0
0.0
0.0
0.000757
0.080681
0.184369
0.30583899999999997
0.37058300000000005
0.359666
0.26558699999999996
0.11419499999999999
0.0
0.0
0.0
0.0
0.0
0.0
0.0
0.0
0.0
0.0
0.0
0.0
0.0
0.0
0.0
0.0
0.0
0.008967000000000001
0.0225
0.032083
0.034417
0.030338
0.019872
0.005611
0.0
0.0
0.0
0.0
0.0
0.0
0.0
0.0
0.0
0.0
0.0
0.0
0.0
0.0
0.0
0.0
0.00124
0.11015699999999999
0.23768199999999998
0.094014
0.092021
0.081348
0.053232
0.016881
0.0
0.0
0.0
0.0
0.0
0.0
0.0
0.0
0.0
0.0
0.0
0.0
0.0
0.0
0.0
0.0
0.001338
0.07407
0.059356
0.08443600000000001
0.091251
0.079347
0.052708
0.016152999999999997
0.0
0.0
0.0
0.0
0.0
0.0
0.0
0.0
0.0
0.0
0.0
0.0
0.0
0.0
0.0
0.0
0.0
0.007657
0.022333
0.031348
0.034554
0.030447
0.030081
0.012397
0.0
0.0
0.0
0.0
0.0
0.0
0.0
0.0
0.0
0.0
0.0
0.0
0.0
0.0
0.0
0.0
0.0
0.007284
0.020737
0.045293999999999994
0.06742400000000001
0.074896
0.048976
0.014821999999999998
0.0
0.0
0.0
0.0
0.0
0.0
0.0
0.0
0.0
0.0
0.0
0.0
0.0
0.0
0.0
0.0
0.0
0.020343
0.053828
0.07880200000000001
0.086247
0.075479
0.049615
0.014228999999999999
0.0
0.0
0.0
0.0
0.0
0.0
0.0
0.0
0.0
0.0
0.0
0.0
0.0
0.0
0.0
0.0
0.0
0.072612
0.255333
0.30293400000000004
0.20848599999999998
0.07548
0.130662
0.076232
0.0
0.0
0.0
0.0
0.0
0.0
0.0
0.0
0.0
0.0
0.0
0.0
0.0
0.0
0.0
0.0
0.000345
0.081376
0.288418
0.379173
0.40419099999999997
0.365433
0.26216
0.098548
0.0
0.0
0.0
0.0
0.0
0.0
0.0
0.0
0.0
0.0
0.0
0.0
0.0
0.0
0.0
0.0
0.0
0.005827
0.019463
0.044342
0.066762
0.074902
0.047860999999999994
0.013181
0.0
0.0
0.0
0.0
0.0
0.0
0.0
0.0
0.0
0.0
0.0
0.0
0.0
0.0
0.0
0.0
0.0
0.005785
0.019408
0.028176
0.031412
0.027143
0.01671
0.003193
0.0
0.0
0.0
0.0
0.0
0.0
0.0
0.0
0.0
0.0
0.0
0.0
0.0
0.0
0.0
0.0
0.0
0.093489
0.260778
0.29310899999999995
0.200845
0.07192799999999999
0.057116
0.018265999999999998
0.0
0.0
0.0
0.0
0.0
0.0
0.0
0.0
0.0
0.0
0.0
0.0
0.0
0.0
0.0
0.0
0.0
0.019306
0.101998
0.16258799999999998
0.196471
0.216447
0.145318
0.041970999999999994
0.0
0.0
0.0
0.0
0.0
0.0
0.0
0.0
0.0
0.0
0.0
0.0
0.0
0.0
0.0
0.0
0.0
0.044806
0.096981
0.090753
0.063502
0.026194
0.016682
0.0031230000000000003
0.0
0.0
0.0
0.0
0.0
0.0
0.0
0.0
0.0
0.0
0.0
0.0
0.0
0.0
0.0
0.0
0.0
0.042059
0.048826
0.07305400000000001
0.081484
0.071497
0.045828
0.011559
0.0
0.0
0.0
0.0
0.0
0.0
0.0
0.0
0.0
0.0
0.0
0.0
0.0
0.0
0.0
0.0
0.0
0.081006
0.258523
0.368213
0.399618
0.362323
0.25841000000000003
0.090695
0.0
0.0
0.0
0.0
0.0
0.0
0.0
0.0
0.0
0.0
0.0
0.0
0.0
0.0
0.0
0.0
0.0
0.080498
0.260467
0.36863799999999997
0.39564499999999997
0.35823200000000005
0.25600599999999996
0.088739
0.0
0.0
0.0
0.0
0.0
0.0
0.0
0.0
0.0
0.0
0.0
0.0
0.0
0.0
0.0
0.0
0.0
0.037418999999999994
0.046116
0.071498
0.079402
0.069944
0.055640999999999996
0.017006
0.0
0.0
0.0
0.0
0.0
0.0
0.0
0.0
0.0
0.0
0.0
0.0
0.0
0.0
0.0
0.0
0.0
0.0026
0.016357
0.026146
0.029381
0.026078
0.016443000000000003
0.00254
0.0
0.0
0.0
0.0
0.0
0.0
0.0
0.0
0.0
0.0
0.0
0.0
0.0
0.0
0.0
0.0
0.0
0.002565
0.016449000000000002
0.039670000000000004
0.061607999999999996
0.068586
0.044298000000000004
0.010762
0.0
0.0
0.0
0.0
0.0
0.0
0.0
0.0
0.0
0.0
0.0
0.0
0.0
0.0
0.0
0.0
0.0
0.038125
0.091582
0.088619
0.062759
0.026784
0.016794
0.0026360000000000003
0.0
0.0
0.0
0.0
0.0
0.0
0.0
0.0
0.0
0.0
0.0
0.0
0.0
0.0
0.0
0.0
0.0
0.005243
0.015891
0.025745
0.02988
0.02577
0.025418
0.008158
0.0
0.0
0.0
0.0
0.0
0.0
0.0
0.0
0.0
0.0
0.0
0.0
0.0
0.0
0.0
0.0
0.0
0.001668
0.015558
0.025322
0.028527
0.025291
0.015493
0.0024790000000000003
0.0
0.0
0.0
0.0
0.0
0.0
0.0
0.0
0.0
0.0
0.0
0.0
0.0
0.0
0.0
0.0
0.0
0.001624
0.014067
0.023924
0.028385999999999998
0.02553
0.015679000000000002
0.002513
0.0
0.0
0.0
0.0
0.0
0.0
0.0
0.0
0.0
0.0
0.0
0.0
0.0
0.0
0.0
0.0
0.0
0.004063
0.027484
0.052044
0.067497
0.06755
0.034108
0.005169
0.0
0.0
0.0
0.0
0.0
0.0
0.0
0.0
0.0
0.0
0.0
0.0
0.0
0.0
0.0
0.0
0.0
0.001428
0.014682
0.024407
0.027611999999999998
0.025172
0.015422
0.002441
0.0
0.0
0.0
0.0
0.0
0.0
0.0
0.0
0.0
0.0
0.0
0.0
0.0
0.0
0.0
0.0
0.0
0.0013959999999999999
0.014799
0.051541
0.094606
0.139137
0.095051
0.019646
0.0
0.0
0.0
0.0
0.0
0.0
0.0
0.0
0.0
0.0
0.0
0.0
0.0
0.0
0.0
0.0
0.0
0.000695
0.014018000000000001
0.024719
0.027902
0.025475
0.024306
0.008105000000000001
0.0
0.0
0.0
0.0
0.0
0.0
0.0
0.0
0.0
0.0
0.0
0.0
0.0
0.0
0.0
0.0
0.0
0.026597000000000003
0.127737
0.286136
0.34793799999999997
0.330021
0.17672100000000002
0.030476
0.0
0.0
0.0
0.0
0.0
0.0
0.0
0.0
0.0
0.0
0.0
0.0
0.0
0.0
0.0
0.0
0.0
0.032511000000000005
0.141307
0.2814
0.188458
0.06978400000000001
0.034973
0.006265
0.0
0.0
0.0
0.0
0.0
0.0
0.0
0.0
0.0
0.0
0.0
0.0
0.0
0.0
0.0
0.0
0.0
0.000637
0.01434
0.02517
0.029212
0.025911999999999998
0.016730000000000002
0.0025499999999999997
0.0
0.0
0.0
0.0
0.0
0.0
0.0
0.0
0.0
0.0
0.0
0.0
0.0
0.0
0.0
0.0
0.0
0.00309
0.01455
0.039229999999999994
0.061662
0.071534
0.03637
0.006534
0.0
0.0
0.0
0.0
0.0
0.0
0.0
0.0
0.0
0.0
0.0
0.0
0.0
0.0
0.0
0.0
0.0
0.000662
0.014705
0.025728
0.029851
0.027257
0.017055
0.003637
0.0
0.0
0.0
0.0
0.0
0.0
0.0
0.0
0.0
0.0
0.0
0.0
0.0
0.0
0.0
0.0
0.0
0.004949
0.041826
0.106964
0.165263
0.163469
0.124756
0.045062
0.0
0.0
0.0
0.0
0.0
0.0
0.0
0.0
0.0
0.0
0.0
0.0
0.0
0.0
0.0
0.0
0.0
0.000596
0.014635
0.025495
0.029588999999999997
0.026949
0.016834
0.0035710000000000004
0.0
0.0
0.0
0.0
0.0
0.0
0.0
0.0
0.0
0.0
0.0
0.0
0.0
0.0
0.0
0.0
0.0
0.002134
0.014097
0.024820000000000002
0.028897
0.026358
0.016515000000000002
0.003508
0.0
0.0
0.0
0.0
0.0
0.0
0.0
0.0
0.0
0.0
0.0
0.0
0.0
0.0
0.0
0.0
0.0
0.004534
0.014129
0.024704
0.028697
0.026033
0.017045
0.004108
0.0
0.0
0.0
0.0
0.0
0.0
0.0
0.0
0.0
0.0
0.0
0.0
0.0
0.0
0.0
0.0
0.0
0.007317000000000001
0.039915
0.157547
0.27052800000000005
0.311895
0.239284
0.092293
0.0
0.0
0.0
0.0
0.0
0.0
0.0
0.0
0.0
0.0
0.0
0.0
0.0
0.0
0.0
0.0
0.0
0.000488
0.014349
0.025117999999999998
0.030056999999999997
0.027479
0.018302
0.004404
0.0
0.0
0.0
0.0
0.0
0.0
0.0
0.0
0.0
