0.0
0.0
0.0
0.0
0.0
0.0
0.0
0.0
0.0
0.006108
0.037593
0.068048
0.15798500000000001
0.034222
0.052533
0.045021
0.0
0.0
0.0
0.0
0.0
0.0
0.0
0.0
0.0
0.0
0.0
0.0
0.0
0.0
0.0
0.0
0.0
0.021155999999999998
0.15531999999999999
0.068224
0.08253400000000001
0.20979599999999998
0.155203
0.057280000000000005
0.0
0.0
0.0
0.0
0.0
0.0
0.0
0.0
0.0
0.0
0.0
0.0
0.0
0.0
0.0
0.0
0.0
0.003316
0.038551
0.068955
0.084786
0.078959
0.209592
0.12353700000000001
0.000152
0.0
0.0
0.0
0.0
0.0
0.0
0.0
0.0
0.0
0.0
0.0
0.0
0.0
0.0
0.0
0.0
0.027744
0.159881
0.331721
0.38038299999999997
0.36244099999999996
0.281183
0.128142
0.000651
0.0
0.0
0.0
0.0
0.0
0.0
0.0
0.0
0.0
0.0
0.0
0.0
0.0
0.0
0.0
0.0
0.028632
0.127804
0.312521
0.304044
0.229397
0.110204
0.022174
0.0
0.0
0.0
0.0
0.0
0.0
0.0
0.0
0.0
0.0
0.0
0.0
0.0
0.0
0.0
0.0
0.0
0.000133
0.018174
0.032324
0.038971
0.036405
0.026389
0.009891
0.0
0.0
0.0
0.0
0.0
0.0
0.0
0.0
0.0
0.0
0.0
0.0
0.0
0.0
0.0
0.0
0.0
0.004236
0.040872
0.073464
0.08841500000000001
0.08390399999999999
0.059308
0.023809999999999998
0.0
0.0
0.0
0.0
0.0
0.0
0.0
0.0
0.0
0.0
0.0
0.0
0.0
0.0
0.0
0.0
0.0
0.00037
0.017849
0.031800999999999996
0.03836
0.036651
0.026754999999999998
0.010494
0.0
0.0
0.0
0.0
0.0
0.0
0.0
0.0
0.0
0.0
0.0
0.0
0.0
0.0
0.0
0.0
0.0
0.004602
0.040657
0.031069
0.087504
0.083135
0.026181999999999997
0.010233
0.0
0.0
0.0
0.0
0.0
0.0
0.0
0.0
0.0
0.0
0.0
0.0
0.0
0.0
0.0
0.0
0.0
0.01796
0.15688999999999997
0.074119
0.039450000000000006
0.036751
0.027021999999999997
0.011021000000000001
0.0
0.0
0.0
0.0
0.0
0.0
0.0
0.0
0.0
0.0
0.0
0.0
0.0
0.0
0.0
0.0
0.0
0.031995
0.166154
0.31842000000000004
0.38722300000000004
0.165845
0.248847
0.139303
0.002904
0.0
0.0
0.0
0.0
0.0
0.0
0.0
0.0
0.0
0.0
0.0
0.0
0.0
0.0
0.0
0.0
0.030264
0.130772
0.1451
0.09241200000000001
0.291562
0.291529
0.153649
0.004084
0.0
0.0
0.0
0.0
0.0
0.0
0.0
0.0
0.0
0.0
0.0
0.0
0.0
0.0
0.0
0.0
0.001633
0.019099
0.077124
0.040778
0.039168999999999995
0.028655999999999997
0.029405999999999998
0.0
0.0
0.0
0.0
0.0
0.0
0.0
0.0
0.0
0.0
0.0
0.0
0.0
0.0
0.0
0.0
0.0
0.001729
0.019754
0.033465
0.040558
0.08957599999999999
0.065036
0.029966
0.0
0.0
0.0
0.0
0.0
0.0
0.0
0.0
0.0
0.0
0.0
0.0
0.0
0.0
0.0
0.0
0.0
0.001804
0.019547000000000002
0.033923
0.041118
0.039487
0.029071000000000003
0.013218
0.0
0.0
0.0
0.0
0.0
0.0
0.0
0.0
0.0
0.0
0.0
0.0
0.0
0.0
0.0
0.0
0.0
0.049777
0.178178
0.31889999999999996
0.40009300000000003
0.388604
0.31486000000000003
0.172768
0.007
0.0
0.0
0.0
0.0
0.0
0.0
0.0
0.0
0.0
0.0
0.0
0.0
0.0
0.0
0.0
0.0
0.009374
0.048051
0.082205
0.097916
0.094604
0.07184
0.034551000000000005
0.0008070000000000001
0.0
0.0
0.0
0.0
0.0
0.0
0.0
0.0
0.0
0.0
0.0
0.0
0.0
0.0
0.0
0.0
0.002834
0.021294
0.035808
0.09971200000000001
0.094528
0.072548
0.036484
0.002229
0.0
0.0
0.0
0.0
0.0
0.0
0.0
0.0
0.0
0.0
0.0
0.0
0.0
0.0
0.0
0.0
0.01052
0.050003
0.08440399999999999
0.301027
0.300998
0.143597
0.037475
0.0
0.0
0.0
0.0
0.0
0.0
0.0
0.0
0.0
0.0
0.0
0.0
0.0
0.0
0.0
0.0
0.0
0.044578
0.205127
0.330991
0.33818200000000004
0.214309
0.076886
0.11070999999999999
0.010650999999999999
0.0
0.0
0.0
0.0
0.0
0.0
0.0
0.0
0.0
0.0
0.0
0.0
0.0
0.0
0.0
0.0
0.012242000000000001
0.188734
0.36203199999999996
0.344295
0.11283
0.077852
0.04111
0.0
0.0
0.0
0.0
0.0
0.0
0.0
0.0
0.0
0.0
0.0
0.0
0.0
0.0
0.0
0.0
0.0
0.012936
0.052765
0.038931
0.046323
0.044647
0.034928
0.018169
0.0
0.0
0.0
0.0
0.0
0.0
0.0
0.0
0.0
0.0
0.0
0.0
0.0
0.0
0.0
0.0
0.0
0.040875999999999996
0.161742
0.302365
0.333581
0.36527
0.300707
0.126364
0.027908000000000002
0.0
0.0
0.0
0.0
0.0
0.0
0.0
0.0
0.0
0.0
0.0
0.0
0.0
0.0
0.0
0.0
0.04307
0.206755
0.34878699999999996
0.28315300000000004
0.107672
0.08417100000000001
0.045465000000000005
0.005772
0.0
0.0
0.0
0.0
0.0
0.0
0.0
0.0
0.0
0.0
0.0
0.0
0.0
0.0
0.0
0.0
0.006295
0.025535
0.093732
0.049109
0.048219
0.03755
0.020669
0.001952
0.0
0.0
0.0
0.0
0.0
0.0
0.0
0.0
0.0
0.0
0.0
0.0
0.0
0.0
0.0
0.0
0.006078999999999999
0.025672
0.040972999999999996
0.049572000000000005
0.10914
0.038412999999999996
0.021731
0.002211
0.0
0.0
0.0
0.0
0.0
0.0
0.0
0.0
0.0
0.0
0.0
0.0
0.0
0.0
0.0
0.0
0.077553
0.238641
0.12326999999999999
0.052128999999999995
0.051192
0.040276000000000006
0.023196
0.0030470000000000002
0.0
0.0
0.0
0.0
0.0
0.0
0.0
0.0
0.0
0.0
0.0
0.0
0.0
0.0
0.0
0.0
0.018210999999999998
0.027457000000000002
0.097838
0.16031499999999999
0.190487
0.18928299999999998
0.148675
0.016191
0.0
0.0
0.0
0.0
0.0
0.0
0.0
0.0
0.0
0.0
0.0
0.0
0.0
0.0
0.0
0.0
0.020033000000000002
0.062615
0.09783
0.051959000000000005
0.050908
0.041065
0.02352
0.011443
0.0
0.0
0.0
0.0
0.0
0.0
0.0
0.0
0.0
0.0
0.0
0.0
0.0
0.0
0.0
0.0
0.081638
0.231104
0.32984800000000003
0.42841399999999996
0.420404
0.354008
0.230376
0.063132
0.0
0.0
0.0
0.0
0.0
0.0
0.0
0.0
0.0
0.0
0.0
0.0
0.0
0.0
0.0
0.0
0.009641
0.030637
0.04729
0.055689999999999996
0.12340000000000001
0.044464
0.026396999999999997
0.005559000000000001
0.0
0.0
0.0
0.0
0.0
0.0
0.0
0.0
0.0
0.0
0.0
0.0
0.0
0.0
0.0
0.0
0.010244
0.031765
0.048028
0.137761
0.12254999999999999
0.100887
0.061228000000000005
0.016537
0.0
0.0
0.0
0.0
0.0
0.0
0.0
0.0
0.0
0.0
0.0
0.0
0.0
0.0
0.0
0.0
0.011007
0.073192
0.10763299999999999
0.127754
0.056151000000000006
0.103226
0.063176
0.017433
0.0
0.0
0.0
0.0
0.0
0.0
0.0
0.0
0.0
0.0
0.0
0.0
0.0
0.0
0.0
0.0
0.028114999999999998
0.07299599999999999
0.109984
0.091934
0.057103
0.10608100000000001
0.06510200000000001
0.019135000000000003
0.0
0.0
0.0
0.0
0.0
0.0
0.0
0.0
0.0
0.0
0.0
0.0
0.0
0.0
0.0
0.0
0.012392
0.07550799999999999
0.05003
0.14388499999999999
0.091214
0.047511000000000005
0.165215
0.056027
0.0
0.0
0.0
0.0
0.0
0.0
0.0
0.0
0.0
0.0
0.0
0.0
0.0
0.0
0.0
0.0
0.105037
0.298539
0.149097
0.32227300000000003
0.455069
0.278803
0.184119
0.060687
0.0
0.0
0.0
0.0
0.0
0.0
0.0
0.0
0.0
0.0
0.0
0.0
0.0
0.0
0.0
0.0018520000000000001
0.032953
0.08198699999999999
0.120855
0.140233
0.135632
0.114744
0.074776
0.024994
0.0
0.0
0.0
0.0
0.0
0.0
0.0
0.0
0.0
0.0
0.0
0.0
0.0
0.0
0.0
0.002348
0.034901
0.272264
0.056374
0.065568
0.140684
0.117821
0.077424
0.047607
0.0
0.0
0.0
0.0
0.0
0.0
0.0
0.0
0.0
0.0
0.0
0.0
0.0
0.0
0.0
0.0
0.137214
0.08681
0.126514
0.14385
0.243257
0.118853
0.13512100000000002
0.101127
0.0
0.0
0.0
0.0
0.0
0.0
0.0
0.0
0.0
0.0
0.0
0.0
0.0
0.0
0.0
0.004673
0.120225
0.339382
0.45375
0.5085350000000001
0.501525
0.438133
0.208633
0.131585
0.0015680000000000002
0.0
0.0
0.0
0.0
0.0
0.0
0.0
0.0
0.0
0.0
0.0
0.0
0.0
0.0
0.006392
0.12345
0.322921
0.435593
0.420334
0.39509
0.34942399999999996
0.22515000000000002
0.074825
8.999999999999999e-06
0.0
0.0
0.0
0.0
0.0
0.0
0.0
0.0
0.0
0.0
0.0
0.0
0.0
0.0
0.007655
0.153865
0.343126
0.445309
0.509119
0.521218
0.456341
0.260654
0.034075
0.0
0.0
0.0
0.0
0.0
0.0
0.0
0.0
0.0
0.0
0.0
0.0
0.0
0.0
0.0
0.007627
0.160399
0.355508
0.47618299999999997
0.527494
0.531039
0.46395600000000004
0.345152
0.157836
0.003453
0.0
0.0
0.0
0.0
0.0
0.0
0.0
0.0
0.0
0.0
0.0
0.0
0.0
0.0
0.01271
0.178817
0.38022100000000003
0.4975
0.549553
0.534963
0.47032999999999997
0.35364999999999996
0.16944700000000001
0.004553
0.0
0.0
0.0
0.0
0.0
0.0
0.0
0.0
0.0
0.0
0.0
0.0
0.0
0.0
0.015892
0.183408
0.37849400000000005
0.498411
0.5379919999999999
0.503671
0.162899
0.09306
0.040189
0.0
0.0
0.0
0.0
0.0
0.0
0.0
0.0
0.0
0.0
0.0
0.0
0.0
0.0
0.0
0.0
0.022677
0.046519
0.065045
0.07407899999999999
0.17303
0.061982999999999996
0.04273
0.018418
0.0
0.0
0.0
0.0
0.0
0.0
0.0
0.0
0.0
0.0
0.0
0.0
0.0
0.0
0.0
0.020228000000000003
0.051018
0.28877600000000003
0.48221800000000004
0.550342
0.538369
0.46338
0.33482100000000004
0.162625
0.00645
0.0
0.0
0.0
0.0
0.0
0.0
0.0
0.0
0.0
0.0
0.0
0.0
0.0
0.0
0.026123999999999998
0.18528899999999998
0.365799
0.47844600000000004
0.45482
0.37344
0.322728
0.34169900000000003
0.11134999999999999
0.004793
0.0
0.0
0.0
0.0
0.0
0.0
0.0
0.0
0.0
0.0
0.0
0.0
0.0
0.0
0.001332
0.025744
0.108193
0.146602
0.17465899999999998
0.173178
0.06491899999999999
0.045715000000000006
0.020652
0.0
0.0
0.0
0.0
0.0
0.0
0.0
0.0
0.0
0.0
0.0
0.0
0.0
0.0
0.0
0.0020729999999999998
0.025132
0.049204
0.067323
0.076359
0.07550499999999999
0.06472
0.045018
0.021098
0.0
0.0
0.0
0.0
0.0
0.0
0.0
0.0
0.0
0.0
0.0
0.0
0.0
0.0
0.0
0.037063000000000006
0.058689
0.110181
0.15046
0.179049
0.176966
0.146157
0.103074
0.049825
0.002436
0.0
0.0
0.0
0.0
0.0
0.0
0.0
0.0
0.0
0.0
0.0
0.0
0.0
0.0
0.0031709999999999998
0.027829
0.052351999999999996
0.071615
0.080641
0.185302
0.147567
0.10466800000000001
0.051403
0.018786999999999998
0.0
0.0
0.0
0.0
0.0
0.0
0.0
0.0
0.0
0.0
0.0
0.0
0.0
0.0
0.019214
0.06429399999999999
0.117063
0.155798
0.176018
0.295922
0.347692
0.180387
0.054831000000000005
0.005281
0.0
0.0
0.0
0.0
0.0
0.0
0.0
0.0
0.0
0.0
0.0
0.0
0.0
0.0
0.013644
0.11925
0.27892
0.43360899999999997
0.475545
0.299541
0.348538
0.323182
0.130712
0.006381
0.0
0.0
0.0
0.0
0.0
0.0
0.0
0.0
0.0
0.0
0.0
0.0
0.0
0.0
0.015374
0.155865
0.368103
0.49085500000000004
0.394416
0.465413
0.40037
0.266766
0.13091
0.016657
0.0
0.0
0.0
0.0
0.0
0.0
0.0
0.0
0.0
0.0
0.0
0.0
0.0
0.0
0.022260000000000002
0.071298
0.125021
0.165846
0.191954
0.190562
0.07313800000000001
0.053295999999999996
0.027971
0.0023940000000000003
0.0
0.0
0.0
0.0
0.0
0.0
0.0
0.0
0.0
0.0
0.0
0.0
0.0
0.0
0.007115
0.03325
0.057579
0.076575
0.085396
0.084759
0.073292
0.053416
0.028437999999999998
0.003128
0.0
0.0
0.0
0.0
0.0
0.0
0.0
0.0
0.0
0.0
0.0
0.0
0.0
0.0
0.008037
0.034413
0.059696
0.077832
0.087627
0.085687
0.07505800000000001
0.054363
0.029248
0.01093
0.0
0.0
0.0
0.0
0.0
0.0
0.0
0.0
0.0
0.0
0.0
0.0
0.0
0.0
0.073302
0.223923
0.396486
0.5356409999999999
0.563422
0.203933
0.364348
0.39411599999999997
0.22833099999999998
0.031081
0.0
0.0
0.0
0.0
0.0
0.0
0.0
0.0
0.0
0.0
0.0
0.0
0.0
0.0
0.023026
0.134552
0.368039
0.5371670000000001
0.592193
0.203065
0.076369
0.131218
0.06692000000000001
0.013474
0.0
0.0
0.0
0.0
0.0
0.0
0.0
0.0
0.0
0.0
0.0
0.0
0.0
0.0
0.093034
0.278129
0.456924
0.5675180000000001
0.6224149999999999
0.614923
0.547467
0.42292599999999997
0.222331
0.015074
0.0
0.0
0.0
0.0
0.0
0.0
0.0
0.0
0.0
0.0
0.0
0.0
0.0
0.0
0.01176
0.038904
0.064231
0.083028
0.09178
0.090859
0.1822
0.12692799999999999
0.07011
0.016537
0.0
0.0
0.0
0.0
0.0
0.0
0.0
0.0
0.0
0.0
0.0
0.0
0.0
0.0
0.02941
0.04081
0.066401
0.085571
0.09459000000000001
0.09265000000000001
0.08094199999999999
0.061113
0.072984
0.018359999999999998
0.0
0.0
0.0
0.0
0.0
0.0
0.0
0.0
0.0
0.0
0.0
0.0
0.0
0.000549
0.10151600000000001
0.293507
0.38255500000000003
0.533408
0.609777
0.546482
0.377444
0.341677
0.245812
0.066402
0.0
0.0
0.0
0.0
0.0
0.0
0.0
0.0
0.0
0.0
0.0
0.0
0.0
0.0014930000000000002
0.095602
0.302515
0.471837
0.577667
0.630083
0.593009
0.447056
0.296114
0.125397
0.020867
0.0
0.0
0.0
0.0
0.0
0.0
0.0
0.0
0.0
0.0
0.0
0.0
0.0
0.002453
0.114501
0.31255299999999997
0.478892
0.594893
0.655785
0.6414690000000001
0.563895
0.22952899999999998
0.12847999999999998
0.07259099999999999
0.0
0.0
0.0
0.0
0.0
0.0
0.0
0.0
0.0
0.0
0.0
0.0
0.0
0.002958
0.11836400000000001
0.311579
0.483436
0.582997
0.633638
0.637771
0.57257
0.44979199999999997
0.273767
0.078197
0.0
0.0
0.0
0.0
0.0
0.0
0.0
0.0
0.0
0.0
0.0
0.0
0.0
0.0
0.040274000000000004
0.100848
0.244725
0.312855
0.44662999999999997
0.522478
0.393252
0.067225
0.039286
0.011194
0.0
0.0
0.0
0.0
0.0
0.0
0.0
0.0
0.0
0.0
0.0
0.0
0.0
0.0
0.019278
0.04834
0.074725
0.092629
0.10137
0.099316
0.087715
0.066035
0.084718
0.026411
0.0
0.0
0.0
0.0
0.0
0.0
0.0
0.0
0.0
0.0
0.0
0.0
0.0
0.0046879999999999995
0.129994
0.309347
0.18674000000000002
0.419225
0.216838
0.21268600000000001
0.296982
0.31223700000000004
0.267701
0.060903
0.0
0.0
0.0
0.0
0.0
0.0
0.0
0.0
0.0
0.0
0.0
0.0
0.0
0.0
0.021609000000000003
0.050637999999999996
0.076809
0.09590699999999999
0.104707
0.10290200000000001
0.417428
0.45019
0.267402
0.09434999999999999
0.00040500000000000003
0.0
0.0
0.0
0.0
0.0
0.0
0.0
0.0
0.0
0.0
0.0
0.0
0.000887
0.133143
0.313433
0.430771
0.57564
0.6021839999999999
0.556101
0.405375
0.388201
0.262893
0.077569
0.0
0.0
0.0
0.0
0.0
0.0
0.0
0.0
0.0
0.0
0.0
0.0
0.0
0.001843
0.107519
0.31361700000000003
0.178458
0.212283
0.106084
0.104372
0.092129
0.160456
0.09177800000000001
0.014846999999999999
0.0
0.0
0.0
0.0
0.0
0.0
0.0
0.0
0.0
0.0
0.0
0.0
0.0
0.003142
0.052742
0.113128
0.07978400000000001
0.220393
0.236579
0.230921
0.20430199999999998
0.071916
0.044633000000000006
0.015529999999999999
0.0
0.0
0.0
0.0
0.0
0.0
0.0
0.0
0.0
0.0
0.0
0.0
0.0
0.010928
0.14878899999999998
0.254027
0.184022
0.217974
0.240287
0.237068
0.21015199999999998
0.156995
0.0969
0.091226
0.0
0.0
0.0
0.0
0.0
0.0
0.0
0.0
0.0
0.0
0.0
0.0
0.0
0.013117
0.119186
0.193642
0.270629
0.320818
0.368985
0.466941
0.545956
0.472279
0.28345600000000004
0.102327
0.0027040000000000002
0.0
0.0
0.0
0.0
0.0
0.0
0.0
0.0
0.0
0.0
0.0
0.0
0.011469
0.060176
0.12229300000000001
0.175999
0.224576
0.244113
0.36462599999999995
0.21221
0.25496
0.206985
0.108862
0.0022519999999999997
0.0
0.0
0.0
0.0
0.0
0.0
0.0
0.0
0.0
0.0
0.0
0.0
0.00902
0.061837
0.12382599999999999
0.178377
0.224462
0.24535900000000002
0.240072
0.211453
0.160452
0.101578
0.040718000000000004
0.0
0.0
0.0
0.0
0.0
0.0
0.0
0.0
0.0
0.0
0.0
0.0
0.0
0.015789
0.064371
0.207396
0.51736
0.643722
0.679217
0.636444
0.6030979999999999
0.48194600000000004
0.259952
0.065433
0.0
0.0
0.0
0.0
0.0
0.0
0.0
0.0
0.0
0.0
0.0
0.0
0.0
0.012262
0.066777
0.137602
0.089477
0.230685
0.2356
0.231903
0.102093
0.164613
0.108293
0.044041
0.0
0.0
0.0
0.0
0.0
0.0
0.0
0.0
0.0
0.0
0.0
0.0
0.0
0.013881000000000001
0.069372
0.063609
0.197849
0.107867
0.11662399999999999
0.114164
0.10201
0.080033
0.051805
0.021457
0.002221
0.0
0.0
0.0
0.0
0.0
0.0
0.0
0.0
0.0
0.0
0.0
0.0
0.015336
0.034304
0.0649
0.090972
0.110116
0.117978
0.115336
0.10284
0.178881
0.109129
0.07147
0.005983
0.0
0.0
0.0
0.0
0.0
0.0
0.0
0.0
0.0
0.0
0.0
0.0
0.006673
0.035523000000000006
0.144598
0.380227
0.45763400000000004
0.575191
0.6568849999999999
0.606785
0.499498
0.328224
0.13534200000000002
0.000919
0.0
0.0
0.0
0.0
0.0
0.0
0.0
0.0
0.0
0.0
0.0
0.0
0.0075780000000000005
0.037454999999999995
0.068345
0.361389
0.543775
0.67264
0.681539
0.602752
0.488211
0.267169
0.09678
0.0021360000000000003
0.0
0.0
0.0
0.0
0.0
0.0
0.0
0.0
0.0
0.0
0.0
0.0
0.052604
0.222619
0.392601
0.529752
0.617672
0.65827
0.660946
0.589186
0.486342
0.320246
0.13471100000000003
0.008867000000000002
0.0
0.0
0.0
0.0
0.0
0.0
0.0
0.0
0.0
0.0
0.0
0.0
0.051812
0.211351
0.391652
0.459266
0.588817
0.629715
0.462449
0.428094
0.456558
0.31941
0.135471
0.011482
0.0
0.0
0.0
0.0
0.0
0.0
0.0
0.0
0.0
0.0
0.0
0.0
0.01053
0.040101
0.070377
0.20881899999999998
0.11353400000000001
0.25784500000000005
0.380025
0.214415
0.175573
0.116888
0.054324
0.004637
0.0
0.0
0.0
0.0
0.0
0.0
0.0
0.0
0.0
0.0
0.0
0.0
0.011228
0.041594
0.07226600000000001
0.09821099999999999
0.115893
0.12430200000000001
0.262823
0.23680099999999998
0.18068199999999998
0.190223
0.055865000000000005
0.00902
0.0
0.0
0.0
0.0
0.0
0.0
0.0
0.0
0.0
0.0
0.0
0.0
0.012055
0.06594
0.15378899999999998
0.414259
0.383031
0.257414
0.254311
0.227473
0.182758
0.06025
0.028017
0.00113
0.0
0.0
0.0
0.0
0.0
0.0
0.0
0.0
0.0
0.0
0.0
0.0
0.072617
0.251208
0.44312999999999997
0.6014550000000001
0.697206
0.739093
0.724422
0.652511
0.530052
0.360721
0.15709800000000002
0.019836
0.0
0.0
0.0
0.0
0.0
0.0
0.0
0.0
0.0
0.0
0.0
0.0
0.013272
0.042232
0.072982
0.097873
0.115226
0.122541
0.259378
0.21692599999999998
0.17169
0.116448
0.055654
0.001693
0.0
0.0
0.0
0.0
0.0
0.0
0.0
0.0
0.0
0.0
0.0
0.0
0.056805999999999995
0.136356
0.15439599999999998
0.207291
0.254132
0.270278
0.26508499999999996
0.110261
0.191555
0.12235
0.142941
0.013284
0.0
0.0
0.0
0.0
0.0
0.0
0.0
0.0
0.0
0.0
0.0
0.0
0.014754
0.044419
0.07506499999999999
0.213316
0.36698899999999995
0.38856799999999997
0.379502
0.106141
0.085339
0.057680999999999996
0.027972999999999998
0.002443
0.0
0.0
0.0
0.0
0.0
0.0
0.0
0.0
0.0
0.0
0.0
0.00213
0.083709
0.249287
0.163279
0.212916
0.589973
0.676443
0.56851
0.232951
0.275416
0.181451
0.028776
0.009983
0.0
0.0
0.0
0.0
0.0
0.0
0.0
0.0
0.0
0.0
0.0
0.0
0.036268
0.046558
0.077129
0.10164
0.118711
0.126712
0.123574
0.11117199999999999
0.089848
0.061526000000000004
0.030251
0.004031
0.0
0.0
0.0
0.0
0.0
0.0
0.0
0.0
0.0
0.0
0.0
0.0031179999999999997
0.089589
0.250832
0.16958
0.220077
0.256084
0.128066
0.124386
0.112176
0.19429
0.125972
0.064601
0.012010999999999999
0.0
0.0
0.0
0.0
0.0
0.0
0.0
0.0
0.0
0.0
0.0
0.003093
0.08389100000000001
0.102521
0.163606
0.224841
0.123181
0.130373
0.12786799999999998
0.114444
0.092428
0.063903
0.032182
0.013628
0.0
0.0
0.0
0.0
0.0
0.0
0.0
0.0
0.0
0.0
0.0
0.0
0.042527999999999996
0.051283999999999996
0.082608
0.228247
0.265958
0.28245800000000004
0.276173
0.248412
0.19196100000000002
0.132743
0.067911
0.014496
0.0
0.0
0.0
0.0
0.0
0.0
0.0
0.0
0.0
0.0
0.0
0.0030830000000000002
0.021396000000000002
0.052289
0.083467
0.108798
0.266347
0.28245299999999995
0.27655
0.248421
0.297714
0.304544
0.17712999999999998
0.036479
0.0
0.0
0.0
0.0
0.0
0.0
0.0
0.0
0.0
0.0
0.0
0.009484999999999999
0.110624
0.283675
0.458461
0.6009629999999999
0.6871929999999999
0.692648
0.721841
0.660941
0.5413519999999999
0.375684
0.18116
0.038926
0.0
0.0
0.0
0.0
0.0
0.0
0.0
0.0
0.0
0.0
0.0
0.0
0.048483
0.054806
0.18247300000000002
0.11119499999999999
0.127617
0.136315
0.13265000000000002
0.11986100000000001
0.097613
0.068568
0.035768
0.007317000000000001
0.0
0.0
0.0
0.0
0.0
0.0
0.0
0.0
0.0
0.0
0.0
0.000326
0.023949
0.056728
0.087911
0.238785
0.276952
0.29164
0.28407
0.120927
0.098528
0.069596
0.075262
0.019454999999999997
0.0
0.0
0.0
0.0
0.0
0.0
0.0
0.0
0.0
0.0
0.0
0.012625
0.121725
0.219168
0.187234
0.527203
0.274887
0.138423
0.135404
0.257828
0.44716300000000003
0.370905
0.190454
0.029225
0.0
0.0
0.0
0.0
0.0
0.0
0.0
0.0
0.0
0.0
0.0
0.001185
0.054407
0.089645
0.089359
0.114834
0.131978
0.29239299999999996
0.28701
0.257801
0.20291700000000001
0.21445699999999998
0.11265399999999999
0.020989
0.0
0.0
0.0
0.0
0.0
0.0
0.0
0.0
0.0
0.0
0.0
0.0111
0.055781
0.268695
0.280674
0.579013
0.7073780000000001
0.7454310000000001
0.6911889999999999
0.570226
0.463346
0.21984399999999998
0.078581
0.022482
0.0
0.0
0.0
0.0
0.0
0.0
0.0
0.0
0.0
0.0
0.0
0.0019270000000000001
0.027422000000000002
0.059621
0.090568
0.240587
0.514503
0.544677
0.420005
0.242809
0.2082
0.14218199999999998
0.11381999999999999
0.033487
0.0
0.0
0.0
0.0
0.0
0.0
0.0
0.0
0.0
0.0
0.0
0.0027280000000000004
0.028367
0.125716
0.18074600000000002
0.228402
0.25982299999999997
0.27238999999999997
0.5845739999999999
0.119242
0.206538
0.209727
0.11438899999999999
0.034807000000000005
0.0
0.0
0.0
0.0
0.0
0.0
0.0
0.0
0.0
0.0
0.0
0.0034820000000000003
0.0299
0.061136
0.279524
0.589453
0.696627
0.728799
0.71553
0.652891
0.5370159999999999
0.38272500000000004
0.196221
0.05244
0.0
0.0
0.0
0.0
0.0
0.0
0.0
0.0
0.0
0.0
0.0
0.024559
0.08943999999999999
0.125561
0.18386000000000002
0.241769
0.27601400000000004
0.289474
0.283188
0.311869
0.30062099999999997
0.276019
0.18840700000000002
0.04462
0.0
0.0
0.0
0.0
0.0
0.0
0.0
0.0
0.0
0.0
0.0
0.013054
0.065439
0.130237
0.19305699999999998
0.4702
0.541001
0.567012
0.5550080000000001
0.583917
0.476751
0.342429
0.156338
0.056921
0.00039600000000000003
0.0
0.0
0.0
0.0
0.0
0.0
0.0
0.0
0.0
0.0
0.030920000000000003
0.150107
0.32442000000000004
0.460621
0.5439189999999999
0.7056520000000001
0.759577
0.748317
0.68099
0.563261
0.401652
0.20856
0.059259
0.000722
0.0
0.0
0.0
0.0
0.0
0.0
0.0
0.0
0.0
0.0
0.03338
0.157105
0.341113
0.5129640000000001
0.650111
0.7392949999999999
0.766161
0.7504850000000001
0.682375
0.563717
0.40469
0.21306999999999998
0.061814999999999995
0.0
0.0
0.0
0.0
0.0
0.0
0.0
0.0
0.0
0.0
0.0
0.017129000000000002
0.071632
0.13791599999999998
0.19886600000000001
0.258418
0.29410899999999995
0.31070800000000004
0.44412
0.673125
0.562412
0.415644
0.217526
0.066532
0.0013180000000000002
0.0
0.0
0.0
0.0
0.0
0.0
0.0
0.0
0.0
0.0
0.038829
0.162935
0.351066
0.5153690000000001
0.648244
0.74322
0.784023
0.764128
0.634941
0.408291
0.30141399999999996
0.13289099999999998
0.046955
0.0
0.0
0.0
0.0
0.0
0.0
0.0
0.0
0.0
0.0
0.0
0.008149
0.03685
0.107273
0.20356
0.372659
0.538939
0.301013
0.306601
0.278671
0.336347
0.163011
0.096
0.04922
0.002326
0.0
0.0
0.0
0.0
0.0
0.0
0.0
0.0
0.0
0.0
0.036618000000000005
0.077196
0.214975
0.491205
0.566717
0.440421
0.584398
0.565338
0.510205
0.422068
0.34703500000000004
0.13705099999999998
0.049722
0.0
0.0
0.0
0.0
0.0
0.0
0.0
0.0
0.0
0.0
0.0
0.009630000000000001
0.038078
0.072177
0.214507
0.128856
0.14601499999999998
0.30609
0.453573
0.344171
0.223879
0.352655
0.098047
0.061344
0.0013540000000000002
0.0
0.0
0.0
0.0
0.0
0.0
0.0
0.0
0.0
0.0
0.03972
0.140104
0.315195
0.46325299999999997
0.497596
0.561802
0.589198
0.6754589999999999
0.60827
0.503485
0.305543
0.17410499999999998
0.061938
0.0017749999999999999
0.0
0.0
0.0
0.0
0.0
0.0
0.0
0.0
0.0
0.0
0.041561
0.14170500000000003
0.31422100000000003
0.501087
0.578527
0.675616
0.740463
0.724521
0.660472
0.543121
0.35277600000000003
0.14130199999999998
0.038715000000000006
0.0
0.0
0.0
0.0
0.0
0.0
0.0
0.0
0.0
0.0
0.0
0.026008
0.041561999999999995
0.07412
0.10508799999999999
0.129591
0.146464
0.152917
0.14855600000000002
0.13340000000000002
0.110648
0.081608
0.048439
0.018109
0.0
0.0
0.0
0.0
0.0
0.0
0.0
0.0
0.0
0.0
0.0008719999999999999
0.052058999999999994
0.184423
0.357409
0.513895
0.626204
0.683925
0.706197
0.700939
0.6691670000000001
0.5583400000000001
0.411231
0.227759
0.076715
0.005993
0.0
0.0
0.0
0.0
0.0
0.0
0.0
0.0
0.0
0.000766
0.052037999999999994
0.17354
0.307025
0.381226
0.373742
0.275675
0.28838600000000003
0.27996499999999996
0.265984
0.219708
0.159246
0.096399
0.0395
0.00135
0.0
0.0
0.0
0.0
0.0
0.0
0.0
0.0
0.0
0.001195
0.054188
0.182906
0.336813
0.432467
0.542749
0.607673
0.548045
0.423519
0.384416
0.316809
0.158659
0.096903
0.039905
0.001574
0.0
0.0
0.0
0.0
0.0
0.0
0.0
0.0
0.0
0.0
0.044095
0.155571
0.329389
0.469788
0.459063
0.5100330000000001
0.429182
0.402305
0.377905
0.313519
0.229045
0.139787
0.077473
0.009768
0.0
0.0
0.0
0.0
0.0
0.0
0.0
0.0
0.0
0.0
0.031131
0.085228
0.146552
0.199997
0.25427299999999997
0.270736
0.283477
0.27574099999999996
0.5691849999999999
0.502117
0.39569299999999996
0.224536
0.08149200000000001
0.010121999999999999
0.0
0.0
0.0
0.0
0.0
0.0
0.0
0.0
0.0
0.002579
0.05925
0.184342
0.338318
0.479327
0.591284
0.6699890000000001
0.710303
0.717266
0.656752
0.5503920000000001
0.300648
0.17716800000000002
0.079999
0.009801
0.0
0.0
0.0
0.0
0.0
0.0
0.0
0.0
0.0
0.003027
0.061496
0.192806
0.3441
0.49797199999999997
0.6264930000000001
0.689788
0.717731
0.678627
0.624403
0.47659199999999996
0.350071
0.204358
0.044366
0.0040030000000000005
0.0
0.0
0.0
0.0
0.0
0.0
0.0
0.0
0.0
0.003439
0.062706
0.177209
0.279446
0.321052
0.26142899999999997
0.292825
0.304151
0.298153
0.28199599999999997
0.23507
0.172474
0.107457
0.047116
0.0050940000000000004
0.0
0.0
0.0
0.0
0.0
0.0
0.0
0.0
0.0
0.0
0.036508000000000006
0.094586
0.15936799999999998
0.218235
0.277245
0.29608999999999996
0.30924799999999997
0.301765
0.286833
0.11645799999999999
0.17996
0.109372
0.049165999999999994
0.005286
0.0
0.0
0.0
0.0
0.0
0.0
0.0
0.0
0.0
0.00019800000000000002
0.037216
0.094936
0.159607
0.218645
0.498405
0.558228
0.586702
0.660207
0.5578609999999999
0.43351
0.315058
0.193105
0.086646
0.015872
0.0
0.0
0.0
0.0
0.0
0.0
0.0
0.0
0.0
0.000639
0.055594000000000005
0.187575
0.265924
0.22870500000000002
0.27802499999999997
0.15240700000000001
0.325118
0.304191
0.288341
0.241087
0.176476
0.11276699999999999
0.051581
0.006872
0.0
0.0
0.0
0.0
0.0
0.0
0.0
0.0
0.0
0.00444
0.052701
0.099513
0.16365100000000002
0.223416
0.28362099999999996
0.152673
0.157895
0.232333
0.278902
0.243274
0.17969300000000002
0.113805
0.052427999999999995
0.001993
0.0
0.0
0.0
0.0
0.0
0.0
0.0
0.0
0.0
0.001776
0.040701999999999995
0.099883
0.24367
0.415666
0.511869
0.457146
0.314316
0.307634
0.291671
0.447367
0.180499
0.115716
0.086165
0.018506
0.0
0.0
0.0
0.0
0.0
0.0
0.0
0.0
0.0
0.009119
0.074753
0.208068
0.372716
0.525926
0.65131
0.7234919999999999
0.757159
0.656572
0.659693
0.56763
0.41527800000000004
0.22892099999999999
0.099426
0.021824000000000003
0.0
0.0
0.0
0.0
0.0
0.0
0.0
0.0
0.0
0.002767
0.042053
0.17044900000000002
0.29707
0.479312
0.637555
0.7502369999999999
0.749155
0.580447
0.289773
0.243921
0.180521
0.11588899999999999
0.055140999999999996
0.009858
0.0
0.0
0.0
0.0
0.0
0.0
0.0
0.0
0.0
0.005631000000000001
0.043783
0.102522
0.165269
0.223274
0.276887
0.297524
0.467014
0.5700270000000001
0.6019990000000001
0.242955
0.179508
0.116007
0.055347
0.010424
0.0
0.0
0.0
0.0
0.0
0.0
0.0
0.0
0.0
0.000382
0.044594999999999996
0.103505
0.08464100000000001
0.113618
0.138065
0.152636
0.158007
0.312902
0.274831
0.118323
0.09167499999999999
0.059484999999999996
0.027336
0.010617000000000001
0.0
0.0
0.0
0.0
0.0
0.0
0.0
0.0
0.0
0.000449
0.022206
0.053007
0.173707
0.115228
0.28511000000000003
0.305322
0.314656
0.30880399999999997
0.280901
0.246891
0.26623
0.236724
0.106584
0.025606999999999998
0.0
0.0
0.0
0.0
0.0
0.0
0.0
0.0
0.0
0.015016999999999999
0.07978199999999999
0.215453
0.346115
0.334704
0.41251499999999997
0.5696509999999999
0.328315
0.533249
0.613698
0.545008
0.41467200000000004
0.264135
0.107834
0.027289
0.0
0.0
0.0
0.0
0.0
0.0
0.0
0.0
0.0
0.005333999999999999
0.046678
0.10514
0.166703
0.329078
0.268963
0.635119
0.738619
0.759145
0.693661
0.5547219999999999
0.376895
0.16789400000000002
0.108902
0.027433
0.0
0.0
0.0
0.0
0.0
0.0
0.0
0.0
0.0
0.016633
0.08206699999999999
0.21921600000000002
0.38423700000000005
0.485173
0.506215
0.454868
0.315971
0.30584
0.281881
0.35549200000000003
0.33400599999999997
0.237516
0.109759
0.029418
0.0
0.0
0.0
0.0
0.0
0.0
0.0
0.0
0.0
0.0188
0.086912
0.228453
0.350263
0.37482299999999996
0.281452
0.299029
0.309953
0.301794
0.27506400000000003
0.24187299999999998
0.185166
0.20583500000000002
0.096521
0.020792
0.0
0.0
0.0
0.0
0.0
0.0
0.0
0.0
0.0
0.006721
0.048401000000000007
0.105844
0.239397
0.32563
0.26237900000000003
0.291967
0.302276
0.29533499999999996
0.268245
0.236266
0.090242
0.059792000000000005
0.029140999999999997
0.013897
0.0
0.0
0.0
0.0
0.0
0.0
0.0
0.0
0.0
0.01659
0.07904900000000001
0.221025
0.385869
0.538481
0.6422920000000001
0.711586
0.703955
0.694612
0.137078
0.116566
0.090512
0.059441
0.029384
0.005422
0.0
0.0
0.0
0.0
0.0
0.0
0.0
0.0
0.0
0.007378
0.048763
0.10626300000000001
0.16762100000000002
0.329246
0.385709
0.424821
0.6395510000000001
0.6696570000000001
0.562449
0.494012
0.29493400000000003
0.120502
0.030399000000000002
0.006193
0.0
0.0
0.0
0.0
0.0
0.0
0.0
0.0
0.0
0.008123
0.08430800000000001
0.22543000000000002
0.39170299999999997
0.534123
0.645606
0.706841
0.721504
0.706979
0.634169
0.5413129999999999
0.397671
0.250543
0.061463000000000004
0.016117
0.0
0.0
0.0
0.0
0.0
0.0
0.0
0.0
0.0
0.008846
0.049341
0.106599
0.16731100000000002
0.222924
0.267805
0.5149429999999999
0.660516
0.312664
0.280776
0.273066
0.238964
0.168843
0.085872
0.03459
0.0
0.0
0.0
0.0
0.0
0.0
0.0
0.0
0.0
0.021681000000000002
0.082651
0.201974
0.29205000000000003
0.228459
0.275843
0.305902
0.317658
0.30944
0.279765
0.11873099999999999
0.091742
0.061056
0.031096
0.006913
0.0
0.0
0.0
0.0
0.0
0.0
0.0
0.0
0.0
0.020607
0.082767
0.22051099999999998
0.348704
0.518331
0.632572
0.7132179999999999
0.753976
0.742994
0.682295
0.581605
0.383161
0.273187
0.120772
0.036008000000000005
0.0
0.0
0.0
0.0
0.0
0.0
0.0
0.0
0.0
0.023591
0.089297
0.23059200000000002
0.37983100000000003
0.511272
0.6167
0.727626
0.32363600000000003
0.59841
0.6684289999999999
0.570784
0.437945
0.273805
0.121147
0.033868
0.0
0.0
0.0
0.0
0.0
0.0
0.0
0.0
0.0
0.00985
0.025634
0.055843000000000004
0.171203
0.225652
0.277762
0.308062
0.6428010000000001
0.68987
0.6832509999999999
0.5742010000000001
0.42794600000000005
0.266672
0.066656
0.019631
0.0
0.0
0.0
0.0
0.0
0.0
0.0
0.0
0.0
0.010557
0.05379
0.154815
0.17440199999999997
0.531069
0.672236
0.718774
0.7495109999999999
0.76325
0.7084640000000001
0.520848
0.27942700000000004
0.239146
0.129351
0.039487
0.0
0.0
0.0
0.0
0.0
0.0
0.0
0.0
0.0
0.011439999999999999
0.054054000000000005
0.112411
0.279615
0.47957299999999997
0.458103
0.309821
0.511254
0.6201599999999999
0.618528
0.578313
0.367172
0.129771
0.069154
0.021052
0.0
0.0
0.0
0.0
0.0
0.0
0.0
0.0
0.0
0.026496
0.09376000000000001
0.237343
0.399887
0.528274
0.632814
0.69845
0.700391
0.7342179999999999
0.692646
0.592621
0.453476
0.28765199999999996
0.128988
0.030757000000000003
0.0
0.0
0.0
0.0
0.0
0.0
0.0
0.0
0.0
0.011245
0.054393000000000004
0.111967
0.088224
0.116286
0.28423000000000004
0.310724
0.321935
0.315806
0.289923
0.536671
0.418298
0.267172
0.123906
0.037099
0.0
0.0
0.0
0.0
0.0
0.0
0.0
0.0
0.0
0.026088
0.09410299999999999
0.233193
0.39652800000000005
0.5378930000000001
0.647788
0.718562
0.743731
0.731718
0.655727
0.564271
0.368772
0.240444
0.115059
0.030264
0.0
0.0
0.0
0.0
0.0
0.0
0.0
0.0
0.0
0.021942
0.088022
0.226065
0.384339
0.49244499999999997
0.589615
0.519678
0.539009
0.665513
0.6220119999999999
0.52447
0.39955900000000005
0.256247
0.11437
0.030789999999999998
0.0
0.0
0.0
0.0
0.0
0.0
0.0
0.0
0.0
0.023702
0.091101
0.224329
0.381164
0.5252910000000001
0.637126
0.703722
0.730622
0.718463
0.659073
0.5576319999999999
0.39261399999999996
0.205024
0.121349
0.038596
0.0
0.0
0.0
0.0
0.0
0.0
0.0
0.0
0.0
0.024550000000000002
0.08746899999999999
0.106131
0.164136
0.110384
0.132629
0.304321
0.558735
0.686345
0.141323
0.120575
0.19347999999999999
0.065849
0.07065
0.022921
0.0
0.0
0.0
0.0
0.0
0.0
0.0
0.0
0.0
0.004024
0.026688
0.056561999999999994
0.087972
0.116383
0.139774
0.154615
0.161011
0.158949
0.145592
0.253189
0.340483
0.273349
0.13315000000000002
0.042808
0.0010840000000000001
0.0
0.0
0.0
0.0
0.0
0.0
0.0
0.0
0.027475000000000003
0.095557
0.235537
0.40086
0.529841
0.620986
0.657814
0.647344
0.549018
0.586032
0.532716
0.40889
0.17732900000000001
0.09509999999999999
0.023138000000000002
0.0
0.0
0.0
0.0
0.0
0.0
0.0
0.0
0.0
0.027246
0.09457399999999999
0.232608
0.389002
0.527267
0.563929
0.306781
0.5661219999999999
0.688122
0.690712
0.588982
0.448998
0.286242
0.134977
0.042059
0.000955
0.0
0.0
0.0
0.0
0.0
0.0
0.0
0.0
0.012547
0.054462
0.056469
0.21494300000000002
0.41291300000000003
0.6147440000000001
0.741285
0.775962
0.764685
0.667607
0.5963579999999999
0.461815
0.298026
0.138544
0.045151000000000004
0.001577
0.0
0.0
0.0
0.0
0.0
0.0
0.0
0.0
0.026511
0.09993
0.23611000000000001
0.399526
0.544451
0.6594220000000001
0.737272
0.769857
0.716327
0.665192
0.596833
0.459372
0.296136
0.138237
0.045348
0.0020459999999999996
0.0
0.0
0.0
0.0
0.0
0.0
0.0
0.0
0.027431
0.097735
0.189695
0.249023
0.231452
0.275208
0.304362
0.31700799999999996
0.311368
0.363528
0.360211
0.319712
0.230893
0.134435
0.046685000000000004
0.00206
0.0
0.0
0.0
0.0
0.0
0.0
0.0
0.0
0.026989
0.099702
0.232541
0.395052
0.5433
0.261359
0.267489
0.277303
0.27247899999999997
0.25053200000000003
0.242741
0.197306
0.18729200000000001
0.11679099999999999
0.048119
0.0019790000000000003
0.0
0.0
0.0
0.0
0.0
0.0
0.0
0.0
0.012913
0.08200700000000001
0.18468500000000002
0.243597
0.226967
0.26868200000000003
0.29673200000000005
0.309136
0.31457
0.417237
0.43888499999999997
0.389567
0.279707
0.137555
0.044603000000000004
0.001974
0.0
0.0
0.0
0.0
0.0
0.0
0.0
0.0
0.025518
0.094373
0.228971
0.39748
0.5403859999999999
0.6625420000000001
0.7401989999999999
0.7179099999999999
0.45881299999999997
0.411136
0.361168
0.277725
0.132585
0.074215
0.025661999999999997
0.00014299999999999998
0.0
0.0
0.0
0.0
0.0
0.0
0.0
0.0
0.023303
0.07402500000000001
0.110288
0.17036199999999999
0.22525299999999998
0.26998
0.30099400000000004
0.5838819999999999
0.71449
0.6977340000000001
0.596118
0.46234
0.26694
0.076969
0.026697
0.0
0.0
0.0
0.0
0.0
0.0
0.0
0.0
0.0
0.012819
0.055362
0.113408
0.174958
0.232661
0.277979
0.307937
0.319698
0.31520299999999996
0.291148
0.25881099999999996
0.20287200000000002
0.137247
0.077152
0.027547000000000002
0.0
0.0
0.0
0.0
0.0
0.0
0.0
0.0
0.0
0.026774
0.096512
0.225048
0.384082
0.519242
0.581941
0.655708
0.685448
0.472203
0.292645
0.259819
0.20339500000000002
0.138417
0.07817199999999999
0.039037
0.0
0.0
0.0
0.0
0.0
0.0
0.0
0.0
0.0
0.026726
0.094951
0.21137999999999998
0.30944099999999997
0.23927400000000001
0.27778699999999995
0.309607
0.321921
0.161261
0.303517
0.259474
0.20449799999999999
0.138544
0.078111
0.027767
0.0
0.0
0.0
0.0
0.0
0.0
0.0
0.0
0.0
0.012145
0.054713
0.11178199999999999
0.174455
0.230381
0.141466
0.157297
0.16343000000000002
0.160572
0.301332
0.260093
0.20358500000000002
0.138443
0.07805200000000001
0.027738
0.0
0.0
0.0
0.0
0.0
0.0
0.0
0.0
0.0
0.012142
0.02649
0.111405
0.08924299999999999
0.117976
0.28523200000000004
0.15693600000000002
0.163293
0.160865
0.14902
0.12859
0.20342500000000002
0.139452
0.078008
0.027664
0.0
0.0
0.0
0.0
0.0
0.0
0.0
0.0
0.0
0.012091
0.026365
0.056497
0.176769
0.11715300000000001
0.284567
0.307993
0.318574
0.160449
0.299394
0.258238
0.202377
0.070191
0.07809
0.012480999999999999
0.0
0.0
0.0
0.0
0.0
0.0
0.0
0.0
0.0
0.004182
0.0264
0.056475000000000004
0.087818
0.116305
0.139671
0.154743
0.161998
0.158703
0.146883
0.126552
0.197579
0.13652
0.077169
0.027322
0.0
0.0
0.0
0.0
0.0
0.0
0.0
0.0
0.0
0.004165
0.026251
0.108715
0.16949
0.225774
0.553494
0.6289199999999999
0.690779
0.7049589999999999
0.664796
0.580401
0.45146600000000003
0.297625
0.075916
0.02693
0.0
0.0
0.0
0.0
0.0
0.0
0.0
0.0
0.0
0.004051
0.02527
0.055027
0.086267
0.114255
0.137927
0.30964600000000003
0.32022300000000004
0.31707799999999997
0.41944
0.321688
0.222689
0.13603800000000002
0.076419
0.027132999999999997
0.0
0.0
0.0
0.0
0.0
0.0
0.0
0.0
0.0
0.011239
0.025435
0.055288
0.16787200000000002
0.221977
0.22500499999999998
0.20449
0.158914
0.156835
0.146981
0.25472100000000003
0.19556700000000002
0.13633099999999998
0.076492
0.027032
0.0
0.0
0.0
0.0
0.0
0.0
0.0
0.0
0.0
0.007660999999999999
0.052099
0.109026
0.17043799999999998
0.228256
0.273846
0.30586
0.32053699999999996
0.31553699999999996
0.14946199999999998
0.127599
0.10148
0.070312
0.038712
0.012396
0.0
0.0
0.0
0.0
0.0
0.0
0.0
0.0
0.0
0.003373
0.024707
0.054908
0.08627
0.11563599999999999
0.282514
0.31257100000000004
0.316967
0.15817599999999998
0.14687799999999998
0.12579200000000001
0.10006999999999999
0.13590799999999997
0.076352
0.027195
0.0
0.0
0.0
0.0
0.0
0.0
0.0
0.0
0.0
0.010384000000000001
0.024419
0.105362
0.165495
0.221017
0.394015
0.548924
0.700999
0.564956
0.421202
0.35815800000000003
0.19367099999999998
0.06819700000000001
0.037268
0.012228999999999999
0.0
0.0
0.0
0.0
0.0
0.0
0.0
0.0
0.0
0.009758
0.049641
0.105656
0.165929
0.22053899999999999
0.264224
0.5916359999999999
0.625688
0.627375
0.659674
0.5865670000000001
0.455361
0.300122
0.142459
0.046497
0.002412
0.0
0.0
0.0
0.0
0.0
0.0
0.0
0.0
0.024094
0.08623900000000001
0.21686699999999998
0.379635
0.521383
0.643766
0.7223200000000001
0.737204
0.728771
0.685894
0.5905560000000001
0.46078399999999997
0.297791
0.14252299999999998
0.045786
0.0022679999999999996
0.0
0.0
0.0
0.0
0.0
0.0
0.0
0.0
0.023755
0.084525
0.214582
0.377829
0.5193049999999999
0.63566
0.7060660000000001
0.753664
0.738101
0.6839310000000001
0.583447
0.450219
0.291961
0.139671
0.044418
0.0017529999999999998
0.0
0.0
0.0
0.0
0.0
0.0
0.0
0.0
0.02153
0.077985
0.202113
0.226679
0.385347
0.616655
0.656529
0.710568
0.71108
0.402574
0.56532
0.443108
0.283149
0.071575
0.02477
0.0
0.0
0.0
0.0
0.0
0.0
0.0
0.0
0.0
0.002467
0.022563
0.100783
0.082971
0.11149200000000001
0.27622599999999997
0.66926
0.7606839999999999
0.7622530000000001
0.706926
0.608016
0.464932
0.299673
0.14212
0.04672
0.001977
0.0
0.0
0.0
0.0
0.0
0.0
0.0
0.0
0.022597000000000003
0.082517
0.212344
0.37982
0.525318
0.646738
0.727624
0.762633
0.750128
0.695024
0.599534
0.46470999999999996
0.302192
0.143542
0.046814
0.0019950000000000002
0.0
0.0
0.0
0.0
0.0
0.0
0.0
0.0
0.00189
0.022226
0.07824500000000001
0.163747
0.220449
0.266135
0.306537
0.736188
0.761636
0.702539
0.601327
0.465696
0.299604
0.137363
0.044438000000000005
0.0
0.0
0.0
0.0
0.0
0.0
0.0
0.0
0.0
0.001832
0.045281
0.099498
0.28368400000000005
0.311573
0.26196499999999995
0.29434899999999997
0.318697
0.315017
0.283705
0.244881
0.42508300000000004
0.133466
0.0734
0.010747
0.0
0.0
0.0
0.0
0.0
0.0
0.0
0.0
0.0
0.017127
0.044965000000000005
0.139009
0.161272
0.318471
0.26344
0.303933
0.319502
0.314483
0.282694
0.507445
0.448855
0.297914
0.136969
0.042413
0.000221
0.0
0.0
0.0
0.0
0.0
0.0
0.0
0.0
0.006666
0.061223999999999994
0.183441
0.321853
0.448954
0.390523
0.290464
0.315627
0.310918
0.277715
0.239833
0.188482
0.129572
0.071328
0.023620000000000002
0.0
0.0
0.0
0.0
0.0
0.0
0.0
0.0
0.0
0.015581
0.060668999999999994
0.097496
0.158299
0.21448699999999998
0.38694799999999996
0.543237
0.319034
0.310584
0.415068
0.346392
0.385943
0.252797
0.113091
0.033298
0.0
0.0
0.0
0.0
0.0
0.0
0.0
0.0
0.0
0.005756
0.058758000000000005
0.133797
0.155382
0.306305
0.595996
0.684074
0.7285119999999999
0.696013
0.619658
0.5616369999999999
0.425754
0.281495
0.13362100000000002
0.041245
0.000912
0.0
0.0
0.0
0.0
0.0
0.0
0.0
0.0
0.014943
0.07128799999999999
0.12896100000000002
0.154884
0.204984
0.250503
0.14480600000000002
0.538261
0.544301
0.496013
0.428732
0.27085000000000004
0.127117
0.069285
0.031982
0.0
0.0
0.0
0.0
0.0
0.0
0.0
0.0
0.0
0.005021
0.041686
0.095611
0.223933
0.44288900000000003
0.596923
0.7220789999999999
0.712424
0.650892
0.645085
0.581138
0.445589
0.288308
0.125352
0.03875
0.000213
0.0
0.0
0.0
0.0
0.0
0.0
0.0
0.0
0.00036199999999999996
0.019053
0.048034
0.079168
0.107987
0.13159200000000001
0.149229
0.15676400000000001
0.31912799999999997
0.141787
0.122369
0.096528
0.06584000000000001
0.034524
0.021713
0.0
0.0
0.0
0.0
0.0
0.0
0.0
0.0
0.0
0.007723
0.068283
0.195798
0.362842
0.47851699999999997
0.621634
0.7063250000000001
0.731462
0.633659
0.629404
0.34719099999999997
0.264264
0.177352
0.06739400000000001
0.030478
0.0
0.0
0.0
0.0
0.0
0.0
0.0
0.0
0.0
0.006788000000000001
0.039222
0.092332
0.07695
0.105112
0.263339
0.42673300000000003
0.311661
0.152544
0.139329
0.119587
0.093711
0.063515
0.06736199999999999
0.008362
0.0
0.0
0.0
0.0
0.0
0.0
0.0
0.0
0.0
0.0034460000000000003
0.038740000000000004
0.12837700000000002
0.27260700000000004
0.487469
0.559297
0.6801950000000001
0.347264
0.153812
0.142012
0.120779
0.094418
0.064027
0.033625999999999996
0.008454000000000001
0.0
0.0
0.0
0.0
0.0
0.0
0.0
0.0
0.0
0.002714
0.038048
0.045840000000000006
0.151893
0.208519
0.257083
0.437087
0.457661
0.647854
0.654711
0.586842
0.426406
0.285434
0.092417
0.03577
0.0
0.0
0.0
0.0
0.0
0.0
0.0
0.0
0.0
0.009703
0.064223
0.190309
0.356267
0.511962
0.635529
0.717842
0.7599239999999999
0.7492859999999999
0.687585
0.585773
0.44762
0.269368
0.124791
0.037471
0.0
0.0
0.0
0.0
0.0
0.0
0.0
0.0
0.0
0.0
0.017005
0.045436
0.076583
0.10542
0.128674
0.145528
0.152531
0.151429
0.13960499999999998
0.120399
0.093776
0.063057
0.031806
0.018484
0.0
0.0
0.0
0.0
0.0
0.0
0.0
0.0
0.0
0.007108
0.049948
0.106992
0.149576
0.37502800000000003
0.47324700000000003
0.657428
0.697506
0.692708
0.5887
0.56925
0.447178
0.281963
0.125649
0.035706
0.0
0.0
0.0
0.0
0.0
0.0
0.0
0.0
0.0
0.006827
0.061725
0.185179
0.348257
0.49955
0.6153139999999999
0.696483
0.7396
0.726093
0.6696169999999999
0.571
0.43711099999999997
0.27531900000000004
0.12330100000000001
0.034552
0.0
0.0
0.0
0.0
0.0
0.0
0.0
0.0
0.0
0.006327
0.059738
0.17882800000000001
0.343476
0.491244
0.601144
0.677828
0.7185130000000001
0.673975
0.49135
0.234309
0.176041
0.205293
0.11244799999999999
0.032540999999999994
0.0
0.0
0.0
0.0
0.0
0.0
0.0
0.0
0.0
0.00039
0.015005000000000001
0.042085
0.072693
0.10123099999999999
0.257087
0.140981
0.148855
0.145111
0.13417099999999998
0.116533
0.090374
0.11888
0.09924200000000001
0.016114
0.0
0.0
0.0
0.0
0.0
0.0
0.0
0.0
0.0
0.003023
0.057491
0.160134
0.145709
0.203633
0.252258
0.428396
0.449673
0.294296
0.409356
0.539741
0.41431999999999997
0.16986600000000002
0.08393
0.031066
0.0
0.0
0.0
0.0
0.0
0.0
0.0
0.0
0.0
0.0
0.014341
0.041531
0.072137
0.100897
0.255266
0.140373
0.147748
0.145931
0.135327
0.11528000000000001
0.08948099999999999
0.059147
0.059664
0.021844000000000002
0.0
0.0
0.0
0.0
0.0
0.0
0.0
0.0
0.0
0.0
0.013663999999999999
0.041076999999999995
0.072373
0.208396
0.250671
0.426389
0.6451549999999999
0.504253
0.280416
0.229701
0.257367
0.236079
0.080776
0.020547999999999997
0.0
0.0
0.0
0.0
0.0
0.0
0.0
0.0
0.0
0.0
0.013064
0.040744999999999996
0.072159
0.10216700000000001
0.125549
0.142692
0.150344
0.14912799999999998
0.137232
0.238981
0.257022
0.1659
0.109788
0.019870000000000002
0.0
0.0
0.0
0.0
0.0
0.0
0.0
0.0
0.0
0.0
0.012983
0.040511000000000005
0.071713
0.10054099999999999
0.124793
0.142421
0.149787
0.30464199999999997
0.5788289999999999
0.4253
0.400942
0.202178
0.10187
0.01914
0.0
0.0
0.0
0.0
0.0
0.0
0.0
0.0
0.0
0.0
0.024467
0.07301300000000001
0.18914799999999998
0.18839699999999998
0.232984
0.27512400000000004
0.29368
0.28821199999999997
0.38076299999999996
0.393283
0.371317
0.244114
0.099858
0.025692
0.0
0.0
0.0
0.0
0.0
0.0
0.0
0.0
0.0
0.0
0.033841
0.15588
0.313337
0.463657
0.5902759999999999
0.67062
0.706312
0.695241
0.634688
0.5330280000000001
0.39515100000000003
0.23983000000000002
0.09795699999999999
0.023917
0.0
0.0
0.0
0.0
0.0
0.0
0.0
0.0
0.0
0.00054
0.046327
0.15139599999999998
0.309293
0.458857
0.58248
0.660717
0.649124
0.673895
0.6325270000000001
0.5257329999999999
0.39599599999999996
0.23769800000000002
0.09623699999999999
0.022721
0.0
0.0
0.0
0.0
0.0
0.0
0.0
0.0
0.0
0.000587
0.046060000000000004
0.14888200000000001
0.300991
0.41392700000000004
0.41321800000000003
0.27018400000000004
0.6348469999999999
0.40656200000000003
0.590763
0.524039
0.393092
0.236588
0.09601000000000001
0.021154
0.0
0.0
0.0
0.0
0.0
0.0
0.0
0.0
0.0
0.0
0.009015
0.033763
0.064562
0.093226
0.11830299999999999
0.134943
0.14143
0.139738
0.127014
0.448818
0.166601
0.10166599999999999
0.022254000000000003
0.007123
0.0
0.0
0.0
0.0
0.0
0.0
0.0
0.0
0.0
0.0
0.008407
0.068267
0.127308
0.183341
0.483104
0.5702910000000001
0.597244
0.575126
0.528278
0.45833300000000005
0.164197
0.14250800000000002
0.06339
0.017851
0.0
0.0
0.0
0.0
0.0
0.0
0.0
0.0
0.0
0.0
0.019148
0.066417
0.125967
0.092544
0.11676399999999999
0.401748
0.278743
0.416877
0.472969
0.452003
0.370768
0.20019499999999998
0.075569
0.006436
0.0
0.0
0.0
0.0
0.0
0.0
0.0
0.0
0.0
0.0
0.007642
0.032369999999999996
0.06217
0.364723
0.493144
0.275632
0.140109
0.13802199999999998
0.37038600000000005
0.452296
0.163349
0.140289
0.060617
0.0056500000000000005
0.0
0.0
0.0
0.0
0.0
0.0
0.0
0.0
0.0
0.0
0.007567999999999999
0.031545000000000004
0.061674999999999994
0.18882400000000002
0.33824099999999996
0.575427
0.6000789999999999
0.42374
0.478014
0.312824
0.337297
0.17411600000000002
0.085638
0.015007999999999999
0.0
0.0
0.0
0.0
0.0
0.0
0.0
0.0
0.0
0.0
0.017071000000000003
0.089436
0.225383
0.424201
0.58389
0.6359779999999999
0.703659
0.42065199999999997
0.600165
0.456808
0.28772000000000003
0.219668
0.082135
0.009574999999999998
0.0
0.0
0.0
0.0
0.0
0.0
0.0
0.0
0.0
0.0
0.016575
0.031338
0.121801
0.38375400000000004
0.568668
0.6552290000000001
0.710792
0.696331
0.628506
0.519383
0.380101
0.216887
0.080497
0.012241
0.0
0.0
0.0
0.0
0.0
0.0
0.0
0.0
0.0
0.0
0.032797
0.136167
0.29387
0.258139
0.559732
0.6567799999999999
0.28132799999999997
0.637828
0.637992
0.446063
0.383547
0.215976
0.076246
0.002614
0.0
0.0
0.0
0.0
0.0
0.0
0.0
0.0
0.0
0.0
0.014917
0.08483299999999999
0.21846700000000002
0.332789
0.33692700000000003
0.502384
0.42427800000000004
0.52351
0.475333
0.214565
0.15220699999999998
0.091884
0.036747
0.0
0.0
0.0
0.0
0.0
0.0
0.0
0.0
0.0
0.0
0.0
0.03229
0.129128
0.273418
0.42477499999999996
0.549476
0.6611739999999999
0.666768
0.6908650000000001
0.541575
0.49554899999999996
0.22143000000000002
0.090626
0.03552
0.001067
0.0
0.0
0.0
0.0
0.0
0.0
0.0
0.0
0.0
0.0
0.004844
0.028347
0.058912
0.088539
0.112673
0.129026
0.136628
0.28400200000000003
0.242334
0.439332
0.369867
0.20366800000000002
0.07137
0.006266
0.0
0.0
0.0
0.0
0.0
0.0
0.0
0.0
0.0
0.0
0.012536
0.056417999999999996
0.115687
0.173441
0.222767
0.25697699999999996
0.27349799999999996
0.268754
0.24418299999999998
0.202078
0.14735499999999999
0.08681
0.03304
0.00131
0.0
0.0
0.0
0.0
0.0
0.0
0.0
0.0
0.0
0.0
0.011893
0.055752
0.114831
0.173687
0.330171
0.495106
0.5137390000000001
0.605332
0.591842
0.38067700000000004
0.15169
0.08517
0.045014000000000005
0.000617
0.0
0.0
0.0
0.0
0.0
0.0
0.0
0.0
0.0
0.0
0.004016
0.026611999999999997
0.056298
0.086062
0.110416
0.127446
0.135293
0.133233
0.120453
0.09866
0.071347
0.04082
0.013574999999999999
0.0
0.0
0.0
0.0
0.0
0.0
0.0
0.0
0.0
0.0
0.0
0.026861
0.120367
0.264052
0.42032600000000003
0.548409
0.582789
0.6669339999999999
0.6612319999999999
0.604723
0.488854
0.36349200000000004
0.19694399999999998
0.06461
0.002439
0.0
0.0
0.0
0.0
0.0
0.0
0.0
0.0
0.0
0.0
0.025443999999999998
0.12081499999999999
0.276279
0.422882
0.550779
0.580915
0.619389
0.610533
0.595778
0.486666
0.33828800000000003
0.08300700000000001
0.012392
0.0
0.0
0.0
0.0
0.0
0.0
0.0
0.0
0.0
0.0
0.0
0.008910999999999999
0.052374000000000004
0.161913
0.08508199999999999
0.11020999999999999
0.126834
0.20375
0.265456
0.2499
0.381454
0.20760699999999999
0.07974500000000001
0.027118
0.0
0.0
0.0
0.0
0.0
0.0
0.0
0.0
0.0
0.0
0.0
0.008150000000000001
0.050428
0.108459
0.167943
0.216872
0.250074
0.26442899999999997
0.258217
0.234926
0.191962
0.136993
0.037777
0.011301
0.0
0.0
0.0
0.0
0.0
0.0
0.0
0.0
0.0
0.0
0.0
0.008135
0.049985999999999996
0.10866500000000001
0.166793
0.32330000000000003
0.24918
0.5851430000000001
0.666208
0.51974
0.471344
0.20099899999999998
0.075628
0.023992999999999997
0.0
0.0
0.0
0.0
0.0
0.0
0.0
0.0
0.0
0.0
0.0
0.007458
0.02302
0.107071
0.165859
0.214695
0.544317
0.510677
0.270158
0.234162
0.09507399999999999
0.066831
0.036848
0.010065
0.0
0.0
0.0
0.0
0.0
0.0
0.0
0.0
0.0
0.0
0.0
0.006593
0.047497
0.10585699999999999
0.313921
0.320249
0.483093
0.517112
0.503995
0.24274199999999999
0.197948
0.066388
0.072734
0.021823000000000002
0.0
0.0
0.0
0.0
0.0
0.0
0.0
0.0
0.0
0.0
0.0
0.012993000000000001
0.046162999999999996
0.0515
0.163976
0.316025
0.47551299999999996
0.27241000000000004
0.25417
0.34198399999999995
0.351892
0.19281399999999999
0.099826
0.020075
0.0
0.0
0.0
0.0
0.0
0.0
0.0
0.0
0.0
0.0
0.0
0.011451000000000001
0.103505
0.22067799999999999
0.24299
0.214219
0.261899
0.264053
0.252667
0.43273
0.457216
0.310052
0.142467
0.043773000000000006
0.0
0.0
0.0
0.0
0.0
0.0
0.0
0.0
0.0
0.0
0.0
0.014154
0.103588
0.25829
0.305691
0.522544
0.630805
0.630111
0.6203759999999999
0.586105
0.470024
0.32725099999999996
0.158106
0.041941
0.0
0.0
0.0
0.0
0.0
0.0
0.0
0.0
0.0
0.0
0.0
0.009946
0.04351
0.23084
0.41697300000000004
0.5560069999999999
0.632478
0.631029
0.666501
0.602954
0.482644
0.327483
0.154542
0.037334000000000006
0.0
0.0
0.0
0.0
0.0
0.0
0.0
0.0
0.0
0.0
0.0
0.010255
0.08562900000000001
0.23655
0.29873500000000003
0.215908
0.11915099999999999
0.265993
0.47437
0.332017
0.26558499999999996
0.291981
0.14101
0.036863
0.0
0.0
0.0
0.0
0.0
0.0
0.0
0.0
0.0
0.0
0.0
0.0027069999999999998
0.040659999999999995
0.097569
0.155422
0.20622100000000002
0.239785
0.250623
0.24802600000000002
0.342246
0.264839
0.180071
0.087797
0.014164999999999999
0.0
0.0
0.0
0.0
0.0
0.0
0.0
0.0
0.0
0.0
0.0
0.009452
0.098152
0.266366
0.411926
0.5681649999999999
0.635443
0.664518
0.398777
0.226812
0.36105000000000004
0.310413
0.065901
0.01542
0.0
0.0
0.0
0.0
0.0
0.0
0.0
0.0
0.0
0.0
0.0
0.009538
0.10187
0.258653
0.366585
0.482467
0.254316
0.256673
0.124644
0.23449799999999998
0.179166
0.124033
0.030389
0.005386999999999999
0.0
0.0
0.0
0.0
0.0
0.0
0.0
0.0
0.0
0.0
0.0
0.001385
0.085765
0.10027
0.160056
0.32193900000000003
0.24235800000000002
0.257955
0.489185
0.440158
0.335793
0.22468000000000002
0.10094
0.018859
0.0
0.0
0.0
0.0
0.0
0.0
0.0
0.0
0.0
0.0
0.0
0.0025870000000000003
0.09226300000000001
0.14904699999999999
0.159549
0.10252599999999999
0.11874
0.125924
0.121432
0.231023
0.17548
0.20771799999999999
0.12548399999999998
0.021736000000000002
0.0
0.0
0.0
0.0
0.0
0.0
0.0
0.0
0.0
0.0
0.0
0.0
0.018338999999999998
0.097917
0.156137
0.10103
0.11737900000000001
0.26561399999999996
0.1212
0.230352
0.174603
0.119385
0.058463
0.010234
0.0
0.0
0.0
0.0
0.0
0.0
0.0
0.0
0.0
0.0
0.0
0.0038439999999999998
0.09120600000000001
0.14815299999999998
0.33322399999999996
0.535296
0.658293
0.662569
0.495615
0.518567
0.45481900000000003
0.319096
0.136828
0.023126999999999998
0.0
0.0
0.0
0.0
0.0
0.0
0.0
0.0
0.0
0.0
0.0
0.003424
0.06893300000000001
0.144248
0.158204
0.101325
0.250597
0.266783
0.258365
0.229543
0.17430400000000001
0.056436
0.02618
0.001811
0.0
0.0
0.0
0.0
0.0
0.0
0.0
0.0
0.0
0.0
0.0
0.0
0.017096
0.046473
0.0761
0.099908
0.115035
0.26069200000000003
0.118587
0.22326
0.16695400000000002
0.112042
0.05255
0.006293999999999999
0.0
0.0
0.0
0.0
0.0
0.0
0.0
0.0
0.0
0.0
0.0
0.0
0.036278
0.21460900000000002
0.39291899999999996
0.520524
0.6119600000000001
0.6727190000000001
0.649178
0.589563
0.467721
0.297087
0.117756
0.016204999999999997
0.0
0.0
0.0
0.0
0.0
0.0
0.0
0.0
0.0
0.0
0.0
0.002585
0.078781
0.207985
0.38498899999999997
0.511879
0.24280600000000002
0.48133800000000004
0.24814599999999998
0.208564
0.162799
0.10689
0.048237
0.00373
0.0
0.0
0.0
0.0
0.0
0.0
0.0
0.0
0.0
0.0
0.0
0.0
0.032621000000000004
0.088267
0.14549600000000001
0.37573
0.569597
0.650164
0.635002
0.563791
0.444095
0.282091
0.11245699999999999
0.006825
0.0
0.0
0.0
0.0
0.0
0.0
0.0
0.0
0.0
0.0
0.0
0.001137
0.058773000000000006
0.170618
0.28408100000000003
0.442985
0.572641
0.65095
0.629865
0.557021
0.438473
0.27849599999999997
0.10906
0.007963
0.0
0.0
0.0
0.0
0.0
0.0
0.0
0.0
0.0
0.0
0.0
0.0
0.044466
0.131334
0.145717
0.193762
0.226125
0.239554
0.464141
0.48271800000000004
0.41747300000000004
0.271982
0.104901
0.00617
0.0
0.0
0.0
0.0
0.0
0.0
0.0
0.0
0.0
0.0
0.0
0.0003
0.043536
0.13071100000000002
0.14538900000000002
0.09482800000000001
0.110347
0.11669700000000001
0.112731
0.098855
0.07575799999999999
0.09907200000000001
0.040680999999999995
0.0
0.0
0.0
0.0
0.0
0.0
0.0
0.0
0.0
0.0
0.0
0.0
0.0
0.062153
0.223762
0.381582
0.511082
0.536593
0.481743
0.466132
0.317364
0.307721
0.229143
0.07288299999999999
0.001996
0.0
0.0
0.0
0.0
0.0
0.0
0.0
0.0
0.0
0.0
0.0
0.0
0.012411
0.04032
0.06937900000000001
0.203487
0.23480099999999998
0.37201799999999996
0.360431
0.198756
0.153635
0.046083
0.017486
0.0
0.0
0.0
0.0
0.0
0.0
0.0
0.0
0.0
0.0
0.0
0.0
0.0
0.011237
0.038589
0.066456
0.08985699999999999
0.105533
0.111724
0.106796
0.20191
0.14647
0.09023600000000001
0.034663
0.0
0.0
0.0
0.0
0.0
0.0
0.0
0.0
0.0
0.0
0.0
0.0
0.0
0.024983
0.079181
0.13716
0.089722
0.104463
0.109762
0.105235
0.091527
0.069953
0.042326
0.014981
0.0
0.0
0.0
0.0
0.0
0.0
0.0
0.0
0.0
0.0
0.0
0.0
0.0
0.057705
0.19945
0.361834
0.512461
0.597369
0.5976079999999999
0.44061
0.188362
0.06960899999999999
0.041767000000000006
0.030803
0.0
0.0
0.0
0.0
0.0
0.0
0.0
0.0
0.0
0.0
0.0
0.0
0.0
0.009874
0.036637
0.064604
0.088458
0.104082
0.109039
0.105391
0.140292
0.141603
0.085441
0.029508
0.0
0.0
0.0
0.0
0.0
0.0
0.0
0.0
0.0
0.0
0.0
0.0
0.0
0.021754000000000003
0.075315
0.131752
0.176094
0.206926
0.217297
0.209994
0.290719
0.137852
0.082122
0.027679
0.0
0.0
0.0
0.0
0.0
0.0
0.0
0.0
0.0
0.0
0.0
0.0
0.0
0.008305
0.034991
0.062847
0.085478
0.22064699999999998
0.217983
0.20885900000000002
0.178824
0.210686
0.219825
0.026017
0.0
0.0
0.0
0.0
0.0
0.0
0.0
0.0
0.0
0.0
0.0
0.0
0.0
0.019148
0.070525
0.198397
0.175317
0.327049
0.44485399999999997
0.220449
0.17819
0.133077
0.19198099999999998
0.04632
0.0
0.0
0.0
0.0
0.0
0.0
0.0
0.0
0.0
0.0
0.0
0.0
0.0
0.007671
0.070605
0.061384
0.173709
0.098506
0.10443300000000001
0.218182
0.17530400000000002
0.13166
0.075987
0.022272
0.0
0.0
0.0
0.0
0.0
0.0
0.0
0.0
0.0
0.0
0.0
0.0
0.0
0.01799
0.069377
0.124801
0.169943
0.5365850000000001
0.225832
0.547962
0.508213
0.20202799999999999
0.11461
0.047749
0.0
0.0
0.0
0.0
0.0
0.0
0.0
0.0
0.0
0.0
0.0
0.0
0.0
0.016516
0.140643
0.249495
0.453583
0.528811
0.553153
0.40712
0.355351
0.246701
0.17319
0.028954
0.0
0.0
0.0
0.0
0.0
0.0
0.0
0.0
0.0
0.0
0.0
0.0
0.0
0.044448
0.192893
0.361373
0.473941
0.5285420000000001
0.583427
0.5455399999999999
0.45668200000000003
0.253211
0.107433
0.017524
0.0
0.0
0.0
0.0
0.0
0.0
0.0
0.0
0.0
0.0
0.0
0.0
0.0
0.014136
0.064969
0.272269
0.165864
0.193909
0.204656
0.192774
0.26734199999999997
0.122104
0.066527
0.01594
0.0
0.0
0.0
0.0
0.0
0.0
0.0
0.0
0.0
0.0
0.0
0.0
0.0
0.03976
0.19278
0.362556
0.490991
0.576038
0.605346
0.5815170000000001
0.49567500000000003
0.36391199999999996
0.19719
0.042145
0.0
0.0
0.0
0.0
0.0
0.0
0.0
0.0
0.0
0.0
0.0
0.0
0.0
0.019323
0.062168
0.295007
0.448246
0.564407
0.5921109999999999
0.565151
0.483933
0.35578899999999997
0.18859
0.038293999999999995
0.0
0.0
0.0
0.0
0.0
0.0
0.0
0.0
0.0
0.0
0.0
0.0
0.0
0.025362
0.057579
0.112938
0.349416
0.202653
0.19954
0.090382
0.07617499999999999
0.053170999999999996
0.026063
0.003213
0.0
0.0
0.0
0.0
0.0
0.0
0.0
0.0
0.0
0.0
0.0
0.0
0.0
0.002426
0.12999000000000002
0.050303
0.07291
0.18288900000000002
0.092612
0.182344
0.152121
0.10635800000000001
0.053075000000000004
0.012746
0.0
0.0
0.0
0.0
0.0
0.0
0.0
0.0
0.0
0.0
0.0
0.0
0.0
0.001676
0.024189
0.049396
0.072191
0.086179
0.090636
0.180103
0.148573
0.102714
0.050135
0.006923
0.0
0.0
0.0
0.0
0.0
0.0
0.0
0.0
0.0
0.0
0.0
0.0
0.0
0.006301
0.049565
0.10184900000000001
0.144862
0.28230900000000003
0.28112099999999995
0.365421
0.226489
0.205736
0.06973
0.009153
0.0
0.0
0.0
0.0
0.0
0.0
0.0
0.0
0.0
0.0
0.0
0.0
0.0
0.014488
0.103072
0.21503299999999997
0.372152
0.367776
0.464929
0.44536200000000004
0.23248500000000002
0.278276
0.146524
0.012686999999999999
0.0
0.0
0.0
0.0
0.0
0.0
0.0
0.0
0.0
0.0
0.0
0.0
0.0
0.012821999999999998
0.070115
0.100495
0.146681
0.278472
0.18714699999999998
0.277603
0.225409
0.09819499999999999
0.045244
0.006243
0.0
0.0
0.0
0.0
0.0
0.0
0.0
0.0
0.0
0.0
0.0
0.0
0.0
0.006465
0.098836
0.154017
0.068833
0.083073
0.185199
0.082327
0.068496
0.045536
0.019928
0.0
0.0
0.0
0.0
0.0
0.0
0.0
0.0
0.0
0.0
0.0
0.0
0.0
0.0
0.007989
0.045005
0.098092
0.144935
0.175814
0.186984
0.17601599999999998
0.142811
0.095102
0.019283
0.0016519999999999998
0.0
0.0
0.0
0.0
0.0
0.0
0.0
0.0
0.0
0.0
0.0
0.0
0.0
0.002148
0.044217
0.096067
0.14133500000000002
0.172371
0.182256
0.08133
0.06611700000000001
0.092331
0.018510000000000002
0.0
0.0
0.0
0.0
0.0
0.0
0.0
0.0
0.0
0.0
0.0
0.0
0.0
0.0
0.0015840000000000001
0.019133
0.093571
0.138542
0.080636
0.085476
0.079904
0.064716
0.042601
0.038509
0.001597
0.0
0.0
0.0
0.0
0.0
0.0
0.0
0.0
0.0
0.0
0.0
0.0
0.0
0.005022
0.12726200000000001
0.24848699999999999
0.360652
0.51328
0.456274
0.483116
0.290999
0.088881
0.095468
0.0
0.0
0.0
0.0
0.0
0.0
0.0
0.0
0.0
0.0
0.0
0.0
0.0
0.0
0.000275
0.039291
0.147803
0.137367
0.122411
0.08372199999999999
0.078128
0.06275
0.040465
0.015420999999999999
0.0
0.0
0.0
0.0
0.0
0.0
0.0
0.0
0.0
0.0
0.0
0.0
0.0
0.0
0.0
0.061189999999999994
0.227815
0.414557
0.508528
0.545994
0.508134
0.41092399999999996
0.267385
0.091947
0.00018099999999999998
0.0
0.0
0.0
0.0
0.0
0.0
0.0
0.0
0.0
0.0
0.0
0.0
0.0
0.003009
0.055886000000000005
0.251967
0.142417
0.258813
0.42835700000000004
0.49142399999999997
0.402853
0.244816
0.046174
0.0
0.0
0.0
0.0
0.0
0.0
0.0
0.0
0.0
0.0
0.0
0.0
0.0
0.0
0.0
0.034401
0.085085
0.334776
0.426259
0.430953
0.169638
0.126601
0.037062
0.013108999999999999
0.0
0.0
0.0
0.0
0.0
0.0
0.0
0.0
0.0
0.0
0.0
0.0
0.0
0.0
0.00031800000000000003
0.033955
0.139496
0.334731
0.470719
0.484738
0.452262
0.134295
0.077742
0.04208
0.0
0.0
0.0
0.0
0.0
0.0
0.0
0.0
0.0
0.0
0.0
0.0
0.0
0.0
0.0
0.048253
0.13207400000000002
0.127995
0.157487
0.166716
0.343271
0.125044
0.17011199999999999
0.055796
0.0
0.0
0.0
0.0
0.0
0.0
0.0
0.0
0.0
0.0
0.0
0.0
0.0
0.0
0.0
0.013179999999999999
0.037393
0.057866999999999995
0.07108
0.16056299999999998
0.14694900000000002
0.11631699999999999
0.07132
0.023279
0.0
0.0
0.0
0.0
0.0
0.0
0.0
0.0
0.0
0.0
0.0
0.0
0.0
0.0
0.0
0.043707
0.172108
0.32599700000000004
0.244626
0.45119
0.250218
0.117025
0.160773
0.047848
0.0
0.0
0.0
0.0
0.0
0.0
0.0
0.0
0.0
0.0
0.0
0.0
0.0
0.0
0.0
0.027937
0.075974
0.27582999999999996
0.444602
0.17388800000000001
0.23869200000000002
0.18535
0.069033
0.032662
0.0
0.0
0.0
0.0
0.0
0.0
0.0
0.0
0.0
0.0
0.0
0.0
0.0
0.0
0.0
0.062988
0.195997
0.320777
0.319212
0.324481
0.300517
0.361613
0.17747200000000002
0.051535
0.0
0.0
0.0
0.0
0.0
0.0
0.0
0.0
0.0
0.0
0.0
0.0
0.0
0.0
0.000149
0.095077
0.072369
0.117233
0.146207
0.154934
0.142291
0.18151
0.19583
0.06259100000000001
0.0
0.0
0.0
0.0
0.0
0.0
0.0
0.0
0.0
0.0
0.0
0.0
0.0
0.0
0.00015099999999999998
0.010683
0.23557599999999998
0.39127
0.48416000000000003
0.508025
0.47057299999999996
0.369743
0.225218
0.058052
0.0
0.0
0.0
0.0
0.0
0.0
0.0
0.0
0.0
0.0
0.0
0.0
0.0
0.0
0.0
0.022624
0.032227
0.051965000000000004
0.151495
0.149955
0.34884699999999996
0.346892
0.217057
0.045994999999999994
0.0
0.0
0.0
0.0
0.0
0.0
0.0
0.0
0.0
0.0
0.0
0.0
0.0
0.0
0.0
0.091631
0.068342
0.052026
0.065551
0.069645
0.063751
0.048943
0.02755
0.005634999999999999
0.0
0.0
0.0
0.0
0.0
0.0
0.0
0.0
0.0
0.0
0.0
0.0
0.0
0.0
0.0
0.007771
0.06380899999999999
0.049059
0.06289800000000001
0.154179
0.352
0.33448
0.20467500000000002
0.044259
0.0
0.0
0.0
0.0
0.0
0.0
0.0
0.0
0.0
0.0
0.0
0.0
0.0
0.0
0.0
0.0070940000000000005
0.028934
0.048420000000000005
0.061073999999999996
0.140019
0.355828
0.342841
0.199505
0.041101
0.0
0.0
0.0
0.0
0.0
0.0
0.0
0.0
0.0
0.0
0.0
0.0
0.0
0.0
0.0
0.058343000000000006
0.2268
0.31766
0.372077
0.375485
0.34682
0.277171
0.17195
0.032185000000000005
0.0
0.0
0.0
0.0
0.0
0.0
0.0
0.0
0.0
0.0
0.0
0.0
0.0
0.0
0.0
0.057296
0.22313
0.363587
0.449461
0.48129500000000003
0.421332
0.333881
0.184468
0.031529
0.0
0.0
0.0
0.0
0.0
0.0
0.0
0.0
0.0
0.0
0.0
0.0
0.0
0.0
0.0
0.022204
0.058641
0.09959399999999999
0.12855
0.137553
0.125356
0.043439
0.049143
0.007898
0.0
0.0
0.0
0.0
0.0
0.0
0.0
0.0
0.0
0.0
0.0
0.0
0.0
0.0
0.0
0.047442
0.18588
0.319791
0.358283
0.360694
0.21047200000000002
0.152345
0.10470099999999999
0.010276
0.0
0.0
0.0
0.0
0.0
0.0
0.0
0.0
0.0
0.0
0.0
0.0
0.0
0.0
0.0
0.011941
0.024269
0.094117
0.121585
0.129791
0.053869999999999994
0.039531
0.020024999999999998
0.000769
0.0
0.0
0.0
0.0
0.0
0.0
0.0
0.0
0.0
0.0
0.0
0.0
0.0
0.0
0.0
0.033844
0.178112
0.330349
0.411178
0.40987599999999996
0.37888299999999997
0.298413
0.07121899999999999
0.004227000000000001
0.0
0.0
0.0
0.0
0.0
0.0
0.0
0.0
0.0
0.0
0.0
0.0
0.0
0.0
0.0
0.014558
0.08220699999999999
0.089976
0.11858400000000001
0.126026
0.26794999999999997
0.27872800000000003
0.164325
0.014804
0.0
0.0
0.0
0.0
0.0
0.0
0.0
0.0
0.0
0.0
0.0
0.0
0.0
0.0
0.0
0.002568
0.022183
0.041113
0.203567
0.405802
0.387817
0.079497
0.13841599999999998
0.0028090000000000003
0.0
0.0
0.0
0.0
0.0
0.0
0.0
0.0
0.0
0.0
0.0
0.0
0.0
0.0
0.0
0.0017529999999999998
0.021263
0.04007
0.197275
0.320875
0.107097
0.07797899999999999
0.038193
0.001655
0.0
0.0
0.0
0.0
0.0
0.0
0.0
0.0
0.0
0.0
0.0
0.0
0.0
0.0
0.0
0.0009130000000000001
0.020236
0.038405999999999996
0.051124
0.055124
0.049384
0.07711499999999999
0.036631
0.0
0.0
0.0
0.0
0.0
0.0
0.0
0.0
0.0
0.0
0.0
0.0
0.0
0.0
0.0
0.0
0.0008539999999999999
0.154601
0.315104
0.399017
0.401794
0.365481
0.285355
0.141446
0.006771
0.0
0.0
0.0
0.0
0.0
0.0
0.0
0.0
0.0
0.0
0.0
0.0
0.0
0.0
0.0
0.017282
0.141185
0.28214999999999996
0.358396
0.203213
0.235607
0.072882
0.033731000000000004
0.000241
0.0
0.0
0.0
0.0
0.0
0.0
0.0
0.0
0.0
0.0
0.0
0.0
0.0
0.0
0.0
0.015220000000000001
0.13006600000000001
0.132601
0.10401
0.11245999999999999
0.099429
0.070549
0.031823
0.0015940000000000001
0.0
0.0
0.0
0.0
0.0
0.0
0.0
0.0
0.0
0.0
0.0
0.0
0.0
0.0
0.0
0.002817
0.037822
0.076265
0.102604
0.11092199999999999
0.09840900000000001
0.069336
0.048912
0.0
0.0
0.0
0.0
0.0
0.0
0.0
0.0
0.0
0.0
0.0
0.0
0.0
0.0
0.0
0.0
0.0
0.016559
0.034853999999999996
0.046767
0.050842
0.045094999999999996
0.032289
0.013305999999999998
0.0007880000000000001
0.0
0.0
0.0
0.0
0.0
0.0
0.0
0.0
0.0
0.0
0.0
0.0
0.0
0.0
0.0
0.006602
0.137776
0.28969
0.390177
0.385372
0.348401
0.276656
0.126228
0.0037730000000000003
0.0
0.0
0.0
0.0
0.0
0.0
0.0
0.0
0.0
0.0
0.0
0.0
0.0
0.0
0.0
0.002442
0.09705200000000001
0.17969
0.17506899999999997
0.19111
0.298008
0.263702
0.118044
0.003354
0.0
0.0
0.0
0.0
0.0
0.0
0.0
0.0
0.0
0.0
0.0
0.0
0.0
0.0
0.0
0.0063739999999999995
0.133328
0.289193
0.397043
0.423363
0.354979
0.281218
0.118922
0.0028940000000000003
0.0
0.0
0.0
0.0
0.0
0.0
0.0
0.0
0.0
0.0
0.0
0.0
0.0
0.0
0.0
0.0
0.013545
0.067949
0.094845
0.10329300000000001
0.159054
0.154106
0.07337300000000001
0.0017829999999999999
0.0
0.0
0.0
0.0
0.0
0.0
0.0
0.0
0.0
0.0
0.0
0.0
0.0
0.0
0.0
0.0
0.029515
0.117006
0.09389
0.254239
0.09077800000000001
0.062380000000000005
0.024184
0.0
0.0
0.0
0.0
0.0
0.0
0.0
0.0
0.0
0.0
0.0
0.0
0.0
0.0
0.0
0.0
0.0
0.13520500000000002
0.26914699999999997
0.358546
0.046845
0.041201
0.061631
0.037723
0.001496
0.0
0.0
0.0
0.0
0.0
0.0
0.0
0.0
0.0
0.0
0.0
0.0
0.0
0.0
0.0
0.0
0.027842
0.065371
0.092999
0.101378
0.08887600000000001
0.060654000000000007
0.009573
0.0
0.0
0.0
0.0
0.0
0.0
0.0
0.0
0.0
0.0
0.0
0.0
0.0
0.0
0.0
0.0
0.0
0.025256
0.061937
0.087592
0.096918
0.061933
0.026061
0.008728999999999999
0.0
0.0
0.0
0.0
0.0
0.0
0.0
0.0
0.0
0.0
0.0
0.0
0.0
0.0
0.0
0.0
0.0
0.010295
0.027663
0.038740000000000004
0.09515699999999999
0.038081000000000004
0.025291
0.019974
0.0
0.0
0.0
0.0
0.0
0.0
0.0
0.0
0.0
0.0
0.0
0.0
0.0
0.0
0.0
0.0
0.001054
0.112963
0.197864
0.318972
0.34771199999999997
0.311603
0.18786699999999998
0.077284
0.0
0.0
0.0
0.0
0.0
0.0
0.0
0.0
0.0
0.0
0.0
0.0
0.0
0.0
0.0
0.0
0.0
0.035222
0.205807
0.08394499999999999
0.16278399999999998
0.247219
0.230869
0.053605
6.900000000000001e-05
0.0
0.0
0.0
0.0
0.0
0.0
0.0
0.0
0.0
0.0
0.0
0.0
0.0
0.0
0.0
0.000625
0.070619
0.24065199999999998
0.32296600000000003
0.360045
0.316444
0.224628
0.081414
0.0
0.0
0.0
0.0
0.0
0.0
0.0
0.0
0.0
0.0
0.0
0.0
0.0
0.0
0.0
0.0
0.0006820000000000001
0.092654
0.09904600000000001
0.302596
0.219734
0.081182
0.053607
0.017232
0.0
0.0
0.0
0.0
0.0
0.0
0.0
0.0
0.0
0.0
0.0
0.0
0.0
0.0
0.0
0.0
0.0
0.007083
0.023506
0.034574
0.038291
0.03431
0.02239
0.006158
0.0
0.0
0.0
0.0
0.0
0.0
0.0
0.0
0.0
0.0
0.0
0.0
0.0
0.0
0.0
0.0
0.0
0.006919
0.022427
0.034203000000000004
0.038153
0.073624
0.048524
0.014755
0.0
0.0
0.0
0.0
0.0
0.0
0.0
0.0
0.0
0.0
0.0
0.0
0.0
0.0
0.0
0.0
0.0
0.006287
0.021886
0.033835000000000004
0.037817
0.033752000000000004
0.021815
0.005467
0.0
0.0
0.0
0.0
0.0
0.0
0.0
0.0
0.0
0.0
0.0
0.0
0.0
0.0
0.0
0.0
0.0
0.005624
0.022084
0.033201999999999995
0.082349
0.07278799999999999
0.047362
0.014095
0.0
0.0
0.0
0.0
0.0
0.0
0.0
0.0
0.0
0.0
0.0
0.0
0.0
0.0
0.0
0.0
0.0
0.047603
0.047333
0.07209499999999999
0.27812200000000004
0.29977
0.129599
0.043637999999999996
0.0
0.0
0.0
0.0
0.0
0.0
0.0
0.0
0.0
0.0
0.0
0.0
0.0
0.0
0.0
0.0
0.0
0.046042
0.12920099999999998
0.12818700000000002
0.14424
0.182925
0.16539500000000001
0.057343000000000005
0.0
0.0
0.0
0.0
0.0
0.0
0.0
0.0
0.0
0.0
0.0
0.0
0.0
0.0
0.0
0.0
0.0
0.017654
0.054383
0.082088
0.040753
0.083008
0.054378
0.017546
0.0
0.0
0.0
0.0
0.0
0.0
0.0
0.0
0.0
0.0
0.0
0.0
0.0
0.0
0.0
0.0
0.0
0.006139
0.022841999999999998
0.034917000000000004
0.039661999999999996
0.035618000000000004
0.02357
0.006846
0.0
0.0
0.0
0.0
0.0
0.0
0.0
0.0
0.0
0.0
0.0
0.0
0.0
0.0
0.0
0.0
0.0
0.006019
0.022753
0.034704
0.03864
0.07993600000000001
0.150763
0.016488
0.0
0.0
0.0
0.0
0.0
0.0
0.0
0.0
0.0
0.0
0.0
0.0
0.0
0.0
0.0
0.0
0.0
0.07576999999999999
0.15435400000000002
0.277676
0.24609
0.26029199999999997
0.20394
0.09585500000000001
0.0
0.0
0.0
0.0
0.0
0.0
0.0
0.0
0.0
0.0
0.0
0.0
0.0
0.0
0.0
0.0
0.0
0.013911
0.105254
0.14652
0.088525
0.24807099999999999
0.244331
0.098018
0.0
0.0
0.0
0.0
0.0
0.0
0.0
0.0
0.0
0.0
0.0
0.0
0.0
0.0
0.0
0.0
0.0
0.040438
0.04925
0.148398
0.33187900000000004
0.342751
0.050737000000000004
0.014751
0.0
0.0
0.0
0.0
0.0
0.0
0.0
0.0
0.0
0.0
0.0
0.0
0.0
0.0
0.0
0.0
0.0
0.012034000000000001
0.048841
0.148173
0.340714
0.352604
0.054111
0.070395
0.0
0.0
0.0
0.0
0.0
0.0
0.0
0.0
0.0
0.0
0.0
0.0
0.0
0.0
0.0
0.0
0.0
0.003815
0.021178000000000002
0.034387999999999995
0.038453
0.034244
0.022642
0.005475
0.0
0.0
0.0
0.0
0.0
0.0
0.0
0.0
0.0
0.0
0.0
0.0
0.0
0.0
0.0
0.0
0.0
0.0036509999999999997
0.021057
0.033362
0.038308
0.034237000000000004
0.051278
0.015174
0.0
0.0
0.0
0.0
0.0
0.0
0.0
0.0
0.0
0.0
0.0
0.0
0.0
0.0
0.0
0.0
0.0
0.003505
0.020178
0.033280000000000004
0.038244
0.034079
0.022506
0.005354
0.0
0.0
0.0
0.0
0.0
0.0
0.0
0.0
0.0
0.0
0.0
0.0
0.0
0.0
0.0
0.0
0.0
0.0026360000000000003
0.019855
0.032024000000000004
0.036849
0.032794
0.021418
0.00526
0.0
0.0
0.0
0.0
0.0
0.0
0.0
0.0
0.0
0.0
0.0
0.0
0.0
0.0
0.0
0.0
0.0
0.040187
0.174332
0.216589
0.32759
0.27065
0.049421999999999994
0.013839
0.0
0.0
0.0
0.0
0.0
0.0
0.0
0.0
0.0
0.0
0.0
0.0
0.0
0.0
0.0
0.0
0.0
0.0078
0.043942
0.14162200000000003
0.036043
0.076068
0.049565
0.013885999999999999
0.0
0.0
0.0
0.0
0.0
0.0
0.0
0.0
0.0
0.0
0.0
0.0
0.0
0.0
0.0
0.0
0.0
0.044551
0.167877
0.325747
0.295248
0.090832
0.049796999999999994
0.01399
0.0
0.0
0.0
0.0
0.0
0.0
0.0
0.0
0.0
0.0
0.0
0.0
0.0
0.0
0.0
0.0
0.0
0.006542
0.04201
0.071206
0.083225
0.074551
0.021555
0.005274
0.0
0.0
0.0
0.0
0.0
0.0
0.0
0.0
0.0
0.0
0.0
0.0
0.0
0.0
0.0
0.0
0.0
0.006517
0.042927
0.284221
0.161829
0.305143
0.25733100000000003
0.029033999999999997
0.0
0.0
0.0
0.0
0.0
0.0
0.0
0.0
0.0
0.0
0.0
0.0
0.0
0.0
0.0
0.0
0.0
0.021671
0.11045
0.07207899999999999
0.036887
0.032859
0.022062000000000002
0.0143
0.0
0.0
0.0
0.0
0.0
0.0
0.0
0.0
0.0
0.0
0.0
0.0
0.0
0.0
0.0
0.0
0.0
0.005325
0.042095
0.031109
0.036061
0.033542
0.021983
0.014287000000000001
0.0
0.0
0.0
0.0
0.0
0.0
0.0
0.0
0.0
0.0
0.0
0.0
0.0
0.0
0.0
0.0
0.0
0.000382
0.017852
0.030985
0.03591
0.032646
0.021861000000000002
0.005418999999999999
0.0
0.0
0.0
0.0
0.0
0.0
0.0
0.0
0.0
0.0
0.0
0.0
0.0
0.0
0.0
0.0
0.0
0.0001
0.016550000000000002
0.029436
0.035075
0.03185
0.02057
0.005248
0.0
0.0
0.0
0.0
0.0
0.0
0.0
0.0
0.0
0.0
0.0
0.0
0.0
0.0
0.0
0.0
0.0
0.003621
0.107299
0.267031
0.157155
0.239756
0.22805
0.07712300000000001
0.0
0.0
0.0
0.0
0.0
0.0
0.0
0.0
0.0
0.0
0.0
0.0
0.0
0.0
0.0
0.0
0.0
0.0
0.016286000000000002
0.0282
0.033802
0.030608
0.020236
0.005155
0.0
0.0
0.0
0.0
0.0
0.0
0.0
0.0
0.0
0.0
0.0
0.0
0.0
0.0
0.0
0.0
0.0
0.0
0.01638
0.067343
0.079566
0.072333
0.047774000000000004
0.014644
0.0
0.0
0.0
0.0
0.0
0.0
0.0
0.0
0.0
0.0
0.0
0.0
0.0
0.0
0.0
0.0
0.0
0.0
0.016478000000000003
0.029316
0.034185
0.074094
0.049149
0.0053230000000000005
0.0
0.0
0.0
0.0
0.0
0.0
0.0
0.0
0.0
0.0
0.0
0.0
0.0
0.0
0.0
0.0
0.0
0.0031880000000000003
0.038232999999999996
0.067631
0.080898
0.031890999999999996
0.021367
0.006093
0.0
0.0
0.0
0.0
0.0
0.0
0.0
0.0
0.0
0.0
0.0
0.0
0.0
0.0
0.0
0.0
0.0
0.003251
0.016689
0.029617
0.035272
0.032108
0.021550999999999997
0.006157
0.0
0.0
0.0
0.0
0.0
0.0
0.0
0.0
0.0
0.0
0.0
0.0
0.0
0.0
0.0
0.0
0.0
0.027346
0.150786
0.25479599999999997
0.09059600000000001
0.075132
0.209613
0.056497
0.0
0.0
0.0
0.0
0.0
0.0
0.0
0.0
0.0
0.0
0.0
0.0
0.0
0.0
0.0
0.0
0.0
0.025425999999999997
0.038548
0.06775199999999999
0.082041
0.075137
0.05117
0.016767
0.0
0.0
0.0
0.0
0.0
0.0
0.0
0.0
0.0
0.0
0.0
0.0
0.0
0.0
0.0
0.0
0.0
0.0030470000000000002
0.015441
0.028977
0.034706
0.032396999999999995
0.022004000000000003
0.006884
0.0
0.0
0.0
0.0
0.0
0.0
0.0
0.0
0.0
0.0
0.0
0.0
0.0
0.0
0.0
0.0
0.0
0.026943
0.150367
0.324613
0.362681
0.343899
0.25982299999999997
0.043386
0.0
0.0
0.0
0.0
0.0
0.0
0.0
0.0
0.0
0.0
0.0
0.0
0.0
0.0
0.0
0.0
0.0
0.003282
0.038506
0.06919499999999999
0.159879
0.07803199999999999
0.053632
0.007067
0.0
0.0
0.0
0.0
0.0
0.0
0.0
0.0
