0.0
0.0
0.0
0.0
0.0
0.0
0.011954000000000001
0.160102
0.3434
0.525379
0.556431
0.708219
0.731032
0.700418
0.620797
0.497906
0.294011
0.093867
0.0
0.0
0.0
0.0
0.0
0.0
0.0
0.0
0.0
0.0
0.0
0.0
0.019177
0.19123400000000002
0.345247
0.5399489999999999
0.575924
0.722026
0.762301
0.72245
0.677713
0.564575
0.360513
0.142124
0.000865
0.0
0.0
0.0
0.0
0.0
0.0
0.0
0.0
0.0
0.0
0.0
0.007706
0.124342
0.13622900000000002
0.315972
0.529956
0.640937
0.759217
0.635097
0.449415
0.542832
0.343395
0.161298
0.0027879999999999997
0.0
0.0
0.0
0.0
0.0
0.0
0.0
0.0
0.0
0.0
0.0
0.007636
0.126225
0.15569
0.505434
0.58429
0.645145
0.597321
0.613468
0.500779
0.47036399999999995
0.284479
0.093404
0.0
0.0
0.0
0.0
0.0
0.0
0.0
0.0
0.0
0.0
0.0
0.0
0.008913
0.12205500000000001
0.31594099999999997
0.538772
0.652517
0.746801
0.750479
0.725666
0.638768
0.510228
0.322346
0.111439
0.0
0.0
0.0
0.0
0.0
0.0
0.0
0.0
0.0
0.0
0.0
0.0
0.007352
0.142666
0.34654199999999996
0.431594
0.651701
0.679296
0.764691
0.713431
0.634688
0.460815
0.308671
0.10464
0.0
0.0
0.0
0.0
0.0
0.0
0.0
0.0
0.0
0.0
0.0
0.0
0.009914
0.148361
0.361966
0.538648
0.638765
0.759152
0.713977
0.601457
0.5681090000000001
0.529446
0.342412
0.121374
0.0
0.0
0.0
0.0
0.0
0.0
0.0
0.0
0.0
0.0
0.0
0.0
0.011176
0.123617
0.255591
0.5328959999999999
0.629904
0.5366879999999999
0.344717
0.500115
0.322094
0.453287
0.252864
0.097484
0.0006879999999999999
0.0
0.0
0.0
0.0
0.0
0.0
0.0
0.0
0.0
0.0
0.0
0.009811
0.104164
0.394531
0.340254
0.660322
0.557476
0.819909
0.774358
0.5785220000000001
0.539596
0.34586700000000004
0.157541
0.005128
0.0
0.0
0.0
0.0
0.0
0.0
0.0
0.0
0.0
0.0
0.0
0.007046
0.124711
0.192222
0.366506
0.443782
0.567677
0.7090299999999999
0.700068
0.6371100000000001
0.509781
0.34889800000000004
0.13952799999999999
0.0005669999999999999
0.0
0.0
0.0
0.0
0.0
0.0
0.0
0.0
0.0
0.0
0.0
0.005683
0.163099
0.304955
0.40829000000000004
0.462252
0.7675
0.75912
0.7271219999999999
0.6505380000000001
0.537087
0.348326
0.142153
0.0005639999999999999
0.0
0.0
0.0
0.0
0.0
0.0
0.0
0.0
0.0
0.0
0.0
0.006715
0.166319
0.35009500000000005
0.421006
0.5395829999999999
0.690006
0.700338
0.7180489999999999
0.629987
0.533019
0.32885000000000003
0.0989
0.0009809999999999999
0.0
0.0
0.0
0.0
0.0
0.0
0.0
0.0
0.0
0.0
0.0
0.0045449999999999996
0.106916
0.272489
0.355505
0.6343880000000001
0.6034919999999999
0.747402
0.7011689999999999
0.473894
0.458041
0.22481600000000002
0.074387
0.0
0.0
0.0
0.0
0.0
0.0
0.0
0.0
0.0
0.0
0.0
0.0
0.012536
0.16487000000000002
0.349685
0.389324
0.582037
0.723577
0.681898
0.5265230000000001
0.611125
0.46196800000000005
0.261485
0.04570900000000001
0.001688
0.0
0.0
0.0
0.0
0.0
0.0
0.0
0.0
0.0
0.0
0.0
0.007029
0.179938
0.38940800000000003
0.501622
0.619552
0.70837
0.756612
0.713692
0.652285
0.5433150000000001
0.394878
0.158548
0.003144
0.0
0.0
0.0
0.0
0.0
0.0
0.0
0.0
0.0
0.0
0.0
0.004386
0.15272300000000003
0.35178699999999996
0.5220670000000001
0.623761
0.7489439999999999
0.753931
0.7417509999999999
0.53852
0.51659
0.32154000000000005
0.11281000000000001
0.000742
0.0
0.0
0.0
0.0
0.0
0.0
0.0
0.0
0.0
0.0
0.0
0.005784
0.123986
0.26574000000000003
0.470696
0.493759
0.648995
0.677963
0.701379
0.29653500000000005
0.224242
0.290185
0.133041
0.00357
0.0
0.0
0.0
0.0
0.0
0.0
0.0
0.0
0.0
0.0
0.0
0.002817
0.116427
0.221644
0.465509
0.558104
0.614921
0.666177
0.69398
0.6263139999999999
0.5163669999999999
0.337274
0.134378
0.0014570000000000002
0.0
0.0
0.0
0.0
0.0
0.0
0.0
0.0
0.0
0.0
0.0
0.004868
0.14765
0.30039499999999997
0.438728
0.643539
0.742261
0.7719400000000001
0.585222
0.645297
0.508839
0.41239299999999995
0.16590100000000002
0.006222
0.0
0.0
0.0
0.0
0.0
0.0
0.0
0.0
0.0
0.0
0.0
0.006816
0.10974500000000001
0.131586
0.46920100000000003
0.485628
0.557903
0.624285
0.737958
0.679759
0.460482
0.366226
0.178842
0.005344000000000001
0.0
0.0
0.0
0.0
0.0
0.0
0.0
0.0
0.0
0.0
0.0
0.0033309999999999998
0.158964
0.31944900000000004
0.45108
0.698736
0.67837
0.684376
0.713375
0.593041
0.418527
0.35453199999999996
0.129363
0.00158
0.0
0.0
0.0
0.0
0.0
0.0
0.0
0.0
0.0
0.0
0.0
0.001691
0.081456
0.23396799999999998
0.457766
0.533111
0.522251
0.667178
0.6228640000000001
0.546875
0.426969
0.334648
0.148897
0.003143
0.0
0.0
0.0
0.0
0.0
0.0
0.0
0.0
0.0
0.0
0.0
0.002181
0.073512
0.17533500000000002
0.305407
0.483947
0.457325
0.75714
0.677082
0.639089
0.473402
0.293157
0.08399899999999999
0.000912
0.0
0.0
0.0
0.0
0.0
0.0
0.0
0.0
0.0
0.0
0.0
0.004678
0.08804300000000001
0.201237
0.278103
0.407163
0.5379349999999999
0.426949
0.572722
0.517397
0.41313
0.329512
0.181591
0.008103999999999998
0.0
0.0
0.0
0.0
0.0
0.0
0.0
0.0
0.0
0.0
0.0
0.006674
0.101732
0.348023
0.373303
0.601187
0.6255149999999999
0.799573
0.748575
0.695609
0.5678909999999999
0.38259699999999996
0.189886
0.007084
0.0
0.0
0.0
0.0
0.0
0.0
0.0
0.0
0.0
0.0
0.0
0.004625
0.133732
0.347596
0.495242
0.6451870000000001
0.659173
0.793665
0.693228
0.6973339999999999
0.558611
0.380226
0.11003199999999999
0.0036680000000000003
0.0
0.0
0.0
0.0
0.0
0.0
0.0
0.0
0.0
0.0
0.0
0.005021
0.105762
0.296059
0.334188
0.505097
0.539779
0.5221290000000001
0.562098
0.576407
0.42684500000000003
0.28239600000000004
0.167035
0.0077610000000000005
0.0
0.0
0.0
0.0
0.0
0.0
0.0
0.0
0.0
0.0
0.0
0.001692
0.103607
0.30276400000000003
0.48451299999999997
0.619085
0.6995629999999999
0.7424120000000001
0.679732
0.6187619999999999
0.522002
0.32498
0.107359
0.001716
0.0
0.0
0.0
0.0
0.0
0.0
0.0
0.0
0.0
0.0
0.0
0.001246
0.088858
0.254355
0.428586
0.7045370000000001
0.63963
0.7326280000000001
0.637787
0.6042430000000001
0.546702
0.383858
0.152681
0.005684
0.0
0.0
0.0
0.0
0.0
0.0
0.0
0.0
0.0
0.0
0.0
0.001373
0.135838
0.307714
0.460005
0.53006
0.7245539999999999
0.654959
0.70792
0.6192730000000001
0.509757
0.344246
0.153172
0.0021669999999999997
0.0
0.0
0.0
0.0
0.0
0.0
0.0
0.0
0.0
0.0
0.0
0.000886
0.040203
0.202911
0.24803299999999998
0.31927300000000003
0.449812
0.6209260000000001
0.585905
0.669361
0.47852999999999996
0.302385
0.133416
0.004526
0.0
0.0
0.0
0.0
0.0
0.0
0.0
0.0
0.0
0.0
0.0
0.0034609999999999997
0.12348300000000001
0.235183
0.188462
0.45095100000000005
0.556594
0.634478
0.668928
0.596841
0.5136799999999999
0.379564
0.169573
0.00264
0.0
0.0
0.0
0.0
0.0
0.0
0.0
0.0
0.0
0.0
0.0
0.001332
0.144719
0.221085
0.420577
0.509202
0.43667
0.630841
0.7563
0.515853
0.47304399999999996
0.246794
0.142757
0.002301
0.0
0.0
0.0
0.0
0.0
0.0
0.0
0.0
0.0
0.0
0.0
0.003124
0.13021000000000002
0.312288
0.5193139999999999
0.650282
0.728676
0.761931
0.68357
0.6269640000000001
0.5335080000000001
0.365113
0.174527
0.004638
0.0
0.0
0.0
0.0
0.0
0.0
0.0
0.0
0.0
0.0
0.0
0.000955
0.112276
0.235883
0.300785
0.49784300000000004
0.743534
0.714985
0.595044
0.672519
0.46936
0.410289
0.18448900000000001
0.006574
0.0
0.0
0.0
0.0
0.0
0.0
0.0
0.0
0.0
0.0
0.0
0.001813
0.135784
0.26325299999999996
0.412007
0.585831
0.736146
0.729012
0.700773
0.661785
0.541089
0.386122
0.163613
0.004881
0.0
0.0
0.0
0.0
0.0
0.0
0.0
0.0
0.0
0.0
0.0
0.001537
0.133314
0.25324
0.35185700000000003
0.453794
0.633345
0.6147480000000001
0.6775650000000001
0.658473
0.518687
0.367221
0.14432
0.0028399999999999996
0.0
0.0
0.0
0.0
0.0
0.0
0.0
0.0
0.0
0.0
0.0
0.001811
0.076095
0.275234
0.426789
0.580305
0.7292150000000001
0.721475
0.652251
0.5923619999999999
0.518068
0.36699
0.156827
0.004552
0.0
0.0
0.0
0.0
0.0
0.0
0.0
0.0
0.0
0.0
0.0
0.002454
0.135189
0.27005900000000005
0.403844
0.6149410000000001
0.688495
0.713204
0.668988
0.655499
0.453522
0.326308
0.11968300000000001
0.002634
0.0
0.0
0.0
0.0
0.0
0.0
0.0
0.0
0.0
0.0
0.0
0.001165
0.093574
0.28039400000000003
0.527968
0.5987680000000001
0.721953
0.681314
0.758402
0.596976
0.43332600000000004
0.33690800000000004
0.13474
0.004178
0.0
0.0
0.0
0.0
0.0
0.0
0.0
0.0
0.0
0.0
0.0
0.0022429999999999998
0.078295
0.295828
0.5138769999999999
0.595765
0.617191
0.686863
0.730562
0.5595829999999999
0.5808390000000001
0.381338
0.15953399999999998
0.005973
0.0
0.0
0.0
0.0
0.0
0.0
0.0
0.0
0.0
0.0
0.0
0.001269
0.117923
0.302846
0.49514199999999997
0.529789
0.692499
0.681198
0.64523
0.637854
0.417754
0.333943
0.121801
0.002157
0.0
0.0
0.0
0.0
0.0
0.0
0.0
0.0
0.0
0.0
0.0
0.000987
0.081925
0.31044700000000003
0.416811
0.6349109999999999
0.662258
0.7482380000000001
0.715973
0.602271
0.41297500000000004
0.375913
0.158817
0.00439
0.0
0.0
0.0
0.0
0.0
0.0
0.0
0.0
0.0
0.0
0.0
0.0
0.041851
0.100491
0.16659200000000002
0.09756699999999999
0.18976400000000002
0.6096480000000001
0.653412
0.652134
0.522418
0.384288
0.16855
0.006268
0.0
0.0
0.0
0.0
0.0
0.0
0.0
0.0
0.0
0.0
0.0
0.0011240000000000002
0.09962
0.21887600000000001
0.486854
0.529449
0.396663
0.45811399999999997
0.554156
0.434247
0.43829700000000005
0.23767500000000003
0.08472199999999999
0.002568
0.0
0.0
0.0
0.0
0.0
0.0
0.0
0.0
0.0
0.0
0.0
0.002383
0.14277
0.348643
0.5299349999999999
0.6539389999999999
0.6560320000000001
0.7290639999999999
0.71816
0.620897
0.464845
0.34344600000000003
0.155909
0.00383
0.0
0.0
0.0
0.0
0.0
0.0
0.0
0.0
0.0
0.0
0.0
0.005126
0.15306299999999998
0.361889
0.507784
0.6714629999999999
0.703247
0.75691
0.6536000000000001
0.673018
0.49787400000000004
0.357195
0.159342
0.007182
0.0
0.0
0.0
0.0
0.0
0.0
0.0
0.0
0.0
0.0
0.0
0.002516
0.08946899999999999
0.303163
0.30524
0.567742
0.506279
0.569973
0.484904
0.569955
0.361456
0.273285
0.117575
0.001821
0.0
0.0
0.0
0.0
0.0
0.0
0.0
0.0
0.0
0.0
0.0
0.001802
0.13214599999999999
0.334843
0.423328
0.48892899999999995
0.704259
0.645758
0.574219
0.638426
0.519437
0.312969
0.123962
0.001637
0.0
0.0
0.0
0.0
0.0
0.0
0.0
0.0
0.0
0.0
0.0
0.000992
0.085283
0.205662
0.5088670000000001
0.623938
0.705914
0.739366
0.7247039999999999
0.653835
0.541965
0.343462
0.12492
0.0025960000000000002
0.0
0.0
0.0
0.0
0.0
0.0
0.0
0.0
0.0
0.0
0.0
0.0028090000000000003
0.13544
0.218214
0.400517
0.68896
0.659573
0.71177
0.510296
0.593189
0.507316
0.25402199999999997
0.10630200000000001
0.001555
0.0
0.0
0.0
0.0
0.0
0.0
0.0
0.0
0.0
0.0
0.0
0.003988
0.128155
0.29983
0.482435
0.507088
0.6091660000000001
0.6194379999999999
0.735956
0.638153
0.462187
0.386816
0.166459
0.003357
0.0
0.0
0.0
0.0
0.0
0.0
0.0
0.0
0.0
0.0
0.0
0.00174
0.13339099999999998
0.30241
0.47381599999999996
0.621814
0.737687
0.7408859999999999
0.7661330000000001
0.65872
0.545486
0.38500599999999996
0.170103
0.005178
0.0
0.0
0.0
0.0
0.0
0.0
0.0
0.0
0.0
0.0
0.0
0.002381
0.131085
0.30768599999999996
0.419943
0.5526040000000001
0.7109679999999999
0.697386
0.6883279999999999
0.599673
0.5156710000000001
0.35442700000000005
0.14577600000000002
0.002438
0.0
0.0
0.0
0.0
0.0
0.0
0.0
0.0
0.0
0.0
0.0
0.0015609999999999999
0.096421
0.182619
0.39046600000000004
0.614625
0.646295
0.685639
0.599698
0.5276989999999999
0.527749
0.34431900000000004
0.133599
0.002676
0.0
0.0
0.0
0.0
0.0
0.0
0.0
0.0
0.0
0.0
0.0
0.002563
0.14995
0.29268299999999997
0.506671
0.492454
0.676162
0.747042
0.7238920000000001
0.6333260000000001
0.535556
0.357841
0.146455
0.002334
0.0
0.0
0.0
0.0
0.0
0.0
0.0
0.0
0.0
0.0
0.0
0.002882
0.10033700000000001
0.190905
0.439697
0.5704750000000001
0.6765650000000001
0.71885
0.7411380000000001
0.6417970000000001
0.5046809999999999
0.37951
0.125963
0.002516
0.0
0.0
0.0
0.0
0.0
0.0
0.0
0.0
0.0
0.0
0.0
0.0021000000000000003
0.140318
0.277748
0.455035
0.6106090000000001
0.690822
0.637827
0.676192
0.562998
0.509333
0.35779500000000003
0.149538
0.0025440000000000003
0.0
0.0
0.0
0.0
0.0
0.0
0.0
0.0
0.0
0.0
0.0
0.002454
0.11576099999999999
0.22608799999999998
0.5102869999999999
0.5297419999999999
0.606586
0.736194
0.698701
0.5481050000000001
0.42527699999999996
0.323147
0.140077
0.0031509999999999997
0.0
0.0
0.0
0.0
0.0
0.0
0.0
0.0
0.0
0.0
0.0
0.003584
0.097039
0.310258
0.40763299999999997
0.433351
0.590807
0.73458
0.5606749999999999
0.575449
0.510901
0.329309
0.104997
0.002978
0.0
0.0
0.0
0.0
0.0
0.0
0.0
0.0
0.0
0.0
0.0
0.0008990000000000001
0.140823
0.288388
0.543446
0.616852
0.568506
0.618642
0.713958
0.590591
0.471359
0.362388
0.140316
0.001858
0.0
0.0
0.0
0.0
0.0
0.0
0.0
0.0
0.0
0.0
0.0
0.0025470000000000002
0.12570399999999998
0.304939
0.505093
0.572038
0.6466409999999999
0.695339
0.646047
0.59634
0.478009
0.318536
0.129389
0.001073
0.0
0.0
0.0
0.0
0.0
0.0
0.0
0.0
0.0
0.0
0.0
0.001438
0.110276
0.266852
0.30597399999999997
0.600475
0.602743
0.701384
0.633379
0.639399
0.49684300000000003
0.331698
0.133815
0.001406
0.0
0.0
0.0
0.0
0.0
0.0
0.0
0.0
0.0
0.0
0.0
0.002714
0.083648
0.20746
0.480419
0.496329
0.548316
0.634632
0.646207
0.63346
0.389149
0.298447
0.11227
0.00034100000000000005
0.0
0.0
0.0
0.0
0.0
0.0
0.0
0.0
0.0
0.0
0.0
0.0033490000000000004
0.10172199999999999
0.166216
0.394382
0.454863
0.703283
0.5513049999999999
0.563527
0.550025
0.35422899999999996
0.150134
0.096468
0.000754
0.0
0.0
0.0
0.0
0.0
0.0
0.0
0.0
0.0
0.0
0.0
0.001521
0.14025200000000002
0.330755
0.461125
0.634421
0.6852039999999999
0.698634
0.673091
0.619403
0.41886399999999996
0.319541
0.110901
0.0012430000000000002
0.0
0.0
0.0
0.0
0.0
0.0
0.0
0.0
0.0
0.0
0.0
0.0032519999999999997
0.094095
0.327492
0.49542
0.569476
0.40527199999999997
0.546729
0.6043379999999999
0.602683
0.5002300000000001
0.292505
0.11432099999999999
0.00028199999999999997
0.0
0.0
0.0
0.0
0.0
0.0
0.0
0.0
0.0
0.0
0.0
0.002449
0.078375
0.178998
0.446664
0.596164
0.680947
0.717462
0.687119
0.628857
0.493618
0.308014
0.10094
2.4e-05
0.0
0.0
0.0
0.0
0.0
0.0
0.0
0.0
0.0
0.0
0.0
0.002648
0.124891
0.201014
0.347609
0.39448300000000003
0.6259589999999999
0.702622
0.7108540000000001
0.603007
0.446195
0.26505399999999996
0.109034
0.00022
0.0
0.0
0.0
0.0
0.0
0.0
0.0
0.0
0.0
0.0
0.0
0.001611
0.080226
0.225661
0.27611399999999997
0.600756
0.603432
0.669192
0.616607
0.606914
0.43787400000000004
0.242585
0.077663
0.0
0.0
0.0
0.0
0.0
0.0
0.0
0.0
0.0
0.0
0.0
0.0
0.00172
0.09838
0.269089
0.396381
0.58335
0.444861
0.697093
0.6708419999999999
0.610051
0.47593
0.286125
0.106011
0.0
0.0
0.0
0.0
0.0
0.0
0.0
0.0
0.0
0.0
0.0
0.0
0.002085
0.134086
0.305606
0.511801
0.566813
0.629262
0.724392
0.619829
0.599915
0.423457
0.239455
0.096736
0.0
0.0
0.0
0.0
0.0
0.0
0.0
0.0
0.0
0.0
0.0
0.0
0.004657
0.14809899999999998
0.307224
0.461689
0.504306
0.610275
0.5219109999999999
0.690384
0.589189
0.507832
0.29729500000000003
0.079083
0.000795
0.0
0.0
0.0
0.0
0.0
0.0
0.0
0.0
0.0
0.0
0.0
0.002363
0.061853
0.231543
0.324608
0.616462
0.607897
0.610185
0.5521029999999999
0.394361
0.396281
0.267367
0.077913
0.0
0.0
0.0
0.0
0.0
0.0
0.0
0.0
0.0
0.0
0.0
0.0
0.0021739999999999997
0.07507899999999999
0.172654
0.268581
0.471889
0.625839
0.640752
0.617678
0.561013
0.459853
0.308193
0.102133
0.0
0.0
0.0
0.0
0.0
0.0
0.0
0.0
0.0
0.0
0.0
0.0
0.002468
0.087541
0.184338
0.379562
0.486435
0.46196499999999996
0.659482
0.67143
0.384689
0.357005
0.217304
0.10917700000000001
0.0
0.0
0.0
0.0
0.0
0.0
0.0
0.0
0.0
0.0
0.0
0.0
0.0040739999999999995
0.112775
0.257908
0.475948
0.5160589999999999
0.682323
0.6871130000000001
0.618654
0.5636680000000001
0.381932
0.292014
0.089881
0.0
0.0
0.0
0.0
0.0
0.0
0.0
0.0
0.0
0.0
0.0
0.0
0.002813
0.09910899999999999
0.30393400000000004
0.509726
0.451326
0.640412
0.573846
0.674532
0.541708
0.36850900000000003
0.27952499999999997
0.055061
0.0
0.0
0.0
0.0
0.0
0.0
0.0
0.0
0.0
0.0
0.0
0.0
0.003025
0.137739
0.305452
0.47800400000000004
0.586572
0.5907899999999999
0.651187
0.670775
0.584229
0.446318
0.278649
0.09502
0.0
0.0
0.0
0.0
0.0
0.0
0.0
0.0
0.0
0.0
0.0
0.0
0.003255
0.11972100000000001
0.22708899999999999
0.405237
0.391015
0.669177
0.559221
0.605112
0.5753959999999999
0.405999
0.26770499999999997
0.09030200000000001
0.0
0.0
0.0
0.0
0.0
0.0
0.0
0.0
0.0
0.0
0.0
0.0
0.00174
0.091334
0.314767
0.47280099999999997
0.543126
0.45811799999999997
0.461774
0.48148599999999997
0.423348
0.37301799999999996
0.15382200000000001
0.045905999999999995
0.0
0.0
0.0
0.0
0.0
0.0
0.0
0.0
0.0
0.0
0.0
0.0
0.006344000000000001
0.103874
0.20922900000000003
0.38585
0.5373450000000001
0.6471570000000001
0.625774
0.658044
0.577748
0.451187
0.277006
0.080314
0.0
0.0
0.0
0.0
0.0
0.0
0.0
0.0
0.0
0.0
0.0
0.0
0.0051459999999999995
0.07387099999999999
0.21163900000000002
0.327899
0.5813550000000001
0.567731
0.6080599999999999
0.535815
0.559036
0.269113
0.18139599999999997
0.059302999999999995
0.0
0.0
0.0
0.0
0.0
0.0
0.0
0.0
0.0
0.0
0.0
0.0
0.002879
0.132903
0.291553
0.3969
0.571076
0.58648
0.7072970000000001
0.561241
0.468877
0.506902
0.244202
0.053278
0.0
0.0
0.0
0.0
0.0
0.0
0.0
0.0
0.0
0.0
0.0
0.0
0.0033599999999999997
0.072875
0.271526
0.376986
0.48765
0.433439
0.481244
0.49723
0.53815
0.413908
0.202046
0.050567
0.0
0.0
0.0
0.0
0.0
0.0
0.0
0.0
0.0
0.0
0.0
0.0
0.0066749999999999995
0.135387
0.271497
0.48694600000000005
0.354068
0.609255
0.6169479999999999
0.551331
0.537338
0.42616899999999996
0.268572
0.0508
0.0
0.0
0.0
0.0
0.0
0.0
0.0
0.0
0.0
0.0
0.0
0.0
0.005224
0.119537
0.30289499999999997
0.383658
0.365465
0.39197000000000004
0.391356
0.5605289999999999
0.393887
0.317661
0.117691
0.049317
0.0
0.0
0.0
0.0
0.0
0.0
0.0
0.0
0.0
0.0
0.0
0.0
0.003565
0.12590300000000001
0.224327
0.375045
0.409949
0.5765410000000001
0.659173
0.545728
0.573759
0.267807
0.199493
0.049766
0.0
0.0
0.0
0.0
0.0
0.0
0.0
0.0
0.0
0.0
0.0
0.0
0.00513
0.075288
0.264428
0.29850299999999996
0.378101
0.421116
0.603169
0.534691
0.502058
0.364548
0.202362
0.045759999999999995
0.0
0.0
0.0
0.0
0.0
0.0
0.0
0.0
0.0
0.0
0.0
0.0
0.005655
0.105969
0.26160300000000003
0.44091199999999997
0.5225339999999999
0.570708
0.6775890000000001
0.601686
0.547106
0.431599
0.17485599999999998
0.057207999999999995
0.0
0.0
0.0
0.0
0.0
0.0
0.0
0.0
0.0
0.0
0.0
0.0
0.006063
0.109015
0.30018700000000004
0.422031
0.546156
0.614307
0.6311230000000001
0.512738
0.481614
0.29367000000000004
0.222213
0.060270000000000004
0.0
0.0
0.0
0.0
0.0
0.0
0.0
0.0
0.0
0.0
0.0
0.0
0.010183
0.089583
0.099843
0.388394
0.43302999999999997
0.441886
0.6526559999999999
0.50118
0.467735
0.36551100000000003
0.22900800000000002
0.072054
0.0
0.0
0.0
0.0
0.0
0.0
0.0
0.0
0.0
0.0
0.0
0.0
0.008112999999999999
0.072369
0.29462299999999997
0.510947
0.594774
0.608205
0.648282
0.64773
0.52613
0.43691399999999997
0.244881
0.07463299999999999
0.0
0.0
0.0
0.0
0.0
0.0
0.0
0.0
0.0
0.0
0.0
0.0
0.005054
0.09751699999999999
0.231104
0.410988
0.45456799999999997
0.6027440000000001
0.7175009999999999
0.541659
0.44799
0.31098200000000004
0.226343
0.067704
0.0
0.0
0.0
0.0
0.0
0.0
0.0
0.0
0.0
0.0
0.0
0.0
0.011719
0.092681
0.29750299999999996
0.450193
0.572793
0.639254
0.687191
0.65327
0.5481280000000001
0.418896
0.24599100000000002
0.063681
0.0
0.0
0.0
0.0
0.0
0.0
0.0
0.0
0.0
0.0
0.0
0.0
0.00641
0.119437
0.232464
0.406312
0.515467
0.557115
0.617289
0.64173
0.480159
0.409408
0.146601
0.0628
0.0
0.0
0.0
0.0
0.0
0.0
0.0
0.0
0.0
0.0
0.0
0.0
0.006072
0.106238
0.16400299999999998
0.329579
0.435534
0.562352
0.492909
0.44799500000000003
0.47474500000000003
0.386961
0.22787100000000002
0.065143
0.0
0.0
0.0
0.0
0.0
0.0
0.0
0.0
0.0
0.0
0.0
0.0
0.0042190000000000005
0.12367700000000001
0.13858199999999998
0.17102699999999998
0.23943299999999998
0.230738
0.381724
0.177176
0.342117
0.33330200000000004
0.185232
0.058308
0.0
0.0
0.0
0.0
0.0
0.0
0.0
0.0
0.0
0.0
0.0
0.0
0.004511
0.103742
0.194908
0.293774
0.357663
0.459851
0.29960899999999996
0.38887
0.36529500000000004
0.318287
0.225935
0.04739
0.0
0.0
0.0
0.0
0.0
0.0
0.0
0.0
0.0
0.0
0.0
0.0
0.007332
0.117802
0.20396199999999998
0.368134
0.501775
0.40260199999999996
0.47274400000000005
0.630015
0.47454599999999997
0.321304
0.196433
0.04932
0.0
0.0
0.0
0.0
0.0
0.0
0.0
0.0
0.0
0.0
0.0
0.0
0.007452
0.106589
0.263941
0.32648200000000005
0.513206
0.622842
0.508483
0.381675
0.521988
0.405964
0.191855
0.059734999999999996
0.0
0.0
0.0
0.0
0.0
0.0
0.0
0.0
0.0
0.0
0.0
0.0
0.005376000000000001
0.080153
0.22965
0.220449
0.426938
0.36150099999999996
0.46839
0.452473
0.452699
0.368967
0.16255699999999998
0.034606000000000005
0.0
0.0
0.0
0.0
0.0
0.0
0.0
0.0
0.0
0.0
0.0
0.0
0.010013999999999999
0.098203
0.14368999999999998
0.32782100000000003
0.359417
0.423922
0.608468
0.43193400000000004
0.358601
0.38316500000000003
0.18434299999999998
0.070273
0.0
0.0
0.0
0.0
0.0
0.0
0.0
0.0
0.0
0.0
0.0
0.0
0.004415
0.112096
0.212004
0.467789
0.541014
0.5834429999999999
0.629343
0.580991
0.455345
0.325978
0.201896
0.041476
0.0
0.0
0.0
0.0
0.0
0.0
0.0
0.0
0.0
0.0
0.0
0.0
0.014313000000000001
0.071832
0.175033
0.314238
0.251583
0.401723
0.520734
0.503844
0.530704
0.328609
0.180302
0.059427
0.0
0.0
0.0
0.0
0.0
0.0
0.0
0.0
0.0
0.0
0.0
0.0
0.007932999999999999
0.087514
0.17801599999999998
0.389129
0.490543
0.611503
0.596866
0.498247
0.498608
0.277036
0.18241300000000002
0.048381
0.0
0.0
0.0
0.0
0.0
0.0
0.0
0.0
0.0
0.0
0.0
0.0
0.006921
0.128579
0.17394800000000002
0.471078
0.491118
0.6110359999999999
0.501423
0.579951
0.505559
0.372651
0.214381
0.041438
0.0
0.0
0.0
0.0
0.0
0.0
0.0
0.0
0.0
0.0
0.0
0.0
0.006059
0.100545
0.286069
0.445502
0.532738
0.615311
0.64551
0.615529
0.512805
0.379415
0.192488
0.049046
0.0
0.0
0.0
0.0
0.0
0.0
0.0
0.0
0.0
0.0
0.0
0.0
0.008146
0.075584
0.158434
0.37623399999999996
0.24729900000000002
0.416097
0.43723500000000004
0.38019400000000003
0.42397
0.339683
0.123056
0.044939
0.0
0.0
0.0
0.0
0.0
0.0
0.0
0.0
0.0
0.0
0.0
0.0
0.009804
0.094144
0.269123
0.350891
0.48633800000000005
0.646811
0.510176
0.525625
0.501216
0.356852
0.20291700000000001
0.04101
0.0
0.0
0.0
0.0
0.0
0.0
0.0
0.0
0.0
0.0
0.0
0.0
0.0146
0.09458799999999999
0.229952
0.34390499999999996
0.606491
0.537996
0.570787
0.5531609999999999
0.49901
0.358569
0.20535599999999998
0.0435
0.0
0.0
0.0
0.0
0.0
0.0
0.0
0.0
0.0
0.0
0.0
0.0
0.007208
0.095819
0.22236799999999998
0.36235199999999995
0.32956
0.5223369999999999
0.38045999999999996
0.535254
0.29165199999999997
0.213689
0.132821
0.048637
0.0
0.0
0.0
0.0
0.0
0.0
0.0
0.0
0.0
0.0
0.0
0.0
0.007878999999999999
0.065971
0.225665
0.369847
0.34694400000000003
0.500684
0.589572
0.378156
0.277647
0.251475
0.158197
0.055385
0.0
0.0
0.0
0.0
0.0
0.0
0.0
0.0
0.0
0.0
0.0
0.0
0.007358
0.08853100000000001
0.290759
0.21191900000000002
0.511698
0.5933590000000001
0.515394
0.299504
0.276952
0.132653
0.148394
0.033281
0.0
0.0
0.0
0.0
0.0
0.0
0.0
0.0
0.0
0.0
0.0
0.0
0.007886
0.085493
0.27112200000000003
0.381164
0.41842599999999996
0.43097199999999997
0.5199779999999999
0.581529
0.457663
0.372899
0.15378299999999998
0.048797
0.0
0.0
0.0
0.0
0.0
0.0
0.0
0.0
0.0
0.0
0.0
0.0
0.007948
0.092719
0.22795300000000002
0.34926999999999997
0.463899
0.404864
0.432026
0.445623
0.36513799999999996
0.302879
0.13929499999999997
0.032975000000000004
0.0
0.0
0.0
0.0
0.0
0.0
0.0
0.0
0.0
0.0
0.0
0.0
0.011403
0.045744999999999994
0.220737
0.416528
0.456913
0.224852
0.412288
0.481891
0.403904
0.28691
0.16845
0.033727
0.0
0.0
0.0
0.0
0.0
0.0
0.0
0.0
0.0
0.0
0.0
0.0
0.006625
0.11118399999999999
0.208587
0.18229599999999999
0.270486
0.472812
0.442896
0.32037400000000005
0.19129400000000002
0.15276499999999998
0.080304
0.060954
0.0
0.0
0.0
0.0
0.0
0.0
0.0
0.0
0.0
0.0
0.0
0.0
0.008897
0.075192
0.202147
0.22103399999999998
0.358942
0.36782600000000004
0.46509100000000003
0.403119
0.307858
0.26118
0.09604800000000001
0.034744
0.0
0.0
0.0
0.0
0.0
0.0
0.0
0.0
0.0
0.0
0.0
0.0
0.006652999999999999
0.079372
0.21719
0.218181
0.44808800000000004
0.42680900000000005
0.429475
0.509457
0.46282799999999996
0.347418
0.10713299999999999
0.036166
0.0
0.0
0.0
0.0
0.0
0.0
0.0
0.0
0.0
0.0
0.0
0.0
0.00942
0.082488
0.14263900000000002
0.367732
0.415999
0.515455
0.555667
0.40810399999999997
0.437935
0.290399
0.15558699999999998
0.042417
0.0
0.0
0.0
0.0
0.0
0.0
0.0
0.0
0.0
0.0
0.0
0.0
0.009827
0.077541
0.23339
0.363544
0.467742
0.5456409999999999
0.581403
0.551787
0.432028
0.33402699999999996
0.117163
0.0399
0.0
0.0
0.0
0.0
0.0
0.0
0.0
0.0
0.0
0.0
0.0
0.0
0.010557
0.077524
0.194811
0.267635
0.289721
0.52859
0.464395
0.339582
0.474142
0.30947199999999997
0.189489
0.044149
0.0
0.0
0.0
0.0
0.0
0.0
0.0
0.0
0.0
0.0
0.0
0.0
0.0059180000000000005
0.110598
0.262115
0.229776
0.402158
0.438636
0.5330839999999999
0.192423
0.366058
0.276592
0.162878
0.023415
0.0
0.0
0.0
0.0
0.0
0.0
0.0
0.0
0.0
0.0
0.0
0.0
0.008971
0.114459
0.25415899999999997
0.22309800000000002
0.400911
0.301923
0.488154
0.352526
0.275532
0.296118
0.1162
0.035482999999999994
0.0
0.0
0.0
0.0
0.0
0.0
0.0
0.0
0.0
0.0
0.0
0.0
0.009397
0.071774
0.125648
0.33281700000000003
0.368321
0.43093400000000004
0.375328
0.311761
0.253457
0.248743
0.139624
0.041228
0.0
0.0
0.0
0.0
0.0
0.0
0.0
0.0
0.0
0.0
0.0
0.0
0.010733000000000001
0.072042
0.21279900000000002
0.252945
0.383817
0.172193
0.205819
0.31011299999999997
0.13533799999999999
0.166162
0.091095
0.033883
0.0
0.0
0.0
0.0
0.0
0.0
0.0
0.0
0.0
0.0
0.0
0.0
0.008752000000000001
0.09542700000000001
0.225593
0.32332299999999997
0.35808999999999996
0.394582
0.35033499999999995
0.27149
0.165282
0.204232
0.053736
0.023361999999999997
0.0
0.0
0.0
0.0
0.0
0.0
0.0
0.0
0.0
0.0
0.0
0.0
0.011422
0.075036
0.248234
0.226971
0.090157
0.337769
0.46962099999999996
0.31921499999999997
0.425831
0.263874
0.10594799999999999
0.027035
0.0
0.0
0.0
0.0
0.0
0.0
0.0
0.0
0.0
0.0
0.0
0.0
0.0071849999999999995
0.098577
0.229962
0.319344
0.415586
0.46613099999999996
0.447334
0.359162
0.34462
0.28000200000000003
0.120752
0.02832
0.0
0.0
0.0
0.0
0.0
0.0
0.0
0.0
0.0
0.0
0.0
0.0
0.0059050000000000005
0.11501
0.19646
0.338028
0.39445600000000003
0.469795
0.562684
0.472117
0.29701799999999995
0.15884299999999998
0.191819
0.028807
0.0
0.0
0.0
0.0
0.0
0.0
0.0
0.0
0.0
0.0
0.0
0.0
0.009139
0.07906999999999999
0.232337
0.26740600000000003
0.343528
0.462374
0.474432
0.444419
0.40627199999999997
0.300601
0.090295
0.040063
0.0
0.0
0.0
0.0
0.0
0.0
0.0
0.0
0.0
0.0
0.0
0.0
0.009287
0.074944
0.20810900000000002
0.252171
0.29984
0.286311
0.28855200000000003
0.278445
0.283616
0.25452199999999997
0.098503
0.035927999999999995
0.0
0.0
0.0
0.0
0.0
0.0
0.0
0.0
0.0
0.0
0.0
0.0
0.008766999999999999
0.078023
0.215364
0.349889
0.410221
0.301673
0.499198
0.485695
0.41956
0.301298
0.153522
0.032194
0.0
0.0
0.0
0.0
0.0
0.0
0.0
0.0
0.0
0.0
0.0
0.0
0.007293
0.070353
0.14994
0.336632
0.40525
0.499438
0.37297399999999997
0.516353
0.363879
0.248492
0.16125899999999999
0.025888
0.0
0.0
0.0
0.0
0.0
0.0
0.0
0.0
0.0
0.0
0.0
0.0
0.007955
0.072519
0.21743700000000002
0.26074
0.460922
0.497529
0.412397
0.510464
0.453592
0.252015
0.16159600000000002
0.027818000000000002
0.0
0.0
0.0
0.0
0.0
0.0
0.0
0.0
0.0
0.0
0.0
0.0
0.005237
0.082454
0.20627199999999998
0.423427
0.468223
0.605996
0.56072
0.520229
0.455963
0.30920299999999995
0.08718600000000001
0.022357
0.0
0.0
0.0
0.0
0.0
0.0
0.0
0.0
0.0
0.0
0.0
0.0
0.0070480000000000004
0.098118
0.08732899999999999
0.192251
0.37029700000000004
0.187825
0.365128
0.537466
0.43509
0.31252800000000003
0.157169
0.024174
0.0
0.0
0.0
0.0
0.0
0.0
0.0
0.0
0.0
0.0
0.0
0.0
0.007925
0.087237
0.164095
0.34187900000000004
0.387046
0.377621
0.505027
0.450741
0.175125
0.12104000000000001
0.158548
0.033163
0.0
0.0
0.0
0.0
0.0
0.0
0.0
0.0
0.0
0.0
0.0
0.0
0.006812
0.099678
0.210384
0.129226
0.40589299999999995
0.331748
0.231677
0.317214
0.324685
0.19310400000000003
0.143266
0.034114
0.0
0.0
0.0
0.0
0.0
0.0
0.0
0.0
0.0
0.0
0.0
0.0
0.014431
0.07950499999999999
0.190166
0.215034
0.23874299999999998
0.161362
0.155097
0.310653
0.173841
0.068286
0.09806100000000001
0.021094
0.0
0.0
0.0
0.0
0.0
0.0
0.0
0.0
0.0
0.0
0.0
0.0
0.0067350000000000005
0.080411
0.18316
0.377641
0.468994
0.518246
0.499865
0.486815
0.43951999999999997
0.265067
0.144821
0.028212
0.0
0.0
0.0
0.0
0.0
0.0
0.0
0.0
0.0
0.0
0.0
0.0
0.006582
0.07720199999999999
0.210337
0.328755
0.43321
0.366559
0.487011
0.382965
0.428392
0.234624
0.117684
0.028349
0.0
0.0
0.0
0.0
0.0
0.0
0.0
0.0
0.0
0.0
0.0
0.0
0.009058
0.08701
0.150007
0.223532
0.330339
0.297762
0.480174
0.248219
0.35403500000000004
0.27436099999999997
0.076429
0.031164999999999998
0.0
0.0
0.0
0.0
0.0
0.0
0.0
0.0
0.0
0.0
0.0
0.0
0.008136
0.07675799999999999
0.218946
0.30867
0.358576
0.49172699999999997
0.37091399999999997
0.45784600000000003
0.379828
0.270039
0.12620399999999998
0.036222000000000004
0.0
0.0
0.0
0.0
0.0
0.0
0.0
0.0
0.0
0.0
0.0
0.0
0.008071
0.080163
0.162166
0.285746
0.394599
0.364614
0.520058
0.48749400000000004
0.38065899999999997
0.259563
0.130686
0.033942
0.0
0.0
0.0
0.0
0.0
0.0
0.0
0.0
0.0
0.0
0.0
0.0
0.006725
0.081668
0.22574
0.37884500000000004
0.480031
0.511223
0.495561
0.427119
0.43547
0.26441000000000003
0.150198
0.027582000000000002
0.0
0.0
0.0
0.0
0.0
0.0
0.0
0.0
0.0
0.0
0.0
0.0
0.005921999999999999
0.090732
0.17191700000000001
0.393297
0.343941
0.5712
0.506965
0.494839
0.373815
0.250474
0.13053800000000002
0.038812
0.0
0.0
0.0
0.0
0.0
0.0
0.0
0.0
0.0
0.0
0.0
0.0
0.005984
0.06933
0.19566
0.26223399999999997
0.328002
0.422427
0.531437
0.477259
0.32748200000000005
0.176653
0.147027
0.034347
0.0
0.0
0.0
0.0
0.0
0.0
0.0
0.0
0.0
0.0
0.0
0.0
0.007513
0.070728
0.212063
0.35688099999999995
0.44658499999999995
0.403983
0.321551
0.39061599999999996
0.203113
0.195116
0.09284099999999999
0.03337
0.0
0.0
0.0
0.0
0.0
0.0
0.0
0.0
0.0
0.0
0.0
0.0
0.006900000000000001
0.081763
0.220096
0.371782
0.5036349999999999
0.450476
0.5013179999999999
0.453659
0.371896
0.256295
0.150368
0.029105
0.0
0.0
0.0
0.0
0.0
0.0
0.0
0.0
0.0
0.0
0.0
0.0
0.006296
0.07720300000000001
0.170327
0.277285
0.424825
0.481283
0.491993
0.399248
0.302037
0.248998
0.105673
0.022226
0.0
0.0
0.0
0.0
0.0
0.0
0.0
0.0
0.0
0.0
0.0
0.0
0.008188
0.076964
0.19731100000000001
0.312848
0.387221
0.188995
0.14831
0.313318
0.26931700000000003
0.172391
0.080979
0.029771000000000002
0.0
0.0
0.0
0.0
0.0
0.0
0.0
0.0
0.0
0.0
0.0
0.0
0.003698
0.06471299999999999
0.193007
0.35688
0.361321
0.502823
0.517969
0.341715
0.34237
0.322533
0.147974
0.028393
0.0
0.0
0.0
0.0
0.0
0.0
0.0
0.0
0.0
0.0
0.0
0.0
0.0031190000000000002
0.071915
0.234965
0.284985
0.462435
0.492288
0.40692399999999995
0.45423399999999997
0.396907
0.278603
0.157464
0.043927
0.0
0.0
0.0
0.0
0.0
0.0
0.0
0.0
0.0
0.0
0.0
0.0
0.005775000000000001
0.058234
0.15594
0.272548
0.473466
0.43516000000000005
0.505344
0.467216
0.351417
0.276839
0.141897
0.04174
0.0
0.0
0.0
0.0
0.0
0.0
0.0
0.0
0.0
0.0
0.0
0.0
0.002935
0.0702
0.214194
0.235692
0.42718700000000004
0.459579
0.507463
0.472204
0.397913
0.29797199999999996
0.12616
0.037795999999999996
0.0
0.0
0.0
0.0
0.0
0.0
0.0
0.0
0.0
0.0
0.0
0.0
0.005804
0.061842
0.18456
0.327485
0.43819
0.513403
0.44171
0.389218
0.380888
0.28539
0.14142
0.038026000000000004
0.0
0.0
0.0
0.0
0.0
0.0
0.0
0.0
0.0
0.0
0.0
0.0
0.004200000000000001
0.057637999999999995
0.172583
0.360509
0.385297
0.456261
0.511222
0.3399
0.304267
0.214488
0.07018300000000001
0.044327
0.0
0.0
0.0
0.0
0.0
0.0
0.0
0.0
0.0
0.0
0.0
0.0
0.004333999999999999
0.045837
0.062526
0.134594
0.201239
0.13725700000000002
0.154333
0.24811000000000002
0.20187799999999997
0.15240299999999998
0.056854
0.0222
0.0
0.0
0.0
0.0
0.0
0.0
0.0
0.0
0.0
0.0
0.0
0.0
0.005381
0.097319
0.15725399999999998
0.234995
0.338616
0.496222
0.426871
0.41899000000000003
0.37042899999999995
0.252969
0.10164400000000001
0.040576999999999995
0.0
0.0
0.0
0.0
0.0
0.0
0.0
0.0
0.0
0.0
0.0
0.0
0.005636
0.071911
0.19231299999999998
0.33533999999999997
0.40795800000000004
0.305591
0.321215
0.342704
0.31642200000000004
0.26441699999999996
0.130511
0.040500999999999995
0.0
0.0
0.0
0.0
0.0
0.0
0.0
0.0
0.0
0.0
0.0
0.0
0.003091
0.075045
0.17926
0.24463900000000002
0.31735800000000003
0.423054
0.441572
0.346725
0.421085
0.270471
0.13435
0.031370999999999996
0.0
0.0
0.0
0.0
0.0
0.0
0.0
0.0
0.0
0.0
0.0
0.0
0.0022040000000000002
0.069385
0.226689
0.311995
0.410714
0.5063639999999999
0.495732
0.488931
0.397988
0.289645
0.14030099999999998
0.02117
0.0
0.0
0.0
0.0
0.0
0.0
0.0
0.0
0.0
0.0
0.0
0.0
0.003643
0.077658
0.12925999999999999
0.358104
0.436025
0.446907
0.508691
0.492202
0.422622
0.29236399999999996
0.160395
0.035578000000000005
0.0
0.0
0.0
0.0
0.0
0.0
0.0
0.0
0.0
0.0
0.0
0.0
0.008343999999999999
0.062310000000000004
0.138637
0.168139
0.154448
0.126705
0.13873500000000002
0.291568
0.19630699999999998
0.151181
0.134285
0.038034
0.0
0.0
0.0
0.0
0.0
0.0
0.0
0.0
0.0
0.0
0.0
0.0
0.005193
0.083715
0.149641
0.318615
0.390264
0.27062200000000003
0.3202
0.37264800000000003
0.298344
0.22453700000000001
0.099292
0.030338999999999998
0.0
0.0
0.0
0.0
0.0
0.0
0.0
0.0
0.0
0.0
0.0
0.0
0.0029140000000000004
0.090313
0.112473
0.21168199999999998
0.3004
0.33868400000000004
0.279227
0.27174200000000004
0.205566
0.295786
0.108721
0.046216
0.0
0.0
0.0
0.0
0.0
0.0
0.0
0.0
0.0
0.0
0.0
0.0
0.002895
0.067967
0.11437699999999999
0.310209
0.45724000000000004
0.47457299999999997
0.434967
0.448046
0.397942
0.29726400000000003
0.14635
0.034844
0.0
0.0
0.0
0.0
0.0
0.0
0.0
0.0
0.0
0.0
0.0
0.0
0.0039369999999999995
0.069274
0.204059
0.27676
0.44160000000000005
0.492094
0.461895
0.491176
0.304628
0.28627400000000003
0.117244
0.040089
0.0
0.0
0.0
0.0
0.0
0.0
0.0
0.0
0.0
0.0
0.0
0.0
0.00218
0.077348
0.1575
0.32515
0.45570499999999997
0.391488
0.458743
0.484966
0.372855
0.29612099999999997
0.148567
0.047353
0.0
0.0
0.0
0.0
0.0
0.0
0.0
0.0
0.0
0.0
0.0
0.0
0.0030670000000000003
0.06434000000000001
0.197605
0.332896
0.441452
0.498861
0.516338
0.45189999999999997
0.376085
0.284326
0.14840299999999998
0.038253
0.0
0.0
0.0
0.0
0.0
0.0
0.0
0.0
0.0
0.0
0.0
0.0
0.002487
0.05977300000000001
0.210136
0.314636
0.46719700000000003
0.363783
0.341738
0.484668
0.39653
0.295989
0.15428899999999998
0.036031
0.0
0.0
0.0
0.0
0.0
0.0
0.0
0.0
0.0
0.0
0.0
0.0
0.002094
0.050439
0.13686199999999998
0.22872
0.30173
0.305825
0.263198
0.232559
0.212001
0.17432
0.084216
0.033845
0.0
0.0
0.0
0.0
0.0
0.0
0.0
0.0
0.0
0.0
0.0
0.0
0.002601
0.097804
0.139754
0.234375
0.447903
0.49432299999999996
0.470737
0.481642
0.20612899999999998
0.224333
0.103312
0.043594
0.0
0.0
0.0
0.0
0.0
0.0
0.0
0.0
0.0
0.0
0.0
0.0
0.0021709999999999998
0.061172
0.155945
0.35748399999999997
0.35659199999999996
0.392206
0.387381
0.422376
0.326104
0.209872
0.177935
0.038252
0.0
0.0
0.0
0.0
0.0
0.0
0.0
0.0
0.0
0.0
0.0
0.0
0.002212
0.078946
0.19217099999999998
0.30807999999999996
0.461473
0.43427899999999997
0.286443
0.36069999999999997
0.395195
0.213728
0.129085
0.033009000000000004
0.0
0.0
0.0
0.0
0.0
0.0
0.0
0.0
0.0
0.0
0.0
0.0
0.002508
0.06782200000000001
0.192416
0.29907100000000003
0.401522
0.393847
0.422342
0.469747
0.37462799999999996
0.21435200000000001
0.14266800000000002
0.039899000000000004
0.0
0.0
0.0
0.0
0.0
0.0
0.0
0.0
0.0
0.0
0.0
0.0
0.0021379999999999997
0.06773900000000001
0.221045
0.324438
0.447247
0.481746
0.534412
0.505452
0.37891
0.305923
0.149196
0.049438
0.0
0.0
0.0
0.0
0.0
0.0
0.0
0.0
0.0
0.0
0.0
0.0
0.005313
0.029404
0.210356
0.34407600000000005
0.30689299999999997
0.26402
0.1509
0.321881
0.21866300000000002
0.104449
0.140482
0.039628000000000003
0.0
0.0
0.0
0.0
0.0
0.0
0.0
0.0
0.0
0.0
0.0
0.0
0.002475
0.058142000000000006
0.144374
0.26423
0.423439
0.25253200000000003
0.281429
0.18281299999999998
0.173195
0.23577099999999998
0.10193300000000001
0.038907
0.0
0.0
0.0
0.0
0.0
0.0
0.0
0.0
0.0
0.0
0.0
0.0
0.002055
0.080155
0.14275200000000002
0.300476
0.429873
0.49516699999999997
0.421113
0.439184
0.341849
0.29044400000000004
0.089894
0.039093
0.0
0.0
0.0
0.0
0.0
0.0
0.0
0.0
0.0
0.0
0.0
0.0
0.001252
0.056815
0.23113399999999998
0.301338
0.344797
0.444076
0.39931700000000003
0.499116
0.394907
0.174431
0.095204
0.027536
0.0
0.0
0.0
0.0
0.0
0.0
0.0
0.0
0.0
0.0
0.0
0.0
0.002906
0.07613800000000001
0.222361
0.272339
0.303025
0.5001329999999999
0.534453
0.45821300000000004
0.38931299999999996
0.293611
0.145677
0.032521999999999995
0.0
0.0
0.0
0.0
0.0
0.0
0.0
0.0
0.0
0.0
0.0
0.0
0.0029500000000000004
0.09528400000000001
0.132309
0.262427
0.415488
0.45405900000000005
0.43543400000000004
0.508321
0.21874700000000002
0.11853799999999999
0.14554
0.030781
0.0
0.0
0.0
0.0
0.0
0.0
0.0
0.0
0.0
0.0
0.0
0.0
0.001752
0.047738
0.204663
0.298811
0.296442
0.380605
0.518168
0.448231
0.34378
0.29679
0.154555
0.027504
0.0
0.0
0.0
0.0
0.0
0.0
0.0
0.0
0.0
0.0
0.0
0.0
0.000397
0.059162
0.21651499999999999
0.358588
0.32481099999999996
0.575133
0.41461000000000003
0.39678800000000003
0.351312
0.186498
0.104004
0.038555
0.0
0.0
0.0
0.0
0.0
0.0
0.0
0.0
0.0
0.0
0.0
0.0
0.002505
0.049553
0.17408099999999999
0.323741
0.280778
0.5541240000000001
0.542987
0.27048099999999997
0.271262
0.326381
0.11467400000000001
0.026629999999999997
0.0
0.0
0.0
0.0
0.0
0.0
0.0
0.0
0.0
0.0
0.0
0.0
0.001718
0.06865600000000001
0.185806
0.328723
0.423724
0.44799
0.415528
0.408324
0.329502
0.251821
0.16448400000000002
0.047709
0.0
0.0
0.0
0.0
0.0
0.0
0.0
0.0
0.0
0.0
0.0
0.0
0.00122
0.043805
0.170079
0.214697
0.361194
0.420483
0.447199
0.484677
0.423486
0.32183
0.143337
0.034841000000000004
0.0
0.0
0.0
0.0
0.0
0.0
0.0
0.0
0.0
0.0
0.0
0.0
0.003767
0.053308999999999995
0.203208
0.308224
0.403839
0.488486
0.513084
0.41261200000000003
0.391573
0.326338
0.175584
0.038801
0.0
0.0
0.0
0.0
0.0
0.0
0.0
0.0
0.0
0.0
0.0
0.0
0.0021509999999999997
0.076296
0.17108099999999998
0.363754
0.396892
0.400526
0.5420470000000001
0.48669
0.449783
0.320022
0.167237
0.041387
0.0
0.0
0.0
0.0
0.0
0.0
0.0
0.0
0.0
0.0
0.0
0.0
0.0011330000000000001
0.054253
0.203185
0.345028
0.425376
0.42847500000000005
0.48846
0.44022100000000003
0.37717500000000004
0.32860700000000004
0.15369
0.037302
0.0
0.0
0.0
0.0
0.0
0.0
0.0
0.0
0.0
0.0
0.0
0.0
0.001248
0.063219
0.15103899999999998
0.275915
0.275338
0.40398500000000004
0.38765
0.360681
0.33680099999999996
0.250843
0.125698
0.042795
0.0
0.0
0.0
0.0
0.0
0.0
0.0
0.0
0.0
0.0
0.0
0.0
0.0013109999999999999
0.048487999999999996
0.220252
0.29681
0.363513
0.40288799999999997
0.547023
0.545303
0.385682
0.26898700000000003
0.152234
0.038928
0.0
0.0
0.0
0.0
0.0
0.0
0.0
0.0
0.0
0.0
0.0
0.0
0.001822
0.065114
0.18547999999999998
0.315806
0.45569299999999996
0.224245
0.45808
0.493016
0.303379
0.243398
0.16115100000000002
0.028707
0.0
0.0
0.0
0.0
0.0
0.0
0.0
0.0
0.0
0.0
0.0
0.0
0.00087
0.040312
0.19814099999999998
0.201269
0.49208999999999997
0.418006
0.5149210000000001
0.461225
0.39951299999999995
0.260998
0.15029499999999998
0.04093
0.0
0.0
0.0
0.0
0.0
0.0
0.0
0.0
0.0
0.0
0.0
0.0
0.001238
0.065009
0.114437
0.283686
0.425525
0.393274
0.530231
0.479527
0.438236
0.270942
0.153556
0.041009000000000004
0.0
0.0
0.0
0.0
0.0
0.0
0.0
0.0
0.0
0.0
0.0
0.0
0.00034100000000000005
0.07483
0.165335
0.281175
0.341528
0.450283
0.39244799999999996
0.5384589999999999
0.400872
0.206423
0.168649
0.041027
0.0
0.0
0.0
0.0
0.0
0.0
0.0
0.0
0.0
0.0
0.0
0.0
0.001222
0.072167
0.139269
0.270026
0.26136200000000004
0.31048899999999996
0.292785
0.143154
0.311199
0.29663799999999996
0.08184699999999999
0.036067
0.0
0.0
0.0
0.0
0.0
0.0
0.0
0.0
0.0
0.0
0.0
0.0
0.000902
0.059702
0.164176
0.269375
0.366712
0.411389
0.470974
0.38706
0.368827
0.263052
0.12962700000000002
0.030373
0.0
0.0
0.0
0.0
0.0
0.0
0.0
0.0
0.0
0.0
0.0
0.0
0.001267
0.057683
0.167989
0.29129700000000003
0.392233
0.46435000000000004
0.560468
0.5226900000000001
0.40767000000000003
0.319716
0.13646
0.0453
0.0
0.0
0.0
0.0
0.0
0.0
0.0
0.0
0.0
0.0
0.0
0.0
0.001314
0.06871
0.134578
0.32914299999999996
0.322721
0.48486
0.453071
0.431367
0.406461
0.285406
0.125112
0.047144
0.0
0.0
0.0
0.0
0.0
0.0
0.0
0.0
0.0
0.0
0.0
0.0
0.000966
0.071411
0.142257
0.100767
0.297772
0.190952
0.299396
0.324452
0.20614
0.218385
0.10024899999999999
0.031737
0.0
0.0
0.0
0.0
0.0
0.0
0.0
0.0
0.0
0.0
0.0
0.0
0.000376
0.047119
0.21970900000000002
0.370462
0.47717000000000004
0.526869
0.5631860000000001
0.534842
0.431118
0.34287
0.188841
0.038172
0.0
0.0
0.0
0.0
0.0
0.0
0.0
0.0
0.0
0.0
0.0
0.0
0.0012929999999999999
0.065828
0.21326599999999998
0.345985
0.42974
0.448777
0.350766
0.519248
0.39675499999999997
0.303404
0.172113
0.052886
0.0
0.0
0.0
0.0
0.0
0.0
0.0
0.0
0.0
0.0
0.0
0.0
0.0013180000000000002
0.07733499999999999
0.171162
0.33552499999999996
0.457199
0.5541799999999999
0.5868110000000001
0.48912599999999995
0.47229000000000004
0.333544
0.165473
0.041633
0.0
0.0
0.0
0.0
0.0
0.0
0.0
0.0
0.0
0.0
0.0
0.0
0.0013189999999999999
0.064717
0.16118700000000002
0.26911399999999996
0.385434
0.542332
0.508007
0.45905
0.377375
0.255199
0.154994
0.053636
0.0
0.0
0.0
0.0
0.0
0.0
0.0
0.0
0.0
0.0
0.0
0.0
0.0007199999999999999
0.05963
0.214287
0.364747
0.410302
0.410497
0.5193880000000001
0.5642119999999999
0.28175599999999995
0.33511599999999997
0.172154
0.041458
0.0
0.0
0.0
0.0
0.0
0.0
0.0
0.0
0.0
0.0
0.0
0.0
0.001125
0.06096
0.184962
0.331562
0.484482
0.414983
0.561763
0.528316
0.40639600000000003
0.350187
0.197015
0.045789
0.0
0.0
0.0
0.0
0.0
0.0
0.0
0.0
0.0
0.0
0.0
0.0
0.001646
0.059478
0.22563399999999997
0.287794
0.398501
0.49673500000000004
0.413085
0.501213
0.482544
0.31338099999999997
0.157222
0.052328
0.0
0.0
0.0
0.0
0.0
0.0
0.0
0.0
0.0
0.0
0.0
0.0
0.001682
0.068927
0.177627
0.354782
0.447938
0.497817
0.584601
0.36938600000000005
0.312749
0.192691
0.175433
0.047999
0.0
0.0
0.0
0.0
0.0
0.0
0.0
0.0
0.0
0.0
0.0
0.0
0.000731
0.085163
0.20910499999999999
0.367062
0.388651
0.449649
0.45176299999999997
0.495133
0.41476
0.227909
0.149534
0.053569000000000006
0.0
0.0
0.0
0.0
0.0
0.0
0.0
0.0
0.0
0.0
0.0
0.0
0.002617
0.065321
0.210105
0.235156
0.40711
0.33268400000000004
0.594009
0.498242
0.345765
0.290856
0.16794499999999998
0.057031
0.0
0.0
0.0
0.0
0.0
0.0
0.0
0.0
0.0
0.0
0.0
0.0
0.001674
0.06575700000000001
0.215441
0.372837
0.462318
0.561871
0.540254
0.488091
0.399094
0.33592700000000003
0.171238
0.048674999999999996
0.0
0.0
0.0
0.0
0.0
0.0
0.0
0.0
0.0
0.0
0.0
0.0
0.001709
0.07037399999999999
0.240726
0.36322000000000004
0.467805
0.49929199999999996
0.503059
0.49387000000000003
0.447435
0.361613
0.149434
0.045619
0.0
0.0
0.0
0.0
0.0
0.0
0.0
0.0
0.0
0.0
0.0
0.0
0.001671
0.07234099999999999
0.203237
0.39394999999999997
0.489643
0.5598139999999999
0.548002
0.483483
0.387094
0.321375
0.15410200000000002
0.046202
0.0
0.0
0.0
0.0
0.0
0.0
0.0
0.0
0.0
0.0
0.0
0.0
0.002983
0.065055
0.236434
0.345738
0.46331900000000004
0.490311
0.505059
0.534461
0.41475
0.343872
0.194966
0.060071
0.0
0.0
0.0
0.0
0.0
0.0
0.0
0.0
0.0
0.0
0.0
0.0
0.001728
0.086302
0.199397
0.37112599999999996
0.399541
0.528438
0.475412
0.5671609999999999
0.433653
0.322473
0.148907
0.054072
0.0
0.0
0.0
0.0
0.0
0.0
0.0
0.0
0.0
0.0
0.0
0.0
4e-05
0.038334
0.044307
0.20760699999999999
0.13250499999999998
0.400787
0.48857799999999996
0.214167
0.268155
0.096208
0.122527
0.019799
0.0
0.0
0.0
0.0
0.0
0.0
0.0
0.0
0.0
0.0
0.0
0.0
0.001248
0.037302999999999996
0.2021
0.347763
0.497568
0.40225900000000003
0.477334
0.49794099999999997
0.498464
0.355598
0.157892
0.055895
0.0
0.0
0.0
0.0
0.0
0.0
0.0
0.0
0.0
0.0
0.0
0.0
0.002137
0.062137
0.190987
0.332668
0.425781
0.433508
0.544975
0.44362599999999996
0.351387
0.281885
0.126102
0.055762
0.0
0.0
0.0
0.0
0.0
0.0
0.0
0.0
0.0
0.0
0.0
0.0
0.002503
0.08015900000000001
0.18347300000000002
0.34960399999999997
0.429894
0.451258
0.538203
0.410781
0.306743
0.22195099999999998
0.178437
0.051116999999999996
0.0
0.0
0.0
0.0
0.0
0.0
0.0
0.0
0.0
0.0
0.0
0.0
0.001838
0.060454
0.267626
0.40169099999999996
0.38994999999999996
0.532339
0.540442
0.49970600000000004
0.472719
0.38577
0.213702
0.055857
0.0
0.0
0.0
0.0
0.0
0.0
0.0
0.0
0.0
0.0
0.0
0.0
0.002061
0.083178
0.262125
0.414125
0.311832
0.6090720000000001
0.608928
0.609144
0.42017000000000004
0.23681200000000002
0.185274
0.050349
0.0
0.0
0.0
0.0
0.0
0.0
0.0
0.0
0.0
0.0
0.0
0.0
0.002931
0.08493899999999999
0.233784
0.353588
0.361496
0.196648
0.30718
0.410281
0.401424
0.352723
0.16502799999999998
0.043615
0.0
0.0
0.0
0.0
0.0
0.0
0.0
0.0
0.0
0.0
0.0
0.0
0.0032029999999999997
0.062405999999999996
0.206348
0.220069
0.127764
0.175283
0.272389
0.143568
0.246643
0.23322
0.123259
0.043237000000000005
0.0
0.0
0.0
0.0
0.0
0.0
0.0
0.0
0.0
0.0
0.0
0.0
0.0025470000000000002
0.068792
0.223323
0.299345
0.293699
0.468737
0.25667399999999996
0.316893
0.32550799999999996
0.312888
0.180294
0.056387
0.0
0.0
0.0
0.0
0.0
0.0
0.0
0.0
0.0
0.0
0.0
0.0
0.0024449999999999997
0.058362000000000004
0.224488
0.354432
0.34316
0.439876
0.447173
0.548721
0.506275
0.266044
0.217483
0.06887399999999999
0.0
0.0
0.0
0.0
0.0
0.0
0.0
0.0
0.0
0.0
0.0
0.0
0.0030800000000000003
0.091587
0.13473400000000002
0.379995
0.350005
0.423942
0.46837900000000005
0.375952
0.468488
0.223061
0.181664
0.041735
0.0
0.0
0.0
0.0
0.0
0.0
0.0
0.0
0.0
0.0
0.0
0.0
0.003813
0.080986
0.15474700000000002
0.26944
0.179773
0.41826100000000005
0.398002
0.431515
0.39744799999999997
0.365574
0.198881
0.051476
0.0
0.0
0.0
0.0
0.0
0.0
0.0
0.0
0.0
0.0
0.0
0.0
0.004465
0.076102
0.23693799999999998
0.410863
0.482784
0.580671
0.598533
0.469988
0.495928
0.318428
0.185729
0.047621000000000004
0.0
0.0
0.0
0.0
0.0
0.0
0.0
0.0
0.0
0.0
0.0
0.0
0.004801000000000001
0.08071500000000001
0.240353
0.316262
0.517611
0.549802
0.6019059999999999
0.46216399999999996
0.489841
0.282439
0.16143700000000002
0.044798000000000004
0.0
0.0
0.0
0.0
0.0
0.0
0.0
0.0
0.0
0.0
0.0
0.0
0.00411
0.104116
0.258548
0.44840800000000003
0.478361
0.572553
0.531533
0.5256900000000001
0.47367200000000004
0.349912
0.22871
0.044453000000000006
0.0
0.0
0.0
0.0
0.0
0.0
0.0
0.0
0.0
0.0
0.0
0.0
0.007644
0.050512
0.197772
0.355149
0.45456
0.571717
0.381722
0.47310800000000003
0.22680799999999998
0.297445
0.225539
0.038477
0.0
0.0
0.0
0.0
0.0
0.0
0.0
0.0
0.0
0.0
0.0
0.0
0.005241
0.109904
0.268951
0.375076
0.501201
0.621445
0.667022
0.540788
0.501611
0.376074
0.200597
0.05133
0.0
0.0
0.0
0.0
0.0
0.0
0.0
0.0
0.0
0.0
0.0
0.0
0.003222
0.124944
0.272126
0.438727
0.532927
0.5827
0.628316
0.504491
0.365114
0.319258
0.16753800000000002
0.067161
0.0
0.0
0.0
0.0
0.0
0.0
0.0
0.0
0.0
0.0
0.0
0.0
0.008258
0.08177200000000001
0.21559899999999999
0.322625
0.569987
0.540404
0.609506
0.616611
0.41442
0.30113999999999996
0.151802
0.048779
0.0
0.0
0.0
0.0
0.0
0.0
0.0
0.0
0.0
0.0
0.0
0.0
0.006654
0.118572
0.222736
0.430719
0.420279
0.254786
0.579947
0.5121
0.488135
0.363997
0.211339
0.045367
0.0
0.0
0.0
0.0
0.0
0.0
0.0
0.0
0.0
0.0
0.0
0.0
0.010263999999999999
0.11905800000000001
0.31017500000000003
0.41151
0.499786
0.566348
0.550329
0.646916
0.42506299999999997
0.212081
0.205125
0.041076
0.0
0.0
0.0
0.0
0.0
0.0
0.0
0.0
0.0
0.0
0.0
0.0
0.007381
0.101768
0.267036
0.454851
0.482939
0.55969
0.446382
0.47098700000000004
0.36980599999999997
0.330229
0.163373
0.049159
0.0
0.0
0.0
0.0
0.0
0.0
0.0
0.0
0.0
0.0
0.0
0.0
0.008634000000000001
0.09729900000000001
0.18462399999999998
0.39835000000000004
0.462608
0.6030650000000001
0.5946269999999999
0.5536789999999999
0.375786
0.256728
0.15089599999999997
0.046289000000000004
0.0
0.0
0.0
0.0
0.0
0.0
0.0
0.0
0.0
0.0
0.0
0.0
0.006709
0.10364799999999999
0.255486
0.457451
0.489416
0.6365660000000001
0.619323
0.677745
0.402834
0.416059
0.234697
0.05159300000000001
0.0
0.0
0.0
0.0
0.0
0.0
0.0
0.0
0.0
0.0
0.0
0.0
0.008288
0.069232
0.1509
0.283421
0.35879700000000003
0.41764
0.623814
0.5368890000000001
0.45577
0.34820999999999996
0.19331600000000002
0.05198
0.0
0.0
0.0
0.0
0.0
0.0
0.0
0.0
0.0
0.0
0.0
0.0
0.007912
0.085411
0.25082499999999996
0.395049
0.468236
0.466308
0.550218
0.507794
0.493089
0.35761000000000004
0.213411
0.056683
0.0
0.0
0.0
0.0
0.0
0.0
0.0
0.0
0.0
0.0
0.0
0.0
0.012794
0.129144
0.22373500000000002
0.406464
0.53738
0.422776
0.630681
0.577418
0.467381
0.25995
0.17954900000000001
0.048086
0.0
0.0
0.0
0.0
0.0
0.0
0.0
0.0
0.0
0.0
0.0
0.0
0.008962
0.123098
0.268197
0.492789
0.567385
0.634049
0.554787
0.614651
0.491426
0.385041
0.185318
0.039686
0.0
0.0
0.0
0.0
0.0
0.0
0.0
0.0
0.0
0.0
0.0
0.0
0.015862
0.124696
0.29818700000000004
0.44977
0.589611
0.6265689999999999
0.54688
0.570442
0.46901
0.37442000000000003
0.20765199999999998
0.043156
0.0
0.0
0.0
0.0
0.0
0.0
0.0
0.0
0.0
0.0
0.0
0.0
0.010042
0.13529
0.216606
0.46229000000000003
0.522925
0.583992
0.613302
0.5362530000000001
0.471385
0.327615
0.099283
0.05421
0.0
0.0
0.0
0.0
0.0
0.0
0.0
0.0
0.0
0.0
0.0
0.0
0.010731999999999998
0.127052
0.180326
0.29951799999999995
0.45279899999999995
0.598515
0.48012299999999997
0.5290929999999999
0.465254
0.16653700000000002
0.16351400000000002
0.048754
0.0
0.0
0.0
0.0
0.0
0.0
0.0
0.0
0.0
0.0
0.0
0.0
0.011607
0.076974
0.13466999999999998
0.37425400000000003
0.29301
0.459018
0.37540300000000004
0.459197
0.341
0.293549
0.131572
0.043539
0.0
0.0
0.0
0.0
0.0
0.0
0.0
0.0
0.0
0.0
0.0
0.0
0.011247
0.11501399999999999
0.22071700000000002
0.42588
0.41369900000000004
0.5259400000000001
0.539691
0.6496470000000001
0.39359500000000003
0.355664
0.204832
0.048804
0.0
0.0
0.0
0.0
0.0
0.0
0.0
0.0
0.0
0.0
0.0
0.0
0.011159
0.11847400000000001
0.170402
0.301276
0.403412
0.710529
0.597821
0.5442319999999999
0.44958499999999996
0.42046100000000003
0.23256100000000002
0.053024999999999996
0.0
0.0
0.0
0.0
0.0
0.0
0.0
0.0
0.0
0.0
0.0
0.0
0.012092
0.120208
0.187419
0.354817
0.550074
0.6046050000000001
0.637674
0.6536879999999999
0.5229450000000001
0.35113099999999997
0.213113
0.039202
0.0
0.0
0.0
0.0
0.0
0.0
0.0
0.0
0.0
0.0
0.0
0.0
0.01511
0.112248
0.29890100000000003
0.471052
0.6227509999999999
0.655895
0.362973
0.587446
0.37334300000000004
0.36786599999999997
0.224352
0.060908000000000004
0.0
0.0
0.0
0.0
0.0
0.0
0.0
0.0
0.0
0.0
0.0
0.0
0.012586
0.10076600000000001
0.256024
0.376276
0.561644
0.50651
0.604365
0.632971
0.491987
0.400838
0.165851
0.058329
0.0
0.0
0.0
0.0
0.0
0.0
0.0
0.0
0.0
0.0
0.0
0.0
0.014714
0.103774
0.30767700000000003
0.454177
0.586865
0.601911
0.647119
0.588251
0.43669
0.276835
0.181797
0.043778
0.0
0.0
0.0
0.0
0.0
0.0
0.0
0.0
0.0
0.0
0.0
0.0
0.014369999999999999
0.092009
0.289859
0.41579
0.593595
0.5740259999999999
0.47914999999999996
0.510165
0.342874
0.405981
0.17704
0.046339
0.0
0.0
0.0
0.0
0.0
0.0
0.0
0.0
0.0
0.0
0.0
0.0
0.021013
0.13081800000000002
0.296261
0.375616
0.46771300000000005
0.689964
0.53624
0.44228300000000004
0.497369
0.335235
0.233481
0.048048
0.0
0.0
0.0
0.0
0.0
0.0
0.0
0.0
0.0
0.0
0.0
0.0
0.013744999999999999
0.076854
0.23368799999999998
0.262541
0.398241
0.29022000000000003
0.589505
0.62372
0.447912
0.33288999999999996
0.14762999999999998
0.034777999999999996
0.0
0.0
0.0
0.0
0.0
0.0
0.0
0.0
0.0
0.0
0.0
0.0
0.015068
0.098673
0.26113200000000003
0.35203300000000004
0.503409
0.47605000000000003
0.64989
0.581213
0.49687400000000004
0.404142
0.200063
0.064906
0.0
0.0
0.0
0.0
0.0
0.0
0.0
0.0
0.0
0.0
0.0
0.0
0.017907
0.155362
0.35741300000000004
0.45367399999999997
0.6058790000000001
0.678753
0.594997
0.546414
0.439015
0.352099
0.204841
0.041858
0.0
0.0
0.0
0.0
0.0
0.0
0.0
0.0
0.0
0.0
0.0
0.0
0.020535
0.15625999999999998
0.272375
0.46670100000000003
0.571158
0.600075
0.566108
0.487064
0.289793
0.323684
0.143275
0.048826999999999995
0.0
0.0
0.0
0.0
0.0
0.0
0.0
0.0
0.0
0.0
0.0
0.0
0.025251000000000003
0.106387
0.31121
0.459086
0.49148000000000003
0.713159
0.690258
0.630565
0.575981
0.415343
0.240761
0.046348999999999994
0.0
0.0
0.0
0.0
0.0
0.0
0.0
0.0
0.0
0.0
0.0
0.0
0.014647
0.126496
0.29899400000000004
0.43865899999999997
0.5451309999999999
0.568117
0.5130549999999999
0.611816
0.438476
0.264315
0.108284
0.041765000000000004
0.0
0.0
0.0
0.0
0.0
0.0
0.0
0.0
0.0
0.0
0.0
0.0
0.019517
0.106954
0.318019
0.35457
0.568181
0.582909
0.623389
0.473295
0.402402
0.41823200000000005
0.191216
0.050679
0.0
0.0
0.0
0.0
0.0
0.0
0.0
0.0
0.0
0.0
0.0
0.0
0.019126
0.119092
0.29872899999999997
0.39516
0.529833
0.5290710000000001
0.505671
0.534787
0.511933
0.300656
0.15168700000000002
0.050444
0.0
0.0
0.0
0.0
0.0
0.0
0.0
0.0
0.0
0.0
0.0
0.0
0.018215
0.131957
0.316713
0.450796
0.52064
0.676361
0.653267
0.5189539999999999
0.527079
0.26418200000000003
0.217932
0.038537
0.0
0.0
0.0
0.0
0.0
0.0
0.0
0.0
0.0
0.0
0.0
0.0
0.015934
0.124548
0.228465
0.470877
0.44814
0.623092
0.675268
0.604582
0.547693
0.401924
0.254948
0.058683
0.0
0.0
0.0
0.0
0.0
0.0
0.0
0.0
0.0
0.0
0.0
0.0
0.027941
0.134017
0.31751
0.449257
0.5296839999999999
0.552577
0.667901
0.675107
0.499231
0.388596
0.11305
0.042058
0.0
0.0
0.0
0.0
0.0
0.0
0.0
0.0
0.0
0.0
0.0
0.0
0.023683
0.07020699999999999
0.29927800000000004
0.546452
0.536772
0.5527219999999999
0.624765
0.488225
0.49355099999999996
0.33741000000000004
0.228532
0.041603
0.0
0.0
0.0
0.0
0.0
0.0
0.0
0.0
0.0
0.0
0.0
0.0
0.027190000000000002
0.15978399999999998
0.402747
0.495817
0.509196
0.6481950000000001
0.501735
0.619318
0.544179
0.374705
0.22922700000000001
0.057138
0.0
0.0
0.0
0.0
0.0
0.0
0.0
0.0
0.0
0.0
0.0
0.0
0.021472
0.12128799999999999
0.373669
0.484923
0.66789
0.714966
0.763731
0.52115
0.5899070000000001
0.409831
0.199657
0.048043999999999996
0.0
0.0
0.0
0.0
0.0
0.0
0.0
0.0
0.0
0.0
0.0
0.0
0.02184
0.129726
0.252019
0.470457
0.47950099999999996
0.599105
0.580911
0.636141
0.468081
0.39180200000000004
0.23908500000000002
0.055156
0.0
0.0
0.0
0.0
0.0
0.0
0.0
0.0
0.0
0.0
0.0
0.0
0.021455
0.10830100000000001
0.222508
0.29863999999999996
0.5745589999999999
0.5573089999999999
0.477666
0.327326
0.345308
0.238241
0.11962
0.037175
0.0
0.0
0.0
0.0
0.0
0.0
0.0
0.0
0.0
0.0
0.0
0.0
0.020991
0.22897
0.38814699999999996
0.46432799999999996
0.658385
0.724872
0.719222
0.6450359999999999
0.6026
0.408904
0.22277699999999998
0.061902
0.0
0.0
0.0
0.0
0.0
0.0
0.0
0.0
0.0
0.0
0.0
0.0
0.025076
0.181167
0.326649
0.392462
0.5843630000000001
0.6306499999999999
0.5952390000000001
0.662453
0.511848
0.399675
0.173451
0.047890999999999996
0.0
0.0
0.0
0.0
0.0
0.0
0.0
0.0
0.0
0.0
0.0
0.0
0.025315
0.203536
0.255859
0.530726
0.5869439999999999
0.642614
0.655629
0.593819
0.552867
0.402281
0.208672
0.049308
0.0
0.0
0.0
0.0
0.0
0.0
0.0
0.0
0.0
0.0
0.0
0.0
0.024957
0.117717
0.28810399999999997
0.49983
0.5602509999999999
0.537169
0.5878519999999999
0.395139
0.250079
0.345642
0.18424700000000002
0.041485999999999995
0.0
0.0
0.0
0.0
0.0
0.0
0.0
0.0
0.0
0.0
0.0
0.0
0.026896999999999997
0.16713
0.25952
0.42486599999999997
0.5673189999999999
0.582172
0.6589160000000001
0.6398630000000001
0.523657
0.294684
0.190955
0.041835000000000004
0.0
0.0
0.0
0.0
0.0
0.0
0.0
0.0
0.0
0.0
0.0
0.0
0.03524
0.15624700000000002
0.211355
0.445576
0.5704629999999999
0.589515
0.676458
0.66861
0.526972
0.36051799999999995
0.155059
0.046710999999999996
0.0
0.0
0.0
0.0
0.0
0.0
0.0
0.0
0.0
0.0
0.0
0.0
0.021176999999999998
0.138396
0.33419600000000005
0.353537
0.299331
0.585203
0.628326
0.616504
0.452823
0.357178
0.15428
0.045024999999999996
0.0
0.0
0.0
0.0
0.0
0.0
0.0
0.0
0.0
0.0
0.0
0.0
0.028714
0.12683
0.384272
0.44471
0.6433730000000001
0.5861649999999999
0.654535
0.634008
0.407643
0.376667
0.227534
0.050024
0.0
0.0
0.0
0.0
0.0
0.0
0.0
0.0
0.0
0.0
0.0
0.0
0.024822
0.195511
0.440269
0.416848
0.5672630000000001
0.7078540000000001
0.599084
0.46435000000000004
0.426588
0.167951
0.239503
0.063033
0.0
0.0
0.0
0.0
0.0
0.0
0.0
0.0
0.0
0.0
0.0
0.0
0.026484
0.12361799999999999
0.206612
0.47084899999999996
0.481663
0.641484
0.57788
0.5388930000000001
0.322318
0.35827499999999995
0.16452799999999998
0.033918
0.0
0.0
0.0
0.0
0.0
0.0
0.0
0.0
0.0
0.0
0.0
0.0
0.024657
0.16412200000000002
0.158902
0.44505399999999995
0.635808
0.513423
0.5573469999999999
0.473925
0.474899
0.37085700000000005
0.162619
0.038454
0.0
0.0
0.0
0.0
0.0
0.0
0.0
0.0
0.0
0.0
0.0
0.0
0.041588
0.146764
0.429351
0.452261
0.5901040000000001
0.507045
0.542486
0.504548
0.31461
0.385702
0.194821
0.048252
0.0
0.0
0.0
0.0
0.0
0.0
0.0
0.0
0.0
0.0
0.0
0.0
0.033427
0.16538999999999998
0.237533
0.31406
0.529438
0.425045
0.264461
0.499532
0.205324
0.220472
0.109098
0.036724
0.0
0.0
0.0
0.0
0.0
0.0
0.0
0.0
0.0
0.0
0.0
0.0
0.03156
0.182727
0.290063
0.420596
0.39513099999999995
0.624995
0.616783
0.592452
0.507303
0.420737
0.223432
0.042610999999999996
0.0
0.0
0.0
0.0
0.0
0.0
0.0
0.0
0.0
0.0
0.0
0.0
0.032351
0.137997
0.309375
0.503522
0.7048690000000001
0.641473
0.6610689999999999
0.6830499999999999
0.568048
0.43799400000000005
0.252699
0.062405999999999996
0.0
0.0
0.0
0.0
0.0
0.0
0.0
0.0
0.0
0.0
0.0
0.0
0.038582
0.08752599999999999
0.39114499999999996
0.48538099999999995
0.54313
0.727247
0.728031
0.6716799999999999
0.620992
0.446892
0.272718
0.058524
0.0
0.0
0.0
0.0
0.0
0.0
0.0
0.0
0.0
0.0
0.0
0.0
0.033976
0.19968
0.377699
0.580879
0.6653490000000001
0.707835
0.704783
0.660022
0.5750230000000001
0.424213
0.22858799999999999
0.042847
0.0
0.0
0.0
0.0
0.0
0.0
0.0
0.0
0.0
0.0
0.0
0.0
0.04246200000000001
0.146304
0.294599
0.602727
0.634999
0.714317
0.679997
0.653809
0.575901
0.445739
0.203429
0.045938
0.0
0.0
0.0
0.0
0.0
0.0
0.0
0.0
0.0
0.0
0.0
0.0
0.04034
0.1424
0.28850200000000004
0.342735
0.47293799999999997
0.595971
0.6465339999999999
0.642306
0.550574
0.436192
0.220756
0.0489
0.0
0.0
0.0
0.0
0.0
0.0
0.0
0.0
0.0
0.0
0.0
0.0
0.031762
0.189226
0.370572
0.50484
0.6569919999999999
0.6770499999999999
0.649395
0.699879
0.515053
0.387112
0.243469
0.045185
0.0
0.0
0.0
0.0
0.0
0.0
0.0
0.0
0.0
0.0
0.0
0.0
0.026979
0.106875
0.195276
0.368927
0.333712
0.427904
0.464237
0.550098
0.496771
0.316062
0.227799
0.05052
0.0
0.0
0.0
0.0
0.0
0.0
0.0
0.0
0.0
0.0
0.0
0.0
0.03295
0.203297
0.39394799999999996
0.612305
0.650087
0.6002569999999999
0.717681
0.663929
0.6102329999999999
0.37571699999999997
0.259964
0.057034
0.0
0.0
0.0
0.0
0.0
0.0
0.0
0.0
0.0
0.0
0.0
0.0
0.02466
0.078516
0.172058
0.506019
0.649871
0.718398
0.643636
0.616328
0.593663
0.444698
0.243074
0.045078
0.0
0.0
0.0
0.0
0.0
0.0
0.0
0.0
0.0
0.0
0.0
0.0
0.030104
0.18880699999999997
0.311089
0.540477
0.57277
0.577157
0.656593
0.518931
0.45243
0.392093
0.21532099999999998
0.035101
0.0
0.0
0.0
0.0
0.0
0.0
0.0
0.0
0.0
0.0
0.0
0.0
0.020080999999999998
0.12174
0.208626
0.508766
0.599197
0.489331
0.6592380000000001
0.7446710000000001
0.578692
0.47853199999999996
0.245472
0.050598
0.0
0.0
0.0
0.0
0.0
0.0
0.0
0.0
0.0
0.0
0.0
0.0
0.033794
0.164357
0.269081
0.27791899999999997
0.533969
0.705332
0.71096
0.6249880000000001
0.561794
0.403705
0.22186
0.038037
0.0
0.0
0.0
0.0
0.0
0.0
0.0
0.0
0.0
0.0
0.0
0.0
0.047069
0.232167
0.17594300000000002
0.425417
0.744278
0.580546
0.726225
0.699394
0.6143930000000001
0.453179
0.286871
0.06467400000000001
0.0
0.0
0.0
0.0
0.0
0.0
0.0
0.0
0.0
0.0
0.0
0.0
0.051476999999999995
0.239142
0.42619
0.583627
0.653848
0.720883
0.5143759999999999
0.55259
0.625364
0.433612
0.27146499999999996
0.058253
0.0
0.0
0.0
0.0
0.0
0.0
0.0
0.0
0.0
0.0
0.0
0.0
0.040674999999999996
0.175299
0.41816000000000003
0.475539
0.513501
0.651138
0.448808
0.661591
0.522803
0.390304
0.187655
0.041392000000000005
0.0
0.0
0.0
0.0
0.0
0.0
0.0
0.0
0.0
0.0
0.0
0.0
0.050134
0.22091999999999998
0.429793
0.617094
0.697585
0.755582
0.7362989999999999
0.680078
0.604778
0.31457999999999997
0.253355
0.054686
0.0
0.0
0.0
0.0
0.0
0.0
0.0
0.0
0.0
0.0
0.0
0.0
0.070514
0.259779
0.421374
0.415433
0.6030890000000001
0.604279
0.72242
0.6169049999999999
0.399243
0.424745
0.245861
0.052065
0.0
0.0
0.0
0.0
0.0
0.0
0.0
0.0
0.0
0.0
0.0
0.0
0.06396500000000001
0.153661
0.29543200000000003
0.428944
0.700389
0.662473
0.7785019999999999
0.678183
0.593031
0.46953100000000003
0.24449600000000002
0.054105
0.0
0.0
0.0
0.0
0.0
0.0
0.0
0.0
0.0
0.0
0.0
0.0
0.035044
0.148429
0.40191899999999997
0.499927
0.7213229999999999
0.6542619999999999
0.6299009999999999
0.6494
0.601202
0.393995
0.213485
0.043831
0.0
0.0
0.0
0.0
0.0
0.0
0.0
0.0
0.0
0.0
0.0
0.0
0.032179
0.218245
0.31618799999999997
0.564808
0.648254
0.5900700000000001
0.701196
0.66195
0.547104
0.411536
0.231041
0.046778
0.0
0.0
0.0
0.0
0.0
0.0
0.0
0.0
0.0
0.0
0.0
0.0
0.036855
0.192791
0.386364
0.53707
0.574616
0.714189
0.725102
0.6788869999999999
0.5639299999999999
0.395291
0.208524
0.038307
0.0
0.0
0.0
0.0
0.0
0.0
0.0
0.0
0.0
0.0
0.0
0.0
0.049973
0.146425
0.18401499999999998
0.45969099999999996
0.485351
0.699515
0.6792
0.691346
0.5969059999999999
0.399736
0.190162
0.05162
0.0
0.0
0.0
0.0
0.0
0.0
0.0
0.0
0.0
0.0
0.0
0.0
0.032436
0.182446
0.291514
0.5149349999999999
0.52274
0.379612
0.650119
0.6237290000000001
0.406843
0.420103
0.11559900000000001
0.043445
0.0
0.0
0.0
0.0
0.0
0.0
0.0
0.0
0.0
0.0
0.0
0.0
0.035454
0.169797
0.42825
0.552125
0.6743790000000001
0.715412
0.66518
0.493584
0.555016
0.419387
0.23728
0.040407
0.0
0.0
0.0
0.0
0.0
0.0
0.0
0.0
0.0
0.0
0.0
0.0
0.042601
0.226072
0.442955
0.5981879999999999
0.439151
0.548907
0.622417
0.462005
0.558791
0.340218
0.246166
0.040499
0.0
0.0
0.0
0.0
0.0
0.0
0.0
0.0
0.0
0.0
0.0
0.0
0.038131
0.137921
0.38613
0.5795309999999999
0.275663
0.760316
0.7309249999999999
0.661001
0.59153
0.332486
0.170397
0.041369
0.0
0.0
0.0
0.0
0.0
0.0
0.0
0.0
0.0
0.0
0.0
0.0
0.054189999999999995
0.18998400000000001
0.361948
0.609549
0.686862
0.7511169999999999
0.7504740000000001
0.671946
0.59514
0.4654
0.248826
0.064318
0.0
0.0
0.0
0.0
0.0
0.0
0.0
0.0
0.0
0.0
0.0
0.0
0.047284
0.14634
0.197167
0.5421159999999999
0.7235
0.639931
0.6170789999999999
0.723157
0.541898
0.443681
0.266386
0.05483
0.0
0.0
0.0
0.0
0.0
0.0
0.0
0.0
0.0
0.0
0.0
0.0
0.030288
0.16714500000000002
0.316401
0.529307
0.6928719999999999
0.687166
0.749008
0.650224
0.6266240000000001
0.487073
0.249914
0.06288300000000001
0.0
0.0
0.0
0.0
0.0
0.0
0.0
0.0
0.0
0.0
0.0
0.0
0.049686
0.201852
0.322549
0.461148
0.462339
0.714697
0.709451
0.6999099999999999
0.522077
0.47462400000000005
0.27930099999999997
0.07123099999999999
0.0
0.0
0.0
0.0
0.0
0.0
0.0
0.0
0.0
0.0
0.0
0.0
0.054592
0.236276
0.344986
0.47028
0.5419360000000001
0.68953
0.753364
0.697032
0.630223
0.452018
0.274566
0.057316000000000006
0.0
0.0
0.0
0.0
0.0
0.0
0.0
0.0
0.0
0.0
0.0
0.0
0.037380000000000004
0.142499
0.287997
0.435483
0.5591269999999999
0.7181409999999999
0.7033680000000001
0.608625
0.5383089999999999
0.410306
0.233951
0.052835
0.0
0.0
0.0
0.0
0.0
0.0
0.0
0.0
0.0
0.0
0.0
0.0
0.03236
0.195232
0.19697900000000002
0.370384
0.5254030000000001
0.611066
0.456706
0.507035
0.420584
0.20779599999999998
0.186505
0.045055
0.0
0.0
0.0
0.0
0.0
0.0
0.0
0.0
0.0
0.0
0.0
0.0
0.022821
0.080625
0.12884800000000002
0.28035899999999997
0.167795
0.19587100000000002
0.42362900000000003
0.47454700000000005
0.418553
0.33174200000000004
0.171326
0.054203
0.0
0.0
0.0
0.0
0.0
0.0
0.0
0.0
0.0
0.0
0.0
0.0
0.027030000000000002
0.21949700000000003
0.248171
0.514563
0.42672000000000004
0.749184
0.71616
0.586337
0.42877
0.376563
0.126362
0.06515399999999999
0.0
0.0
0.0
0.0
0.0
0.0
0.0
0.0
0.0
0.0
0.0
0.0
0.040618
0.125612
0.243671
0.39395800000000003
0.58974
0.670455
0.646597
0.6686599999999999
0.57735
0.389019
0.21264
0.037568
0.0
0.0
0.0
0.0
0.0
0.0
0.0
0.0
0.0
0.0
0.0
0.0
0.055170000000000004
0.153884
0.384172
0.449067
0.6369779999999999
0.726733
0.715313
0.7034429999999999
0.59075
0.482751
0.239452
0.071681
0.0
0.0
0.0
0.0
0.0
0.0
0.0
0.0
0.0
0.0
0.0
0.0
0.038529
0.187767
0.326759
0.405721
0.655854
0.560399
0.691808
0.606921
0.596782
0.42765499999999995
0.300339
0.050847
0.0
0.0
0.0
0.0
0.0
0.0
0.0
0.0
0.0
0.0
0.0
0.0
0.034731000000000005
0.186893
0.294146
0.506129
0.49250900000000003
0.683041
0.655335
0.442821
0.556341
0.382937
0.22952
0.049967
0.0
0.0
0.0
0.0
0.0
0.0
0.0
0.0
0.0
0.0
0.0
0.0
0.026886
0.142875
0.352678
0.420321
0.501158
0.46025
0.577926
0.642408
0.44135199999999997
0.332708
0.19370099999999998
0.073678
0.0
0.0
0.0
0.0
0.0
0.0
0.0
0.0
0.0
0.0
0.0
0.0
0.025854
0.10671599999999999
0.45226
0.505799
0.6136050000000001
0.6443690000000001
0.770396
0.7337279999999999
0.47364999999999996
0.428187
0.269397
0.089514
0.0
0.0
0.0
0.0
0.0
0.0
0.0
0.0
0.0
0.0
0.0
0.0
0.02991
0.1125
0.419194
0.463258
0.631231
0.6563300000000001
0.657873
0.6823210000000001
0.527402
0.440801
0.252873
0.059094
0.0
0.0
0.0
0.0
0.0
0.0
0.0
0.0
0.0
0.0
0.0
0.0
0.033732
0.153698
0.445927
0.459023
0.556813
0.634498
0.6626369999999999
0.6196240000000001
0.553354
0.330659
0.18506899999999998
0.067304
0.0
0.0
0.0
0.0
0.0
0.0
0.0
0.0
0.0
0.0
0.0
0.0
0.047119999999999995
0.22967400000000002
0.346703
0.40284800000000004
0.482445
0.517991
0.6171040000000001
0.614591
0.6307999999999999
0.283832
0.24265199999999998
0.088852
0.0
0.0
0.0
0.0
0.0
0.0
0.0
0.0
0.0
0.0
0.0
0.0
0.03596
0.22334
0.36522899999999997
0.503685
0.553578
0.7027559999999999
0.647297
0.701095
0.606139
0.45493700000000004
0.263274
0.053234000000000004
0.0
0.0
0.0
0.0
0.0
0.0
0.0
0.0
0.0
0.0
0.0
0.0
0.033612
0.279015
0.380176
0.564216
0.671115
0.678415
0.751568
0.496442
0.532686
0.351669
0.113157
0.052001
0.0
0.0
0.0
0.0
0.0
0.0
0.0
0.0
0.0
0.0
0.0
0.0
0.040899
0.132332
0.328245
0.6114700000000001
0.659492
0.760996
0.671986
0.42032400000000003
0.520165
0.479144
0.267655
0.042807000000000005
0.0
0.0
0.0
0.0
0.0
0.0
0.0
0.0
0.0
0.0
0.0
0.0
0.027646999999999998
0.14893199999999998
0.317378
0.4763
0.460502
0.488339
0.484089
0.37465
0.31151
0.29669799999999996
0.17316
0.05428
0.0
0.0
0.0
0.0
0.0
0.0
0.0
0.0
0.0
0.0
0.0
0.0
0.039645
0.23387200000000002
0.368125
0.40567899999999996
0.630464
0.649942
0.685168
0.643758
0.414477
0.425179
0.26636000000000004
0.085951
0.0
0.0
0.0
0.0
0.0
0.0
0.0
0.0
0.0
0.0
0.0
0.0
0.053834
0.187645
0.352721
0.30593400000000004
0.45553
0.507168
0.69772
0.739228
0.5986950000000001
0.466112
0.197683
0.097263
0.0
0.0
0.0
0.0
0.0
0.0
0.0
0.0
0.0
0.0
0.0
0.0
0.026986
0.170207
0.37832
0.5019049999999999
0.641368
0.682535
0.616649
0.598822
0.45735000000000003
0.282671
0.17847200000000002
0.047656
0.0
0.0
0.0
0.0
0.0
0.0
0.0
0.0
0.0
0.0
0.0
0.0
0.03523
0.18337799999999999
0.39971300000000004
0.515199
0.63595
0.66689
0.610974
0.6122000000000001
0.6006889999999999
0.43903699999999996
0.271393
0.07231900000000001
0.0
0.0
0.0
0.0
0.0
0.0
0.0
0.0
0.0
0.0
0.0
0.0
0.053015
0.233486
0.440634
0.577491
0.661746
0.726281
0.6756169999999999
0.67459
0.44643
0.500466
0.306213
0.096902
0.0
0.0
0.0
0.0
0.0
0.0
0.0
0.0
0.0
0.0
0.0
0.0
0.046107999999999996
0.160528
0.298937
0.513212
0.652788
0.708327
0.701188
0.7226699999999999
0.588263
0.481919
0.328397
0.11353
0.0
0.0
0.0
0.0
0.0
0.0
0.0
0.0
0.0
0.0
0.0
0.0
0.039966
0.153416
0.386173
0.6207630000000001
0.694681
0.699902
0.696072
0.6626369999999999
0.608475
0.48356099999999996
0.33094799999999996
0.113816
0.0
0.0
0.0
0.0
0.0
0.0
0.0
0.0
0.0
0.0
0.0
0.0
0.050752000000000005
0.210989
0.356614
0.534022
0.570816
0.7123200000000001
0.716459
0.68877
0.556569
0.501817
0.31644900000000004
0.117212
0.0
0.0
0.0
0.0
0.0
0.0
0.0
0.0
0.0
0.0
0.0
0.0
0.035281
0.24674100000000002
0.464736
0.5581430000000001
0.69263
0.695784
0.8065209999999999
0.556294
0.707173
0.30752300000000005
0.265216
0.09940099999999999
0.0
0.0
0.0
0.0
0.0
0.0
0.0
0.0
0.0
0.0
0.0
0.0
0.042540999999999995
0.138409
0.250329
0.504248
0.486568
0.717366
0.726445
0.714163
0.6485359999999999
0.38308
0.336877
0.065288
0.0
0.0
0.0
0.0
0.0
0.0
0.0
0.0
0.0
0.0
0.0
0.0
0.023421
0.168875
0.336885
0.46292500000000003
0.535644
0.6331749999999999
0.473221
0.646161
0.321288
0.32983100000000004
0.191718
0.049594
0.0
0.0
0.0
0.0
0.0
0.0
0.0
0.0
0.0
0.0
0.0
0.0
0.027731000000000002
0.16622399999999998
0.260277
0.35556
0.41457900000000003
0.48016000000000003
0.725417
0.606381
0.57196
0.375987
0.23077099999999998
0.059321
0.0
0.0
0.0
0.0
0.0
0.0
0.0
0.0
0.0
0.0
0.0
0.0
0.025516999999999998
0.20365799999999998
0.18559299999999998
0.47957900000000003
0.408127
0.36583699999999997
0.572571
0.399351
0.353342
0.255485
0.270491
0.091724
0.0
0.0
0.0
0.0
0.0
0.0
0.0
0.0
0.0
0.0
0.0
0.0
0.016319
0.12897399999999998
0.336815
0.39955799999999997
0.397393
0.5813550000000001
0.565697
0.682472
0.569253
0.433662
0.247745
0.061939
0.0
0.0
0.0
0.0
0.0
0.0
0.0
0.0
0.0
0.0
0.0
0.0
0.023876
0.17694100000000001
0.310257
0.523481
0.644679
0.705017
0.601074
0.6353329999999999
0.570395
0.463204
0.299719
0.071592
0.0
0.0
0.0
0.0
0.0
0.0
0.0
0.0
0.0
0.0
0.0
0.0
0.027536
0.188719
0.276255
0.53066
0.529202
0.573588
0.744267
0.633614
0.619893
0.281092
0.269889
0.095805
0.0
0.0
0.0
0.0
0.0
0.0
0.0
0.0
0.0
0.0
0.0
0.0
0.014675
0.15574000000000002
0.226912
0.389317
0.48032600000000003
0.616204
0.420813
0.45742099999999997
0.511722
0.293346
0.17009100000000002
0.072118
0.0
0.0
0.0
0.0
0.0
0.0
0.0
0.0
0.0
0.0
0.0
0.0
0.023873000000000002
0.167241
0.297553
0.401069
0.444147
0.411511
0.702392
0.62305
0.5380539999999999
0.49409
0.267441
0.08539100000000001
0.0
0.0
0.0
0.0
0.0
0.0
0.0
0.0
0.0
0.0
0.0
0.0
0.039878
0.210592
0.41467899999999996
0.526651
0.654714
0.639184
0.596172
0.6413920000000001
0.515336
0.41683499999999996
0.30854899999999996
0.098322
0.0
0.0
0.0
0.0
0.0
0.0
0.0
0.0
0.0
0.0
0.0
0.0
0.030178
0.154855
0.252738
0.206421
0.49000499999999997
0.671986
0.544022
0.6964589999999999
0.646492
0.518335
0.347443
0.12183100000000001
0.0
0.0
0.0
0.0
0.0
0.0
0.0
0.0
0.0
0.0
0.0
0.0
0.020134
0.19409200000000001
0.411656
0.414721
0.653646
0.684609
0.646119
0.47494600000000003
0.50283
0.48273200000000005
0.319953
0.114452
0.0
0.0
0.0
0.0
0.0
0.0
0.0
0.0
0.0
0.0
0.0
0.0
0.016847
0.074534
0.246727
0.28098
0.557531
0.359525
0.5891069999999999
0.630746
0.48101499999999997
0.465071
0.311875
0.09834699999999999
0.0
0.0
0.0
0.0
0.0
0.0
0.0
0.0
0.0
0.0
0.0
0.0
0.012198
0.071522
0.167399
0.436272
0.5459740000000001
0.590569
0.6350950000000001
0.497803
0.5963849999999999
0.462673
0.257193
0.08730299999999999
0.0
0.0
0.0
0.0
0.0
0.0
0.0
0.0
0.0
0.0
0.0
0.0
0.010282
0.09439700000000001
0.131353
0.20407599999999998
0.28412099999999996
0.5369729999999999
0.378596
0.21099600000000002
0.24768
0.303807
0.186036
0.12674
0.0
0.0
0.0
0.0
0.0
0.0
0.0
0.0
0.0
0.0
0.0
0.0
0.011573
0.08276399999999999
0.241814
0.341537
0.445695
0.5035729999999999
0.505833
0.539048
0.376346
0.340629
0.292219
0.06401000000000001
0.0
0.0
0.0
0.0
0.0
0.0
0.0
0.0
0.0
0.0
0.0
0.0
0.020222999999999998
0.079404
0.309917
0.30211
0.492342
0.78388
0.7557780000000001
0.617487
0.640777
0.436151
0.318398
0.103978
0.0
0.0
0.0
0.0
0.0
0.0
0.0
0.0
0.0
0.0
0.0
0.0
0.021261
0.117247
0.350228
0.388527
0.694718
0.632471
0.64385
0.744503
0.612433
0.5563020000000001
0.363054
0.142123
0.000277
0.0
0.0
0.0
0.0
0.0
0.0
0.0
0.0
0.0
0.0
0.0
0.015686
0.179475
0.32723599999999997
0.476605
0.6134890000000001
0.734893
0.759274
0.729468
0.6513909999999999
0.525638
0.363136
0.11424899999999999
0.0
0.0
0.0
0.0
0.0
0.0
