0.0
0.0
0.0
0.0
0.0
0.023603000000000002
0.23423500000000003
0.414659
0.565006
0.675005
0.744466
0.766765
0.767445
0.727179
0.63746
0.5153949999999999
0.343688
0.100684
0.0
0.0
0.0
0.0
0.0
0.0
0.0
0.0
0.0
0.0
0.0
0.019687
0.191018
0.386356
0.565232
0.666066
0.7396050000000001
0.766536
0.762928
0.7094320000000001
0.632364
0.495143
0.328916
0.09620699999999999
0.0
0.0
0.0
0.0
0.0
0.0
0.0
0.0
0.0
0.0
0.0
0.019677
0.229085
0.376877
0.523347
0.6521549999999999
0.7234210000000001
0.735966
0.751383
0.667611
0.575029
0.43828100000000003
0.3628
0.128662
0.0
0.0
0.0
0.0
0.0
0.0
0.0
0.0
0.0
0.0
0.0
0.018765999999999998
0.160827
0.29124099999999997
0.392262
0.459565
0.470413
0.468253
0.377876
0.65524
0.511917
0.32062
0.17022800000000002
0.028640000000000002
0.0
0.0
0.0
0.0
0.0
0.0
0.0
0.0
0.0
0.0
0.0
0.027033
0.22799
0.29047199999999995
0.31721499999999997
0.498536
0.724113
0.752579
0.688748
0.269432
0.411421
0.351798
0.335225
0.131715
0.0
0.0
0.0
0.0
0.0
0.0
0.0
0.0
0.0
0.0
0.0
0.019048
0.20825
0.413643
0.34097500000000003
0.668682
0.7601789999999999
0.7956319999999999
0.6080760000000001
0.235996
0.019806
0.036255
0.055966999999999996
0.022964
0.0
0.0
0.0
0.0
0.0
0.0
0.0
0.0
0.0
0.0
0.0
0.022205
0.143906
0.24793
0.467654
0.612349
0.745437
0.792741
0.775711
0.540245
0.22035
0.152144
0.053611
0.005719999999999999
0.0
0.0
0.0
0.0
0.0
0.0
0.0
0.0
0.0
0.0
0.0
0.012799
0.096777
0.157777
0.45901
0.24580600000000002
0.420657
0.744626
0.607185
0.172435
0.045929000000000005
0.032197
0.00445
0.0
0.0
0.0
0.0
0.0
0.0
0.0
0.0
0.0
0.0
0.0
0.0
0.001397
0.048282
0.12432
0.108946
0.279149
0.522061
0.42603399999999997
0.465271
0.307161
0.31207999999999997
0.20153800000000002
0.23234100000000002
0.06998
0.0
0.0
0.0
0.0
0.0
0.0
0.0
0.0
0.0
0.0
0.0
0.015712
0.105962
0.254885
0.297659
0.543655
0.7616
0.783509
0.7602709999999999
0.697886
0.570078
0.419282
0.186962
0.085997
0.0
0.0
0.0
0.0
0.0
0.0
0.0
0.0
0.0
0.0
0.0
0.024324000000000002
0.147195
0.37017
0.552359
0.676151
0.7311989999999999
0.7423
0.760957
0.72235
0.634278
0.502279
0.35041100000000003
0.098684
0.0
0.0
0.0
0.0
0.0
0.0
0.0
0.0
0.0
0.0
0.0
0.013815
0.197019
0.368101
0.512475
0.6642140000000001
0.73888
0.761795
0.740916
0.7252759999999999
0.549339
0.40812400000000004
0.306064
0.077638
0.0
0.0
0.0
0.0
0.0
0.0
0.0
0.0
0.0
0.0
0.0
0.020235
0.10594100000000001
0.184558
0.413888
0.550501
0.5443049999999999
0.533279
0.7285539999999999
0.641989
0.49212700000000004
0.312008
0.1861
0.041225000000000005
0.0
0.0
0.0
0.0
0.0
0.0
0.0
0.0
0.0
0.0
0.0
0.018803
0.139757
0.211989
0.285325
0.395035
0.665139
0.652452
0.633223
0.6106240000000001
0.5189750000000001
0.339176
0.104983
0.038105
0.0
0.0
0.0
0.0
0.0
0.0
0.0
0.0
0.0
0.0
0.0
0.01551
0.093341
0.19755899999999998
0.284549
0.461001
0.360502
0.185811
0.216083
0.23472900000000002
0.25893
0.216166
0.07156100000000001
0.019202
0.0
0.0
0.0
0.0
0.0
0.0
0.0
0.0
0.0
0.0
0.0
0.007936
0.20962899999999998
0.323535
0.530084
0.661899
0.6251789999999999
0.759971
0.762023
0.718579
0.634302
0.450628
0.065746
0.025879000000000003
0.0
0.0
0.0
0.0
0.0
0.0
0.0
0.0
0.0
0.0
0.0
0.008288
0.082465
0.10062099999999999
0.417479
0.452284
0.720724
0.763657
0.7567119999999999
0.711164
0.625463
0.51274
0.1351
0.005699
0.0
0.0
0.0
0.0
0.0
0.0
0.0
0.0
0.0
0.0
0.0
0.018189
0.202557
0.220955
0.47334
0.596551
0.682418
0.759124
0.763983
0.721273
0.635602
0.504752
0.324487
0.045558
0.0
0.0
0.0
0.0
0.0
0.0
0.0
0.0
0.0
0.0
0.0
0.0
0.204398
0.34238
0.46288
0.6359009999999999
0.578917
0.747596
0.7259629999999999
0.565643
0.595014
0.44678300000000004
0.22343000000000002
0.081515
0.0
0.0
0.0
0.0
0.0
0.0
0.0
0.0
0.0
0.0
0.0
0.0
0.20044700000000001
0.368035
0.495553
0.64185
0.719989
0.743928
0.740197
0.698798
0.615114
0.494522
0.346731
0.091572
0.0
0.0
0.0
0.0
0.0
0.0
0.0
0.0
0.0
0.0
0.0
0.0
0.200464
0.055085999999999996
0.00051
0.019485
0.221789
0.179441
0.461952
0.5259969999999999
0.475374
0.303879
0.231935
0.048843000000000004
0.0
0.0
0.0
0.0
0.0
0.0
0.0
0.0
0.0
0.0
0.0
0.0
0.122532
0.27382999999999996
0.38617
0.611865
0.7071609999999999
0.740834
0.734694
0.69847
0.604553
0.44199099999999997
0.268681
0.06041
0.0
0.0
0.0
0.0
0.0
0.0
0.0
0.0
0.0
0.0
0.0
0.0
0.13697
0.331382
0.378438
0.546471
0.643393
0.687234
0.661258
0.565145
0.520929
0.27173200000000003
0.257789
0.06221
0.0
0.0
0.0
0.0
0.0
0.0
0.0
0.0
0.0
0.0
0.0
0.0
0.147255
0.296067
0.41295499999999996
0.622818
0.708553
0.727774
0.707194
0.679348
0.58909
0.44120800000000004
0.28408300000000003
0.09342199999999999
0.0
0.0
0.0
0.0
0.0
0.0
0.0
0.0
0.0
0.0
0.0
0.0
0.174238
0.35863999999999996
0.507485
0.6235879999999999
0.6983360000000001
0.737236
0.73022
0.692874
0.622058
0.490738
0.311645
0.072613
0.0
0.0
0.0
0.0
0.0
0.0
0.0
0.0
0.0
0.0
0.0
0.0
0.17990799999999998
0.30018900000000004
0.535037
0.646913
0.658747
0.723816
0.73488
0.687494
0.606914
0.43705
0.141504
0.042078000000000004
0.0
0.0
0.0
0.0
0.0
0.0
0.0
0.0
0.0
0.0
0.0
0.0
0.201119
0.33902699999999997
0.485678
0.616801
0.64843
0.721588
0.73491
0.69553
0.605765
0.473661
0.289466
0.058647
0.0
0.0
0.0
0.0
0.0
0.0
0.0
0.0
0.0
0.0
0.0
0.0
0.169503
0.364033
0.517583
0.6267119999999999
0.702117
0.736579
0.742524
0.7027329999999999
0.605888
0.471088
0.28985
0.069785
0.0
0.0
0.0
0.0
0.0
0.0
0.0
0.0
0.0
0.0
0.0
0.0
0.17614
0.377733
0.5339919999999999
0.6622859999999999
0.715251
0.707179
0.702723
0.583118
0.463231
0.44622500000000004
0.27107299999999995
0.049819
0.0
0.0
0.0
0.0
0.0
0.0
0.0
0.0
0.0
0.0
0.0
0.0
0.164668
0.331699
0.472123
0.578419
0.5634560000000001
0.412839
0.058014
0.102118
0.080058
0.120339
0.206294
0.07193600000000001
0.0
0.0
0.0
0.0
0.0
0.0
0.0
0.0
0.0
0.0
0.0
0.0
0.168388
0.328326
0.483134
0.586342
0.6046509999999999
0.637261
0.526774
0.56702
0.234867
0.117878
0.067786
0.010208
0.0
0.0
0.0
0.0
0.0
0.0
0.0
0.0
0.0
0.0
0.0
0.0
0.007227
0.017252
0.030268999999999997
0.048076
0.05461
0.08156100000000001
0.095879
0.075605
0.017127
0.012579
0.014859
0.007219000000000001
0.0
0.0
0.0
0.0
0.0
0.0
0.0
0.0
0.0
0.0
0.0
0.0
0.0011220000000000002
0.016591
0.06896899999999999
0.211248
0.29925599999999997
0.263467
0.261549
0.294432
0.33485899999999996
0.181982
0.053456000000000004
0.020894
0.0
0.0
0.0
0.0
0.0
0.0
0.0
0.0
0.0
0.0
0.0
0.0
0.045691
0.11917
0.182797
0.074571
0.024082999999999997
0.043207999999999996
0.10706600000000001
0.191243
0.229959
0.133297
0.082939
0.016890000000000002
0.0
0.0
0.0
0.0
0.0
0.0
0.0
0.0
0.0
0.0
0.0
0.0
0.026515
0.061723999999999994
0.10013599999999999
0.18854300000000002
0.320679
0.49374799999999996
0.326543
0.565495
0.5020129999999999
0.270502
0.181661
0.044312
0.0
0.0
0.0
0.0
0.0
0.0
0.0
0.0
0.0
0.0
0.0
0.0
0.127328
0.236341
0.418267
0.36676299999999995
0.414166
0.549837
0.644269
0.565748
0.395878
0.362406
0.265426
0.042238
0.0
0.0
0.0
0.0
0.0
0.0
0.0
0.0
0.0
0.0
0.0
0.0
0.12833
0.279473
0.5147
0.62847
0.694661
0.736202
0.705499
0.680932
0.60365
0.36989999999999995
0.08870900000000001
0.036164999999999996
0.0
0.0
0.0
0.0
0.0
0.0
0.0
0.0
0.0
0.0
0.0
0.0
0.095723
0.25869099999999995
0.27613299999999996
0.6523289999999999
0.582777
0.55636
0.727422
0.668535
0.566635
0.40651499999999996
0.206653
0.023678
0.0
0.0
0.0
0.0
0.0
0.0
0.0
0.0
0.0
0.0
0.0
0.0
0.035040999999999996
0.07617
0.20458400000000002
0.235985
0.209407
0.400351
0.526147
0.42913
0.439017
0.308251
0.227298
0.040069
0.0
0.0
0.0
0.0
0.0
0.0
0.0
0.0
0.0
0.0
0.0
0.0
0.0
0.0
0.091372
0.11007399999999999
0.399476
0.5624589999999999
0.498924
0.512544
0.5189779999999999
0.299348
0.10657299999999999
0.0
0.0
0.0
0.0
0.0
0.0
0.0
0.0
0.0
0.0
0.0
0.0
0.0
0.105499
0.314083
0.453814
0.559831
0.6767329999999999
0.7415689999999999
0.725834
0.660252
0.579542
0.431762
0.205036
0.052927999999999996
0.0
0.0
0.0
0.0
0.0
0.0
0.0
0.0
0.0
0.0
0.0
0.0
0.085021
0.257076
0.459993
0.5166470000000001
0.649304
0.767086
0.743374
0.671577
0.543753
0.35779099999999997
0.197928
0.039569
0.0
0.0
0.0
0.0
0.0
0.0
0.0
0.0
0.0
0.0
0.0
0.0
0.099964
0.30400499999999997
0.480197
0.5996760000000001
0.672909
0.733749
0.672361
0.674143
0.569727
0.410969
0.205383
0.045072
0.0
0.0
0.0
0.0
0.0
0.0
0.0
0.0
0.0
0.0
0.0
0.0
0.063069
0.169345
0.40781900000000004
0.598172
0.691419
0.7367480000000001
0.73723
0.685659
0.5729120000000001
0.427183
0.250878
0.071525
0.0
0.0
0.0
0.0
0.0
0.0
0.0
0.0
0.0
0.0
0.0
0.0
0.099632
0.295908
0.456252
0.610943
0.67301
0.716037
0.719955
0.6750430000000001
0.583206
0.437846
0.239068
0.052806
0.0
0.0
0.0
0.0
0.0
0.0
0.0
0.0
0.0
0.0
0.0
0.0
0.09346800000000001
0.287934
0.435973
0.578959
0.657572
0.699568
0.695178
0.651976
0.5520109999999999
0.40770100000000004
0.221808
0.028447
0.0
0.0
0.0
0.0
0.0
0.0
0.0
0.0
0.0
0.0
0.0
0.0
0.098944
0.300191
0.455931
0.548143
0.592622
0.606573
0.608508
0.594943
0.54049
0.415688
0.275964
0.007
0.0
0.0
0.0
0.0
0.0
0.0
0.0
0.0
0.0
0.0
0.0
0.0
0.08333199999999999
0.256062
0.304488
0.480105
0.57499
0.7063659999999999
0.691469
0.654811
0.384493
0.167935
0.117227
0.022867000000000002
0.0
0.0
0.0
0.0
0.0
0.0
0.0
0.0
0.0
0.0
0.0
0.0
0.093871
0.216281
0.4269
0.5612659999999999
0.6676230000000001
0.664837
0.6992999999999999
0.691024
0.56431
0.373889
0.188822
0.041057
0.0
0.0
0.0
0.0
0.0
0.0
0.0
0.0
0.0
0.0
0.0
0.0
0.084823
0.223548
0.372902
0.33721300000000004
0.458934
0.6670410000000001
0.6470049999999999
0.608017
0.440911
0.3335
0.048265
0.000453
0.0
0.0
0.0
0.0
0.0
0.0
0.0
0.0
0.0
0.0
0.0
0.0
0.05588
0.22473500000000002
0.327942
0.449512
0.5497240000000001
0.523803
0.271993
0.245177
0.293269
0.17635499999999998
0.099125
0.009234
0.0
0.0
0.0
0.0
0.0
0.0
0.0
0.0
0.0
0.0
0.0
0.0
0.078202
0.249183
0.362452
0.376773
0.353746
0.444313
0.35158999999999996
0.31013
0.367091
0.338646
0.111638
0.0033580000000000003
0.0
0.0
0.0
0.0
0.0
0.0
0.0
0.0
0.0
0.0
0.0
0.0
0.050615
0.068011
0.063392
0.11477899999999999
0.110814
0.185899
0.25948899999999997
0.257414
0.194749
0.299056
0.135344
0.029158
0.0
0.0
0.0
0.0
0.0
0.0
0.0
0.0
0.0
0.0
0.0
0.0
0.071241
0.30422699999999997
0.39330200000000004
0.5519890000000001
0.583218
0.671431
0.527942
0.501062
0.5272939999999999
0.357165
0.159434
0.039874
0.0
0.0
0.0
0.0
0.0
0.0
0.0
0.0
0.0
0.0
0.0
0.0
0.07648999999999999
0.25207
0.408123
0.552111
0.619108
0.678948
0.6755249999999999
0.602078
0.443461
0.28231900000000004
0.170238
0.032896
0.0
0.0
0.0
0.0
0.0
0.0
0.0
0.0
0.0
0.0
0.0
0.0
0.062022
0.215698
0.33809100000000003
0.505147
0.6412770000000001
0.681311
0.694532
0.55037
0.476571
0.352164
0.150227
0.030521
0.0
0.0
0.0
0.0
0.0
0.0
0.0
0.0
0.0
0.0
0.0
0.0
0.027899
0.119379
0.303919
0.356557
0.5017
0.691542
0.6840510000000001
0.639786
0.422213
0.376564
0.218332
0.030826
0.0
0.0
0.0
0.0
0.0
0.0
0.0
0.0
0.0
0.0
0.0
0.0
0.041398000000000004
0.189068
0.32198899999999997
0.554284
0.65444
0.697014
0.692376
0.640482
0.530674
0.352255
0.177464
0.030562000000000002
0.0
0.0
0.0
0.0
0.0
0.0
0.0
0.0
0.0
0.0
0.0
0.0
0.089396
0.239397
0.446053
0.5736979999999999
0.647926
0.718576
0.7186319999999999
0.6683049999999999
0.561904
0.39958699999999997
0.203706
0.022236000000000002
0.0
0.0
0.0
0.0
0.0
0.0
0.0
0.0
0.0
0.0
0.0
0.0
0.095611
0.106254
0.227447
0.273217
0.38957400000000003
0.631702
0.653989
0.613996
0.523711
0.394911
0.188448
0.014887000000000001
0.0
0.0
0.0
0.0
0.0
0.0
0.0
0.0
0.0
0.0
0.0
0.0
0.101618
0.282142
0.437487
0.516578
0.5974160000000001
0.670316
0.670673
0.625086
0.536613
0.401659
0.20715799999999998
0.021085999999999997
0.0
0.0
0.0
0.0
0.0
0.0
0.0
0.0
0.0
0.0
0.0
0.0
0.099286
0.278196
0.44202199999999997
0.560292
0.633591
0.655894
0.631575
0.6114539999999999
0.495232
0.31443099999999996
0.130129
0.01594
0.0
0.0
0.0
0.0
0.0
0.0
0.0
0.0
0.0
0.0
0.0
0.0
0.09805
0.279238
0.426761
0.53477
0.630162
0.654815
0.6401359999999999
0.5696180000000001
0.532627
0.333718
0.139721
0.006325
0.0
0.0
0.0
0.0
0.0
0.0
0.0
0.0
0.0
0.0
0.0
0.0
0.07206100000000001
0.268837
0.429475
0.539591
0.617771
0.647627
0.655227
0.6131559999999999
0.531654
0.396441
0.207141
0.020695
0.0
0.0
0.0
0.0
0.0
0.0
0.0
0.0
0.0
0.0
0.0
0.0
0.071225
0.141035
0.30369
0.344746
0.478827
0.509111
0.380926
0.6100209999999999
0.319685
0.40545800000000004
0.209563
0.008205
0.0
0.0
0.0
0.0
0.0
0.0
0.0
0.0
0.0
0.0
0.0
0.0
0.085138
0.267351
0.430705
0.5443859999999999
0.617208
0.651085
0.641498
0.598038
0.513835
0.390164
0.207559
0.020445
0.0
0.0
0.0
0.0
0.0
0.0
0.0
0.0
0.0
0.0
0.0
0.0
0.088431
0.26898500000000003
0.432926
0.545468
0.6194959999999999
0.650543
0.642266
0.595708
0.5002300000000001
0.384336
0.200383
0.016281
0.0
0.0
0.0
0.0
0.0
0.0
0.0
0.0
0.0
0.0
0.0
0.0
0.084015
0.243346
0.403455
0.532428
0.611645
0.653447
0.654135
0.610445
0.524747
0.389323
0.19913
0.016059999999999998
0.0
0.0
0.0
0.0
0.0
0.0
0.0
0.0
0.0
0.0
0.0
0.0
0.096864
0.262772
0.399783
0.538769
0.619262
0.652362
0.653393
0.6096480000000001
0.513625
0.25054499999999996
0.150363
0.015193
0.0
0.0
0.0
0.0
0.0
0.0
0.0
0.0
0.0
0.0
0.0
0.0
0.084904
0.246565
0.342046
0.48542
0.6066309999999999
0.64197
0.644594
0.598281
0.470948
0.33307299999999995
0.06490399999999999
0.009304
0.0
0.0
0.0
0.0
0.0
0.0
0.0
0.0
0.0
0.0
0.0
0.0
0.08309399999999999
0.26047899999999996
0.288584
0.272046
0.629751
0.604311
0.267866
0.40947
0.47396499999999997
0.270511
0.080286
0.009958
0.0
0.0
0.0
0.0
0.0
0.0
0.0
0.0
0.0
0.0
0.0
0.0
0.102048
0.199374
0.37740199999999996
0.500312
0.60961
0.6507269999999999
0.64639
0.5222619999999999
0.440486
0.301577
0.090347
0.008186
0.0
0.0
0.0
0.0
0.0
0.0
0.0
0.0
0.0
0.0
0.0
0.0
0.083258
0.202107
0.383567
0.522528
0.540901
0.546962
0.600237
0.511822
0.46412200000000003
0.292589
0.160477
0.01309
0.0
0.0
0.0
0.0
0.0
0.0
0.0
0.0
0.0
0.0
0.0
0.0
0.076171
0.221412
0.34698
0.519112
0.5977530000000001
0.64742
0.630881
0.376236
0.343317
0.246774
0.12718300000000002
0.001209
0.0
0.0
0.0
0.0
0.0
0.0
0.0
0.0
0.0
0.0
0.0
0.0
0.058752000000000006
0.237424
0.395829
0.507039
0.5816570000000001
0.508466
0.47306400000000004
0.320813
0.139099
0.140625
0.06628700000000001
0.002561
0.0
0.0
0.0
0.0
0.0
0.0
0.0
0.0
0.0
0.0
0.0
0.0
0.013917
0.051315
0.10301
0.16572900000000002
0.25594
0.30141
0.22822900000000002
0.172491
0.14028
0.098702
0.050195000000000004
0.005744
0.0
0.0
0.0
0.0
0.0
0.0
0.0
0.0
0.0
0.0
0.0
0.0
0.039130000000000005
0.120247
0.279959
0.49678500000000003
0.584877
0.6192709999999999
0.6137050000000001
0.5680069999999999
0.482777
0.341934
0.158658
0.007482
0.0
0.0
0.0
0.0
0.0
0.0
0.0
0.0
0.0
0.0
0.0
0.0
0.016956
0.132101
0.39602800000000005
0.516237
0.575221
0.594572
0.610029
0.565167
0.478088
0.342277
0.15657
0.006283
0.0
0.0
0.0
0.0
0.0
0.0
0.0
0.0
0.0
0.0
0.0
0.0
0.057677
0.22497999999999999
0.389715
0.504855
0.580554
0.616673
0.6154850000000001
0.567634
0.48208100000000004
0.347676
0.162145
0.006178
0.0
0.0
0.0
0.0
0.0
0.0
0.0
0.0
0.0
0.0
0.0
0.0
0.056387
0.21662399999999998
0.38222300000000003
0.502554
0.583619
0.624284
0.61793
0.567271
0.497355
0.39126299999999997
0.200431
0.01409
0.0
0.0
0.0
0.0
0.0
0.0
0.0
0.0
0.0
0.0
0.0
0.0
0.053198
0.218816
0.38082
0.49238299999999996
0.562727
0.5928859999999999
0.606332
0.439396
0.54979
0.231283
0.12591
0.004117
0.0
0.0
0.0
0.0
0.0
0.0
0.0
0.0
0.0
0.0
0.0
0.0
0.066381
0.079856
0.023081
0.015626
0.031146
0.068898
0.176474
0.2519
0.253861
0.285763
0.089514
0.00326
0.0
0.0
0.0
0.0
0.0
0.0
0.0
0.0
0.0
0.0
0.0
0.0
0.055155
0.226048
0.361486
0.495288
0.5707340000000001
0.603742
0.5950679999999999
0.542767
0.448981
0.313992
0.13267099999999998
0.003986
0.0
0.0
0.0
0.0
0.0
0.0
0.0
0.0
0.0
0.0
0.0
0.0
0.063183
0.14865899999999999
0.323789
0.48316899999999996
0.560027
0.591631
0.584256
0.540046
0.45327100000000003
0.316719
0.126076
0.000587
0.0
0.0
0.0
0.0
0.0
0.0
0.0
0.0
0.0
0.0
0.0
0.0
0.065095
0.137246
0.23888399999999999
0.45106799999999997
0.56192
0.587365
0.5883550000000001
0.550755
0.45250599999999996
0.315012
0.131793
0.0015609999999999999
0.0
0.0
0.0
0.0
0.0
0.0
0.0
0.0
0.0
0.0
0.0
0.0
0.052952
0.20083199999999998
0.360378
0.47801499999999997
0.5541820000000001
0.586076
0.581827
0.534087
0.446788
0.303969
0.123524
0.001839
0.0
0.0
0.0
0.0
0.0
0.0
0.0
0.0
0.0
0.0
0.0
0.0
0.045567
0.197803
0.373041
0.458461
0.500152
0.5168980000000001
0.542714
0.537038
0.44376299999999996
0.286527
0.119715
0.001727
0.0
0.0
0.0
0.0
0.0
0.0
0.0
0.0
0.0
0.0
0.0
0.0
0.061063
0.216628
0.363173
0.481137
0.554018
0.57245
0.573404
0.530252
0.366022
0.27713
0.075641
0.002549
0.0
0.0
0.0
0.0
0.0
0.0
0.0
0.0
0.0
0.0
0.0
0.0
0.057652
0.190464
0.309652
0.307594
0.437333
0.550191
0.56578
0.526865
0.224721
0.145088
0.045953
0.0
0.0
0.0
0.0
0.0
0.0
0.0
0.0
0.0
0.0
0.0
0.0
0.0
0.055515
0.169254
0.330353
0.431525
0.49282600000000004
0.347448
0.325637
0.27001
0.161359
0.101591
0.050211
0.0
0.0
0.0
0.0
0.0
0.0
0.0
0.0
0.0
0.0
0.0
0.0
0.0
0.059822
0.22117699999999998
0.301358
0.474921
0.385361
0.43029700000000004
0.445809
0.5449740000000001
0.402147
0.241214
0.075082
0.0006860000000000001
0.0
0.0
0.0
0.0
0.0
0.0
0.0
0.0
0.0
0.0
0.0
0.0
0.059165
0.179782
0.33631099999999997
0.431234
0.42288600000000004
0.471934
0.498382
0.47848399999999996
0.41974
0.236012
0.11497700000000001
0.0
0.0
0.0
0.0
0.0
0.0
0.0
0.0
0.0
0.0
0.0
0.0
0.0
0.023906
0.083757
0.221212
0.276429
0.256986
0.24613200000000002
0.256975
0.262421
0.13143000000000002
0.109458
0.049851999999999994
0.0
0.0
0.0
0.0
0.0
0.0
0.0
0.0
0.0
0.0
0.0
0.0
0.0
0.050815
0.18070599999999998
0.311452
0.454149
0.51867
0.540073
0.43304899999999996
0.49677699999999997
0.401101
0.285716
0.108318
0.0026920000000000004
0.0
0.0
0.0
0.0
0.0
0.0
0.0
0.0
0.0
0.0
0.0
0.0
0.056000999999999995
0.210598
0.340824
0.41787
0.495456
0.5642910000000001
0.525019
0.506939
0.418106
0.269702
0.102907
0.000475
0.0
0.0
0.0
0.0
0.0
0.0
0.0
0.0
0.0
0.0
0.0
0.0
0.035611
0.192026
0.32971300000000003
0.458501
0.527624
0.5538780000000001
0.548947
0.5042
0.411255
0.285959
0.101372
0.0
0.0
0.0
0.0
0.0
0.0
0.0
0.0
0.0
0.0
0.0
0.0
0.0
0.028901
0.16639099999999998
0.32380200000000003
0.440579
0.5152
0.5555019999999999
0.5469980000000001
0.495252
0.408952
0.24899100000000002
0.059959000000000005
0.0
0.0
0.0
0.0
0.0
0.0
0.0
0.0
0.0
0.0
0.0
0.0
0.0
0.034075
0.130548
0.355914
0.348707
0.350702
0.34178
0.418799
0.49104899999999996
0.401658
0.260248
0.094533
0.0
0.0
0.0
0.0
0.0
0.0
0.0
0.0
0.0
0.0
0.0
0.0
0.0
0.031546
0.181012
0.29423200000000005
0.44823
0.526813
0.551376
0.550811
0.505322
0.400246
0.266618
0.08724599999999999
0.0
0.0
0.0
0.0
0.0
0.0
0.0
0.0
0.0
0.0
0.0
0.0
0.0
0.024736
0.161311
0.310043
0.43746300000000005
0.519186
0.5528630000000001
0.542233
0.49200499999999997
0.40037900000000004
0.257809
0.086873
0.0
0.0
0.0
0.0
0.0
0.0
0.0
0.0
0.0
0.0
0.0
0.0
0.0
0.025067
0.155258
0.319488
0.43412599999999996
0.505082
0.536689
0.53073
0.48275599999999996
0.392108
0.248683
0.080952
0.0
0.0
0.0
0.0
0.0
0.0
0.0
0.0
0.0
0.0
0.0
0.0
0.0
0.03596
0.163457
0.277992
0.348511
0.489456
0.539338
0.528221
0.47778699999999996
0.386436
0.242482
0.079638
0.0
0.0
0.0
0.0
0.0
0.0
0.0
0.0
0.0
0.0
0.0
0.0
0.0
0.028133
0.15884
0.305645
0.42198
0.492695
0.526319
0.5200410000000001
0.47004399999999996
0.381017
0.239033
0.06296399999999999
0.0
0.0
0.0
0.0
0.0
0.0
0.0
0.0
0.0
0.0
0.0
0.0
0.0
0.023193000000000002
0.15004900000000002
0.310889
0.430389
0.498995
0.528717
0.518569
0.46915300000000004
0.37763
0.23957
0.07425799999999999
0.0
0.0
0.0
0.0
0.0
0.0
0.0
0.0
0.0
0.0
0.0
0.0
0.0
0.036421
0.16319999999999998
0.299271
0.441683
0.502804
0.532292
0.519263
0.43154000000000003
0.288725
0.196996
0.04278
0.0
0.0
0.0
0.0
0.0
0.0
0.0
0.0
0.0
0.0
0.0
0.0
0.0
0.033322000000000004
0.15264599999999998
0.25293899999999997
0.434221
0.512711
0.5453920000000001
0.45596800000000004
0.314841
0.332443
0.28280700000000003
0.06737699999999999
0.0
0.0
0.0
0.0
0.0
0.0
0.0
0.0
0.0
0.0
0.0
0.0
0.0
0.019636
0.140018
0.29327600000000004
0.411629
0.478644
0.503623
0.498344
0.447752
0.3077
0.218485
0.063275
0.0
0.0
0.0
0.0
0.0
0.0
0.0
0.0
0.0
0.0
0.0
0.0
0.0
0.038448
0.14594900000000002
0.291861
0.40980399999999995
0.199016
0.30069999999999997
0.493431
0.322198
0.335246
0.200951
0.051726
0.0
0.0
0.0
0.0
0.0
0.0
0.0
0.0
0.0
0.0
0.0
0.0
0.0
0.017305
0.136964
0.297062
0.42001900000000003
0.49132600000000004
0.522753
0.513013
0.46398700000000004
0.368259
0.22812000000000002
0.065063
0.0
0.0
0.0
0.0
0.0
0.0
0.0
0.0
0.0
0.0
0.0
0.0
0.0
0.018143999999999997
0.1419
0.288651
0.406861
0.500332
0.528068
0.5159819999999999
0.469385
0.34165300000000004
0.168823
0.066556
0.0
0.0
0.0
0.0
0.0
0.0
0.0
0.0
0.0
0.0
0.0
0.0
0.0
0.017234000000000003
0.13205
0.288543
0.411597
0.480371
0.509136
0.497216
0.445981
0.276309
0.202601
0.07313800000000001
0.0
0.0
0.0
0.0
0.0
0.0
0.0
0.0
0.0
0.0
0.0
0.0
0.0
0.017061
0.135897
0.29945900000000003
0.42866000000000004
0.502051
0.534654
0.520933
0.468742
0.370581
0.22318100000000002
0.058802
0.0
0.0
0.0
0.0
0.0
0.0
0.0
0.0
0.0
0.0
0.0
0.0
0.0
0.025623
0.129381
0.27528199999999997
0.41385
0.485253
0.512374
0.498585
0.449775
0.33675499999999997
0.161119
0.049250999999999996
0.0
0.0
0.0
0.0
0.0
0.0
0.0
0.0
0.0
0.0
0.0
0.0
0.0
0.016277
0.124734
0.28308999999999995
0.409675
0.48177
0.511569
0.49768799999999996
0.44384199999999996
0.34553500000000004
0.205318
0.051427
0.0
0.0
0.0
0.0
0.0
0.0
0.0
0.0
0.0
0.0
0.0
0.0
0.0
0.013846
0.124004
0.283417
0.41013099999999997
0.484839
0.514873
0.500001
0.44261700000000004
0.344852
0.201739
0.048667
0.0
0.0
0.0
0.0
0.0
0.0
0.0
0.0
0.0
0.0
0.0
0.0
0.0
0.014731999999999999
0.120674
0.281304
0.40478
0.47655200000000003
0.50676
0.49493200000000004
0.44212599999999996
0.34217899999999996
0.199426
0.047174
0.0
0.0
0.0
0.0
0.0
0.0
0.0
0.0
0.0
0.0
0.0
0.0
0.0
0.013006
0.117467
0.27293900000000004
0.395914
0.47016800000000003
0.49823500000000004
0.49238600000000005
0.441276
0.345798
0.191722
0.044
0.0
0.0
0.0
0.0
0.0
0.0
0.0
0.0
0.0
0.0
0.0
0.0
0.0
0.030597000000000003
0.111454
0.266065
0.38562799999999997
0.457252
0.482115
0.47574
0.425712
0.329654
0.188878
0.041119
0.0
0.0
0.0
0.0
0.0
0.0
0.0
0.0
0.0
0.0
0.0
0.0
0.0
0.013975
0.107507
0.256558
0.375612
0.448748
0.481314
0.470671
0.417131
0.319561
0.176042
0.037335
0.0
0.0
0.0
0.0
0.0
0.0
0.0
0.0
0.0
0.0
0.0
0.0
0.0
0.017597
0.10675799999999999
0.253946
0.38045100000000004
0.44938
0.481665
0.471006
0.419502
0.320053
0.180781
0.039505000000000005
0.0
0.0
0.0
0.0
0.0
0.0
0.0
0.0
0.0
0.0
0.0
0.0
0.0
0.015346
0.111708
0.25524199999999997
0.382306
0.448149
0.474236
0.461374
0.402486
0.297514
0.160866
0.03084
0.0
0.0
0.0
0.0
0.0
0.0
0.0
0.0
0.0
0.0
0.0
0.0
0.0
0.011196
0.10429300000000001
0.257239
0.372497
0.419069
0.470845
0.449279
0.407931
0.31027699999999997
0.17594800000000002
0.031456
0.0
0.0
0.0
0.0
0.0
0.0
0.0
0.0
0.0
0.0
0.0
0.0
0.0
0.009016999999999999
0.09908700000000001
0.248637
0.370063
0.44338299999999997
0.473508
0.458173
0.407215
0.307828
0.166427
0.029276
0.0
0.0
0.0
0.0
0.0
0.0
0.0
0.0
0.0
0.0
0.0
0.0
0.0
0.011007999999999999
0.09665699999999999
0.246665
0.36755200000000005
0.443632
0.472746
0.462503
0.40548
0.306082
0.160836
0.03789
0.0
0.0
0.0
0.0
0.0
0.0
0.0
0.0
0.0
0.0
0.0
0.0
0.0
0.026856
0.117912
0.21002500000000002
0.33601
0.380153
0.395988
0.406902
0.35384699999999997
0.276935
0.159408
0.033927
0.0
0.0
0.0
0.0
0.0
0.0
0.0
0.0
0.0
0.0
0.0
0.0
0.0
0.016986
0.089131
0.24675299999999997
0.372659
0.449405
0.47944400000000004
0.47012200000000004
0.417298
0.298707
0.153818
0.023577
0.0
0.0
0.0
0.0
0.0
0.0
0.0
0.0
0.0
0.0
0.0
0.0
0.0
0.008751
0.094018
0.24920599999999998
0.378291
0.459642
0.493211
0.47786900000000004
0.419959
0.303356
0.14932499999999999
0.028249
0.0
0.0
0.0
0.0
0.0
0.0
0.0
0.0
0.0
0.0
0.0
0.0
0.0
0.008234
0.093625
0.25221899999999997
0.384689
0.46726799999999996
0.500748
0.483774
0.425407
0.314475
0.165727
0.023739
0.0
0.0
0.0
0.0
0.0
0.0
0.0
0.0
0.0
0.0
0.0
0.0
0.0
0.008052
0.091703
0.246327
0.373313
0.45164699999999997
0.478196
0.45506
0.402791
0.300111
0.15116300000000002
0.021049
0.0
0.0
0.0
0.0
0.0
0.0
0.0
0.0
0.0
0.0
0.0
0.0
0.0
0.010456
0.087378
0.232799
0.354238
0.433714
0.459798
0.452314
0.381533
0.27956400000000003
0.15083600000000003
0.020105
0.0
0.0
0.0
0.0
0.0
0.0
0.0
0.0
0.0
0.0
0.0
0.0
0.0
0.009706
0.08217
0.218381
0.340219
0.422476
0.446293
0.43628100000000003
0.371596
0.22959200000000002
0.10314799999999999
0.030896999999999997
0.0
0.0
0.0
0.0
0.0
0.0
0.0
0.0
0.0
0.0
0.0
0.0
0.0
0.012046
0.088672
0.227501
0.31261099999999997
0.21133000000000002
0.150783
0.071412
0.090913
0.06915099999999999
0.042853
0.021606
0.0
0.0
0.0
0.0
0.0
0.0
0.0
0.0
0.0
0.0
0.0
0.0
0.0
0.016588000000000002
0.09668
0.211451
0.328866
0.366909
0.40608999999999995
0.32761
0.37138600000000005
0.233224
0.160166
0.034032
0.0
0.0
0.0
0.0
0.0
0.0
0.0
0.0
0.0
0.0
0.0
0.0
0.0
0.011025
0.09377200000000001
0.217584
0.31752600000000003
0.328581
0.387363
0.346178
0.31049200000000005
0.20527299999999998
0.14231200000000002
0.027594
0.0
0.0
0.0
0.0
0.0
0.0
0.0
0.0
0.0
0.0
0.0
0.0
0.0
0.009375
0.031258
0.092363
0.14440899999999998
0.214243
0.17262899999999998
0.13587200000000002
0.183887
0.104271
0.036448
0.007152
0.0
0.0
0.0
0.0
0.0
0.0
0.0
0.0
0.0
0.0
0.0
0.0
0.0
0.0
0.022382000000000003
0.056619
0.122137
0.257465
0.189301
0.10683100000000001
0.061857
0.035921
0.020554
0.004686
0.0
0.0
0.0
0.0
0.0
0.0
0.0
0.0
0.0
0.0
0.0
0.0
0.0
0.005597
0.068377
0.20243899999999998
0.316773
0.384985
0.419724
0.421724
0.366128
0.26428199999999996
0.128726
0.024692
0.0
0.0
0.0
0.0
0.0
0.0
0.0
0.0
0.0
0.0
0.0
0.0
0.0
0.013784000000000001
0.07359099999999999
0.134126
0.303641
0.328911
0.346897
0.307276
0.26437900000000003
0.193445
0.084481
0.013293
0.0
0.0
0.0
0.0
0.0
0.0
0.0
0.0
0.0
0.0
0.0
0.0
0.0
0.013616
0.08926300000000001
0.114761
0.211028
0.243307
0.307471
0.353897
0.28340499999999996
0.27259
0.086822
0.013051
0.0
0.0
0.0
0.0
0.0
0.0
0.0
0.0
0.0
0.0
0.0
0.0
0.0
0.0065780000000000005
0.061564999999999995
0.192993
0.31032299999999996
0.386732
0.418399
0.407401
0.350269
0.25288499999999997
0.123179
0.013437
0.0
0.0
0.0
0.0
0.0
0.0
0.0
0.0
0.0
0.0
0.0
0.0
0.0
0.005186
0.061343
0.19663999999999998
0.318716
0.39799799999999996
0.431108
0.41526799999999997
0.35863999999999996
0.256341
0.123992
0.013336
0.0
0.0
0.0
0.0
0.0
0.0
0.0
0.0
0.0
0.0
0.0
0.0
0.0
0.0056
0.063417
0.194614
0.316668
0.39407400000000004
0.424396
0.411342
0.35257
0.251326
0.122586
0.011859999999999999
0.0
0.0
0.0
0.0
0.0
0.0
0.0
0.0
0.0
0.0
0.0
0.0
0.0
0.004842
0.058059
0.194178
0.317406
0.395424
0.429409
0.414452
0.3598
0.258743
0.12445099999999999
0.013646
0.0
0.0
0.0
0.0
0.0
0.0
0.0
0.0
0.0
0.0
0.0
0.0
0.0
0.005567
0.056483
0.192912
0.314974
0.39478500000000005
0.417625
0.41527800000000004
0.36141500000000004
0.25615499999999997
0.121656
0.012669
0.0
0.0
0.0
0.0
0.0
0.0
0.0
0.0
0.0
0.0
0.0
0.0
0.0
0.006774
0.056828000000000004
0.192053
0.30979
0.393586
0.42870199999999997
0.410703
0.353
0.251361
0.11645900000000001
0.011984
0.0
0.0
0.0
0.0
0.0
0.0
0.0
0.0
0.0
0.0
0.0
0.0
0.0
0.006813
0.055165
0.18749000000000002
0.305466
0.381287
0.413963
0.400258
0.344769
0.245773
0.114762
0.012237
0.0
0.0
0.0
0.0
0.0
0.0
0.0
0.0
0.0
0.0
0.0
0.0
0.0
0.005465
0.055291
0.187309
0.30627
0.38285
0.41364100000000004
0.395608
0.320839
0.222335
0.09575700000000001
0.009269
0.0
0.0
0.0
0.0
0.0
0.0
0.0
0.0
0.0
0.0
0.0
0.0
0.0
0.004673
0.054340000000000006
0.188432
0.312309
0.392569
0.42341500000000004
0.41077800000000003
0.351089
0.250124
0.115116
0.012017
0.0
0.0
0.0
0.0
0.0
0.0
0.0
0.0
0.0
0.0
0.0
0.0
0.0
0.005883
0.054339
0.18155000000000002
0.30503199999999997
0.384073
0.421044
0.411777
0.35507299999999997
0.252112
0.11621
0.011892
0.0
0.0
0.0
0.0
0.0
0.0
0.0
0.0
0.0
0.0
0.0
0.0
0.0
0.012231
0.062733
0.189272
0.30524599999999996
0.386153
0.41198700000000005
0.368825
0.309236
0.243035
0.11218399999999999
0.018049
0.0
0.0
0.0
0.0
0.0
0.0
0.0
0.0
0.0
0.0
0.0
0.0
0.0
0.009037000000000002
0.054737
0.175208
0.291088
0.36580799999999997
0.39731599999999995
0.37358300000000005
0.315419
0.222385
0.109803
0.0178
0.0
0.0
0.0
0.0
0.0
0.0
0.0
0.0
0.0
0.0
0.0
0.0
0.0
0.006327
0.046726
0.172808
0.29054399999999997
0.393668
0.40263600000000005
0.38930000000000003
0.332943
0.233176
0.105051
0.008162
0.0
0.0
0.0
0.0
0.0
0.0
0.0
0.0
0.0
0.0
0.0
0.0
0.0
0.006644
0.044722
0.16790799999999997
0.286222
0.365191
0.399141
0.388746
0.33304300000000003
0.23431
0.106022
0.009339
0.0
0.0
0.0
0.0
0.0
0.0
0.0
0.0
0.0
0.0
0.0
0.0
0.0
0.010702999999999999
0.045659
0.16373400000000002
0.279402
0.357783
0.382589
0.37449400000000005
0.326822
0.21431
0.109034
0.01319
0.0
0.0
0.0
0.0
0.0
0.0
0.0
0.0
0.0
0.0
0.0
0.0
0.0
0.010152
0.066606
0.15433000000000002
0.281783
0.316268
0.403081
0.455655
0.338466
0.227298
0.099626
0.008195000000000001
0.0
0.0
0.0
0.0
0.0
0.0
0.0
0.0
0.0
0.0
0.0
0.0
0.0
0.009631
0.074382
0.14002099999999998
0.192258
0.222805
0.23447
0.22290100000000002
0.193168
0.13983600000000002
0.078059
0.017276
0.0
0.0
0.0
0.0
0.0
0.0
0.0
0.0
0.0
0.0
0.0
0.0
0.0
0.01567
0.077179
0.16322
0.2814
0.362419
0.40302699999999997
0.38888
0.32776900000000003
0.23129
0.104497
0.01088
0.0
0.0
0.0
0.0
0.0
0.0
0.0
0.0
0.0
0.0
0.0
0.0
0.0
0.007038
0.045079999999999995
0.16960499999999998
0.29285300000000003
0.36800599999999994
0.39836
0.384276
0.324779
0.229844
0.11094499999999999
0.015151999999999999
0.0
0.0
0.0
0.0
0.0
0.0
0.0
0.0
0.0
0.0
0.0
0.0
0.0
0.016773
0.044429
0.159595
0.277156
0.355465
0.389298
0.376483
0.319883
0.205788
0.098074
0.007332
0.0
0.0
0.0
0.0
0.0
0.0
0.0
0.0
0.0
0.0
0.0
0.0
0.0
0.007866
0.044539999999999996
0.169125
0.276372
0.356193
0.390632
0.378298
0.321779
0.22331499999999999
0.097985
0.0126
0.0
0.0
0.0
0.0
0.0
0.0
0.0
0.0
0.0
0.0
0.0
0.0
0.0
0.0062039999999999994
0.038731
0.16094
0.281509
0.361097
0.395354
0.380201
0.32144
0.223198
0.095827
0.007168
0.0
0.0
0.0
0.0
0.0
0.0
0.0
0.0
0.0
0.0
0.0
0.0
0.0
0.007566
0.038624000000000006
0.15427000000000002
0.27102800000000005
0.347451
0.384272
0.36995
0.31526600000000005
0.22026400000000002
0.09468
0.008043
0.0
0.0
0.0
0.0
0.0
0.0
0.0
0.0
0.0
0.0
0.0
0.0
0.0
0.0115
0.050089
0.154334
0.276468
0.351238
0.381524
0.379269
0.311907
0.198266
0.08888800000000001
0.019066
0.0
0.0
0.0
0.0
0.0
0.0
0.0
0.0
0.0
0.0
0.0
0.0
0.0
0.006993999999999999
0.035736
0.153782
0.27208699999999997
0.352519
0.388838
0.378675
0.32193099999999997
0.223933
0.09475499999999999
0.007973
0.0
0.0
0.0
0.0
0.0
0.0
0.0
0.0
0.0
0.0
0.0
0.0
0.0
0.0061200000000000004
0.034348
0.155119
0.275961
0.357467
0.39325099999999996
0.37985599999999997
0.321375
0.224631
0.100525
0.012355
0.0
0.0
0.0
0.0
0.0
0.0
0.0
0.0
0.0
0.0
0.0
0.0
0.0
0.012622999999999999
0.081202
0.165336
0.299486
0.366251
0.31208199999999997
0.349788
0.227706
0.199337
0.084425
0.026163
0.0
0.0
0.0
0.0
0.0
0.0
0.0
0.0
0.0
0.0
0.0
0.0
0.0
0.014513999999999999
0.077002
0.173057
0.17709899999999998
0.286656
0.299104
0.343041
0.27831900000000004
0.17373
0.101743
0.007964
0.0
0.0
0.0
0.0
0.0
0.0
0.0
0.0
0.0
0.0
0.0
0.0
0.0
0.005915
0.035865
0.161776
0.289823
0.37647800000000003
0.415317
0.40251
0.343457
0.239095
0.106087
0.008066
0.0
0.0
0.0
0.0
0.0
0.0
0.0
0.0
0.0
0.0
0.0
0.0
0.0
0.006474000000000001
0.051342
0.16376
0.289388
0.374534
0.412345
0.399974
0.343605
0.24007499999999998
0.107222
0.006969
0.0
0.0
0.0
0.0
0.0
0.0
0.0
0.0
0.0
0.0
0.0
0.0
0.0
0.006562999999999999
0.036654000000000006
0.159653
0.28684
0.370893
0.409638
0.39715100000000003
0.33796
0.230139
0.103852
0.008154
0.0
0.0
0.0
0.0
0.0
0.0
0.0
0.0
0.0
0.0
0.0
0.0
0.0
0.006457
0.033524
0.155438
0.27966599999999997
0.362846
0.399428
0.38666
0.329355
0.230829
0.10204200000000001
0.006827
0.0
0.0
0.0
0.0
0.0
0.0
0.0
0.0
0.0
0.0
0.0
0.0
0.0
0.005865
0.033781
0.154067
0.278868
0.36214100000000005
0.39919299999999996
0.38870800000000005
0.33278399999999997
0.232934
0.103162
0.006878
0.0
0.0
0.0
0.0
0.0
0.0
0.0
0.0
0.0
0.0
0.0
0.0
0.0
0.005861
0.03402
0.15228999999999998
0.27487599999999995
0.356348
0.392843
0.38089100000000004
0.326357
0.228727
0.10173
0.007981
0.0
0.0
0.0
0.0
0.0
0.0
0.0
0.0
0.0
0.0
0.0
0.0
0.0
0.006319
0.032223
0.152293
0.274916
0.356684
0.39482799999999996
0.382635
0.326411
0.228163
0.10141
0.007386
0.0
0.0
0.0
0.0
0.0
0.0
0.0
0.0
0.0
0.0
0.0
0.0
0.0
0.005371000000000001
0.032146
0.150008
0.272721
0.354819
0.392535
0.381591
0.327445
0.22931800000000002
0.103017
0.006914
0.0
0.0
0.0
0.0
0.0
0.0
0.0
0.0
0.0
0.0
0.0
0.0
0.0
0.0063170000000000006
0.031365
0.151566
0.27583199999999997
0.359507
0.397772
0.386043
0.328416
0.232604
0.103916
0.00707
0.0
0.0
0.0
0.0
0.0
0.0
0.0
0.0
0.0
0.0
0.0
0.0
0.0
0.009987
0.046723
0.163583
0.28262400000000004
0.376236
0.400708
0.379921
0.316173
0.241283
0.117877
0.028672
0.0
0.0
0.0
0.0
0.0
0.0
0.0
0.0
0.0
0.0
0.0
0.0
0.0
0.008156
0.041688
0.160054
0.28681799999999996
0.372342
0.411016
0.40161
0.344891
0.24397200000000002
0.109958
0.013294
0.0
0.0
0.0
0.0
0.0
0.0
0.0
0.0
0.0
0.0
0.0
0.0
0.0
0.006416000000000001
0.033
0.15453899999999998
0.280103
0.36391199999999996
0.400469
0.38852600000000004
0.332699
0.232996
0.088794
0.020712
0.0
0.0
0.0
0.0
0.0
0.0
0.0
0.0
0.0
0.0
0.0
0.0
0.0
0.017535
0.059933
0.18929400000000002
0.301945
0.404432
0.282506
0.26044799999999996
0.21296500000000002
0.203922
0.070883
0.018368
0.0
0.0
0.0
0.0
0.0
0.0
0.0
0.0
0.0
0.0
0.0
0.0
0.0
0.010422
0.038626
0.151095
0.266786
0.332089
0.358209
0.351937
0.31441699999999995
0.23067
0.105011
0.015248
0.0
0.0
0.0
0.0
0.0
0.0
0.0
0.0
0.0
0.0
0.0
0.0
0.0
0.006441
0.033712000000000006
0.158521
0.28705200000000003
0.371214
0.410068
0.40083300000000005
0.346298
0.24678899999999998
0.11566599999999999
0.012686999999999999
0.0
0.0
0.0
0.0
0.0
0.0
0.0
0.0
0.0
0.0
0.0
0.0
0.0
0.007789
0.037714
0.145421
0.263358
0.35088600000000003
0.391443
0.380411
0.32879899999999995
0.23471799999999998
0.111241
0.010921
0.0
0.0
0.0
0.0
0.0
0.0
0.0
0.0
0.0
0.0
0.0
0.0
0.0
0.008394
0.089938
0.184078
0.26555399999999996
0.356136
0.38652
0.380618
0.329356
0.200566
0.047873
0.005198
0.0
0.0
0.0
0.0
0.0
0.0
0.0
0.0
0.0
0.0
0.0
0.0
0.0
0.011063
0.081241
0.131542
0.292396
0.36771800000000004
0.352128
0.355574
0.295828
0.17653
0.077007
0.016364999999999998
0.0
0.0
0.0
0.0
0.0
0.0
0.0
0.0
0.0
0.0
0.0
0.0
0.0
0.009319000000000001
0.040496000000000004
0.148324
0.26092899999999997
0.342782
0.37693099999999996
0.369014
0.318635
0.22470400000000001
0.105725
0.01266
0.0
0.0
0.0
0.0
0.0
0.0
0.0
0.0
0.0
0.0
0.0
0.0
0.0
0.007985
0.037302999999999996
0.14635800000000002
0.266185
0.34642399999999995
0.38149400000000006
0.376585
0.326413
0.234897
0.108496
0.012491
0.0
0.0
0.0
0.0
0.0
0.0
0.0
0.0
0.0
0.0
0.0
0.0
0.0
0.007467
0.036186
0.142912
0.260685
0.342387
0.384844
0.37767
0.32778199999999996
0.23629
0.112312
0.012377
0.0
0.0
0.0
0.0
0.0
0.0
0.0
0.0
0.0
0.0
0.0
0.0
0.0
0.009339
0.043162
0.152023
0.270546
0.350435
0.38973399999999997
0.382424
0.332915
0.241417
0.114805
0.012064
0.0
0.0
0.0
0.0
0.0
0.0
0.0
0.0
0.0
0.0
0.0
0.0
0.0
0.008381999999999999
0.040179
0.151897
0.273233
0.355474
0.393531
0.388323
0.338841
0.24537299999999998
0.117062
0.014063
0.0
0.0
0.0
0.0
0.0
0.0
0.0
0.0
0.0
0.0
0.0
0.0
0.0
0.007450999999999999
0.037172
0.155418
0.27486900000000003
0.355865
0.39364299999999997
0.385367
0.333129
0.243023
0.116805
0.013670999999999999
0.0
0.0
0.0
0.0
0.0
0.0
0.0
0.0
0.0
0.0
0.0
0.0
0.0
0.007975
0.038055
0.15847
0.279488
0.36190100000000003
0.401924
0.39295800000000003
0.339707
0.24358600000000002
0.125555
0.013897999999999999
0.0
0.0
0.0
0.0
0.0
0.0
0.0
0.0
0.0
0.0
0.0
0.0
0.0
0.017867
0.043252000000000006
0.160546
0.281072
0.370333
0.388957
0.38652800000000004
0.332167
0.241093
0.117355
0.016079999999999997
0.0
0.0
0.0
0.0
0.0
0.0
0.0
0.0
0.0
0.0
0.0
0.0
0.0
0.009355
0.041613
0.15922999999999998
0.27859500000000004
0.358538
0.388297
0.385766
0.333826
0.239417
0.118159
0.016395
0.0
0.0
0.0
0.0
0.0
0.0
0.0
0.0
0.0
0.0
0.0
0.0
0.0
0.008567
0.039914
0.162094
0.282747
0.364301
0.401264
0.39287900000000003
0.34110199999999996
0.249171
0.12271599999999999
0.014914
0.0
0.0
0.0
0.0
0.0
0.0
0.0
0.0
0.0
0.0
0.0
0.0
0.0
0.008072
0.04126
0.16304400000000002
0.283613
0.36647
0.40420999999999996
0.39418200000000003
0.342565
0.250317
0.127677
0.021959
0.0
0.0
0.0
0.0
0.0
0.0
0.0
0.0
0.0
0.0
0.0
0.0
0.0
0.013664999999999998
0.081229
0.174391
0.29163900000000004
0.386746
0.4166
0.407959
0.355921
0.254877
0.133232
0.016892
0.0
0.0
0.0
0.0
0.0
0.0
0.0
0.0
0.0
0.0
0.0
0.0
0.0
0.018736
0.106394
0.207111
0.305495
0.373711
0.400875
0.41411200000000004
0.357195
0.269712
0.12775
0.027406
0.0
0.0
0.0
0.0
0.0
0.0
0.0
0.0
0.0
0.0
0.0
0.0
0.0
0.007674
0.042277
0.17486500000000002
0.30447399999999997
0.39065300000000003
0.428923
0.42068700000000003
0.36441399999999996
0.25666100000000003
0.125164
0.018605
0.0
0.0
0.0
0.0
0.0
0.0
0.0
0.0
0.0
0.0
0.0
0.0
0.0
0.008667999999999999
0.0443
0.17954
0.308384
0.395367
0.43467700000000004
0.426908
0.37262900000000004
0.266032
0.12583
0.017986000000000002
0.0
0.0
0.0
0.0
0.0
0.0
0.0
0.0
0.0
0.0
0.0
0.0
0.0
0.008352
0.047757
0.181422
0.312529
0.40001299999999995
0.438554
0.431543
0.37907
0.280657
0.145124
0.020045
0.0
0.0
0.0
0.0
0.0
0.0
0.0
0.0
0.0
0.0
0.0
0.0
0.0
0.00831
0.046759
0.18531999999999998
0.315743
0.40188
0.439135
0.43247800000000003
0.379683
0.282586
0.146898
0.020057
0.0
0.0
0.0
0.0
0.0
0.0
0.0
0.0
0.0
0.0
0.0
0.0
0.0
0.008288
0.047768
0.186608
0.31579700000000005
0.401857
0.437986
0.433544
0.38214499999999996
0.283426
0.14908000000000002
0.02175
0.0
0.0
0.0
0.0
0.0
0.0
0.0
0.0
0.0
0.0
0.0
0.0
0.0
0.009210000000000001
0.047417
0.17552099999999998
0.29615499999999995
0.37744
0.414147
0.410114
0.36321800000000004
0.272904
0.14343799999999998
0.023308
0.0
0.0
0.0
0.0
0.0
0.0
0.0
0.0
0.0
0.0
0.0
0.0
0.0
0.013985
0.057957999999999996
0.186619
0.309944
0.39596699999999996
0.435543
0.43140300000000004
0.379872
0.28242700000000004
0.148948
0.025126000000000002
0.0
0.0
0.0
0.0
0.0
0.0
0.0
0.0
0.0
0.0
0.0
0.0
0.0
0.014401
0.08488899999999999
0.192291
0.321033
0.396749
0.43175
0.42672699999999997
0.377539
0.28301499999999996
0.14637999999999998
0.021633
0.0
0.0
0.0
0.0
0.0
0.0
0.0
0.0
0.0
0.0
0.0
0.0
0.0
0.01041
0.055172
0.187438
0.315673
0.397189
0.43994
0.431564
0.378502
0.27837
0.14404499999999998
0.021146
0.0
0.0
0.0
0.0
0.0
0.0
0.0
0.0
0.0
0.0
0.0
0.0
0.0
0.009537
0.055883
0.190796
0.31491399999999997
0.39908899999999997
0.432594
0.426265
0.37349099999999996
0.27833800000000003
0.145696
0.024414
0.0
0.0
0.0
0.0
0.0
0.0
0.0
0.0
0.0
0.0
0.0
0.0
0.0
0.011855000000000001
0.059571
0.189273
0.308346
0.387521
0.41630399999999995
0.413279
0.367027
0.275218
0.149448
0.025251000000000003
0.0
0.0
0.0
0.0
0.0
0.0
0.0
0.0
0.0
0.0
0.0
0.0
0.0
0.010336999999999999
0.05724
0.18775899999999998
0.309361
0.390223
0.42544
0.423462
0.37662799999999996
0.285366
0.152448
0.025761
0.0
0.0
0.0
0.0
0.0
0.0
0.0
0.0
0.0
0.0
0.0
0.0
0.0
0.009891
0.055655
0.184399
0.310048
0.391925
0.431165
0.425508
0.37984500000000004
0.287549
0.154919
0.027189
0.0
0.0
0.0
0.0
0.0
0.0
0.0
0.0
0.0
0.0
0.0
0.0
0.0
0.010242000000000001
0.06289600000000001
0.192432
0.317384
0.400991
0.437257
0.43400299999999997
0.388487
0.294233
0.15875299999999998
0.028767
0.0
0.0
0.0
0.0
0.0
0.0
0.0
0.0
0.0
0.0
0.0
0.0
0.0
0.009557
0.064964
0.213105
0.347592
0.43347399999999997
0.474764
0.468415
0.41906
0.320377
0.179784
0.034275
0.0
0.0
0.0
0.0
0.0
0.0
0.0
0.0
0.0
0.0
0.0
0.0
0.0
0.009278
0.068063
0.223936
0.362639
0.45143700000000003
0.48729
0.478537
0.426828
0.325995
0.183975
0.035821
0.0
0.0
0.0
0.0
0.0
0.0
0.0
0.0
0.0
0.0
0.0
0.0
0.0
0.019856000000000002
0.08759499999999999
0.22708099999999998
0.354908
0.440479
0.46974400000000005
0.466839
0.41631599999999996
0.31198899999999996
0.16416399999999998
0.030385000000000002
0.0
0.0
0.0
0.0
0.0
0.0
0.0
0.0
0.0
0.0
0.0
0.0
0.0
0.012509000000000001
0.074262
0.212748
0.323216
0.420069
0.462429
0.461048
0.413658
0.317229
0.173399
0.034682000000000004
0.0
0.0
0.0
0.0
0.0
0.0
0.0
0.0
0.0
0.0
0.0
0.0
0.0
0.024127
0.072502
0.213201
0.341011
0.426683
0.463024
0.456403
0.410342
0.31355
0.17452299999999998
0.037376
0.0
0.0
0.0
0.0
0.0
0.0
0.0
0.0
0.0
0.0
0.0
0.0
0.0
0.011082000000000002
0.073112
0.21731899999999998
0.269358
0.44293400000000005
0.468933
0.458431
0.41158100000000003
0.315517
0.17947200000000002
0.036787999999999994
0.0
0.0
0.0
0.0
0.0
0.0
0.0
0.0
0.0
0.0
0.0
0.0
0.0
0.010305
0.07312600000000001
0.220948
0.35053500000000004
0.43406599999999995
0.47052
0.466421
0.41986
0.323777
0.183831
0.037833
0.0
0.0
0.0
0.0
0.0
0.0
0.0
0.0
0.0
0.0
0.0
0.0
0.0
0.01184
0.078918
0.22211799999999998
0.34894400000000003
0.435296
0.47304700000000005
0.467694
0.419273
0.32172300000000004
0.183768
0.038853
0.0
0.0
0.0
0.0
0.0
0.0
0.0
0.0
0.0
0.0
0.0
0.0
0.0
0.013568
0.10079
0.23133099999999998
0.352246
0.434
0.474149
0.476375
0.422319
0.323247
0.153479
0.04703
0.0
0.0
0.0
0.0
0.0
0.0
0.0
0.0
0.0
0.0
0.0
0.0
0.0
0.009800000000000001
0.08301
0.226356
0.363861
0.44746600000000003
0.48345499999999997
0.477783
0.43010000000000004
0.335154
0.19463399999999997
0.043509
0.0
0.0
0.0
0.0
0.0
0.0
0.0
0.0
0.0
0.0
0.0
0.0
0.0
0.018451000000000002
0.13608199999999998
0.243447
0.391002
0.459681
0.403669
0.449523
0.341589
0.312267
0.187639
0.036302999999999995
0.0
0.0
0.0
0.0
0.0
0.0
0.0
0.0
0.0
0.0
0.0
0.0
0.0
0.004279
0.046258
0.11984600000000001
0.193426
0.19702
0.29139499999999996
0.31256900000000004
0.257092
0.25330400000000003
0.1756
0.043595999999999996
0.0
0.0
0.0
0.0
0.0
0.0
0.0
0.0
0.0
0.0
0.0
0.0
0.0
0.010592
0.095525
0.258622
0.391476
0.476333
0.5103070000000001
0.503855
0.45350999999999997
0.354302
0.208643
0.050609
0.0
0.0
0.0
0.0
0.0
0.0
0.0
0.0
0.0
0.0
0.0
0.0
0.0
0.010964999999999999
0.097463
0.257973
0.389958
0.47189800000000004
0.5063759999999999
0.497502
0.448349
0.350829
0.208613
0.050891
0.0
0.0
0.0
0.0
0.0
0.0
0.0
0.0
0.0
0.0
0.0
0.0
0.0
0.010135
0.098555
0.254903
0.380332
0.45702
0.489428
0.48018700000000003
0.435698
0.33715100000000003
0.198198
0.045793999999999994
0.0
0.0
0.0
0.0
0.0
0.0
0.0
0.0
0.0
0.0
0.0
0.0
0.0
0.017599
0.12259600000000001
0.24032
0.297923
0.288512
0.490201
0.475932
0.422516
0.316547
0.150944
0.049868
0.0
0.0
0.0
0.0
0.0
0.0
0.0
0.0
0.0
0.0
0.0
0.0
0.0
0.011810000000000001
0.09856100000000001
0.24612
0.371867
0.450934
0.48350299999999996
0.461504
0.433116
0.340281
0.201883
0.054723
0.0
0.0
0.0
0.0
0.0
0.0
0.0
0.0
0.0
0.0
0.0
0.0
0.0
0.016569
0.107546
0.257666
0.384122
0.458338
0.49291500000000005
0.48872000000000004
0.441774
0.349034
0.208421
0.054218
0.0
0.0
0.0
0.0
0.0
0.0
0.0
0.0
0.0
0.0
0.0
0.0
0.0
0.019690000000000003
0.09996
0.262638
0.386967
0.461283
0.492693
0.492517
0.446436
0.35234699999999997
0.209946
0.054671
0.0
0.0
0.0
0.0
0.0
0.0
0.0
0.0
0.0
0.0
0.0
0.0
0.0
0.017072
0.11718200000000001
0.275183
0.398197
0.47815199999999997
0.513032
0.510417
0.463331
0.366481
0.222871
0.060118000000000005
0.0
0.0
0.0
0.0
0.0
0.0
0.0
0.0
0.0
0.0
0.0
0.0
0.0
0.015947
0.120212
0.278428
0.406737
0.475156
0.516144
0.50836
0.458692
0.366685
0.222954
0.057155000000000004
0.0
0.0
0.0
0.0
0.0
0.0
0.0
0.0
0.0
0.0
0.0
0.0
0.0
0.026274000000000002
0.10989700000000001
0.264287
0.410281
0.507108
0.507103
0.517751
0.47669799999999996
0.375182
0.231059
0.061530999999999995
0.0
0.0
0.0
0.0
0.0
0.0
0.0
0.0
0.0
0.0
0.0
0.0
0.0
0.02067
0.13480899999999998
0.30124599999999996
0.435114
0.5156710000000001
0.548089
0.540774
0.487832
0.390717
0.23758600000000002
0.06693099999999999
0.0
0.0
0.0
0.0
0.0
0.0
0.0
0.0
0.0
0.0
0.0
0.0
0.0
0.018574
0.139012
0.308727
0.441179
0.514466
0.550264
0.538259
0.486904
0.3855
0.23522900000000002
0.06756100000000001
0.0
0.0
0.0
0.0
0.0
0.0
0.0
0.0
0.0
0.0
0.0
0.0
0.0
0.018383
0.141828
0.308439
0.439428
0.514845
0.549646
0.5413450000000001
0.48279099999999997
0.38906599999999997
0.242691
0.073509
0.0
0.0
0.0
0.0
0.0
0.0
0.0
0.0
0.0
0.0
0.0
0.0
0.0
0.020207999999999997
0.142642
0.308522
0.444129
0.482033
0.515717
0.436344
0.304546
0.249445
0.181542
0.059421
0.0
0.0
0.0
0.0
0.0
0.0
0.0
0.0
0.0
0.0
0.0
0.0
0.0
0.025841
0.148229
0.252622
0.431302
0.503258
0.530321
0.525711
0.475146
0.384743
0.233035
0.069522
0.0
0.0
0.0
0.0
0.0
0.0
0.0
0.0
0.0
0.0
0.0
0.0
0.0
0.037406999999999996
0.152755
0.293954
0.419272
0.49456599999999995
0.527836
0.519149
0.469518
0.374899
0.229911
0.07176099999999999
0.0
0.0
0.0
0.0
0.0
0.0
0.0
0.0
0.0
0.0
0.0
0.0
0.0
0.031751999999999996
0.14729599999999998
0.301303
0.42322699999999996
0.497054
0.529302
0.527115
0.479971
0.388438
0.241703
0.074762
0.0
0.0
0.0
0.0
0.0
0.0
0.0
0.0
0.0
0.0
0.0
0.0
0.0
0.028421
0.15551900000000002
0.314531
0.431499
0.501771
0.527464
0.529514
0.47947500000000004
0.393704
0.24602000000000002
0.07779699999999999
0.0
0.0
0.0
0.0
0.0
0.0
0.0
0.0
0.0
0.0
0.0
0.0
0.0
0.026588999999999998
0.164146
0.32891000000000004
0.450534
0.522284
0.554191
0.540811
0.49056599999999995
0.396148
0.255578
0.082353
0.0
0.0
0.0
0.0
0.0
0.0
0.0
0.0
0.0
0.0
0.0
0.0
0.0
0.050457
0.157637
0.332523
0.463023
0.5358970000000001
0.563133
0.552099
0.497623
0.40319
0.23069900000000002
0.062198
0.0
0.0
0.0
0.0
0.0
0.0
0.0
0.0
0.0
0.0
0.0
0.0
0.0
0.031173
0.17155099999999998
0.331378
0.46208899999999997
0.538593
0.572252
0.567295
0.5167619999999999
0.420031
0.26438799999999996
0.08522199999999999
0.0
0.0
0.0
0.0
0.0
0.0
0.0
0.0
0.0
0.0
0.0
0.0
0.0
0.049110999999999995
0.186056
0.333108
0.45214800000000005
0.5278740000000001
0.561988
0.5531929999999999
0.501817
0.408423
0.254338
0.077095
0.0
0.0
0.0
0.0
0.0
0.0
0.0
0.0
0.0
0.0
0.0
0.0
0.0
0.052647
0.146346
0.299425
0.470293
0.5448529999999999
0.579025
0.5642670000000001
0.507564
0.41391
0.26148000000000005
0.08315600000000001
0.0
0.0
0.0
0.0
0.0
0.0
0.0
0.0
0.0
0.0
0.0
0.0
0.0
0.033464
0.184394
0.35147300000000004
0.47246
0.544883
0.575462
0.554898
0.497456
0.39044
0.24726900000000002
0.07914700000000001
0.0
0.0
0.0
0.0
0.0
0.0
0.0
0.0
0.0
0.0
0.0
0.0
0.0
0.036359999999999996
0.17922
0.339648
0.464183
0.531462
0.5641849999999999
0.525443
0.46818
0.343119
0.200286
0.0757
0.0
0.0
0.0
0.0
0.0
0.0
0.0
0.0
0.0
0.0
0.0
0.0
0.0
0.04436
0.179877
0.33716
0.460617
0.53573
0.569477
0.558592
0.498358
0.40317000000000003
0.254735
0.08387
0.0
0.0
0.0
0.0
0.0
0.0
0.0
0.0
0.0
0.0
0.0
0.0
0.0
0.050095
0.140627
0.305368
0.445476
0.521769
0.558465
0.5460259999999999
0.486736
0.387971
0.23588
0.074134
0.0
0.0
0.0
0.0
0.0
0.0
0.0
0.0
0.0
0.0
0.0
0.0
0.0
0.044619
0.183651
0.336669
0.452526
0.520519
0.55653
0.544929
0.49637
0.396011
0.249584
0.084917
0.0
0.0
0.0
0.0
0.0
0.0
0.0
0.0
0.0
0.0
0.0
0.0
0.0
0.043863
0.189483
0.34555
0.463236
0.533276
0.558832
0.55451
0.501981
0.407503
0.260149
0.081609
0.0
0.0
0.0
0.0
0.0
0.0
0.0
0.0
0.0
0.0
0.0
0.0
0.0
0.054277
0.189388
0.35199
0.45787900000000004
0.527621
0.5635370000000001
0.5500259999999999
0.496987
0.40282
0.25885199999999997
0.08835599999999999
0.0
0.0
0.0
0.0
0.0
0.0
0.0
0.0
0.0
0.0
0.0
0.0
0.0
0.046668
0.19655
0.351271
0.46108499999999997
0.530981
0.560509
0.545415
0.48647
0.387985
0.250502
0.086956
0.0
0.0
0.0
0.0
0.0
0.0
0.0
0.0
0.0
0.0
0.0
0.0
0.0
0.04029
0.10309099999999999
0.38541000000000003
0.46927199999999997
0.537015
0.573704
0.437837
0.456415
0.41874
0.210865
0.060285
0.0
0.0
0.0
0.0
0.0
0.0
0.0
0.0
0.0
0.0
0.0
0.0
0.0
0.049765000000000004
0.207538
0.367044
0.48268
0.550925
0.582795
0.5702010000000001
0.515376
0.41564100000000004
0.269397
0.09296299999999999
0.0
0.0
0.0
0.0
0.0
0.0
0.0
0.0
0.0
0.0
0.0
0.0
0.0
0.057472
0.21318199999999998
0.371362
0.48138099999999995
0.549636
0.5820660000000001
0.578459
0.5275380000000001
0.424073
0.276709
0.094405
0.0
0.0
0.0
0.0
0.0
0.0
0.0
0.0
0.0
0.0
0.0
0.0
0.0
0.06344899999999999
0.220972
0.38235
0.490525
0.5654880000000001
0.59042
0.577211
0.5185259999999999
0.416719
0.26093500000000003
0.092589
0.000873
0.0
0.0
0.0
0.0
0.0
0.0
0.0
0.0
0.0
0.0
0.0
0.0
0.063044
0.228049
0.388413
0.504186
0.570191
0.596117
0.580087
0.522411
0.420622
0.270734
0.095491
0.0
0.0
0.0
0.0
0.0
0.0
0.0
0.0
0.0
0.0
0.0
0.0
0.0
0.084273
0.249833
0.40072800000000003
0.5031410000000001
0.5671280000000001
0.591857
0.569466
0.5082139999999999
0.40066199999999996
0.22733699999999998
0.045308999999999995
0.0
0.0
0.0
0.0
0.0
0.0
0.0
0.0
0.0
0.0
0.0
0.0
0.0
0.07449
0.17277
0.334167
0.461057
0.551147
0.583637
0.553577
0.49285500000000004
0.37911700000000004
0.2142
0.039748
0.0
0.0
0.0
0.0
0.0
0.0
0.0
0.0
0.0
0.0
0.0
0.0
0.0
0.097172
0.26711
0.426263
0.524693
0.58709
0.608345
0.584735
0.533636
0.422454
0.25502
0.054622
0.0
0.0
0.0
0.0
0.0
0.0
0.0
0.0
0.0
0.0
0.0
0.0
0.0
0.10166
0.288337
0.454774
0.56235
0.624976
0.635981
0.6229009999999999
0.5545910000000001
0.444624
0.252039
0.056521
0.0
0.0
0.0
0.0
0.0
0.0
0.0
0.0
0.0
0.0
0.0
0.0
0.0
0.11051699999999999
0.243207
0.414082
0.520168
0.586096
0.6114769999999999
0.590062
0.5235510000000001
0.414366
0.249179
0.056568
0.0
0.0
0.0
0.0
0.0
0.0
0.0
0.0
0.0
0.0
0.0
0.0
0.0
0.11731799999999999
0.26808499999999996
0.419343
0.522679
0.5862759999999999
0.607496
0.5825750000000001
0.5167670000000001
0.405258
0.243459
0.053975999999999996
0.0
0.0
0.0
0.0
0.0
0.0
0.0
0.0
0.0
0.0
0.0
0.0
0.0
0.101813
0.252627
0.40851600000000005
0.509849
0.5725119999999999
0.5883780000000001
0.571269
0.502781
0.392572
0.225615
0.046702
0.0
0.0
0.0
0.0
0.0
0.0
0.0
0.0
0.0
0.0
0.0
0.0
0.0
0.112949
0.268332
0.41261000000000003
0.5153909999999999
0.580244
0.5998600000000001
0.580799
0.5120359999999999
0.400794
0.22533799999999998
0.047504
0.0
0.0
0.0
0.0
0.0
0.0
0.0
0.0
0.0
0.0
0.0
0.0
0.0
0.11244499999999999
0.275141
0.42292599999999997
0.522181
0.587114
0.6102540000000001
0.590427
0.524815
0.408551
0.24690399999999998
0.056481
0.0
0.0
0.0
0.0
0.0
0.0
0.0
0.0
0.0
0.0
0.0
0.0
0.0
0.115351
0.278155
0.424379
0.5303300000000001
0.6003970000000001
0.623581
0.602382
0.530895
0.412634
0.245385
0.056229
0.0
0.0
0.0
0.0
0.0
0.0
0.0
0.0
0.0
0.0
0.0
0.0
0.0
0.122869
0.283845
0.426539
0.523384
0.5751430000000001
0.599376
0.582693
0.521664
0.41072000000000003
0.252861
0.061918999999999995
0.0
0.0
0.0
0.0
0.0
0.0
0.0
0.0
0.0
0.0
0.0
0.0
0.0
0.10885800000000001
0.241514
0.399377
0.49440300000000004
0.546942
0.560369
0.537883
0.47044
0.35485
0.16231299999999999
0.033158
0.0
0.0
0.0
0.0
0.0
0.0
0.0
0.0
0.0
0.0
0.0
0.0
0.0
0.115441
0.282618
0.426009
0.51513
0.36029300000000003
0.543815
0.255279
0.415049
0.288558
0.247895
0.049811999999999995
0.0
0.0
0.0
0.0
0.0
0.0
0.0
0.0
0.0
0.0
0.0
0.0
0.0
0.132526
0.298863
0.441864
0.538717
0.5997939999999999
0.618768
0.611726
0.540771
0.42085500000000003
0.253027
0.060936
0.0
0.0
0.0
0.0
0.0
0.0
0.0
0.0
0.0
0.0
0.0
0.0
0.0
0.14074
0.285195
0.397836
0.465057
0.579108
0.5244160000000001
0.579812
0.5369579999999999
0.422765
0.254749
0.062295
0.0
0.0
0.0
0.0
0.0
0.0
0.0
0.0
0.0
0.0
0.0
0.0
0.0
0.141861
0.30851799999999996
0.451199
0.546237
0.60482
0.61175
0.592275
0.538026
0.436631
0.287509
0.083701
0.0
0.0
0.0
0.0
0.0
0.0
0.0
0.0
0.0
0.0
0.0
0.0
0.0
0.138316
0.326108
0.473549
0.572269
0.632598
0.65108
0.6266849999999999
0.559543
0.44874400000000003
0.297191
0.089411
0.0
0.0
0.0
0.0
0.0
0.0
0.0
0.0
0.0
0.0
0.0
0.0
0.012674
0.14299199999999998
0.320803
0.46301
0.5700449999999999
0.6322300000000001
0.6562
0.630224
0.565053
0.457627
0.294734
0.088615
0.0
0.0
0.0
0.0
0.0
0.0
0.0
0.0
0.0
0.0
0.0
0.0
0.023722999999999998
0.15916
0.32505900000000004
0.46754199999999996
0.5702569999999999
0.632749
0.65553
0.633732
0.5674349999999999
0.451118
0.28504399999999996
0.08144199999999999
0.0
0.0
0.0
0.0
0.0
0.0
0.0
0.0
0.0
0.0
0.0
0.0
0.024411000000000002
0.15543700000000002
0.326903
0.471519
0.578546
0.642298
0.664067
0.642297
0.576521
0.461865
0.29677
0.088037
0.0
0.0
0.0
0.0
0.0
0.0
0.0
0.0
0.0
0.0
0.0
0.0
0.022719999999999997
0.15972999999999998
0.31784500000000004
0.46835000000000004
0.571294
0.622178
0.652786
0.630028
0.567645
0.449985
0.288233
0.08404500000000001
0.0
0.0
0.0
0.0
0.0
0.0
0.0
0.0
0.0
0.0
0.0
0.0
0.017411000000000003
0.159242
0.358421
0.5078039999999999
0.6119
0.674628
0.6969460000000001
0.671726
0.605447
0.486073
0.32152800000000004
0.09938
0.0
0.0
0.0
0.0
0.0
0.0
0.0
0.0
0.0
0.0
0.0
0.0
0.021665
0.163413
0.333212
0.498876
0.599067
0.6612140000000001
0.6803400000000001
0.657682
0.5914400000000001
0.473185
0.309183
0.096273
0.0
0.0
0.0
0.0
0.0
0.0
0.0
0.0
0.0
0.0
0.0
0.0
0.021606999999999998
0.153576
0.22259600000000002
0.30297
0.40514100000000003
0.521038
0.574585
0.402698
0.190993
0.13794399999999998
0.111528
0.024358
0.0
0.0
0.0
0.0
0.0
0.0
0.0
0.0
0.0
0.0
0.0
0.0
0.019121
0.17167500000000002
0.34877600000000003
0.451969
0.586142
0.6052730000000001
0.6815410000000001
0.6688099999999999
0.606201
0.494089
0.332826
0.12159099999999999
0.0
0.0
0.0
0.0
0.0
0.0
0.0
0.0
0.0
0.0
0.0
0.0
0.014711
0.18256
0.376645
0.516168
0.6153780000000001
0.669468
0.695485
0.676614
0.6126459999999999
0.503737
0.344249
0.126322
0.0
0.0
0.0
0.0
0.0
0.0
0.0
0.0
0.0
0.0
0.0
0.0
0.024454
0.188619
0.380284
0.5143479999999999
0.545785
0.604542
0.681465
0.6880879999999999
0.624366
0.5131870000000001
0.357274
0.13689199999999999
0.0
0.0
0.0
0.0
0.0
0.0
0.0
0.0
0.0
0.0
0.0
0.0
0.022772999999999998
0.22478700000000001
0.364742
0.512331
0.612107
0.678797
0.69771
0.680585
0.616742
0.501243
0.336804
0.121292
0.0
0.0
0.0
0.0
0.0
0.0
0.0
0.0
0.0
0.0
0.0
0.0
0.017438
0.16328600000000001
0.315377
0.431096
0.513441
0.511195
0.621322
0.5883579999999999
0.514673
0.414037
0.18286000000000002
0.044517
0.0
0.0
0.0
0.0
0.0
0.0
0.0
0.0
0.0
0.0
0.0
0.0
0.011456
0.11750400000000001
0.27974400000000005
0.372347
0.510708
0.593678
0.626236
0.6283350000000001
0.554995
0.373926
0.170973
0.038624000000000006
0.0
0.0
0.0
0.0
0.0
0.0
0.0
0.0
0.0
0.0
0.0
0.0
0.024658000000000003
0.168048
0.334519
0.427439
0.323096
0.481576
0.636389
0.638338
0.48949000000000004
0.16256600000000002
0.21140899999999999
0.10905200000000001
0.0
0.0
0.0
0.0
0.0
0.0
0.0
0.0
0.0
0.0
0.0
0.0
0.015442
0.122992
0.237995
0.441782
0.544092
0.623936
0.38330000000000003
0.604208
0.526379
0.426346
0.20166900000000001
0.079519
0.0
0.0
0.0
0.0
0.0
0.0
0.0
0.0
0.0
0.0
0.0
0.0
0.02101
0.178292
0.358317
0.504817
0.59649
0.6532859999999999
0.6619120000000001
0.63317
0.569221
0.467974
0.284714
0.096183
0.0
0.0
0.0
0.0
0.0
0.0
0.0
0.0
0.0
0.0
0.0
0.0
0.033088
0.123611
0.303697
0.487118
0.597812
0.6062240000000001
0.136657
0.5680080000000001
0.517799
0.484114
0.330577
0.12172799999999999
0.0
0.0
0.0
0.0
0.0
0.0
0.0
0.0
0.0
0.0
0.0
0.0
0.021807
0.21197200000000002
0.384594
0.525867
0.619303
0.681661
0.7042780000000001
0.6827960000000001
0.633167
0.5134070000000001
0.351439
0.142416
0.0
0.0
0.0
0.0
0.0
0.0
0.0
0.0
0.0
0.0
0.0
0.0
0.026593
0.20460499999999998
0.38668
0.5247240000000001
0.619417
0.679749
0.705562
0.67996
0.61205
0.496587
0.35844600000000004
0.136168
0.0
0.0
0.0
0.0
0.0
0.0
0.0
0.0
0.0
0.0
0.0
0.0
0.024097
0.110542
0.266814
0.532265
0.623515
0.682639
0.70069
0.684804
0.625259
0.516946
0.361611
0.14418899999999998
0.0
0.0
0.0
0.0
0.0
0.0
0.0
0.0
0.0
0.0
0.0
0.0
0.032663
0.20215
0.379365
0.529631
0.630936
0.693404
0.717504
0.691894
0.625116
0.513327
0.360714
0.146917
0.0
0.0
0.0
0.0
0.0
0.0
0.0
0.0
0.0
0.0
0.0
0.0
0.033902
0.21196
0.38182900000000003
0.522963
0.631656
0.691016
0.7115199999999999
0.690462
0.628415
0.519517
0.365157
0.14300100000000002
0.0
0.0
0.0
0.0
0.0
0.0
0.0
0.0
0.0
0.0
0.0
0.0
0.034157
0.217553
0.39984699999999995
0.536079
0.630911
0.6911900000000001
0.708716
0.686958
0.621616
0.512702
0.358751
0.146477
0.0
0.0
0.0
0.0
0.0
0.0
0.0
0.0
0.0
0.0
0.0
0.0
0.037765
0.197823
0.429996
0.5372469999999999
0.633829
0.688446
0.678151
0.66616
0.6157999999999999
0.49754899999999996
0.15929300000000002
0.08438599999999999
0.0
0.0
0.0
0.0
0.0
0.0
0.0
0.0
0.0
0.0
0.0
0.0
0.013424
0.186363
0.33145800000000003
0.46814100000000003
0.559982
0.454456
0.6611549999999999
0.616527
0.581686
0.449327
0.312239
0.039325000000000006
0.0
0.0
0.0
0.0
0.0
0.0
0.0
0.0
0.0
0.0
0.0
0.0
0.034439
0.228046
0.420618
0.539732
0.6344500000000001
0.6915009999999999
0.7149500000000001
0.691375
0.62654
0.515293
0.361223
0.142201
0.0
0.0
0.0
0.0
0.0
0.0
0.0
0.0
0.0
0.0
0.0
0.0
0.038209
0.212895
0.420865
0.565195
0.57639
0.631133
0.646285
0.620833
0.575016
0.5132340000000001
0.371848
0.165365
0.0008020000000000001
0.0
0.0
0.0
0.0
0.0
0.0
0.0
0.0
0.0
0.0
0.0
0.044747999999999996
0.24488300000000002
0.415483
0.549532
0.6414650000000001
0.703545
0.7196589999999999
0.696332
0.632438
0.518736
0.361148
0.14411500000000002
0.00055
0.0
0.0
0.0
0.0
0.0
0.0
0.0
0.0
0.0
0.0
0.0
0.036007
0.25036
0.323459
0.580207
0.6593150000000001
0.723487
0.741331
0.7194149999999999
0.6488039999999999
0.535252
0.330502
0.15604300000000002
0.0014730000000000001
0.0
0.0
0.0
0.0
0.0
0.0
0.0
0.0
0.0
0.0
0.0
0.035404000000000005
0.123581
0.371505
0.290224
0.6543519999999999
0.70926
0.722322
0.702901
0.634235
0.522914
0.364585
0.14780500000000002
0.001212
0.0
0.0
0.0
0.0
0.0
0.0
0.0
0.0
0.0
0.0
0.0
0.045653
0.206436
0.386611
0.5567989999999999
0.6552279999999999
0.714044
0.73163
0.707191
0.638615
0.529553
0.37327699999999997
0.142741
0.0
0.0
0.0
0.0
0.0
0.0
0.0
0.0
0.0
0.0
0.0
0.0
0.063751
0.29125999999999996
0.38571300000000003
0.5491699999999999
0.645476
0.707387
0.7260449999999999
0.708054
0.637013
0.5177269999999999
0.3475
0.125028
0.001252
0.0
0.0
0.0
0.0
0.0
0.0
0.0
0.0
0.0
0.0
0.0
0.047005000000000005
0.240838
0.426916
0.555425
0.658847
0.707037
0.7602300000000001
0.72165
0.658559
0.544616
0.385934
0.163434
0.002812
0.0
0.0
0.0
0.0
0.0
0.0
0.0
0.0
0.0
0.0
0.0
0.051192
0.265635
0.445312
0.590269
0.664182
0.719862
0.752048
0.729522
0.656887
0.543865
0.38792000000000004
0.17047900000000002
0.003484
0.0
0.0
0.0
0.0
0.0
0.0
0.0
0.0
0.0
0.0
0.0
0.044723
0.24790399999999999
0.410054
0.558213
0.655693
0.710748
0.72953
0.720973
0.655141
0.544996
0.382262
0.17268199999999997
0.0035369999999999998
0.0
0.0
0.0
0.0
0.0
0.0
0.0
0.0
0.0
0.0
0.0
0.06354800000000001
0.24526900000000001
0.432564
0.572696
0.662293
0.723804
0.7451749999999999
0.718876
0.6555259999999999
0.550219
0.395812
0.180033
0.005205
0.0
0.0
0.0
0.0
0.0
0.0
0.0
0.0
0.0
0.0
0.0
0.055483
0.272777
0.449622
0.578893
0.668128
0.7213930000000001
0.748987
0.71538
0.6543110000000001
0.537687
0.36123200000000005
0.09103
0.001066
0.0
0.0
0.0
0.0
0.0
0.0
0.0
0.0
0.0
0.0
0.0
0.058642
0.28033600000000003
0.459966
0.590422
0.685191
0.741793
0.753122
0.738323
0.66862
0.564342
0.40864
0.188776
0.0069759999999999996
0.0
0.0
0.0
0.0
0.0
0.0
0.0
0.0
0.0
0.0
0.0
0.06418
0.260073
0.440822
0.57486
0.678822
0.738626
0.764929
0.740384
0.673466
0.5613630000000001
0.37785700000000005
0.09766899999999999
0.0016519999999999998
0.0
0.0
0.0
0.0
0.0
0.0
0.0
0.0
0.0
0.0
0.0
0.06638200000000001
0.222592
0.428979
0.559096
0.663058
0.722478
0.736639
0.683998
0.556389
0.498336
0.316914
0.08962
0.002846
0.0
0.0
0.0
0.0
0.0
0.0
0.0
0.0
0.0
0.0
0.0
0.06716
0.27359500000000003
0.447256
0.582217
0.66769
0.728084
0.74054
0.728391
0.6642809999999999
0.5492480000000001
0.396557
0.183191
0.006615
0.0
0.0
0.0
0.0
0.0
0.0
0.0
0.0
0.0
0.0
0.0
0.069839
0.274855
0.443569
0.571704
0.674269
0.72326
0.722834
0.697538
0.663815
0.556933
0.393752
0.190955
0.006729
0.0
0.0
0.0
0.0
0.0
0.0
0.0
0.0
0.0
0.0
0.0
0.07955899999999999
0.234652
0.39497899999999997
0.536886
0.686855
0.739229
0.747606
0.731562
0.669015
0.566381
0.410036
0.17851499999999998
0.003882
0.0
0.0
0.0
0.0
0.0
0.0
0.0
0.0
0.0
0.0
0.0
0.083635
0.25990199999999997
0.41576100000000005
0.5443250000000001
0.647806
0.7448769999999999
0.749417
0.74248
0.6701609999999999
0.526346
0.401497
0.106229
0.006986
0.0
0.0
0.0
0.0
0.0
0.0
0.0
0.0
0.0
0.0
0.0
0.088172
0.271486
0.422681
0.490712
0.657143
0.682162
0.5943849999999999
0.69064
0.522946
0.46325599999999995
0.380906
0.206921
0.011182000000000001
0.0
0.0
0.0
0.0
0.0
0.0
0.0
0.0
0.0
0.0
0.0
0.11315900000000001
0.241852
0.499106
0.590521
0.636775
0.7399589999999999
0.753484
0.742318
0.6833579999999999
0.5774750000000001
0.429786
0.21337
0.013329
0.0
0.0
0.0
0.0
0.0
0.0
0.0
0.0
0.0
0.0
0.0
0.07473600000000001
0.284198
0.334891
0.528424
0.6521699999999999
0.729114
0.739187
0.734811
0.673646
0.565687
0.405685
0.192706
0.010743
0.0
0.0
0.0
0.0
0.0
0.0
0.0
0.0
0.0
0.0
0.0
0.07189
0.264089
0.433786
0.558982
0.65558
0.718742
0.73894
0.7213890000000001
0.659522
0.551102
0.378786
0.087363
0.000397
0.0
0.0
0.0
0.0
0.0
0.0
0.0
0.0
0.0
0.0
0.0
0.043562
0.156555
0.366405
0.5719310000000001
0.6468780000000001
0.38920499999999997
0.445079
0.721818
0.6692619999999999
0.196298
0.023408
0.021797999999999998
0.0
0.0
0.0
0.0
0.0
0.0
0.0
0.0
0.0
0.0
0.0
0.0
0.069589
0.257162
0.41483800000000004
0.474589
0.661216
0.727653
0.747053
0.7328579999999999
0.6748500000000001
0.42917700000000003
0.197063
0.099232
0.002712
0.0
0.0
0.0
0.0
0.0
0.0
0.0
0.0
0.0
0.0
0.0
0.078535
0.195448
0.415677
0.582219
0.659398
0.7327039999999999
0.759407
0.743442
0.681436
0.5663339999999999
0.415735
0.20368799999999998
0.010563000000000001
0.0
0.0
0.0
0.0
0.0
0.0
0.0
0.0
0.0
0.0
0.0
0.076729
0.274335
0.443784
0.569509
0.664047
0.724853
0.746579
0.738574
0.676176
0.563862
0.41343799999999997
0.202237
0.01123
0.0
0.0
0.0
0.0
0.0
0.0
0.0
0.0
0.0
0.0
0.0
0.076283
0.280506
0.448365
0.575998
0.680044
0.7504
0.7705270000000001
0.758596
0.6919
0.57328
0.420391
0.20227199999999998
0.009401
0.0
0.0
0.0
0.0
0.0
0.0
0.0
0.0
0.0
0.0
0.0
0.077564
0.261996
0.423409
0.5719099999999999
0.6685209999999999
0.730677
0.748885
0.7325689999999999
0.665477
0.559443
0.401616
0.179185
0.007288
0.0
0.0
0.0
0.0
0.0
0.0
0.0
0.0
0.0
0.0
0.0
0.074046
0.27428800000000003
0.430927
0.53208
0.6059629999999999
0.67152
0.721934
0.734229
0.285721
0.338762
0.196647
0.027667999999999998
0.001885
0.0
0.0
0.0
0.0
0.0
0.0
0.0
0.0
0.0
0.0
0.0
0.075771
0.277618
0.418113
0.453739
0.619903
0.698731
0.735109
0.688012
0.6614249999999999
0.536087
0.383875
0.19249100000000002
0.010161
0.0
0.0
0.0
0.0
0.0
0.0
0.0
0.0
0.0
0.0
0.0
0.076022
0.212346
0.36598200000000003
0.518934
0.592884
0.707817
0.725856
0.696955
0.656651
0.441621
0.223708
0.150122
0.0034049999999999996
0.0
0.0
0.0
0.0
0.0
0.0
0.0
0.0
0.0
0.0
0.0
0.082354
0.292966
0.457567
0.5866269999999999
0.672273
0.696106
0.748462
0.7374080000000001
0.675818
0.5721090000000001
0.42071499999999995
0.209719
0.012127
0.0
0.0
0.0
0.0
0.0
0.0
0.0
0.0
0.0
0.0
0.0
0.083637
0.291479
0.42374700000000004
0.533683
0.6002419999999999
0.7210570000000001
0.743717
0.727939
0.6683490000000001
0.574058
0.416528
0.21163200000000001
0.015519
0.0
0.0
0.0
0.0
0.0
0.0
0.0
0.0
0.0
0.0
0.0
0.0717
0.274331
0.440936
0.555945
0.628953
0.717096
0.73883
0.693663
0.45423399999999997
0.408491
0.40912400000000004
0.19822399999999998
0.010065
0.0
0.0
0.0
0.0
0.0
0.0
0.0
0.0
0.0
0.0
0.0
0.016262000000000002
0.08807999999999999
0.183856
0.142619
0.277317
0.431288
0.6200950000000001
0.717361
0.646949
0.539514
0.393093
0.197814
0.014178000000000001
0.0
0.0
0.0
0.0
0.0
0.0
0.0
0.0
0.0
0.0
0.0
0.06504
0.161119
0.265511
0.381492
0.469825
0.481814
0.677978
0.7117530000000001
0.650961
0.553418
0.41782100000000005
0.244701
0.021044
0.0
0.0
0.0
0.0
0.0
0.0
0.0
0.0
0.0
0.0
0.0
0.055222
0.172232
0.42347199999999996
0.402663
0.577379
0.762379
0.774417
0.731662
0.664618
0.546246
0.398652
0.191227
0.006065
0.0
0.0
0.0
0.0
0.0
0.0
0.0
0.0
0.0
0.0
0.0
0.031253
0.14343899999999998
0.20761600000000002
0.458881
0.635112
0.6614289999999999
0.5574439999999999
0.709587
0.47688400000000003
0.143477
0.190521
0.07660800000000001
0.004373
0.0
0.0
0.0
0.0
0.0
0.0
0.0
0.0
0.0
0.0
0.0
0.053549
0.278377
0.445973
0.560628
0.689849
0.694492
0.7543540000000001
0.7308859999999999
0.639336
0.566115
0.421538
0.21879200000000001
0.012711
0.0
0.0
0.0
0.0
0.0
0.0
0.0
0.0
0.0
0.0
0.0
0.056726
0.28383400000000003
0.45781900000000003
0.5857530000000001
0.679943
0.740443
0.755707
0.742711
0.6907129999999999
0.5939059999999999
0.43659699999999996
0.191227
0.018811
0.0
0.0
0.0
0.0
0.0
0.0
0.0
0.0
0.0
0.0
0.0
0.053447
0.284371
0.430679
0.5464439999999999
0.6321749999999999
0.7238859999999999
0.74233
0.733896
0.687843
0.5923579999999999
0.44757100000000005
0.247294
0.020977
0.0
0.0
0.0
0.0
0.0
0.0
0.0
0.0
0.0
0.0
0.0
0.069696
0.21585400000000002
0.418481
0.584364
0.682958
0.736373
0.752334
0.752513
0.69421
0.591782
0.43506
0.166481
0.011293
0.0
0.0
0.0
0.0
0.0
0.0
0.0
0.0
0.0
0.0
0.0
0.035879
0.22227000000000002
0.403909
0.568665
0.677994
0.749162
0.781919
0.7758440000000001
0.722487
0.6240800000000001
0.49600099999999997
0.31534500000000004
0.080422
0.0
0.0
0.0
0.0
0.0
0.0
0.0
0.0
0.0
0.0
0.0
0.035039
0.25399
0.357842
0.28702
0.597484
0.7385280000000001
0.7676000000000001
0.759749
0.7117749999999999
0.6215599999999999
0.490646
0.31592000000000003
0.081603
0.0
0.0
0.0
0.0
0.0
0.0
0.0
0.0
0.0
0.0
0.0
0.020420999999999998
0.201995
0.437436
0.57514
0.639047
0.731694
0.751568
0.712894
0.667537
0.612566
0.475728
0.295714
0.07423099999999999
0.0
0.0
0.0
0.0
0.0
0.0
0.0
0.0
0.0
0.0
0.0
0.030099
0.228982
0.42305200000000004
0.556232
0.649763
0.725698
0.756433
0.743077
0.690237
0.605568
0.47574700000000003
0.294136
0.07402299999999999
0.0
0.0
0.0
0.0
0.0
0.0
0.0
0.0
0.0
0.0
0.0
0.028317000000000002
0.22114799999999998
0.363408
0.538263
0.6464829999999999
0.7122419999999999
0.738884
0.727012
0.678457
0.572803
0.423554
0.20916200000000001
0.050176000000000005
0.0
0.0
0.0
0.0
0.0
0.0
0.0
0.0
0.0
0.0
0.0
0.032317
0.230669
0.402421
0.537833
0.640482
0.711172
0.747968
0.738072
0.694346
0.609172
0.47626999999999997
0.266629
0.047316000000000004
0.0
0.0
0.0
0.0
0.0
0.0
0.0
0.0
0.0
0.0
0.0
0.026925
0.18365700000000001
0.392796
0.526889
0.6395850000000001
0.72125
0.7484500000000001
0.734422
0.685749
0.595311
0.45697899999999997
0.22373400000000002
0.039819
0.0
0.0
0.0
0.0
0.0
0.0
0.0
0.0
0.0
0.0
0.0
0.027304
0.213028
0.38944799999999996
0.524433
0.653993
0.718874
0.7564339999999999
0.741841
0.6895589999999999
0.586347
0.412234
0.208618
0.038252
0.0
0.0
0.0
0.0
0.0
0.0
0.0
0.0
0.0
0.0
0.0
0.029538000000000002
0.22775
0.445152
0.563243
0.660544
0.7267
0.7018540000000001
0.652124
0.6935979999999999
0.603573
0.457049
0.242058
0.049354999999999996
0.0
0.0
0.0
0.0
0.0
0.0
0.0
0.0
0.0
0.0
0.0
0.0
0.024529
0.286402
0.511429
0.385401
0.487605
0.6526900000000001
0.660458
0.6239389999999999
0.5783440000000001
0.46263
0.267927
0.048494999999999996
0.0
0.0
0.0
0.0
0.0
0.0
0.0
0.0
0.0
0.0
0.0
0.033534999999999995
0.229599
0.38119600000000003
0.543606
0.655289
0.710692
0.756575
0.748086
0.691929
0.6023930000000001
0.45015
0.28005
0.047851
0.0
0.0
0.0
0.0
0.0
0.0
0.0
0.0
0.0
0.0
0.0
0.028364999999999998
0.20086400000000001
0.360311
0.502668
0.6346860000000001
0.695117
0.741482
0.701924
0.682943
0.5183540000000001
0.4844
0.276661
0.037566
0.0
0.0
0.0
0.0
0.0
0.0
0.0
0.0
0.0
0.0
0.0
0.028736
0.19714199999999998
0.358676
0.545824
0.650006
0.713299
0.7540370000000001
0.746721
0.69641
0.6083
0.48197199999999996
0.274235
0.049392000000000005
0.0
0.0
0.0
0.0
0.0
0.0
0.0
0.0
0.0
0.0
0.0
0.030341999999999997
0.239269
0.415343
0.515402
0.672745
0.715688
0.753574
0.746648
0.699919
0.614043
0.449341
0.29574900000000004
0.08051699999999999
0.0
0.0
0.0
0.0
0.0
0.0
0.0
0.0
0.0
0.0
0.0
0.010237999999999999
0.105428
0.121046
0.092991
0.532794
0.662431
0.742696
0.73537
0.6920470000000001
0.630105
0.445596
0.274671
0.06963599999999999
0.0
0.0
0.0
0.0
0.0
0.0
0.0
0.0
0.0
0.0
0.0
0.024286000000000002
0.239804
0.45233
0.39170499999999997
0.6651130000000001
0.729932
0.762521
0.752565
0.700318
0.6210910000000001
0.510884
0.335233
0.050323
0.0
0.0
0.0
0.0
0.0
0.0
0.0
0.0
0.0
0.0
0.0
0.000501
0.04375
0.19154400000000002
0.100763
0.05137
0.20159100000000002
0.45891899999999997
0.741782
0.701843
0.6264160000000001
0.503815
0.33634800000000004
0.102821
0.0
0.0
0.0
0.0
0.0
0.0
0.0
0.0
0.0
0.0
0.0
0.000122
0.025202000000000002
0.149522
0.30045499999999997
0.5121140000000001
0.6796960000000001
0.833333
0.377299
0.5979840000000001
0.409557
0.462644
0.330935
0.104333
0.0
0.0
0.0
0.0
0.0
0.0
0.0
0.0
0.0
0.0
0.0
0.018503
0.158567
0.378144
0.40639600000000003
0.609826
0.610838
0.084759
0.34630700000000003
0.521299
0.558957
0.379077
0.079054
0.0
0.0
0.0
0.0
0.0
0.0
0.0
0.0
0.0
0.0
0.0
0.0
0.0246
0.170632
0.338616
0.38432799999999995
0.6522129999999999
0.595679
0.31518999999999997
0.33101600000000003
0.1979
0.1633
0.009828
0.016417
0.009239
0.0
0.0
0.0
0.0
0.0
0.0
