0.0
0.0
0.0
0.0
0.0
0.0
0.07592600000000001
0.310479
0.402109
0.45856
0.561318
0.70429
0.565543
0.7201660000000001
0.6579170000000001
0.570047
0.47985
0.323592
0.167169
0.011094
0.0
0.0
0.0
0.0
0.0
0.0
0.0
0.0
0.0
0.0
0.12944
0.31583999999999995
0.47063499999999997
0.57712
0.6200030000000001
0.6857949999999999
0.7048
0.675882
0.609097
0.567176
0.451442
0.329513
0.155577
0.012904
0.0
0.0
0.0
0.0
0.0
0.0
0.0
0.0
0.0
0.0
0.125576
0.309699
0.46311399999999997
0.574264
0.654763
0.67396
0.716978
0.605337
0.658829
0.5662590000000001
0.475586
0.345675
0.179615
0.014538
0.0
0.0
0.0
0.0
0.0
0.0
0.0
0.0
0.0
0.0
0.086086
0.272374
0.369139
0.41570999999999997
0.573064
0.622016
0.590332
0.545111
0.577886
0.418465
0.39408499999999996
0.2686
0.059327
0.001426
0.0
0.0
0.0
0.0
0.0
0.0
0.0
0.0
0.0
0.0
0.055191000000000004
0.11562399999999999
0.204519
0.226126
0.35976400000000003
0.283273
0.364888
0.411443
0.138596
0.109504
0.224964
0.129246
0.061091
0.000439
0.0
0.0
0.0
0.0
0.0
0.0
0.0
0.0
0.0
0.0
0.081595
0.244815
0.40781900000000004
0.50607
0.553406
0.550316
0.55653
0.42923700000000004
0.395823
0.482076
0.386921
0.21161000000000002
0.097417
0.002835
0.0
0.0
0.0
0.0
0.0
0.0
0.0
0.0
0.0
0.0
0.063024
0.110526
0.28558300000000003
0.362168
0.437147
0.43927499999999997
0.553862
0.616115
0.46747500000000003
0.436379
0.329971
0.21637399999999998
0.053323
0.0010609999999999999
0.0
0.0
0.0
0.0
0.0
0.0
0.0
0.0
0.0
0.0
0.058059
0.140497
0.214323
0.277717
0.34997300000000003
0.337654
0.266246
0.33284800000000003
0.214507
0.172637
0.242126
0.087676
0.050959000000000004
0.0021869999999999997
0.0
0.0
0.0
0.0
0.0
0.0
0.0
0.0
0.0
0.0
0.024844
0.149893
0.195793
0.223228
0.35572899999999996
0.23341399999999998
0.6368830000000001
0.513048
0.6016739999999999
0.5347799999999999
0.463812
0.296407
0.08602599999999999
0.00718
0.0
0.0
0.0
0.0
0.0
0.0
0.0
0.0
0.0
0.0
0.028971
0.09739400000000001
0.30175
0.308087
0.50189
0.585897
0.604028
0.571118
0.544763
0.575121
0.372393
0.280308
0.08980800000000001
0.005064
0.0
0.0
0.0
0.0
0.0
0.0
0.0
0.0
0.0
0.0
0.082565
0.248751
0.390418
0.490885
0.54495
0.6693450000000001
0.638316
0.6421849999999999
0.531354
0.454787
0.351389
0.348527
0.163443
0.015367
0.0
0.0
0.0
0.0
0.0
0.0
0.0
0.0
0.0
0.0
0.052528
0.15037899999999998
0.243101
0.262867
0.44697899999999996
0.55495
0.501475
0.6076520000000001
0.6365729999999999
0.488433
0.308517
0.26746
0.120854
0.002937
0.0
0.0
0.0
0.0
0.0
0.0
0.0
0.0
0.0
0.0
0.074506
0.244953
0.415932
0.530934
0.538669
0.42081999999999997
0.653734
0.584779
0.520226
0.372226
0.393036
0.244983
0.128381
0.01065
0.0
0.0
0.0
0.0
0.0
0.0
0.0
0.0
0.0
0.0
0.09768399999999999
0.243022
0.43561500000000003
0.5339160000000001
0.607977
0.614433
0.663528
0.632696
0.606715
0.545474
0.453903
0.34332999999999997
0.154306
0.0020710000000000004
0.0
0.0
0.0
0.0
0.0
0.0
0.0
0.0
0.0
0.0
0.07632299999999999
0.268424
0.36186399999999996
0.500644
0.49804899999999996
0.6279210000000001
0.680865
0.576745
0.667551
0.569973
0.484491
0.336069
0.16733699999999999
0.010949
0.0
0.0
0.0
0.0
0.0
0.0
0.0
0.0
0.0
0.0
0.053533000000000004
0.183999
0.36677
0.35375599999999996
0.525279
0.623448
0.536796
0.424274
0.328441
0.49952300000000005
0.446602
0.273745
0.09580899999999999
0.006757
0.0
0.0
0.0
0.0
0.0
0.0
0.0
0.0
0.0
0.0
0.070757
0.222292
0.31005
0.368585
0.567468
0.641269
0.44598200000000005
0.435575
0.342048
0.237975
0.134866
0.09914
0.025861000000000002
0.0
0.0
0.0
0.0
0.0
0.0
0.0
0.0
0.0
0.0
0.0
0.05956
0.209896
0.300017
0.5142490000000001
0.582746
0.635422
0.5881989999999999
0.5577859999999999
0.298996
0.353165
0.451182
0.21209299999999998
0.0663
0.001936
0.0
0.0
0.0
0.0
0.0
0.0
0.0
0.0
0.0
0.0
0.050387
0.19022
0.341312
0.23427099999999998
0.434239
0.47210199999999997
0.360779
0.507625
0.200756
0.347889
0.337023
0.137982
0.131637
0.005411
0.0
0.0
0.0
0.0
0.0
0.0
0.0
0.0
0.0
0.0
0.07165300000000001
0.251415
0.401311
0.5280410000000001
0.593932
0.658669
0.5454869999999999
0.673822
0.5059859999999999
0.46031
0.44125400000000004
0.315649
0.152912
0.009533
0.0
0.0
0.0
0.0
0.0
0.0
0.0
0.0
0.0
0.0
0.057271999999999997
0.232273
0.383529
0.485765
0.6026849999999999
0.668006
0.662307
0.682629
0.653072
0.579637
0.47333600000000003
0.332588
0.154458
0.009023999999999999
0.0
0.0
0.0
0.0
0.0
0.0
0.0
0.0
0.0
0.0
0.061508
0.16334700000000002
0.342337
0.487485
0.542968
0.580452
0.583765
0.624006
0.5846849999999999
0.455599
0.433225
0.265613
0.10792700000000001
0.004281
0.0
0.0
0.0
0.0
0.0
0.0
0.0
0.0
0.0
0.0
0.037845
0.146143
0.28976999999999997
0.420837
0.559832
0.5282830000000001
0.6698869999999999
0.690805
0.46680099999999997
0.410962
0.27165100000000003
0.247227
0.076265
0.00181
0.0
0.0
0.0
0.0
0.0
0.0
0.0
0.0
0.0
0.0
0.035817999999999996
0.096671
0.165207
0.14632599999999998
0.246224
0.6125170000000001
0.518004
0.398894
0.560963
0.416597
0.223051
0.171826
0.090996
0.000149
0.0
0.0
0.0
0.0
0.0
0.0
0.0
0.0
0.0
0.0
0.036385
0.151149
0.151731
0.351334
0.44461900000000004
0.220517
0.427241
0.387984
0.44139100000000003
0.383368
0.387989
0.247277
0.11326399999999999
0.0029140000000000004
0.0
0.0
0.0
0.0
0.0
0.0
0.0
0.0
0.0
0.0
0.046581000000000004
0.15662399999999999
0.255008
0.329878
0.5677949999999999
0.374887
0.423537
0.473545
0.38620499999999996
0.493422
0.35989299999999996
0.244802
0.11927
0.008657
0.0
0.0
0.0
0.0
0.0
0.0
0.0
0.0
0.0
0.0
0.044028
0.202181
0.351466
0.43639999999999995
0.535346
0.597598
0.644101
0.4641
0.615579
0.48202
0.122722
0.174257
0.07004
0.001585
0.0
0.0
0.0
0.0
0.0
0.0
0.0
0.0
0.0
0.0
0.027219
0.129477
0.26365
0.26938999999999996
0.365619
0.665376
0.421101
0.572394
0.574044
0.37966300000000003
0.403923
0.19455699999999998
0.109928
0.002926
0.0
0.0
0.0
0.0
0.0
0.0
0.0
0.0
0.0
0.0
0.035006
0.18224700000000002
0.326392
0.453224
0.542729
0.6774880000000001
0.6280650000000001
0.672928
0.625725
0.546679
0.449287
0.305033
0.138853
0.0076950000000000005
0.0
0.0
0.0
0.0
0.0
0.0
0.0
0.0
0.0
0.0
0.031045000000000003
0.14412799999999998
0.306322
0.308579
0.491894
0.646162
0.488055
0.625568
0.27875099999999997
0.527501
0.33751400000000004
0.139563
0.08938800000000001
0.003696
0.0
0.0
0.0
0.0
0.0
0.0
0.0
0.0
0.0
0.0
0.031179
0.039606999999999996
0.112616
0.149005
0.246619
0.285629
0.203003
0.261186
0.353313
0.463156
0.18438200000000002
0.248817
0.114525
0.003169
0.0
0.0
0.0
0.0
0.0
0.0
0.0
0.0
0.0
0.0
0.012489
0.053996
0.183371
0.31514299999999995
0.520418
0.596287
0.632658
0.600743
0.622893
0.547044
0.432923
0.300527
0.128608
0.003311
0.0
0.0
0.0
0.0
0.0
0.0
0.0
0.0
0.0
0.0
0.029963
0.196319
0.36144099999999996
0.525027
0.5945560000000001
0.6161570000000001
0.686971
0.693365
0.491225
0.5149239999999999
0.438426
0.27720999999999996
0.117805
0.001591
0.0
0.0
0.0
0.0
0.0
0.0
0.0
0.0
0.0
0.0
0.031424
0.17478
0.326029
0.472808
0.514517
0.602047
0.54625
0.504543
0.417829
0.43458300000000005
0.31271699999999997
0.272827
0.070533
0.002589
0.0
0.0
0.0
0.0
0.0
0.0
0.0
0.0
0.0
0.0
0.029626
0.197078
0.358993
0.47614999999999996
0.560682
0.601322
0.64319
0.606024
0.601504
0.487394
0.441163
0.283853
0.112138
0.001928
0.0
0.0
0.0
0.0
0.0
0.0
0.0
0.0
0.0
0.0
0.023542999999999998
0.176927
0.318062
0.46306
0.47919799999999996
0.35436700000000004
0.509756
0.37964
0.290883
0.284871
0.350707
0.186531
0.104692
0.0
0.0
0.0
0.0
0.0
0.0
0.0
0.0
0.0
0.0
0.0
0.028815
0.17668
0.31417500000000004
0.42352100000000004
0.5512400000000001
0.443516
0.5621349999999999
0.519597
0.548948
0.476166
0.38829199999999997
0.180262
0.141123
0.003507
0.0
0.0
0.0
0.0
0.0
0.0
0.0
0.0
0.0
0.0
0.028154
0.13925
0.349935
0.453938
0.513703
0.5442469999999999
0.456032
0.592424
0.454192
0.5139819999999999
0.34226999999999996
0.24058500000000002
0.09588500000000001
0.0006760000000000001
0.0
0.0
0.0
0.0
0.0
0.0
0.0
0.0
0.0
0.0
0.007148
0.055911
0.13175800000000001
0.33712000000000003
0.459524
0.5934429999999999
0.624349
0.561922
0.617484
0.5318529999999999
0.43662900000000004
0.274155
0.112183
0.000426
0.0
0.0
0.0
0.0
0.0
0.0
0.0
0.0
0.0
0.0
0.017218
0.05586
0.262682
0.318912
0.5006659999999999
0.551886
0.6579550000000001
0.43524799999999997
0.154132
0.176494
0.098733
0.082346
0.046558999999999996
0.0
0.0
0.0
0.0
0.0
0.0
0.0
0.0
0.0
0.0
0.0
0.006024
0.046799999999999994
0.120573
0.086894
0.214022
0.33747699999999997
0.09365699999999999
0.141337
0.235763
0.098189
0.11941
0.049483
0.03768
0.0
0.0
0.0
0.0
0.0
0.0
0.0
0.0
0.0
0.0
0.0
0.006322
0.075705
0.181034
0.237726
0.27859500000000004
0.509028
0.433073
0.574033
0.27812400000000004
0.432742
0.333654
0.20580299999999999
0.05768
0.0
0.0
0.0
0.0
0.0
0.0
0.0
0.0
0.0
0.0
0.0
0.012581
0.071051
0.16651400000000002
0.335115
0.33569299999999996
0.49694900000000003
0.313183
0.24556299999999998
0.209024
0.117346
0.152072
0.039406
0.038426
0.0
0.0
0.0
0.0
0.0
0.0
0.0
0.0
0.0
0.0
0.0
0.002693
0.043840000000000004
0.108462
0.068966
0.152232
0.506499
0.485619
0.561431
0.560378
0.439487
0.341798
0.16047999999999998
0.09101300000000001
0.0
0.0
0.0
0.0
0.0
0.0
0.0
0.0
0.0
0.0
0.0
0.004285
0.093889
0.226707
0.250346
0.376409
0.400138
0.498407
0.56357
0.35284699999999997
0.27387700000000004
0.26971100000000003
0.144457
0.036001
0.0
0.0
0.0
0.0
0.0
0.0
0.0
0.0
0.0
0.0
0.0
0.008289
0.140121
0.267671
0.363721
0.469302
0.476889
0.40205599999999997
0.280434
0.26370499999999997
0.269961
0.207239
0.165889
0.060222000000000005
0.0
0.0
0.0
0.0
0.0
0.0
0.0
0.0
0.0
0.0
0.0
0.003318
0.11263200000000001
0.158194
0.370296
0.407088
0.437824
0.6812469999999999
0.579742
0.540494
0.33612000000000003
0.31891699999999995
0.253717
0.07062
0.0
0.0
0.0
0.0
0.0
0.0
0.0
0.0
0.0
0.0
0.0
0.007513
0.13779
0.284735
0.442707
0.5315270000000001
0.5881259999999999
0.630848
0.543498
0.527559
0.424987
0.404126
0.110393
0.050717
0.0
0.0
0.0
0.0
0.0
0.0
0.0
0.0
0.0
0.0
0.0
0.004974
0.117241
0.21346500000000002
0.400471
0.39384199999999997
0.550224
0.505124
0.544836
0.5513250000000001
0.440847
0.40375900000000003
0.193757
0.055212000000000004
0.0
0.0
0.0
0.0
0.0
0.0
0.0
0.0
0.0
0.0
0.0
0.0061059999999999994
0.10231
0.215239
0.370742
0.378672
0.565568
0.566397
0.5825929999999999
0.537849
0.305818
0.346214
0.209886
0.07031699999999999
0.0
0.0
0.0
0.0
0.0
0.0
0.0
0.0
0.0
0.0
0.0
0.004223
0.098383
0.157809
0.36732299999999996
0.380791
0.42255000000000004
0.535267
0.503641
0.437894
0.439612
0.350361
0.218004
0.057511
0.0
0.0
0.0
0.0
0.0
0.0
0.0
0.0
0.0
0.0
0.0
0.007153
0.130869
0.284895
0.414526
0.50305
0.547671
0.556284
0.550058
0.506251
0.39445800000000003
0.23427199999999998
0.082167
0.055955
0.0
0.0
0.0
0.0
0.0
0.0
0.0
0.0
0.0
0.0
0.0
0.000244
0.057784999999999996
0.071816
0.18917799999999999
0.35152999999999995
0.46356400000000003
0.36138600000000004
0.27155599999999996
0.326467
0.43257
0.304242
0.14198
0.05911
0.0
0.0
0.0
0.0
0.0
0.0
0.0
0.0
0.0
0.0
0.0
0.000694
0.032033
0.14093799999999998
0.161684
0.193477
0.376955
0.324498
0.270412
0.16938
0.22343000000000002
0.16982
0.032165
0.033256
0.0
0.0
0.0
0.0
0.0
0.0
0.0
0.0
0.0
0.0
0.0
0.002362
0.038113
0.061604
0.115214
0.13901
0.26361599999999996
0.442894
0.268762
0.29741
0.114463
0.110986
0.06327300000000001
0.018971000000000002
0.0
0.0
0.0
0.0
0.0
0.0
0.0
0.0
0.0
0.0
0.0
0.003875
0.093466
0.212362
0.38702600000000004
0.42623500000000003
0.45581499999999997
0.536784
0.525259
0.434556
0.23806200000000002
0.35627800000000004
0.15943000000000002
0.051317
0.0
0.0
0.0
0.0
0.0
0.0
0.0
0.0
0.0
0.0
0.0
0.0018089999999999998
0.093028
0.251668
0.31571499999999997
0.47689600000000004
0.43167700000000003
0.351842
0.337533
0.395621
0.336808
0.333264
0.20127199999999998
0.058505
0.0
0.0
0.0
0.0
0.0
0.0
0.0
0.0
0.0
0.0
0.0
0.004186
0.103102
0.185895
0.43772300000000003
0.484551
0.556909
0.5525209999999999
0.5254840000000001
0.421644
0.45688999999999996
0.23155099999999998
0.196428
0.052855
0.0
0.0
0.0
0.0
0.0
0.0
0.0
0.0
0.0
0.0
0.0
0.00032700000000000003
0.04746
0.133633
0.232347
0.25275200000000003
0.531933
0.40116399999999997
0.207698
0.412688
0.34845800000000005
0.315907
0.146623
0.02891
0.0
0.0
0.0
0.0
0.0
0.0
0.0
0.0
0.0
0.0
0.0
0.000236
0.053666
0.049042999999999996
0.197041
0.359665
0.382673
0.526273
0.493104
0.405736
0.33804399999999996
0.17252
0.11431699999999999
0.04316
0.0
0.0
0.0
0.0
0.0
0.0
0.0
0.0
0.0
0.0
0.0
0.0
0.041772
0.11717799999999999
0.106097
0.184041
0.133625
0.283611
0.250321
0.121449
0.318855
0.09380200000000001
0.053276000000000004
0.030671
0.0
0.0
0.0
0.0
0.0
0.0
0.0
0.0
0.0
0.0
0.0
0.0
0.027670999999999998
0.087655
0.25861399999999996
0.33989299999999995
0.420014
0.502793
0.592754
0.389729
0.328985
0.325161
0.163387
0.045717
0.0
0.0
0.0
0.0
0.0
0.0
0.0
0.0
0.0
0.0
0.0
0.0005729999999999999
0.066914
0.188102
0.217947
0.484346
0.49168900000000004
0.5437000000000001
0.554257
0.5104580000000001
0.398532
0.313036
0.160446
0.03653
0.0
0.0
0.0
0.0
0.0
0.0
0.0
0.0
0.0
0.0
0.0
0.000383
0.09220199999999999
0.244892
0.371026
0.423694
0.43996199999999996
0.492192
0.473597
0.146476
0.205779
0.114302
0.032634
0.015886
0.0
0.0
0.0
0.0
0.0
0.0
0.0
0.0
0.0
0.0
0.0
0.0
0.043777
0.047697
0.217855
0.137429
0.405854
0.40887
0.388546
0.393955
0.247775
0.13720400000000002
0.124825
0.040664
0.0
0.0
0.0
0.0
0.0
0.0
0.0
0.0
0.0
0.0
0.0
2e-05
0.09310800000000001
0.2499
0.371836
0.41298399999999996
0.485604
0.5442319999999999
0.3182
0.47094600000000003
0.42524900000000004
0.292188
0.178875
0.031272
0.0
0.0
0.0
0.0
0.0
0.0
0.0
0.0
0.0
0.0
0.0
4.1e-05
0.09034600000000001
0.249245
0.341382
0.47349
0.540918
0.566775
0.53646
0.27093599999999995
0.224917
0.232714
0.127055
0.029057
0.0
0.0
0.0
0.0
0.0
0.0
0.0
0.0
0.0
0.0
0.0
0.0
0.058178
0.115278
0.068755
0.148611
0.08127200000000001
0.18306999999999998
0.16233699999999998
0.240527
0.21640700000000002
0.158682
0.16004
0.017803
0.0
0.0
0.0
0.0
0.0
0.0
0.0
0.0
0.0
0.0
0.0
0.0
0.047809
0.190303
0.274951
0.37268
0.478796
0.473089
0.37259
0.409085
0.284392
0.275415
0.124467
0.023901
0.0
0.0
0.0
0.0
0.0
0.0
0.0
0.0
0.0
0.0
0.0
0.0
0.023769
0.129655
0.12893100000000002
0.30679
0.325274
0.503454
0.479745
0.305346
0.380458
0.19633699999999998
0.076547
0.014217
0.0
0.0
0.0
0.0
0.0
0.0
0.0
0.0
0.0
0.0
0.0
0.0
0.091308
0.244028
0.246822
0.46801600000000004
0.5223479999999999
0.39476100000000003
0.418157
0.413228
0.215178
0.25749
0.12016800000000001
0.019747
0.0
0.0
0.0
0.0
0.0
0.0
0.0
0.0
0.0
0.0
0.0
0.0
0.080991
0.239504
0.36442
0.500979
0.53611
0.463178
0.447326
0.456142
0.446594
0.258101
0.151823
0.018196
0.0
0.0
0.0
0.0
0.0
0.0
0.0
0.0
0.0
0.0
0.0
0.0
0.074916
0.224828
0.35902100000000003
0.45107200000000003
0.487377
0.519968
0.502706
0.28973000000000004
0.421942
0.278372
0.133396
0.016616
0.0
0.0
0.0
0.0
0.0
0.0
0.0
0.0
0.0
0.0
0.0
0.0
0.06826399999999999
0.12392
0.223707
0.26649599999999996
0.372282
0.37211900000000003
0.578273
0.307681
0.206247
0.143954
0.091572
0.007795
0.0
0.0
0.0
0.0
0.0
0.0
0.0
0.0
0.0
0.0
0.0
0.0
0.032532
0.159659
0.244157
0.189007
0.24397300000000002
0.438988
0.317461
0.214689
0.386545
0.28340899999999997
0.10322100000000001
0.01617
0.0
0.0
0.0
0.0
0.0
0.0
0.0
0.0
0.0
0.0
0.0
0.0
0.062405
0.20713900000000002
0.327243
0.423958
0.501731
0.518706
0.520346
0.44370299999999996
0.291224
0.270698
0.09006600000000001
0.011936
0.0
0.0
0.0
0.0
0.0
0.0
0.0
0.0
0.0
0.0
0.0
0.0
0.060512
0.20299
0.330932
0.441998
0.5063840000000001
0.492734
0.48352100000000003
0.37565899999999997
0.284445
0.21235900000000002
0.117387
0.00977
0.0
0.0
0.0
0.0
0.0
0.0
0.0
0.0
0.0
0.0
0.0
0.0
0.059088999999999996
0.204488
0.331269
0.42535199999999995
0.49616699999999997
0.491442
0.5136799999999999
0.483056
0.16083699999999998
0.231259
0.10730100000000001
0.010971999999999999
0.0
0.0
0.0
0.0
0.0
0.0
0.0
0.0
0.0
0.0
0.0
0.0
0.06217
0.184052
0.285005
0.321425
0.45249
0.497955
0.40399599999999997
0.42580399999999996
0.15029800000000001
0.213078
0.07458799999999999
0.009563
0.0
0.0
0.0
0.0
0.0
0.0
0.0
0.0
0.0
0.0
0.0
0.0
0.050411000000000004
0.16765
0.194573
0.295575
0.284208
0.367106
0.31637
0.154501
0.185969
0.041110999999999995
0.047716999999999996
0.00767
0.0
0.0
0.0
0.0
0.0
0.0
0.0
0.0
0.0
0.0
0.0
0.0
0.050691
0.179561
0.317956
0.440384
0.461772
0.510943
0.39613
0.314718
0.187782
0.16771
0.055372
0.003226
0.0
0.0
0.0
0.0
0.0
0.0
0.0
0.0
0.0
0.0
0.0
0.0
0.057180999999999996
0.132888
0.23047399999999998
0.364195
0.423298
0.526524
0.458745
0.360699
0.23705400000000001
0.231189
0.081978
0.000423
0.0
0.0
0.0
0.0
0.0
0.0
0.0
0.0
0.0
0.0
0.0
0.0
0.046389
0.18128
0.152272
0.376641
0.413187
0.488635
0.353403
0.313221
0.26976799999999995
0.196792
0.062609
0.004360999999999999
0.0
0.0
0.0
0.0
0.0
0.0
0.0
0.0
0.0
0.0
0.0
0.0
0.018921
0.027096
0.085578
0.159661
0.193496
0.18135900000000002
0.26667599999999997
0.281063
0.259406
0.226148
0.090849
0.006235
0.0
0.0
0.0
0.0
0.0
0.0
0.0
0.0
0.0
0.0
0.0
0.0
0.044355
0.117596
0.305097
0.395218
0.437782
0.45781499999999997
0.461285
0.357298
0.397438
0.24934800000000001
0.076547
0.0006490000000000001
0.0
0.0
0.0
0.0
0.0
0.0
0.0
0.0
0.0
0.0
0.0
0.0
0.026187000000000002
0.110954
0.183253
0.377253
0.45967
0.426497
0.376095
0.402656
0.32514299999999996
0.21187
0.065962
0.000714
0.0
0.0
0.0
0.0
0.0
0.0
0.0
0.0
0.0
0.0
0.0
0.0
0.040399000000000004
0.10604999999999999
0.300769
0.39011399999999996
0.32343299999999997
0.420332
0.379795
0.196941
0.294551
0.183468
0.066691
0.00062
0.0
0.0
0.0
0.0
0.0
0.0
0.0
0.0
0.0
0.0
0.0
0.0
0.038795
0.137926
0.16769900000000001
0.16290700000000002
0.228706
0.135669
0.199897
0.192579
0.23919300000000002
0.216559
0.07927200000000001
0.000773
0.0
0.0
0.0
0.0
0.0
0.0
0.0
0.0
0.0
0.0
0.0
0.0
0.038287
0.161441
0.308663
0.35406
0.425843
0.413774
0.488427
0.449013
0.35768
0.22229400000000002
0.080607
0.0
0.0
0.0
0.0
0.0
0.0
0.0
0.0
0.0
0.0
0.0
0.0
0.0
0.050065
0.144529
0.26241899999999996
0.375282
0.36756
0.522691
0.465589
0.428105
0.32377300000000003
0.214669
0.058357
0.0
0.0
0.0
0.0
0.0
0.0
0.0
0.0
0.0
0.0
0.0
0.0
0.0
0.019705999999999998
0.051484
0.151749
0.36453800000000003
0.22515700000000002
0.27204500000000004
0.223973
0.394374
0.285888
0.190115
0.073113
0.0
0.0
0.0
0.0
0.0
0.0
0.0
0.0
0.0
0.0
0.0
0.0
0.0
0.036423000000000004
0.140202
0.311668
0.39665100000000003
0.453416
0.491631
0.36930399999999997
0.368786
0.32440199999999997
0.191114
0.051973
0.0
0.0
0.0
0.0
0.0
0.0
0.0
0.0
0.0
0.0
0.0
0.0
0.0
0.026417000000000003
0.149057
0.290645
0.317385
0.456017
0.455463
0.43087000000000003
0.39130000000000004
0.28765300000000005
0.174762
0.046734000000000005
0.0
0.0
0.0
0.0
0.0
0.0
0.0
0.0
0.0
0.0
0.0
0.0
0.0
0.011202
0.095883
0.117662
0.257781
0.140025
0.212304
0.065628
0.151791
0.11727599999999999
0.12338500000000001
0.061711
0.0
0.0
0.0
0.0
0.0
0.0
0.0
0.0
0.0
0.0
0.0
0.0
0.0
0.034184
0.111829
0.215278
0.35404199999999997
0.37494
0.447843
0.347099
0.420536
0.291328
0.151143
0.032832
0.0
0.0
0.0
0.0
0.0
0.0
0.0
0.0
0.0
0.0
0.0
0.0
0.0
0.025526
0.10654000000000001
0.20541900000000002
0.267772
0.335969
0.20167500000000002
0.115446
0.186778
0.050237000000000004
0.09012
0.021021
0.0
0.0
0.0
0.0
0.0
0.0
0.0
0.0
0.0
0.0
0.0
0.0
0.0
0.013312
0.073464
0.189809
0.338758
0.323706
0.269183
0.355575
0.216882
0.229427
0.108731
0.048967
0.0
0.0
0.0
0.0
0.0
0.0
0.0
0.0
0.0
0.0
0.0
0.0
0.0
0.03561
0.097256
0.13187000000000001
0.199587
0.261877
0.28266
0.337988
0.206131
0.25791699999999995
0.14188499999999998
0.041127000000000004
0.0
0.0
0.0
0.0
0.0
0.0
0.0
0.0
0.0
0.0
0.0
0.0
0.0
0.034973
0.115216
0.275115
0.17484200000000003
0.318158
0.34417000000000003
0.29148599999999997
0.291051
0.222825
0.136864
0.035734
0.0
0.0
0.0
0.0
0.0
0.0
0.0
0.0
0.0
0.0
0.0
0.0
0.0
0.028782
0.09711199999999999
0.10970099999999999
0.217422
0.228877
0.257567
0.23159800000000003
0.132509
0.138191
0.054363999999999996
0.051302999999999994
0.0
0.0
0.0
0.0
0.0
0.0
0.0
0.0
0.0
0.0
0.0
0.0
0.0
0.036972
0.077271
0.172754
0.23341800000000001
0.27683199999999997
0.30950900000000003
0.435545
0.377567
0.230369
0.146661
0.053552999999999996
0.0
0.0
0.0
0.0
0.0
0.0
0.0
0.0
0.0
0.0
0.0
0.0
0.0
0.020367
0.11828100000000001
0.23219900000000002
0.290113
0.27372399999999997
0.371344
0.357183
0.353263
0.18863300000000002
0.126801
0.050045
0.0
0.0
0.0
0.0
0.0
0.0
0.0
0.0
0.0
0.0
0.0
0.0
0.0
0.022194
0.082236
0.110354
0.07373600000000001
0.07793000000000001
0.171247
0.085566
0.091869
0.18349600000000002
0.12995500000000001
0.040097
0.0
0.0
0.0
0.0
0.0
0.0
0.0
0.0
0.0
0.0
0.0
0.0
0.0
0.016966000000000002
0.08837
0.059642
0.196017
0.075657
0.20521999999999999
0.114506
0.16474
0.090144
0.029331
0.018046
0.0
0.0
0.0
0.0
0.0
0.0
0.0
0.0
0.0
0.0
0.0
0.0
0.0
0.010379
0.10682299999999999
0.232638
0.34289400000000003
0.41589
0.440179
0.417966
0.34787599999999996
0.25349
0.124723
0.018216999999999997
0.0
0.0
0.0
0.0
0.0
0.0
0.0
0.0
0.0
0.0
0.0
0.0
0.0
0.011104
0.104762
0.23267500000000002
0.342789
0.411802
0.431162
0.412226
0.344609
0.248218
0.10817199999999999
0.016412
0.0
0.0
0.0
0.0
0.0
0.0
0.0
0.0
0.0
0.0
0.0
0.0
0.0
0.013887
0.110274
0.091151
0.126666
0.19767099999999999
0.130925
0.273437
0.24806999999999998
0.11808
0.09908700000000001
0.015623
0.0
0.0
0.0
0.0
0.0
0.0
0.0
0.0
0.0
0.0
0.0
0.0
0.0
0.010154
0.09432299999999999
0.21360300000000002
0.31024799999999997
0.36884
0.370614
0.321606
0.29850299999999996
0.249112
0.080579
0.024343
0.0
0.0
0.0
0.0
0.0
0.0
0.0
0.0
0.0
0.0
0.0
0.0
0.0
0.013172000000000001
0.090381
0.207452
0.31947699999999996
0.34167200000000003
0.255
0.34913900000000003
0.242954
0.217252
0.10108400000000001
0.027874
0.0
0.0
0.0
0.0
0.0
0.0
0.0
0.0
0.0
0.0
0.0
0.0
0.0
0.024204
0.041352
0.130388
0.177597
0.26969
0.290368
0.22636699999999998
0.22778700000000002
0.19871799999999998
0.127647
0.019642
0.0
0.0
0.0
0.0
0.0
0.0
0.0
0.0
0.0
0.0
0.0
0.0
0.0
0.007931
0.08178700000000001
0.195512
0.296184
0.31356799999999996
0.381522
0.309851
0.235657
0.22902099999999997
0.125176
0.018916
0.0
0.0
0.0
0.0
0.0
0.0
0.0
0.0
0.0
0.0
0.0
0.0
0.0
0.020968
0.093204
0.18276599999999998
0.254814
0.283236
0.324582
0.12981399999999998
0.16639500000000002
0.118784
0.051613
0.016664
0.0
0.0
0.0
0.0
0.0
0.0
0.0
0.0
0.0
0.0
0.0
0.0
0.0
0.016607
0.08414
0.11384999999999999
0.16243100000000002
0.35030399999999995
0.343014
0.24263300000000002
0.211589
0.181852
0.073752
0.028125
0.0
0.0
0.0
0.0
0.0
0.0
0.0
0.0
0.0
0.0
0.0
0.0
0.0
0.016183
0.08152899999999999
0.197052
0.27396
0.36205200000000004
0.315924
0.35928899999999997
0.261256
0.182818
0.135746
0.020663
0.0
0.0
0.0
0.0
0.0
0.0
0.0
0.0
0.0
0.0
0.0
0.0
0.0
0.018607
0.067907
0.193092
0.23669
0.317385
0.313163
0.273167
0.261911
0.186031
0.07535800000000001
0.009233
0.0
0.0
0.0
0.0
0.0
0.0
0.0
0.0
0.0
0.0
0.0
0.0
0.0
0.011892
0.059539
0.168404
0.278158
0.321257
0.334318
0.266606
0.28666699999999995
0.142149
0.08187
0.016716
0.0
0.0
0.0
0.0
0.0
0.0
0.0
0.0
0.0
0.0
0.0
0.0
0.0
0.011517
0.067694
0.17318199999999997
0.256259
0.32082900000000003
0.292008
0.35292599999999996
0.21960400000000002
0.16308799999999998
0.052331
0.013373
0.0
0.0
0.0
0.0
0.0
0.0
0.0
0.0
0.0
0.0
0.0
0.0
0.0
0.017155
0.07100400000000001
0.179671
0.26255700000000004
0.329594
0.343642
0.33152800000000004
0.282932
0.17746299999999998
0.105536
0.015731
0.0
0.0
0.0
0.0
0.0
0.0
0.0
0.0
0.0
0.0
0.0
0.0
0.0
0.015063
0.074593
0.175181
0.237871
0.21621
0.228534
0.232633
0.10434600000000001
0.13845500000000002
0.069315
0.022598
0.0
0.0
0.0
0.0
0.0
0.0
0.0
0.0
0.0
0.0
0.0
0.0
0.0
0.012461
0.057288
0.134275
0.183521
0.152489
0.12469499999999999
0.14331200000000002
0.12685
0.162548
0.058953000000000005
0.02141
0.0
0.0
0.0
0.0
0.0
0.0
0.0
0.0
0.0
0.0
0.0
0.0
0.0
0.0051849999999999995
0.037185
0.113745
0.193726
0.23924600000000001
0.307537
0.27549900000000005
0.241447
0.12881
0.063168
0.013680999999999999
0.0
0.0
0.0
0.0
0.0
0.0
0.0
0.0
0.0
0.0
0.0
0.0
0.0
0.010583
0.046795
0.04344
0.134182
0.073946
0.186723
0.15492699999999998
0.053223999999999994
0.13009
0.11348699999999999
0.013536
0.0
0.0
0.0
0.0
0.0
0.0
0.0
0.0
0.0
0.0
0.0
0.0
0.0
0.015021000000000001
0.040459
0.177676
0.214208
0.26126
0.330583
0.31714600000000004
0.24677000000000002
0.179815
0.09528400000000001
0.018008
0.0
0.0
0.0
0.0
0.0
0.0
0.0
0.0
0.0
0.0
0.0
0.0
0.0
0.009131
0.030484
0.108898
0.10832
0.12156
0.213005
0.20488
0.120196
0.090365
0.037689999999999994
0.010067999999999999
0.0
0.0
0.0
0.0
0.0
0.0
0.0
0.0
0.0
0.0
0.0
0.0
0.0
0.011492
0.028902
0.086252
0.10513800000000001
0.147672
0.170154
0.142434
0.139072
0.108726
0.05869
0.0063479999999999995
0.0
0.0
0.0
0.0
0.0
0.0
0.0
0.0
0.0
0.0
0.0
0.0
0.0
0.009076
0.030733
0.09960899999999999
0.244061
0.231785
0.184227
0.313836
0.14503200000000002
0.143734
0.084165
0.011354
0.0
0.0
0.0
0.0
0.0
0.0
0.0
0.0
0.0
0.0
0.0
0.0
0.0
0.017162
0.06592400000000001
0.123018
0.177611
0.21774600000000002
0.144327
0.140957
0.200304
0.15759700000000001
0.084251
0.020217
0.0
0.0
0.0
0.0
0.0
0.0
0.0
0.0
0.0
0.0
0.0
0.0
0.0
0.0044210000000000005
0.054634999999999996
0.16103800000000001
0.218442
0.27360399999999996
0.32967399999999997
0.29232600000000003
0.252521
0.130466
0.079289
0.007554
0.0
0.0
0.0
0.0
0.0
0.0
0.0
0.0
0.0
0.0
0.0
0.0
0.0
0.0037530000000000003
0.040709
0.13530699999999998
0.224692
0.269303
0.25415899999999997
0.299902
0.21565600000000001
0.108416
0.057438
0.006291000000000001
0.0
0.0
0.0
0.0
0.0
0.0
0.0
0.0
0.0
0.0
0.0
0.0
0.0
0.004572
0.045342
0.13937100000000002
0.220744
0.260717
0.29801
0.29347199999999996
0.169324
0.09758599999999999
0.049843000000000005
0.006993999999999999
0.0
0.0
0.0
0.0
0.0
0.0
0.0
0.0
0.0
0.0
0.0
0.0
0.0
0.005719999999999999
0.057668
0.145094
0.130041
0.23311400000000002
0.22124000000000002
0.208636
0.236958
0.098807
0.089042
0.00546
0.0
0.0
0.0
0.0
0.0
0.0
0.0
0.0
0.0
0.0
0.0
0.0
0.0
0.0036
0.023787
0.12115999999999999
0.210346
0.251506
0.267157
0.22646
0.155231
0.123942
0.049191000000000006
0.013525
0.0
0.0
0.0
0.0
0.0
0.0
0.0
0.0
0.0
0.0
0.0
0.0
0.0
0.007108
0.058779000000000005
0.158305
0.169585
0.238647
0.256577
0.208013
0.158933
0.18231899999999998
0.07490300000000001
0.007812
0.0
0.0
0.0
0.0
0.0
0.0
0.0
0.0
0.0
0.0
0.0
0.0
0.0
0.004293
0.06806999999999999
0.171107
0.223177
0.292865
0.239423
0.273119
0.204707
0.14222100000000001
0.085227
0.009176
0.0
0.0
0.0
0.0
0.0
0.0
0.0
0.0
0.0
0.0
0.0
0.0
0.0
0.002767
0.074431
0.11598
0.193619
0.275929
0.29894099999999996
0.214548
0.206886
0.14213900000000002
0.048774
0.004514000000000001
0.0
0.0
0.0
0.0
0.0
0.0
0.0
0.0
0.0
0.0
0.0
0.0
0.0
0.003085
0.043537
0.101274
0.072435
0.062329
0.19392199999999998
0.247945
0.089197
0.124342
0.05511
0.004901
0.0
0.0
0.0
0.0
0.0
0.0
0.0
0.0
0.0
0.0
0.0
0.0
0.0
0.0018080000000000001
0.063278
0.032549999999999996
0.09678400000000001
0.168911
0.069213
0.147612
0.136265
0.118874
0.038463000000000004
0.004634
0.0
0.0
0.0
0.0
0.0
0.0
0.0
0.0
0.0
0.0
0.0
0.0
0.0
0.003202
0.027436
0.063535
0.17566900000000002
0.14627099999999998
0.268847
0.240221
0.159612
0.137936
0.04108
0.003811
0.0
0.0
0.0
0.0
0.0
0.0
0.0
0.0
0.0
0.0
0.0
0.0
0.0
0.0028490000000000004
0.024077
0.119863
0.123847
0.2439
0.259925
0.24951099999999998
0.215727
0.114008
0.041685
0.002444
0.0
0.0
0.0
0.0
0.0
0.0
0.0
0.0
0.0
0.0
0.0
0.0
0.0
0.004399
0.06533
0.165156
0.181841
0.26377300000000004
0.280914
0.22975700000000002
0.227643
0.119312
0.073526
0.004538
0.0
0.0
0.0
0.0
0.0
0.0
0.0
0.0
0.0
0.0
0.0
0.0
0.0
6.7e-05
0.038845
0.10196
0.18409299999999998
0.17229499999999998
0.276031
0.206107
0.196052
0.141737
0.018899000000000003
0.00217
0.0
0.0
0.0
0.0
0.0
0.0
0.0
0.0
0.0
0.0
0.0
0.0
0.0
0.0012490000000000001
0.030248
0.104139
0.19053299999999998
0.242147
0.266065
0.25460699999999997
0.204495
0.115941
0.043338
0.00254
0.0
0.0
0.0
0.0
0.0
0.0
0.0
0.0
0.0
0.0
0.0
0.0
0.0
0.002296
0.051
0.09898799999999999
0.19264699999999998
0.24645699999999998
0.25753699999999996
0.229816
0.20204499999999997
0.119573
0.041649
0.002624
0.0
0.0
0.0
0.0
0.0
0.0
0.0
0.0
0.0
0.0
0.0
0.0
0.0
0.0
0.020281
0.094617
0.162261
0.219762
0.23383199999999998
0.227815
0.168359
0.089739
0.018989000000000002
0.0
0.0
0.0
0.0
0.0
0.0
0.0
0.0
0.0
0.0
0.0
0.0
0.0
0.0
0.0
0.016232
0.108377
0.196476
0.21661000000000002
0.218077
0.19173099999999998
0.20202799999999999
0.118991
0.039405
0.000629
0.0
0.0
0.0
0.0
0.0
0.0
0.0
0.0
0.0
0.0
0.0
0.0
0.0
0.004068
0.03792
0.056143
0.196185
0.22909000000000002
0.232321
0.22694999999999999
0.173073
0.091229
0.022082
0.001494
0.0
0.0
0.0
0.0
0.0
0.0
0.0
0.0
0.0
0.0
0.0
0.0
0.0
0.000713
0.028363
0.09412999999999999
0.17652600000000002
0.234798
0.24722999999999998
0.226981
0.18110900000000002
0.097415
0.025681000000000002
0.000983
0.0
0.0
0.0
0.0
0.0
0.0
0.0
0.0
0.0
0.0
0.0
0.0
0.0
0.0
0.020257999999999998
0.08723099999999999
0.16936500000000002
0.230214
0.256856
0.22353800000000001
0.161645
0.097976
0.022941
0.000363
0.0
0.0
0.0
0.0
0.0
0.0
0.0
0.0
0.0
0.0
0.0
0.0
0.0
4.1e-05
0.027013000000000002
0.10530400000000001
0.169252
0.210262
0.20515199999999997
0.211391
0.190812
0.133135
0.054596
0.001613
0.0
0.0
0.0
0.0
0.0
0.0
0.0
0.0
0.0
0.0
0.0
0.0
0.0
0.0
0.039102
0.076034
0.147824
0.229597
0.236894
0.201518
0.172768
0.0867
0.016086
0.000279
0.0
0.0
0.0
0.0
0.0
0.0
0.0
0.0
0.0
0.0
0.0
0.0
0.0
2.4e-05
0.044192999999999996
0.082871
0.086799
0.158758
0.21844
0.20008
0.084466
0.05661
0.016828
0.0
0.0
0.0
0.0
0.0
0.0
0.0
0.0
0.0
0.0
0.0
0.0
0.0
0.0
0.0
0.021167000000000002
0.08069799999999999
0.16081600000000001
0.20787899999999998
0.21574700000000002
0.224473
0.190173
0.127394
0.044429
0.0024129999999999998
0.0
0.0
0.0
0.0
0.0
0.0
0.0
0.0
0.0
0.0
0.0
0.0
0.0
0.0
0.015828
0.075477
0.15134899999999998
0.193395
0.188697
0.26488
0.151444
0.09963
0.034069
0.0
0.0
0.0
0.0
0.0
0.0
0.0
0.0
0.0
0.0
0.0
0.0
0.0
0.0
0.0
0.016267
0.0722
0.15478999999999998
0.187903
0.22694999999999999
0.213415
0.15778899999999998
0.078034
0.017623999999999997
0.0
0.0
0.0
0.0
0.0
0.0
0.0
0.0
0.0
0.0
0.0
0.0
0.0
0.0
0.0
0.024736
0.098849
0.19031499999999998
0.14938900000000002
0.183423
0.209008
0.146761
0.080139
0.036673000000000004
0.000381
0.0
0.0
0.0
0.0
0.0
0.0
0.0
0.0
0.0
0.0
0.0
0.0
0.0
0.0
0.019393999999999998
0.086048
0.12012300000000001
0.198239
0.19714099999999998
0.207258
0.14718
0.135863
0.07878199999999999
0.000488
0.0
0.0
0.0
0.0
0.0
0.0
0.0
0.0
0.0
0.0
0.0
0.0
0.0
0.000296
0.028279
0.09715399999999999
0.165119
0.21049
0.225845
0.20713499999999999
0.16846799999999998
0.089582
0.030091
0.0014039999999999999
0.0
0.0
0.0
0.0
0.0
0.0
0.0
0.0
0.0
0.0
0.0
0.0
0.0
0.0
0.057987000000000004
0.069298
0.151845
0.21045599999999998
0.237006
0.13144
0.154331
0.045399999999999996
0.051345999999999996
0.00116
0.0
0.0
0.0
0.0
0.0
0.0
0.0
0.0
0.0
0.0
0.0
0.0
0.0
0.0
0.022939
0.038886000000000004
0.091433
0.08237
0.12133
0.151613
0.146291
0.06600700000000001
0.024697
0.000224
0.0
0.0
0.0
0.0
0.0
0.0
0.0
0.0
0.0
0.0
0.0
0.0
0.0
0.0
0.062304000000000005
0.085748
0.11177
0.16133699999999998
0.211673
0.208961
0.110582
0.136473
0.037579999999999995
0.001398
0.0
0.0
0.0
0.0
0.0
0.0
0.0
0.0
0.0
0.0
0.0
0.0
0.0
0.0
0.04285
0.085909
0.07569100000000001
0.147918
0.11089199999999999
0.156924
0.07207
0.12696
0.044914
0.0
0.0
0.0
0.0
0.0
0.0
0.0
0.0
0.0
0.0
0.0
0.0
0.0
0.0
0.0
0.028183
0.031731
0.052572
0.10395900000000001
0.103057
0.17435599999999998
0.10280500000000001
0.077709
0.029881
0.0
0.0
0.0
0.0
0.0
0.0
0.0
0.0
0.0
0.0
0.0
0.0
0.0
0.0
0.0
0.028756
0.09628199999999999
0.141176
0.22429
0.166898
0.247627
0.206407
0.134035
0.046704999999999997
0.004113
0.0
0.0
0.0
0.0
0.0
0.0
0.0
0.0
0.0
0.0
0.0
0.0
0.0
0.000149
0.039084
0.098583
0.153454
0.19714199999999998
0.215255
0.20303100000000002
0.141663
0.121235
0.048184
0.002885
0.0
0.0
0.0
0.0
0.0
0.0
0.0
0.0
0.0
0.0
0.0
0.0
0.0
0.0
0.026709
0.075195
0.114076
0.07372100000000001
0.051436
0.127581
0.089692
0.07145699999999999
0.035611
0.00116
0.0
0.0
0.0
0.0
0.0
0.0
0.0
0.0
0.0
0.0
0.0
0.0
0.0
0.0
0.020546
0.055860999999999994
0.118967
0.15353299999999998
0.11493099999999999
0.149531
0.14669300000000002
0.085273
0.054700000000000006
0.00046100000000000004
0.0
0.0
0.0
0.0
0.0
0.0
0.0
0.0
0.0
0.0
0.0
0.0
0.0
0.0
0.028017
0.069283
0.101167
0.084545
0.182452
0.042104
0.121207
0.025193
0.029625
0.0
0.0
0.0
0.0
0.0
0.0
0.0
0.0
0.0
0.0
0.0
0.0
0.0
0.0
0.0
0.055832
0.104659
0.17011099999999998
0.246194
0.215293
0.20701599999999998
0.171392
0.08623099999999999
0.023915
0.002214
0.0
0.0
0.0
0.0
0.0
0.0
0.0
0.0
0.0
0.0
0.0
0.0
0.0
0.0
0.060594999999999996
0.106907
0.16564500000000001
0.109462
0.145
0.189358
0.156129
0.119764
0.068983
0.002464
0.0
0.0
0.0
0.0
0.0
0.0
0.0
0.0
0.0
0.0
0.0
0.0
0.0
0.0
0.01599
0.06125
0.144588
0.203066
0.227806
0.209538
0.15618100000000001
0.075545
0.01803
0.0
0.0
0.0
0.0
0.0
0.0
0.0
0.0
0.0
0.0
0.0
0.0
0.0
0.0
0.0
0.013877
0.06185
0.142096
0.199214
0.213111
0.20893799999999998
0.155056
0.077006
0.016158000000000002
0.0
0.0
0.0
0.0
0.0
0.0
0.0
0.0
0.0
0.0
0.0
0.0
0.0
0.0
0.0
0.016928000000000002
0.063572
0.143928
0.194209
0.24265899999999999
0.22406
0.177369
0.11144799999999999
0.030213999999999998
0.001635
0.0
0.0
0.0
0.0
0.0
0.0
0.0
0.0
0.0
0.0
0.0
0.0
0.0
0.0
0.037793999999999994
0.054882
0.11117199999999999
0.126205
0.202109
0.094035
0.14579599999999998
0.039191000000000004
0.027684999999999998
0.003699
0.0
0.0
0.0
0.0
0.0
0.0
0.0
0.0
0.0
0.0
0.0
0.0
0.0
0.0
0.017654
0.08125
0.110167
0.134864
0.052245
0.035859999999999996
0.127777
0.085142
0.062035
0.002899
0.0
0.0
0.0
0.0
0.0
0.0
0.0
0.0
0.0
0.0
0.0
0.0
0.0
0.0
0.045737
0.150994
0.096667
0.17693799999999998
0.179571
0.18497999999999998
0.20166399999999998
0.07178799999999999
0.035313000000000004
0.000853
0.0
0.0
0.0
0.0
0.0
0.0
0.0
0.0
0.0
0.0
0.0
0.0
0.0
0.0
0.019276
0.062811
0.13743
0.20283500000000002
0.21496
0.212291
0.146969
0.083341
0.022382000000000003
0.001059
0.0
0.0
0.0
0.0
0.0
0.0
0.0
0.0
0.0
0.0
0.0
0.0
0.0
0.0
0.059173
0.045380000000000004
0.142966
0.17799299999999998
0.191182
0.197109
0.154895
0.104004
0.054403
0.001332
0.0
0.0
0.0
0.0
0.0
0.0
0.0
0.0
0.0
0.0
0.0
0.0
0.0
0.0
0.030341999999999997
0.07259
0.13621
0.20844300000000002
0.23311500000000002
0.208744
0.150832
0.078209
0.028094
0.001095
0.0
0.0
0.0
0.0
0.0
0.0
0.0
0.0
0.0
0.0
0.0
0.0
0.0
0.0
0.029796
0.081438
0.17153
0.21149
0.232413
0.193677
0.17557
0.120072
0.030281
0.00349
0.0
0.0
0.0
0.0
0.0
0.0
0.0
0.0
0.0
0.0
0.0
0.0
0.0
0.0
0.033195
0.10283400000000001
0.14428200000000002
0.160706
0.155227
0.166074
0.171216
0.095062
0.053922
0.0019019999999999998
0.0
0.0
0.0
0.0
0.0
0.0
0.0
0.0
0.0
0.0
0.0
0.0
0.0
0.0
0.034629
0.067819
0.130612
0.161545
0.217148
0.21037799999999998
0.14196999999999999
0.08841500000000001
0.048180999999999995
0.003534
0.0
0.0
0.0
0.0
0.0
0.0
0.0
0.0
0.0
0.0
0.0
0.0
0.0
0.0
0.058322000000000006
0.056963
0.190788
0.183537
0.255559
0.17404
0.083123
0.060277000000000004
0.061659
0.002947
0.0
0.0
0.0
0.0
0.0
0.0
0.0
0.0
0.0
0.0
0.0
0.0
0.0
0.0
0.021227
0.036496
0.046619
0.144461
0.1737
0.077193
0.128276
0.09855599999999999
0.033165
0.001267
0.0
0.0
0.0
0.0
0.0
0.0
0.0
0.0
0.0
0.0
0.0
0.0
0.0
0.0
0.018973
0.104832
0.10256399999999999
0.047668
0.166168
0.122553
0.036325
0.026148
0.024557
0.001502
0.0
0.0
0.0
0.0
0.0
0.0
0.0
0.0
0.0
0.0
0.0
0.0
0.0
0.0
0.013335000000000001
0.049401
0.11915099999999999
0.187974
0.163727
0.108988
0.182915
0.125265
0.075266
0.002311
0.0
0.0
0.0
0.0
0.0
0.0
0.0
0.0
0.0
0.0
0.0
0.0
0.0
0.0
0.038202
0.108722
0.17576599999999998
0.195321
0.221726
0.207422
0.20184100000000002
0.121946
0.049011000000000006
0.005273
0.0
0.0
0.0
0.0
0.0
0.0
0.0
0.0
0.0
0.0
0.0
0.0
0.0
0.0
0.020326
0.053744
0.131894
0.09811199999999999
0.171058
0.113938
0.10557
0.068111
0.044239
0.0022789999999999998
0.0
0.0
0.0
0.0
0.0
0.0
0.0
0.0
0.0
0.0
0.0
0.0
0.0
0.0
0.030594
0.108391
0.152126
0.17668299999999998
0.27958
0.142571
0.204024
0.095003
0.060552
0.005876
0.0
0.0
0.0
0.0
0.0
0.0
0.0
0.0
0.0
0.0
0.0
0.0
0.0
0.0
0.019065000000000002
0.07147400000000001
0.088032
0.16583099999999998
0.17669300000000002
0.15999000000000002
0.201702
0.126136
0.038448
0.008055999999999999
0.0
0.0
0.0
0.0
0.0
0.0
0.0
0.0
0.0
0.0
0.0
0.0
0.0
0.0
0.032699
0.119617
0.133618
0.20122700000000002
0.194291
0.20727199999999998
0.142277
0.106943
0.051628
0.0026720000000000003
0.0
0.0
0.0
0.0
0.0
0.0
0.0
0.0
0.0
0.0
0.0
0.0
0.0
0.0
0.042042
0.104972
0.180739
0.197489
0.229115
0.20764
0.142147
0.126528
0.06654
0.006229
0.0
0.0
0.0
0.0
0.0
0.0
0.0
0.0
0.0
0.0
0.0
0.0
0.0
0.0
0.038058999999999996
0.041614
0.106225
0.211567
0.097812
0.199269
0.049449
0.134213
0.041796999999999994
0.003961
0.0
0.0
0.0
0.0
0.0
0.0
0.0
0.0
0.0
0.0
0.0
0.0
0.0
0.000483
0.031718
0.08923
0.084247
0.184922
0.179427
0.239058
0.190393
0.132605
0.07329300000000001
0.003993
0.0
0.0
0.0
0.0
0.0
0.0
0.0
0.0
0.0
0.0
0.0
0.0
0.0
0.0
0.037722
0.06989
0.109724
0.11155200000000001
0.113482
0.22408
0.147501
0.07845999999999999
0.048021
0.011793
0.0
0.0
0.0
0.0
0.0
0.0
0.0
0.0
0.0
0.0
0.0
0.0
0.0
0.0
0.031728
0.112646
0.17158500000000002
0.23959899999999998
0.159742
0.19994599999999998
0.14572100000000002
0.081703
0.06484699999999999
0.010910999999999999
0.0
0.0
0.0
0.0
0.0
0.0
0.0
0.0
0.0
0.0
0.0
0.0
0.0
0.0
0.02782
0.10434099999999999
0.166525
0.213364
0.272726
0.259347
0.210994
0.128091
0.047279
0.007539
0.0
0.0
0.0
0.0
0.0
0.0
0.0
0.0
0.0
0.0
0.0
0.0
0.0
0.0
0.02479
0.07770300000000001
0.163427
0.232926
0.248234
0.23777500000000001
0.189903
0.109766
0.03147
0.004939
0.0
0.0
0.0
0.0
0.0
0.0
0.0
0.0
0.0
0.0
0.0
0.0
0.0
0.0
0.014469
0.078954
0.163759
0.23462
0.264005
0.249144
0.194967
0.10984300000000001
0.027077999999999998
0.0036869999999999997
0.0
0.0
0.0
0.0
0.0
0.0
0.0
0.0
0.0
0.0
0.0
0.0
0.0
0.0
0.016401
0.07852200000000001
0.165
0.233129
0.260846
0.23507
0.186682
0.107986
0.030969999999999998
0.004524
0.0
0.0
0.0
0.0
0.0
0.0
0.0
0.0
0.0
0.0
0.0
0.0
0.0
0.001592
0.038932
0.125768
0.180514
0.21450899999999998
0.2739
0.239778
0.18234299999999998
0.13769800000000001
0.08772400000000001
0.008359
0.0
0.0
0.0
0.0
0.0
0.0
0.0
0.0
0.0
0.0
0.0
0.0
0.0
0.0
0.036875
0.0978
0.18271
0.230506
0.258293
0.26041899999999996
0.197453
0.14233500000000002
0.065107
0.012941000000000001
0.0
0.0
0.0
0.0
0.0
0.0
0.0
0.0
0.0
0.0
0.0
0.0
0.0
0.0
0.041161
0.109371
0.195156
0.233308
0.26812
0.24616200000000002
0.19168000000000002
0.08595699999999999
0.069731
0.006822
0.0
0.0
0.0
0.0
0.0
0.0
0.0
0.0
0.0
0.0
0.0
0.0
0.0
0.0
0.044442
0.096785
0.145113
0.218727
0.251993
0.27508499999999997
0.216446
0.131804
0.052262
0.008957000000000001
0.0
0.0
0.0
0.0
0.0
0.0
0.0
0.0
0.0
0.0
0.0
0.0
0.0
0.0
0.022791
0.090984
0.17178100000000002
0.242783
0.283551
0.266111
0.21364599999999997
0.124404
0.037187
0.006012
0.0
0.0
0.0
0.0
0.0
0.0
0.0
0.0
0.0
0.0
0.0
0.0
0.0
0.0
0.033407
0.102782
0.18809
0.243634
0.27002499999999996
0.253073
0.21506899999999998
0.159789
0.049849
0.012747
0.0
0.0
0.0
0.0
0.0
0.0
0.0
0.0
0.0
0.0
0.0
0.0
0.0
0.0
0.030873
0.078845
0.229285
0.24057
0.243649
0.29246
0.149196
0.14265799999999998
0.076226
0.014499
0.0
0.0
0.0
0.0
0.0
0.0
0.0
0.0
0.0
0.0
0.0
0.0
0.0
0.0
0.028986
0.142123
0.112216
0.21494
0.143437
0.208341
0.142156
0.112224
0.065054
0.017481
0.0
0.0
0.0
0.0
0.0
0.0
0.0
0.0
0.0
0.0
0.0
0.0
0.0
0.0
0.022927
0.10175100000000001
0.19569
0.263221
0.295539
0.27604700000000004
0.212638
0.13708099999999998
0.045781
0.008799
0.0
0.0
0.0
0.0
0.0
0.0
0.0
0.0
0.0
0.0
0.0
0.0
0.0
0.00030199999999999997
0.041665
0.09580899999999999
0.16371100000000002
0.19281800000000002
0.07099899999999999
0.191845
0.156684
0.08317000000000001
0.066506
0.008738
0.0
0.0
0.0
0.0
0.0
0.0
0.0
0.0
0.0
0.0
0.0
0.0
0.0
0.000424
0.046014000000000006
0.070765
0.108795
0.149048
0.164459
0.158834
0.13541399999999998
0.083149
0.115875
0.011628
0.0
0.0
0.0
0.0
0.0
0.0
0.0
0.0
0.0
0.0
0.0
0.0
0.0
0.001142
0.079054
0.13958199999999998
0.09274500000000001
0.202692
0.289288
0.190206
0.182014
0.120345
0.051578000000000006
0.014704
0.0
0.0
0.0
0.0
0.0
0.0
0.0
0.0
0.0
0.0
0.0
0.0
0.0
0.002022
0.061947
0.131624
0.22375899999999999
0.285763
0.307867
0.28589499999999995
0.246441
0.160178
0.064394
0.016132
0.0
0.0
0.0
0.0
0.0
0.0
0.0
0.0
0.0
0.0
0.0
0.0
0.0
0.0
0.028857
0.118679
0.20613900000000002
0.291392
0.294293
0.285143
0.219371
0.138245
0.05849
0.009561
0.0
0.0
0.0
0.0
0.0
0.0
0.0
0.0
0.0
0.0
0.0
0.0
0.0
0.002541
0.046736
0.132815
0.10492
0.191081
0.13681000000000001
0.119764
0.10585299999999999
0.104825
0.08854300000000001
0.022523
0.0
0.0
0.0
0.0
0.0
0.0
0.0
0.0
0.0
0.0
0.0
0.0
0.0
0.002291
0.068448
0.13675299999999999
0.21690199999999998
0.28439299999999995
0.251705
0.312747
0.18490700000000002
0.16248400000000002
0.06694
0.018085999999999998
0.0
0.0
0.0
0.0
0.0
0.0
0.0
0.0
0.0
0.0
0.0
0.0
0.0
0.003238
0.07497799999999999
0.120999
0.217755
0.278163
0.290325
0.26392899999999997
0.234529
0.157949
0.068205
0.016923999999999998
0.0
0.0
0.0
0.0
0.0
0.0
0.0
0.0
0.0
0.0
0.0
0.0
0.0
0.00145
0.039971
0.161547
0.14265899999999998
0.25827
0.274342
0.294085
0.244874
0.157664
0.078311
0.014723
0.0
0.0
0.0
0.0
0.0
0.0
0.0
0.0
0.0
0.0
0.0
0.0
0.0
0.002836
0.059865
0.12573099999999998
0.242387
0.28404399999999996
0.263442
0.120921
0.23573
0.039699
0.026716999999999998
0.019808
0.0
0.0
0.0
0.0
0.0
0.0
0.0
0.0
0.0
0.0
0.0
0.0
0.0
0.003372
0.051674
0.09904
0.226806
0.196973
0.136708
0.229586
0.095819
0.095932
0.052694000000000005
0.019565000000000003
0.0
0.0
0.0
0.0
0.0
0.0
0.0
0.0
0.0
0.0
0.0
0.0
0.0
0.006529
0.027227
0.117652
0.089125
0.20680199999999999
0.12868000000000002
0.209528
0.125991
0.096474
0.090512
0.026798
0.0
0.0
0.0
0.0
0.0
0.0
0.0
0.0
0.0
0.0
0.0
0.0
0.0
0.0033290000000000004
0.062301999999999996
0.140453
0.197813
0.23609200000000002
0.234608
0.26108499999999996
0.249554
0.192125
0.11167700000000001
0.018593
0.0
0.0
0.0
0.0
0.0
0.0
0.0
0.0
0.0
0.0
0.0
0.0
0.0
0.004900000000000001
0.072374
0.07975499999999999
0.250753
0.313793
0.32550599999999996
0.33264499999999997
0.279264
0.183583
0.07819499999999999
0.01579
0.0
0.0
0.0
0.0
0.0
0.0
0.0
0.0
0.0
0.0
0.0
0.0
0.0
0.005086
0.048628
0.138631
0.254992
0.28935700000000003
0.30815499999999996
0.33510399999999996
0.28691300000000003
0.188977
0.07785800000000001
0.011843999999999999
0.0
0.0
0.0
0.0
0.0
0.0
0.0
0.0
0.0
0.0
0.0
0.0
0.0
0.005837
0.054775
0.158966
0.24762299999999998
0.325405
0.350488
0.33636900000000003
0.277792
0.186523
0.084792
0.018460999999999998
0.0
0.0
0.0
0.0
0.0
0.0
0.0
0.0
0.0
0.0
0.0
0.0
0.0
0.007703000000000001
0.061067
0.175797
0.264456
0.312382
0.346895
0.33651
0.25614800000000004
0.180258
0.08550100000000001
0.019077
0.0
0.0
0.0
0.0
0.0
0.0
0.0
0.0
0.0
0.0
0.0
0.0
0.0
0.003312
0.052667
0.16380699999999998
0.259758
0.317612
0.35626100000000005
0.32290399999999997
0.284632
0.189925
0.082239
0.011637
0.0
0.0
0.0
0.0
0.0
0.0
0.0
0.0
0.0
0.0
0.0
0.0
0.0
0.003371
0.055152
0.170652
0.276945
0.34473000000000004
0.370256
0.35432600000000003
0.266855
0.201874
0.0843
0.011998
0.0
0.0
0.0
0.0
0.0
0.0
0.0
0.0
0.0
0.0
0.0
0.0
0.0
0.004237
0.058059
0.148081
0.26255700000000004
0.273096
0.346412
0.32608499999999996
0.2685
0.193473
0.095744
0.030157
0.0
0.0
0.0
0.0
0.0
0.0
0.0
0.0
0.0
0.0
0.0
0.0
0.0
0.009899
0.031919
0.07629999999999999
0.241481
0.33149599999999996
0.37344700000000003
0.320624
0.242847
0.197202
0.088159
0.021202000000000002
0.0
0.0
0.0
0.0
0.0
0.0
0.0
0.0
0.0
0.0
0.0
0.0
0.0
0.01873
0.071922
0.186585
0.254758
0.31454000000000004
0.355147
0.33125099999999996
0.29107799999999995
0.202269
0.098918
0.026669
0.0
0.0
0.0
0.0
0.0
0.0
0.0
0.0
0.0
0.0
0.0
0.0
0.0
0.011586
0.046378
0.189204
0.13861600000000002
0.277111
0.27866
0.188213
0.192779
0.148214
0.042601
0.019235
0.0
0.0
0.0
0.0
0.0
0.0
0.0
0.0
0.0
0.0
0.0
0.0
0.0
0.012010999999999999
0.055179
0.149364
0.201093
0.319199
0.243671
0.360312
0.30812
0.205154
0.13421799999999998
0.034158
0.0
0.0
0.0
0.0
0.0
0.0
0.0
0.0
0.0
0.0
0.0
0.0
0.0
0.013467
0.10363800000000001
0.17824500000000001
0.251868
0.18452000000000002
0.151051
0.164614
0.19634100000000002
0.089187
0.045355
0.018768999999999997
0.0
0.0
0.0
0.0
0.0
0.0
0.0
0.0
0.0
0.0
0.0
0.0
0.0
0.019582000000000002
0.042759
0.064131
0.20591900000000002
0.105926
0.205749
0.178554
0.147698
0.159708
0.140446
0.037121
0.0
0.0
0.0
0.0
0.0
0.0
0.0
0.0
0.0
0.0
0.0
0.0
0.0
0.018012
0.034645
0.087495
0.11798
0.192849
0.059978000000000004
0.16877799999999998
0.13497900000000002
0.036762
0.101993
0.017248
0.0
0.0
0.0
0.0
0.0
0.0
0.0
0.0
0.0
0.0
0.0
0.0
0.0
0.021620999999999998
0.081121
0.166089
0.20256800000000003
0.235504
0.30751799999999996
0.296308
0.271237
0.191559
0.11793200000000001
0.037972
0.0
0.0
0.0
0.0
0.0
0.0
0.0
0.0
0.0
0.0
0.0
0.0
0.0
0.014152
0.075254
0.211845
0.313639
0.395243
0.41299
0.38115
0.350149
0.248561
0.119167
0.021809000000000002
0.0
0.0
0.0
0.0
0.0
0.0
0.0
0.0
0.0
0.0
0.0
0.0
0.0
0.026749
0.129344
0.172548
0.30103500000000005
0.371092
0.389257
0.315212
0.30656700000000003
0.220874
0.13084800000000002
0.039644
0.0
0.0
0.0
0.0
0.0
0.0
0.0
0.0
0.0
0.0
0.0
0.0
0.0
0.020015
0.09636499999999999
0.241844
0.350539
0.4081
0.409497
0.42438
0.329837
0.24896000000000001
0.13686199999999998
0.032325
0.0
0.0
0.0
0.0
0.0
0.0
0.0
0.0
0.0
0.0
0.0
0.0
0.0
0.013524
0.107215
0.246634
0.355692
0.427459
0.453095
0.433937
0.370035
0.258726
0.122796
0.024217
0.0
0.0
0.0
0.0
0.0
0.0
0.0
0.0
0.0
0.0
0.0
0.0
0.0
0.031925999999999996
0.051199
0.106534
0.21485200000000002
0.23086600000000002
0.15646100000000002
0.110845
0.09239499999999999
0.252067
0.11069499999999999
0.039677
0.0
0.0
0.0
0.0
0.0
0.0
0.0
0.0
0.0
0.0
0.0
0.0
0.0
0.022019999999999998
0.070119
0.061571
0.223081
0.16387700000000002
0.141791
0.138941
0.115259
0.160154
0.044922
0.044573
0.0
0.0
0.0
0.0
0.0
0.0
0.0
0.0
0.0
0.0
0.0
0.0
0.0
0.020502
0.058987000000000005
0.073488
0.11339199999999999
0.157949
0.149655
0.34077199999999996
0.163793
0.131855
0.073885
0.021611000000000002
0.0
0.0
0.0
0.0
0.0
0.0
0.0
0.0
0.0
0.0
0.0
0.0
0.0
0.047836
0.08855400000000001
0.132144
0.248508
0.30942899999999995
0.286072
0.208322
0.169328
0.068873
0.092435
0.051621
0.0
0.0
0.0
0.0
0.0
0.0
0.0
0.0
0.0
0.0
0.0
0.0
0.0
0.029907
0.12984600000000002
0.254575
0.336403
0.41467200000000004
0.429185
0.390243
0.364435
0.2645
0.14116399999999998
0.038741
0.0
0.0
0.0
0.0
0.0
0.0
0.0
0.0
0.0
0.0
0.0
0.0
0.0
0.033167999999999996
0.131832
0.245976
0.32934199999999997
0.424331
0.424606
0.416161
0.36417099999999997
0.261389
0.132228
0.041928
0.0
0.0
0.0
0.0
0.0
0.0
0.0
0.0
0.0
0.0
0.0
0.0
0.0
0.054799
0.114605
0.25054
0.328079
0.329752
0.313692
0.302791
0.28635700000000003
0.199481
0.12359099999999999
0.04044
0.0
0.0
0.0
0.0
0.0
0.0
0.0
0.0
0.0
0.0
0.0
0.0
0.0
0.043235
0.151358
0.227227
0.318461
0.373731
0.416324
0.422267
0.355031
0.26222300000000004
0.163631
0.038547
0.0
0.0
0.0
0.0
0.0
0.0
0.0
0.0
0.0
0.0
0.0
0.0
0.0
0.033197000000000004
0.147891
0.284355
0.38661
0.442979
0.470113
0.42103500000000005
0.371731
0.28040699999999996
0.158694
0.040526000000000006
0.0
0.0
0.0
0.0
0.0
0.0
0.0
0.0
0.0
0.0
0.0
0.0
0.0
0.033701999999999996
0.152501
0.27748700000000004
0.38705
0.448642
0.462152
0.43965699999999996
0.38101
0.284086
0.157576
0.037965000000000006
0.0
0.0
0.0
0.0
0.0
0.0
0.0
0.0
0.0
0.0
0.0
0.0
0.0
0.041358
0.111429
0.196576
0.35380700000000004
0.42232400000000003
0.445835
0.439471
0.393752
0.284715
0.16695400000000002
0.044872
0.0
0.0
0.0
0.0
0.0
0.0
0.0
0.0
0.0
0.0
0.0
0.0
0.0
0.041038
0.14485499999999998
0.266955
0.38326
0.40219
0.393218
0.233033
0.242385
0.13148400000000002
0.119414
0.041588
0.0
0.0
0.0
0.0
0.0
0.0
0.0
0.0
0.0
0.0
0.0
0.0
0.0
0.060984000000000003
0.087727
0.128581
0.207027
0.133913
0.299284
0.174851
0.17956999999999998
0.108209
0.066564
0.032521
0.0
0.0
0.0
0.0
0.0
0.0
0.0
0.0
0.0
0.0
0.0
0.0
0.0
0.025771000000000002
0.05926
0.05846
0.182724
0.12612399999999999
0.25002199999999997
0.238233
0.19647399999999998
0.136034
0.084368
0.019977
0.0
0.0
0.0
0.0
0.0
0.0
0.0
0.0
0.0
0.0
0.0
0.0
0.0
0.041579
0.140818
0.096233
0.16406700000000002
0.195133
0.20752500000000002
0.21362799999999998
0.248702
0.09604399999999999
0.06811
0.038787
0.0
0.0
0.0
0.0
0.0
0.0
0.0
0.0
0.0
0.0
0.0
0.0
0.0
0.025971
0.045904
0.16593
0.172059
0.15489699999999998
0.22465000000000002
0.308118
0.19303
0.109136
0.090295
0.058497
0.0
0.0
0.0
0.0
0.0
0.0
0.0
0.0
0.0
0.0
0.0
0.0
0.0
0.054197
0.066343
0.175728
0.124304
0.24030600000000002
0.31826499999999996
0.126661
0.09542199999999999
0.175837
0.142028
0.028995999999999997
0.0
0.0
0.0
0.0
0.0
0.0
0.0
0.0
0.0
0.0
0.0
0.0
0.0
0.023287
0.097816
0.15247300000000003
0.204982
0.25583500000000003
0.223052
0.255668
0.257683
0.188653
0.147684
0.047914
0.0
0.0
0.0
0.0
0.0
0.0
0.0
0.0
0.0
0.0
0.0
0.0
0.0
0.060375
0.200963
0.337698
0.446728
0.43274599999999996
0.49670800000000004
0.461141
0.446201
0.341583
0.19952799999999998
0.060555
0.0
0.0
0.0
0.0
0.0
0.0
0.0
0.0
0.0
0.0
0.0
0.0
0.0
0.073075
0.18349000000000001
0.309218
0.357731
0.456451
0.373156
0.407263
0.36930799999999997
0.283323
0.17792
0.068106
0.0
0.0
0.0
0.0
0.0
0.0
0.0
0.0
0.0
0.0
0.0
0.0
0.0
0.057210000000000004
0.126463
0.248473
0.39030200000000004
0.41366
0.450309
0.43019999999999997
0.432526
0.333548
0.200579
0.061947
0.0
0.0
0.0
0.0
0.0
0.0
0.0
0.0
0.0
0.0
0.0
0.0
0.0
0.033530000000000004
0.047702
0.158721
0.174288
0.269055
0.162748
0.231745
0.278866
0.269265
0.099044
0.05928
0.0
0.0
0.0
0.0
0.0
0.0
0.0
0.0
0.0
0.0
0.0
0.0
0.0
0.064516
0.16388999999999998
0.27143599999999996
0.288697
0.462018
0.371601
0.35134899999999997
0.324041
0.28868
0.220249
0.07608
0.0
0.0
0.0
0.0
0.0
0.0
0.0
0.0
0.0
0.0
0.0
0.0
0.0
0.041996000000000006
0.071357
0.218631
0.394132
0.381654
0.413939
0.42495299999999997
0.363709
0.271289
0.19941499999999998
0.08322
0.0
0.0
0.0
0.0
0.0
0.0
0.0
0.0
0.0
0.0
0.0
0.0
0.00040699999999999997
0.049969
0.075794
0.14289
0.18882
0.309394
0.29653399999999996
0.444415
0.248492
0.238539
0.12054999999999999
0.057704
0.0
0.0
0.0
0.0
0.0
0.0
0.0
0.0
0.0
0.0
0.0
0.0
0.000391
0.05533
0.145083
0.138828
0.276043
0.22207
0.255864
0.30351799999999995
0.265297
0.220804
0.06440900000000001
0.048951999999999996
0.0
0.0
0.0
0.0
0.0
0.0
0.0
0.0
0.0
0.0
0.0
0.0
0.0013260000000000001
0.038342
0.102787
0.083827
0.073958
0.211137
0.264355
0.081131
0.13655099999999998
0.144788
0.048945
0.027284
0.0
0.0
0.0
0.0
0.0
0.0
0.0
0.0
0.0
0.0
0.0
0.0
0.002435
0.08711100000000001
0.226066
0.314645
0.431107
0.483717
0.5623940000000001
0.529431
0.431663
0.32105
0.210036
0.074465
1.1e-05
0.0
0.0
0.0
0.0
0.0
0.0
0.0
0.0
0.0
0.0
0.0
0.001103
0.029008
0.194273
0.38088900000000003
0.443042
0.441898
0.491043
0.515615
0.433762
0.36111200000000004
0.221432
0.08537
0.000345
0.0
0.0
0.0
0.0
0.0
0.0
0.0
0.0
0.0
0.0
0.0
0.003628
0.097574
0.257798
0.358317
0.443156
0.423977
0.536705
0.430096
0.14798599999999998
0.086288
0.156673
0.026995
0.001028
0.0
0.0
0.0
0.0
0.0
0.0
0.0
0.0
0.0
0.0
0.0
0.004043
0.099297
0.22883
0.31813400000000003
0.270984
0.476919
0.502186
0.42535500000000004
0.40539400000000003
0.308225
0.111113
0.048336
0.000285
0.0
0.0
0.0
0.0
0.0
0.0
0.0
0.0
0.0
0.0
0.0
0.003994
0.090412
0.055553
0.132149
0.185808
0.267978
0.208071
0.279474
0.177377
0.197472
0.210535
0.040992
0.003378
0.0
0.0
0.0
0.0
0.0
0.0
0.0
0.0
0.0
0.0
0.0
0.006588
0.09852
0.280391
0.42695
0.49256700000000003
0.5447609999999999
0.5545249999999999
0.5143690000000001
0.499016
0.401049
0.253557
0.095053
0.001252
0.0
0.0
0.0
0.0
0.0
0.0
0.0
0.0
0.0
0.0
0.0
0.00292
0.116492
0.14267
0.130256
0.212428
0.392852
0.495041
0.35675
0.34297300000000003
0.259064
0.196994
0.08283
0.0004
0.0
0.0
0.0
0.0
0.0
0.0
0.0
0.0
0.0
0.0
0.0
0.004932000000000001
0.045182
0.186136
0.19345099999999998
0.365767
0.49328
0.447458
0.492128
0.438089
0.373622
0.25267
0.099208
0.002088
0.0
0.0
0.0
0.0
0.0
0.0
0.0
0.0
0.0
0.0
0.0
0.01134
0.123111
0.268033
0.42706
0.49626
0.5458959999999999
0.559621
0.508577
0.455303
0.36461200000000005
0.254485
0.101021
0.0028399999999999996
0.0
0.0
0.0
0.0
0.0
0.0
0.0
0.0
0.0
0.0
0.0
0.007039
0.07015600000000001
0.145731
0.223086
0.45693
0.41438600000000003
0.357308
0.44091800000000003
0.38772199999999996
0.270801
0.198465
0.093774
0.001581
0.0
0.0
0.0
0.0
0.0
0.0
0.0
0.0
0.0
0.0
0.0
0.012018000000000001
0.12489499999999999
0.120406
0.329427
0.423519
0.21368299999999998
0.482071
0.41373000000000004
0.43172000000000005
0.372606
0.21682300000000002
0.069581
0.001657
0.0
0.0
0.0
0.0
0.0
0.0
0.0
0.0
0.0
0.0
0.0
0.011157
0.098995
0.162903
0.29201299999999997
0.29544600000000004
0.33903300000000003
0.24493299999999998
0.227851
0.39947699999999997
0.09206600000000001
0.089518
0.048156
0.0011259999999999998
0.0
0.0
0.0
0.0
0.0
0.0
0.0
0.0
0.0
0.0
0.0
0.012626
0.060992
0.16742500000000002
0.174989
0.24866300000000002
0.290228
0.249797
0.341779
0.16991900000000001
0.177345
0.068441
0.050301
0.00219
0.0
0.0
0.0
0.0
0.0
0.0
0.0
0.0
0.0
0.0
0.0
0.010856
0.088917
0.12064
0.285144
0.339822
0.372064
0.335091
0.468522
0.423559
0.371831
0.146917
0.074234
0.002781
0.0
0.0
0.0
0.0
0.0
0.0
0.0
0.0
0.0
0.0
0.0
0.02264
0.152832
0.307221
0.412582
0.5064110000000001
0.562919
0.562545
0.536798
0.49187000000000003
0.397974
0.25181200000000004
0.11454600000000001
0.004521
0.0
0.0
0.0
0.0
0.0
0.0
0.0
0.0
0.0
0.0
0.0
0.023324
0.153999
0.27523899999999996
0.42345299999999997
0.5002219999999999
0.540539
0.49594299999999997
0.505255
0.372363
0.274466
0.203766
0.11017199999999999
0.00414
0.0
0.0
0.0
0.0
0.0
0.0
0.0
0.0
0.0
0.0
0.0
0.013362
0.041131
0.154304
0.321859
0.5308590000000001
0.47270100000000004
0.484683
0.507967
0.490293
0.37567500000000004
0.23331
0.08895499999999999
0.003629
0.0
0.0
0.0
0.0
0.0
0.0
0.0
0.0
0.0
0.0
0.0
0.012686
0.109794
0.122401
0.11159000000000001
0.119211
0.288279
0.31003
0.179975
0.19531700000000002
0.08949
0.156506
0.027214
0.000776
0.0
0.0
0.0
0.0
0.0
0.0
0.0
0.0
0.0
0.0
0.0
0.027265
0.165958
0.307041
0.372168
0.52846
0.512352
0.568774
0.57725
0.429136
0.299101
0.277452
0.094614
0.003906
0.0
0.0
0.0
0.0
0.0
0.0
0.0
0.0
0.0
0.0
0.0
0.015023
0.047852
0.174216
0.071352
0.06865
0.208166
0.250919
0.153106
0.17148
0.147356
0.165274
0.06633
0.0013779999999999999
0.0
0.0
0.0
0.0
0.0
0.0
0.0
0.0
0.0
0.0
0.0
0.017489
0.082391
0.055231
0.151553
0.12864099999999998
0.480682
0.431015
0.474065
0.29821
0.29292599999999996
0.08813299999999999
0.08549599999999999
0.003857
0.0
0.0
0.0
0.0
0.0
0.0
0.0
0.0
0.0
0.0
0.0
0.022137
0.08858400000000001
0.10217799999999999
0.196564
0.273404
0.344202
0.485068
0.351507
0.420193
0.370064
0.222928
0.10480400000000001
0.0066820000000000004
0.0
0.0
0.0
0.0
0.0
0.0
0.0
0.0
0.0
0.0
0.0
0.037338
0.16271000000000002
0.276265
0.472541
0.526175
0.579083
0.593357
0.5840460000000001
0.499921
0.39860500000000004
0.287233
0.09703400000000001
0.005768
0.0
0.0
0.0
0.0
0.0
0.0
0.0
0.0
0.0
0.0
0.0
0.047248
0.19278299999999998
0.334177
0.469087
0.517667
0.555442
0.529256
0.511161
0.567006
0.333874
0.23369800000000002
0.142196
0.009631
0.0
0.0
0.0
0.0
0.0
0.0
0.0
0.0
0.0
0.0
0.0
0.046704999999999997
0.165292
0.31653699999999996
0.358668
0.433017
0.310939
0.36747199999999997
0.315774
0.17233
0.198161
0.201131
0.041152
0.005162
0.0
0.0
0.0
0.0
0.0
0.0
0.0
0.0
0.0
0.0
0.0
0.048409
0.20685499999999998
0.36984
0.498768
0.583587
0.59693
0.643278
0.6169880000000001
0.545881
0.45277300000000004
0.312896
0.13740100000000002
0.012451
0.0
0.0
0.0
0.0
0.0
0.0
0.0
0.0
0.0
0.0
0.0
0.056393
0.209508
0.29675599999999996
0.443615
0.479584
0.541273
0.645018
0.503954
0.560677
0.274796
0.138877
0.060422
0.011525
0.0
0.0
0.0
0.0
0.0
0.0
0.0
0.0
0.0
0.0
0.0
0.047777
0.196886
0.368316
0.489853
0.560994
0.599628
0.619163
0.555432
0.479175
0.42761099999999996
0.30007799999999996
0.124669
0.011785
0.0
0.0
0.0
0.0
0.0
0.0
0.0
0.0
0.0
0.0
0.0
0.068998
0.216107
0.366493
0.478659
0.567461
0.569629
0.598576
0.559596
0.520989
0.42159800000000003
0.30832
0.14966
0.022846
0.0
0.0
0.0
0.0
0.0
0.0
0.0
0.0
0.0
0.0
0.0
0.03740400000000001
0.145814
0.34497000000000005
0.33178399999999997
0.552012
0.488396
0.541991
0.500314
0.38805
0.320885
0.172495
0.07917300000000001
0.009448
0.0
0.0
0.0
0.0
0.0
0.0
0.0
0.0
0.0
0.0
0.0
0.034544
0.029433
0.177034
0.077836
0.187357
0.381885
0.20089400000000002
0.31631
0.274813
0.31048899999999996
0.246817
0.148237
0.021291
0.0
0.0
0.0
0.0
0.0
0.0
0.0
0.0
0.0
0.0
0.0
0.043186999999999996
0.054181
0.15993100000000002
0.20069499999999998
0.33459500000000003
0.381728
0.421538
0.29391
0.34944400000000003
0.26187299999999997
0.202224
0.058466000000000004
0.006029
0.0
0.0
0.0
0.0
0.0
0.0
0.0
0.0
0.0
0.0
0.0
0.033531
0.084545
0.042219
0.21507900000000002
0.160952
0.137375
0.285793
0.285067
0.250275
0.215442
0.09594899999999999
0.081098
0.0071200000000000005
0.0
0.0
0.0
0.0
0.0
0.0
0.0
0.0
0.0
0.0
0.0
0.040424999999999996
0.070388
0.099524
0.27945299999999995
0.434487
0.47965800000000003
0.464364
0.45032900000000003
0.44685
0.40308499999999997
0.27868400000000004
0.15024
0.028575
0.0
0.0
0.0
0.0
0.0
0.0
0.0
0.0
0.0
0.0
0.0
0.055435000000000005
0.217416
0.38049
0.508796
0.544789
0.491905
0.640025
0.552371
0.554659
0.465584
0.312408
0.152317
0.020232
0.0
0.0
0.0
0.0
0.0
0.0
0.0
0.0
0.0
0.0
0.0
0.084038
0.25033099999999997
0.398922
0.501361
0.578133
0.625321
0.637602
0.6145109999999999
0.556437
0.46180099999999996
0.344361
0.184106
0.031451
0.0
0.0
0.0
0.0
0.0
0.0
0.0
0.0
0.0
0.0
0.0
0.082342
0.251716
0.398538
0.516351
0.581125
0.611437
0.642792
0.575571
0.529338
0.43304899999999996
0.328065
0.166798
0.02837
0.0
0.0
0.0
0.0
0.0
0.0
0.0
0.0
0.0
0.0
0.0
0.066953
0.24063900000000002
0.214762
0.410464
0.333285
0.508345
0.332792
0.41598
0.36084
0.341994
0.188245
0.08505
0.018066
0.0
0.0
0.0
0.0
0.0
0.0
0.0
0.0
0.0
0.0
0.0
0.072173
0.16447499999999998
0.19572900000000001
0.513047
0.528187
0.6283500000000001
0.417558
0.56877
0.361692
0.369741
0.22020900000000002
0.168076
0.03473
0.0
0.0
0.0
0.0
0.0
0.0
0.0
0.0
0.0
0.0
0.0
0.090391
0.24408000000000002
0.33197699999999997
0.451851
0.439915
0.499194
0.34345
0.303651
0.385515
0.118191
0.187012
0.12756699999999999
0.014066
0.0
0.0
0.0
0.0
0.0
0.0
0.0
0.0
0.0
0.0
0.0
0.040972999999999996
0.16797499999999999
0.323885
0.542144
0.5122340000000001
0.6274120000000001
0.6272000000000001
0.6324160000000001
0.587365
0.476735
0.35255200000000003
0.181847
0.029608
0.0
0.0
0.0
0.0
0.0
0.0
0.0
0.0
0.0
0.0
0.0
0.10627299999999999
0.26877100000000004
0.410899
0.533072
0.6149990000000001
0.586819
0.6595610000000001
0.635977
0.525899
0.503916
0.333218
0.205807
0.045231
0.0
0.0
0.0
0.0
0.0
0.0
0.0
0.0
0.0
0.0
0.0
0.078919
0.25272900000000004
0.345806
0.418569
0.614842
0.5878730000000001
0.642158
0.6202179999999999
0.596237
0.477965
0.380001
0.196353
0.040515
0.0
0.0
0.0
0.0
0.0
0.0
0.0
0.0
0.0
0.0
0.0
0.034927
0.138237
0.314987
0.5027119999999999
0.630656
0.5641710000000001
0.703097
0.6400950000000001
0.614804
0.5167780000000001
0.337639
0.20923599999999998
0.041928
0.0
0.0
0.0
0.0
0.0
0.0
0.0
0.0
0.0
0.0
0.0
0.058305
0.064312
0.195321
0.12363800000000001
0.273019
0.323045
0.139482
0.44422300000000003
0.310555
0.284833
0.268073
0.107307
0.032070999999999995
0.0
0.0
0.0
0.0
0.0
0.0
0.0
0.0
0.0
0.0
0.0
0.121747
0.298913
0.438276
0.567202
0.6009880000000001
0.47044600000000003
0.663222
0.599409
0.373877
0.469683
0.318472
0.240975
0.050686
0.0
0.0
0.0
0.0
0.0
0.0
0.0
0.0
0.0
0.0
0.0
0.1057
0.285523
0.36637400000000003
0.550554
0.623458
0.684661
0.569758
0.592999
0.588066
0.42847399999999997
0.381161
0.214278
0.046595
0.0
0.0
0.0
0.0
0.0
0.0
0.0
0.0
0.0
0.0
0.0
0.106173
0.28806400000000004
0.44926499999999997
0.567782
0.624529
0.642058
0.663632
0.6016849999999999
0.524164
0.42927699999999996
0.32136200000000004
0.19865100000000002
0.040096
0.0
0.0
0.0
0.0
0.0
0.0
0.0
0.0
0.0
0.0
0.0
0.060514000000000005
0.19667500000000002
0.218332
0.346995
0.297939
0.504192
0.620677
0.557532
0.586909
0.421703
0.38273399999999996
0.22634200000000002
0.064004
0.0
0.0
0.0
0.0
0.0
0.0
0.0
0.0
0.0
0.0
0.000448
0.12916999999999998
0.30728500000000003
0.429517
0.538375
0.616082
0.669613
0.616904
0.677473
0.5249539999999999
0.414617
0.31082299999999996
0.179219
0.060878
0.0
0.0
0.0
0.0
0.0
0.0
0.0
0.0
0.0
0.0
0.0
0.080958
0.184125
0.268363
0.485916
0.5346920000000001
0.647374
0.518831
0.575474
0.54987
0.390452
0.328843
0.20599199999999998
0.0633
0.0
0.0
0.0
0.0
0.0
0.0
0.0
0.0
0.0
0.0
0.0
0.09854600000000001
0.22464099999999998
0.416832
0.446441
0.521351
0.623313
0.591802
0.613135
0.458982
0.45622500000000005
0.20928
0.11870399999999999
0.027253
0.0
0.0
0.0
0.0
0.0
0.0
0.0
0.0
0.0
0.0
0.0
0.084273
0.148142
0.258604
0.503022
0.54053
0.582406
0.511932
0.44962799999999997
0.46817899999999996
0.436296
0.29508
0.20010499999999998
0.057307000000000004
0.0
0.0
0.0
0.0
0.0
0.0
0.0
0.0
0.0
0.0
0.0
0.048171
0.07660800000000001
0.089046
0.186615
0.28882100000000005
0.348478
0.286682
0.256671
0.314904
0.16667400000000002
0.086652
0.07165
0.014227
0.0
0.0
0.0
0.0
0.0
0.0
0.0
0.0
0.0
0.0
0.0
0.046517
0.143412
0.07677500000000001
0.115312
0.08574
0.420401
0.35906099999999996
0.265356
0.12181399999999999
0.22656700000000002
0.11088500000000001
0.062701
0.026663
0.0
0.0
0.0
0.0
0.0
0.0
0.0
0.0
0.0
0.0
0.0
0.039143
0.086027
0.12430200000000001
0.20262799999999997
0.36297199999999996
0.105489
0.223137
0.36536900000000005
0.15340299999999998
0.26290600000000003
0.321396
0.130081
0.048026000000000006
0.0
0.0
0.0
0.0
0.0
0.0
0.0
0.0
0.0
0.0
0.0
0.040863
0.050865
0.192192
0.157379
0.126242
0.26245999999999997
0.11987099999999999
0.121999
0.161712
0.192528
0.10223600000000001
0.036419
0.018851
0.0
0.0
0.0
0.0
0.0
0.0
0.0
0.0
0.0
0.0
0.0
0.051216
0.169246
0.179424
0.342318
0.24389
0.13058799999999998
0.334149
0.13144999999999998
0.31642899999999996
0.19770500000000002
0.192335
0.11768200000000001
0.031736
0.0
0.0
0.0
0.0
0.0
0.0
0.0
0.0
0.0
0.0
0.0
0.022701
0.17197
0.168627
0.215477
0.30506099999999997
0.47406099999999995
0.265336
0.5235510000000001
0.461688
0.39063400000000004
0.255284
0.194765
0.025564
0.0
0.0
0.0
0.0
0.0
0.0
0.0
0.0
0.0
0.0
0.0
0.04517
0.08473699999999999
0.14851
0.319564
0.410771
0.551316
0.719997
0.597821
0.522826
0.498767
0.393657
0.218222
0.055119
0.0
0.0
0.0
0.0
0.0
0.0
0.0
0.0
0.0
0.0
0.0030139999999999998
0.15447999999999998
0.329309
0.475601
0.5661369999999999
0.623835
0.6517390000000001
0.660304
0.641083
0.52818
0.463924
0.390644
0.254097
0.09494899999999999
0.0
0.0
0.0
0.0
0.0
0.0
0.0
0.0
0.0
0.0
0.001072
0.081984
0.129295
0.43291399999999997
0.534639
0.370931
0.5005160000000001
0.529396
0.451724
0.606656
0.441776
0.36069999999999997
0.148356
0.062956
0.0
0.0
0.0
0.0
0.0
0.0
0.0
0.0
0.0
0.0
0.0
0.084246
0.132639
0.167457
0.228332
0.20460599999999998
0.238925
0.219865
0.23438399999999998
0.28094600000000003
0.17779599999999998
0.308163
0.22020699999999999
0.077651
0.0
0.0
0.0
0.0
0.0
0.0
0.0
0.0
0.0
0.0
0.001271
0.068643
0.208513
0.384396
0.461976
0.34417200000000003
0.576389
0.668025
0.577689
0.5744400000000001
0.510651
0.381652
0.18924000000000002
0.069426
0.0
0.0
0.0
0.0
0.0
0.0
0.0
0.0
0.0
0.0
0.0038239999999999997
0.14944
0.326615
0.472692
0.5760449999999999
0.634053
0.6624880000000001
0.612424
0.6824199999999999
0.59389
0.52491
0.411497
0.277373
0.10428
0.0
0.0
0.0
0.0
0.0
0.0
0.0
0.0
0.0
0.0
0.000252
0.05576
0.149126
0.403434
0.553068
0.44747000000000003
0.502237
0.551452
0.543179
0.596219
0.42138600000000004
0.294657
0.20324799999999998
0.070473
0.0
0.0
0.0
0.0
0.0
0.0
0.0
0.0
0.0
0.0
0.0
0.086146
0.248315
0.34940499999999997
0.5639930000000001
0.5326040000000001
0.671253
0.5660620000000001
0.5965929999999999
0.5471889999999999
0.540933
0.377253
0.189528
0.051681
0.0
0.0
0.0
0.0
0.0
0.0
0.0
0.0
0.0
0.0
0.0
0.06336800000000001
0.139623
0.27904399999999996
0.282993
0.442103
0.454881
0.627765
0.658773
0.532867
0.508979
0.34107600000000005
0.215658
0.081675
0.0
0.0
0.0
0.0
0.0
0.0
0.0
0.0
0.0
0.0
0.0036070000000000004
0.143261
0.31976299999999996
0.441937
0.553412
0.700269
0.5905739999999999
0.6362949999999999
0.615109
0.5088360000000001
0.501771
0.422531
0.24957200000000002
0.102799
0.0
0.0
0.0
0.0
0.0
0.0
0.0
0.0
0.0
0.0
0.006358
0.168578
0.357177
0.510333
0.600698
0.6655460000000001
0.708998
0.723311
0.7080850000000001
0.552982
0.569195
0.42418599999999995
0.304752
0.12725
0.001021
0.0
0.0
0.0
0.0
0.0
0.0
0.0
0.0
0.0
0.005966
0.16615
0.350359
0.497402
0.587236
0.642634
0.676294
0.715221
0.692203
0.573221
0.350237
0.42932400000000004
0.275144
0.12645699999999999
0.000621
0.0
0.0
0.0
0.0
0.0
0.0
0.0
0.0
0.0
0.0
0.099304
0.15640600000000002
0.311113
0.42794600000000005
0.419767
0.252748
0.376599
0.310467
0.216209
0.20953200000000002
0.226487
0.104113
0.019513000000000003
0.0
0.0
0.0
0.0
0.0
0.0
0.0
0.0
0.0
0.0
0.0
0.051355
0.099932
0.326988
0.198299
0.209534
0.36599400000000004
0.458461
0.399872
0.40108499999999997
0.410645
0.263033
0.26064800000000005
0.09717
0.0
0.0
0.0
0.0
0.0
0.0
0.0
0.0
0.0
0.0
0.00013700000000000002
0.123193
0.29650299999999996
0.422331
0.532976
0.637657
0.70766
0.695176
0.689188
0.649124
0.5619679999999999
0.443158
0.280442
0.105931
0.0
0.0
0.0
0.0
0.0
0.0
0.0
0.0
0.0
0.0
0.0033929999999999997
0.148104
0.324151
0.46210700000000005
0.566206
0.639803
0.690877
0.6680929999999999
0.5962419999999999
0.645034
0.56314
0.454248
0.306656
0.11692100000000001
0.000188
0.0
0.0
0.0
0.0
0.0
0.0
0.0
0.0
0.0
0.003485
0.13877799999999998
0.29508100000000004
0.34062
0.49754899999999996
0.5612440000000001
0.7081660000000001
0.314027
0.403304
0.42454000000000003
0.277766
0.152134
0.097608
0.064727
0.0
0.0
0.0
0.0
0.0
0.0
0.0
0.0
0.0
0.0
0.0
0.019861
0.174341
0.17180199999999998
0.269033
0.221719
0.23716900000000002
0.400094
0.23175800000000002
0.20391900000000002
0.19663
0.153044
0.075503
0.067814
0.0
0.0
0.0
0.0
0.0
0.0
0.0
0.0
0.0
0.0
0.0
0.07035599999999999
0.16253299999999998
0.32492000000000004
0.28643
0.369373
0.519597
0.572075
0.5715439999999999
0.438556
0.515601
0.36049200000000003
0.19528
0.08397400000000001
0.002053
0.0
0.0
0.0
0.0
0.0
0.0
0.0
0.0
0.0
0.000261
0.13447499999999998
0.31155700000000003
0.45746
0.5485099999999999
0.547414
0.651794
0.513892
0.47481599999999996
0.43655
0.376286
0.324218
0.231768
0.098853
0.0
0.0
0.0
0.0
0.0
0.0
0.0
0.0
0.0
0.0
0.0
0.07307999999999999
0.12620399999999998
0.263675
0.377002
0.225866
0.360836
0.356642
0.329461
0.215221
0.109168
0.081941
0.11264700000000001
0.016489
0.0
0.0
0.0
0.0
0.0
0.0
0.0
0.0
0.0
0.0
0.0
0.032479999999999995
0.11494
0.072548
0.13664099999999998
0.312833
0.256219
0.148294
0.33487
0.237391
0.262312
0.312945
0.248476
0.059459000000000005
0.0
0.0
0.0
0.0
0.0
0.0
0.0
0.0
0.0
0.0
0.0
0.031965
0.16581100000000001
0.315772
0.401777
0.66638
0.653505
0.693096
0.679766
0.618971
0.572911
0.44755399999999995
0.293647
0.12963
0.001443
0.0
0.0
0.0
0.0
0.0
0.0
0.0
0.0
0.0
0.0
0.04393
0.087702
0.08656100000000001
0.386731
0.444043
0.471706
0.553945
0.6169410000000001
0.5173300000000001
0.45983300000000005
0.423131
0.239033
0.154673
0.004397
0.0
0.0
0.0
0.0
0.0
0.0
0.0
0.0
0.0
0.002552
0.117377
0.28612400000000004
0.45339999999999997
0.5425099999999999
0.633867
0.7166
0.705723
0.681215
0.6741609999999999
0.559283
0.483363
0.33922199999999997
0.149626
0.00897
0.0
0.0
0.0
0.0
0.0
0.0
0.0
0.0
0.0
0.0
0.12195399999999999
0.247807
0.37473
0.567586
0.587855
0.471322
0.666458
0.592801
0.534983
0.465875
0.44869600000000004
0.277304
0.134015
0.0038900000000000002
0.0
0.0
0.0
0.0
0.0
0.0
0.0
0.0
0.0
0.0
0.103774
0.229555
0.40519499999999997
0.41246499999999997
0.560232
0.619775
0.656053
0.6287119999999999
0.6000209999999999
0.5318350000000001
0.41574900000000004
0.27976799999999996
0.101055
0.000287
0.0
0.0
0.0
0.0
0.0
0.0
0.0
0.0
0.0
0.000208
0.129578
0.322582
0.358162
0.542812
0.5169239999999999
0.694851
0.5556639999999999
0.613592
0.38133100000000003
0.4678
0.376269
0.270613
0.077
0.002579
0.0
0.0
0.0
0.0
0.0
0.0
0.0
0.0
0.0
0.0
0.031673
0.113713
0.297242
0.263746
0.480192
0.507619
0.529498
0.396911
0.583428
0.555935
0.42127
0.281211
0.08116
0.0016979999999999999
0.0
0.0
0.0
0.0
0.0
0.0
0.0
0.0
0.0
0.0
0.094045
0.163077
0.28935500000000003
0.485519
0.5019359999999999
0.434134
0.662535
0.643591
0.592623
0.456115
0.457756
0.308499
0.123761
0.007024
0.0
0.0
0.0
0.0
0.0
0.0
0.0
0.0
0.0
0.00034300000000000004
0.13886199999999999
0.304298
0.44649500000000003
0.544602
0.592317
0.6443880000000001
0.667519
0.6439940000000001
0.561913
0.45977300000000004
0.406045
0.31006900000000004
0.130161
0.004543999999999999
0.0
0.0
0.0
0.0
0.0
0.0
0.0
0.0
0.0
0.0
0.127188
0.286769
0.402991
0.5370839999999999
0.580755
0.486151
0.526317
0.518165
0.348897
0.321062
0.25505099999999997
0.247893
0.107584
0.008628
0.0
0.0
0.0
0.0
0.0
0.0
0.0
0.0
0.0
0.0
0.05528
0.172843
0.234761
0.375953
0.372192
0.458258
0.556645
0.442841
0.508577
0.330459
0.335994
0.08740099999999999
0.038997
0.0
0.0
0.0
0.0
0.0
0.0
0.0
0.0
0.0
0.0
0.0
0.07563500000000001
0.105301
0.27013299999999996
0.435996
0.568907
0.5612440000000001
0.695645
0.5893200000000001
0.613383
0.413512
0.400099
0.254197
0.071953
0.000558
0.0
0.0
0.0
0.0
0.0
0.0
0.0
0.0
0.0
0.0
0.084495
0.24699000000000002
0.32610500000000003
0.5017130000000001
0.426791
0.658501
0.32614299999999996
0.537066
0.549615
0.397562
0.309135
0.24393
0.07423600000000001
0.0005110000000000001
0.0
0.0
0.0
0.0
0.0
0.0
0.0
0.0
0.0
0.0
0.071272
0.173704
0.368399
0.235007
0.334067
0.495678
0.331031
0.438911
0.111481
0.18177000000000001
0.14232
0.050522
0.068981
0.0
0.0
0.0
0.0
0.0
0.0
0.0
0.0
0.0
0.0
0.0
0.072142
0.199084
0.196766
0.427116
0.505907
0.384406
0.529972
0.573087
0.523334
0.32092899999999996
0.267456
0.260587
0.082498
0.0054
0.0
0.0
0.0
0.0
0.0
0.0
0.0
0.0
0.0
0.0
0.024517
0.0348
0.201854
0.244917
0.37094600000000005
0.37847699999999995
0.282822
0.253231
0.1776
0.32475400000000004
0.399075
0.169609
0.080156
0.003463
0.0
0.0
0.0
0.0
0.0
0.0
0.0
0.0
0.0
0.0
0.028767
0.082683
0.212808
0.27376100000000003
0.24714599999999998
0.106174
0.278281
0.353889
0.32198899999999997
0.234984
0.18922
0.171819
0.032215
0.002853
0.0
0.0
0.0
0.0
