0.0
0.0
0.0
0.0
0.0
0.13135
0.26813299999999995
0.404874
0.503131
0.5655220000000001
0.599502
0.610349
0.612916
0.599029
0.557543
0.467518
0.321859
0.136239
0.009698
0.0
0.0
0.0
0.0
0.0
0.0
0.0
0.0
0.0
0.0
0.118404
0.30801799999999996
0.465735
0.569357
0.6369239999999999
0.66644
0.6901459999999999
0.696142
0.6929270000000001
0.648737
0.556218
0.40716699999999995
0.161876
0.010178000000000001
0.0
0.0
0.0
0.0
0.0
0.0
0.0
0.0
0.0
0.0
0.12770900000000002
0.264348
0.40323200000000003
0.498913
0.55779
0.587532
0.5978150000000001
0.6001219999999999
0.587927
0.5483790000000001
0.46282100000000004
0.322238
0.134625
0.009448999999999999
0.0
0.0
0.0
0.0
0.0
0.0
0.0
0.0
0.0
0.0
0.121255
0.279603
0.430313
0.527908
0.5928260000000001
0.616456
0.6398189999999999
0.644754
0.640478
0.5941259999999999
0.506354
0.35985
0.144922
0.009285999999999999
0.0
0.0
0.0
0.0
0.0
0.0
0.0
0.0
0.0
0.0
0.061921
0.144672
0.231785
0.30135
0.34986700000000004
0.37408300000000005
0.385915
0.378231
0.351488
0.302606
0.228607
0.140162
0.054738999999999996
0.0026309999999999997
0.0
0.0
0.0
0.0
0.0
0.0
0.0
0.0
0.0
0.0
0.122329
0.243308
0.371917
0.47436500000000004
0.5398189999999999
0.579182
0.587074
0.586477
0.570995
0.5271359999999999
0.435856
0.292748
0.119877
0.00809
0.0
0.0
0.0
0.0
0.0
0.0
0.0
0.0
0.0
0.0
0.034703000000000005
0.092923
0.158162
0.217337
0.26311
0.287868
0.301154
0.29185
0.264272
0.217918
0.157464
0.090459
0.033197000000000004
0.0
0.0
0.0
0.0
0.0
0.0
0.0
0.0
0.0
0.0
0.0
0.10503799999999999
0.209548
0.323427
0.414394
0.47336500000000004
0.505144
0.513496
0.504859
0.47917200000000004
0.427107
0.337635
0.214922
0.08518200000000001
0.005443
0.0
0.0
0.0
0.0
0.0
0.0
0.0
0.0
0.0
0.0
0.10734099999999999
0.211429
0.32621300000000003
0.41813799999999995
0.47738099999999994
0.5106
0.517867
0.509942
0.480874
0.430688
0.34030900000000003
0.21648900000000001
0.085157
0.004843
0.0
0.0
0.0
0.0
0.0
0.0
0.0
0.0
0.0
0.0
0.125247
0.258681
0.39791000000000004
0.504009
0.570261
0.604817
0.6185470000000001
0.620788
0.605902
0.563519
0.473202
0.325062
0.131565
0.0073620000000000005
0.0
0.0
0.0
0.0
0.0
0.0
0.0
0.0
0.0
0.0
0.102384
0.294286
0.456649
0.567272
0.635343
0.662462
0.687304
0.69725
0.69813
0.651698
0.558982
0.40401299999999996
0.156048
0.006958
0.0
0.0
0.0
0.0
0.0
0.0
0.0
0.0
0.0
0.0
0.11139199999999999
0.261853
0.40603500000000003
0.503882
0.563487
0.5952799999999999
0.609561
0.616549
0.6125109999999999
0.577584
0.49387000000000003
0.35155000000000003
0.136276
0.0069370000000000005
0.0
0.0
0.0
0.0
0.0
0.0
0.0
0.0
0.0
0.0
0.037932
0.103618
0.175048
0.238376
0.285735
0.313332
0.32155
0.31138
0.28234
0.23416700000000001
0.17028100000000002
0.09774
0.035364
0.0
0.0
0.0
0.0
0.0
0.0
0.0
0.0
0.0
0.0
0.0
0.117743
0.23827500000000001
0.374642
0.474332
0.538285
0.5704880000000001
0.583307
0.582333
0.568419
0.5266799999999999
0.437966
0.295382
0.116426
0.005445
0.0
0.0
0.0
0.0
0.0
0.0
0.0
0.0
0.0
0.0
0.11604
0.236298
0.369713
0.46369
0.520215
0.5520689999999999
0.55974
0.5625460000000001
0.545111
0.5194099999999999
0.438249
0.302213
0.1165
0.005477999999999999
0.0
0.0
0.0
0.0
0.0
0.0
0.0
0.0
0.0
0.0
0.019806999999999998
0.069461
0.12540300000000001
0.17996299999999998
0.222633
0.249409
0.258113
0.24743
0.219875
0.175488
0.121875
0.066641
0.021921
0.0
0.0
0.0
0.0
0.0
0.0
0.0
0.0
0.0
0.0
0.0
0.077173
0.187527
0.292025
0.376798
0.433926
0.462374
0.471962
0.463886
0.436113
0.385243
0.29963
0.184024
0.07001600000000001
0.002384
0.0
0.0
0.0
0.0
0.0
0.0
0.0
0.0
0.0
0.0
0.071473
0.184941
0.289459
0.373179
0.429504
0.45704300000000003
0.466642
0.459021
0.43166899999999997
0.378089
0.29272699999999996
0.17872300000000002
0.067115
0.001719
0.0
0.0
0.0
0.0
0.0
0.0
0.0
0.0
0.0
0.0
0.06909399999999999
0.187017
0.29192399999999996
0.377125
0.43372000000000005
0.463872
0.47208
0.464929
0.437486
0.385409
0.300079
0.183298
0.068868
0.001729
0.0
0.0
0.0
0.0
0.0
0.0
0.0
0.0
0.0
0.0
0.067623
0.259503
0.421632
0.535712
0.608899
0.643284
0.6732899999999999
0.681745
0.678772
0.6345109999999999
0.539612
0.385757
0.140547
0.003615
0.0
0.0
0.0
0.0
0.0
0.0
0.0
0.0
0.0
0.0
0.026611999999999997
0.104897
0.179062
0.243233
0.28932100000000005
0.31756599999999996
0.326633
0.316927
0.290114
0.24174600000000002
0.175245
0.10034900000000001
0.034722
0.0
0.0
0.0
0.0
0.0
0.0
0.0
0.0
0.0
0.0
0.0
0.05833
0.18518600000000002
0.288072
0.369866
0.421817
0.44670299999999996
0.45562
0.44919
0.426056
0.377504
0.29604
0.181648
0.067215
0.000759
0.0
0.0
0.0
0.0
0.0
0.0
0.0
0.0
0.0
0.0
0.071047
0.217379
0.34989499999999996
0.453522
0.518993
0.554461
0.5705549999999999
0.574056
0.563798
0.524986
0.438805
0.292213
0.10652400000000001
0.00215
0.0
0.0
0.0
0.0
0.0
0.0
0.0
0.0
0.0
0.0
0.064201
0.189496
0.294469
0.379753
0.431012
0.456974
0.463803
0.45616500000000004
0.43693200000000004
0.38834399999999997
0.306281
0.190439
0.068826
0.001313
0.0
0.0
0.0
0.0
0.0
0.0
0.0
0.0
0.0
0.0
0.06735
0.209837
0.33943900000000005
0.43753800000000004
0.498921
0.5261910000000001
0.540329
0.536792
0.520713
0.482382
0.397409
0.258981
0.094336
0.0013540000000000002
0.0
0.0
0.0
0.0
0.0
0.0
0.0
0.0
0.0
0.0
0.048655000000000004
0.168367
0.26575400000000005
0.347166
0.40122
0.42817500000000003
0.43950799999999995
0.433171
0.409375
0.355989
0.272519
0.163722
0.05778199999999999
0.0
0.0
0.0
0.0
0.0
0.0
0.0
0.0
0.0
0.0
0.0
0.020992
0.09180200000000001
0.160835
0.223453
0.270021
0.298639
0.307114
0.29845900000000003
0.270049
0.22275899999999998
0.158483
0.088911
0.028007999999999998
0.0
0.0
0.0
0.0
0.0
0.0
0.0
0.0
0.0
0.0
0.0
0.035747999999999995
0.13352
0.219318
0.292794
0.346395
0.37697699999999995
0.387774
0.380581
0.35119799999999995
0.299831
0.223589
0.12927699999999998
0.043473
0.0
0.0
0.0
0.0
0.0
0.0
0.0
0.0
0.0
0.0
0.0
0.033889
0.173991
0.275156
0.36205000000000004
0.420738
0.454097
0.464955
0.45902699999999996
0.435044
0.382171
0.294922
0.176478
0.060549
0.0
0.0
0.0
0.0
0.0
0.0
0.0
0.0
0.0
0.0
0.0
0.0
0.013269999999999999
0.038828
0.072082
0.106443
0.133363
0.142322
0.133059
0.106626
0.072374
0.039131
0.013487
0.0
0.0
0.0
0.0
0.0
0.0
0.0
0.0
0.0
0.0
0.0
0.0
0.002827
0.030986
0.068398
0.108752
0.14727
0.173163
0.18178899999999998
0.172087
0.145227
0.107045
0.066345
0.030379
0.006293999999999999
0.0
0.0
0.0
0.0
0.0
0.0
0.0
0.0
0.0
0.0
0.0
0.035991999999999996
0.20952
0.36568900000000004
0.48574
0.5569550000000001
0.588376
0.603013
0.601869
0.579781
0.543615
0.458432
0.325181
0.10733
0.0
0.0
0.0
0.0
0.0
0.0
0.0
0.0
0.0
0.0
0.0
0.033720999999999994
0.180596
0.288207
0.384569
0.44577
0.480191
0.486435
0.481908
0.45830200000000004
0.408959
0.320697
0.19159600000000002
0.06402500000000001
0.0
0.0
0.0
0.0
0.0
0.0
0.0
0.0
0.0
0.0
0.0
0.033256999999999995
0.199965
0.354558
0.471506
0.545432
0.5831559999999999
0.611672
0.622008
0.617317
0.5753769999999999
0.48148399999999997
0.32521
0.104586
0.0
0.0
0.0
0.0
0.0
0.0
0.0
0.0
0.0
0.0
0.0
0.032382
0.195163
0.346323
0.461685
0.531083
0.5668
0.591047
0.6019829999999999
0.592952
0.562507
0.475221
0.32440199999999997
0.10263800000000001
0.0
0.0
0.0
0.0
0.0
0.0
0.0
0.0
0.0
0.0
0.0
0.0027890000000000002
0.033242
0.073063
0.11670900000000001
0.154673
0.181113
0.189257
0.17941100000000001
0.152557
0.113768
0.071033
0.032636000000000005
0.006378
0.0
0.0
0.0
0.0
0.0
0.0
0.0
0.0
0.0
0.0
0.0
0.018368
0.109009
0.19181299999999998
0.262441
0.314034
0.342915
0.352688
0.343151
0.313062
0.261688
0.187979
0.10453799999999999
0.030812000000000003
0.0
0.0
0.0
0.0
0.0
0.0
0.0
0.0
0.0
0.0
0.0
0.028937
0.188689
0.34447000000000005
0.476785
0.555847
0.595967
0.619023
0.626133
0.621451
0.572163
0.476164
0.314909
0.09691200000000001
0.0
0.0
0.0
0.0
0.0
0.0
0.0
0.0
0.0
0.0
0.0
0.018543
0.114975
0.202516
0.277307
0.32987700000000003
0.360663
0.36864199999999997
0.359699
0.329867
0.276437
0.20035499999999998
0.110991
0.031776
0.0
0.0
0.0
0.0
0.0
0.0
0.0
0.0
0.0
0.0
0.0
0.009356
0.066884
0.127225
0.18330600000000002
0.226525
0.251988
0.26229199999999997
0.253078
0.225712
0.18128
0.124818
0.065468
0.0166
0.0
0.0
0.0
0.0
0.0
0.0
0.0
0.0
0.0
0.0
0.0
0.025263999999999998
0.15441999999999997
0.25743
0.345234
0.40267200000000003
0.43318
0.443031
0.435859
0.40736700000000003
0.35500099999999996
0.268502
0.152791
0.044557
0.0
0.0
0.0
0.0
0.0
0.0
0.0
0.0
0.0
0.0
0.0
0.028938
0.168869
0.295118
0.40449799999999997
0.47308100000000003
0.508262
0.527371
0.528791
0.516747
0.468623
0.377661
0.228066
0.061318
0.0
0.0
0.0
0.0
0.0
0.0
0.0
0.0
0.0
0.0
0.0
0.005043
0.047734
0.09854900000000001
0.14945
0.191005
0.218071
0.226706
0.21660200000000002
0.189312
0.147268
0.09677
0.047229
0.009892
0.0
0.0
0.0
0.0
0.0
0.0
0.0
0.0
0.0
0.0
0.0
0.0
0.16694499999999998
0.301593
0.420253
0.493397
0.5322380000000001
0.54792
0.54792
0.5315420000000001
0.48468700000000003
0.39044999999999996
0.23632
0.059075
0.0
0.0
0.0
0.0
0.0
0.0
0.0
0.0
0.0
0.0
0.0
0.0
0.1267
0.225166
0.307616
0.36318
0.39368200000000003
0.401341
0.391866
0.36287
0.307882
0.224977
0.124132
0.033239
0.0
0.0
0.0
0.0
0.0
0.0
0.0
0.0
0.0
0.0
0.0
0.0
0.137493
0.235037
0.31600900000000004
0.371411
0.40345299999999995
0.412078
0.405614
0.37755500000000003
0.32631
0.240119
0.133113
0.034864
0.0
0.0
0.0
0.0
0.0
0.0
0.0
0.0
0.0
0.0
0.0
0.0
0.15228999999999998
0.259504
0.355771
0.41794099999999995
0.446699
0.462687
0.46004199999999995
0.44151100000000004
0.389055
0.30003500000000005
0.169691
0.044731
0.0
0.0
0.0
0.0
0.0
0.0
0.0
0.0
0.0
0.0
0.0
0.0
0.153865
0.28193
0.38933
0.460626
0.487716
0.513378
0.509887
0.494166
0.446035
0.355036
0.207703
0.049631999999999996
0.0
0.0
0.0
0.0
0.0
0.0
0.0
0.0
0.0
0.0
0.0
0.0
0.149664
0.27461
0.387821
0.462187
0.500194
0.515602
0.5150779999999999
0.497527
0.450064
0.357782
0.20962999999999998
0.04807
0.0
0.0
0.0
0.0
0.0
0.0
0.0
0.0
0.0
0.0
0.0
0.0
0.14746700000000001
0.269973
0.380178
0.45260500000000004
0.491762
0.510123
0.512222
0.496332
0.449493
0.357173
0.206454
0.045817000000000004
0.0
0.0
0.0
0.0
0.0
0.0
0.0
0.0
0.0
0.0
0.0
0.0
0.120737
0.219769
0.301199
0.355383
0.38164600000000004
0.392383
0.384957
0.36009199999999997
0.306755
0.22470099999999998
0.120407
0.028769
0.0
0.0
0.0
0.0
0.0
0.0
0.0
0.0
0.0
0.0
0.0
0.0
0.028807
0.06873
0.111876
0.149477
0.17652500000000002
0.185841
0.17613800000000002
0.149241
0.11142400000000001
0.068336
0.029274
0.003527
0.0
0.0
0.0
0.0
0.0
0.0
0.0
0.0
0.0
0.0
0.0
0.0
0.131791
0.296843
0.445944
0.5413490000000001
0.588405
0.6149819999999999
0.624319
0.613548
0.562713
0.45669600000000005
0.28024
0.032161
0.0
0.0
0.0
0.0
0.0
0.0
0.0
0.0
0.0
0.0
0.0
0.0
0.12884299999999999
0.287343
0.435602
0.528693
0.5768300000000001
0.5968150000000001
0.60381
0.5926319999999999
0.5411079999999999
0.43628300000000003
0.26366199999999995
0.030996
0.0
0.0
0.0
0.0
0.0
0.0
0.0
0.0
0.0
0.0
0.0
0.0
0.130435
0.25898000000000004
0.37661900000000004
0.45516199999999996
0.493395
0.5096890000000001
0.509872
0.491228
0.44588099999999997
0.352658
0.200647
0.035889000000000004
0.0
0.0
0.0
0.0
0.0
0.0
0.0
0.0
0.0
0.0
0.0
0.0
0.119002
0.270808
0.406345
0.494037
0.527197
0.56028
0.5688110000000001
0.561022
0.5122129999999999
0.411901
0.246308
0.027617
0.0
0.0
0.0
0.0
0.0
0.0
0.0
0.0
0.0
0.0
0.0
0.0
0.116968
0.253815
0.380258
0.463517
0.500884
0.5253289999999999
0.530498
0.5191420000000001
0.472488
0.37615899999999997
0.217597
0.028798999999999998
0.0
0.0
0.0
0.0
0.0
0.0
0.0
0.0
0.0
0.0
0.0
0.0
0.109239
0.256713
0.39692099999999997
0.48767
0.530785
0.549765
0.554898
0.542764
0.492833
0.392262
0.228816
0.024682
0.0
0.0
0.0
0.0
0.0
0.0
0.0
0.0
0.0
0.0
0.0
0.0
0.105705
0.25408600000000003
0.39656
0.48937200000000003
0.532143
0.552721
0.5574690000000001
0.546063
0.49278
0.391128
0.22949799999999998
0.022691
0.0
0.0
0.0
0.0
0.0
0.0
0.0
0.0
0.0
0.0
0.0
0.0
0.11721899999999999
0.229012
0.33159
0.401884
0.436743
0.45376299999999997
0.445016
0.42250400000000005
0.36764199999999997
0.27620100000000003
0.144543
0.025756
0.0
0.0
0.0
0.0
0.0
0.0
0.0
0.0
0.0
0.0
0.0
0.0
0.098803
0.233716
0.366955
0.45672500000000005
0.505393
0.525967
0.5346069999999999
0.522517
0.473948
0.368771
0.204193
0.022154
0.0
0.0
0.0
0.0
0.0
0.0
0.0
0.0
0.0
0.0
0.0
0.0
0.099929
0.196761
0.277214
0.3406
0.372181
0.385932
0.376091
0.349391
0.294531
0.208756
0.103695
0.016536000000000002
0.0
0.0
0.0
0.0
0.0
0.0
0.0
0.0
0.0
0.0
0.0
0.0
0.007359
0.029843
0.061574
0.09435299999999999
0.118976
0.127416
0.118608
0.093678
0.060656
0.029227
0.007647
0.0
0.0
0.0
0.0
0.0
0.0
0.0
0.0
0.0
0.0
0.0
0.0
0.0
0.092374
0.216954
0.342117
0.42789499999999997
0.471196
0.484371
0.495113
0.48315800000000003
0.440567
0.335266
0.179529
0.01846
0.0
0.0
0.0
0.0
0.0
0.0
0.0
0.0
0.0
0.0
0.0
0.0
0.077421
0.16512100000000002
0.242155
0.298268
0.32972
0.33892700000000003
0.326947
0.29924900000000004
0.247149
0.16999899999999998
0.08067300000000001
0.010055999999999999
0.0
0.0
0.0
0.0
0.0
0.0
0.0
0.0
0.0
0.0
0.0
0.0
0.055957
0.128653
0.194667
0.242888
0.270795
0.28002
0.27126100000000003
0.243365
0.194862
0.12802699999999997
0.057881
0.005631000000000001
0.0
0.0
0.0
0.0
0.0
0.0
0.0
0.0
0.0
0.0
0.0
0.0
0.04267
0.103618
0.161358
0.205843
0.233413
0.241823
0.23252199999999998
0.20521799999999998
0.159511
0.102743
0.044392
0.003381
0.0
0.0
0.0
0.0
0.0
0.0
0.0
0.0
0.0
0.0
0.0
0.0
0.079035
0.198897
0.322187
0.40848700000000004
0.465355
0.48688
0.495681
0.48297
0.434558
0.32522500000000004
0.167541
0.013938
0.0
0.0
0.0
0.0
0.0
0.0
0.0
0.0
0.0
0.0
0.0
0.0
0.054810000000000005
0.2033
0.34628
0.447905
0.497928
0.5215460000000001
0.5278160000000001
0.513722
0.464812
0.348433
0.130424
0.010773999999999999
0.0
0.0
0.0
0.0
0.0
0.0
0.0
0.0
0.0
0.0
0.0
0.0
0.052935
0.19809100000000002
0.344072
0.44337
0.492996
0.508096
0.5174890000000001
0.501337
0.450729
0.335137
0.124977
0.009831
0.0
0.0
0.0
0.0
0.0
0.0
0.0
0.0
0.0
0.0
0.0
0.0
0.0063609999999999995
0.029846
0.061691
0.095071
0.119896
0.12978800000000001
0.119364
0.09415699999999999
0.060698999999999996
0.029311
0.006952
0.0
0.0
0.0
0.0
0.0
0.0
0.0
0.0
0.0
0.0
0.0
0.0
0.0
0.07095900000000001
0.16470500000000002
0.24374
0.298313
0.329606
0.342822
0.33430200000000004
0.30818
0.255165
0.174144
0.078596
0.006375
0.0
0.0
0.0
0.0
0.0
0.0
0.0
0.0
0.0
0.0
0.0
0.0
0.051938000000000005
0.17948599999999998
0.316532
0.413771
0.463208
0.481257
0.48687400000000003
0.472874
0.418714
0.306774
0.11431999999999999
0.008058999999999998
0.0
0.0
0.0
0.0
0.0
0.0
0.0
0.0
0.0
0.0
0.0
0.0
0.050142000000000006
0.173928
0.305564
0.405689
0.454138
0.474412
0.475175
0.45903
0.407565
0.294373
0.108508
0.006801
0.0
0.0
0.0
0.0
0.0
0.0
0.0
0.0
0.0
0.0
0.0
0.0
0.060348
0.15374700000000002
0.23517500000000002
0.291918
0.323376
0.331736
0.322913
0.29334899999999997
0.23909
0.15921700000000003
0.069658
0.004141
0.0
0.0
0.0
0.0
0.0
0.0
0.0
0.0
0.0
0.0
0.0
0.0
0.070348
0.177434
0.276422
0.344362
0.380001
0.384043
0.381096
0.3504
0.29331799999999997
0.20369900000000002
0.091644
0.005775000000000001
0.0
0.0
0.0
0.0
0.0
0.0
0.0
0.0
0.0
0.0
0.0
0.0
0.04068
0.163145
0.30324900000000005
0.404238
0.45676100000000003
0.469481
0.475813
0.457399
0.40247000000000005
0.288197
0.099503
0.004871
0.0
0.0
0.0
0.0
0.0
0.0
0.0
0.0
0.0
0.0
0.0
0.0
0.038655
0.15631899999999999
0.295389
0.395029
0.450726
0.461227
0.475918
0.458367
0.401479
0.283811
0.096874
0.004099
0.0
0.0
0.0
0.0
0.0
0.0
0.0
0.0
0.0
0.0
0.0
0.0
0.055917
0.15656899999999999
0.26429899999999995
0.347673
0.40620100000000003
0.426312
0.422599
0.39985000000000004
0.340903
0.23750200000000002
0.094735
0.004732999999999999
0.0
0.0
0.0
0.0
0.0
0.0
0.0
0.0
0.0
0.0
0.0
0.0
0.056419
0.16062200000000001
0.249863
0.314222
0.355481
0.367599
0.364468
0.339167
0.282874
0.190911
0.081543
0.003298
0.0
0.0
0.0
0.0
0.0
0.0
0.0
0.0
0.0
0.0
0.0
0.0
0.00808
0.039009999999999996
0.075642
0.111614
0.136912
0.146625
0.135608
0.108985
0.07368000000000001
0.037877
0.009991
0.0
0.0
0.0
0.0
0.0
0.0
0.0
0.0
0.0
0.0
0.0
0.0
0.0
0.048454000000000004
0.155434
0.246755
0.31297
0.35882400000000003
0.369124
0.36596100000000004
0.33619099999999996
0.280884
0.186665
0.078446
0.002432
0.0
0.0
0.0
0.0
0.0
0.0
0.0
0.0
0.0
0.0
0.0
0.0
0.027580999999999998
0.132021
0.26672
0.36469999999999997
0.42112299999999997
0.436158
0.443023
0.423354
0.359556
0.24697999999999998
0.078337
0.0
0.0
0.0
0.0
0.0
0.0
0.0
0.0
0.0
0.0
0.0
0.0
0.0
0.036365
0.137343
0.218855
0.278119
0.31056
0.321115
0.311837
0.28307299999999996
0.228019
0.147387
0.058212
0.00034
0.0
0.0
0.0
0.0
0.0
0.0
0.0
0.0
0.0
0.0
0.0
0.0
0.024504
0.104632
0.17227099999999998
0.222761
0.252484
0.261869
0.252521
0.223289
0.173867
0.107462
0.039417
0.0
0.0
0.0
0.0
0.0
0.0
0.0
0.0
0.0
0.0
0.0
0.0
0.0
0.021297
0.118654
0.249507
0.35090899999999997
0.407491
0.42607799999999996
0.43289
0.409445
0.345566
0.228064
0.068699
0.0
0.0
0.0
0.0
0.0
0.0
0.0
0.0
0.0
0.0
0.0
0.0
0.0
0.012622999999999999
0.073462
0.12664
0.17047
0.19795500000000002
0.207595
0.197539
0.169702
0.126411
0.074026
0.023954999999999997
0.0
0.0
0.0
0.0
0.0
0.0
0.0
0.0
0.0
0.0
0.0
0.0
0.0
0.002115
0.029175
0.061723999999999994
0.09558499999999999
0.12098
0.130349
0.120677
0.09491
0.061058999999999995
0.028832
0.0055839999999999996
0.0
0.0
0.0
0.0
0.0
0.0
0.0
0.0
0.0
0.0
0.0
0.0
0.0
0.021274
0.132197
0.217113
0.277737
0.314992
0.328449
0.319432
0.28767000000000004
0.231982
0.149023
0.056667
0.0
0.0
0.0
0.0
0.0
0.0
0.0
0.0
0.0
0.0
0.0
0.0
0.0
0.021969000000000002
0.13258699999999998
0.22520199999999999
0.29763
0.33885000000000004
0.351708
0.34668400000000005
0.318746
0.260996
0.166536
0.061418999999999994
0.0
0.0
0.0
0.0
0.0
0.0
0.0
0.0
0.0
0.0
0.0
0.0
0.0
0.018565
0.117194
0.19561699999999999
0.25264
0.284026
0.293616
0.285158
0.25655500000000003
0.203609
0.12678799999999998
0.044972
0.0
0.0
0.0
0.0
0.0
0.0
0.0
0.0
0.0
0.0
0.0
0.0
0.0
0.006723
0.050917000000000004
0.095525
0.13451400000000002
0.15927000000000002
0.167976
0.158445
0.132903
0.093998
0.050779000000000005
0.013553
0.0
0.0
0.0
0.0
0.0
0.0
0.0
0.0
0.0
0.0
0.0
0.0
0.0
0.016879
0.089615
0.206348
0.305286
0.360487
0.383122
0.383021
0.358044
0.290678
0.18182900000000002
0.048769
0.0
0.0
0.0
0.0
0.0
0.0
0.0
0.0
0.0
0.0
0.0
0.0
0.0
0.014538
0.104174
0.178969
0.232471
0.264141
0.272276
0.265644
0.23063999999999998
0.18040799999999999
0.110696
0.036368000000000004
0.0
0.0
0.0
0.0
0.0
0.0
0.0
0.0
0.0
0.0
0.0
0.0
0.0
0.008161
0.062693
0.11519499999999999
0.158496
0.186553
0.19474100000000003
0.186922
0.15926300000000002
0.116073
0.06484999999999999
0.017622
0.0
0.0
0.0
0.0
0.0
0.0
0.0
0.0
0.0
0.0
0.0
0.0
0.0
0.014965
0.112214
0.19569999999999999
0.25534
0.288725
0.298705
0.29076100000000005
0.260209
0.20402
0.125136
0.041033
0.0
0.0
0.0
0.0
0.0
0.0
0.0
0.0
0.0
0.0
0.0
0.0
0.0
0.02885
0.114631
0.204504
0.279916
0.323023
0.341022
0.32950799999999997
0.298599
0.236543
0.144651
0.047238
0.0
0.0
0.0
0.0
0.0
0.0
0.0
0.0
0.0
0.0
0.0
0.0
0.0
0.02773
0.11297
0.20062100000000002
0.274011
0.315081
0.32890199999999997
0.321666
0.28723899999999997
0.227604
0.13865799999999998
0.044378999999999995
0.0
0.0
0.0
0.0
0.0
0.0
0.0
0.0
0.0
0.0
0.0
0.0
0.0
0.020158000000000002
0.07563500000000001
0.179175
0.27324200000000004
0.327798
0.347019
0.348769
0.320253
0.25756799999999996
0.14822
0.032384
0.0
0.0
0.0
0.0
0.0
0.0
0.0
0.0
0.0
0.0
0.0
0.0
0.0
0.019048
0.071806
0.175672
0.270306
0.325749
0.348752
0.34480500000000003
0.316204
0.250862
0.143461
0.031102
0.0
0.0
0.0
0.0
0.0
0.0
0.0
0.0
0.0
0.0
0.0
0.0
0.0
0.023870000000000002
0.104941
0.190745
0.257245
0.29501
0.306848
0.299919
0.26938799999999996
0.211061
0.126259
0.038717
0.0
0.0
0.0
0.0
0.0
0.0
0.0
0.0
0.0
0.0
0.0
0.0
0.0
0.021725
0.10231399999999999
0.186912
0.248788
0.283629
0.29170100000000004
0.28543999999999997
0.251463
0.196275
0.117835
0.03462
0.0
0.0
0.0
0.0
0.0
0.0
0.0
0.0
0.0
0.0
0.0
0.0
0.0
0.022655
0.099411
0.18385900000000002
0.25407599999999997
0.29769999999999996
0.311683
0.304241
0.268058
0.208641
0.122485
0.035385
0.0
0.0
0.0
0.0
0.0
0.0
0.0
0.0
0.0
0.0
0.0
0.0
0.0
0.020842
0.097789
0.180657
0.24753899999999998
0.2841
0.296371
0.286793
0.25575
0.197737
0.116602
0.033078
0.0
0.0
0.0
0.0
0.0
0.0
0.0
0.0
0.0
0.0
0.0
0.0
0.0
0.013847
0.053511
0.15290600000000001
0.247434
0.304751
0.32519099999999995
0.325591
0.294255
0.223296
0.121707
0.022324
0.0
0.0
0.0
0.0
0.0
0.0
0.0
0.0
0.0
0.0
0.0
0.0
0.0
0.009529999999999999
0.068699
0.130768
0.17824700000000002
0.206852
0.21510300000000002
0.20605500000000002
0.177794
0.132193
0.07288700000000001
0.016329
0.0
0.0
0.0
0.0
0.0
0.0
0.0
0.0
0.0
0.0
0.0
0.0
0.0
0.01067
0.042683
0.143082
0.24244900000000003
0.300634
0.32518
0.322664
0.293173
0.22004200000000002
0.114761
0.017336999999999998
0.0
0.0
0.0
0.0
0.0
0.0
0.0
0.0
0.0
0.0
0.0
0.0
0.0
0.015336
0.057788
0.142451
0.234815
0.293844
0.31623
0.310968
0.278254
0.208561
0.10799800000000001
0.023586
0.0
0.0
0.0
0.0
0.0
0.0
0.0
0.0
0.0
0.0
0.0
0.0
0.0
0.015863
0.061869999999999994
0.144203
0.231661
0.287476
0.309536
0.30220199999999997
0.265265
0.19683699999999998
0.104838
0.023999
0.0
0.0
0.0
0.0
0.0
0.0
0.0
0.0
0.0
0.0
0.0
0.0
0.0
0.011483
0.045850999999999996
0.133408
0.22738999999999998
0.284614
0.308124
0.30152999999999996
0.26793599999999995
0.20031100000000002
0.09981100000000001
0.017606
0.0
0.0
0.0
0.0
0.0
0.0
0.0
0.0
0.0
0.0
0.0
0.0
0.0
0.013814
0.056089
0.134516
0.221383
0.277843
0.29874
0.290777
0.254611
0.185855
0.096593
0.020672999999999997
0.0
0.0
0.0
0.0
0.0
0.0
0.0
0.0
0.0
0.0
0.0
0.0
0.0
0.010058999999999998
0.038541
0.12573600000000001
0.219779
0.279522
0.30421
0.301548
0.268473
0.194519
0.092759
0.01563
0.0
0.0
0.0
0.0
0.0
0.0
0.0
0.0
0.0
0.0
0.0
0.0
0.0
0.009654999999999999
0.038019
0.121047
0.217331
0.276431
0.301551
0.298102
0.263808
0.189505
0.088958
0.01466
0.0
0.0
0.0
0.0
0.0
0.0
0.0
0.0
0.0
0.0
0.0
0.0
0.0
0.010519
0.0426
0.119897
0.208958
0.269638
0.293611
0.28626100000000004
0.250967
0.177778
0.084089
0.015723
0.0
0.0
0.0
0.0
0.0
0.0
0.0
0.0
0.0
0.0
0.0
0.0
0.0
0.0
0.058156
0.12036799999999999
0.16928200000000002
0.19897800000000002
0.209033
0.19945500000000002
0.17079
0.123298
0.063858
0.01062
0.0
0.0
0.0
0.0
0.0
0.0
0.0
0.0
0.0
0.0
0.0
0.0
0.0
0.0
0.071096
0.147601
0.206072
0.240274
0.252089
0.24424500000000002
0.214024
0.159971
0.08654
0.017015
0.0
0.0
0.0
0.0
0.0
0.0
0.0
0.0
0.0
0.0
0.0
0.0
0.0
0.0
0.06813899999999999
0.141701
0.210274
0.254044
0.272171
0.261017
0.22712700000000002
0.166376
0.087774
0.018178999999999997
0.0
0.0
0.0
0.0
0.0
0.0
0.0
0.0
0.0
0.0
0.0
0.0
0.0
0.0
0.065999
0.13689199999999999
0.206352
0.251083
0.265142
0.258516
0.22356700000000002
0.15933
0.08463599999999999
0.017353999999999998
0.0
0.0
0.0
0.0
0.0
0.0
0.0
0.0
0.0
0.0
0.0
0.0
0.0
0.0
0.0213
0.09089799999999999
0.18387299999999998
0.24247300000000002
0.27018000000000003
0.264087
0.23176
0.15734399999999998
0.064881
0.008459
0.0
0.0
0.0
0.0
0.0
0.0
0.0
0.0
0.0
0.0
0.0
0.0
0.0
0.0
0.019763000000000003
0.085991
0.17897200000000002
0.238163
0.262678
0.265199
0.228086
0.153806
0.061632
0.007809
0.0
0.0
0.0
0.0
0.0
0.0
0.0
0.0
0.0
0.0
0.0
0.0
0.0
0.0
0.061399
0.129893
0.199399
0.243979
0.25969600000000004
0.250077
0.216077
0.1549
0.078402
0.01479
0.0
0.0
0.0
0.0
0.0
0.0
0.0
0.0
0.0
0.0
0.0
0.0
0.0
0.0
0.062279
0.137746
0.197325
0.231814
0.244641
0.234633
0.203072
0.14776499999999998
0.077866
0.011848000000000001
0.0
0.0
0.0
0.0
0.0
0.0
0.0
0.0
0.0
0.0
0.0
0.0
0.0
0.0
0.061186
0.134036
0.19767500000000002
0.23666900000000002
0.247275
0.24101499999999998
0.20883600000000002
0.1517
0.078572
0.012615
0.0
0.0
0.0
0.0
0.0
0.0
0.0
0.0
0.0
0.0
0.0
0.0
0.0
0.0
0.022999
0.07904900000000001
0.162046
0.220028
0.244722
0.239956
0.204876
0.133419
0.038875
0.008131000000000001
0.0
0.0
0.0
0.0
0.0
0.0
0.0
0.0
0.0
0.0
0.0
0.0
0.0
0.0
0.023605
0.075007
0.15743700000000002
0.21493600000000002
0.241171
0.235874
0.200768
0.130876
0.03762
0.008009
0.0
0.0
0.0
0.0
0.0
0.0
0.0
0.0
0.0
0.0
0.0
0.0
0.0
0.0
0.052936
0.111683
0.179701
0.227292
0.242372
0.234642
0.19397999999999999
0.13354
0.06473000000000001
0.010792
0.0
0.0
0.0
0.0
0.0
0.0
0.0
0.0
0.0
0.0
0.0
0.0
0.0
0.0
0.050342
0.114978
0.165535
0.196166
0.203263
0.195011
0.16595
0.118173
0.057338
0.005082
0.0
0.0
0.0
0.0
0.0
0.0
0.0
0.0
0.0
0.0
0.0
0.0
0.0
0.0
0.051405
0.109584
0.174516
0.216879
0.23207
0.223512
0.192062
0.130473
0.063861
0.009278
0.0
0.0
0.0
0.0
0.0
0.0
0.0
0.0
0.0
0.0
0.0
0.0
0.0
0.0
0.046958
0.109689
0.160109
0.19018000000000002
0.19937
0.191219
0.16182400000000002
0.114468
0.05459000000000001
0.003671
0.0
0.0
0.0
0.0
0.0
0.0
0.0
0.0
0.0
0.0
0.0
0.0
0.0
0.0
0.05233
0.117604
0.179261
0.219915
0.234155
0.226216
0.193226
0.136964
0.067165
0.007241
0.0
0.0
0.0
0.0
0.0
0.0
0.0
0.0
0.0
0.0
0.0
0.0
0.0
0.0
0.051306
0.119925
0.178134
0.21407900000000002
0.225411
0.21906399999999998
0.183587
0.13132
0.066001
0.006405999999999999
0.0
0.0
0.0
0.0
0.0
0.0
0.0
0.0
0.0
0.0
0.0
0.0
0.0
0.0
0.036994
0.09056399999999999
0.135506
0.164346
0.17493799999999998
0.164947
0.13742
0.093452
0.042108
0.001605
0.0
0.0
0.0
0.0
0.0
0.0
0.0
0.0
0.0
0.0
0.0
0.0
0.0
0.0
0.01927
0.051149
0.131258
0.190725
0.215061
0.210532
0.17452299999999998
0.10312099999999999
0.024427
0.0036230000000000004
0.0
0.0
0.0
0.0
0.0
0.0
0.0
0.0
0.0
0.0
0.0
0.0
0.0
0.0
0.023656
0.050921999999999995
0.127386
0.185575
0.210583
0.202593
0.169526
0.100395
0.027015
0.003656
0.0
0.0
0.0
0.0
0.0
0.0
0.0
0.0
0.0
0.0
0.0
0.0
0.0
0.0
0.027591
0.055801
0.12601099999999998
0.185712
0.211188
0.20099
0.163609
0.096155
0.029942
0.003474
0.0
0.0
0.0
0.0
0.0
0.0
0.0
0.0
0.0
0.0
0.0
0.0
0.0
0.0
0.023115
0.046368
0.120082
0.177948
0.203602
0.19900700000000002
0.162663
0.094929
0.024668
0.002778
0.0
0.0
0.0
0.0
0.0
0.0
0.0
0.0
0.0
0.0
0.0
0.0
0.0
0.0
0.045488
0.09667
0.157672
0.20236099999999999
0.218919
0.209291
0.17329
0.11606100000000001
0.053807
0.0039700000000000004
0.0
0.0
0.0
0.0
0.0
0.0
0.0
0.0
0.0
0.0
0.0
0.0
0.0
0.0
0.024947
0.047281
0.11824599999999999
0.173862
0.19984100000000002
0.18967900000000001
0.152512
0.08726300000000001
0.026128
0.0025729999999999998
0.0
0.0
0.0
0.0
0.0
0.0
0.0
0.0
0.0
0.0
0.0
0.0
0.0
0.0
0.039415
0.0724
0.135853
0.187911
0.207591
0.197982
0.158849
0.098153
0.043976999999999995
0.0031469999999999996
0.0
0.0
0.0
0.0
0.0
0.0
0.0
0.0
0.0
0.0
0.0
0.0
0.0
0.0
0.04197
0.101396
0.152796
0.183625
0.19383799999999998
0.184954
0.156738
0.109048
0.049138
0.000589
0.0
0.0
0.0
0.0
0.0
0.0
0.0
0.0
0.0
0.0
0.0
0.0
0.0
0.0
0.035757
0.093497
0.141648
0.171433
0.181333
0.172232
0.143955
0.098342
0.042896000000000004
0.0
0.0
0.0
0.0
0.0
0.0
0.0
0.0
0.0
0.0
0.0
0.0
0.0
0.0
0.0
0.021736000000000002
0.062529
0.10204600000000001
0.129502
0.13986099999999999
0.129656
0.102508
0.064064
0.024041
0.0
0.0
0.0
0.0
0.0
0.0
0.0
0.0
0.0
0.0
0.0
0.0
0.0
0.0
0.0
0.028124
0.045054000000000004
0.108288
0.166519
0.192529
0.18168399999999998
0.141208
0.08093399999999999
0.028518
0.000859
0.0
0.0
0.0
0.0
0.0
0.0
0.0
0.0
0.0
0.0
0.0
0.0
0.0
0.0
0.019353000000000002
0.033658
0.097125
0.157984
0.18126599999999998
0.176126
0.139511
0.074702
0.017085
0.0
0.0
0.0
0.0
0.0
0.0
0.0
0.0
0.0
0.0
0.0
0.0
0.0
0.0
0.0
0.017906
0.031452
0.097855
0.155394
0.180235
0.174374
0.137263
0.07132599999999999
0.015401
0.0
0.0
0.0
0.0
0.0
0.0
0.0
0.0
0.0
0.0
0.0
0.0
0.0
0.0
0.0
0.034811999999999996
0.09497799999999999
0.146672
0.17911000000000002
0.189571
0.173747
0.145852
0.10305299999999999
0.044091
0.0
0.0
0.0
0.0
0.0
0.0
0.0
0.0
0.0
0.0
0.0
0.0
0.0
0.0
0.0
0.019356
0.030997
0.090986
0.151797
0.17622900000000002
0.17053100000000002
0.134397
0.06979
0.016143
0.0
0.0
0.0
0.0
0.0
0.0
0.0
0.0
0.0
0.0
0.0
0.0
0.0
0.0
0.0
0.035741999999999996
0.09670699999999999
0.15197
0.187108
0.199712
0.191291
0.160652
0.110793
0.049462000000000006
0.0
0.0
0.0
0.0
0.0
0.0
0.0
0.0
0.0
0.0
0.0
0.0
0.0
0.0
0.0
0.029138999999999998
0.084715
0.132608
0.162971
0.173549
0.164506
0.13616999999999999
0.09116500000000001
0.037325000000000004
0.0
0.0
0.0
0.0
0.0
0.0
0.0
0.0
0.0
0.0
0.0
0.0
0.0
0.0
0.0
0.028079
0.042681
0.097123
0.15037
0.17317
0.162172
0.12477200000000001
0.069036
0.026401
0.0
0.0
0.0
0.0
0.0
0.0
0.0
0.0
0.0
0.0
0.0
0.0
0.0
0.0
0.0
0.018834
0.027313
0.08074200000000001
0.135942
0.16276300000000002
0.157871
0.122292
0.062232
0.015151
0.0
0.0
0.0
0.0
0.0
0.0
0.0
0.0
0.0
0.0
0.0
0.0
0.0
0.0
0.0
0.020617
0.026831
0.0823
0.136443
0.162446
0.152952
0.116366
0.061766
0.015969
0.0
0.0
0.0
0.0
0.0
0.0
0.0
0.0
0.0
0.0
0.0
0.0
0.0
0.0
0.0
0.017704
0.060062
0.099017
0.125324
0.134442
0.125719
0.099773
0.061994999999999995
0.021856999999999998
0.0
0.0
0.0
0.0
0.0
0.0
0.0
0.0
0.0
0.0
0.0
0.0
0.0
0.0
0.0
0.014134
0.020949000000000002
0.075727
0.130989
0.158879
0.15053
0.116038
0.05603
0.011587
0.0
0.0
0.0
0.0
0.0
0.0
0.0
0.0
0.0
0.0
0.0
0.0
0.0
0.0
0.0
0.013492
0.020178
0.07436100000000001
0.12969
0.158238
0.14963900000000002
0.11481
0.055036999999999996
0.012179
0.0
0.0
0.0
0.0
0.0
0.0
0.0
0.0
0.0
0.0
0.0
0.0
0.0
0.0
0.0
0.014296
0.021739
0.07521299999999999
0.13066399999999997
0.154972
0.149671
0.114246
0.054764
0.016399
0.0
0.0
0.0
0.0
0.0
0.0
0.0
0.0
0.0
0.0
0.0
0.0
0.0
0.0
0.0
0.016946000000000003
0.023231
0.074279
0.128864
0.155199
0.14994200000000002
0.115
0.056505
0.019491
0.0
0.0
0.0
0.0
0.0
0.0
0.0
0.0
0.0
0.0
0.0
0.0
0.0
0.0
0.0
0.02432
0.050074
0.098625
0.15021700000000002
0.17172300000000001
0.162116
0.122938
0.069229
0.034987000000000004
0.0
0.0
0.0
0.0
0.0
0.0
0.0
0.0
0.0
0.0
0.0
0.0
0.0
0.0
0.0
0.013789
0.022509
0.072487
0.12737300000000001
0.151951
0.146965
0.112233
0.053841
0.017253
0.0
0.0
0.0
0.0
0.0
0.0
0.0
0.0
0.0
0.0
0.0
0.0
0.0
0.0
0.0
0.016538
0.027287
0.075643
0.129727
0.157085
0.147969
0.11119499999999999
0.057904000000000004
0.021165
0.0
0.0
0.0
0.0
0.0
0.0
0.0
0.0
0.0
0.0
0.0
0.0
0.0
0.0
0.0
0.019651
0.076997
0.124932
0.155379
0.16590100000000002
0.157432
0.129095
0.084245
0.032695
0.0
0.0
0.0
0.0
0.0
0.0
0.0
0.0
0.0
0.0
0.0
0.0
0.0
0.0
0.0
0.020878
0.047388
0.094492
0.147341
0.170067
0.16064699999999998
0.120631
0.066813
0.033886
0.0
0.0
0.0
0.0
0.0
0.0
0.0
0.0
0.0
0.0
0.0
0.0
0.0
0.0
0.0
0.010255
0.018782
0.06550700000000001
0.120339
0.149148
0.14216800000000002
0.108053
0.049944
0.015121
0.0
0.0
0.0
0.0
0.0
0.0
0.0
0.0
0.0
0.0
0.0
0.0
0.0
0.0
0.0
0.020201
0.084696
0.13855
0.172898
0.18528899999999998
0.177917
0.148726
0.100104
0.041836
0.0
0.0
0.0
0.0
0.0
0.0
0.0
0.0
0.0
0.0
0.0
0.0
0.0
0.0
0.0
0.020793
0.075159
0.12417199999999999
0.16728
0.184263
0.170598
0.138349
0.08946
0.041233
0.0
0.0
0.0
0.0
0.0
0.0
0.0
0.0
0.0
0.0
0.0
0.0
0.0
0.0
0.0
0.014396
0.07213800000000001
0.117885
0.147505
0.157584
0.14815799999999998
0.12104999999999999
0.07843000000000001
0.028507
0.0
0.0
0.0
0.0
0.0
0.0
0.0
0.0
0.0
0.0
0.0
0.0
0.0
0.0
0.0
0.007962
0.015745
0.060348
0.115134
0.143821
0.142246
0.10387099999999999
0.046437
0.013474
0.0
0.0
0.0
0.0
0.0
0.0
0.0
0.0
0.0
0.0
0.0
0.0
0.0
0.0
0.0
0.017775
0.056638
0.100209
0.14789
0.17256
0.158368
0.121601
0.071455
0.036212
0.0
0.0
0.0
0.0
0.0
0.0
0.0
0.0
0.0
0.0
0.0
0.0
0.0
0.0
0.0
0.014772
0.07379000000000001
0.120682
0.150175
0.159955
0.15096700000000002
0.12345
0.079944
0.030435
0.0
0.0
0.0
0.0
0.0
0.0
0.0
0.0
0.0
0.0
0.0
0.0
0.0
0.0
0.0
0.018941
0.07794799999999999
0.128554
0.168183
0.18515700000000002
0.175863
0.13894800000000002
0.090082
0.040809
0.0
0.0
0.0
0.0
0.0
0.0
0.0
0.0
0.0
0.0
0.0
0.0
0.0
0.0
0.0
0.012539999999999999
0.027623
0.069422
0.120842
0.14751
0.13977099999999998
0.104836
0.050773000000000006
0.021440999999999998
0.0
0.0
0.0
0.0
0.0
0.0
0.0
0.0
0.0
0.0
0.0
0.0
0.0
0.0
0.0
0.014513
0.035402
0.076128
0.130077
0.156448
0.14559
0.108044
0.055441000000000004
0.028562
0.0
0.0
0.0
0.0
0.0
0.0
0.0
0.0
0.0
0.0
0.0
0.0
0.0
0.0
0.0
0.011075
0.020627
0.062484000000000005
0.115746
0.144142
0.140211
0.106239
0.051134
0.017725
0.0
0.0
0.0
0.0
0.0
0.0
0.0
0.0
0.0
0.0
0.0
0.0
0.0
0.0
0.0
0.013147
0.027541
0.067384
0.123523
0.15021299999999999
0.141767
0.10691500000000001
0.053346
0.025161000000000003
0.0
0.0
0.0
0.0
0.0
0.0
0.0
0.0
0.0
0.0
0.0
0.0
0.0
0.0
0.0
0.016849
0.082641
0.135679
0.169043
0.181611
0.173345
0.144679
0.097339
0.04043
0.0
0.0
0.0
0.0
0.0
0.0
0.0
0.0
0.0
0.0
0.0
0.0
0.0
0.0
0.0
0.017356000000000003
0.08353100000000001
0.13767
0.17391
0.188535
0.179833
0.145422
0.097638
0.043252000000000006
0.0
0.0
0.0
0.0
0.0
0.0
0.0
0.0
0.0
0.0
0.0
0.0
0.0
0.0
0.0
0.015348
0.077893
0.126446
0.156999
0.167648
0.159221
0.130801
0.08542100000000001
0.032951
0.0
0.0
0.0
0.0
0.0
0.0
0.0
0.0
0.0
0.0
0.0
0.0
0.0
0.0
0.0
0.01669
0.08213899999999999
0.13536199999999998
0.17047800000000002
0.181823
0.176397
0.147991
0.10106699999999999
0.041865
0.0
0.0
0.0
0.0
0.0
0.0
0.0
0.0
0.0
0.0
0.0
0.0
0.0
0.0
0.0
0.011682
0.063859
0.106878
0.13497800000000001
0.146083
0.136522
0.109298
0.069035
0.023842
0.0
0.0
0.0
0.0
0.0
0.0
0.0
0.0
0.0
0.0
0.0
0.0
0.0
0.0
0.0
0.015227000000000001
0.07529000000000001
0.12270600000000001
0.154331
0.16559200000000002
0.15675899999999998
0.129102
0.084403
0.032937
0.0
0.0
0.0
0.0
0.0
0.0
0.0
0.0
0.0
0.0
0.0
0.0
0.0
0.0
0.0
0.017783999999999998
0.060039
0.103672
0.154125
0.173819
0.16063999999999998
0.125592
0.075678
0.037912999999999995
0.0
0.0
0.0
0.0
0.0
0.0
0.0
0.0
0.0
0.0
0.0
0.0
0.0
0.0
0.0
0.016767
0.08274899999999999
0.137055
0.17207499999999998
0.184357
0.176832
0.148625
0.10026099999999999
0.041645
0.0
0.0
0.0
0.0
0.0
0.0
0.0
0.0
0.0
0.0
0.0
0.0
0.0
0.0
0.0
0.013752
0.07031799999999999
0.116596
0.14610900000000002
0.156307
0.147734
0.120224
0.076976
0.028651
0.0
0.0
0.0
0.0
0.0
0.0
0.0
0.0
0.0
0.0
0.0
0.0
0.0
0.0
0.0
0.017710999999999998
0.080251
0.132152
0.16427
0.175928
0.168565
0.141428
0.095205
0.039138
0.0
0.0
0.0
0.0
0.0
0.0
0.0
0.0
0.0
0.0
0.0
0.0
0.0
0.0
0.0
0.016684
0.081297
0.13084800000000002
0.161885
0.17166
0.16495400000000002
0.137078
0.091506
0.036649
0.0
0.0
0.0
0.0
0.0
0.0
0.0
0.0
0.0
0.0
0.0
0.0
0.0
0.0
0.0
0.014471
0.033395
0.07773000000000001
0.134285
0.161008
0.15331299999999998
0.11658700000000001
0.064565
0.026239000000000002
0.0
0.0
0.0
0.0
0.0
0.0
0.0
0.0
0.0
0.0
0.0
0.0
0.0
0.0
0.0
0.018844
0.064946
0.111788
0.162046
0.18268
0.17350800000000002
0.13385
0.082447
0.040385
0.0
0.0
0.0
0.0
0.0
0.0
0.0
0.0
0.0
0.0
0.0
0.0
0.0
0.0
0.0
0.019498
0.051737000000000005
0.098888
0.151208
0.174428
0.165804
0.128007
0.075022
0.030843
0.0
0.0
0.0
0.0
0.0
0.0
0.0
0.0
0.0
0.0
0.0
0.0
0.0
0.0
0.0
0.018095
0.047581000000000005
0.093038
0.14715899999999998
0.171192
0.16438999999999998
0.125708
0.072267
0.028679
0.0
0.0
0.0
0.0
0.0
0.0
0.0
0.0
0.0
0.0
0.0
0.0
0.0
0.0
0.0
0.014747999999999999
0.030565000000000002
0.075674
0.133714
0.162923
0.155455
0.121911
0.06548000000000001
0.019403
0.0
0.0
0.0
0.0
0.0
0.0
0.0
0.0
0.0
0.0
0.0
0.0
0.0
0.0
0.0
0.010686999999999999
0.018965
0.07043300000000001
0.128954
0.15990700000000002
0.155032
0.123059
0.06388
0.013888
0.0
0.0
0.0
0.0
0.0
0.0
0.0
0.0
0.0
0.0
0.0
0.0
0.0
0.0
0.0
0.015837
0.029615
0.080262
0.140034
0.16817500000000002
0.161266
0.127326
0.069983
0.021241
0.0
0.0
0.0
0.0
0.0
0.0
0.0
0.0
0.0
0.0
0.0
0.0
0.0
0.0
0.0
0.013972
0.027120000000000002
0.079946
0.137505
0.16687200000000002
0.160881
0.12678799999999998
0.07257599999999999
0.019190000000000002
0.0
0.0
0.0
0.0
0.0
0.0
0.0
0.0
0.0
0.0
0.0
0.0
0.0
0.0
0.0
0.018969999999999997
0.036843
0.089321
0.148369
0.174691
0.16772700000000001
0.130228
0.075859
0.026535
0.0
0.0
0.0
0.0
0.0
0.0
0.0
0.0
0.0
0.0
0.0
0.0
0.0
0.0
0.0
0.012749
0.02122
0.07782800000000001
0.137251
0.16759200000000002
0.163737
0.13211699999999998
0.071878
0.015115
0.0
0.0
0.0
0.0
0.0
0.0
0.0
0.0
0.0
0.0
0.0
0.0
0.0
0.0
0.0
0.018112
0.033453000000000004
0.08500400000000001
0.145176
0.174082
0.167919
0.13408899999999999
0.075536
0.022355
0.0
0.0
0.0
0.0
0.0
0.0
0.0
0.0
0.0
0.0
0.0
0.0
0.0
0.0
0.0
0.026156
0.061953
0.11509699999999999
0.167796
0.193636
0.18131
0.145753
0.091002
0.041023000000000004
0.0010869999999999999
0.0
0.0
0.0
0.0
0.0
0.0
0.0
0.0
0.0
0.0
0.0
0.0
0.0
0.0
0.020894
0.078794
0.125801
0.155434
0.166802
0.15642599999999998
0.128475
0.084895
0.034786000000000004
0.0
0.0
0.0
0.0
0.0
0.0
0.0
0.0
0.0
0.0
0.0
0.0
0.0
0.0
0.0
0.026265999999999998
0.09519
0.152552
0.188558
0.20253200000000002
0.19451400000000002
0.16511099999999998
0.114441
0.052768999999999996
0.0011719999999999999
0.0
0.0
0.0
0.0
0.0
0.0
0.0
0.0
0.0
0.0
0.0
0.0
0.0
0.0
0.029769999999999998
0.093026
0.151339
0.192521
0.209614
0.20217400000000002
0.171503
0.117596
0.054601
0.001885
0.0
0.0
0.0
0.0
0.0
0.0
0.0
0.0
0.0
0.0
0.0
0.0
0.0
0.0
0.01722
0.026350000000000002
0.091574
0.15340600000000001
0.182264
0.181221
0.14981899999999998
0.085945
0.019213
0.000501
0.0
0.0
0.0
0.0
0.0
0.0
0.0
0.0
0.0
0.0
0.0
0.0
0.0
0.0
0.020434
0.027944
0.092281
0.155263
0.187871
0.186476
0.154097
0.090411
0.022265
0.0012430000000000002
0.0
0.0
0.0
0.0
0.0
0.0
0.0
0.0
0.0
0.0
0.0
0.0
0.0
0.0
0.017664000000000003
0.027992
0.095691
0.157801
0.187527
0.18734800000000001
0.155631
0.091109
0.021241
0.001247
0.0
0.0
0.0
0.0
0.0
0.0
0.0
0.0
0.0
0.0
0.0
0.0
0.0
0.0
0.015015
0.02686
0.09620000000000001
0.158468
0.19059399999999999
0.187224
0.156751
0.091465
0.020723
0.0012250000000000002
0.0
0.0
0.0
0.0
0.0
0.0
0.0
0.0
0.0
0.0
0.0
0.0
0.0
0.0
0.024769
0.038436
0.103615
0.165388
0.19471
0.18868600000000002
0.155834
0.09439700000000001
0.029847000000000002
0.003222
0.0
0.0
0.0
0.0
0.0
0.0
0.0
0.0
0.0
0.0
0.0
0.0
0.0
0.0
0.031923
0.0586
0.12151
0.17865899999999998
0.201298
0.197913
0.16075299999999998
0.10116
0.040310000000000006
0.003932
0.0
0.0
0.0
0.0
0.0
0.0
0.0
0.0
0.0
0.0
0.0
0.0
0.0
0.0
0.031571
0.050411000000000004
0.118144
0.181033
0.210458
0.203435
0.165935
0.105832
0.038543
0.004225
0.0
0.0
0.0
0.0
0.0
0.0
0.0
0.0
0.0
0.0
0.0
0.0
0.0
0.0
0.027493
0.044239
0.115383
0.18040799999999999
0.210598
0.20515199999999997
0.172044
0.107617
0.034481000000000005
0.004358
0.0
0.0
0.0
0.0
0.0
0.0
0.0
0.0
0.0
0.0
0.0
0.0
0.0
0.0
0.035558
0.058273000000000005
0.127533
0.18880699999999997
0.21521600000000002
0.208202
0.170933
0.109044
0.042222
0.005721
0.0
0.0
0.0
0.0
0.0
0.0
0.0
0.0
0.0
0.0
0.0
0.0
0.0
0.0
0.023806
0.040146999999999995
0.11579099999999999
0.17887799999999998
0.20652099999999998
0.207571
0.176063
0.111683
0.030512
0.00417
0.0
0.0
0.0
0.0
0.0
0.0
0.0
0.0
0.0
0.0
0.0
0.0
0.0
0.0
0.040769
0.07638800000000001
0.14427199999999998
0.199539
0.223228
0.21407400000000001
0.17865
0.11706399999999999
0.050605
0.007037
0.0
0.0
0.0
0.0
0.0
0.0
0.0
0.0
0.0
0.0
0.0
0.0
0.0
0.0
0.018805
0.041428
0.122487
0.18641300000000002
0.217097
0.214837
0.18418199999999998
0.118018
0.030478
0.004198
0.0
0.0
0.0
0.0
0.0
0.0
0.0
0.0
0.0
0.0
0.0
0.0
0.0
0.0
0.03742
0.06492
0.13833199999999998
0.19978800000000002
0.226157
0.21883000000000002
0.181827
0.11932999999999999
0.046691
0.007224
0.0
0.0
0.0
0.0
0.0
0.0
0.0
0.0
0.0
0.0
0.0
0.0
0.0
0.0
0.027558
0.054668999999999995
0.133429
0.195629
0.22458099999999998
0.22028299999999998
0.187006
0.125914
0.039345
0.0065060000000000005
0.0
0.0
0.0
0.0
0.0
0.0
0.0
0.0
0.0
0.0
0.0
0.0
0.0
0.0
0.027802
0.05715
0.137034
0.19914199999999999
0.22545099999999998
0.223018
0.190381
0.128935
0.040962000000000005
0.007208999999999999
0.0
0.0
0.0
0.0
0.0
0.0
0.0
0.0
0.0
0.0
0.0
0.0
0.0
0.0
0.023781
0.06497199999999999
0.10268000000000001
0.129645
0.138035
0.12884299999999999
0.101592
0.064795
0.025620999999999998
0.0
0.0
0.0
0.0
0.0
0.0
0.0
0.0
0.0
0.0
0.0
0.0
0.0
0.0
0.0
0.051255
0.11761100000000001
0.18415399999999998
0.228306
0.24508000000000002
0.236394
0.199433
0.142768
0.074169
0.010163
0.0
0.0
0.0
0.0
0.0
0.0
0.0
0.0
0.0
0.0
0.0
0.0
0.0
0.0
0.051226
0.113594
0.181199
0.228465
0.24506999999999998
0.237536
0.203426
0.144196
0.0707
0.010662000000000001
0.0
0.0
0.0
0.0
0.0
0.0
0.0
0.0
0.0
0.0
0.0
0.0
0.0
0.0
0.048098
0.098201
0.170151
0.228206
0.250792
0.23940999999999998
0.20441800000000002
0.141839
0.068465
0.011464
0.0
0.0
0.0
0.0
0.0
0.0
0.0
0.0
0.0
0.0
0.0
0.0
0.0
0.0
0.041936
0.08639100000000001
0.16422399999999998
0.223906
0.249889
0.243061
0.207059
0.14206200000000002
0.060338
0.011694000000000001
0.0
0.0
0.0
0.0
0.0
0.0
0.0
0.0
0.0
0.0
0.0
0.0
0.0
0.0
0.013771
0.06114
0.15600899999999998
0.226679
0.258659
0.258351
0.22476
0.153358
0.043364
0.0062169999999999994
0.0
0.0
0.0
0.0
0.0
0.0
0.0
0.0
0.0
0.0
0.0
0.0
0.0
0.0
0.015661
0.06645000000000001
0.16189699999999999
0.22712200000000002
0.256772
0.26020800000000005
0.22486099999999998
0.154708
0.043872999999999995
0.006851
0.0
0.0
0.0
0.0
0.0
0.0
0.0
0.0
0.0
0.0
0.0
0.0
0.0
0.0
0.05752
0.135056
0.19948
0.23852
0.25235
0.243286
0.21209999999999998
0.154938
0.082048
0.013602
0.0
0.0
0.0
0.0
0.0
0.0
0.0
0.0
0.0
0.0
0.0
0.0
0.0
0.0
0.05799
0.138589
0.199155
0.24151
0.255017
0.242448
0.212032
0.156499
0.083098
0.014567
0.0
0.0
0.0
0.0
0.0
0.0
0.0
0.0
0.0
0.0
0.0
0.0
0.0
0.0
0.017089
0.076996
0.174631
0.245167
0.273776
0.277326
0.242934
0.17017500000000002
0.073972
0.008334
0.0
0.0
0.0
0.0
0.0
0.0
0.0
0.0
0.0
0.0
0.0
0.0
0.0
0.0
0.022243
0.084158
0.180334
0.244808
0.274444
0.27307600000000004
0.24340799999999999
0.172507
0.077607
0.009714
0.0
0.0
0.0
0.0
0.0
0.0
0.0
0.0
0.0
0.0
0.0
0.0
0.0
0.0
0.030294
0.09131600000000001
0.182923
0.244385
0.270236
0.266259
0.23504
0.170682
0.078794
0.012455
0.0
0.0
0.0
0.0
0.0
0.0
0.0
0.0
0.0
0.0
0.0
0.0
0.0
0.0
0.033209
0.095922
0.18751099999999998
0.248804
0.277126
0.272916
0.241249
0.175613
0.082533
0.013682999999999999
0.0
0.0
0.0
0.0
0.0
0.0
0.0
0.0
0.0
0.0
0.0
0.0
0.0
0.0
0.034279000000000004
0.09855599999999999
0.18914699999999998
0.248596
0.277123
0.272776
0.242857
0.17884
0.08542
0.014522
0.0
0.0
0.0
0.0
0.0
0.0
0.0
0.0
0.0
0.0
0.0
0.0
0.0
0.0
0.036770000000000004
0.106184
0.198928
0.260368
0.28713
0.282565
0.250295
0.1845
0.08993999999999999
0.015568
0.0
0.0
0.0
0.0
0.0
0.0
0.0
0.0
0.0
0.0
0.0
0.0
0.0
0.0
0.07218899999999999
0.147666
0.22260400000000002
0.270509
0.285341
0.278134
0.24376
0.178567
0.099843
0.021881
0.0
0.0
0.0
0.0
0.0
0.0
0.0
0.0
0.0
0.0
0.0
0.0
0.0
0.0
0.076034
0.149154
0.206572
0.238695
0.248234
0.239064
0.209695
0.158155
0.087117
0.01924
0.0
0.0
0.0
0.0
0.0
0.0
0.0
0.0
0.0
0.0
0.0
0.0
0.0
0.0
0.039472
0.085598
0.124962
0.15160200000000001
0.158486
0.15054800000000002
0.123477
0.08484900000000001
0.040506
0.005716000000000001
0.0
0.0
0.0
0.0
0.0
0.0
0.0
0.0
0.0
0.0
0.0
0.0
0.0
0.010541
0.03886
0.123496
0.217884
0.279021
0.30364800000000003
0.303416
0.273216
0.202431
0.10129300000000001
0.016361999999999998
0.0
0.0
0.0
0.0
0.0
0.0
0.0
0.0
0.0
0.0
0.0
0.0
0.0
0.015981
0.058046999999999994
0.135733
0.223962
0.28153300000000003
0.305107
0.298858
0.263065
0.19690000000000002
0.105646
0.024135
0.0
0.0
0.0
0.0
0.0
0.0
0.0
0.0
0.0
0.0
0.0
0.0
0.0
0.010222
0.036439
0.133152
0.238285
0.30293400000000004
0.332933
0.3348
0.301504
0.225789
0.11681399999999999
0.016783000000000003
0.0
0.0
0.0
0.0
0.0
0.0
0.0
0.0
0.0
0.0
0.0
0.0
0.0
0.011652
0.039265999999999995
0.137919
0.240876
0.30345
0.33088999999999996
0.32957
0.300519
0.227268
0.119254
0.018888000000000002
0.0
0.0
0.0
0.0
0.0
0.0
0.0
0.0
0.0
0.0
0.0
0.0
0.0
0.015691
0.05482
0.145948
0.24065899999999998
0.302236
0.328206
0.323021
0.291896
0.22340100000000002
0.119908
0.024675
0.0
0.0
0.0
0.0
0.0
0.0
0.0
0.0
0.0
0.0
0.0
0.0
0.0
0.016178
0.055051
0.148807
0.245258
0.30331400000000003
0.32563600000000004
0.321359
0.29028899999999996
0.224271
0.12084
0.025218
0.0
0.0
0.0
0.0
0.0
0.0
0.0
0.0
0.0
0.0
0.0
0.0
0.0
0.017275
0.061159
0.155768
0.247421
0.306522
0.326732
0.322278
0.29176799999999997
0.224099
0.123837
0.026758
0.0
0.0
0.0
0.0
0.0
0.0
0.0
0.0
0.0
0.0
0.0
0.0
0.0
0.022209
0.08444700000000001
0.169648
0.25267
0.30404899999999996
0.31938
0.31441399999999997
0.281443
0.217011
0.124821
0.034013
0.0
0.0
0.0
0.0
0.0
0.0
0.0
0.0
0.0
0.0
0.0
0.0
0.0
0.023193000000000002
0.087582
0.17465199999999997
0.255718
0.305923
0.319178
0.316
0.283711
0.219776
0.127935
0.035566
0.0
0.0
0.0
0.0
0.0
0.0
0.0
0.0
0.0
0.0
0.0
0.0
0.0
0.018965
0.09844599999999999
0.170933
0.225643
0.256279
0.26577999999999996
0.256523
0.228176
0.176053
0.104411
0.030139
0.0
0.0
0.0
0.0
0.0
0.0
0.0
0.0
0.0
0.0
0.0
0.0
0.0
0.025041
0.105452
0.188262
0.25527500000000003
0.293599
0.30801999999999996
0.299284
0.268945
0.20654
0.12658
0.039151000000000005
0.0
0.0
0.0
0.0
0.0
0.0
0.0
0.0
0.0
0.0
0.0
0.0
0.0
0.021529
0.080645
0.179151
0.273555
0.332214
0.35572699999999996
0.35192700000000005
0.318284
0.25024
0.14369300000000002
0.035854
0.0
0.0
0.0
0.0
0.0
0.0
0.0
0.0
0.0
0.0
0.0
0.0
0.0
0.017345
0.072999
0.18690199999999998
0.289069
0.34919
0.3713
0.375846
0.348426
0.27668
0.159476
0.030593
0.0
0.0
0.0
0.0
0.0
0.0
0.0
0.0
0.0
0.0
0.0
0.0
0.0
0.014394
0.11620699999999999
0.2018
0.26631
0.301325
0.313544
0.303516
0.272355
0.210738
0.130175
0.041722
0.0
0.0
0.0
0.0
0.0
0.0
0.0
0.0
0.0
0.0
0.0
0.0
0.0
0.015544
0.119695
0.208399
0.282221
0.326487
0.34294600000000003
0.33252499999999996
0.296983
0.234196
0.144234
0.048686999999999994
0.0
0.0
0.0
0.0
0.0
0.0
0.0
0.0
0.0
0.0
0.0
0.0
0.0
0.018194
0.11830800000000001
0.21137799999999998
0.29274700000000003
0.33845
0.35304599999999997
0.34730700000000003
0.311241
0.24643199999999998
0.151268
0.04911
0.0
0.0
0.0
0.0
0.0
0.0
0.0
0.0
0.0
0.0
0.0
0.0
0.0
0.017614
0.126232
0.213477
0.28132999999999997
0.317879
0.330152
0.321351
0.290935
0.231333
0.144044
0.049460000000000004
0.0
0.0
0.0
0.0
0.0
0.0
0.0
0.0
0.0
0.0
0.0
0.0
0.0
0.018486
0.100632
0.210323
0.300516
0.35358
0.375096
0.36865
0.33980099999999996
0.27015300000000003
0.165989
0.048189
0.0
0.0
0.0
0.0
0.0
0.0
0.0
0.0
0.0
0.0
0.0
0.0
0.0
0.007008
0.048612999999999996
0.092391
0.131516
0.158639
0.168293
0.15811
0.131177
0.092014
0.048981000000000004
0.012665
0.0
0.0
0.0
0.0
0.0
0.0
0.0
0.0
0.0
0.0
0.0
0.0
0.0
0.025376000000000003
0.11031999999999999
0.226823
0.31929700000000005
0.373816
0.392571
0.38905
0.3589
0.290402
0.179014
0.053954999999999996
0.0
0.0
0.0
0.0
0.0
0.0
0.0
0.0
0.0
0.0
0.0
0.0
0.0
0.02594
0.111336
0.23718799999999998
0.334957
0.387975
0.39913
0.405381
0.376545
0.307917
0.19089699999999998
0.053878
0.0
0.0
0.0
0.0
0.0
0.0
0.0
0.0
0.0
0.0
0.0
0.0
0.0
0.033498
0.123683
0.19663
0.253946
0.285077
0.29567200000000005
0.286005
0.256976
0.204542
0.12754000000000001
0.046319000000000006
0.0
0.0
0.0
0.0
0.0
0.0
0.0
0.0
0.0
0.0
0.0
0.0
0.0
0.015172000000000001
0.060366
0.108433
0.149454
0.176657
0.187218
0.17727099999999998
0.15016
0.108419
0.060738999999999994
0.018073
0.0
0.0
0.0
0.0
0.0
0.0
0.0
0.0
0.0
0.0
0.0
0.0
0.0
0.041271
0.13429400000000002
0.21560200000000002
0.274708
0.30759
0.316
0.310421
0.28125
0.224827
0.14352299999999998
0.054034
0.0
0.0
0.0
0.0
0.0
0.0
0.0
0.0
0.0
0.0
0.0
0.0
0.0
0.050894
0.152151
0.247521
0.319444
0.360671
0.374534
0.366152
0.331957
0.269186
0.175132
0.068968
0.0
0.0
0.0
0.0
0.0
0.0
0.0
0.0
0.0
0.0
0.0
0.0
0.0
0.053272
0.153841
0.254214
0.331505
0.37389100000000003
0.387382
0.38044900000000004
0.346518
0.282361
0.18541999999999997
0.073108
0.0
0.0
0.0
0.0
0.0
0.0
0.0
0.0
0.0
0.0
0.0
0.0
0.0
0.053499000000000005
0.152655
0.241166
0.305193
0.34322199999999997
0.355068
0.34270100000000003
0.314052
0.255807
0.16722499999999998
0.067054
0.0
0.0
0.0
0.0
0.0
0.0
0.0
0.0
0.0
0.0
0.0
0.0
0.0
0.052994
0.15403
0.26892200000000005
0.356383
0.40501600000000004
0.418202
0.415016
0.38489100000000004
0.31934500000000005
0.20826499999999998
0.075253
0.0
0.0
0.0
0.0
0.0
0.0
0.0
0.0
0.0
0.0
0.0
0.0
0.0
0.061787999999999996
0.164303
0.258738
0.327926
0.365244
0.376058
0.368305
0.335973
0.275032
0.18282400000000001
0.075886
0.000417
0.0
0.0
0.0
0.0
0.0
0.0
0.0
0.0
0.0
0.0
0.0
0.0
0.058817
0.164638
0.27924099999999996
0.368219
0.416195
0.431836
0.42436799999999997
0.39476100000000003
0.325646
0.216755
0.081479
0.000923
0.0
0.0
0.0
0.0
0.0
0.0
0.0
0.0
0.0
0.0
0.0
0.0
0.053142
0.168847
0.29935500000000004
0.391048
0.43914600000000004
0.455229
0.453899
0.428942
0.35771800000000004
0.238173
0.081353
0.001281
0.0
0.0
0.0
0.0
0.0
0.0
0.0
0.0
0.0
0.0
0.0
0.0
0.053092
0.173981
0.30517500000000003
0.39799
0.44305399999999995
0.452007
0.45669400000000004
0.43357799999999996
0.362996
0.243894
0.082744
0.00213
0.0
0.0
0.0
0.0
0.0
0.0
0.0
0.0
0.0
0.0
0.0
0.0
0.07275
0.180804
0.28547500000000003
0.367526
0.409237
0.426865
0.41751499999999997
0.388952
0.324822
0.218804
0.09126000000000001
0.003068
0.0
0.0
0.0
0.0
0.0
0.0
0.0
0.0
0.0
0.0
0.0
0.0
0.068009
0.180269
0.297657
0.377262
0.422037
0.436581
0.437828
0.412341
0.347856
0.23552199999999998
0.092277
0.0039369999999999995
0.0
0.0
0.0
0.0
0.0
0.0
0.0
0.0
0.0
0.0
0.0
0.0
0.080623
0.185189
0.280934
0.34815199999999996
0.392947
0.401922
0.40131700000000003
0.374014
0.31341
0.212992
0.095066
0.004834
0.0
0.0
0.0
0.0
0.0
0.0
0.0
0.0
0.0
0.0
0.0
0.0
0.061144
0.19851400000000002
0.325627
0.41389499999999996
0.45620499999999997
0.479155
0.47585
0.45574200000000004
0.389327
0.26919600000000005
0.093527
0.005097000000000001
0.0
0.0
0.0
0.0
0.0
0.0
0.0
0.0
0.0
0.0
0.0
0.0
0.061634999999999995
0.208445
0.33822800000000003
0.432387
0.473922
0.490507
0.488315
0.465294
0.39899599999999996
0.2772
0.094247
0.005258
0.0
0.0
0.0
0.0
0.0
0.0
0.0
0.0
0.0
0.0
0.0
0.0
0.066245
0.209551
0.341231
0.42499000000000003
0.46224400000000004
0.472197
0.47804399999999997
0.456129
0.39552800000000005
0.274561
0.09698000000000001
0.006627
0.0
0.0
0.0
0.0
0.0
0.0
0.0
0.0
0.0
0.0
0.0
0.0
0.08626
0.191405
0.281928
0.346682
0.376321
0.381642
0.37447199999999997
0.345782
0.291006
0.198803
0.09196299999999999
0.007347
0.0
0.0
0.0
0.0
0.0
0.0
0.0
0.0
0.0
0.0
0.0
0.0
0.092649
0.204774
0.305602
0.377133
0.410722
0.42158100000000004
0.411931
0.38182900000000003
0.323738
0.22634
0.105455
0.009401999999999999
0.0
0.0
0.0
0.0
0.0
0.0
0.0
0.0
0.0
0.0
0.0
0.0
0.081536
0.22897399999999998
0.364291
0.45284800000000003
0.493744
0.507148
0.504595
0.482264
0.414529
0.29241
0.112255
0.011054999999999999
0.0
0.0
0.0
0.0
0.0
0.0
0.0
0.0
0.0
0.0
0.0
0.0
0.098579
0.239809
0.37191199999999996
0.457714
0.487606
0.508591
0.506654
0.48586599999999996
0.4208
0.299008
0.143996
0.011800000000000001
0.0
0.0
0.0
0.0
0.0
0.0
0.0
0.0
0.0
0.0
0.0
0.0
0.106931
0.229326
0.343468
0.417269
0.45160199999999995
0.461347
0.45524400000000004
0.42986
0.368998
0.262519
0.128488
0.013887
0.0
0.0
0.0
0.0
0.0
0.0
0.0
0.0
0.0
0.0
0.0
0.008338
0.104901
0.215459
0.316098
0.381855
0.416233
0.420546
0.412421
0.38151799999999997
0.32353699999999996
0.22792500000000002
0.112747
0.014007
0.0
0.0
0.0
0.0
0.0
0.0
0.0
0.0
0.0
0.0
0.0
0.008841
0.109599
0.252887
0.382688
0.46392700000000003
0.498807
0.510737
0.506087
0.483252
0.421173
0.303776
0.150906
0.013938
0.0
0.0
0.0
0.0
0.0
0.0
0.0
0.0
0.0
0.0
0.0
0.008438000000000001
0.111095
0.255836
0.384872
0.464836
0.496981
0.509929
0.507309
0.485362
0.42392399999999997
0.307225
0.154796
0.013854
0.0
0.0
0.0
0.0
0.0
0.0
0.0
0.0
0.0
0.0
0.0
0.023524
0.131439
0.277578
0.399204
0.471792
0.502008
0.517817
0.517934
0.491044
0.42049400000000003
0.286534
0.089923
0.0
0.0
0.0
0.0
0.0
0.0
0.0
0.0
0.0
0.0
0.0
0.0
0.01846
0.095389
0.16453700000000002
0.22390000000000002
0.261775
0.280399
0.280521
0.262168
0.224682
0.16693799999999998
0.096746
0.031145
0.0
0.0
0.0
0.0
0.0
0.0
0.0
0.0
0.0
0.0
0.0
0.0
0.009367
0.058184
0.109558
0.157335
0.193185
0.211425
0.209958
0.190736
0.154531
0.107157
0.057754
0.016294
0.0
0.0
0.0
0.0
0.0
0.0
0.0
0.0
0.0
0.0
0.0
0.0
0.028717
0.151032
0.30059600000000003
0.425199
0.49704000000000004
0.5306259999999999
0.545045
0.5474349999999999
0.522302
0.45109899999999997
0.31218
0.102146
0.0
0.0
0.0
0.0
0.0
0.0
0.0
0.0
0.0
0.0
0.0
0.0
0.040346
0.168721
0.275891
0.362115
0.414597
0.436287
0.439724
0.424683
0.382454
0.310661
0.19893100000000002
0.073985
4e-05
0.0
0.0
0.0
0.0
0.0
0.0
0.0
0.0
0.0
0.0
0.0
0.032951999999999995
0.160935
0.305643
0.427947
0.49834300000000004
0.530606
0.548972
0.548885
0.525716
0.44970699999999997
0.313607
0.107855
6.1e-05
0.0
0.0
0.0
0.0
0.0
0.0
0.0
0.0
0.0
0.0
0.0
0.006253999999999999
0.043549
0.086839
0.12832
0.161599
0.178647
0.178892
0.160094
0.126593
0.084725
0.042796999999999995
0.011544
0.0
0.0
0.0
0.0
0.0
0.0
0.0
0.0
0.0
0.0
0.0
0.0
0.04355
0.176381
0.305454
0.41281799999999996
0.476322
0.494317
0.5141870000000001
0.504692
0.476344
0.401825
0.27456
0.103506
0.002218
0.0
0.0
0.0
0.0
0.0
0.0
0.0
0.0
0.0
0.0
0.0
0.045898
0.18221199999999999
0.307411
0.409993
0.470817
0.497255
0.504223
0.49506
0.459249
0.389854
0.264122
0.102852
0.002284
0.0
0.0
0.0
0.0
0.0
0.0
0.0
0.0
0.0
0.0
0.0
0.043037
0.18474600000000002
0.327021
0.44167399999999996
0.505723
0.531941
0.550145
0.549705
0.523474
0.45246600000000003
0.318894
0.118265
0.003098
0.0
0.0
0.0
0.0
0.0
0.0
0.0
0.0
0.0
0.0
0.0
0.051601999999999995
0.17941900000000002
0.279977
0.358224
0.405899
0.42719799999999997
0.429079
0.40988
0.372618
0.299372
0.19377799999999998
0.076299
0.002419
0.0
0.0
0.0
0.0
0.0
0.0
0.0
0.0
0.0
0.0
0.0
0.014528000000000001
0.070049
0.12381199999999999
0.171911
0.20796
0.22706
0.226769
0.20778
0.171433
0.123333
0.069353
0.023879
0.0
0.0
0.0
0.0
0.0
0.0
0.0
0.0
0.0
0.0
0.0
0.0
0.058414
0.186129
0.288324
0.36723500000000003
0.412474
0.434465
0.433621
0.418196
0.381109
0.310954
0.20436600000000002
0.083055
0.003911
0.0
0.0
0.0
0.0
0.0
0.0
0.0
0.0
0.0
0.0
0.0
0.0605
0.18824100000000002
0.291038
0.369317
0.413059
0.434201
0.429847
0.413999
0.37312799999999996
0.309338
0.204725
0.084005
0.0040999999999999995
0.0
0.0
0.0
0.0
0.0
0.0
0.0
0.0
0.0
0.0
0.0
0.062079999999999996
0.189856
0.291408
0.370496
0.41678899999999997
0.436154
0.437201
0.416308
0.378438
0.30729700000000004
0.202097
0.083763
0.00488
0.0
0.0
0.0
0.0
0.0
0.0
0.0
0.0
0.0
0.0
0.0
0.05029
0.16386099999999998
0.254062
0.32241899999999996
0.36347500000000005
0.383406
0.38316
0.365024
0.325259
0.25806999999999997
0.16550399999999998
0.06795399999999999
0.003018
0.0
0.0
0.0
0.0
0.0
0.0
0.0
0.0
0.0
0.0
0.0
0.05951
0.213231
0.35500400000000004
0.46441000000000004
0.526598
0.557547
0.576705
0.577922
0.556944
0.485317
0.356611
0.139827
0.007862000000000001
0.0
0.0
0.0
0.0
0.0
0.0
0.0
0.0
0.0
0.0
0.0
0.043241999999999996
0.124074
0.196072
0.25432499999999997
0.29173899999999997
0.311547
0.31123700000000004
0.29352300000000003
0.255591
0.196018
0.121752
0.048572000000000004
0.001988
0.0
0.0
0.0
0.0
0.0
0.0
0.0
0.0
0.0
0.0
0.0
0.09595699999999999
0.21443
0.332521
0.423921
0.477238
0.501463
0.50499
0.494863
0.460281
0.391769
0.27366399999999996
0.120283
0.008917
0.0
0.0
0.0
0.0
0.0
0.0
0.0
0.0
0.0
0.0
0.0
0.110271
0.215804
0.328836
0.42089299999999996
0.47156200000000004
0.493439
0.49467700000000003
0.483143
0.447704
0.378486
0.261343
0.115548
0.009862
0.0
0.0
0.0
0.0
0.0
0.0
0.0
0.0
0.0
0.0
0.0
0.094431
0.229358
0.363496
0.46800200000000003
0.528418
0.558899
0.568645
0.565136
0.5398809999999999
0.470901
0.34456200000000003
0.145844
0.01165
0.0
0.0
0.0
0.0
0.0
0.0
0.0
0.0
0.0
0.0
0.0
0.082513
0.246976
0.400904
0.5135259999999999
0.576217
0.608726
0.6218980000000001
0.62188
0.5953160000000001
0.523956
0.392315
0.158955
0.012709
0.0
0.0
0.0
0.0
0.0
0.0
0.0
0.0
0.0
0.0
0.0
0.11594499999999999
0.237313
0.364143
0.46525900000000003
0.521985
0.54937
0.5565650000000001
0.550739
0.522192
0.452604
0.329151
0.145179
0.01374
0.0
0.0
0.0
0.0
0.0
0.0
0.0
0.0
0.0
0.0
0.0
0.073842
0.158662
0.24100200000000002
0.306207
0.34769799999999995
0.368805
0.368909
0.350062
0.307447
0.24213200000000001
0.15668600000000002
0.06721200000000001
0.005919
0.0
0.0
0.0
0.0
0.0
0.0
0.0
0.0
0.0
0.0
0.0
0.074247
0.15737299999999999
0.238936
0.300004
0.340928
0.360244
0.363203
0.34576999999999997
0.30331
0.240278
0.15521100000000002
0.06742100000000001
0.0058319999999999995
0.0
0.0
0.0
0.0
0.0
0.0
0.0
0.0
0.0
0.0
0.0
0.12369
0.24251699999999998
0.366642
0.46319600000000005
0.518503
0.5418160000000001
0.549535
0.543064
0.5156900000000001
0.444839
0.322737
0.148033
0.015542
0.0
0.0
0.0
0.0
0.0
0.0
0.0
0.0
0.0
0.0
0.0
0.10201
0.201274
0.291468
0.366185
0.408187
0.430459
0.428053
0.412257
0.373591
0.305284
0.20615799999999998
0.093507
0.010413
0.0
0.0
0.0
0.0
0.0
0.0
0.0
0.0
0.0
0.0
0.0
0.114384
0.269539
0.41945299999999996
0.5265489999999999
0.585659
0.616515
0.6278619999999999
0.627961
0.6053780000000001
0.535584
0.40948
0.214905
0.017498999999999997
0.0
0.0
0.0
0.0
0.0
0.0
0.0
0.0
0.0
0.0
0.0
0.125899
0.258226
0.395778
0.49368900000000004
0.551172
0.579306
0.58731
0.581115
0.552254
0.48373
0.357966
0.177003
0.01948
0.0
0.0
0.0
0.0
0.0
0.0
0.0
0.0
0.0
0.0
0.0
0.134904
0.239386
0.349842
0.43259699999999995
0.479147
0.496947
0.49898899999999996
0.484883
0.447349
0.376359
0.265409
0.125756
0.017073
0.0
0.0
0.0
0.0
0.0
0.0
0.0
0.0
0.0
0.0
0.0
0.124723
0.277671
0.422114
0.51959
0.5754600000000001
0.589687
0.609731
0.607362
0.59374
0.5189980000000001
0.398048
0.20844100000000002
0.021008
0.0
0.0
0.0
0.0
0.0
0.0
0.0
0.0
0.0
0.0
0.0
0.043289
0.102248
0.162774
0.217575
0.25441800000000003
0.276248
0.273984
0.254006
0.215076
0.162131
0.09986
0.041701999999999996
0.003761
0.0
0.0
0.0
0.0
0.0
0.0
0.0
0.0
0.0
0.0
0.0
0.127463
0.276208
0.41789499999999996
0.511026
0.5689489999999999
0.583202
0.609544
0.609972
0.5935710000000001
0.520648
0.398238
0.207142
0.023357
0.0
0.0
0.0
0.0
0.0
0.0
0.0
0.0
0.0
0.0
0.0
0.141944
0.255959
0.369955
0.454385
0.503483
0.524328
0.530145
0.5214589999999999
0.492614
0.42433699999999996
0.306455
0.15006
0.022765
0.0
0.0
0.0
0.0
0.0
0.0
0.0
0.0
0.0
0.0
0.0
0.061017
0.131232
0.20261099999999999
0.258768
0.297409
0.316242
0.315467
0.29536599999999996
0.25602800000000003
0.197281
0.126922
0.05632
0.007475
0.0
0.0
0.0
0.0
0.0
0.0
0.0
0.0
0.0
0.0
0.0
0.14729599999999998
0.264138
0.383523
0.47069099999999997
0.524241
0.5468529999999999
0.555509
0.546104
0.516711
0.44713400000000003
0.327535
0.16447399999999998
0.026004000000000003
0.0
0.0
0.0
0.0
0.0
0.0
0.0
0.0
0.0
0.0
0.0
0.147865
0.28189
0.41162
0.5021100000000001
0.5559299999999999
0.580175
0.5872419999999999
0.580472
0.556027
0.487244
0.36662900000000004
0.187689
0.028444
0.0
0.0
0.0
0.0
0.0
0.0
0.0
0.0
0.0
0.0
0.0
0.138102
0.238679
0.344518
0.414772
0.456812
0.47176999999999997
0.47377600000000003
0.4581
0.423755
0.354132
0.2494
0.12162099999999999
0.021029
0.0
0.0
0.0
0.0
0.0
0.0
0.0
0.0
0.0
0.0
0.0
0.08189
0.16403299999999998
0.243916
0.306796
0.346283
0.364816
0.364047
0.344644
0.30137400000000003
0.239226
0.157788
0.074098
0.012012
0.0
0.0
0.0
0.0
0.0
0.0
0.0
0.0
0.0
0.0
0.0
0.035537
0.084554
0.13789500000000002
0.186576
0.222216
0.242559
0.24131899999999998
0.221796
0.184933
0.136988
0.082716
0.035116999999999995
0.003519
0.0
0.0
0.0
0.0
0.0
0.0
0.0
0.0
0.0
0.0
0.0
0.14611500000000002
0.29699200000000003
0.432635
0.5303089999999999
0.590183
0.62206
0.634116
0.634687
0.60993
0.543894
0.420593
0.23235499999999998
0.034652
0.0
0.0
0.0
0.0
0.0
0.0
0.0
0.0
0.0
0.0
0.0
0.15349700000000002
0.28347500000000003
0.408134
0.49854000000000004
0.5534560000000001
0.580078
0.58765
0.584254
0.5584
0.49377699999999997
0.374913
0.19816999999999999
0.035566
0.0
0.0
0.0
0.0
0.0
0.0
0.0
0.0
0.0
0.0
0.0
0.147475
0.251196
0.352451
0.42886599999999997
0.471216
0.49119999999999997
0.48471
0.468157
0.42643200000000003
0.362772
0.25588900000000003
0.127377
0.025155
0.0
0.0
0.0
0.0
0.0
0.0
0.0
0.0
0.0
0.0
0.0
0.152387
0.26487299999999997
0.37134500000000004
0.454698
0.503512
0.52975
0.531995
0.524448
0.492691
0.43057
0.315471
0.16304
0.031509
0.0
0.0
0.0
0.0
0.0
0.0
0.0
0.0
0.0
0.0
0.0
0.022824999999999998
0.05962
0.103914
0.14746299999999998
0.182249
0.202514
0.202214
0.182141
0.147558
0.103487
0.059097000000000004
0.023384000000000002
0.0014470000000000002
0.0
0.0
0.0
0.0
0.0
0.0
0.0
0.0
0.0
0.0
0.0
0.162658
0.268679
0.38339100000000004
0.453892
0.500255
0.513111
0.5261979999999999
0.514266
0.482336
0.41337
0.300359
0.15440700000000002
0.031633
0.0
0.0
0.0
0.0
0.0
0.0
0.0
0.0
0.0
0.0
0.0
0.16696
0.331415
0.477433
0.5728300000000001
0.628191
0.65949
0.671389
0.674608
0.655441
0.5950449999999999
0.474078
0.283765
0.040570999999999996
0.0
0.0
0.0
0.0
0.0
0.0
0.0
0.0
0.0
0.0
0.0
0.16880099999999998
0.282724
0.404346
0.485794
0.534987
0.553932
0.558712
0.545891
0.512428
0.443865
0.32544
0.16952099999999998
0.035726999999999995
0.0
0.0
0.0
0.0
0.0
0.0
0.0
0.0
0.0
0.0
0.0
0.088089
0.212134
0.332596
0.425408
0.48160000000000003
0.50636
0.518659
0.512276
0.49016699999999996
0.43641
0.346372
0.217701
0.083491
0.0007019999999999999
0.0
0.0
0.0
0.0
0.0
0.0
0.0
0.0
0.0
0.0
0.020862
0.066163
0.12146599999999999
0.175465
0.21847999999999998
0.246424
0.255011
0.2444
0.214952
0.171713
0.118786
0.06464400000000001
0.021292000000000002
0.0
0.0
0.0
0.0
0.0
0.0
0.0
0.0
0.0
0.0
0.0
0.11708199999999999
0.311788
0.468317
0.578037
0.643294
0.6695180000000001
0.6861900000000001
0.685337
0.6755950000000001
0.61775
0.515914
0.35845
0.13580899999999999
0.0021709999999999998
0.0
0.0
0.0
0.0
0.0
0.0
0.0
0.0
0.0
0.0
0.117967
0.313755
0.473343
0.574732
0.632082
0.65554
0.663524
0.6611319999999999
0.6486839999999999
0.598167
0.502841
0.349794
0.13377699999999998
0.0024590000000000002
0.0
0.0
0.0
0.0
0.0
0.0
0.0
0.0
0.0
0.0
0.026365
0.080216
0.14111
0.19856800000000002
0.243861
0.27202800000000005
0.28099799999999997
0.27154500000000004
0.241904
0.197293
0.139856
0.07902200000000001
0.026585
0.0
0.0
0.0
0.0
0.0
0.0
0.0
0.0
0.0
0.0
0.0
0.09433499999999999
0.21890600000000002
0.34076999999999996
0.433869
0.490413
0.51988
0.5276770000000001
0.521679
0.49592899999999995
0.443846
0.35287
0.22403800000000001
0.088374
0.0017549999999999998
0.0
0.0
0.0
0.0
0.0
0.0
0.0
0.0
0.0
0.0
0.102383
0.23295500000000002
0.361042
0.449849
0.5061519999999999
0.5353880000000001
0.5459769999999999
0.541274
0.5184489999999999
0.47186700000000004
0.381551
0.24798599999999998
0.09763
0.002588
0.0
0.0
0.0
0.0
0.0
0.0
0.0
0.0
0.0
0.0
0.12132299999999999
0.309975
0.46331900000000004
0.5651079999999999
0.621319
0.6428339999999999
0.6499539999999999
0.6460990000000001
0.628653
0.578994
0.48596300000000003
0.340749
0.13353700000000002
0.004019
0.0
0.0
0.0
0.0
0.0
0.0
0.0
0.0
0.0
0.0
0.003899
0.023094
0.052827
0.089987
0.12690099999999999
0.15285200000000002
0.16281700000000002
0.15337299999999998
0.127358
0.090277
0.053127
0.023428
0.004296
0.0
0.0
0.0
0.0
0.0
0.0
0.0
0.0
0.0
0.0
0.0
0.034887
0.096181
0.16392500000000002
0.225312
0.271513
0.30056499999999997
0.308966
0.29973099999999997
0.27032799999999996
0.22351
0.161163
0.093556
0.034014
0.0
0.0
0.0
0.0
0.0
0.0
0.0
0.0
0.0
0.0
0.0
0.058156
0.144977
0.234873
0.30935700000000005
0.360783
0.389794
0.398734
0.390246
0.36194600000000005
0.312231
0.23833500000000002
0.144654
0.055542
0.00107
0.0
0.0
0.0
0.0
0.0
0.0
0.0
0.0
0.0
0.0
0.096553
0.217872
0.341371
0.42825599999999997
0.484404
0.5149389999999999
0.523471
0.517145
0.486748
0.44061900000000004
0.349026
0.22542500000000001
0.090954
0.0048920000000000005
0.0
0.0
0.0
0.0
0.0
0.0
0.0
0.0
0.0
0.0
0.120865
0.265218
0.40604700000000005
0.504332
0.5641849999999999
0.588288
0.604577
0.6005940000000001
0.5842780000000001
0.534081
0.44122
0.296882
0.122922
0.006737
0.0
0.0
0.0
0.0
0.0
0.0
0.0
0.0
0.0
0.0
0.058376
0.145005
0.233626
0.30723700000000004
0.35839499999999996
0.387777
0.396201
0.387863
0.358665
0.308231
0.230936
0.140692
0.054909
0.00198
0.0
0.0
0.0
0.0
0.0
0.0
0.0
0.0
0.0
0.0
0.114055
0.251135
0.37845100000000004
0.475716
0.531241
0.560919
0.568219
0.5656509999999999
0.545742
0.497728
0.406841
0.26842099999999997
0.11269199999999999
0.007206000000000001
0.0
0.0
0.0
0.0
0.0
0.0
0.0
0.0
0.0
0.0
0.114048
0.251855
0.384349
0.48189299999999996
0.54128
0.5724170000000001
0.5788139999999999
0.575367
0.5528869999999999
0.504073
0.41200400000000004
0.271524
0.113853
0.00737
0.0
0.0
0.0
0.0
0.0
0.0
0.0
0.0
0.0
0.0
0.114458
0.247327
0.37778100000000003
0.476826
0.53516
0.568246
0.571627
0.567766
0.543734
0.49801100000000004
0.406478
0.267429
0.11242100000000001
0.008133
0.0
0.0
0.0
0.0
0.0
0.0
0.0
0.0
0.0
0.0
0.128547
0.31813400000000003
0.473043
0.573429
0.644083
0.6719109999999999
0.69849
0.70156
0.693086
0.644131
0.547822
0.39538799999999996
0.15771700000000002
0.009464
0.0
0.0
0.0
0.0
0.0
0.0
0.0
0.0
0.0
0.0
0.110419
0.237529
0.36179
0.452067
0.506802
0.5299539999999999
0.539837
0.533912
0.5190349999999999
0.468208
0.379443
0.249875
0.10416
0.008242000000000001
0.0
0.0
0.0
0.0
0.0
0.0
0.0
0.0
0.0
0.0
0.011188
0.040261000000000005
0.07846299999999999
0.122101
0.160492
0.188131
0.196547
0.186969
0.159378
0.120821
0.07746299999999999
0.039507
0.011463
0.0
0.0
0.0
0.0
0.0
0.0
0.0
0.0
0.0
0.0
0.0
0.050914
0.125802
0.204151
0.271297
0.318564
0.347654
0.35408100000000003
0.345404
0.316133
0.269606
0.20233299999999999
0.122436
0.048091
0.001659
0.0
0.0
0.0
0.0
0.0
0.0
0.0
0.0
0.0
0.0
0.128518
0.320909
0.478135
0.5887830000000001
0.655908
0.68844
0.701474
0.7030689999999999
0.684243
0.639291
0.542763
0.39617899999999995
0.160625
0.010806
0.0
0.0
0.0
0.0
0.0
0.0
0.0
0.0
0.0
0.0
0.10544100000000001
0.223501
0.340293
0.43214800000000003
0.489783
0.523141
0.528788
0.524867
0.5007780000000001
0.45132
0.361966
0.233457
0.096589
0.0075439999999999995
0.0
0.0
0.0
0.0
0.0
0.0
0.0
0.0
0.0
0.0
0.12620699999999999
0.263721
0.40239299999999995
0.487648
0.551517
0.574502
0.601812
0.602274
0.588503
0.541396
0.448864
0.30482600000000004
0.12889099999999998
0.010464000000000001
0.0
0.0
0.0
0.0
0.0
0.0
0.0
0.0
0.0
0.0
0.071853
0.166095
0.26477
0.342089
0.392721
0.419693
0.429668
0.420054
0.394395
0.34051600000000004
0.262293
0.16353700000000002
0.06513
0.00396
0.0
0.0
0.0
0.0
0.0
0.0
0.0
0.0
0.0
0.0
0.132156
0.305136
0.444452
0.5518730000000001
0.6137469999999999
0.648554
0.653439
0.6556559999999999
0.647007
0.5988559999999999
0.509654
0.362217
0.15046
0.011751
0.0
0.0
0.0
0.0
0.0
0.0
0.0
0.0
0.0
0.0
0.011672
0.039886000000000005
0.078868
0.122351
0.160888
0.188496
0.19697900000000002
0.187414
0.159639
0.12125100000000001
0.078071
0.039487
0.012216
0.0
0.0
0.0
0.0
0.0
0.0
0.0
0.0
0.0
0.0
0.0
0.014661
0.048419
0.091569
0.136633
0.17575100000000002
0.201746
0.211391
0.20200800000000002
0.174881
0.13530699999999998
0.090078
0.046825000000000006
0.01502
0.0
0.0
0.0
0.0
0.0
0.0
0.0
0.0
0.0
0.0
0.0
0.07337600000000001
0.167522
0.267441
0.34372699999999995
0.39495600000000003
0.419949
0.428265
0.419387
0.391217
0.33859300000000003
0.259936
0.162302
0.065031
0.004477
0.0
0.0
0.0
0.0
0.0
0.0
0.0
0.0
0.0
0.0
0.10863500000000001
0.223965
0.340279
0.429628
0.48577499999999996
0.5144679999999999
0.5205
0.515169
0.49400499999999997
0.44483100000000003
0.35878
0.232185
0.097118
0.008446
0.0
0.0
0.0
0.0
0.0
0.0
0.0
0.0
0.0
0.0
0.122464
0.248635
0.37846199999999997
0.47738600000000003
0.5373
0.5685950000000001
0.577332
0.574841
0.554362
0.508252
0.417708
0.277344
0.11787399999999999
0.010635
0.0
0.0
0.0
0.0
0.0
0.0
0.0
0.0
0.0
0.0
0.13175499999999998
0.31382
0.46908999999999995
0.568769
0.6332409999999999
0.6646
0.685824
0.692396
0.680569
0.6376620000000001
0.544411
0.39710700000000004
0.163803
0.012147
0.0
0.0
0.0
0.0
0.0
0.0
0.0
0.0
0.0
0.0
0.129643
0.265755
0.400578
0.495273
0.5547859999999999
0.586149
0.597537
0.597759
0.587523
0.545362
0.457489
0.313454
0.134161
0.011734
0.0
0.0
0.0
0.0
0.0
0.0
0.0
0.0
0.0
0.0
0.134496
0.30804899999999996
0.466145
0.5763189999999999
0.6454160000000001
0.679756
0.690764
0.692353
0.678056
0.6303070000000001
0.5328959999999999
0.379531
0.156778
0.01256
0.0
0.0
0.0
0.0
0.0
0.0
0.0
0.0
0.0
0.0
0.09482299999999999
0.21041200000000002
0.321408
0.408638
0.464464
0.492634
0.498888
0.488742
0.46014
0.40663900000000003
0.319817
0.20121
0.083554
0.006397
0.0
0.0
0.0
0.0
0.0
0.0
0.0
0.0
0.0
0.0
0.12839099999999998
0.260544
0.39624000000000004
0.493134
0.5519109999999999
0.5790019999999999
0.5878369999999999
0.585866
0.570718
0.5238780000000001
0.43520600000000004
0.29600400000000004
0.125743
0.010859
0.0
0.0
0.0
0.0
0.0
0.0
0.0
0.0
0.0
0.0
0.133825
0.27283999999999997
0.404539
0.51005
0.5723630000000001
0.611124
0.61981
0.623282
0.609105
0.56794
0.477858
0.330206
0.14162200000000003
0.011533
0.0
0.0
0.0
0.0
0.0
0.0
0.0
0.0
0.0
0.0
0.127472
0.29676600000000003
0.437726
0.5390069999999999
0.601675
0.642405
0.656109
0.665885
0.664628
0.62413
0.5365800000000001
0.386651
0.16250299999999998
0.011656000000000001
0.0
0.0
0.0
0.0
0.0
