0.0
0.0
0.0
0.0
0.0
0.0014759999999999999
0.001434
0.021911
0.022041
0.04224
0.052537
0.031464
0.047664
0.011085000000000001
0.021234000000000003
0.01333
0.001325
0.0
2e-06
0.0
0.0
0.0
0.0
0.0
0.0
0.0
0.0
0.0
0.0
0.0
0.0
0.0
0.001332
0.027331
0.08160200000000001
0.100384
0.07316
0.058106000000000005
0.056167
0.037662999999999995
0.040301000000000003
0.026328
3e-06
0.0
0.0
0.0
0.0
0.0
0.0
0.0
0.0
0.0
0.0
0.0
0.0
0.0
0.028062
0.045968
0.09789
0.06857899999999999
0.097951
0.041887
0.033037
0.025582
0.04256
0.015879
0.0014039999999999999
0.0
0.0
0.0
0.0
0.0
0.0
0.0
0.0
0.0
0.0
0.0
0.046767
0.039456000000000005
0.005784
0.060016
0.097513
0.156363
0.12590200000000001
0.169494
0.271084
0.240842
0.12818100000000002
0.211921
0.11603
0.039103
0.0
0.0
0.0
0.0
0.0
0.0
0.0
0.0
0.0
0.0
0.016045999999999998
0.176792
0.353208
0.438829
0.48851799999999995
0.670453
0.5609310000000001
0.599744
0.574947
0.506591
0.549012
0.303388
0.10190099999999999
0.128282
0.0
0.0
0.0
0.0
0.0
0.0
0.0
0.0
0.0
0.031031
0.206533
0.29941
0.461508
0.253898
0.47608100000000003
0.6387079999999999
0.627488
0.653857
0.626414
0.5793339999999999
0.502433
0.399815
0.274113
0.133344
0.0
0.0
0.0
0.0
0.0
0.0
0.0
0.0
0.0
0.010783
0.222976
0.152302
0.230155
0.307724
0.453624
0.45477100000000004
0.461931
0.6960839999999999
0.629537
0.584361
0.504009
0.26840600000000003
0.281843
0.126215
0.0
0.0
0.0
0.0
0.0
0.0
0.0
0.0
0.0
0.004838
0.10124599999999999
0.214959
0.17444800000000002
0.27277300000000004
0.30787400000000004
0.254024
0.317612
0.26125
0.106495
0.136463
0.110476
0.052524999999999995
0.016345
0.001212
0.0
0.0
0.0
0.0
0.0
0.0
0.0
0.0
0.0
0.0
0.007507
0.032993
0.026504
0.042323
0.023809
0.040148
0.151008
0.320319
0.309425
0.265681
0.168536
0.046841
0.06442700000000001
0.024058
0.0
0.0
0.0
0.0
0.0
0.0
0.0
0.0
0.0
0.0
0.16356800000000002
0.308624
0.419875
0.503485
0.549682
0.409554
0.11757
0.024888
0.011215
0.052622999999999996
0.12865100000000002
0.168368
0.17108099999999998
0.100423
0.0
0.0
0.0
0.0
0.0
0.0
0.0
0.0
0.0
0.004527
0.132908
0.283933
0.31529
0.495751
0.590449
0.6301720000000001
0.582523
0.502128
0.256076
0.29713
0.174298
0.266132
0.27018200000000003
0.12748099999999998
0.0
0.0
0.0
0.0
0.0
0.0
0.0
0.0
0.0
0.0
0.042089
0.070787
0.286188
0.452173
0.43461700000000003
0.449092
0.598913
0.68222
0.503554
0.495774
0.41632600000000003
0.296491
0.251763
0.07998699999999999
0.0
0.0
0.0
0.0
0.0
0.0
0.0
0.0
0.0
0.0
0.029901
0.064639
0.088539
0.161762
0.376693
0.491616
0.549101
0.47592
0.614638
0.550761
0.445515
0.156769
0.019604
0.007165
0.0
0.0
0.0
0.0
0.0
0.0
0.0
0.0
0.0
0.0054
0.07209900000000001
0.135186
0.326489
0.33412400000000003
0.39686200000000005
0.42575999999999997
0.34020999999999996
0.24682900000000002
0.293665
0.221032
0.08803799999999999
0.011423
0.038748
0.025617
0.0
0.0
0.0
0.0
0.0
0.0
0.0
0.0
0.0
0.0
0.15838999999999998
0.290283
0.40287799999999996
0.497536
0.56152
0.6105130000000001
0.6290159999999999
0.627928
0.577597
0.530933
0.424057
0.37795
0.253084
0.10853499999999999
0.0
0.0
0.0
0.0
0.0
0.0
0.0
0.0
0.0
0.0
0.024036000000000002
0.084571
0.117947
0.146679
0.202776
0.387301
0.454902
0.5453490000000001
0.44954500000000003
0.347211
0.350651
0.235786
0.151994
0.077697
0.0
0.0
0.0
0.0
0.0
0.0
0.0
0.0
0.0
0.0
0.042042
0.23664500000000002
0.320671
0.26896
0.480345
0.5877319999999999
0.583721
0.606114
0.43588
0.240804
0.241013
0.118507
0.049546
0.010558999999999999
0.0
0.0
0.0
0.0
0.0
0.0
0.0
0.0
0.0
0.0
0.117194
0.21264
0.223913
0.344851
0.577309
0.610476
0.642202
0.506568
0.620216
0.599537
0.42968
0.290238
0.09101999999999999
0.023940000000000003
0.0
0.0
0.0
0.0
0.0
0.0
0.0
0.0
0.0
0.0
0.041926000000000005
0.255737
0.357697
0.429979
0.40222
0.567998
0.464382
0.453094
0.289302
0.096631
0.051491999999999996
0.024551
0.015936
0.003468
0.0
0.0
0.0
0.0
0.0
0.0
0.0
0.0
0.0
0.0
0.023271
0.139791
0.29068400000000005
0.393851
0.495046
0.6078859999999999
0.636587
0.624848
0.602639
0.56825
0.49492200000000003
0.37925099999999995
0.254243
0.111955
0.0
0.0
0.0
0.0
0.0
0.0
0.0
0.0
0.0
0.0
0.15068700000000002
0.28061200000000003
0.39657600000000004
0.493188
0.55937
0.602707
0.623876
0.61838
0.592945
0.542393
0.471023
0.335368
0.213772
0.090605
0.0
0.0
0.0
0.0
0.0
0.0
0.0
0.0
0.0
0.0
0.034487000000000004
0.183701
0.33311900000000005
0.41549200000000003
0.544837
0.600356
0.628605
0.566645
0.489029
0.427811
0.424359
0.34594
0.246564
0.09056499999999999
0.0
0.0
0.0
0.0
0.0
0.0
0.0
0.0
0.0
0.0
0.107344
0.144531
0.23184800000000003
0.439819
0.5398310000000001
0.574999
0.5887859999999999
0.617189
0.5997709999999999
0.5115149999999999
0.46054
0.358149
0.2391
0.060738
0.0
0.0
0.0
0.0
0.0
0.0
0.0
0.0
0.0
0.0
0.128108
0.149558
0.34757299999999997
0.47030299999999997
0.517983
0.623143
0.592592
0.6054149999999999
0.581948
0.395856
0.47407499999999997
0.302193
0.045972
0.008095000000000001
0.0
0.0
0.0
0.0
0.0
0.0
0.0
0.0
0.0
0.0
0.012343999999999999
0.099854
0.41133800000000004
0.464271
0.5270499999999999
0.600934
0.5938819999999999
0.592428
0.5856359999999999
0.5392100000000001
0.212605
0.27814
0.250371
0.108712
0.0
0.0
0.0
0.0
0.0
0.0
0.0
0.0
0.0
0.0
0.114831
0.24879400000000002
0.387044
0.470026
0.5466340000000001
0.579639
0.5985940000000001
0.59145
0.569093
0.523357
0.45189999999999997
0.346411
0.225609
0.08781399999999999
0.0
0.0
0.0
0.0
0.0
0.0
0.0
0.0
0.0
0.0
0.06975400000000001
0.158358
0.23566399999999998
0.345322
0.5295209999999999
0.606054
0.607114
0.60587
0.578156
0.508329
0.318332
0.349534
0.17820599999999998
0.10218200000000001
0.0
0.0
0.0
0.0
0.0
0.0
0.0
0.0
0.0
0.0
0.118378
0.248252
0.35641500000000004
0.461874
0.536376
0.5752849999999999
0.6109220000000001
0.608366
0.572509
0.521188
0.445637
0.342935
0.218571
0.076352
0.0
0.0
0.0
0.0
0.0
0.0
0.0
0.0
0.0
0.0
0.10502299999999999
0.227516
0.355348
0.44852
0.5216069999999999
0.5660700000000001
0.586616
0.557033
0.540409
0.508004
0.37691
0.289897
0.16862200000000002
0.065164
0.0
0.0
0.0
0.0
0.0
0.0
0.0
0.0
0.0
0.0
0.071286
0.202647
0.316561
0.451351
0.43708400000000003
0.475428
0.5584479999999999
0.496183
0.470067
0.43892200000000003
0.428185
0.27004500000000004
0.168833
0.049915
0.0
0.0
0.0
0.0
0.0
0.0
0.0
0.0
0.0
0.0
0.017581
0.06806999999999999
0.082391
0.257975
0.486498
0.469792
0.444393
0.342313
0.530431
0.492201
0.413541
0.29242599999999996
0.238071
0.06666899999999999
0.0
0.0
0.0
0.0
0.0
0.0
0.0
0.0
0.0
0.0
0.005609
0.101701
0.286682
0.308433
0.39421300000000004
0.555903
0.575648
0.50619
0.5255489999999999
0.49473500000000004
0.418815
0.30115499999999995
0.18357099999999998
0.039909999999999994
0.0
0.0
0.0
0.0
0.0
0.0
0.0
0.0
0.0
0.0
0.039618
0.08542100000000001
0.123876
0.201405
0.48724900000000004
0.291688
0.18901099999999998
0.183951
0.113444
0.126464
0.11341899999999999
0.048773000000000004
0.039132
0.0
0.0
0.0
0.0
0.0
0.0
0.0
0.0
0.0
0.0
0.0
0.005508
0.06682099999999999
0.236823
0.399372
0.370976
0.398347
0.444878
0.505142
0.509709
0.46702999999999995
0.420784
0.317718
0.205275
0.049772
0.0
0.0
0.0
0.0
0.0
0.0
0.0
0.0
0.0
0.0
0.019156
0.138431
0.223228
0.279814
0.43653
0.47270100000000004
0.470723
0.5664170000000001
0.5408390000000001
0.491947
0.40084
0.24675
0.202966
0.041265
0.0
0.0
0.0
0.0
0.0
0.0
0.0
0.0
0.0
0.0
0.089494
0.20182499999999998
0.32352800000000004
0.418937
0.49738099999999996
0.5435180000000001
0.570601
0.567406
0.55149
0.492935
0.413972
0.313827
0.172747
0.0061849999999999995
0.0
0.0
0.0
0.0
0.0
0.0
0.0
0.0
0.0
0.0
0.015516
0.1313
0.309661
0.395424
0.493164
0.537533
0.579073
0.552942
0.527261
0.480557
0.399944
0.30150299999999997
0.16177
0.039879
0.0
0.0
0.0
0.0
0.0
0.0
0.0
0.0
0.0
0.0
0.017588
0.082653
0.15573900000000002
0.31532499999999997
0.375193
0.32768200000000003
0.454109
0.46863
0.497162
0.38141699999999995
0.308726
0.278856
0.11152
0.016695
0.0
0.0
0.0
0.0
0.0
0.0
0.0
0.0
0.0
0.0
0.0
0.039295000000000004
0.16151300000000002
0.187515
0.24554499999999999
0.28771800000000003
0.18412299999999998
0.110593
0.069738
0.036579
0.037259
0.030736999999999997
0.082508
0.017806000000000002
0.0
0.0
0.0
0.0
0.0
0.0
0.0
0.0
0.0
0.0
0.0
0.04782
0.247993
0.343173
0.47594400000000003
0.453646
0.357113
0.26011399999999996
0.392414
0.234401
0.161695
0.100858
0.059546999999999996
0.0007019999999999999
0.0
0.0
0.0
0.0
0.0
0.0
0.0
0.0
0.0
0.0
0.003505
0.15409299999999998
0.173602
0.32082299999999997
0.50087
0.478945
0.5248160000000001
0.567473
0.486873
0.39242
0.354467
0.263724
0.187235
0.01078
0.0
0.0
0.0
0.0
0.0
0.0
0.0
0.0
0.0
0.0
0.019546
0.051866999999999996
0.047417
0.13639199999999999
0.248384
0.468704
0.455241
0.550532
0.521241
0.190552
0.101049
0.043022
0.022038
0.006746
0.0
0.0
0.0
0.0
0.0
0.0
0.0
0.0
0.0
0.0
0.012273999999999998
0.10004600000000001
0.233422
0.24080600000000002
0.16742500000000002
0.459795
0.431778
0.42479500000000003
0.32049900000000003
0.26503899999999997
0.13349100000000003
0.27623200000000003
0.16232400000000002
0.021571
0.0
0.0
0.0
0.0
0.0
0.0
0.0
0.0
0.0
0.0
0.028069
0.108893
0.27324400000000004
0.332415
0.41925
0.516138
0.558804
0.5384059999999999
0.515357
0.441671
0.344413
0.281742
0.159375
0.019209
0.0
0.0
0.0
0.0
0.0
0.0
0.0
0.0
0.0
0.0
0.000978
0.024698
0.033023000000000004
0.064458
0.078222
0.02748
0.023431999999999998
0.11159699999999999
0.254308
0.332375
0.17912899999999998
0.062829
0.046789000000000004
0.0
0.0
0.0
0.0
0.0
0.0
0.0
0.0
0.0
0.0
0.0
0.042009
0.095228
0.25832299999999997
0.273036
0.361468
0.5222519999999999
0.551475
0.538617
0.504928
0.45953
0.382408
0.28255399999999997
0.154051
0.018361000000000002
0.0
0.0
0.0
0.0
0.0
0.0
0.0
0.0
0.0
0.0
0.035255
0.131709
0.206447
0.377864
0.46295
0.511478
0.555114
0.5399339999999999
0.499393
0.448308
0.34626
0.242783
0.085297
0.0047599999999999995
0.0
0.0
0.0
0.0
0.0
0.0
0.0
0.0
0.0
0.0
0.005577
0.071718
0.239664
0.35438600000000003
0.477106
0.5096240000000001
0.5324220000000001
0.530095
0.509496
0.449027
0.367365
0.259341
0.14026499999999997
0.010459
0.0
0.0
0.0
0.0
0.0
0.0
0.0
0.0
0.0
0.0
0.025207999999999998
0.15805699999999998
0.261972
0.380474
0.456472
0.502076
0.429092
0.426283
0.46980099999999997
0.401865
0.300798
0.191279
0.061484000000000004
0.003254
0.0
0.0
0.0
0.0
0.0
0.0
0.0
0.0
0.0
0.0
0.010841
0.150073
0.25014400000000003
0.361905
0.433163
0.492526
0.523517
0.507658
0.47831
0.43379399999999996
0.345489
0.242331
0.128228
0.0067480000000000005
0.0
0.0
0.0
0.0
0.0
0.0
0.0
0.0
0.0
0.0
0.003955
0.104036
0.24772300000000003
0.35215199999999997
0.43557799999999997
0.43244
0.507718
0.504394
0.430074
0.31364600000000004
0.17696
0.089134
0.025786
0.0
0.0
0.0
0.0
0.0
0.0
0.0
0.0
0.0
0.0
0.0
0.0
0.015901
0.036834000000000006
0.051001
0.035934
0.056348
0.047963
0.08698499999999999
0.15692699999999998
0.32002600000000003
0.294664
0.133188
0.053003999999999996
0.0
0.0
0.0
0.0
0.0
0.0
0.0
0.0
0.0
0.0
0.0
0.0
0.008
0.022215
0.102348
0.15343500000000002
0.179985
0.13886500000000002
0.13473400000000002
0.114976
0.09414
0.11732899999999999
0.053738
0.021537
0.002231
0.0
0.0
0.0
0.0
0.0
0.0
0.0
0.0
0.0
0.0
0.018875
0.12234600000000001
0.236987
0.353642
0.434303
0.493267
0.514534
0.5289640000000001
0.488012
0.429651
0.343416
0.237607
0.12162300000000001
0.003726
0.0
0.0
0.0
0.0
0.0
0.0
0.0
0.0
0.0
0.0
0.00221
0.110654
0.204583
0.359575
0.42242
0.48809800000000003
0.506811
0.494303
0.465293
0.41080900000000004
0.33546
0.205293
0.06667100000000001
0.0
0.0
0.0
0.0
0.0
0.0
0.0
0.0
0.0
0.0
0.0
0.000782
0.096705
0.092891
0.27362000000000003
0.42062900000000003
0.480538
0.512221
0.500136
0.414539
0.425431
0.28598700000000005
0.123125
0.07588400000000001
0.0
0.0
0.0
0.0
0.0
0.0
0.0
0.0
0.0
0.0
0.0
0.0
0.12731
0.148857
0.245881
0.348951
0.36509800000000003
0.385818
0.42829
0.387041
0.33871100000000004
0.20618799999999998
0.117633
0.06846
0.0
0.0
0.0
0.0
0.0
0.0
0.0
0.0
0.0
0.0
0.0
0.0
0.030486999999999997
0.095364
0.12679600000000002
0.15715700000000002
0.261183
0.34109100000000003
0.302212
0.198219
0.19584100000000002
0.160296
0.047716999999999996
0.0
0.0
0.0
0.0
0.0
0.0
0.0
0.0
0.0
0.0
0.0
0.0
0.000988
0.107356
0.23842
0.33011
0.421788
0.469335
0.49098
0.47501499999999997
0.448135
0.391834
0.304842
0.201055
0.086916
0.0
0.0
0.0
0.0
0.0
0.0
0.0
0.0
0.0
0.0
0.0
0.0
0.095042
0.208468
0.32333999999999996
0.378437
0.399569
0.353204
0.314376
0.226466
0.195059
0.055743
0.011526999999999999
0.0
0.0
0.0
0.0
0.0
0.0
0.0
0.0
0.0
0.0
0.0
0.0
0.0
0.063706
0.232294
0.266138
0.258561
0.32129199999999997
0.417111
0.31461900000000004
0.36039299999999996
0.245751
0.131941
0.060451
0.005443
0.0
0.0
0.0
0.0
0.0
0.0
0.0
0.0
0.0
0.0
0.0
0.0
0.032424
0.15786
0.156296
0.37604000000000004
0.3483
0.237716
0.22897
0.316596
0.136214
0.08165900000000001
0.043695
0.013523
0.0
0.0
0.0
0.0
0.0
0.0
0.0
0.0
0.0
0.0
0.0
0.003762
0.038859000000000005
0.150895
0.20386600000000002
0.40262400000000004
0.224956
0.333104
0.36644600000000005
0.43205200000000005
0.38946
0.316326
0.165473
0.046659
0.0
0.0
0.0
0.0
0.0
0.0
0.0
0.0
0.0
0.0
0.0
0.001342
0.070935
0.213275
0.32364800000000005
0.32787099999999997
0.432074
0.466704
0.448747
0.438127
0.362875
0.273717
0.167017
0.057220999999999994
0.0
0.0
0.0
0.0
0.0
0.0
0.0
0.0
0.0
0.0
0.0
0.0
0.058355
0.174877
0.268629
0.368477
0.451256
0.468069
0.466976
0.434639
0.379133
0.274544
0.14562999999999998
0.033135
0.0
0.0
0.0
0.0
0.0
0.0
0.0
0.0
0.0
0.0
0.0
0.0
0.043991
0.12483799999999999
0.188266
0.211134
0.308674
0.395997
0.40054399999999996
0.418288
0.358093
0.270442
0.158755
0.042311999999999995
0.0
0.0
0.0
0.0
0.0
0.0
0.0
0.0
0.0
0.0
0.0
0.0
0.055604
0.141745
0.18210400000000002
0.278546
0.128938
0.251884
0.165649
0.340685
0.09416500000000001
0.225882
0.172279
0.026364000000000002
0.0
0.0
0.0
0.0
0.0
0.0
0.0
0.0
0.0
0.0
0.0
0.0
0.072015
0.16508099999999998
0.223885
0.30648200000000003
0.406192
0.331729
0.284532
0.240916
0.191521
0.16575299999999998
0.109878
0.035522
0.0
0.0
0.0
0.0
0.0
0.0
0.0
0.0
0.0
0.0
0.0
0.000915
0.054280999999999996
0.162906
0.266778
0.355222
0.425205
0.436716
0.446498
0.41701499999999997
0.33784800000000004
0.245502
0.141394
0.023657
0.0
0.0
0.0
0.0
0.0
0.0
0.0
0.0
0.0
0.0
0.0
0.0
0.07458
0.181841
0.278796
0.35966899999999996
0.412423
0.453941
0.45205700000000004
0.39592200000000005
0.330385
0.243552
0.135589
0.033170000000000005
0.0
0.0
0.0
0.0
0.0
0.0
0.0
0.0
0.0
0.0
0.0
0.0
0.07227
0.212751
0.275863
0.352921
0.42480399999999996
0.445527
0.43492200000000003
0.369942
0.314777
0.20333600000000002
0.08948
0.013521
0.0
0.0
0.0
0.0
0.0
0.0
0.0
0.0
0.0
0.0
0.0
0.0
0.010928
0.024429
0.068559
0.08279399999999999
0.17224899999999999
0.127053
0.11235200000000001
0.147431
0.128767
0.057104999999999996
0.034692
0.006203
0.0
0.0
0.0
0.0
0.0
0.0
0.0
0.0
0.0
0.0
0.0
0.0
0.060351
0.16591999999999998
0.27883600000000003
0.365573
0.408665
0.43577499999999997
0.424031
0.39038799999999996
0.329441
0.227603
0.11878799999999999
0.021931000000000003
0.0
0.0
0.0
0.0
0.0
0.0
0.0
0.0
0.0
0.0
0.0
0.0
0.034025
0.107291
0.090222
0.181939
0.38194900000000004
0.389779
0.417361
0.39379000000000003
0.324295
0.255581
0.117672
0.024746999999999998
0.0
0.0
0.0
0.0
0.0
0.0
0.0
0.0
0.0
0.0
0.0
0.0
0.019485
0.051939
0.057716
0.034470999999999995
0.113213
0.048233
0.08259699999999999
0.090735
0.07201300000000001
0.219878
0.065443
0.003746
0.0
0.0
0.0
0.0
0.0
0.0
0.0
0.0
0.0
0.0
0.0
0.0
0.041763
0.103239
0.194135
0.272625
0.316836
0.202457
0.215208
0.14982800000000002
0.115782
0.148189
0.097785
0.004404
0.0
0.0
0.0
0.0
0.0
0.0
0.0
0.0
0.0
0.0
0.0
0.0
0.007817000000000001
0.10460299999999999
0.14413
0.16541399999999998
0.236373
0.384447
0.366642
0.384838
0.29845900000000003
0.20925
0.101412
0.011571999999999999
0.0
0.0
0.0
0.0
0.0
0.0
0.0
0.0
0.0
0.0
0.0
0.0
0.005125
0.020344
0.058902
0.14277099999999998
0.23460599999999998
0.080685
0.019411
0.0
0.0
0.0
0.0
0.0
0.0
0.0
0.0
0.0
0.0
0.0
0.0
0.0
0.0
0.0
0.0
0.0
0.017939
0.095738
0.172861
0.27540499999999996
0.376572
0.390668
0.398449
0.333347
0.21481999999999998
0.128716
0.058302
0.0
0.0
0.0
0.0
0.0
0.0
0.0
0.0
0.0
0.0
0.0
0.0
0.0
0.0
0.009321
0.019533000000000002
0.030047
0.044581
0.046007
0.025846
0.013612
0.019917
0.019833
0.0
0.0
0.0
0.0
0.0
0.0
0.0
0.0
0.0
0.0
0.0
0.0
0.0
0.0
0.016550000000000002
0.099937
0.24254
0.26307200000000003
0.279803
0.314938
0.38689999999999997
0.342501
0.2715
0.179059
0.081213
0.007381
0.0
0.0
0.0
0.0
0.0
0.0
0.0
0.0
0.0
0.0
0.0
0.0
0.029117
0.11514400000000001
0.24212
0.234318
0.373954
0.380486
0.37238499999999997
0.333223
0.258106
0.203743
0.109447
0.016801
0.0
0.0
0.0
0.0
0.0
0.0
0.0
0.0
0.0
0.0
0.0
0.0
0.029388
0.142976
0.205611
0.26974400000000004
0.29129
0.36166000000000004
0.379704
0.32461
0.246192
0.15684399999999998
0.064332
0.007441
0.0
0.0
0.0
0.0
0.0
0.0
0.0
0.0
0.0
0.0
0.0
0.0
0.017976
0.09536499999999999
0.17869300000000002
0.20768
0.268358
0.35601299999999997
0.366889
0.314996
0.24245
0.185195
0.05785
0.004141
0.0
0.0
0.0
0.0
0.0
0.0
0.0
0.0
0.0
0.0
0.0
0.0
0.025217
0.08476099999999999
0.19170099999999998
0.265872
0.33215300000000003
0.38524
0.335737
0.30711
0.233047
0.148951
0.057338
0.0068520000000000005
0.0
0.0
0.0
0.0
0.0
0.0
0.0
0.0
0.0
0.0
0.0
0.0
0.006836
0.039243
0.069075
0.13786500000000002
0.167569
0.183494
0.245548
0.24962600000000001
0.169254
0.098015
0.042467
0.0
0.0
0.0
0.0
0.0
0.0
0.0
0.0
0.0
0.0
0.0
0.0
0.0
0.0
0.018534
0.022318
0.018169
0.032362
0.070858
0.067872
0.046542
0.038498
0.022084
0.003457
0.0
0.0
0.0
0.0
0.0
0.0
0.0
0.0
0.0
0.0
0.0
0.0
0.0
0.003249
0.039179000000000005
0.14155299999999998
0.15137899999999999
0.26883999999999997
0.11976099999999999
0.125632
0.144293
0.09979600000000001
0.038746
0.0
0.0
0.0
0.0
0.0
0.0
0.0
0.0
0.0
0.0
0.0
0.0
0.0
0.0
0.0
0.008163
0.052576
0.125551
0.157236
0.267201
0.169046
0.22787100000000002
0.132949
0.127671
0.045993
0.0
0.0
0.0
0.0
0.0
0.0
0.0
0.0
0.0
0.0
0.0
0.0
0.0
0.001333
0.105886
0.14160499999999998
0.260895
0.298607
0.34263499999999997
0.335632
0.29220100000000004
0.216337
0.116653
0.027961
0.0
0.0
0.0
0.0
0.0
0.0
0.0
0.0
0.0
0.0
0.0
0.0
0.0
0.009518
0.064569
0.173353
0.24962399999999998
0.287007
0.305006
0.296904
0.285745
0.18007499999999999
0.10083199999999999
0.041533
0.0
0.0
0.0
0.0
0.0
0.0
0.0
0.0
0.0
0.0
0.0
0.0
0.0
0.0
0.026383
0.035051
0.056761000000000006
0.143065
0.134814
0.138436
0.13126
0.08349
0.043045
0.021934000000000002
0.0
0.0
0.0
0.0
0.0
0.0
0.0
0.0
0.0
0.0
0.0
0.0
0.0
0.014843
0.095375
0.155488
0.157331
0.29508999999999996
0.321485
0.289342
0.29036700000000004
0.179732
0.093754
0.024152
0.0
0.0
0.0
0.0
0.0
0.0
0.0
0.0
0.0
0.0
0.0
0.0
0.0
0.0
0.008048
0.011689999999999999
0.023872
0.021786
0.009210000000000001
0.001363
0.00782
0.005724
0.016276
0.019422000000000002
0.0
0.0
0.0
0.0
0.0
0.0
0.0
0.0
0.0
0.0
0.0
0.0
0.0
0.008275000000000001
0.06861
0.161112
0.24501699999999998
0.27128399999999997
0.289452
0.337721
0.235278
0.215561
0.102762
0.025781
0.0
0.0
0.0
0.0
0.0
0.0
0.0
0.0
0.0
0.0
0.0
0.0
0.0
0.011323999999999999
0.059747
0.14605500000000002
0.211665
0.220381
0.309002
0.27134800000000003
0.236827
0.179202
0.102102
0.020742999999999998
0.0
0.0
0.0
0.0
0.0
0.0
0.0
0.0
0.0
0.0
0.0
0.0
0.0
0.0
0.058277999999999996
0.15531999999999999
0.20187200000000002
0.281459
0.289493
0.26949
0.251998
0.161822
0.078296
0.023981000000000002
0.0
0.0
0.0
0.0
0.0
0.0
0.0
0.0
0.0
0.0
0.0
0.0
0.0
0.000516
0.056012
0.041979
0.087725
0.1615
0.136441
0.13637100000000002
0.119927
0.057085000000000004
0.017986000000000002
0.0055049999999999995
0.0
0.0
0.0
0.0
0.0
0.0
0.0
0.0
0.0
0.0
0.0
0.0
0.0
0.006017000000000001
0.039464
0.11438899999999999
0.18596000000000001
0.25147800000000003
0.296358
0.25843900000000003
0.226418
0.14915299999999998
0.064791
0.012194
0.0
0.0
0.0
0.0
0.0
0.0
0.0
0.0
0.0
0.0
0.0
0.0
0.0
0.011877
0.040883
0.123514
0.196152
0.260567
0.26467399999999996
0.302944
0.21296
0.13780799999999999
0.084539
0.016162
0.0
0.0
0.0
0.0
0.0
0.0
0.0
0.0
0.0
0.0
0.0
0.0
0.0
0.005215
0.041137
0.127154
0.245346
0.23790899999999998
0.258125
0.24809
0.202609
0.13727799999999998
0.06568399999999999
0.008282999999999999
0.0
0.0
0.0
0.0
0.0
0.0
0.0
0.0
0.0
0.0
0.0
0.0
0.0
0.000804
0.037909
0.098188
0.178439
0.211985
0.242641
0.210896
0.230095
0.111629
0.05873
0.008512
0.0
0.0
0.0
0.0
0.0
0.0
0.0
0.0
0.0
0.0
0.0
0.0
0.0
0.001091
0.036246
0.106465
0.172174
0.252068
0.309659
0.237451
0.186227
0.11879
0.058296
0.009244
0.0
0.0
0.0
0.0
0.0
0.0
0.0
0.0
0.0
0.0
0.0
0.0
0.0
0.0008060000000000001
0.050871
0.097494
0.167522
0.216524
0.232247
0.266083
0.18965700000000002
0.133448
0.071549
0.010002
0.0
0.0
0.0
0.0
0.0
0.0
0.0
0.0
0.0
0.0
0.0
0.0
0.0
0.000805
0.05063
0.13430699999999998
0.174542
0.210728
0.257638
0.257914
0.209627
0.11426900000000001
0.049762999999999995
0.008468
0.0
0.0
0.0
0.0
0.0
0.0
0.0
0.0
0.0
0.0
0.0
0.0
0.0
0.0
0.060752
0.097324
0.184528
0.209871
0.223708
0.240136
0.178274
0.101988
0.067765
0.009698
0.0
0.0
0.0
0.0
0.0
0.0
0.0
0.0
0.0
0.0
0.0
0.0
0.0
0.002748
0.043132
0.10214
0.1434
0.21306
0.225802
0.204267
0.159086
0.122611
0.037438
0.014752000000000001
0.0
0.0
0.0
0.0
0.0
0.0
0.0
0.0
0.0
0.0
0.0
0.0
0.0
0.0
0.044719999999999996
0.103029
0.152692
0.173854
0.212489
0.170834
0.160606
0.121409
0.041683
0.006691
0.0
0.0
0.0
0.0
0.0
0.0
0.0
0.0
0.0
0.0
0.0
0.0
0.0
0.0
0.03742
0.084006
0.122916
0.156131
0.147185
0.133999
0.072693
0.039399
0.016233
0.005509
0.0
0.0
0.0
0.0
0.0
0.0
0.0
0.0
0.0
0.0
0.0
0.0
0.0
0.0
0.0015149999999999999
0.028714
0.067099
0.07915699999999999
0.11053700000000001
0.14591900000000002
0.160537
0.090545
0.042199
0.003544
0.0
0.0
0.0
0.0
0.0
0.0
0.0
0.0
0.0
0.0
0.0
0.0
0.0
0.003364
0.027594
0.084851
0.167241
0.218649
0.203074
0.188404
0.15255000000000002
0.084743
0.026716999999999998
0.003476
0.0
0.0
0.0
0.0
0.0
0.0
0.0
0.0
0.0
0.0
0.0
0.0
0.0
0.002439
0.042892
0.09540900000000001
0.12966999999999998
0.20008099999999998
0.15395699999999998
0.185948
0.144178
0.087409
0.027587
0.004320999999999999
0.0
0.0
0.0
0.0
0.0
0.0
0.0
0.0
0.0
0.0
0.0
0.0
0.0
0.0
0.007971
0.037636
0.074003
0.13400399999999998
0.13984100000000002
0.170584
0.139509
0.08385899999999999
0.062825
0.004854
0.0
0.0
0.0
0.0
0.0
0.0
0.0
0.0
0.0
0.0
0.0
0.0
0.0
0.004061
0.017726
0.098787
0.18269200000000002
0.176534
0.189365
0.179514
0.167497
0.07417499999999999
0.023835000000000002
0.005782
0.0
0.0
0.0
0.0
0.0
0.0
0.0
0.0
0.0
0.0
0.0
0.0
0.0
0.000717
0.032676000000000004
0.12626099999999998
0.126825
0.18589699999999998
0.186584
0.159479
0.134702
0.069428
0.024012000000000002
0.004168
0.0
0.0
0.0
0.0
0.0
0.0
0.0
0.0
0.0
0.0
0.0
0.0
0.0
0.0
0.023408
0.063482
0.12792
0.142983
0.147975
0.15651400000000001
0.120931
0.111283
0.032949
0.002368
0.0
0.0
0.0
0.0
0.0
0.0
0.0
0.0
0.0
0.0
0.0
0.0
0.0
0.0
0.016529
0.071623
0.112454
0.17917599999999997
0.190287
0.17744100000000002
0.099025
0.09751
0.044154000000000006
0.0
0.0
0.0
0.0
0.0
0.0
0.0
0.0
0.0
0.0
0.0
0.0
0.0
0.0
0.000518
0.016949000000000002
0.06739
0.138673
0.152442
0.156518
0.158304
0.160523
0.072771
0.021321000000000003
0.005208
0.0
0.0
0.0
0.0
0.0
0.0
0.0
0.0
0.0
0.0
0.0
0.0
0.0
0.0
0.046238
0.08516
0.110405
0.16550499999999999
0.130843
0.076602
0.077067
0.024231000000000003
0.007378
0.0
0.0
0.0
0.0
0.0
0.0
0.0
0.0
0.0
0.0
0.0
0.0
0.0
0.0
0.0
0.027829
0.057248
0.12097
0.160269
0.17282
0.150778
0.14538399999999999
0.060533000000000003
0.053872
0.0009360000000000001
0.0
0.0
0.0
0.0
0.0
0.0
0.0
0.0
0.0
0.0
0.0
0.0
0.0
0.0
0.011605
0.054435000000000004
0.06914000000000001
0.042802
0.024527
0.028414000000000002
0.017896000000000002
0.001538
0.019844
0.005105
0.0
0.0
0.0
0.0
0.0
0.0
0.0
0.0
0.0
0.0
0.0
0.0
0.0
0.0
0.019454999999999997
0.073274
0.093067
0.177096
0.150906
0.113258
0.097753
0.048934
0.015806
0.0043040000000000005
0.0
0.0
0.0
0.0
0.0
0.0
0.0
0.0
0.0
0.0
0.0
0.0
0.0
0.0
0.02785
0.086491
0.110148
0.147489
0.177123
0.168276
0.169184
0.098517
0.049395
0.000458
0.0
0.0
0.0
0.0
0.0
0.0
0.0
0.0
0.0
0.0
0.0
0.0
0.0
0.0
0.034745
0.08788299999999999
0.118358
0.151929
0.18193
0.14347100000000002
0.09266500000000001
0.059223
0.040372
0.006197
0.0
0.0
0.0
0.0
0.0
0.0
0.0
0.0
0.0
0.0
0.0
0.0
0.0
0.0
0.019584
0.041113
0.084301
0.16457
0.16325399999999998
0.181356
0.083346
0.047827
0.020499
0.0024159999999999997
0.0
0.0
0.0
0.0
0.0
0.0
0.0
0.0
0.0
0.0
0.0
0.0
0.0
0.0
0.029602
0.067868
0.135965
0.150391
0.149971
0.10591500000000001
0.086322
0.061676
0.033708
0.0
0.0
0.0
0.0
0.0
0.0
0.0
0.0
0.0
0.0
0.0
0.0
0.0
0.0
0.0
0.001441
0.014268000000000001
0.022603
0.030838
0.039255000000000005
0.035271000000000004
0.035457999999999996
0.034156
0.005667
0.0
0.0
0.0
0.0
0.0
0.0
0.0
0.0
0.0
0.0
0.0
0.0
0.0
0.0
0.0
0.019501
0.075881
0.10865699999999999
0.16945500000000002
0.149256
0.13345300000000002
0.148924
0.032434
0.020327
0.0009310000000000001
0.0
0.0
0.0
0.0
0.0
0.0
0.0
0.0
0.0
0.0
0.0
0.0
0.0
0.0
0.026827
0.009505000000000001
0.129262
0.107621
0.116225
0.170344
0.08781
0.038043999999999994
0.001425
0.0
0.0
0.0
0.0
0.0
0.0
0.0
0.0
0.0
0.0
0.0
0.0
0.0
0.0
0.0
0.028277999999999998
0.064808
0.059746
0.109598
0.14322
0.111678
0.095853
0.048953
0.025217
0.0
0.0
0.0
0.0
0.0
0.0
0.0
0.0
0.0
0.0
0.0
0.0
0.0
0.0
0.0
0.034372
0.061645000000000005
0.06755
0.122229
0.112339
0.162214
0.06739400000000001
0.031376
0.019795
0.0
0.0
0.0
0.0
0.0
0.0
0.0
0.0
0.0
0.0
0.0
0.0
0.0
0.0
0.0
0.005687
0.044283
0.10179300000000001
0.11767100000000001
0.16666
0.154134
0.109599
0.05663
0.021786
0.0
0.0
0.0
0.0
0.0
0.0
0.0
0.0
0.0
0.0
0.0
0.0
0.0
0.0
0.0
0.015771
0.046207
0.066751
0.15440500000000001
0.117774
0.127202
0.060935
0.027242000000000002
0.017107
0.0
0.0
0.0
0.0
0.0
0.0
0.0
0.0
0.0
0.0
0.0
0.0
0.0
0.0
0.0
0.021727
0.030874
0.094043
0.143161
0.136882
0.083828
0.051986
0.039558
0.01331
0.0
0.0
0.0
0.0
0.0
0.0
0.0
0.0
0.0
0.0
0.0
0.0
0.0
0.0
0.0
0.009579
0.051684
0.056743
0.160335
0.140504
0.13782499999999998
0.05044
0.033954
0.012480999999999999
0.0
0.0
0.0
0.0
0.0
0.0
0.0
0.0
0.0
0.0
0.0
0.0
0.0
0.0
0.0
0.0
0.039240000000000004
0.053388
0.067474
0.056932
0.057734
0.057515000000000004
0.024952000000000002
0.015434
0.0
0.0
0.0
0.0
0.0
0.0
0.0
0.0
0.0
0.0
0.0
0.0
0.0
0.0
0.0
0.007751
0.036628
0.065357
0.111565
0.12823099999999998
0.120643
0.060319000000000005
0.053792
0.018799
0.0
0.0
0.0
0.0
0.0
0.0
0.0
0.0
0.0
0.0
0.0
0.0
0.0
0.0
0.0
0.010414999999999999
0.017766999999999998
0.07676999999999999
0.082508
0.087517
0.091747
0.099241
0.018765999999999998
0.012101
0.0
0.0
0.0
0.0
0.0
0.0
0.0
0.0
0.0
0.0
0.0
0.0
0.0
0.0
0.0
0.009676
0.0325
0.046911
0.162046
0.091232
0.13268100000000002
0.06966800000000001
0.019324
0.011492
0.0
0.0
0.0
0.0
0.0
0.0
0.0
0.0
0.0
0.0
0.0
0.0
0.0
0.0
0.0
0.0
0.031735
0.054752
0.07093600000000001
0.08745
0.06597199999999999
0.06519499999999999
0.069428
0.018661
0.0
0.0
0.0
0.0
0.0
0.0
0.0
0.0
0.0
0.0
0.0
0.0
0.0
0.0
0.0
0.0031450000000000002
0.028378
0.041563
0.078485
0.073254
0.041415
0.03773
0.020012000000000002
0.0033380000000000003
0.0
0.0
0.0
0.0
0.0
0.0
0.0
0.0
0.0
0.0
0.0
0.0
0.0
0.0
0.0
0.001044
0.051889000000000005
0.054066
0.060174
0.034991
0.022209
0.018439
0.016214
0.003195
0.0
0.0
0.0
0.0
0.0
0.0
0.0
0.0
0.0
0.0
0.0
0.0
0.0
0.0
0.0
0.0
0.019978000000000003
0.041349
0.056184
0.059597000000000004
0.049023000000000004
0.043764000000000004
0.026872
0.0
0.0
0.0
0.0
0.0
0.0
0.0
0.0
0.0
0.0
0.0
0.0
0.0
0.0
0.0
0.0
0.0
0.035328000000000005
0.071272
0.106129
0.10112399999999999
0.13658199999999998
0.10212399999999999
0.052518
0.01583
0.0
0.0
0.0
0.0
0.0
0.0
0.0
0.0
0.0
0.0
0.0
0.0
0.0
0.0
0.0
0.006997
0.051371
0.063094
0.060646
0.075193
0.011913
0.028805
0.0
0.0
0.0
0.0
0.0
0.0
0.0
0.0
0.0
0.0
0.0
0.0
0.0
0.0
0.0
0.0
0.0
0.004357000000000001
0.052346
0.093098
0.11681699999999999
0.07016700000000001
0.080879
0.109544
0.021615
0.011111000000000001
0.0
0.0
0.0
0.0
0.0
0.0
0.0
0.0
0.0
0.0
0.0
0.0
0.0
0.0
0.0
0.008278
0.015363
0.035326
0.059761
0.103195
0.058
0.045093
0.017932
0.010908
0.0
0.0
0.0
0.0
0.0
0.0
0.0
0.0
0.0
0.0
0.0
0.0
0.0
0.0
0.0
0.014214000000000001
0.018654
0.06901099999999999
0.088588
0.125722
0.10516800000000001
0.12316500000000001
0.052291
0.017713999999999997
0.0
0.0
0.0
0.0
0.0
0.0
0.0
0.0
0.0
0.0
0.0
0.0
0.0
0.0
0.0
0.009739000000000001
0.047353
0.069993
0.105977
0.099395
0.07418000000000001
0.0762
0.051467
0.016530999999999997
0.0
0.0
0.0
0.0
0.0
0.0
0.0
0.0
0.0
0.0
0.0
0.0
0.0
0.0
0.0
0.0
0.008182
0.029811
0.033447000000000005
0.067416
0.053751
0.015761
0.001518
0.0
0.0
0.0
0.0
0.0
0.0
0.0
0.0
0.0
0.0
0.0
0.0
0.0
0.0
0.0
0.0
0.009076
0.034131999999999996
0.085787
0.139305
0.114215
0.133878
0.056711
0.034954
0.014617000000000002
0.0
0.0
0.0
0.0
0.0
0.0
0.0
0.0
0.0
0.0
0.0
0.0
0.0
0.0
0.0
0.0058189999999999995
0.016131
0.055302
0.039257
0.05717
0.049914
0.02875
0.02512
0.013916
0.0
0.0
0.0
0.0
0.0
0.0
0.0
0.0
0.0
0.0
0.0
0.0
0.0
0.0
0.0
0.006997
0.035351999999999995
0.033859
0.07492700000000001
0.056808
0.065378
0.034494
0.018365
0.009542
0.0
0.0
0.0
0.0
0.0
0.0
0.0
0.0
0.0
0.0
0.0
0.0
0.0
0.0
0.0
0.004738
0.014612
0.021151
0.098818
0.051987
0.05368
0.039095
0.020001
0.009457
0.0
0.0
0.0
0.0
0.0
0.0
0.0
0.0
0.0
0.0
0.0
0.0
0.0
0.0
0.0
0.005089000000000001
0.028587
0.064381
0.095728
0.109221
0.06453700000000001
0.027357
0.01579
0.010888
0.0
0.0
0.0
0.0
0.0
0.0
0.0
0.0
0.0
0.0
0.0
0.0
0.0
0.0
0.0
0.0023079999999999997
0.048226
0.082157
0.094702
0.112704
0.111474
0.068634
0.052065
0.0042910000000000005
0.0
0.0
0.0
0.0
0.0
0.0
0.0
0.0
0.0
0.0
0.0
0.0
0.0
0.0
0.0
0.007752
0.041771
0.024179
0.048032
0.051333
0.063732
0.037505000000000004
0.017554
0.009289
0.0
0.0
0.0
0.0
0.0
0.0
0.0
0.0
0.0
0.0
0.0
0.0
0.0
0.0
0.0
0.0
0.032332
0.045537999999999995
0.06535099999999999
0.047052
0.06938899999999999
0.048490000000000005
0.016588000000000002
0.010103
0.0
0.0
0.0
0.0
0.0
0.0
0.0
0.0
0.0
0.0
0.0
0.0
0.0
0.0
0.0
0.0047279999999999996
0.043991999999999996
0.053436
0.116878
0.148733
0.10405299999999999
0.09452500000000001
0.059371
0.004768
0.0
0.0
0.0
0.0
0.0
0.0
0.0
0.0
0.0
0.0
0.0
0.0
0.0
0.0
0.0
0.0
0.0
6.6e-05
0.008033
0.005804999999999999
0.022293
0.0014830000000000002
0.0
0.0
0.0
0.0
0.0
0.0
0.0
0.0
0.0
0.0
0.0
0.0
0.0
0.0
0.0
0.0
0.0
0.000433
0.038192
0.063773
0.03964
0.08932899999999999
0.068305
0.026256
0.019236
0.008995
0.0
0.0
0.0
0.0
0.0
0.0
0.0
0.0
0.0
0.0
0.0
0.0
0.0
0.0
0.0
0.002813
0.03295
0.025888
0.037112
0.044343
0.058773000000000006
0.021503
0.030619
0.010039999999999999
0.0
0.0
0.0
0.0
0.0
0.0
0.0
0.0
0.0
0.0
0.0
0.0
0.0
0.0
0.0
0.003885
0.016919
0.039887
0.03005
0.08574599999999999
0.07366400000000001
0.06637699999999999
0.050276
0.005213
0.0
0.0
0.0
0.0
0.0
0.0
0.0
0.0
0.0
0.0
0.0
0.0
0.0
0.0
0.0
0.0
0.038615000000000003
0.082109
0.100813
0.10238599999999999
0.071479
0.07443899999999999
0.058514000000000004
0.000843
0.0
0.0
0.0
0.0
0.0
0.0
0.0
0.0
0.0
0.0
0.0
0.0
0.0
0.0
0.0
0.0
0.003706
0.016545
0.031179
0.036492
0.011877
0.022569
0.013318
0.000741
0.0
0.0
0.0
0.0
0.0
0.0
0.0
0.0
0.0
0.0
0.0
0.0
0.0
0.0
0.0
0.0
0.023687999999999997
0.030914999999999998
0.01635
0.00366
0.0036680000000000003
0.020146
0.003633
0.008458
0.0
0.0
0.0
0.0
0.0
0.0
0.0
0.0
0.0
0.0
0.0
0.0
0.0
0.0
0.0
0.0
0.0057610000000000005
0.054543
0.041594
0.02175
0.057201999999999996
0.024034
7.9e-05
0.0
0.0
0.0
0.0
0.0
0.0
0.0
0.0
0.0
0.0
0.0
0.0
0.0
0.0
0.0
0.0
0.0
0.047791
0.07299800000000001
0.045396
0.070714
0.039006
0.020339
0.019549
0.008384
0.0
0.0
0.0
0.0
0.0
0.0
0.0
0.0
0.0
0.0
0.0
0.0
0.0
0.0
0.0
0.003218
0.029122
0.07766500000000001
0.11949299999999999
0.036146
0.049889
0.022742000000000002
0.018687000000000002
0.010517
0.0
0.0
0.0
0.0
0.0
0.0
0.0
0.0
0.0
0.0
0.0
0.0
0.0
0.0
0.0
0.000928
0.032865000000000005
0.022703
0.030803
0.08906
0.032765
0.0351
0.019769
0.008532999999999999
0.0
0.0
0.0
0.0
0.0
0.0
0.0
0.0
0.0
0.0
0.0
0.0
0.0
0.0
0.0
0.003227
0.019666
0.067593
0.040101
0.068569
0.09997299999999999
0.08761
0.053973999999999994
0.009241
0.0
0.0
0.0
0.0
0.0
0.0
0.0
0.0
0.0
0.0
0.0
0.0
0.0
0.0
0.0
0.0
0.013797
0.10861799999999999
0.087476
0.10753
0.11154800000000001
0.07175
0.020422999999999997
0.000859
0.0
0.0
0.0
0.0
0.0
0.0
0.0
0.0
0.0
0.0
0.0
0.0
0.0
0.0
0.0
0.0
0.0
0.000128
0.020297999999999997
0.028823
0.0060030000000000005
0.018905
0.005955
0.0
0.0
0.0
0.0
0.0
0.0
0.0
0.0
0.0
0.0
0.0
0.0
0.0
0.0
0.0
0.0
0.0
0.048502
0.0584
0.090389
0.08618
0.110558
0.069713
0.021297
0.021622
0.0
0.0
0.0
0.0
0.0
0.0
0.0
0.0
0.0
0.0
0.0
0.0
0.0
0.0
0.0
0.0
0.020433
0.054702
0.07120099999999999
0.080807
0.066848
0.09625700000000001
0.017106000000000003
0.007955
0.0
0.0
0.0
0.0
0.0
0.0
0.0
0.0
0.0
0.0
0.0
0.0
0.0
0.0
0.0
0.0
0.034089
0.058637
0.107265
0.12175799999999999
0.111289
0.091132
0.052706
0.0
0.0
0.0
0.0
0.0
0.0
0.0
0.0
0.0
0.0
0.0
0.0
0.0
0.0
0.0
0.0
0.0041719999999999995
0.048215
0.05048
0.055643
0.037666
0.039037999999999996
0.022171
0.043359
0.004902999999999999
0.0
0.0
0.0
0.0
0.0
0.0
0.0
0.0
0.0
0.0
0.0
0.0
0.0
0.0
0.0
0.0
0.0
0.0
0.003769
0.001578
0.0384
0.039947
0.015757
0.0
0.0
0.0
0.0
0.0
0.0
0.0
0.0
0.0
0.0
0.0
0.0
0.0
0.0
0.0
0.0
0.0
0.020114999999999997
0.028053
0.122602
0.048140999999999996
0.047589
0.034305999999999996
0.01765
0.005712
0.0
0.0
0.0
0.0
0.0
0.0
0.0
0.0
0.0
0.0
0.0
0.0
0.0
0.0
0.0
0.0036230000000000004
0.012502000000000001
0.049146
0.037813
0.045109
0.055869
0.036451
0.016599
0.006782
0.0
0.0
0.0
0.0
0.0
0.0
0.0
0.0
0.0
0.0
0.0
0.0
0.0
0.0
0.0
0.003291
0.017678
0.022781
0.055810000000000005
0.048484
0.059334000000000005
0.038064999999999995
0.035451
0.009566000000000002
0.0
0.0
0.0
0.0
0.0
0.0
0.0
0.0
0.0
0.0
0.0
0.0
0.0
0.0
0.0
0.000958
0.037057
0.040847
0.058074
0.163966
0.126205
0.027208
0.017567
0.010932
0.0
0.0
0.0
0.0
0.0
0.0
0.0
0.0
0.0
0.0
0.0
0.0
0.0
0.0
0.0
0.002258
0.016600999999999998
0.024155000000000003
0.045008
0.062958
0.041824
0.020742999999999998
0.030427
0.011746000000000001
0.0
0.0
0.0
0.0
0.0
0.0
0.0
0.0
0.0
0.0
0.0
0.0
0.0
0.0
0.0
0.002021
0.009169
0.020918
0.04122
0.048348
0.061804000000000005
0.024385
0.023655000000000002
0.010352
0.0
0.0
0.0
0.0
0.0
0.0
0.0
0.0
0.0
0.0
0.0
0.0
0.0
0.0
0.0
0.005739
0.014802
0.017288
0.096095
0.064212
0.041807000000000004
0.026544
0.046063
0.010368
0.0
0.0
0.0
0.0
0.0
0.0
0.0
0.0
0.0
0.0
0.0
0.0
0.0
0.0
0.0
0.0037080000000000004
0.009932999999999999
0.021623999999999997
0.039329
0.052632
0.043611
0.025922999999999998
0.028362
0.012607
0.0
0.0
0.0
0.0
0.0
0.0
0.0
0.0
0.0
0.0
0.0
0.0
0.0
0.0
0.0
0.0
0.025297999999999998
0.083103
0.098178
0.096874
0.108689
0.10515300000000001
0.038548
0.014372999999999999
0.0
0.0
0.0
0.0
0.0
0.0
0.0
0.0
0.0
0.0
0.0
0.0
0.0
0.0
0.0
0.0008950000000000001
0.031179
0.065755
0.089159
0.10899299999999999
0.100009
0.07756300000000001
0.045909
0.020861
0.0
0.0
0.0
0.0
0.0
0.0
0.0
0.0
0.0
0.0
0.0
0.0
0.0
0.0
0.0
0.004381
0.031573000000000004
0.061078
0.158106
0.10217799999999999
0.122514
0.06800700000000001
0.039611
0.018515
0.0
0.0
0.0
0.0
0.0
0.0
0.0
0.0
0.0
0.0
0.0
0.0
0.0
0.0
0.0
0.0
0.008191
0.031268000000000004
0.044512
0.030979
0.033344
0.033436999999999995
0.005898
0.0
0.0
0.0
0.0
0.0
0.0
0.0
0.0
0.0
0.0
0.0
0.0
0.0
0.0
0.0
0.0
0.0
0.048098999999999996
0.07289799999999999
0.11327899999999999
0.066122
0.09826900000000001
0.109457
0.056563
0.0
0.0
0.0
0.0
0.0
0.0
0.0
0.0
0.0
0.0
0.0
0.0
0.0
0.0
0.0
0.0
0.0028399999999999996
0.025702000000000003
0.043338999999999996
0.050565
0.052717
0.11263
0.031781
0.033642000000000005
0.018492
0.0
0.0
0.0
0.0
0.0
0.0
0.0
0.0
0.0
0.0
0.0
0.0
0.0
0.0
0.0
0.007453
0.015985
0.024056
0.049371000000000005
0.069718
0.079156
0.077899
0.042428
0.025948
0.0
0.0
0.0
0.0
0.0
0.0
0.0
0.0
0.0
0.0
0.0
0.0
0.0
0.0
0.0
0.000415
0.011345000000000001
0.057665999999999995
0.064478
0.058283
0.10404300000000001
0.08264
0.06600700000000001
0.011026999999999999
0.0
0.0
0.0
0.0
0.0
0.0
0.0
0.0
0.0
0.0
0.0
0.0
0.0
0.0
0.0
0.003653
0.014967000000000001
0.03181
0.05088
0.06959900000000001
0.068759
0.033749
0.026106
0.014534
0.0
0.0
0.0
0.0
0.0
0.0
0.0
0.0
0.0
0.0
0.0
0.0
0.0
0.0
0.0
0.005883
0.016382999999999998
0.041498
0.04342
0.070576
0.09881999999999999
0.035036000000000005
0.030166000000000002
0.017722
0.0
0.0
0.0
0.0
0.0
0.0
0.0
0.0
0.0
0.0
0.0
0.0
0.0
0.0
0.0
0.002536
0.046317
0.068702
0.076446
0.111598
0.072271
0.045939999999999995
0.038649
0.018064
0.0
0.0
0.0
0.0
0.0
0.0
0.0
0.0
0.0
0.0
0.0
0.0
0.0
0.0
0.0
0.0
0.016751000000000002
0.019244
0.026999
0.01671
0.030776
0.018272
0.041746000000000005
0.0195
0.0
0.0
0.0
0.0
0.0
0.0
0.0
0.0
0.0
0.0
0.0
0.0
0.0
0.0
0.0
0.006054
0.031044000000000002
0.070258
0.04169
0.13853200000000002
0.133466
0.0664
0.050119
0.003699
0.0
0.0
0.0
0.0
0.0
0.0
0.0
0.0
0.0
0.0
0.0
0.0
0.0
0.0
0.0
0.006928
0.058077
0.086177
0.099938
0.09593
0.058273000000000005
0.057946
0.032331000000000006
0.030245
0.0
0.0
0.0
0.0
0.0
0.0
0.0
0.0
0.0
0.0
0.0
0.0
0.0
0.0
0.0
0.002081
0.038514
0.0775
0.065486
0.087771
0.080279
0.080601
0.050113
0.019419
0.0
0.0
0.0
0.0
0.0
0.0
0.0
0.0
0.0
0.0
0.0
0.0
0.0
0.0
0.0
0.0063739999999999995
0.055764
0.079739
0.06503300000000001
0.085387
0.072515
0.044368000000000005
0.02837
0.023317
0.0
0.0
0.0
0.0
0.0
0.0
0.0
0.0
0.0
0.0
0.0
0.0
0.0
0.0
0.0
0.002177
0.043815
0.053637
0.114991
0.13797399999999999
0.091986
0.055244
0.033671999999999994
0.017744
0.0
0.0
0.0
0.0
0.0
0.0
0.0
0.0
0.0
0.0
0.0
0.0
0.0
0.0
0.0
0.009007
0.043288
0.09542400000000001
0.10178100000000001
0.123567
0.090446
0.083465
0.04233700000000001
0.019937
0.0
0.0
0.0
0.0
0.0
0.0
0.0
0.0
0.0
0.0
0.0
0.0
0.0
0.0
0.0
0.009089999999999999
0.062418999999999995
0.115465
0.119491
0.13489500000000001
0.099951
0.053387000000000004
0.021653
0.013892
0.0
0.0
0.0
0.0
0.0
0.0
0.0
0.0
0.0
0.0
0.0
0.0
0.0
0.0
0.0
0.010534
0.023644
0.041046
0.073749
0.083684
0.065375
0.07107
0.044621
0.030191
0.0
0.0
0.0
0.0
0.0
0.0
0.0
0.0
0.0
0.0
0.0
0.0
0.0
0.0
0.0
0.006051
0.039602
0.041398000000000004
0.073459
0.141319
0.080143
0.060139000000000005
0.025280999999999998
0.036104
0.0
0.0
0.0
0.0
0.0
0.0
0.0
0.0
0.0
0.0
0.0
0.0
0.0
0.0
0.0
0.008927
0.061492
0.08552599999999999
0.11951
0.10577299999999999
0.125418
0.077609
0.045638
0.034188
0.0
0.0
0.0
0.0
0.0
0.0
0.0
0.0
0.0
0.0
0.0
0.0
0.0
0.0
0.0
0.002437
0.048920000000000005
0.10415600000000001
0.111611
0.122942
0.115386
0.093551
0.074167
0.038534
0.002468
0.0
0.0
0.0
0.0
0.0
0.0
0.0
0.0
0.0
0.0
0.0
0.0
0.0
0.0
0.014671
0.084059
0.090521
0.103269
0.14316800000000002
0.145656
0.103643
0.07008400000000001
0.039453
0.0
0.0
0.0
0.0
0.0
0.0
0.0
0.0
0.0
0.0
0.0
0.0
0.0
0.0
0.0
0.0
0.015903
0.053073
0.127309
0.153638
0.105526
0.145318
0.08935599999999999
0.028689
0.0
0.0
0.0
0.0
0.0
0.0
0.0
0.0
0.0
0.0
0.0
0.0
0.0
0.0
0.0
0.001269
0.0257
0.06581100000000001
0.123421
0.085211
0.044264000000000005
0.022906
0.034753
0.038427
0.0
0.0
0.0
0.0
0.0
0.0
0.0
0.0
0.0
0.0
0.0
0.0
0.0
0.0
0.0
0.014931
0.071909
0.068824
0.136126
0.143381
0.107673
0.10872799999999999
0.13849
0.030823
0.0
0.0
0.0
0.0
0.0
0.0
0.0
0.0
0.0
0.0
0.0
0.0
0.0
0.0
0.0
0.0
0.054278
0.044893
0.131335
0.108638
0.121561
0.048572000000000004
0.02521
0.0036869999999999997
0.0
0.0
0.0
0.0
0.0
0.0
0.0
0.0
0.0
0.0
0.0
0.0
0.0
0.0
0.0
0.015547
0.019396999999999998
0.08279
0.14237799999999998
0.14315799999999998
0.16022399999999998
0.12234099999999999
0.089432
0.025015999999999997
0.000514
0.0
0.0
0.0
0.0
0.0
0.0
0.0
0.0
0.0
0.0
0.0
0.0
0.0
0.0
0.017277
0.070216
0.096244
0.123929
0.179074
0.12357299999999999
0.088324
0.04714
0.023216999999999998
0.0057480000000000005
0.0
0.0
0.0
0.0
0.0
0.0
0.0
0.0
0.0
0.0
0.0
0.0
0.0
0.0
0.016646
0.021671
0.061546
0.10212
0.161599
0.11487900000000001
0.102285
0.03971
0.016404
0.00671
0.0
0.0
0.0
0.0
0.0
0.0
0.0
0.0
0.0
0.0
0.0
0.0
0.0
0.0
0.018899000000000003
0.026368
0.0715
0.138711
0.144933
0.15915600000000002
0.13577799999999998
0.090306
0.037523
0.001417
0.0
0.0
0.0
0.0
0.0
0.0
0.0
0.0
0.0
0.0
0.0
0.0
0.0
0.0
1e-06
0.060943
0.08074200000000001
0.095081
0.12172
0.133169
0.10382599999999999
0.095189
0.046373
0.0009260000000000001
0.0
0.0
0.0
0.0
0.0
0.0
0.0
0.0
0.0
0.0
0.0
0.0
0.0
0.0
0.015938
0.047640999999999996
0.090972
0.119211
0.187274
0.106636
0.107744
0.095888
0.046606
0.001003
0.0
0.0
0.0
0.0
0.0
0.0
0.0
0.0
0.0
0.0
0.0
0.0
0.0
0.0
0.026273
0.040898000000000004
0.09464199999999999
0.162926
0.140724
0.129827
0.09615900000000001
0.060639000000000005
0.02904
0.008266
0.0
0.0
0.0
0.0
0.0
0.0
0.0
0.0
0.0
0.0
0.0
0.0
0.0
0.0
0.04519
0.030122
0.09535500000000001
0.130213
0.1452
0.169247
0.144313
0.051564
0.0245
0.0048920000000000005
0.0
0.0
0.0
0.0
0.0
0.0
0.0
0.0
0.0
0.0
0.0
0.0
0.0
0.0
0.012287000000000001
0.035916
0.083554
0.13093700000000003
0.15515700000000002
0.17587799999999998
0.105771
0.094935
0.019705999999999998
0.007769
0.0
0.0
0.0
0.0
0.0
0.0
0.0
0.0
0.0
0.0
0.0
0.0
0.0
0.0
8.999999999999999e-05
0.050525
0.037238
0.13664099999999998
0.23231100000000002
0.212134
0.13856800000000002
0.054877
0.050053
0.000945
0.0
0.0
0.0
0.0
0.0
0.0
0.0
0.0
0.0
0.0
0.0
0.0
0.0
0.0
0.021901
0.057652
0.109469
0.125294
0.204991
0.174647
0.161582
0.10172400000000001
0.017035
0.0
0.0
0.0
0.0
0.0
0.0
0.0
0.0
0.0
0.0
0.0
0.0
0.0
0.0
0.0
0.03592
0.066596
0.09794499999999999
0.139504
0.21149199999999999
0.15628299999999998
0.117073
0.108313
0.042906
0.0059770000000000005
0.0
0.0
0.0
0.0
0.0
0.0
0.0
0.0
0.0
0.0
0.0
0.0
0.0
0.0
0.030657
0.045722
0.106142
0.183888
0.179111
0.213699
0.122634
0.09096
0.023451
0.006843
0.0
0.0
0.0
0.0
0.0
0.0
0.0
0.0
0.0
0.0
0.0
0.0
0.0
0.0
0.014863
0.077628
0.12436799999999999
0.176857
0.196916
0.17691900000000002
0.16936400000000001
0.06993600000000001
0.021402
0.002613
0.0
0.0
0.0
0.0
0.0
0.0
0.0
0.0
0.0
0.0
0.0
0.0
0.0
0.0
0.034061999999999995
0.097747
0.127326
0.148621
0.213814
0.190216
0.132216
0.07112399999999999
0.025046
0.004764999999999999
0.0
0.0
0.0
0.0
0.0
0.0
0.0
0.0
0.0
0.0
0.0
0.0
0.0
0.0
0.030437000000000002
0.09629
0.10688299999999999
0.182281
0.159316
0.143786
0.099893
0.069038
0.023576
0.002166
0.0
0.0
0.0
0.0
0.0
0.0
0.0
0.0
0.0
0.0
0.0
0.0
0.0
0.0
0.00732
0.094331
0.12819999999999998
0.187841
0.216446
0.233858
0.147841
0.120367
0.06297699999999999
0.003961
0.0
0.0
0.0
0.0
0.0
0.0
0.0
0.0
0.0
0.0
0.0
0.0
0.0
0.0
0.050235999999999996
0.073295
0.070135
0.178373
0.233019
0.198823
0.145303
0.088381
0.032365000000000005
0.0043490000000000004
0.0
0.0
0.0
0.0
0.0
0.0
0.0
0.0
0.0
0.0
0.0
0.0
0.0
0.0
0.0
0.016803000000000002
0.036287
0.053182
0.047085999999999996
0.080579
0.139678
0.019303
0.039746000000000004
0.0068449999999999995
0.0
0.0
0.0
0.0
0.0
0.0
0.0
0.0
0.0
0.0
0.0
0.0
0.0
0.001671
0.033902
0.07588299999999999
0.14221799999999998
0.180802
0.208063
0.216762
0.156018
0.101634
0.040551000000000004
0.013271000000000002
0.0
0.0
0.0
0.0
0.0
0.0
0.0
0.0
0.0
0.0
0.0
0.0
0.0
0.0016719999999999999
0.020065000000000003
0.076486
0.22316
0.18496600000000002
0.21453
0.20668199999999998
0.16201300000000002
0.10112099999999999
0.038355
0.009372
0.0
0.0
0.0
0.0
0.0
0.0
0.0
0.0
0.0
0.0
0.0
0.0
0.0
0.0
0.039415
0.060164
0.156478
0.177861
0.190325
0.15957400000000002
0.096167
0.06811
0.024605000000000002
0.0
0.0
0.0
0.0
0.0
0.0
0.0
0.0
0.0
0.0
0.0
0.0
0.0
0.0
0.0
0.039310000000000005
0.065253
0.146711
0.123082
0.220979
0.218802
0.162964
0.147685
0.031465
0.0027719999999999997
0.0
0.0
0.0
0.0
0.0
0.0
0.0
0.0
0.0
0.0
0.0
0.0
0.0
0.0
0.047019
0.09562699999999999
0.177563
0.24907400000000002
0.221634
0.235236
0.17191700000000001
0.109511
0.045221
0.017323
0.0
0.0
0.0
0.0
0.0
0.0
0.0
0.0
0.0
0.0
0.0
0.0
0.0
0.001973
0.031397
0.10351099999999999
0.18609
0.205607
0.23396
0.222019
0.179446
0.11959099999999999
0.055803
0.012369999999999999
0.0
0.0
0.0
0.0
0.0
0.0
0.0
0.0
0.0
0.0
0.0
0.0
0.0
0.0
0.049576
0.09776900000000001
0.154379
0.177998
0.23469900000000002
0.23400800000000002
0.184917
0.119274
0.079138
0.008006000000000001
0.0
0.0
0.0
0.0
0.0
0.0
0.0
0.0
0.0
0.0
0.0
0.0
0.0
0.000877
0.049508
0.099435
0.210571
0.210655
0.232535
0.194239
0.180244
0.147641
0.069715
0.006078
0.0
0.0
0.0
0.0
0.0
0.0
0.0
0.0
0.0
0.0
0.0
0.0
0.0
0.0
0.000155
0.12737099999999998
0.070062
0.062367
0.122143
0.081783
0.202298
0.150898
0.053305
0.011751
0.0
0.0
0.0
0.0
0.0
0.0
0.0
0.0
0.0
0.0
0.0
0.0
0.0
0.0
0.020683
0.096357
0.144297
0.144143
0.198989
0.205253
0.145737
0.053055
0.021530999999999998
0.0
0.0
0.0
0.0
0.0
0.0
0.0
0.0
0.0
0.0
0.0
0.0
0.0
0.0
0.0
0.047771
0.12374299999999999
0.151619
0.225305
0.265149
0.204589
0.190473
0.11272199999999999
0.052648
0.008946999999999998
0.0
0.0
0.0
0.0
0.0
0.0
0.0
0.0
0.0
0.0
0.0
0.0
0.0
0.012643000000000001
0.054216
0.113613
0.24144300000000002
0.23556200000000002
0.27501600000000004
0.249758
0.22298400000000002
0.16527
0.068459
0.012452
0.0
0.0
0.0
0.0
0.0
0.0
0.0
0.0
0.0
0.0
0.0
0.0
0.0
0.004607999999999999
0.06758499999999999
0.129829
0.203792
0.255579
0.311899
0.27401600000000004
0.202058
0.13869900000000002
0.10048399999999999
0.039776000000000006
0.0
0.0
0.0
0.0
0.0
0.0
0.0
0.0
0.0
0.0
0.0
0.0
0.0
0.009448
0.057637
0.158002
0.194995
0.196041
0.233534
0.239583
0.23585
0.19655
0.077809
0.027158
0.0
0.0
0.0
0.0
0.0
0.0
0.0
0.0
0.0
0.0
0.0
0.0
0.0
0.014417999999999999
0.07954800000000001
0.136822
0.17086500000000002
0.26684199999999997
0.425154
0.198119
0.14384
0.146568
0.09507399999999999
0.02942
0.0
0.0
0.0
0.0
0.0
0.0
0.0
0.0
0.0
0.0
0.0
0.0
0.0
0.007248999999999999
0.018407
0.036090000000000004
0.031087
0.027013000000000002
0.011755000000000002
0.011635999999999999
0.053808999999999996
0.148784
0.090196
0.012021
0.0
0.0
0.0
0.0
0.0
0.0
0.0
0.0
0.0
0.0
0.0
0.0
0.0
0.0
0.015895
0.057036
0.060985
0.026248999999999998
0.030563
0.008001
0.026831
0.001537
0.03365
0.018148
0.0
0.0
0.0
0.0
0.0
0.0
0.0
0.0
0.0
0.0
0.0
0.0
0.0
0.017305
0.074685
0.144331
0.14577400000000001
0.2154
0.321478
0.191861
0.14154
0.046366
0.022748
0.00347
0.0
0.0
0.0
0.0
0.0
0.0
0.0
0.0
0.0
0.0
0.0
0.0
0.0
0.0
0.0001
0.028734000000000003
0.026666
0.038744999999999995
0.018207
0.026521999999999997
0.007954
0.040995
0.04256
0.001391
0.0
0.0
0.0
0.0
0.0
0.0
0.0
0.0
0.0
0.0
0.0
0.0
0.0
0.021425999999999997
0.095474
0.225797
0.231299
0.29639499999999996
0.313786
0.269198
0.182756
0.203181
0.096444
0.035671
0.0
0.0
0.0
0.0
0.0
0.0
0.0
0.0
0.0
0.0
0.0
0.0
0.0
0.019189
0.08956399999999999
0.195919
0.25727300000000003
0.312141
0.340523
0.316693
0.278433
0.210048
0.117122
0.028727
0.0
0.0
0.0
0.0
0.0
0.0
0.0
0.0
0.0
0.0
0.0
0.0
0.0
0.022333
0.047508
0.104125
0.164019
0.277539
0.283323
0.277909
0.22964500000000002
0.137337
0.06683
0.019857
0.0
0.0
0.0
0.0
0.0
0.0
0.0
0.0
0.0
0.0
0.0
0.0
0.0
0.0
0.012307
0.016051
0.027251
0.08576600000000001
0.170077
0.13950800000000002
0.08579
0.06758199999999999
0.06272
0.027909
0.0
0.0
0.0
0.0
0.0
0.0
0.0
0.0
0.0
0.0
0.0
0.0
0.0
0.029523
0.10145699999999999
0.202305
0.280236
0.339051
0.34212400000000004
0.333897
0.29333
0.220483
0.12102500000000001
0.033544
0.0
0.0
0.0
0.0
0.0
0.0
0.0
0.0
0.0
0.0
0.0
0.0
0.0
0.031186
0.10452299999999999
0.203324
0.27174200000000004
0.331567
0.34827800000000003
0.34763900000000003
0.29187
0.210089
0.109586
0.028658000000000003
0.0
0.0
0.0
0.0
0.0
0.0
0.0
0.0
0.0
0.0
0.0
0.0
0.0
0.052396
0.130383
0.247368
0.276973
0.33290499999999995
0.35235500000000003
0.34378800000000004
0.296931
0.235142
0.12421299999999999
0.036173000000000004
0.0
0.0
0.0
0.0
0.0
0.0
0.0
0.0
0.0
0.0
0.0
0.0
0.0
0.034043
0.130143
0.209777
0.25392
0.374736
0.363999
0.346186
0.294419
0.21995599999999998
0.128107
0.03645
0.0
0.0
0.0
0.0
0.0
0.0
0.0
0.0
0.0
0.0
0.0
0.0
0.0
0.018574
0.02513
0.053337
0.096734
0.095746
0.148003
0.083768
0.032868
0.008052
0.0
0.0
0.0
0.0
0.0
0.0
0.0
0.0
0.0
0.0
0.0
0.0
0.0
0.0
0.0
0.009433
0.05152
0.08676099999999999
0.141563
0.146125
0.23281200000000002
0.197805
0.204404
0.111509
0.081619
0.026049
0.0
0.0
0.0
0.0
0.0
0.0
0.0
0.0
0.0
0.0
0.0
0.0
0.0
0.011577
0.082181
0.109529
0.213534
0.302033
0.22457
0.185527
0.186846
0.176146
0.130356
0.019099
0.0
0.0
0.0
0.0
0.0
0.0
0.0
0.0
0.0
0.0
0.0
0.0
0.0
0.046714
0.143506
0.264606
0.315803
0.37217700000000004
0.390565
0.372029
0.337386
0.262809
0.157972
0.05572
0.002408
0.0
0.0
0.0
0.0
0.0
0.0
0.0
0.0
0.0
0.0
0.0
0.0
0.008212
0.034165
0.072447
0.069799
0.12804300000000002
0.28674299999999997
0.398455
0.340132
0.268231
0.150455
0.052668
0.000941
0.0
0.0
0.0
0.0
0.0
0.0
0.0
0.0
0.0
0.0
0.0
0.0
0.024664000000000002
0.11387399999999999
0.260776
0.196304
0.182773
0.254501
0.145034
0.15137299999999998
0.08801600000000001
0.024679
0.005865
0.0
0.0
0.0
0.0
0.0
0.0
0.0
0.0
0.0
0.0
0.0
0.0
0.0
0.025162
0.133887
0.21522
0.23340799999999998
0.265567
0.33755399999999997
0.37612900000000005
0.243239
0.257081
0.157384
0.067201
0.0
0.0
0.0
0.0
0.0
0.0
0.0
0.0
0.0
0.0
0.0
0.0
0.0
0.076045
0.193845
0.26466300000000004
0.360404
0.40487900000000004
0.438751
0.406045
0.37273
0.28565199999999996
0.182979
0.07661499999999999
0.006465
0.0
0.0
0.0
0.0
0.0
0.0
0.0
0.0
0.0
0.0
0.0
0.002927
0.07254000000000001
0.18194200000000002
0.281389
0.354476
0.434202
0.424252
0.41014100000000003
0.36625
0.297548
0.19767099999999999
0.085762
0.008694
0.0
0.0
0.0
0.0
0.0
0.0
0.0
0.0
0.0
0.0
0.0
0.0028580000000000003
0.071945
0.164274
0.27808499999999997
0.304544
0.431041
0.4264
0.43005099999999996
0.356493
0.284842
0.181161
0.08852299999999999
0.005896
0.0
0.0
0.0
0.0
0.0
0.0
0.0
0.0
0.0
0.0
0.0
0.00381
0.088655
0.177527
0.288511
0.372988
0.412048
0.427952
0.41527600000000003
0.308577
0.197105
0.12296800000000001
0.078906
0.003061
0.0
0.0
0.0
0.0
0.0
0.0
0.0
0.0
0.0
0.0
0.0
0.0
0.0
0.014118
0.019763000000000003
0.057527999999999996
0.070271
0.097539
0.193467
0.175498
0.11796599999999999
0.079258
0.041186
0.0
0.0
0.0
0.0
0.0
0.0
0.0
0.0
0.0
0.0
0.0
0.0
0.0
0.003684
0.014129
0.013942999999999999
0.001379
0.009188
0.040415999999999994
0.093419
0.091279
0.227722
0.154884
0.058745
0.0056619999999999995
0.0
0.0
0.0
0.0
0.0
0.0
0.0
0.0
0.0
0.0
0.0
0.0
0.062417
0.16693100000000002
0.242989
0.3389
0.41545299999999996
0.452746
0.418929
0.37096300000000004
0.29995499999999997
0.193244
0.11515500000000001
0.018059000000000002
0.0
0.0
0.0
0.0
0.0
0.0
0.0
0.0
0.0
0.0
0.0
0.0
0.039666
0.14384899999999998
0.116758
0.219336
0.206708
0.24954400000000002
0.256976
0.22849799999999998
0.262843
0.109935
0.047853
0.000988
0.0
0.0
0.0
0.0
0.0
0.0
0.0
0.0
0.0
0.0
0.0
0.0
0.0
0.000164
0.024867
0.011510999999999999
0.045195
0.081694
0.036912
0.038585
0.022371
0.022834
0.016471
0.0
0.0
0.0
0.0
0.0
0.0
0.0
0.0
0.0
0.0
0.0
0.0
0.010018
0.09991
0.051743000000000004
0.271125
0.412457
0.447768
0.47054199999999996
0.449424
0.34845600000000004
0.215892
0.073424
0.012147999999999999
0.0
0.0
0.0
0.0
0.0
0.0
0.0
0.0
0.0
0.0
0.0
0.0
0.016153999999999998
0.112963
0.23349799999999998
0.349018
0.38820800000000005
0.443478
0.467508
0.461043
0.395626
0.357614
0.30999400000000005
0.12011
0.012763
0.0
0.0
0.0
0.0
0.0
0.0
0.0
0.0
0.0
0.0
0.0
0.017289000000000002
0.117882
0.229183
0.336144
0.380631
0.467784
0.46803300000000003
0.449189
0.410844
0.349894
0.225821
0.111295
0.011623
0.0
0.0
0.0
0.0
0.0
0.0
0.0
0.0
0.0
0.0
0.0
0.007855000000000001
0.098773
0.212335
0.296131
0.383841
0.41699400000000003
0.43007999999999996
0.445683
0.428131
0.32887700000000003
0.234337
0.12617799999999998
0.00594
0.0
0.0
0.0
0.0
0.0
0.0
0.0
0.0
0.0
0.0
0.0
0.009951
0.113916
0.214589
0.246508
0.34989299999999995
0.35441
0.366562
0.451698
0.38310700000000003
0.276021
0.091369
0.022483
0.0
0.0
0.0
0.0
0.0
0.0
0.0
0.0
0.0
0.0
0.0
0.0
0.0
0.02441
0.048064
0.09046
0.066458
0.12132
0.160029
0.100132
0.06831
0.043518999999999995
0.030848
0.013595000000000001
0.0
0.0
0.0
0.0
0.0
0.0
0.0
0.0
0.0
0.0
0.0
0.0
0.040977
0.156049
0.26924200000000004
0.353237
0.285683
0.28540499999999996
0.20431100000000002
0.19136799999999998
0.286611
0.232333
0.19787100000000002
0.12801099999999999
0.021402
0.0
0.0
0.0
0.0
0.0
0.0
0.0
0.0
0.0
0.0
0.0
0.008845
0.042454
0.064185
0.079639
0.17227199999999998
0.195531
0.12176300000000001
0.111031
0.113425
0.107247
0.08648600000000001
0.041962000000000006
0.0
0.0
0.0
0.0
0.0
0.0
0.0
0.0
0.0
0.0
0.0
0.0
0.0
0.031345
0.08625400000000001
0.09788899999999999
0.12053799999999999
0.16952199999999998
0.289685
0.319095
0.21944999999999998
0.15759399999999998
0.09587699999999999
0.037408000000000004
0.0
0.0
0.0
0.0
0.0
0.0
0.0
0.0
0.0
0.0
0.0
0.0
0.007638
0.161938
0.212174
0.37973399999999996
0.433863
0.47801499999999997
0.49082400000000004
0.46276
0.44239999999999996
0.34471199999999996
0.25175200000000003
0.126086
0.020612
0.0
0.0
0.0
0.0
0.0
0.0
0.0
0.0
0.0
0.0
0.0
0.052818
0.17459
0.28107
0.372035
0.442775
0.493829
0.495147
0.484828
0.436786
0.37295100000000003
0.26732100000000003
0.1463
0.026987999999999998
0.0
0.0
0.0
0.0
0.0
0.0
0.0
0.0
0.0
0.0
0.0
0.029507000000000002
0.112905
0.281432
0.38055
0.462649
0.486378
0.49723700000000004
0.496334
0.440163
0.371733
0.265023
0.095592
0.008962999999999999
0.0
0.0
0.0
0.0
0.0
0.0
0.0
0.0
0.0
0.0
0.0
0.013484999999999999
0.055256
0.060963
0.09660200000000001
0.13972
0.34321300000000005
0.42150299999999996
0.448486
0.45287
0.348517
0.254286
0.135668
0.012536
0.0
0.0
0.0
0.0
0.0
0.0
0.0
0.0
0.0
0.0
0.0
0.04772
0.172953
0.275873
0.339608
0.414981
0.359976
0.343462
0.454628
0.423343
0.307594
0.117518
0.057014
0.0
0.0
0.0
0.0
0.0
0.0
0.0
0.0
0.0
0.0
0.0
0.0
0.0
0.03729
0.09446500000000001
0.128388
0.217699
0.3599
0.499666
0.49348000000000003
0.413096
0.268509
0.139095
0.06307600000000001
0.0
0.0
0.0
0.0
0.0
0.0
0.0
0.0
0.0
0.0
0.0
0.0
0.0035240000000000002
0.099422
0.239401
0.374104
0.366106
0.508346
0.5153880000000001
0.45033999999999996
0.492406
0.269249
0.203529
0.063583
0.000803
0.0
0.0
0.0
0.0
0.0
0.0
0.0
0.0
0.0
0.0
0.0
0.00349
0.052793999999999994
0.186381
0.38821300000000003
0.382574
0.5300710000000001
0.47676100000000005
0.43733999999999995
0.44501
0.35720100000000005
0.204014
0.14324299999999998
0.040328
0.0
0.0
0.0
0.0
0.0
0.0
0.0
0.0
0.0
0.0
0.0
0.001514
0.042147
0.082555
0.133969
0.25144900000000003
0.38831
0.525404
0.502841
0.47042
0.399571
0.29118900000000003
0.09951
0.030737999999999998
0.0
0.0
0.0
0.0
0.0
0.0
0.0
0.0
0.0
0.0
0.0
0.021895
0.07188
0.10280299999999999
0.142507
0.385456
0.384318
0.486113
0.508474
0.462118
0.385864
0.24479599999999999
0.122325
0.043421999999999995
0.0
0.0
0.0
0.0
0.0
0.0
0.0
0.0
0.0
0.0
0.0
0.029826000000000002
0.065028
0.152941
0.190281
0.130902
0.195459
0.410178
0.35739299999999996
0.11615
0.072249
0.030256
0.006023
0.0
0.0
0.0
0.0
0.0
0.0
0.0
0.0
0.0
0.0
0.0
0.0
0.019888000000000003
0.11565
0.218453
0.300927
0.474237
0.557101
0.437606
0.278177
0.369887
0.320728
0.137185
0.074809
0.012927
0.0
0.0
0.0
0.0
0.0
0.0
0.0
0.0
0.0
0.0
0.0
0.096774
0.225995
0.340295
0.434207
0.487435
0.420873
0.44242899999999996
0.5474450000000001
0.368588
0.49397199999999997
0.228936
0.13898500000000003
0.035633000000000005
0.0
0.0
0.0
0.0
0.0
0.0
0.0
0.0
0.0
0.0
0.0
0.08496899999999999
0.15888
0.269613
0.335553
0.393549
0.459681
0.453501
0.406906
0.29048599999999997
0.22511099999999998
0.147605
0.064681
0.008485
0.0
0.0
0.0
0.0
0.0
0.0
0.0
0.0
0.0
0.0
0.0
0.029128
0.222773
0.346332
0.44682499999999997
0.493968
0.54745
0.557608
0.527833
0.386347
0.28532
0.143881
0.046545
0.0
0.0
0.0
0.0
0.0
0.0
0.0
0.0
0.0
0.0
0.0
0.0
0.0
0.070477
0.120037
0.30931400000000003
0.354185
0.169636
0.41842399999999996
0.401255
0.367957
0.268777
0.221714
0.074336
0.015462
0.0
0.0
0.0
0.0
0.0
0.0
0.0
0.0
0.0
0.0
0.0
0.033072000000000004
0.12821100000000002
0.222845
0.471103
0.369842
0.42399200000000004
0.5242380000000001
0.5429039999999999
0.507302
0.42505200000000004
0.338989
0.21400999999999998
0.076026
0.0
0.0
0.0
0.0
0.0
0.0
0.0
0.0
0.0
0.0
0.0
0.016533000000000003
0.039852
0.08065699999999999
0.13874
0.148211
0.16191
0.17186400000000002
0.10543000000000001
0.088901
0.075173
0.014263
0.009583
0.001287
0.0
0.0
0.0
0.0
0.0
0.0
0.0
0.0
0.0
0.0
0.0
0.053994
0.193392
0.17099799999999998
0.230214
0.125743
0.183416
0.302075
0.489544
0.47093
0.28182100000000004
0.347474
0.229601
0.040526000000000006
0.0
0.0
0.0
0.0
0.0
0.0
0.0
0.0
0.0
0.0
0.0
4.1e-05
0.046198
0.15251599999999998
0.37645100000000004
0.417834
0.547008
0.559409
0.42196100000000003
0.214167
0.083016
0.0037519999999999997
0.022889
0.007535
0.0
0.0
0.0
0.0
0.0
0.0
0.0
0.0
0.0
0.0
0.001689
0.13660499999999998
0.226811
0.383877
0.409414
0.51379
0.5872029999999999
0.530596
0.5834640000000001
0.52397
0.463764
0.316446
0.237882
0.081072
0.0
0.0
0.0
0.0
0.0
0.0
0.0
0.0
0.0
0.0
0.003634
0.126062
0.21708000000000002
0.358867
0.410125
0.395274
0.5519550000000001
0.508026
0.5633210000000001
0.445041
0.4674
0.338845
0.203829
0.037893
0.0
0.0
0.0
0.0
0.0
0.0
0.0
0.0
0.0
0.0
0.0
0.027187000000000003
0.048464
0.211087
0.204014
0.2687
0.205083
0.165917
0.171399
0.10337099999999999
0.12146299999999999
0.091352
0.036014000000000004
0.009379
0.0
0.0
0.0
0.0
0.0
0.0
0.0
0.0
0.0
0.0
0.0
0.0
0.0
0.018262
0.053686
0.063992
0.165692
0.13980199999999998
0.323318
0.414096
0.396081
0.345048
0.211857
0.028347999999999998
0.0
0.0
0.0
0.0
0.0
0.0
0.0
0.0
0.0
0.0
0.0
0.014272
0.055740000000000005
0.16049100000000002
0.233157
0.306955
0.34464
0.403839
0.226981
0.369093
0.194159
0.18626099999999998
0.082278
0.06818099999999999
0.0
0.0
0.0
0.0
0.0
0.0
0.0
0.0
0.0
0.0
0.0
0.042546999999999995
0.12016800000000001
0.308625
0.307656
0.368361
0.574394
0.600521
0.611278
0.543984
0.47295499999999996
0.386241
0.26375400000000004
0.13275
0.0
0.0
0.0
0.0
0.0
0.0
0.0
0.0
0.0
0.0
0.000855
0.03821
0.085515
0.192175
0.26079399999999997
0.456347
0.58311
0.457078
0.40730500000000003
0.42022699999999996
0.30752300000000005
0.128413
0.070892
0.057246000000000005
0.0
0.0
0.0
0.0
0.0
0.0
0.0
0.0
0.0
0.0
0.0
0.0
0.008039999999999999
0.019739999999999997
0.030009
0.034398000000000005
0.061472
0.120474
0.075887
0.080179
0.124311
0.200516
0.183277
0.138016
0.0
0.0
0.0
0.0
0.0
0.0
0.0
0.0
0.0
0.0
0.0
0.03096
0.11795
0.239809
0.372529
0.360948
0.18293399999999999
0.24452600000000002
0.17135499999999998
0.15421
0.08625400000000001
0.055049
0.048326
0.1107
0.0
0.0
0.0
0.0
0.0
0.0
0.0
0.0
0.0
0.0
0.0
0.020878
0.060122999999999996
0.14801499999999998
0.257612
0.491356
0.517381
0.621728
0.508797
0.5545180000000001
0.487239
0.367774
0.202057
0.090622
0.0
0.0
0.0
0.0
0.0
0.0
0.0
0.0
0.0
0.0
0.020005
0.185114
0.310738
0.42267200000000005
0.515125
0.58056
0.61813
0.637649
0.615876
0.569141
0.286223
0.368399
0.276106
0.160274
0.0
0.0
0.0
0.0
0.0
0.0
0.0
0.0
0.0
0.0
0.01455
0.157812
0.280028
0.388672
0.486482
0.535986
0.5675439999999999
0.5535789999999999
0.542177
0.517008
0.461944
0.349063
0.211418
0.047217
0.0
0.0
0.0
0.0
0.0
0.0
0.0
0.0
0.0
0.0
0.0
0.044058
0.046295
0.169707
0.210839
0.243118
0.377524
0.415805
0.464424
0.448837
0.391369
0.22250899999999998
0.133478
0.066427
0.000131
0.0
0.0
0.0
0.0
0.0
0.0
0.0
0.0
0.0
0.0
0.020271
0.04186
0.056542
0.074465
0.108363
0.11611
0.10731399999999999
0.094602
0.08600100000000001
0.087229
0.075779
0.024655999999999997
0.018364000000000002
0.0
0.0
0.0
0.0
0.0
0.0
0.0
0.0
0.0
0.0
0.001165
0.114895
0.258072
0.380838
0.5266259999999999
0.594562
0.624839
0.636105
0.628282
0.578616
0.5641390000000001
0.263717
0.248106
0.174534
0.0
0.0
0.0
0.0
0.0
0.0
0.0
0.0
0.0
0.0
0.032638
0.205987
0.335673
0.445749
0.5328160000000001
0.5990890000000001
0.6526000000000001
0.649529
0.630793
0.6074890000000001
0.477644
0.35504
0.307802
0.17632
0.006893
0.0
0.0
0.0
0.0
0.0
0.0
0.0
0.0
0.0
0.016552
0.205917
0.330843
0.44505700000000004
0.534058
0.5961810000000001
0.636124
0.667938
0.425918
0.45140600000000003
0.328801
0.136859
0.199887
0.200119
0.015099
0.0
0.0
0.0
0.0
0.0
0.0
0.0
0.0
0.0
0.0
0.07556600000000001
0.311052
0.438472
0.436778
0.5790700000000001
0.589232
0.612833
0.614279
0.579577
0.51179
0.428116
0.319032
0.191252
0.015051
0.0
0.0
0.0
0.0
0.0
0.0
0.0
0.0
0.0
0.042788
0.199324
0.324838
0.433104
0.512531
0.5747709999999999
0.612054
0.622645
0.60778
0.571681
0.505788
0.418149
0.269079
0.110059
0.000892
0.0
0.0
0.0
0.0
0.0
0.0
0.0
0.0
0.0
0.0036810000000000002
0.060121
0.128697
0.14240899999999998
0.182452
0.5558150000000001
0.28944200000000003
0.36291
0.209324
0.36145900000000003
0.30562
0.132517
0.080827
0.015524
0.0
0.0
0.0
0.0
0.0
0.0
0.0
0.0
0.0
0.0
0.0
0.062723
0.287113
0.442437
0.53418
0.600482
0.628889
0.6351979999999999
0.619929
0.570828
0.520298
0.439262
0.324716
0.197662
0.023997
0.0
0.0
0.0
0.0
0.0
0.0
0.0
0.0
0.0
0.0
0.119672
0.21922
0.253627
0.375846
0.533081
0.620965
0.6320549999999999
0.636574
0.584868
0.527568
0.447544
0.32842899999999997
0.19604
0.024981000000000003
0.0
0.0
0.0
0.0
0.0
0.0
0.0
0.0
0.0
0.0041849999999999995
0.077226
0.245161
0.316127
0.5350199999999999
0.315396
0.505235
0.542276
0.5611459999999999
0.522649
0.45451600000000003
0.386036
0.328629
0.20043799999999998
0.026411999999999998
0.0
0.0
0.0
0.0
0.0
0.0
0.0
0.0
0.0
0.002726
0.189639
0.330858
0.434379
0.528069
0.597822
0.62489
0.6389109999999999
0.614248
0.578874
0.508655
0.445975
0.336433
0.205481
0.034966000000000004
0.0
0.0
0.0
0.0
0.0
0.0
0.0
0.0
0.0
0.052201
0.053946
0.16184
0.409825
0.483342
0.470495
0.245884
0.25251
0.221364
0.116494
0.13891599999999998
0.156774
0.052725
0.001502
0.0
0.0
0.0
0.0
0.0
0.0
0.0
0.0
0.0
0.0
0.0
0.0
6.3e-05
0.045388
0.117967
0.13391399999999998
0.117074
0.13636500000000001
0.15965700000000002
0.115213
0.114008
0.087664
0.030726
0.003564
0.0
0.0
0.0
0.0
0.0
0.0
0.0
0.0
0.0
0.0
0.0
0.0014470000000000002
0.045687
0.07452299999999999
0.098973
0.310899
0.323459
0.197875
0.147283
0.253629
0.194321
0.198749
0.172563
0.07123600000000001
0.002492
0.0
0.0
0.0
0.0
0.0
0.0
0.0
0.0
0.0
0.0
0.032809
0.070551
0.10751000000000001
0.282063
0.32830200000000004
0.35687
0.222941
0.173787
0.172933
0.148922
0.10370099999999999
0.08240600000000001
0.046352
0.005777999999999999
0.0
0.0
0.0
0.0
0.0
0.0
0.0
0.0
0.0
0.006672
0.15637
0.299405
0.42527699999999996
0.512808
0.574705
0.611308
0.635586
0.5310069999999999
0.381399
0.28566199999999997
0.36240300000000003
0.150393
0.241921
0.048738
0.0
0.0
0.0
0.0
0.0
0.0
0.0
0.0
0.0
0.031942
0.215444
0.234799
0.29004
0.528263
0.591024
0.6222709999999999
0.641816
0.6284740000000001
0.585303
0.536311
0.391092
0.215791
0.127755
0.005978
0.0
0.0
0.0
0.0
0.0
0.0
0.0
0.0
0.0
0.045689
0.20973599999999998
0.327673
0.397973
0.5251330000000001
0.5881369999999999
0.618878
0.6263540000000001
0.6354829999999999
0.502852
0.502648
0.43289999999999995
0.34236500000000003
0.09859699999999999
0.045763
0.0
0.0
0.0
0.0
0.0
0.0
0.0
0.0
0.0
0.0
0.024457999999999997
0.080881
0.114563
0.16459000000000001
0.201321
0.18589599999999998
0.25909
0.392452
0.453081
0.375753
0.246876
0.09732500000000001
0.051033
0.003519
0.0
0.0
0.0
0.0
0.0
0.0
0.0
0.0
0.0
0.0010969999999999999
0.050688000000000004
0.095053
0.12271699999999999
0.182195
0.25711
0.301745
0.400449
0.532704
0.580489
0.497473
0.36630900000000005
0.19236799999999998
0.08438
0.001803
0.0
0.0
0.0
0.0
0.0
0.0
0.0
0.0
0.0
0.0
0.037422
0.076006
0.211974
0.245802
0.17653
0.24975299999999998
0.34707499999999997
0.31803899999999996
0.330573
0.128399
0.072598
0.032570999999999996
0.01604
0.0
0.0
0.0
0.0
0.0
0.0
0.0
0.0
0.0
0.0
0.0
0.008172
0.0014019999999999998
0.019366
0.061121
0.106652
0.085088
0.114122
0.101377
0.07958499999999999
0.063376
0.046674
0.034694
0.011753999999999999
0.0
0.0
0.0
0.0
0.0
0.0
0.0
0.0
0.0
0.0
0.003371
0.011593
0.047148
0.070393
0.052728000000000004
0.07400799999999999
0.029623
0.027385000000000003
0.025946999999999998
0.055193
0.151809
0.33976799999999996
0.212416
0.129304
0.066396
0.0
0.0
0.0
0.0
0.0
0.0
0.0
0.0
0.0
0.0
0.033136000000000006
0.08677
0.17178
0.303205
0.27197000000000005
0.27848399999999995
0.284634
0.304805
0.403549
0.5028980000000001
0.400565
0.296242
0.10798300000000001
0.10318300000000001
0.0
0.0
0.0
0.0
0.0
0.0
0.0
0.0
0.0
0.0054340000000000005
0.066953
0.096236
0.201172
0.470589
0.560969
0.572517
0.6380950000000001
0.537563
0.5375449999999999
0.5215650000000001
0.433969
0.371877
0.268604
0.09799200000000001
0.0
0.0
0.0
0.0
0.0
0.0
0.0
0.0
0.0
0.000865
0.043729
0.077732
0.084805
0.042923
0.026038
0.021413
0.023477
0.059294
0.120316
0.112623
0.127384
0.110393
0.061049
0.03009
0.0
0.0
0.0
0.0
0.0
0.0
0.0
0.0
0.0
0.0
0.061022
0.098778
0.333411
0.238397
0.379147
0.501721
0.45337299999999997
0.555615
0.250541
0.148755
0.151999
0.091594
0.046854
0.008944
0.0
0.0
0.0
0.0
0.0
0.0
0.0
0.0
0.0
0.000879
0.119397
0.1748
0.21160900000000002
0.45076299999999997
0.340269
0.285585
0.21896700000000002
0.26310300000000003
0.181233
0.14133099999999998
0.054148
0.02043
8e-05
0.0
0.0
0.0
0.0
0.0
0.0
0.0
0.0
0.0
0.0
0.001438
0.12281399999999999
0.25024799999999997
0.377701
0.44198000000000004
0.382863
0.196145
0.11189400000000001
0.09703300000000001
0.130095
0.129978
0.07728499999999999
0.019957
0.020053
0.010019
0.0
0.0
0.0
0.0
0.0
0.0
0.0
0.0
0.0
0.0
0.062199
0.116622
0.277067
0.260735
0.246257
0.5410320000000001
0.384975
0.550889
0.456375
0.22190100000000001
0.313733
0.27710500000000005
0.223709
0.094235
0.0
0.0
0.0
0.0
0.0
0.0
0.0
0.0
0.0
0.0
0.157601
0.205963
0.23845
0.5408010000000001
0.46587599999999996
0.638695
0.6710130000000001
0.658624
0.6100890000000001
0.560411
0.42594600000000005
0.331572
0.126619
0.023547000000000002
0.0
0.0
0.0
0.0
0.0
0.0
0.0
0.0
0.0
0.003474
0.057108
0.09818500000000001
0.149583
0.319866
0.579663
0.5714239999999999
0.42185300000000003
0.387457
0.409138
0.173966
0.138321
0.056935
0.024809
0.0
0.0
0.0
0.0
0.0
0.0
0.0
0.0
0.0
0.0
0.051247
0.233648
0.305798
0.44810500000000003
0.383201
0.609228
0.698783
0.5825710000000001
0.654239
0.551678
0.29591300000000004
0.133279
0.118816
0.047716999999999996
0.045438
0.0
0.0
0.0
0.0
0.0
0.0
0.0
0.0
0.0
0.040763
0.089874
0.27328600000000003
0.399409
0.531669
0.590973
0.634586
0.648139
0.6366649999999999
0.636634
0.55933
0.48276100000000005
0.38542200000000004
0.26360500000000003
0.122672
0.0
0.0
0.0
0.0
0.0
0.0
0.0
0.0
0.0
0.071265
0.12362999999999999
0.347022
0.437274
0.501166
0.627324
0.651848
0.638174
0.6321169999999999
0.594459
0.515626
0.44083100000000003
0.396775
0.26138
0.104546
0.0
0.0
0.0
0.0
0.0
0.0
0.0
0.0
0.0
0.0
0.037808
0.090909
0.125715
0.195502
0.296067
0.379809
0.493833
0.415634
0.472031
0.5600470000000001
0.484625
0.39019099999999995
0.266491
0.11069799999999999
0.0
0.0
0.0
0.0
0.0
0.0
0.0
0.0
0.0
0.0007880000000000001
0.033633
0.134995
0.233475
0.35932600000000003
0.45310300000000003
0.496421
0.620457
0.672567
0.6191760000000001
0.543418
0.479671
0.324007
0.126584
0.056286
0.0
0.0
0.0
0.0
0.0
0.0
0.0
0.0
0.0
0.00645
0.058383000000000004
0.17630099999999999
0.45026299999999997
0.53492
0.6029370000000001
0.641715
0.585016
0.633017
0.466314
0.393882
0.200626
0.07106699999999999
0.051272
0.022317
0.0
0.0
0.0
0.0
0.0
0.0
0.0
0.0
0.0
0.0
0.005764
0.013859
0.040874
0.046807
0.056491
0.156047
0.104149
0.0339
0.029469000000000002
0.025913
0.026161999999999998
0.052791
0.067315
0.028974
0.0
0.0
0.0
0.0
0.0
0.0
0.0
0.0
0.0
0.0042510000000000004
0.170525
0.3476
0.429428
0.554687
0.6230330000000001
0.6478440000000001
0.589152
0.372564
0.292643
0.155622
0.117522
0.105922
0.06835
0.027169000000000002
0.0
0.0
0.0
0.0
0.0
0.0
0.0
0.0
0.0
0.0
0.125512
0.22612000000000002
0.340978
0.325475
0.584807
0.58193
0.6516280000000001
0.493691
0.225275
0.135829
0.113456
0.054212
0.008098000000000001
0.0
0.0
0.0
0.0
0.0
0.0
0.0
0.0
0.0
0.0
0.0
0.047404
0.11954600000000001
0.308093
0.31866500000000003
0.571821
0.516957
0.677569
0.549308
0.533613
0.541865
0.33213600000000004
0.161672
0.13375
0.123356
0.0
0.0
0.0
0.0
0.0
0.0
0.0
0.0
0.0
0.039374
0.141875
0.225796
0.46981799999999996
0.516525
0.563827
0.65332
0.644085
0.6651180000000001
0.634839
0.580369
0.5027699999999999
0.40153500000000003
0.276468
0.138826
0.0
0.0
0.0
0.0
0.0
0.0
0.0
0.0
0.0
0.0
0.025022
0.23346899999999998
0.452651
0.545117
0.609933
0.650737
0.674597
0.674352
0.622145
0.575823
0.49848899999999996
0.392155
0.272249
0.123829
0.0
0.0
0.0
0.0
0.0
0.0
0.0
0.0
0.0
0.0032069999999999998
0.120562
0.240953
0.38806
0.462036
0.612842
0.651158
0.6532960000000001
0.64751
0.624887
0.563294
0.48488400000000004
0.38823399999999997
0.26799
0.12382299999999999
0.0
0.0
0.0
0.0
0.0
0.0
0.0
0.0
0.0
0.006825
0.147224
0.32441899999999996
0.418346
0.499236
0.5866290000000001
0.6472899999999999
0.661495
0.595081
0.6016130000000001
0.5696380000000001
0.38495100000000004
0.311958
0.18682400000000002
0.080265
0.0
0.0
0.0
0.0
0.0
0.0
0.0
0.0
0.0
0.0
0.035011
0.093658
0.20546199999999998
0.350644
0.386991
0.5160410000000001
0.601059
0.590915
0.631454
0.5700449999999999
0.40809500000000004
0.381245
0.217338
0.126408
0.0
0.0
0.0
0.0
