0.0
0.0
0.0
0.0
0.0
0.0
0.0
0.0
0.16018000000000002
0.352605
0.506782
0.620596
0.650513
0.616537
0.43235500000000004
0.41239299999999995
0.16420099999999999
0.0
0.0
0.0
0.0
0.0
0.0
0.0
0.0
0.0
0.0
0.0
0.0
0.0
0.0
0.000364
0.079874
0.3197
0.5579400000000001
0.587703
0.298223
0.688407
0.611321
0.439834
0.183429
0.00164
0.0
0.0
0.0
0.0
0.0
0.0
0.0
0.0
0.0
0.0
0.0
0.0
0.0
0.0005629999999999999
0.155234
0.3019
0.450109
0.642241
0.6422190000000001
0.269003
0.6143160000000001
0.452702
0.18960300000000002
0.001815
0.0
0.0
0.0
0.0
0.0
0.0
0.0
0.0
0.0
0.0
0.0
0.0
0.0
0.0
0.09042
0.347449
0.5202559999999999
0.6388010000000001
0.425477
0.6524260000000001
0.567187
0.434358
0.184366
0.00066
0.0
0.0
0.0
0.0
0.0
0.0
0.0
0.0
0.0
0.0
0.0
0.0
0.0
0.0
0.158872
0.343508
0.527154
0.598572
0.628994
0.610844
0.539278
0.401915
0.16973
0.0
0.0
0.0
0.0
0.0
0.0
0.0
0.0
0.0
0.0
0.0
0.0
0.0
0.0
0.000694
0.159696
0.31636000000000003
0.231613
0.600974
0.686846
0.684726
0.619506
0.444775
0.210593
0.001411
0.0
0.0
0.0
0.0
0.0
0.0
0.0
0.0
0.0
0.0
0.0
0.0
0.0
0.0
0.017776
0.040098999999999996
0.059897
0.07375100000000001
0.07993800000000001
0.075298
0.062151000000000005
0.04315
0.020967
0.0009599999999999999
0.0
0.0
0.0
0.0
0.0
0.0
0.0
0.0
0.0
0.0
0.0
0.0
0.0
0.0037530000000000003
0.052605
0.10926699999999999
0.158919
0.193025
0.629499
0.19597
0.57939
0.49509699999999995
0.060055
0.013793
0.0
0.0
0.0
0.0
0.0
0.0
0.0
0.0
0.0
0.0
0.0
0.0
0.0
0.0030299999999999997
0.131256
0.264392
0.389378
0.170887
0.182742
0.5260090000000001
0.144097
0.101605
0.052988999999999994
0.012913
0.0
0.0
0.0
0.0
0.0
0.0
0.0
0.0
0.0
0.0
0.0
0.0
0.0
0.001271
0.03676
0.183489
0.271628
0.141264
0.372747
0.378043
0.33791899999999997
0.083988
0.24465399999999998
0.005678
0.0
0.0
0.0
0.0
0.0
0.0
0.0
0.0
0.0
0.0
0.0
0.0
0.0
0.0018080000000000001
0.07697799999999999
0.15415500000000001
0.44955700000000004
0.755246
0.625481
0.269851
0.592894
0.159716
0.084843
0.006888
0.0
0.0
0.0
0.0
0.0
0.0
0.0
0.0
0.0
0.0
0.0
0.0
0.0
0.001944
0.09569799999999999
0.35631799999999997
0.262824
0.653906
0.340763
0.32552800000000004
0.272258
0.194006
0.237617
0.009787
0.0
0.0
0.0
0.0
0.0
0.0
0.0
0.0
0.0
0.0
0.0
0.0
0.0
0.0
0.018394999999999998
0.040726
0.061406
0.07515000000000001
0.081337
0.076307
0.063317
0.044522
0.02243
0.001842
0.0
0.0
0.0
0.0
0.0
0.0
0.0
0.0
0.0
0.0
0.0
0.0
0.0
0.0
0.019452
0.041970999999999994
0.061813
0.07636
0.081667
0.077611
0.064513
0.044695
0.022535
0.0018939999999999999
0.0
0.0
0.0
0.0
0.0
0.0
0.0
0.0
0.0
0.0
0.0
0.0
0.0
0.0
0.019126999999999998
0.041256
0.060681
0.074788
0.08072700000000001
0.075976
0.063061
0.04392
0.022164000000000003
0.001841
0.0
0.0
0.0
0.0
0.0
0.0
0.0
0.0
0.0
0.0
0.0
0.0
0.0
0.001305
0.05181
0.10529999999999999
0.151825
0.18490299999999998
0.197191
0.187184
0.157058
0.11090900000000001
0.058893
0.010282
0.0
0.0
0.0
0.0
0.0
0.0
0.0
0.0
0.0
0.0
0.0
0.0
0.0
0.0
0.019518
0.042906
0.062666
0.077289
0.083345
0.07862999999999999
0.065321
0.045534
0.023346
0.001978
0.0
0.0
0.0
0.0
0.0
0.0
0.0
0.0
0.0
0.0
0.0
0.0
0.0
0.001418
0.047424999999999995
0.095027
0.13827799999999998
0.168422
0.180184
0.170784
0.142666
0.100551
0.052861
0.009128
0.0
0.0
0.0
0.0
0.0
0.0
0.0
0.0
0.0
0.0
0.0
0.0
0.0
0.00294
0.167376
0.363889
0.545841
0.6899160000000001
0.726657
0.7436520000000001
0.261591
0.514959
0.247048
0.003433
0.0
0.0
0.0
0.0
0.0
0.0
0.0
0.0
0.0
0.0
0.0
0.0
0.0
0.003414
0.089188
0.181092
0.10473
0.128506
0.137142
0.350111
0.310392
0.252471
0.200155
0.012972
0.0
0.0
0.0
0.0
0.0
0.0
0.0
0.0
0.0
0.0
0.0
0.0
0.0
0.0132
0.07496599999999999
0.14630500000000002
0.20882699999999998
0.251301
0.26816500000000004
0.254596
0.833333
0.6859829999999999
0.08229900000000001
0.016357
0.0
0.0
0.0
0.0
0.0
0.0
0.0
0.0
0.0
0.0
0.0
0.0
0.0
0.000816
0.17928
0.190345
0.558636
0.355047
0.7585069999999999
0.405951
0.647102
0.506297
0.269081
0.003993
0.0
0.0
0.0
0.0
0.0
0.0
0.0
0.0
0.0
0.0
0.0
0.0
0.0
0.0
0.020485
0.042938000000000004
0.06295
0.07702200000000001
0.08405
0.07804699999999999
0.064805
0.045808
0.024239999999999998
0.003307
0.0
0.0
0.0
0.0
0.0
0.0
0.0
0.0
0.0
0.0
0.0
0.0
0.0
0.0
0.020861
0.044056
0.06444799999999999
0.079994
0.085286
0.080603
0.067418
0.047670000000000004
0.024864999999999998
0.003476
0.0
0.0
0.0
0.0
0.0
0.0
0.0
0.0
0.0
0.0
0.0
0.0
0.0
0.0
0.022024000000000002
0.045481
0.066283
0.08120699999999999
0.087503
0.082657
0.068483
0.048506999999999995
0.025296
0.003613
0.0
0.0
0.0
0.0
0.0
0.0
0.0
0.0
0.0
0.0
0.0
0.0
0.0
0.001046
0.17862899999999998
0.38826799999999995
0.5829099999999999
0.699761
0.732713
0.704299
0.628298
0.489286
0.261139
0.002927
0.0
0.0
0.0
0.0
0.0
0.0
0.0
0.0
0.0
0.0
0.0
0.0
0.0
0.0018009999999999999
0.208832
0.449659
0.621672
0.714666
0.508296
0.514981
0.646517
0.504331
0.276432
0.002947
0.0
0.0
0.0
0.0
0.0
0.0
0.0
0.0
0.0
0.0
0.0
0.0
0.0
0.027896999999999998
0.361162
0.124737
0.176961
0.21319
0.227532
0.215659
0.18058600000000002
0.128782
0.481301
0.066255
0.0
0.0
0.0
0.0
0.0
0.0
0.0
0.0
0.0
0.0
0.0
0.0
0.0
0.007435
0.311721
0.363268
0.27297899999999997
0.66659
0.349271
0.331186
0.27805399999999997
0.20195500000000002
0.313507
0.020408000000000003
0.0
0.0
0.0
0.0
0.0
0.0
0.0
0.0
0.0
0.0
0.0
0.0
0.0
0.007051999999999999
0.18352600000000002
0.388283
0.576091
0.7246520000000001
0.778986
0.740118
0.268467
0.19396000000000002
0.314673
0.027112999999999998
0.0
0.0
0.0
0.0
0.0
0.0
0.0
0.0
0.0
0.0
0.0
0.0
0.0
7.000000000000001e-05
0.023918
0.047665
0.069492
0.084458
0.090644
0.08568300000000001
0.072252
0.051125
0.027857
0.005205
0.0
0.0
0.0
0.0
0.0
0.0
0.0
0.0
0.0
0.0
0.0
0.0
0.0
0.007981
0.089584
0.165957
0.459414
0.636561
0.63779
0.7219779999999999
0.597911
0.5278740000000001
0.32226299999999997
0.014276
0.0
0.0
0.0
0.0
0.0
0.0
0.0
0.0
0.0
0.0
0.0
0.0
0.0
0.00041099999999999996
0.027085
0.053417
0.077211
0.09405
0.10022299999999999
0.09578
0.080189
0.057167
0.031097
0.006477
0.0
0.0
0.0
0.0
0.0
0.0
0.0
0.0
0.0
0.0
0.0
0.0
0.0
0.0009419999999999999
0.027526
0.055068
0.078524
0.095815
0.102771
0.098032
0.082303
0.058822
0.032476
0.006655
0.0
0.0
0.0
0.0
0.0
0.0
0.0
0.0
0.0
0.0
0.0
0.0
0.0
0.002699
0.041088
0.07887999999999999
0.11273999999999999
0.136239
0.14527400000000001
0.137571
0.11598
0.082719
0.045923
0.010922000000000001
0.0
0.0
0.0
0.0
0.0
0.0
0.0
0.0
0.0
0.0
0.0
0.0
0.0
0.0052309999999999995
0.056854
0.10688800000000001
0.15102600000000002
0.182916
0.194261
0.184876
0.155168
0.11227200000000001
0.062808
0.016881
0.0
0.0
0.0
0.0
0.0
0.0
0.0
0.0
0.0
0.0
0.0
0.0
0.0
0.001274
0.029101
0.055758
0.079959
0.097135
0.10413700000000001
0.09948699999999999
0.082866
0.059474
0.033079
0.007412
0.0
0.0
0.0
0.0
0.0
0.0
0.0
0.0
0.0
0.0
0.0
0.0
0.0
0.001271
0.029082999999999998
0.056555999999999995
0.08071500000000001
0.097887
0.104499
0.098646
0.08283599999999999
0.059559
0.032714
0.007293999999999999
0.0
0.0
0.0
0.0
0.0
0.0
0.0
0.0
0.0
0.0
0.0
0.0
0.0
0.001247
0.029637
0.056076
0.080739
0.097497
0.10355500000000001
0.098841
0.08333499999999999
0.060084000000000005
0.033385
0.008031
0.0
0.0
0.0
0.0
0.0
0.0
0.0
0.0
0.0
0.0
0.0
0.0
0.0
0.02398
0.098255
0.17731200000000003
0.644693
0.29321600000000003
0.311423
0.833333
0.2516
0.654357
0.105874
0.033378
0.0
0.0
0.0
0.0
0.0
0.0
0.0
0.0
0.0
0.0
0.0
0.0
0.0
0.004606
0.047388
0.088007
0.123516
0.148993
0.159774
0.151571
0.128122
0.093206
0.053061
0.014784
0.0
0.0
0.0
0.0
0.0
0.0
0.0
0.0
0.0
0.0
0.0
0.0
0.0
0.001703
0.030552
0.057793
0.082635
0.099509
0.106669
0.10104
0.08523900000000001
0.06114
0.034296
0.008818
0.0
0.0
0.0
0.0
0.0
0.0
0.0
0.0
0.0
0.0
0.0
0.0
0.0
0.002221
0.031656
0.059122
0.08319
0.10098399999999999
0.10694100000000001
0.10219199999999999
0.08564
0.062158
0.035181
0.008886
0.0
0.0
0.0
0.0
0.0
0.0
0.0
0.0
0.0
0.0
0.0
0.0
0.0
0.023822
0.053625
0.098708
0.137899
0.16528700000000002
0.582591
0.16766399999999998
0.506449
0.103404
0.059755
0.04032
0.0
0.0
0.0
0.0
0.0
0.0
0.0
0.0
0.0
0.0
0.0
0.0
0.0
0.002214
0.032373
0.059639000000000005
0.084343
0.10123399999999999
0.108058
0.102262
0.086698
0.06254
0.03581
0.009589
0.0
0.0
0.0
0.0
0.0
0.0
0.0
0.0
0.0
0.0
0.0
0.0
0.0
0.0026829999999999996
0.032113
0.060051
0.083824
0.101578
0.10830200000000001
0.103059
0.087172
0.063419
0.035811
0.009588
0.0
0.0
0.0
0.0
0.0
0.0
0.0
0.0
0.0
0.0
0.0
0.0
0.0
0.0032890000000000003
0.032780000000000004
0.059823999999999995
0.08445
0.10203
0.108315
0.103649
0.087191
0.06331300000000001
0.036598
0.010385
0.0
0.0
0.0
0.0
0.0
0.0
0.0
0.0
0.0
0.0
0.0
0.0
0.0
0.0044329999999999994
0.033195999999999996
0.061377
0.086229
0.103203
0.110226
0.104838
0.088667
0.064531
0.0368
0.010468
0.0
0.0
0.0
0.0
0.0
0.0
0.0
0.0
0.0
0.0
0.0
0.0
0.0
0.039546
0.204124
0.13275299999999998
0.183478
0.21828399999999998
0.23218799999999998
0.221215
0.6322770000000001
0.5196810000000001
0.399207
0.046019
0.0
0.0
0.0
0.0
0.0
0.0
0.0
0.0
0.0
0.0
0.0
0.0
0.0
0.017748999999999997
0.215117
0.42836599999999997
0.6232369999999999
0.44467700000000004
0.7619640000000001
0.744349
0.665399
0.53179
0.330354
0.009462
0.0
0.0
0.0
0.0
0.0
0.0
0.0
0.0
0.0
0.0
0.0
0.0
0.0
0.051245
0.109428
0.47886900000000004
0.6806
0.30353199999999997
0.317838
0.30651799999999996
0.830234
0.19359800000000002
0.116725
0.04424
0.0
0.0
0.0
0.0
0.0
0.0
0.0
0.0
0.0
0.0
0.0
0.0
0.0
0.055439999999999996
0.248946
0.159341
0.217242
0.258083
0.27246
0.833333
0.784187
0.165828
0.099178
0.033576
0.0
0.0
0.0
0.0
0.0
0.0
0.0
0.0
0.0
0.0
0.0
0.0
0.0
0.038267
0.255518
0.502223
0.655573
0.750419
0.827793
0.389202
0.33191899999999996
0.575339
0.149094
0.018445
0.0
0.0
0.0
0.0
0.0
0.0
0.0
0.0
0.0
0.0
0.0
0.0
0.0
0.021062
0.12188800000000001
0.40504700000000005
0.584619
0.7119589999999999
0.751287
0.7356159999999999
0.660008
0.524753
0.3319
0.010772
0.0
0.0
0.0
0.0
0.0
0.0
0.0
0.0
0.0
0.0
0.0
0.0
0.0
0.11527899999999999
0.37147399999999997
0.159969
0.215908
0.262949
0.277546
0.266953
0.228102
0.170184
0.102494
0.036274
0.0
0.0
0.0
0.0
0.0
0.0
0.0
0.0
0.0
0.0
0.0
0.0
0.0
0.024038
0.226148
0.421696
0.341271
0.724395
0.466443
0.7345320000000001
0.669144
0.5428189999999999
0.319545
0.015252
0.0
0.0
0.0
0.0
0.0
0.0
0.0
0.0
0.0
0.0
0.0
0.0
0.0
0.11318399999999999
0.10782299999999999
0.184298
0.25124199999999997
0.833333
0.30776
0.29489699999999996
0.25461500000000004
0.18860300000000002
0.115714
0.042573
0.0
0.0
0.0
0.0
0.0
0.0
0.0
0.0
0.0
0.0
0.0
0.0
0.0
0.021701
0.075334
0.13006800000000002
0.17819
0.21124
0.22378299999999998
0.213787
0.182036
0.135509
0.08224200000000001
0.029449000000000003
0.0
0.0
0.0
0.0
0.0
0.0
0.0
0.0
0.0
0.0
0.0
0.0
0.0
0.042741
0.18859800000000002
0.19492400000000001
0.494471
0.6059439999999999
0.6661090000000001
0.772731
0.6266029999999999
0.5558909999999999
0.38098899999999997
0.047735
0.0
0.0
0.0
0.0
0.0
0.0
0.0
0.0
0.0
0.0
0.0
0.0
0.0
0.010394
0.040011000000000005
0.069268
0.096202
0.114231
0.121345
0.11597199999999999
0.098479
0.073238
0.044176
0.014909
0.0
0.0
0.0
0.0
0.0
0.0
0.0
0.0
0.0
0.0
0.0
0.0
0.0
0.011116
0.039778
0.069565
0.095845
0.11504500000000001
0.12173099999999999
0.115898
0.09903
0.073647
0.043906
0.015611
0.0
0.0
0.0
0.0
0.0
0.0
0.0
0.0
0.0
0.0
0.0
0.0
0.0
0.049427
0.20406100000000002
0.507646
0.716658
0.650664
0.716102
0.341236
0.294237
0.221357
0.40164
0.029712
0.0
0.0
0.0
0.0
0.0
0.0
0.0
0.0
0.0
0.0
0.0
0.0
0.0
0.05127
0.12315999999999999
0.205509
0.276125
0.32583100000000004
0.6930170000000001
0.833333
0.795788
0.546217
0.133126
0.052676
0.0
0.0
0.0
0.0
0.0
0.0
0.0
0.0
0.0
0.0
0.0
0.0
0.0
0.0509
0.227868
0.432211
0.618634
0.750943
0.815528
0.765027
0.733125
0.24812
0.380249
0.016190000000000003
0.0
0.0
0.0
0.0
0.0
0.0
0.0
0.0
0.0
0.0
0.0
0.0
0.0
0.030771
0.091183
0.151459
0.200637
0.23941300000000001
0.25349700000000003
0.2409
0.208915
0.157641
0.097515
0.038460999999999995
0.0
0.0
0.0
0.0
0.0
0.0
0.0
0.0
0.0
0.0
0.0
0.0
0.0
0.112327
0.388996
0.19332400000000002
0.259715
0.833333
0.32206
0.30493400000000004
0.26505
0.19965
0.125493
0.050984
0.0
0.0
0.0
0.0
0.0
0.0
0.0
0.0
0.0
0.0
0.0
0.0
0.0
0.024666
0.073034
0.121474
0.164629
0.19343700000000003
0.20491399999999999
0.195795
0.16761500000000001
0.127146
0.07844799999999999
0.030955
0.0
0.0
0.0
0.0
0.0
0.0
0.0
0.0
0.0
0.0
0.0
0.0
0.0
0.055421
0.134969
0.386318
0.29539499999999996
0.345317
0.7296050000000001
0.8101889999999999
0.7316520000000001
0.5820299999999999
0.39936
0.059563000000000005
0.0
0.0
0.0
0.0
0.0
0.0
0.0
0.0
0.0
0.0
0.0
0.0
0.0
0.046676999999999996
0.155895
0.132129
0.38515
0.465322
0.503436
0.50106
0.451795
0.13863999999999999
0.08614400000000001
0.035323
0.0
0.0
0.0
0.0
0.0
0.0
0.0
0.0
0.0
0.0
0.0
0.0
0.0
0.014372
0.043331
0.07383799999999999
0.099199
0.11801099999999999
0.124583
0.118999
0.102728
0.077038
0.047731
0.018685
0.0
0.0
0.0
0.0
0.0
0.0
0.0
0.0
0.0
0.0
0.0
0.0
0.0
0.014445
0.044124000000000003
0.07377800000000001
0.10017400000000001
0.118556
0.126338
0.121015
0.10306
0.07798300000000001
0.048408
0.018626
0.0
0.0
0.0
0.0
0.0
0.0
0.0
0.0
0.0
0.0
0.0
0.0
0.0
0.015479
0.044829999999999995
0.076049
0.102211
0.121754
0.12839099999999998
0.123001
0.10585299999999999
0.07942700000000001
0.049265
0.019736
0.0
0.0
0.0
0.0
0.0
0.0
0.0
0.0
0.0
0.0
0.0
0.0
0.0
0.015394999999999999
0.045171
0.07532299999999999
0.101884
0.11987300000000001
0.127436
0.121532
0.104485
0.07846299999999999
0.048977
0.019317
0.0
0.0
0.0
0.0
0.0
0.0
0.0
0.0
0.0
0.0
0.0
0.0
0.0
0.015179999999999999
0.044587
0.074902
0.101427
0.119363
0.1271
0.120117
0.103717
0.078137
0.048723
0.019952
0.0
0.0
0.0
0.0
0.0
0.0
0.0
0.0
0.0
0.0
0.0
0.0
0.0
0.053946
0.167486
0.140132
0.397827
0.21936699999999998
0.526975
0.510956
0.464077
0.383768
0.092501
0.103202
0.0
0.0
0.0
0.0
0.0
0.0
0.0
0.0
0.0
0.0
0.0
0.0
0.0
0.016193000000000003
0.046054000000000005
0.076965
0.10414
0.122828
0.130576
0.124946
0.107045
0.080584
0.050569
0.021204999999999998
0.0
0.0
0.0
0.0
0.0
0.0
0.0
0.0
0.0
0.0
0.0
0.0
0.0
0.027193000000000002
0.072213
0.117701
0.157613
0.184851
0.195601
0.18734399999999998
0.160656
0.122583
0.077455
0.03356
0.0
0.0
0.0
0.0
0.0
0.0
0.0
0.0
0.0
0.0
0.0
0.0
0.0
0.059087
0.171383
0.289952
0.168373
0.19781
0.5193949999999999
0.5109440000000001
0.17182
0.373666
0.08326900000000001
0.036418
0.0
0.0
0.0
0.0
0.0
0.0
0.0
0.0
0.0
0.0
0.0
0.0
0.0
0.01768
0.047264
0.076889
0.10329
0.122057
0.129084
0.123173
0.106279
0.080426
0.051164
0.02152
0.0
0.0
0.0
0.0
0.0
0.0
0.0
0.0
0.0
0.0
0.0
0.0
0.0
0.094053
0.108867
0.17515199999999997
0.230923
0.270115
0.797755
0.794937
0.23889500000000002
0.18322999999999998
0.479228
0.05289
0.0
0.0
0.0
0.0
0.0
0.0
0.0
0.0
0.0
0.0
0.0
0.0
0.0
0.15472999999999998
0.151564
0.239595
0.313164
0.833333
0.387469
0.371251
0.32162999999999997
0.248947
0.161126
0.074391
0.001091
0.0
0.0
0.0
0.0
0.0
0.0
0.0
0.0
0.0
0.0
0.0
0.0
0.038513
0.094581
0.151198
0.199837
0.234877
0.248266
0.23844900000000002
0.20600100000000002
0.15967599999999998
0.103193
0.046606
0.0
0.0
0.0
0.0
0.0
0.0
0.0
0.0
0.0
0.0
0.0
0.0
0.0
0.080638
0.108602
0.17115799999999998
0.52116
0.262755
0.627552
0.669658
0.23237100000000002
0.538902
0.117633
0.053772
0.0
0.0
0.0
0.0
0.0
0.0
0.0
0.0
0.0
0.0
0.0
0.0
0.0
0.019077999999999998
0.048512
0.07917
0.10507999999999999
0.124214
0.131343
0.126039
0.10880200000000001
0.08279399999999999
0.053243
0.023306999999999998
0.0
0.0
0.0
0.0
0.0
0.0
0.0
0.0
0.0
0.0
0.0
0.0
0.0
0.041622
0.251849
0.258699
0.6259049999999999
0.75688
0.790871
0.767011
0.690557
0.55495
0.367035
0.08612099999999999
0.0
0.0
0.0
0.0
0.0
0.0
0.0
0.0
0.0
0.0
0.0
0.0
0.0
0.089619
0.14678200000000002
0.229063
0.6306
0.347861
0.824913
0.818071
0.758257
0.238147
0.155932
0.126603
0.000252
0.0
0.0
0.0
0.0
0.0
0.0
0.0
0.0
0.0
0.0
0.0
0.0
0.02128
0.053439
0.085132
0.11286
0.132166
0.140315
0.134387
0.116262
0.088795
0.057549
0.025863
0.0
0.0
0.0
0.0
0.0
0.0
0.0
0.0
0.0
0.0
0.0
0.0
0.0
0.019861
0.049652999999999996
0.078884
0.10527299999999999
0.12284199999999999
0.129925
0.124331
0.107906
0.083026
0.053073
0.024465
0.0
0.0
0.0
0.0
0.0
0.0
0.0
0.0
0.0
0.0
0.0
0.0
0.0
0.020706
0.04986
0.079411
0.105593
0.123856
0.130323
0.124955
0.108652
0.083652
0.054342
0.024690999999999998
0.0
0.0
0.0
0.0
0.0
0.0
0.0
0.0
0.0
0.0
0.0
0.0
0.0
0.032226
0.07596599999999999
0.119582
0.157668
0.183729
0.19464099999999998
0.18734
0.162329
0.124822
0.08140399999999999
0.038409
0.0
0.0
0.0
0.0
0.0
0.0
0.0
0.0
0.0
0.0
0.0
0.0
0.0
0.032562
0.076708
0.120859
0.15813
0.185258
0.194756
0.18730000000000002
0.16197999999999999
0.126176
0.082356
0.038918
0.0
0.0
0.0
0.0
0.0
0.0
0.0
0.0
0.0
0.0
0.0
0.0
0.0
0.031873
0.072785
0.115333
0.151438
0.177035
0.187203
0.179207
0.155532
0.120761
0.078889
0.037427
8.7e-05
0.0
0.0
0.0
0.0
0.0
0.0
0.0
0.0
0.0
0.0
0.0
0.0
0.072995
0.095106
0.30835500000000005
0.423651
0.2287
0.547836
0.542215
0.48944299999999996
0.15578
0.103247
0.140931
0.003301
0.0
0.0
0.0
0.0
0.0
0.0
0.0
0.0
0.0
0.0
0.0
0.0
0.032852
0.074009
0.116096
0.152416
0.177828
0.18799100000000002
0.17999
0.15651099999999998
0.12148
0.079518
0.038175
0.00098
0.0
0.0
0.0
0.0
0.0
0.0
0.0
0.0
0.0
0.0
0.0
0.0
0.036406999999999995
0.080921
0.125741
0.165714
0.191683
0.201359
0.193327
0.167689
0.130589
0.086664
0.042195
0.001593
0.0
0.0
0.0
0.0
0.0
0.0
0.0
0.0
0.0
0.0
0.0
0.0
0.033024
0.072728
0.114028
0.147632
0.169559
0.1809
0.175166
0.153449
0.118659
0.078747
0.038188
0.00174
0.0
0.0
0.0
0.0
0.0
0.0
0.0
0.0
0.0
0.0
0.0
0.0
0.032794
0.072598
0.113759
0.149196
0.17176
0.181923
0.174018
0.150568
0.117056
0.077849
0.037897
0.001831
0.0
0.0
0.0
0.0
0.0
0.0
0.0
0.0
0.0
0.0
0.0
0.0
0.03257
0.073095
0.112248
0.14636500000000002
0.17101499999999997
0.17770599999999998
0.172599
0.151374
0.11746899999999999
0.07860500000000001
0.038626
0.0025150000000000003
0.0
0.0
0.0
0.0
0.0
0.0
0.0
0.0
0.0
0.0
0.0
0.0
0.039472
0.08612099999999999
0.132804
0.171421
0.200766
0.211481
0.197903
0.174953
0.137846
0.092157
0.04603
0.003787
0.0
0.0
0.0
0.0
0.0
0.0
0.0
0.0
0.0
0.0
0.0
0.0
0.035106
0.076548
0.225358
0.30044600000000005
0.356736
0.384232
0.382375
0.344003
0.28192
0.20966100000000001
0.040497
0.0052380000000000005
0.0
0.0
0.0
0.0
0.0
0.0
0.0
0.0
0.0
0.0
0.0
0.002202
0.055902
0.252589
0.40470100000000003
0.549254
0.648177
0.28452999999999995
0.27325
0.23785
0.538679
0.126002
0.064439
0.007845
0.0
0.0
0.0
0.0
0.0
0.0
0.0
0.0
0.0
0.0
0.0
0.0
0.08286199999999999
0.26074400000000003
0.611561
0.600307
0.394024
0.414675
0.397502
0.34730500000000003
0.595711
0.41880399999999995
0.137854
0.006683
0.0
0.0
0.0
0.0
0.0
0.0
0.0
0.0
0.0
0.0
0.0
0.0
0.040149000000000004
0.084176
0.128018
0.167101
0.194413
0.204983
0.19751
0.172201
0.134773
0.09047799999999999
0.046096
0.005503999999999999
0.0
0.0
0.0
0.0
0.0
0.0
0.0
0.0
0.0
0.0
0.0
0.0
0.034799
0.073239
0.112751
0.146235
0.170304
0.178392
0.17186400000000002
0.149924
0.11784900000000001
0.079131
0.039872
0.0043159999999999995
0.0
0.0
0.0
0.0
0.0
0.0
0.0
0.0
0.0
0.0
0.0
0.0
0.034684
0.07376
0.11270000000000001
0.146572
0.170326
0.17907499999999998
0.172764
0.15070599999999998
0.118212
0.079249
0.039955
0.005043
0.0
0.0
0.0
0.0
0.0
0.0
0.0
0.0
0.0
0.0
0.0
0.0
0.034737000000000004
0.074387
0.113706
0.14777
0.171732
0.18041200000000002
0.17356100000000002
0.151326
0.11828100000000001
0.079613
0.041021999999999996
0.005195
0.0
0.0
0.0
0.0
0.0
0.0
0.0
0.0
0.0
0.0
0.0
0.0029449999999999997
0.09806100000000001
0.236059
0.170146
0.21953899999999998
0.251803
0.614706
0.627281
0.22478700000000001
0.488311
0.37374799999999997
0.062715
0.013503
0.0
0.0
0.0
0.0
0.0
0.0
0.0
0.0
0.0
0.0
0.0
0.002569
0.079235
0.09469
0.290341
0.393933
0.466835
0.49856599999999995
0.21721700000000002
0.190966
0.374262
0.28166199999999997
0.052314
0.011702
0.0
0.0
0.0
0.0
0.0
0.0
0.0
0.0
0.0
0.0
0.0
0.003227
0.076136
0.081438
0.27326799999999996
0.362705
0.185108
0.45765
0.186528
0.41086500000000004
0.12828299999999998
0.251646
0.045699
0.007403
0.0
0.0
0.0
0.0
0.0
0.0
0.0
0.0
0.0
0.0
0.0
0.010153
0.076446
0.152807
0.228759
0.29300099999999996
0.337548
0.833333
0.340793
0.29917099999999996
0.237063
0.5498160000000001
0.086088
0.016485
0.0
0.0
0.0
0.0
0.0
0.0
0.0
0.0
0.0
0.0
0.0
0.005933
0.099256
0.22742500000000002
0.158349
0.20374899999999999
0.23529499999999998
0.608583
0.238937
0.548754
0.461569
0.11240900000000001
0.16894399999999998
0.011294
0.0
0.0
0.0
0.0
0.0
0.0
0.0
0.0
0.0
0.0
0.0
0.0031190000000000002
0.076337
0.233943
0.226729
0.511393
0.338915
0.35662900000000003
0.34228800000000004
0.616585
0.651913
0.412063
0.14472
0.017691
0.0
0.0
0.0
0.0
0.0
0.0
0.0
0.0
0.0
0.0
0.0
0.0056029999999999995
0.054396
0.108378
0.161798
0.207318
0.238436
0.24722999999999998
0.24524100000000001
0.214561
0.169212
0.116527
0.061617
0.012376
0.0
0.0
0.0
0.0
0.0
0.0
0.0
0.0
0.0
0.0
0.0
0.012191
0.074604
0.146044
0.217197
0.277318
0.314904
0.335139
0.833333
0.28614100000000003
0.717958
0.49212700000000004
0.08342100000000001
0.018017
0.0
0.0
0.0
0.0
0.0
0.0
0.0
0.0
0.0
0.0
0.0
0.008761
0.067613
0.26603899999999997
0.197963
0.539711
0.642823
0.303047
0.713453
0.25805399999999995
0.565842
0.141594
0.075753
0.016704
0.0
0.0
0.0
0.0
0.0
0.0
0.0
0.0
0.0
0.0
0.0
0.010302
0.09451699999999999
0.092628
0.138497
0.429238
0.51006
0.21588300000000002
0.5415800000000001
0.18266300000000002
0.144098
0.099246
0.17349199999999998
0.018957
0.0
0.0
0.0
0.0
0.0
0.0
0.0
0.0
0.0
0.0
0.0
0.008188
0.076322
0.091082
0.264347
0.353763
0.415151
0.208815
0.43843400000000005
0.39791899999999997
0.333293
0.09747700000000001
0.153915
0.014459
0.0
0.0
0.0
0.0
0.0
0.0
0.0
0.0
0.0
0.0
0.0
0.013358
0.06250800000000001
0.121422
0.179062
0.22867099999999999
0.262693
0.72865
0.266252
0.672923
0.568029
0.128965
0.18591
0.016352000000000002
0.0
0.0
0.0
0.0
0.0
0.0
0.0
0.0
0.0
0.0
0.0
0.014058
0.121318
0.267445
0.409402
0.206738
0.23883000000000001
0.251118
0.242396
0.213722
0.532331
0.405543
0.0633
0.024323
0.0
0.0
0.0
0.0
0.0
0.0
0.0
0.0
0.0
0.0
0.0
0.009628
0.072628
0.157281
0.242102
0.317546
0.37277
0.178981
0.17283500000000002
0.359839
0.120535
0.218667
0.044531999999999995
0.015811
0.0
0.0
0.0
0.0
0.0
0.0
0.0
0.0
0.0
0.0
0.0
0.004625
0.085108
0.236715
0.238791
0.302637
0.620375
0.749649
0.72433
0.6506559999999999
0.5520130000000001
0.377243
0.12317600000000001
0.010331
0.0
0.0
0.0
0.0
0.0
0.0
0.0
0.0
0.0
0.0
0.0
0.006410999999999999
0.092283
0.227276
0.474833
0.487151
0.7507039999999999
0.621328
0.325007
0.286211
0.49991599999999997
0.39074400000000004
0.0875
0.022248
0.0
0.0
0.0
0.0
0.0
0.0
0.0
0.0
0.0
0.0
0.0
0.006831
0.041755
0.08096500000000001
0.118644
0.15209899999999998
0.17527199999999998
0.182268
0.176517
0.15564599999999998
0.126883
0.08784499999999999
0.047496000000000003
0.011345000000000001
0.0
0.0
0.0
0.0
0.0
0.0
0.0
0.0
0.0
0.0
0.0
0.00375
0.028817
0.057241999999999994
0.085547
0.109513
0.12724
0.133536
0.129012
0.113055
0.089801
0.061499000000000005
0.032798
0.007359
0.0
0.0
0.0
0.0
0.0
0.0
0.0
0.0
0.0
0.0
0.0
0.012766
0.063443
0.233637
0.17737
0.481264
0.565903
0.612294
0.25902800000000004
0.22865100000000002
0.47030900000000003
0.362548
0.070053
0.018281
0.0
0.0
0.0
0.0
0.0
0.0
0.0
0.0
0.0
0.0
0.0
0.0
0.09314
0.15341
0.432479
0.588727
0.65883
0.683036
0.658967
0.589483
0.477362
0.322307
0.108693
0.002407
0.0
0.0
0.0
0.0
0.0
0.0
0.0
0.0
0.0
0.0
0.0
0.00443
0.029202000000000002
0.056280000000000004
0.083026
0.10627500000000001
0.122401
0.129592
0.12378499999999999
0.108732
0.08668200000000001
0.059646
0.032569
0.007144
0.0
0.0
0.0
0.0
0.0
0.0
0.0
0.0
0.0
0.0
0.0
0.0
0.093316
0.27002
0.44743900000000003
0.5717000000000001
0.630888
0.64497
0.6253869999999999
0.554673
0.452357
0.304514
0.09997299999999999
0.000373
0.0
0.0
0.0
0.0
0.0
0.0
0.0
0.0
0.0
0.0
0.0
0.00073
0.091544
0.257893
0.419969
0.5755119999999999
0.641805
0.668165
0.6405019999999999
0.573774
0.464522
0.311045
0.10493300000000001
0.001714
0.0
0.0
0.0
0.0
0.0
0.0
0.0
0.0
0.0
0.0
0.0
0.00076
0.091531
0.255743
0.413613
0.556661
0.640458
0.652829
0.6366539999999999
0.570764
0.461609
0.312231
0.10624
0.001703
0.0
0.0
0.0
0.0
0.0
0.0
0.0
0.0
0.0
0.0
0.0
0.00023
0.09423000000000001
0.268779
0.44682799999999995
0.58165
0.640689
0.6619389999999999
0.6376280000000001
0.57196
0.461875
0.31047199999999997
0.103718
0.000434
0.0
0.0
0.0
0.0
0.0
0.0
0.0
0.0
0.0
0.0
0.0
0.013831
0.07798300000000001
0.16279
0.122034
0.154591
0.374534
0.404363
0.401313
0.3649
0.127248
0.088842
0.14538399999999999
0.019735
0.0
0.0
0.0
0.0
0.0
0.0
0.0
0.0
0.0
0.0
0.0
0.0
0.095538
0.2788
0.441337
0.537342
0.58645
0.610468
0.595448
0.5383
0.433953
0.289791
0.095301
0.0
0.0
0.0
0.0
0.0
0.0
0.0
0.0
0.0
0.0
0.0
0.0
0.000619
0.055777
0.273704
0.43963
0.590955
0.654562
0.680268
0.450063
0.42033499999999996
0.48045699999999997
0.32652
0.115961
0.005082
0.0
0.0
0.0
0.0
0.0
0.0
0.0
0.0
0.0
0.0
0.0
0.005203999999999999
0.029099
0.055519
0.081706
0.104088
0.120271
0.12606900000000001
0.12124
0.10696800000000001
0.08518600000000001
0.059364
0.032637
0.008645
0.0
0.0
0.0
0.0
0.0
0.0
0.0
0.0
0.0
0.0
0.0
0.006042
0.029537
0.056348
0.08281100000000001
0.105651
0.121372
0.12746
0.12248099999999999
0.108357
0.08616
0.059892
0.033122
0.008846999999999999
0.0
0.0
0.0
0.0
0.0
0.0
0.0
0.0
0.0
0.0
0.0
0.006030000000000001
0.029451
0.056216999999999996
0.082728
0.105514
0.120967
0.126676
0.122359
0.10725900000000001
0.086023
0.059581
0.032982
0.00877
0.0
0.0
0.0
0.0
0.0
0.0
0.0
0.0
0.0
0.0
0.0
0.0059169999999999995
0.028917
0.055024
0.081149
0.101703
0.117765
0.12271599999999999
0.11888
0.105102
0.083715
0.058573
0.032424
0.008603
0.0
0.0
0.0
0.0
0.0
0.0
0.0
0.0
0.0
0.0
0.0
0.009330999999999999
0.041474
0.0762
0.10973000000000001
0.138982
0.160371
0.167769
0.162573
0.143464
0.114214
0.080796
0.045318
0.013353
0.0
0.0
0.0
0.0
0.0
0.0
0.0
0.0
0.0
0.0
0.0
0.012749
0.0504
0.092199
0.133656
0.16973500000000002
0.194466
0.204593
0.197053
0.173406
0.13951
0.098163
0.056115000000000005
0.016988
0.0
0.0
0.0
0.0
0.0
0.0
0.0
0.0
0.0
0.0
0.0
0.005808
0.029264
0.055604
0.081649
0.104039
0.11962099999999999
0.125359
0.121166
0.106844
0.085535
0.059952
0.033183
0.008891999999999999
0.0
0.0
0.0
0.0
0.0
0.0
0.0
0.0
0.0
0.0
0.0
0.006727
0.030012
0.056299
0.082182
0.10420900000000001
0.119851
0.12598600000000001
0.12105500000000001
0.10681600000000001
0.08555700000000001
0.059891
0.033828000000000004
0.009538999999999999
0.0
0.0
0.0
0.0
0.0
0.0
0.0
0.0
0.0
0.0
0.0
0.006706
0.029927
0.055672
0.08093399999999999
0.102449
0.117103
0.122879
0.11841700000000001
0.104276
0.083371
0.058878
0.03334
0.009428
0.0
0.0
0.0
0.0
0.0
0.0
0.0
0.0
0.0
0.0
0.0
0.022115
0.082827
0.311923
0.474769
0.26469099999999995
0.7281470000000001
0.312694
0.30079300000000003
0.27076100000000003
0.219013
0.44050799999999996
0.09024299999999999
0.031028
0.0
0.0
0.0
0.0
0.0
0.0
0.0
0.0
0.0
0.0
0.0
0.0011240000000000002
0.10193899999999999
0.27041000000000004
0.435948
0.3206
0.6584099999999999
0.684019
0.66099
0.402541
0.349538
0.328563
0.124261
0.006481
0.0
0.0
0.0
0.0
0.0
0.0
0.0
0.0
0.0
0.0
0.0
0.006488000000000001
0.0294
0.054119999999999994
0.07944799999999999
0.100952
0.115324
0.12085599999999999
0.116507
0.102577
0.08239700000000001
0.058188000000000004
0.032744999999999996
0.009184
0.0
0.0
0.0
0.0
0.0
0.0
0.0
0.0
0.0
0.0
0.0
0.018997
0.046862
0.17782599999999998
0.268259
0.34786
0.40475900000000004
0.186088
0.179477
0.392475
0.127829
0.090605
0.052521
0.026108
0.0
0.0
0.0
0.0
0.0
0.0
0.0
0.0
0.0
0.0
0.0
0.008615
0.084763
0.214131
0.33892
0.454091
0.557489
0.5889070000000001
0.62337
0.582785
0.496046
0.36827699999999997
0.093761
0.014884999999999999
0.0
0.0
0.0
0.0
0.0
0.0
0.0
0.0
0.0
0.0
0.0
0.021545
0.078712
0.27956200000000003
0.20012799999999997
0.252983
0.668479
0.30239299999999997
0.291418
0.665342
0.20797200000000002
0.432828
0.19027000000000002
0.029800999999999998
0.0
0.0
0.0
0.0
0.0
0.0
0.0
0.0
0.0
0.0
0.0
0.001516
0.08468899999999999
0.225816
0.366224
0.48242599999999997
0.582094
0.6344679999999999
0.6242730000000001
0.563231
0.464474
0.319349
0.124382
0.004392
0.0
0.0
0.0
0.0
0.0
0.0
0.0
0.0
0.0
0.0
0.0
0.0
0.091352
0.263489
0.429242
0.5213840000000001
0.57636
0.589941
0.573071
0.514774
0.416682
0.284286
0.103354
0.0
0.0
0.0
0.0
0.0
0.0
0.0
0.0
0.0
0.0
0.0
0.0
0.015416000000000001
0.08483199999999999
0.147847
0.410979
0.546567
0.642823
0.32084199999999996
0.309802
0.6595979999999999
0.221758
0.405824
0.093015
0.032125999999999995
0.0
0.0
0.0
0.0
0.0
0.0
0.0
0.0
0.0
0.0
0.0
0.002407
0.089637
0.23091499999999998
0.376008
0.5093949999999999
0.6024339999999999
0.371847
0.659323
0.591328
0.483736
0.23562799999999998
0.132906
0.00639
0.0
0.0
0.0
0.0
0.0
0.0
0.0
0.0
0.0
0.0
0.0
0.000761
0.087602
0.244494
0.40082
0.53687
0.5979410000000001
0.623375
0.6033890000000001
0.542008
0.440538
0.301097
0.115169
0.001036
0.0
0.0
0.0
0.0
0.0
0.0
0.0
0.0
0.0
0.0
0.0
0.001307
0.086544
0.236706
0.387272
0.528019
0.618604
0.629535
0.611795
0.551762
0.449075
0.309249
0.11991
0.002366
0.0
0.0
0.0
0.0
0.0
0.0
0.0
0.0
0.0
0.0
0.0
0.013291
0.047472
0.084995
0.122
0.15352000000000002
0.17536000000000002
0.184615
0.17774700000000002
0.158152
0.127908
0.091489
0.05282
0.017809000000000002
0.0
0.0
0.0
0.0
0.0
0.0
0.0
0.0
0.0
0.0
0.0
0.013434
0.047778
0.085544
0.1217
0.154316
0.175633
0.18327600000000002
0.177818
0.15727000000000002
0.126671
0.09082299999999999
0.052675
0.017762
0.0
0.0
0.0
0.0
0.0
0.0
0.0
0.0
0.0
0.0
0.0
0.01158
0.079279
0.138391
0.31065
0.41193599999999997
0.590698
0.6373390000000001
0.5312
0.255836
0.20776499999999998
0.332872
0.16469399999999998
0.016139
0.0
0.0
0.0
0.0
0.0
0.0
0.0
0.0
0.0
0.0
0.0
0.020853
0.106695
0.112106
0.15948400000000001
0.200854
0.228913
0.567228
0.5660940000000001
0.206315
0.43931099999999995
0.334157
0.193092
0.024651
0.0
0.0
0.0
0.0
0.0
0.0
0.0
0.0
0.0
0.0
0.0
0.01745
0.059005
0.104801
0.150171
0.188049
0.214958
0.225398
0.21823599999999999
0.193223
0.155513
0.111941
0.065461
0.023343
0.0
0.0
0.0
0.0
0.0
0.0
0.0
0.0
0.0
0.0
0.0
0.020909
0.054596
0.19235
0.13806200000000002
0.174467
0.198464
0.47933800000000004
0.471988
0.177676
0.361632
0.274219
0.17098
0.028664000000000002
0.0
0.0
0.0
0.0
0.0
0.0
0.0
0.0
0.0
0.0
0.0
0.013551
0.048156
0.086316
0.12377500000000001
0.154715
0.176534
0.185912
0.179418
0.159924
0.12889599999999998
0.09170600000000001
0.053612
0.018154
0.0
0.0
0.0
0.0
0.0
0.0
0.0
0.0
0.0
0.0
0.0
0.013738
0.048741
0.08720900000000001
0.124704
0.15673099999999998
0.17904
0.187807
0.181141
0.16033699999999998
0.129805
0.092781
0.054232
0.019177
0.0
0.0
0.0
0.0
0.0
0.0
0.0
0.0
0.0
0.0
0.0
0.014037
0.049430999999999996
0.088041
0.124796
0.156547
0.17605600000000002
0.185788
0.178702
0.158778
0.12825
0.09161499999999999
0.053558
0.018861
0.0
0.0
0.0
0.0
0.0
0.0
0.0
0.0
0.0
0.0
0.0
0.00054
0.08679300000000001
0.24393700000000001
0.400914
0.541751
0.599872
0.623047
0.603084
0.540691
0.440987
0.30644
0.122949
0.0011149999999999999
0.0
0.0
0.0
0.0
0.0
0.0
0.0
0.0
0.0
0.0
0.0
0.014336999999999999
0.048335
0.08553400000000001
0.122867
0.154188
0.175711
0.183367
0.176654
0.157056
0.126655
0.09064499999999999
0.053015
0.018711
0.0
0.0
0.0
0.0
0.0
0.0
0.0
0.0
0.0
0.0
0.0
0.014326
0.048369999999999996
0.08576399999999999
0.12279300000000001
0.15543700000000002
0.17612899999999998
0.184254
0.17797200000000002
0.158434
0.127632
0.091398
0.053381
0.018832
0.0
0.0
0.0
0.0
0.0
0.0
0.0
0.0
0.0
0.0
0.0
0.014297
0.048278
0.085841
0.122769
0.154959
0.176705
0.18503
0.178554
0.158758
0.128051
0.09128700000000001
0.053405
0.018876999999999998
0.0
0.0
0.0
0.0
0.0
0.0
0.0
0.0
0.0
0.0
0.0
0.014231
0.048155
0.085466
0.122666
0.154857
0.176043
0.18472300000000003
0.178185
0.158228
0.127891
0.091351
0.05336
0.01884
0.0
0.0
0.0
0.0
0.0
0.0
0.0
0.0
0.0
0.0
0.0
0.014255
0.048209
0.08524899999999999
0.122328
0.153044
0.174767
0.18243
0.17439
0.155357
0.12537600000000002
0.089938
0.052616
0.01853
0.0
0.0
0.0
0.0
0.0
0.0
0.0
0.0
0.0
0.0
0.0
0.023667999999999998
0.10748
0.102066
0.33207
0.182875
0.208251
0.540738
0.532571
0.187113
0.151047
0.108065
0.196351
0.022847000000000003
0.0
0.0
0.0
0.0
0.0
0.0
0.0
0.0
0.0
0.0
0.0
0.006836999999999999
0.092996
0.22077699999999997
0.23185499999999998
0.472088
0.330805
0.619031
0.680593
0.5870420000000001
0.503024
0.364417
0.159725
0.037531999999999996
0.0
0.0
0.0
0.0
0.0
0.0
0.0
0.0
0.0
0.0
0.0
0.0018620000000000002
0.08468600000000001
0.22547399999999998
0.369747
0.497513
0.597347
0.36406700000000003
0.662922
0.592745
0.486929
0.227157
0.14699
0.0064930000000000005
0.0
0.0
0.0
0.0
0.0
0.0
0.0
0.0
0.0
0.0
0.0
0.0013360000000000002
0.080421
0.227696
0.377005
0.513181
0.613516
0.634907
0.616103
0.5548780000000001
0.453217
0.316517
0.13308799999999998
0.003069
0.0
0.0
0.0
0.0
0.0
0.0
0.0
0.0
0.0
0.0
0.0
0.001772
0.08343600000000001
0.225047
0.369833
0.49731200000000003
0.599557
0.658712
0.6512060000000001
0.34717899999999996
0.48562900000000003
0.231512
0.146504
0.005768
0.0
0.0
0.0
0.0
0.0
0.0
0.0
0.0
0.0
0.0
0.0
0.000695
0.080608
0.23041499999999998
0.38054000000000004
0.518842
0.595739
0.615017
0.601223
0.542692
0.444956
0.311592
0.13108799999999998
0.001704
0.0
0.0
0.0
0.0
0.0
0.0
0.0
0.0
0.0
0.0
0.0
0.00028199999999999997
0.081094
0.230006
0.219435
0.506545
0.605214
0.6300309999999999
0.6167870000000001
0.558768
0.458827
0.32181
0.137453
0.004352
0.0
0.0
0.0
0.0
0.0
0.0
0.0
0.0
0.0
0.0
0.0
5.1e-05
0.08054900000000001
0.232745
0.388522
0.5307540000000001
0.59109
0.613851
0.5972670000000001
0.541044
0.444262
0.30974799999999997
0.130323
0.0017
0.0
0.0
0.0
0.0
0.0
0.0
0.0
0.0
0.0
0.0
0.0
2.6e-05
0.080606
0.233391
0.38980200000000004
0.53262
0.595843
0.621696
0.6019070000000001
0.543485
0.444233
0.313062
0.132059
0.001707
0.0
0.0
0.0
0.0
0.0
0.0
0.0
0.0
0.0
0.0
0.0
0.000571
0.079921
0.231775
0.384173
0.525011
0.598895
0.6223650000000001
0.604949
0.5467369999999999
0.448288
0.315201
0.133289
0.00172
0.0
0.0
0.0
0.0
0.0
0.0
0.0
0.0
0.0
0.0
0.0
0.000193
0.08142
0.23337200000000002
0.22157300000000002
0.521372
0.618245
0.631257
0.622811
0.564751
0.462871
0.327428
0.141037
0.003743
0.0
0.0
0.0
0.0
0.0
0.0
0.0
0.0
0.0
0.0
0.0
0.002892
0.099463
0.127264
0.426661
0.281144
0.686021
0.369133
0.693882
0.34539800000000004
0.518726
0.22754
0.163084
0.012784
0.0
0.0
0.0
0.0
0.0
0.0
0.0
0.0
0.0
0.0
0.0
0.00631
0.09503199999999999
0.256777
0.422839
0.474406
0.566183
0.345511
0.333866
0.583153
0.503676
0.350677
0.157052
0.014157
0.0
0.0
0.0
0.0
0.0
0.0
0.0
0.0
0.0
0.0
0.0
0.006284
0.091125
0.21756299999999998
0.22916399999999998
0.467169
0.327349
0.612933
0.6665789999999999
0.60258
0.498971
0.367475
0.156729
0.014087
0.0
0.0
0.0
0.0
0.0
0.0
0.0
0.0
0.0
0.0
0.0
0.006208
0.09558499999999999
0.260355
0.422539
0.572233
0.6634099999999999
0.631502
0.340862
0.302006
0.245429
0.370351
0.10371
0.014154
0.0
0.0
0.0
0.0
0.0
0.0
0.0
0.0
0.0
0.0
0.0
0.0010220000000000001
0.081066
0.125911
0.365805
0.49562900000000004
0.597468
0.367741
0.658274
0.5933120000000001
0.49126600000000004
0.347536
0.153097
0.008583
0.0
0.0
0.0
0.0
0.0
0.0
0.0
0.0
0.0
0.0
0.0
0.005135
0.07864499999999999
0.21496600000000002
0.36079300000000003
0.488928
0.589296
0.645368
0.619863
0.29328699999999996
0.501932
0.34625900000000004
0.165618
0.012791
0.0
0.0
0.0
0.0
0.0
0.0
0.0
0.0
0.0
0.0
0.0
0.012048
0.084023
0.243915
0.38763
0.515364
0.61334
0.657655
0.30927499999999997
0.274504
0.221607
0.40507299999999996
0.093268
0.021997
0.0
0.0
0.0
0.0
0.0
0.0
0.0
0.0
0.0
0.0
0.0
0.009791000000000001
0.080266
0.197819
0.202843
0.421284
0.7046509999999999
0.533436
0.542082
0.26069099999999995
0.211947
0.33332799999999996
0.180793
0.018969999999999997
0.0
0.0
0.0
0.0
0.0
0.0
0.0
0.0
0.0
0.0
0.0
0.022921
0.10931
0.098079
0.140587
0.177287
0.517711
0.211597
0.20368799999999998
0.505055
0.419495
0.103823
0.06084899999999999
0.020574000000000002
0.0
0.0
0.0
0.0
0.0
0.0
0.0
0.0
0.0
0.0
0.0
0.005702
0.07699800000000001
0.214892
0.343918
0.460053
0.55229
0.636459
0.644758
0.57217
0.233063
0.36963999999999997
0.154416
0.007833
0.0
0.0
0.0
0.0
0.0
0.0
0.0
0.0
0.0
0.0
0.0
0.001021
0.097399
0.27114
0.22098500000000001
0.601101
0.360752
0.39470299999999997
0.6786230000000001
0.372548
0.506059
0.35768900000000003
0.160686
0.009937
0.0
0.0
0.0
0.0
0.0
0.0
0.0
0.0
0.0
0.0
0.0
0.00807
0.074149
0.200486
0.204731
0.429118
0.5133869999999999
0.5799719999999999
0.584561
0.54662
0.474006
0.346086
0.161472
0.016228000000000003
0.0
0.0
0.0
0.0
0.0
0.0
0.0
0.0
0.0
0.0
0.0
0.008098000000000001
0.082428
0.14771199999999998
0.329454
0.26546
0.525648
0.5737680000000001
0.576266
0.67083
0.458221
0.354283
0.092079
0.016986
0.0
0.0
0.0
0.0
0.0
0.0
0.0
0.0
0.0
0.0
0.0
0.000555
0.08195999999999999
0.23384
0.387761
0.289703
0.6268630000000001
0.672533
0.657706
0.36507100000000003
0.490301
0.34805200000000003
0.154225
0.0050880000000000005
0.0
0.0
0.0
0.0
0.0
0.0
0.0
0.0
0.0
0.0
0.0
0.004638
0.088208
0.214474
0.346263
0.466723
0.566624
0.615159
0.631009
0.595442
0.490822
0.346999
0.15299000000000001
0.006476
0.0
0.0
0.0
0.0
0.0
0.0
0.0
0.0
0.0
0.0
0.0
0.000559
0.080527
0.2324
0.38792000000000004
0.5290009999999999
0.632455
0.665192
0.6479940000000001
0.373305
0.48502100000000004
0.249154
0.152361
0.005756
0.0
0.0
0.0
0.0
0.0
0.0
0.0
0.0
0.0
0.0
0.0
0.0005480000000000001
0.080651
0.229448
0.379121
0.517261
0.620192
0.38102600000000003
0.656432
0.595286
0.30843400000000004
0.348045
0.154052
0.00707
0.0
0.0
0.0
0.0
0.0
0.0
0.0
0.0
0.0
0.0
0.0
0.004097000000000001
0.07220499999999999
0.209728
0.348598
0.474555
0.571074
0.617831
0.639276
0.589019
0.48003199999999996
0.339238
0.165209
0.033911000000000004
0.0
0.0
0.0
0.0
0.0
0.0
0.0
0.0
0.0
0.0
0.0
0.004586000000000001
0.087838
0.213106
0.365291
0.496106
0.600607
0.6145499999999999
0.329001
0.58451
0.490596
0.370526
0.15506899999999998
0.012545
0.0
0.0
0.0
0.0
0.0
0.0
0.0
0.0
0.0
0.0
0.0
0.004031
0.086791
0.213149
0.349282
0.474157
0.56135
0.6282279999999999
0.63071
0.587485
0.485166
0.343625
0.16476400000000002
0.006312
0.0
0.0
0.0
0.0
0.0
0.0
0.0
0.0
0.0
0.0
0.0
0.000512
0.07624299999999999
0.22067699999999998
0.36906
0.287606
0.6002649999999999
0.658522
0.644633
0.5892759999999999
0.486652
0.346314
0.147852
0.006333
0.0
0.0
0.0
0.0
0.0
0.0
0.0
0.0
0.0
0.0
0.0
0.005727
0.084123
0.152672
0.338391
0.468253
0.559577
0.6101409999999999
0.621301
0.5655249999999999
0.491244
0.374012
0.154976
0.006992
0.0
0.0
0.0
0.0
0.0
0.0
0.0
0.0
0.0
0.0
0.0
0.004
0.084438
0.212488
0.34482100000000004
0.46699
0.5644589999999999
0.6198060000000001
0.626404
0.58528
0.487175
0.371534
0.165689
0.0063
0.0
0.0
0.0
0.0
0.0
0.0
0.0
0.0
0.0
0.0
0.0
1.7e-05
0.075907
0.222404
0.215143
0.512415
0.6151760000000001
0.667946
0.652593
0.5886480000000001
0.48812
0.34549799999999997
0.14680500000000002
0.005617
0.0
0.0
0.0
0.0
0.0
0.0
0.0
0.0
0.0
0.0
0.0
0.008243
0.17523
0.221802
0.224909
0.284229
0.32479399999999997
0.341171
0.62227
0.291429
0.492967
0.16525299999999998
0.185248
0.030371
0.0
0.0
0.0
0.0
0.0
0.0
0.0
0.0
0.0
0.0
0.0
0.011101000000000001
0.068968
0.14807900000000002
0.228231
0.30034500000000003
0.356442
0.382514
0.17690199999999998
0.341791
0.124965
0.209392
0.12885400000000002
0.013932
0.0
0.0
0.0
0.0
0.0
0.0
0.0
0.0
0.0
0.0
0.0
0.014353999999999999
0.085093
0.087323
0.28066199999999997
0.367491
0.18796000000000002
0.197481
0.46104199999999995
0.167398
0.34842399999999996
0.093798
0.159537
0.024100999999999997
0.0
0.0
0.0
0.0
0.0
0.0
0.0
0.0
0.0
0.0
0.0
0.013198
0.046598999999999995
0.087554
0.272471
0.358285
0.185636
0.451934
0.44689100000000004
0.16600299999999998
0.132048
0.247742
0.052046999999999996
0.023309999999999997
0.0
0.0
0.0
0.0
0.0
0.0
0.0
0.0
0.0
0.0
0.0
0.010369999999999999
0.10079600000000001
0.140687
0.20466900000000002
0.511075
0.6120990000000001
0.668132
0.30017
0.6148859999999999
0.212142
0.148987
0.197422
0.025696
0.0
0.0
0.0
0.0
0.0
0.0
0.0
0.0
0.0
0.0
0.0
0.0
0.073104
0.219047
0.368448
0.504613
0.6081559999999999
0.672449
0.650383
0.5912350000000001
0.48524
0.340211
0.14523
0.004248
0.0
0.0
0.0
0.0
0.0
0.0
0.0
0.0
0.0
0.0
0.0
0.017327000000000002
0.12390999999999999
0.111704
0.42829
0.207174
0.659925
0.248078
0.239234
0.21101
0.167696
0.41538200000000003
0.066651
0.019081
0.0
0.0
0.0
0.0
0.0
0.0
0.0
0.0
0.0
0.0
0.0
0.000937
0.08621
0.248501
0.413539
0.5628869999999999
0.360711
0.710834
0.697029
0.37129
0.31679399999999996
0.369145
0.159169
0.005033
0.0
0.0
0.0
0.0
0.0
0.0
0.0
0.0
0.0
0.0
0.0
0.004806
0.079458
0.201034
0.333504
0.454954
0.541323
0.599201
0.604623
0.541421
0.489363
0.36086900000000005
0.085362
0.025033999999999997
0.0
0.0
0.0
0.0
0.0
0.0
0.0
0.0
0.0
0.0
0.0
0.004216
0.078159
0.148498
0.343992
0.484193
0.5841689999999999
0.606662
0.615833
0.573659
0.512803
0.35877499999999996
0.166523
0.006931
0.0
0.0
0.0
0.0
0.0
0.0
0.0
0.0
0.0
0.0
0.0
0.009977999999999999
0.075327
0.084313
0.25771499999999997
0.159053
0.39991699999999997
0.43200900000000003
0.184835
0.384487
0.12931600000000001
0.234016
0.146173
0.019149
0.0
0.0
0.0
0.0
0.0
0.0
0.0
0.0
0.0
0.0
0.0
0.010462999999999998
0.079746
0.170747
0.10940699999999999
0.34292
0.161645
0.169487
0.16285400000000003
0.382137
0.11418600000000001
0.23112200000000002
0.141204
0.021190999999999998
0.0
0.0
0.0
0.0
0.0
0.0
0.0
0.0
0.0
0.0
0.0
0.012367000000000001
0.113934
0.116723
0.1716
0.21762
0.250425
0.682569
0.254054
0.63344
0.5325460000000001
0.124104
0.068448
0.026357
0.0
0.0
0.0
0.0
0.0
0.0
0.0
0.0
0.0
0.0
0.0
0.0034159999999999998
0.160819
0.23890999999999998
0.248538
0.31716500000000003
0.36353399999999997
0.7002
0.367949
0.32463200000000003
0.562868
0.410785
0.18501900000000002
0.011821
0.0
0.0
0.0
0.0
0.0
0.0
0.0
0.0
0.0
0.0
0.0
0.0
0.075569
0.226152
0.377777
0.300005
0.624016
0.689671
0.6810900000000001
0.6190220000000001
0.505333
0.355025
0.144892
0.004961
0.0
0.0
0.0
0.0
0.0
0.0
0.0
0.0
0.0
0.0
0.0
0.003164
0.086725
0.166703
0.384215
0.312089
0.630023
0.37665699999999996
0.364436
0.321681
0.5606660000000001
0.409675
0.165939
0.019331
0.0
0.0
0.0
0.0
0.0
0.0
0.0
0.0
0.0
0.0
0.0
0.0012490000000000001
0.084562
0.22845
0.42093200000000003
0.567637
0.6099840000000001
0.7020660000000001
0.6805370000000001
0.636606
0.249865
0.174082
0.155842
0.005567
0.0
0.0
0.0
0.0
0.0
0.0
0.0
0.0
0.0
0.0
0.0
0.0
0.08348900000000001
0.246698
0.224945
0.5690769999999999
0.684621
0.414356
0.707818
0.6410399999999999
0.521707
0.258425
0.145082
0.0035859999999999998
0.0
0.0
0.0
0.0
0.0
0.0
0.0
0.0
0.0
0.0
0.0
0.001036
0.078405
0.225669
0.39273
0.50518
0.34497500000000003
0.6649660000000001
0.6954790000000001
0.622851
0.545736
0.35506099999999996
0.14166700000000002
0.008964
0.0
0.0
0.0
0.0
0.0
0.0
0.0
0.0
0.0
0.0
0.0
0.0
0.085045
0.13282400000000003
0.42024900000000004
0.308532
0.690697
0.7337870000000001
0.716572
0.384821
0.5289149999999999
0.368539
0.136691
0.0062759999999999995
0.0
0.0
0.0
0.0
0.0
0.0
0.0
0.0
0.0
0.0
0.0
0.0
0.081788
0.247208
0.412468
0.568995
0.686882
0.417459
0.702255
0.390586
0.523328
0.359456
0.140528
0.0028929999999999997
0.0
0.0
0.0
0.0
0.0
0.0
0.0
0.0
0.0
0.0
0.0
0.0
0.08215900000000001
0.23139500000000002
0.39969299999999996
0.549296
0.6308339999999999
0.715263
0.693539
0.650809
0.250965
0.378304
0.14899199999999999
0.0042060000000000005
0.0
0.0
0.0
0.0
0.0
0.0
0.0
0.0
0.0
0.0
0.0
0.0
0.08223
0.16179
0.388183
0.527138
0.35584
0.6891849999999999
0.718004
0.643309
0.5533279999999999
0.363958
0.150177
0.005527
0.0
0.0
0.0
0.0
0.0
0.0
0.0
0.0
0.0
0.0
0.0
0.0
0.078599
0.223909
0.370053
0.511144
0.622068
0.683958
0.693994
0.63105
0.546322
0.352908
0.131594
0.003522
0.0
0.0
0.0
0.0
0.0
0.0
0.0
0.0
0.0
0.0
0.0
0.0
0.10442900000000001
0.23392
0.243369
0.535295
0.642302
0.7669750000000001
0.720675
0.32324
0.25493299999999997
0.380971
0.142399
0.007443
0.0
0.0
0.0
0.0
0.0
0.0
0.0
0.0
0.0
0.0
0.0
0.0
0.078693
0.232717
0.387494
0.493741
0.33349599999999996
0.641402
0.652363
0.61227
0.5164030000000001
0.35681
0.14591900000000002
0.0073490000000000005
0.0
0.0
0.0
0.0
0.0
0.0
0.0
0.0
0.0
0.0
0.0
0.0
0.07606399999999999
0.223174
0.371499
0.6098600000000001
0.603993
0.668881
0.737016
0.620026
0.23649799999999999
0.162549
0.085485
0.007883
0.0
0.0
0.0
0.0
0.0
0.0
0.0
0.0
0.0
0.0
0.0
0.000162
0.075232
0.227638
0.22917500000000002
0.29532400000000003
0.340391
0.6686749999999999
0.750173
0.674866
0.5354220000000001
0.37472000000000005
0.139069
0.006557
0.0
0.0
0.0
0.0
0.0
0.0
0.0
0.0
0.0
0.0
0.0
0.010045
0.066221
0.134299
0.203996
0.259481
0.301113
0.314581
0.305223
0.833333
0.21326499999999998
0.14510499999999998
0.076574
0.034212000000000006
0.0
0.0
0.0
0.0
0.0
0.0
0.0
0.0
0.0
0.0
0.0
0.0
0.081361
0.282271
0.385758
0.642173
0.6220829999999999
0.37158300000000005
0.6997749999999999
0.31447
0.555412
0.364213
0.138387
0.004592
0.0
0.0
0.0
0.0
0.0
0.0
0.0
0.0
0.0
0.0
0.0
0.0018360000000000002
0.0658
0.252859
0.2047
0.264421
0.655192
0.7224769999999999
0.72701
0.27239800000000003
0.214861
0.427738
0.076482
0.01239
0.0
0.0
0.0
0.0
0.0
0.0
0.0
0.0
0.0
0.0
0.0
0.0
0.078421
0.23716
0.367379
0.505585
0.6653089999999999
0.66877
0.683192
0.30023700000000003
0.545014
0.35291300000000003
0.13400700000000001
0.003201
0.0
0.0
0.0
0.0
0.0
0.0
0.0
0.0
0.0
0.0
0.0
0.0
0.067871
0.215261
0.378786
0.5149900000000001
0.5794600000000001
0.6795650000000001
0.6283390000000001
0.591352
0.222827
0.38814
0.123543
0.006326
0.0
0.0
0.0
0.0
0.0
0.0
0.0
0.0
0.0
0.0
0.0
0.0
0.06854900000000001
0.142901
0.36134
0.663556
0.788156
0.640536
0.32906
0.5951259999999999
0.225859
0.153419
0.139741
0.012477
0.0
0.0
0.0
0.0
0.0
0.0
0.0
0.0
0.0
0.0
0.0
0.001824
0.045672
0.216806
0.34604399999999996
0.458033
0.222471
0.23371799999999998
0.224342
0.538337
0.154468
0.335309
0.052787999999999995
0.01151
0.0
0.0
0.0
0.0
0.0
0.0
0.0
0.0
0.0
0.0
0.0
0.001467
0.053311
0.267195
0.17353
0.225358
0.261493
0.7305499999999999
0.263733
0.23155099999999998
0.566917
0.435938
0.170428
0.011887
0.0
0.0
0.0
0.0
0.0
0.0
0.0
0.0
0.0
0.0
0.0
0.0
0.054659
0.129912
0.208391
0.277352
0.328851
0.35300099999999995
0.15947399999999998
0.138306
0.257428
0.187826
0.129026
0.005698000000000001
0.0
0.0
0.0
0.0
0.0
0.0
0.0
0.0
0.0
0.0
0.0
0.0
0.049801000000000005
0.11911100000000001
0.190458
0.255495
0.303145
0.324375
0.31906
0.28630099999999997
0.2367
0.069085
0.034118
0.004141
0.0
0.0
0.0
0.0
0.0
0.0
0.0
0.0
0.0
0.0
0.0
0.0
0.041178
0.08905400000000001
0.13870500000000002
0.180725
0.21025899999999997
0.22079300000000002
0.21213900000000002
0.184672
0.144455
0.09583
0.047697
0.003817
0.0
0.0
0.0
0.0
0.0
0.0
0.0
0.0
0.0
0.0
0.0
0.0
0.044675
0.097497
0.149826
0.19494999999999998
0.22555699999999998
0.235976
0.227408
0.198096
0.15566
0.103414
0.051622
0.003213
0.0
0.0
0.0
0.0
0.0
0.0
0.0
0.0
0.0
0.0
0.0
0.0
0.034201
0.075969
0.117934
0.15362399999999998
0.18007599999999999
0.188988
0.18048599999999998
0.158028
0.122619
0.081068
0.039651000000000006
0.0011870000000000001
0.0
0.0
0.0
0.0
0.0
0.0
0.0
0.0
0.0
0.0
0.0
0.0
0.060238999999999994
0.131614
0.43378500000000003
0.264721
0.305742
0.32161900000000004
0.75637
0.690775
0.595168
0.141396
0.136587
0.0037879999999999997
0.0
0.0
0.0
0.0
0.0
0.0
0.0
0.0
0.0
0.0
0.0
0.0
0.06597
0.144098
0.220659
0.513029
0.336644
0.356221
0.6817989999999999
0.299799
0.5364329999999999
0.15471100000000002
0.114133
0.005331000000000001
0.0
0.0
0.0
0.0
0.0
0.0
0.0
0.0
0.0
0.0
0.0
0.0
0.056758
0.06597499999999999
0.10268300000000001
0.135614
0.359054
0.169238
0.386416
0.346646
0.281354
0.209491
0.114179
0.001717
0.0
0.0
0.0
0.0
0.0
0.0
0.0
0.0
0.0
0.0
0.0
0.0
0.066771
0.17015
0.13196000000000002
0.173343
0.44383999999999996
0.484927
0.475937
0.430271
0.137936
0.090886
0.113531
0.000415
0.0
0.0
0.0
0.0
0.0
0.0
0.0
0.0
0.0
0.0
0.0
0.0
0.094807
0.24812399999999998
0.172627
0.5409930000000001
0.261519
0.691761
0.266527
0.6361910000000001
0.180577
0.119286
0.057711
0.001262
0.0
0.0
0.0
0.0
0.0
0.0
0.0
0.0
0.0
0.0
0.0
0.0
0.040865
0.09298300000000001
0.145803
0.192019
0.223298
0.235459
0.22619399999999998
0.19695400000000002
0.152702
0.09960200000000001
0.047165
0.00040100000000000004
0.0
0.0
0.0
0.0
0.0
0.0
0.0
0.0
0.0
0.0
0.0
0.0
0.026744
0.128355
0.099438
0.28318400000000005
0.338338
0.364203
0.355937
0.318932
0.104688
0.06848900000000001
0.031061
0.0
0.0
0.0
0.0
0.0
0.0
0.0
0.0
0.0
0.0
0.0
0.0
0.0
0.031067
0.07299599999999999
0.115721
0.153341
0.17916200000000002
0.18800899999999998
0.181476
0.15724700000000003
0.121181
0.079244
0.036732999999999995
0.0
0.0
0.0
0.0
0.0
0.0
0.0
0.0
0.0
0.0
0.0
0.0
0.0
0.048055
0.11109699999999999
0.174897
0.229625
0.26943700000000004
0.833333
0.272872
0.238377
0.7148410000000001
0.120093
0.13841499999999998
0.000506
0.0
0.0
0.0
0.0
0.0
0.0
0.0
0.0
0.0
0.0
0.0
0.0
0.056960000000000004
0.21311000000000002
0.20791800000000002
0.497654
0.7858390000000001
0.658244
0.6635420000000001
0.616111
0.5272060000000001
0.142345
0.08073999999999999
0.00091
0.0
0.0
0.0
0.0
0.0
0.0
0.0
0.0
0.0
0.0
0.0
0.0
0.070142
0.224678
0.371888
0.539424
0.62417
0.723053
0.731834
0.640008
0.225137
0.35318299999999997
0.075746
0.000481
0.0
0.0
0.0
0.0
0.0
0.0
0.0
0.0
0.0
0.0
0.0
0.0
0.07442700000000001
0.28456
0.397557
0.6641180000000001
0.665808
0.731542
0.726521
0.31251999999999996
0.539219
0.158623
0.069615
0.000499
0.0
0.0
0.0
0.0
0.0
0.0
0.0
0.0
0.0
0.0
0.0
0.0
0.046422
0.396252
0.572259
0.366546
0.449141
0.494074
0.5002219999999999
0.467233
0.543496
0.35141300000000003
0.052012
0.0
0.0
0.0
0.0
0.0
0.0
0.0
0.0
0.0
0.0
0.0
0.0
0.0
0.074542
0.322013
0.390164
0.298377
0.655725
0.831385
0.724701
0.307291
0.237121
0.35495800000000005
0.070148
0.0
0.0
0.0
0.0
0.0
0.0
0.0
0.0
0.0
0.0
0.0
0.0
0.0
0.07341500000000001
0.23458400000000001
0.40469099999999997
0.5695119999999999
0.692385
0.741848
0.7101559999999999
0.630873
0.535793
0.159475
0.07184399999999999
0.0
0.0
0.0
0.0
0.0
0.0
0.0
0.0
0.0
0.0
0.0
0.0
0.0
0.041106000000000004
0.24939699999999998
0.436363
0.6030549999999999
0.40363600000000005
0.738986
0.710031
0.617024
0.364033
0.311847
0.017095
0.0
0.0
0.0
0.0
0.0
0.0
0.0
0.0
0.0
0.0
0.0
0.0
0.0
0.08032500000000001
0.097416
0.15534399999999998
0.494319
0.240429
0.254747
0.656689
0.6021
0.16247
0.39232799999999995
0.04622
0.0
0.0
0.0
0.0
0.0
0.0
0.0
0.0
0.0
0.0
0.0
0.0
0.0
0.08803100000000001
0.107807
0.173702
0.568322
0.267774
0.731355
0.739745
0.236787
0.182669
0.11708199999999999
0.062505
0.0
0.0
0.0
0.0
0.0
0.0
0.0
0.0
0.0
0.0
0.0
0.0
0.0
0.07335599999999999
0.229763
0.396736
0.545299
0.352343
0.3708
0.739712
0.310971
0.23940799999999998
0.34298500000000004
0.05132
0.0
0.0
0.0
0.0
0.0
0.0
0.0
0.0
0.0
0.0
0.0
0.0
0.0
0.070711
0.216368
0.196682
0.26120699999999997
0.625444
0.678528
0.692052
0.639436
0.549581
0.351969
0.057568
0.0
0.0
0.0
0.0
0.0
0.0
0.0
0.0
0.0
0.0
0.0
0.0
0.0
0.071093
0.14310499999999998
0.406695
0.307909
0.6894600000000001
0.783701
0.752173
0.686813
0.242528
0.322556
0.067495
0.0
0.0
0.0
0.0
0.0
0.0
0.0
0.0
0.0
0.0
0.0
0.0
0.0
0.041271
0.141536
0.25083099999999997
0.657335
0.43847699999999995
0.749454
0.714844
0.627711
0.489557
0.292602
0.017847000000000002
0.0
0.0
0.0
0.0
0.0
0.0
0.0
0.0
0.0
0.0
0.0
0.0
0.0
0.07205
0.399024
0.4027
0.303714
0.678953
0.376089
0.358906
0.7044750000000001
0.2374
0.151386
0.06498000000000001
0.0
0.0
0.0
0.0
0.0
0.0
0.0
0.0
0.0
0.0
0.0
0.0
0.0
0.06832099999999999
0.142859
0.40984899999999996
0.57525
0.734241
0.758822
0.760433
0.319019
0.521292
0.3087
0.06601
0.0
0.0
0.0
0.0
0.0
0.0
0.0
0.0
0.0
0.0
0.0
0.0
0.0
0.064577
0.197639
0.157282
0.466159
0.248388
0.621907
0.624586
0.569452
0.164031
0.346294
0.043195
0.0
0.0
0.0
0.0
0.0
0.0
0.0
0.0
0.0
0.0
0.0
0.0
0.0
0.08527599999999999
0.251004
0.142351
0.190333
0.669025
0.238232
0.22766399999999998
0.197542
0.5726079999999999
0.09433499999999999
0.038107
0.0
0.0
0.0
0.0
0.0
0.0
0.0
0.0
0.0
0.0
0.0
0.0
0.0
0.064624
0.235542
0.417048
0.5518160000000001
0.350753
0.748498
0.6934170000000001
0.6092540000000001
0.510373
0.273307
0.015549
0.0
0.0
0.0
0.0
0.0
0.0
0.0
0.0
0.0
0.0
0.0
0.0
0.0
0.057825
0.075219
0.30080599999999996
0.42344400000000004
0.201316
0.213053
0.544962
0.492846
0.13308
0.08292100000000001
0.048969
0.0
0.0
0.0
0.0
0.0
0.0
0.0
0.0
0.0
0.0
0.0
0.0
0.0
0.058582
0.174217
0.10066800000000001
0.13623400000000002
0.162095
0.17151
0.519676
0.14025
0.383077
0.06478400000000001
0.054100999999999996
0.0
0.0
0.0
0.0
0.0
0.0
0.0
0.0
0.0
0.0
0.0
0.0
0.0
0.06365
0.208351
0.176039
0.513633
0.6256710000000001
0.678832
0.285856
0.6320009999999999
0.185859
0.11674899999999999
0.041412
0.0
0.0
0.0
0.0
0.0
0.0
0.0
0.0
0.0
0.0
0.0
0.0
0.0
0.065586
0.139505
0.23059100000000002
0.574902
0.363987
0.758893
0.6935520000000001
0.6093970000000001
0.46880900000000003
0.263706
0.014706
0.0
0.0
0.0
0.0
0.0
0.0
0.0
0.0
0.0
0.0
0.0
0.0
0.0
0.09342400000000001
0.113359
0.189773
0.256036
0.833333
0.319115
0.309315
0.267295
0.6480370000000001
0.375764
0.049081
0.0
0.0
0.0
0.0
0.0
0.0
0.0
0.0
0.0
0.0
0.0
0.0
0.0
0.039085
0.061207
0.219582
0.305165
0.169652
0.408892
0.404203
0.364164
0.299685
0.24002099999999998
0.02459
0.0
0.0
0.0
0.0
0.0
0.0
0.0
0.0
0.0
0.0
0.0
0.0
0.0
0.058996
0.187738
0.32441899999999996
0.156395
0.18566999999999997
0.19605099999999998
0.187845
0.526747
0.120877
0.349846
0.05208
0.0
0.0
0.0
0.0
0.0
0.0
0.0
0.0
0.0
0.0
0.0
0.0
0.0
0.036474
0.054554000000000005
0.208197
0.129163
0.34940499999999997
0.378138
0.372453
0.132339
0.27572800000000003
0.22150899999999998
0.021254000000000002
0.0
0.0
0.0
0.0
0.0
0.0
0.0
0.0
0.0
0.0
0.0
0.0
0.0
0.035315
0.059559
0.20978200000000002
0.294277
0.35798599999999997
0.398351
0.39354300000000003
0.35271399999999997
0.108607
0.237227
0.030501
0.0
0.0
0.0
0.0
0.0
0.0
0.0
0.0
0.0
0.0
0.0
0.0
0.0
0.041040999999999994
0.140049
0.113416
0.346029
0.429712
0.467892
0.18784399999999998
0.417474
0.34451299999999996
0.07259600000000001
0.025781
0.0
0.0
0.0
0.0
0.0
0.0
0.0
0.0
0.0
0.0
0.0
0.0
0.0
0.057709
0.217806
0.214901
0.293301
0.6918569999999999
0.769167
0.35341500000000003
0.669939
0.50771
0.269036
0.021937
0.0
0.0
0.0
0.0
0.0
0.0
0.0
0.0
0.0
0.0
0.0
0.0
0.0
0.025629000000000002
0.082125
0.141236
0.194052
0.229682
0.245296
0.233717
0.200012
0.150168
0.09071599999999999
0.032112
0.0
0.0
0.0
0.0
0.0
0.0
0.0
0.0
0.0
0.0
0.0
0.0
0.0
0.058628
0.228448
0.227742
0.310244
0.367318
0.800442
0.371486
0.318762
0.507537
0.26768400000000003
0.021207999999999998
0.0
0.0
0.0
0.0
0.0
0.0
0.0
0.0
0.0
0.0
0.0
0.0
0.0
0.053624000000000005
0.232427
0.423313
0.602176
0.65558
0.740459
0.749162
0.291752
0.491142
0.133346
0.04874
0.0
0.0
0.0
0.0
0.0
0.0
0.0
0.0
0.0
0.0
0.0
0.0
0.0
0.021152
0.071461
0.124878
0.172161
0.20590199999999997
0.21818
0.207788
0.178351
0.133423
0.079896
0.026462
0.0
0.0
0.0
0.0
0.0
0.0
0.0
0.0
0.0
0.0
0.0
0.0
0.0
0.054081000000000004
0.095406
0.368318
0.528384
0.64364
0.706399
0.277344
0.2365
0.177038
0.289505
0.036469999999999995
0.0
0.0
0.0
0.0
0.0
0.0
0.0
0.0
0.0
0.0
0.0
0.0
0.0
0.055409
0.320231
0.41125799999999996
0.306033
0.728577
0.385475
0.36871499999999996
0.6483049999999999
0.485968
0.238714
0.016009
0.0
0.0
0.0
0.0
0.0
0.0
0.0
0.0
0.0
0.0
0.0
0.0
0.0
0.030751999999999998
0.13022
0.45836200000000005
0.353346
0.720256
0.491281
0.689293
0.5982540000000001
0.44902
0.21446199999999999
0.009682
0.0
0.0
0.0
0.0
0.0
0.0
0.0
0.0
0.0
0.0
0.0
0.0
0.0
0.028716000000000002
0.229833
0.234363
0.616654
0.722837
0.473994
0.6917340000000001
0.606427
0.453355
0.212952
0.009682
0.0
0.0
0.0
0.0
0.0
0.0
0.0
0.0
0.0
0.0
0.0
0.0
0.0
0.026841
0.207225
0.389164
0.563236
0.694415
0.71158
0.674143
0.577715
0.43234
0.19836099999999998
0.006824
0.0
0.0
0.0
0.0
0.0
0.0
0.0
0.0
0.0
0.0
0.0
0.0
0.0
0.047136000000000004
0.115123
0.381779
0.2808
0.678495
0.7317100000000001
0.7400890000000001
0.598855
0.450033
0.20616800000000002
0.009471
0.0
0.0
0.0
0.0
0.0
0.0
0.0
0.0
0.0
0.0
0.0
0.0
0.0
0.02628
0.218116
0.225845
0.328316
0.7204020000000001
0.733216
0.6926180000000001
0.5977319999999999
0.445953
0.202464
0.008737
0.0
0.0
0.0
0.0
0.0
0.0
0.0
0.0
0.0
0.0
0.0
0.0
0.0
0.027582000000000002
0.250898
0.469882
0.355883
0.713827
0.496918
0.6858479999999999
0.588927
0.423519
0.19659800000000002
0.007972
0.0
0.0
0.0
0.0
0.0
0.0
0.0
0.0
0.0
0.0
0.0
0.0
0.0
0.044776
0.110404
0.372394
0.5452229999999999
0.6812619999999999
0.7164320000000001
0.678183
0.629067
0.434765
0.190311
0.006572
0.0
0.0
0.0
0.0
0.0
0.0
0.0
0.0
0.0
0.0
0.0
0.0
0.0
0.066949
0.08301
0.150618
0.210264
0.251988
0.268868
0.833333
0.21786000000000003
0.632703
0.094329
0.050128
0.0
0.0
0.0
0.0
0.0
0.0
0.0
0.0
0.0
0.0
0.0
0.0
0.0
0.011118000000000001
0.048725000000000004
0.089044
0.125649
0.151739
0.16118000000000002
0.15365199999999998
0.13025899999999999
0.094736
0.054384999999999996
0.013855000000000001
0.0
0.0
0.0
0.0
0.0
0.0
0.0
0.0
0.0
0.0
0.0
0.0
0.0
0.022681999999999997
0.227733
0.43343200000000004
0.6295510000000001
0.402627
0.765829
0.458904
0.617801
0.39254199999999995
0.19498400000000002
0.009425000000000001
0.0
0.0
0.0
0.0
0.0
0.0
0.0
0.0
0.0
0.0
0.0
0.0
0.0
0.05331
0.23543899999999998
0.148621
0.20790899999999998
0.250784
0.265943
0.833333
0.215442
0.579658
0.271451
0.025308
0.0
0.0
0.0
0.0
0.0
0.0
0.0
0.0
0.0
0.0
0.0
0.0
0.0
0.040992
0.10830200000000001
0.195888
0.546355
0.679169
0.7187
0.675921
0.5810230000000001
0.457367
0.19399100000000002
0.005828000000000001
0.0
0.0
0.0
0.0
0.0
0.0
0.0
0.0
0.0
0.0
0.0
0.0
0.0
0.042497
0.302053
0.543319
0.588883
0.35547
0.377395
0.357751
0.615887
0.448445
0.18525299999999997
0.007968
0.0
0.0
0.0
0.0
0.0
0.0
0.0
0.0
0.0
0.0
0.0
0.0
0.0
0.063753
0.10155700000000001
0.18619999999999998
0.26127100000000003
0.833333
0.333055
0.31590199999999996
0.27210199999999996
0.562491
0.250237
0.029751
0.0
0.0
0.0
0.0
0.0
0.0
0.0
0.0
0.0
0.0
0.0
0.0
0.0
0.012121999999999999
0.060328
0.112504
0.159378
0.193487
0.206827
0.19791999999999998
0.168159
0.122186
0.069675
0.014869
0.0
0.0
0.0
0.0
0.0
0.0
0.0
0.0
0.0
0.0
0.0
0.0
0.0
0.053156
0.262065
0.165325
0.234525
0.281906
0.833333
0.28643799999999997
0.243551
0.585601
0.102118
0.022579000000000002
0.0
0.0
0.0
0.0
0.0
0.0
0.0
0.0
0.0
0.0
0.0
0.0
0.0
0.03443
0.213611
0.413088
0.507196
0.303402
0.32416199999999995
0.723266
0.623051
0.45298099999999997
0.171589
0.008922000000000001
0.0
0.0
0.0
0.0
0.0
0.0
0.0
0.0
0.0
0.0
0.0
0.0
0.0
0.036283
0.183893
0.348384
0.153839
0.185355
0.19871799999999998
0.18830699999999997
0.159223
0.523934
0.250322
0.025089
0.0
0.0
0.0
0.0
0.0
0.0
0.0
0.0
0.0
0.0
0.0
0.0
0.0
0.031226
0.061134999999999995
0.115157
0.164403
0.577871
0.212667
0.63175
0.169768
0.502105
0.069209
0.018289000000000003
0.0
0.0
0.0
0.0
0.0
0.0
0.0
0.0
0.0
0.0
0.0
0.0
0.0
0.033345999999999994
0.09792100000000001
0.18308000000000002
0.521984
0.684308
0.7005030000000001
0.7087469999999999
0.568844
0.409962
0.144167
0.0044599999999999996
0.0
0.0
0.0
0.0
0.0
0.0
0.0
0.0
0.0
0.0
0.0
0.0
0.0
0.016569
0.037156999999999996
0.184625
0.26564
0.125727
0.35550099999999996
0.128299
0.107699
0.265874
0.185266
0.010523999999999999
0.0
0.0
0.0
0.0
0.0
0.0
0.0
0.0
0.0
0.0
0.0
0.0
0.0
0.021984
0.053380000000000004
0.103774
0.37711700000000004
0.466539
0.192436
0.510418
0.15451499999999999
0.405257
0.192819
0.007754
0.0
0.0
0.0
0.0
0.0
0.0
0.0
0.0
0.0
0.0
0.0
0.0
0.0
0.063292
0.07536799999999999
0.14385900000000001
0.20555
0.833333
0.265726
0.252857
0.21381899999999998
0.155045
0.087215
0.036683
0.0
0.0
0.0
0.0
0.0
0.0
0.0
0.0
0.0
0.0
0.0
0.0
0.0
0.014914
0.17791900000000002
0.356905
0.526984
0.664979
0.6917559999999999
0.653748
0.557862
0.40075599999999995
0.126315
0.0005340000000000001
0.0
0.0
0.0
0.0
0.0
0.0
0.0
0.0
0.0
0.0
0.0
0.0
0.0
0.012207
0.08197700000000001
0.15771100000000002
0.23108
0.284555
0.317596
0.31385399999999997
0.288526
0.07863500000000001
0.042476
0.004141
0.0
0.0
0.0
0.0
0.0
0.0
0.0
0.0
0.0
0.0
0.0
0.0
0.0
0.015098
0.047323
0.093364
0.30912
0.38604700000000003
0.422069
0.423957
0.38755700000000004
0.100736
0.16514500000000001
0.00851
0.0
0.0
0.0
0.0
0.0
0.0
0.0
0.0
0.0
0.0
0.0
0.0
0.0
0.029835
0.087118
0.383992
0.560862
0.287324
0.776405
0.293493
0.6586559999999999
0.47626
0.100778
0.0075
0.0
0.0
0.0
0.0
0.0
0.0
0.0
0.0
0.0
0.0
0.0
0.0
0.0
0.023960000000000002
0.16475800000000002
0.3625
0.538205
0.60634
0.303799
0.694511
0.573669
0.43808800000000003
0.126258
0.001842
0.0
0.0
0.0
0.0
0.0
0.0
0.0
0.0
0.0
0.0
0.0
0.0
0.0
0.012907
0.216341
0.203291
0.636802
0.389983
0.751091
0.451957
0.604525
0.400424
0.13423400000000002
0.0005570000000000001
0.0
0.0
0.0
0.0
0.0
0.0
0.0
0.0
0.0
0.0
0.0
0.0
0.0
0.024453
0.08972
0.174655
0.5183949999999999
0.690448
0.713911
0.6708310000000001
0.574975
0.441316
0.117573
0.002928
0.0
0.0
0.0
0.0
0.0
0.0
0.0
0.0
0.0
0.0
0.0
0.0
0.0
0.021259
0.31973399999999996
0.292802
0.21410200000000001
0.26067
0.6086900000000001
0.617596
0.222552
0.160134
0.08810899999999999
0.011388
0.0
0.0
0.0
0.0
0.0
0.0
0.0
0.0
0.0
0.0
0.0
0.0
0.0
0.009037000000000002
0.078925
0.15964799999999998
0.23459
0.12495300000000001
0.321007
0.31627999999999995
0.284628
0.074817
0.14778200000000002
0.0056029999999999995
0.0
0.0
0.0
0.0
0.0
0.0
0.0
0.0
0.0
0.0
0.0
0.0
0.0
0.021068
0.311996
0.319937
0.467522
0.279474
0.299481
0.6769400000000001
0.241528
0.457115
0.09652
0.012047
0.0
0.0
0.0
0.0
0.0
0.0
0.0
0.0
0.0
0.0
0.0
0.0
0.0
0.021428
0.175617
0.361533
0.5087119999999999
0.29667
0.719566
0.657327
0.5630599999999999
0.40110399999999996
0.111607
0.000566
0.0
0.0
0.0
0.0
0.0
0.0
0.0
0.0
0.0
0.0
0.0
0.0
0.0
0.029072
0.226523
0.130226
0.6548189999999999
0.230422
0.24555600000000002
0.23369399999999999
0.195942
0.557443
0.07638500000000001
0.016225
0.0
0.0
0.0
0.0
0.0
0.0
0.0
0.0
0.0
0.0
0.0
0.0
0.0
0.014864
0.12056
0.099167
0.14380500000000002
0.17460900000000001
0.503103
0.500046
0.455983
0.402812
0.05613
0.004916
0.0
0.0
0.0
0.0
0.0
0.0
0.0
0.0
0.0
0.0
0.0
0.0
0.0
0.017418
0.08103199999999999
0.31991
0.540396
0.680747
0.7163440000000001
0.695364
0.24017
0.42922899999999997
0.09425700000000001
0.002839
0.0
0.0
0.0
0.0
0.0
0.0
0.0
0.0
0.0
0.0
0.0
0.0
0.0
0.018297
0.163019
0.339488
0.505734
0.637316
0.657481
0.6136710000000001
0.524759
0.37430599999999997
0.116795
0.011514
0.0
0.0
0.0
0.0
0.0
0.0
0.0
0.0
0.0
0.0
0.0
0.0
0.0
0.024396
0.07907399999999999
0.158108
0.22932
0.279831
0.833333
0.284279
0.6869379999999999
0.491577
0.092878
0.007039
0.0
0.0
0.0
0.0
0.0
0.0
0.0
0.0
0.0
0.0
0.0
0.0
0.0
0.002213
0.041024
0.08599899999999999
0.126103
0.15424600000000002
0.164993
0.15743600000000002
0.131091
0.092161
0.047962000000000005
0.003016
0.0
0.0
0.0
0.0
0.0
0.0
0.0
0.0
0.0
0.0
0.0
0.0
0.0
0.012935
0.135202
0.10357899999999999
0.40636500000000003
0.184429
0.197908
0.558909
0.515077
0.111336
0.161999
0.006613000000000001
0.0
0.0
0.0
0.0
0.0
0.0
0.0
0.0
0.0
0.0
0.0
0.0
0.0
0.0021309999999999996
0.044544
0.09263500000000001
0.136042
0.16727899999999998
0.17996299999999998
0.17185
0.143463
0.100709
0.052285
0.003597
0.0
0.0
0.0
0.0
0.0
0.0
0.0
0.0
0.0
0.0
0.0
0.0
0.0
0.000906
0.033467
0.06979
0.10319
0.126829
0.13622
0.12907
0.106762
0.074453
0.037853000000000005
0.001752
0.0
0.0
0.0
0.0
0.0
0.0
0.0
0.0
0.0
0.0
0.0
0.0
0.0
0.00014199999999999998
0.0322
0.068794
0.10179
0.125069
0.133649
0.127641
0.105947
0.073828
0.037506
0.001709
0.0
0.0
0.0
0.0
0.0
0.0
0.0
0.0
0.0
0.0
0.0
0.0
0.0
0.006339
0.17206200000000002
0.36272699999999997
0.314495
0.661353
0.679956
0.6410549999999999
0.54398
0.386976
0.103547
0.0
0.0
0.0
0.0
0.0
0.0
0.0
0.0
0.0
0.0
0.0
0.0
0.0
0.0
0.012425
0.18044
0.38585
0.577042
0.654515
0.713129
0.323471
0.57835
0.385446
0.101612
0.0
0.0
0.0
0.0
0.0
0.0
0.0
0.0
0.0
0.0
0.0
0.0
0.0
0.0
0.004253
0.17206200000000002
0.36882
0.317603
0.6482100000000001
0.664678
0.6304299999999999
0.538439
0.38155700000000004
0.10137099999999999
0.0
0.0
0.0
0.0
0.0
0.0
0.0
0.0
0.0
0.0
0.0
0.0
0.0
0.0
0.008733000000000001
0.071519
0.300135
0.5250370000000001
0.5666559999999999
0.280144
0.653612
0.582389
0.439332
0.11961
0.0020800000000000003
0.0
0.0
0.0
0.0
0.0
0.0
0.0
0.0
0.0
0.0
0.0
0.0
0.0
0.007005
0.144559
0.267316
0.456381
0.491942
0.547479
0.561199
0.19467099999999998
0.442847
0.125032
0.002503
0.0
0.0
0.0
0.0
0.0
0.0
0.0
0.0
0.0
0.0
0.0
0.0
0.0
0.003035
0.150929
0.322817
0.486181
0.618597
0.675975
0.6396839999999999
0.54538
0.390517
0.10363299999999999
0.0
0.0
0.0
0.0
0.0
0.0
0.0
0.0
0.0
0.0
0.0
0.0
0.0
0.0
0.0
0.034555999999999996
0.073283
0.109893
0.135124
0.14456899999999998
0.137731
0.11411
0.079372
0.04032
0.001607
0.0
0.0
0.0
0.0
0.0
0.0
0.0
0.0
0.0
0.0
0.0
0.0
0.0
0.0
0.019989999999999997
0.04359300000000001
0.065386
0.08143500000000001
0.08739
0.081907
0.06811
0.046914000000000004
0.022643
0.0
0.0
0.0
0.0
0.0
0.0
0.0
0.0
0.0
0.0
0.0
0.0
0.0
0.0
0.004011
0.135162
0.140967
0.429328
0.539556
0.6072799999999999
0.668618
0.601592
0.41602100000000003
0.13449100000000003
0.000193
0.0
0.0
0.0
0.0
0.0
0.0
0.0
0.0
0.0
0.0
0.0
0.0
0.0
0.004476
0.14494800000000002
0.302591
0.161144
0.197074
0.21146199999999998
0.6276459999999999
0.5834729999999999
0.117812
0.16861500000000001
0.005685
0.0
0.0
0.0
0.0
0.0
0.0
0.0
0.0
0.0
0.0
0.0
0.0
0.0
0.000933
0.16463
0.20534200000000002
0.543293
0.632313
0.658755
0.627247
0.535756
0.384921
0.10545
0.0
0.0
0.0
0.0
0.0
0.0
0.0
0.0
0.0
0.0
0.0
0.0
0.0
0.0
0.003945
0.081927
0.343779
0.526091
0.665104
0.684991
0.6489779999999999
0.556133
0.42892
0.110888
0.0
0.0
0.0
0.0
0.0
0.0
0.0
0.0
0.0
0.0
0.0
0.0
0.0
0.0
0.004324
0.15629099999999999
0.335092
0.23858600000000002
0.6337820000000001
0.706322
0.7110299999999999
0.5744049999999999
0.412467
0.131489
0.0
0.0
0.0
0.0
0.0
0.0
0.0
0.0
0.0
0.0
0.0
0.0
0.0
0.0
0.003934
0.16670400000000002
0.35994299999999996
0.26010700000000003
0.6898500000000001
0.682849
0.64612
0.553275
0.39944999999999997
0.112141
0.0
0.0
0.0
0.0
0.0
0.0
0.0
0.0
0.0
0.0
0.0
0.0
0.0
0.0
0.003712
0.169715
0.319857
0.229399
0.610643
0.731267
0.690406
0.622753
0.168011
0.140231
0.0
0.0
0.0
0.0
0.0
0.0
0.0
0.0
0.0
0.0
0.0
0.0
0.0
0.0
0.003904
0.08294199999999999
0.344495
0.246274
0.6492559999999999
0.319662
0.706441
0.5843229999999999
0.421696
0.12802699999999997
0.0
0.0
0.0
0.0
0.0
0.0
0.0
0.0
0.0
0.0
0.0
0.0
0.0
0.0
0.00307
0.18832400000000002
0.40832100000000005
0.5121
0.674956
0.727962
0.303844
0.254205
0.439789
0.124992
0.0
0.0
0.0
0.0
0.0
0.0
0.0
0.0
0.0
0.0
0.0
0.0
0.0
0.0
0.006978
0.07120699999999999
0.146921
0.63927
0.26160300000000003
0.280018
0.833333
0.22104
0.156422
0.190189
0.006854
0.0
0.0
0.0
0.0
0.0
0.0
0.0
0.0
0.0
0.0
0.0
0.0
0.0
0.002827
0.07153100000000001
0.303533
0.452746
0.5702240000000001
0.786967
0.65518
0.225242
0.159629
0.083066
0.0063419999999999995
0.0
0.0
0.0
0.0
0.0
0.0
0.0
0.0
0.0
0.0
0.0
0.0
0.0
0.000127
0.159973
0.356467
0.541114
0.659134
0.67906
0.646833
0.5614600000000001
0.40649799999999997
0.121519
0.0
0.0
0.0
0.0
0.0
0.0
0.0
0.0
0.0
0.0
0.0
0.0
0.0
0.0
0.0
0.029006
0.063001
0.09389499999999999
0.115574
0.12386
0.117675
0.09703300000000001
0.06716899999999999
0.033207
0.00028599999999999996
0.0
0.0
0.0
0.0
0.0
0.0
0.0
0.0
0.0
0.0
0.0
0.0
0.0
0.0
0.17342
0.204132
0.564583
0.6586749999999999
0.688096
0.456476
0.562625
0.411703
0.126408
0.0
0.0
0.0
0.0
0.0
0.0
0.0
0.0
0.0
0.0
0.0
0.0
0.0
0.0
0.0
0.17476499999999998
0.38375099999999995
0.569506
0.6403
0.45967899999999995
0.626285
0.551453
0.393824
0.13041
0.0
0.0
0.0
0.0
0.0
0.0
0.0
0.0
0.0
0.0
0.0
0.0
0.0
0.0
0.0
0.161189
0.350992
0.523505
0.62721
0.648673
0.624026
0.542088
0.390135
0.131459
0.0
0.0
0.0
0.0
0.0
0.0
0.0
0.0
0.0
0.0
0.0
0.0
0.0
0.0
0.0
0.15498599999999998
0.337612
0.514774
0.615873
0.6434589999999999
0.614521
0.534708
0.389252
0.13252
0.0
0.0
0.0
0.0
0.0
0.0
0.0
0.0
0.0
0.0
0.0
0.0
0.0
0.0
0.0
0.044142
0.09473699999999999
0.138837
0.17056100000000002
0.182971
0.17343899999999998
0.143739
0.100772
0.051283999999999996
0.002521
0.0
0.0
0.0
0.0
0.0
0.0
0.0
0.0
0.0
0.0
0.0
0.0
0.0
0.0
0.163413
0.36257100000000003
0.314004
0.675412
0.703612
0.670859
0.583155
0.42703399999999997
0.150425
0.0
0.0
0.0
0.0
0.0
0.0
0.0
0.0
0.0
0.0
0.0
0.0
0.0
0.0
0.004633
0.057193
0.117467
0.172558
0.210781
0.224989
0.799184
0.17653899999999997
0.575336
0.23957599999999998
0.005261999999999999
0.0
0.0
0.0
0.0
0.0
0.0
0.0
0.0
0.0
0.0
0.0
0.0
0.0
0.0
0.173594
0.375921
0.5538609999999999
0.6249880000000001
0.466995
0.606087
0.539083
0.400677
0.14846700000000002
0.0
0.0
0.0
0.0
0.0
0.0
0.0
0.0
0.0
0.0
0.0
0.0
0.0
0.0
0.0
0.156088
0.344596
0.516107
0.631143
0.6477670000000001
0.631816
0.55536
0.41044200000000003
0.152959
0.0
0.0
0.0
0.0
0.0
0.0
0.0
0.0
0.0
0.0
0.0
0.0
0.0
0.0
0.002052
0.06869499999999999
0.14019399999999999
0.203316
0.6044539999999999
0.6614059999999999
0.681896
0.6378400000000001
0.14794300000000002
0.077072
0.009021000000000001
0.0
0.0
0.0
0.0
0.0
0.0
