0.0
0.0
0.0
0.0
0.0
0.0
0.0
0.0
0.0074459999999999995
0.190149
0.41043599999999997
0.550596
0.615832
0.606717
0.562339
0.454565
0.285082
0.062225
0.0
0.0
0.0
0.0
0.0
0.0
0.0
0.0
0.0
0.0
0.0
0.0
0.0
0.0
0.001874
0.078318
0.166795
0.230667
0.26818000000000003
0.272489
0.244209
0.187938
0.100113
0.018371
0.0
0.0
0.0
0.0
0.0
0.0
0.0
0.0
0.0
0.0
0.0
0.0
0.0
0.0
0.001848
0.077889
0.156271
0.233079
0.270406
0.27609100000000003
0.25026499999999996
0.191855
0.102852
0.020300000000000002
0.0
0.0
0.0
0.0
0.0
0.0
0.0
0.0
0.0
0.0
0.0
0.0
0.0
0.0
0.001849
0.051761
0.07420600000000001
0.23458
0.267454
0.404656
0.250632
0.331072
0.268386
0.062917
0.0
0.0
0.0
0.0
0.0
0.0
0.0
0.0
0.0
0.0
0.0
0.0
0.0
0.0
0.006229
0.150271
0.249777
0.341449
0.38606599999999996
0.391275
0.354145
0.278247
0.175667
0.039094000000000004
0.0
0.0
0.0
0.0
0.0
0.0
0.0
0.0
0.0
0.0
0.0
0.0
0.0
0.0
0.0019019999999999998
0.098858
0.25180600000000003
0.338352
0.37706799999999996
0.381363
0.35041
0.27833300000000005
0.17760800000000002
0.036912999999999994
0.0
0.0
0.0
0.0
0.0
0.0
0.0
0.0
0.0
0.0
0.0
0.0
0.0
0.0
0.001426
0.169517
0.381538
0.44479599999999997
0.26930200000000004
0.26882799999999996
0.33322199999999996
0.32881
0.23344399999999998
0.067513
0.0
0.0
0.0
0.0
0.0
0.0
0.0
0.0
0.0
0.0
0.0
0.0
0.0
0.0
0.0061200000000000004
0.173399
0.361757
0.510483
0.27187900000000004
0.273198
0.244417
0.414868
0.192069
0.024084
0.0
0.0
0.0
0.0
0.0
0.0
0.0
0.0
0.0
0.0
0.0
0.0
0.0
0.0
0.00628
0.173233
0.369787
0.453051
0.476572
0.39799900000000005
0.320025
0.20081100000000002
0.21462299999999998
0.075245
0.0
0.0
0.0
0.0
0.0
0.0
0.0
0.0
0.0
0.0
0.0
0.0
0.0
0.0
0.001898
0.078038
0.30583699999999997
0.470146
0.530934
0.44604000000000005
0.346989
0.20180099999999998
0.110226
0.026658
0.0
0.0
0.0
0.0
0.0
0.0
0.0
0.0
0.0
0.0
0.0
0.0
0.0
0.0
0.006383
0.176155
0.38795999999999997
0.502434
0.601508
0.630653
0.593099
0.48895
0.31741
0.092637
0.0
0.0
0.0
0.0
0.0
0.0
0.0
0.0
0.0
0.0
0.0
0.0
0.0
0.0
0.007476
0.19154300000000002
0.41220100000000004
0.555665
0.621728
0.626908
0.572917
0.45908499999999997
0.28683800000000004
0.07894899999999999
0.0
0.0
0.0
0.0
0.0
0.0
0.0
0.0
0.0
0.0
0.0
0.0
0.0
0.0
0.007307
0.191963
0.41564
0.559399
0.630731
0.652685
0.603086
0.501564
0.323211
0.097673
0.0
0.0
0.0
0.0
0.0
0.0
0.0
0.0
0.0
0.0
0.0
0.0
0.0
0.0
0.007147000000000001
0.18234
0.37635700000000005
0.517774
0.594375
0.615735
0.606586
0.497455
0.317073
0.09235299999999999
0.0
0.0
0.0
0.0
0.0
0.0
0.0
0.0
0.0
0.0
0.0
0.0
0.0
0.0
0.0018189999999999999
0.034039
0.17202199999999998
0.23563399999999998
0.275678
0.289029
0.5374589999999999
0.39313299999999995
0.19889300000000001
0.032909999999999995
0.0
0.0
0.0
0.0
0.0
0.0
0.0
0.0
0.0
0.0
0.0
0.0
0.0
0.0
0.004403
0.117429
0.189351
0.25701100000000004
0.29459399999999997
0.293505
0.264839
0.212134
0.122567
0.033906
0.0
0.0
0.0
0.0
0.0
0.0
0.0
0.0
0.0
0.0
0.0
0.0
0.0
0.0
0.007935
0.19828800000000002
0.389794
0.522237
0.596133
0.619005
0.536788
0.40496899999999997
0.22095599999999999
0.055041
0.0
0.0
0.0
0.0
0.0
0.0
0.0
0.0
0.0
0.0
0.0
0.0
0.0
0.0
0.0018759999999999998
0.08337900000000001
0.175244
0.24575899999999998
0.293516
0.299454
0.271668
0.215708
0.125592
0.036365
0.0
0.0
0.0
0.0
0.0
0.0
0.0
0.0
0.0
0.0
0.0
0.0
0.0
0.0
0.004228
0.14368899999999998
0.33138999999999996
0.474233
0.559037
0.5887490000000001
0.5232060000000001
0.39524400000000004
0.243007
0.0836
0.0
0.0
0.0
0.0
0.0
0.0
0.0
0.0
0.0
0.0
0.0
0.0
0.0
0.0
0.00893
0.19864099999999998
0.423219
0.57445
0.658157
0.675447
0.5901069999999999
0.38260500000000003
0.13567500000000002
0.0577
0.0
0.0
0.0
0.0
0.0
0.0
0.0
0.0
0.0
0.0
0.0
0.0
0.0
0.0
0.006382
0.161061
0.271656
0.32753699999999997
0.29419
0.307225
0.277475
0.22214799999999998
0.131905
0.040722
0.0
0.0
0.0
0.0
0.0
0.0
0.0
0.0
0.0
0.0
0.0
0.0
0.0
0.0
0.009504
0.202631
0.43331400000000003
0.586365
0.659252
0.633246
0.610023
0.512514
0.34611200000000003
0.124461
0.0
0.0
0.0
0.0
0.0
0.0
0.0
0.0
0.0
0.0
0.0
0.0
0.0
0.0
0.010146
0.18900899999999998
0.42465499999999995
0.5462910000000001
0.653269
0.688726
0.644537
0.534596
0.35347300000000004
0.132016
0.0
0.0
0.0
0.0
0.0
0.0
0.0
0.0
0.0
0.0
0.0
0.0
0.0
0.0
0.011742
0.20876
0.44087200000000004
0.586992
0.662321
0.671452
0.625451
0.519779
0.347447
0.132603
0.0
0.0
0.0
0.0
0.0
0.0
0.0
0.0
0.0
0.0
0.0
0.0
0.0
0.0
0.011626
0.20414
0.42911900000000003
0.585751
0.664708
0.681962
0.6391979999999999
0.534215
0.359856
0.134768
0.0
0.0
0.0
0.0
0.0
0.0
0.0
0.0
0.0
0.0
0.0
0.0
0.0
0.0
0.002934
0.089396
0.18246199999999999
0.25318
0.29475
0.5469120000000001
0.546467
0.464932
0.33452699999999996
0.12272799999999999
0.0
0.0
0.0
0.0
0.0
0.0
0.0
0.0
0.0
0.0
0.0
0.0
0.0
0.0
0.003318
0.15625
0.397515
0.492281
0.50828
0.4537
0.35519
0.23275
0.067191
0.027316
0.0
0.0
0.0
0.0
0.0
0.0
0.0
0.0
0.0
0.0
0.0
0.0
0.0
0.0
0.015246000000000001
0.211144
0.43951100000000004
0.573538
0.587573
0.622746
0.600833
0.496773
0.348577
0.142762
0.000437
0.0
0.0
0.0
0.0
0.0
0.0
0.0
0.0
0.0
0.0
0.0
0.0
0.0
0.015519
0.204945
0.422356
0.569852
0.643969
0.6645610000000001
0.625096
0.5195850000000001
0.359688
0.14141700000000001
0.0008489999999999999
0.0
0.0
0.0
0.0
0.0
0.0
0.0
0.0
0.0
0.0
0.0
0.0
0.0
0.006593
0.092387
0.18116
0.325957
0.44660500000000003
0.514178
0.531708
0.46718099999999996
0.335562
0.132542
0.000882
0.0
0.0
0.0
0.0
0.0
0.0
0.0
0.0
0.0
0.0
0.0
0.0
0.0
0.014865999999999999
0.19009700000000002
0.35907
0.419512
0.392988
0.31185
0.29023000000000004
0.23144900000000002
0.150614
0.053264000000000006
0.0
0.0
0.0
0.0
0.0
0.0
0.0
0.0
0.0
0.0
0.0
0.0
0.0
0.0
0.016885999999999998
0.20508400000000002
0.402969
0.37390300000000004
0.139369
0.143324
0.131843
0.107972
0.06962099999999999
0.055456000000000005
0.0
0.0
0.0
0.0
0.0
0.0
0.0
0.0
0.0
0.0
0.0
0.0
0.0
0.0
0.012
0.183949
0.396404
0.5416190000000001
0.6176609999999999
0.6329400000000001
0.611274
0.522368
0.366115
0.153553
0.001764
0.0
0.0
0.0
0.0
0.0
0.0
0.0
0.0
0.0
0.0
0.0
0.0
0.0
0.012452
0.166693
0.275206
0.498965
0.638867
0.673219
0.634861
0.5363300000000001
0.37512
0.15625999999999998
0.0022879999999999997
0.0
0.0
0.0
0.0
0.0
0.0
0.0
0.0
0.0
0.0
0.0
0.0
0.0
0.009587
0.11235099999999999
0.187477
0.416553
0.600497
0.678074
0.649223
0.5381849999999999
0.36258300000000004
0.15758699999999998
0.002132
0.0
0.0
0.0
0.0
0.0
0.0
0.0
0.0
0.0
0.0
0.0
0.0
0.0
0.008503
0.072732
0.088622
0.171268
0.26620499999999997
0.326052
0.30752999999999997
0.248114
0.157078
0.089307
0.001365
0.0
0.0
0.0
0.0
0.0
0.0
0.0
0.0
0.0
0.0
0.0
0.0
0.0
0.024827000000000002
0.23377699999999998
0.45260300000000003
0.614462
0.708495
0.7366130000000001
0.696866
0.590305
0.405817
0.176749
0.0034609999999999997
0.0
0.0
0.0
0.0
0.0
0.0
0.0
0.0
0.0
0.0
0.0
0.0
0.0
0.010618
0.075247
0.092988
0.130376
0.15372
0.160106
0.22814099999999998
0.262805
0.166189
0.082797
0.001489
0.0
0.0
0.0
0.0
0.0
0.0
0.0
0.0
0.0
0.0
0.0
0.0
0.0
0.01413
0.121336
0.20142500000000002
0.22225299999999998
0.20558500000000002
0.160623
0.593661
0.547714
0.380056
0.15637
0.0032
0.0
0.0
0.0
0.0
0.0
0.0
0.0
0.0
0.0
0.0
0.0
0.0
0.0
0.01156
0.10126399999999999
0.20599199999999998
0.376425
0.519419
0.618246
0.5051410000000001
0.34845800000000005
0.178317
0.09843099999999999
0.002697
0.0
0.0
0.0
0.0
0.0
0.0
0.0
0.0
0.0
0.0
0.0
0.0
0.0
0.034508000000000004
0.23877
0.454599
0.6138920000000001
0.700654
0.7133769999999999
0.6595599999999999
0.553943
0.400752
0.181233
0.005194
0.0
0.0
0.0
0.0
0.0
0.0
0.0
0.0
0.0
0.0
0.0
0.0
0.0
0.037286
0.247701
0.451014
0.60958
0.693132
0.7050599999999999
0.656901
0.533102
0.324101
0.125602
0.002165
0.0
0.0
0.0
0.0
0.0
0.0
0.0
0.0
0.0
0.0
0.0
0.0
0.0
0.013859
0.10284399999999999
0.203892
0.286171
0.33288
0.346263
0.321151
0.26375
0.171126
0.063186
0.0
0.0
0.0
0.0
0.0
0.0
0.0
0.0
0.0
0.0
0.0
0.0
0.0
0.0
0.033165999999999994
0.20729499999999998
0.330445
0.367579
0.332701
0.69131
0.699083
0.582448
0.388366
0.183999
0.005579
0.0
0.0
0.0
0.0
0.0
0.0
0.0
0.0
0.0
0.0
0.0
0.0
0.0
0.044674
0.26376499999999997
0.48517899999999997
0.633225
0.711964
0.737073
0.695507
0.593438
0.429716
0.200548
0.006618000000000001
0.0
0.0
0.0
0.0
0.0
0.0
0.0
0.0
0.0
0.0
0.0
0.0
0.0
0.046777
0.264003
0.47527800000000003
0.621126
0.704259
0.722072
0.6802480000000001
0.589616
0.43232600000000004
0.20400200000000002
0.007832
0.0
0.0
0.0
0.0
0.0
0.0
0.0
0.0
0.0
0.0
0.0
0.0
0.0
0.049238
0.264512
0.47601299999999996
0.612776
0.688222
0.6936319999999999
0.627085
0.51697
0.34616
0.13958500000000001
0.004108
0.0
0.0
0.0
0.0
0.0
0.0
0.0
0.0
0.0
0.0
0.0
0.0
0.0
0.016586
0.138954
0.31688900000000003
0.462051
0.557249
0.61434
0.516107
0.363405
0.192031
0.101375
0.0050940000000000004
0.0
0.0
0.0
0.0
0.0
0.0
0.0
0.0
0.0
0.0
0.0
0.0
0.0
0.009385
0.055256
0.19871
0.372997
0.528227
0.635058
0.5242290000000001
0.364774
0.193835
0.115911
0.0073490000000000005
0.0
0.0
0.0
0.0
0.0
0.0
0.0
0.0
0.0
0.0
0.0
0.0
0.0
0.057045
0.280637
0.505035
0.656697
0.740223
0.758327
0.7065589999999999
0.6186130000000001
0.44847000000000004
0.217537
0.014863
0.0
0.0
0.0
0.0
0.0
0.0
0.0
0.0
0.0
0.0
0.0
0.0
0.0
0.060725
0.294226
0.50044
0.650453
0.732626
0.7511789999999999
0.709708
0.596152
0.40839
0.17744900000000002
0.008444
0.0
0.0
0.0
0.0
0.0
0.0
0.0
0.0
0.0
0.0
0.0
0.0
0.0
0.059025
0.27644
0.464862
0.5796849999999999
0.629703
0.616275
0.3257
0.275784
0.09061100000000001
0.041915
0.0012150000000000002
0.0
0.0
0.0
0.0
0.0
0.0
0.0
0.0
0.0
0.0
0.0
0.0
0.0
0.058966000000000005
0.241176
0.33317399999999997
0.403334
0.403515
0.362136
0.34217200000000003
0.287912
0.201958
0.07780500000000001
0.003387
0.0
0.0
0.0
0.0
0.0
0.0
0.0
0.0
0.0
0.0
0.0
0.0
0.0
0.046612
0.232879
0.426139
0.533516
0.5596559999999999
0.5373669999999999
0.58709
0.546273
0.417916
0.221757
0.018878
0.0
0.0
0.0
0.0
0.0
0.0
0.0
0.0
0.0
0.0
0.0
0.0
0.0
0.071003
0.308515
0.5180589999999999
0.664191
0.738582
0.75426
0.709251
0.592279
0.404862
0.219006
0.020371
0.0
0.0
0.0
0.0
0.0
0.0
0.0
0.0
0.0
0.0
0.0
0.0
0.0
0.075259
0.2959
0.48324
0.5926549999999999
0.648061
0.632649
0.576863
0.46537799999999996
0.325622
0.15639699999999998
0.013752
0.0
0.0
0.0
0.0
0.0
0.0
0.0
0.0
0.0
0.0
0.0
0.0
0.0
0.01436
0.063138
0.112296
0.14797900000000003
0.171721
0.17643799999999998
0.16566999999999998
0.13759800000000003
0.09685200000000001
0.064509
0.007723
0.0
0.0
0.0
0.0
0.0
0.0
0.0
0.0
0.0
0.0
0.0
0.0
0.0
0.015332
0.06406999999999999
0.112319
0.14822
0.171178
0.17685800000000002
0.165159
0.13808199999999998
0.09732299999999999
0.047762
0.003696
0.0
0.0
0.0
0.0
0.0
0.0
0.0
0.0
0.0
0.0
0.0
0.0
0.0
0.06791599999999999
0.228274
0.33471100000000004
0.5985240000000001
0.757879
0.7735080000000001
0.735914
0.633888
0.46604199999999996
0.239001
0.028617999999999998
0.0
0.0
0.0
0.0
0.0
0.0
0.0
0.0
0.0
0.0
0.0
0.0
0.0
0.02782
0.119284
0.230964
0.261324
0.23222399999999999
0.17699299999999998
0.275841
0.331875
0.286412
0.046259999999999996
0.022608
0.0
0.0
0.0
0.0
0.0
0.0
0.0
0.0
0.0
0.0
0.0
0.0
0.0
0.081636
0.30023700000000003
0.465621
0.504096
0.413731
0.17599199999999998
0.411236
0.484011
0.41715800000000003
0.228784
0.029451
0.0
0.0
0.0
0.0
0.0
0.0
0.0
0.0
0.0
0.0
0.0
0.0
0.0
0.08438599999999999
0.315025
0.525156
0.663607
0.744324
0.768562
0.727073
0.621655
0.451787
0.231159
0.031462
0.0
0.0
0.0
0.0
0.0
0.0
0.0
0.0
0.0
0.0
0.0
0.0
0.0
0.079777
0.26707600000000004
0.425755
0.495453
0.5121760000000001
0.375067
0.349793
0.29488400000000003
0.20806
0.102033
0.01391
0.0
0.0
0.0
0.0
0.0
0.0
0.0
0.0
0.0
0.0
0.0
0.0
0.0
0.041832999999999995
0.146406
0.244608
0.26223
0.24154699999999998
0.185974
0.17300100000000002
0.145487
0.103495
0.051875
0.014997
0.0
0.0
0.0
0.0
0.0
0.0
0.0
0.0
0.0
0.0
0.0
0.0
0.0
0.077121
0.238093
0.347189
0.472399
0.533014
0.54864
0.5166430000000001
0.435102
0.303512
0.15224100000000002
0.022413
0.0
0.0
0.0
0.0
0.0
0.0
0.0
0.0
0.0
0.0
0.0
0.0
0.0
0.067861
0.147686
0.12132599999999999
0.267125
0.43299400000000005
0.542537
0.452818
0.341986
0.205429
0.089812
0.010565
0.0
0.0
0.0
0.0
0.0
0.0
0.0
0.0
0.0
0.0
0.0
0.0
0.0
0.047973
0.14887899999999998
0.254094
0.334673
0.376226
0.384421
0.29572000000000004
0.20047700000000002
0.105052
0.073291
0.014367000000000001
0.0
0.0
0.0
0.0
0.0
0.0
0.0
0.0
0.0
0.0
0.0
0.0
0.0
0.10677400000000001
0.338737
0.5371910000000001
0.6817219999999999
0.759138
0.773602
0.7210679999999999
0.47758999999999996
0.10395499999999999
0.052546
0.022222000000000002
0.0
0.0
0.0
0.0
0.0
0.0
0.0
0.0
0.0
0.0
0.0
0.0
0.000211
0.111755
0.339776
0.5447240000000001
0.685577
0.759795
0.766867
0.745937
0.6372530000000001
0.46934
0.245235
0.041790999999999995
0.0
0.0
0.0
0.0
0.0
0.0
0.0
0.0
0.0
0.0
0.0
0.0
0.0006360000000000001
0.113458
0.346901
0.543239
0.671569
0.7065929999999999
0.641009
0.690534
0.617711
0.454544
0.237843
0.041199
0.0
0.0
0.0
0.0
0.0
0.0
0.0
0.0
0.0
0.0
0.0
0.0
0.0006360000000000001
0.120247
0.341187
0.549875
0.6595570000000001
0.615888
0.39612
0.36118700000000004
0.308407
0.221169
0.095696
0.012743
0.0
0.0
0.0
0.0
0.0
0.0
0.0
0.0
0.0
0.0
0.0
0.0
0.0
0.038152
0.135077
0.265052
0.33880200000000005
0.37564800000000004
0.382171
0.469041
0.46824400000000005
0.382593
0.22131800000000001
0.041436
0.0
0.0
0.0
0.0
0.0
0.0
0.0
0.0
0.0
0.0
0.0
0.0
0.0
0.080693
0.27273200000000003
0.495483
0.661081
0.767602
0.79447
0.749086
0.642565
0.475572
0.251496
0.04759
0.0
0.0
0.0
0.0
0.0
0.0
0.0
0.0
0.0
0.0
0.0
0.0
0.001918
0.11234000000000001
0.242514
0.261383
0.33457400000000004
0.379779
0.39248
0.6203730000000001
0.528892
0.385649
0.246129
0.045355
0.0
0.0
0.0
0.0
0.0
0.0
0.0
0.0
0.0
0.0
0.0
0.0
0.0
0.041884
0.139716
0.268875
0.38470299999999996
0.48871699999999996
0.559289
0.661891
0.617815
0.478107
0.255989
0.050601
0.0
0.0
0.0
0.0
0.0
0.0
0.0
0.0
0.0
0.0
0.0
0.0
0.002886
0.136019
0.359531
0.5460470000000001
0.673299
0.738622
0.742167
0.724039
0.631687
0.474926
0.254645
0.05105
0.0
0.0
0.0
0.0
0.0
0.0
0.0
0.0
0.0
0.0
0.0
0.0
0.0
0.066041
0.166293
0.26964499999999997
0.434013
0.5648569999999999
0.6471359999999999
0.5708070000000001
0.455963
0.30768900000000005
0.18778299999999998
0.042969
0.0
0.0
0.0
0.0
0.0
0.0
0.0
0.0
0.0
0.0
0.0
0.0
0.002216
0.114733
0.288722
0.428803
0.5155489999999999
0.5433060000000001
0.541588
0.614443
0.57935
0.45834800000000003
0.24427600000000002
0.050092
0.0
0.0
0.0
0.0
0.0
0.0
0.0
0.0
0.0
0.0
0.0
0.0
0.002791
0.1352
0.369131
0.557102
0.702761
0.784115
0.798611
0.745581
0.633645
0.467601
0.25198
0.051785
0.0
0.0
0.0
0.0
0.0
0.0
0.0
0.0
0.0
0.0
0.0
0.0
0.002144
0.119726
0.335155
0.5239389999999999
0.651018
0.750268
0.765558
0.710941
0.590463
0.37505900000000003
0.195199
0.040987
0.0
0.0
0.0
0.0
0.0
0.0
0.0
0.0
0.0
0.0
0.0
0.0
0.005139
0.152536
0.368895
0.5225599999999999
0.6662659999999999
0.753697
0.774274
0.743145
0.64804
0.48379500000000003
0.261259
0.055187
0.0
0.0
0.0
0.0
0.0
0.0
0.0
0.0
0.0
0.0
0.0
0.0
0.005438
0.141209
0.331709
0.462303
0.5759690000000001
0.6298980000000001
0.6632
0.6679360000000001
0.618259
0.470419
0.235003
0.044633000000000006
0.0
0.0
0.0
0.0
0.0
0.0
0.0
0.0
0.0
0.0
0.0
0.0
0.0
0.052807
0.154017
0.283598
0.4117
0.5080830000000001
0.572653
0.5969990000000001
0.561684
0.423542
0.24082900000000002
0.057305999999999996
0.0
0.0
0.0
0.0
0.0
0.0
0.0
0.0
0.0
0.0
0.0
0.0
0.009866
0.164311
0.387628
0.565184
0.702944
0.731304
0.664482
0.6260760000000001
0.530481
0.387578
0.24157800000000001
0.058527
0.0
0.0
0.0
0.0
0.0
0.0
0.0
0.0
0.0
0.0
0.0
0.0
0.010826
0.166655
0.39087099999999997
0.573613
0.696305
0.752663
0.738217
0.62513
0.38987
0.110134
0.176431
0.042178
0.0
0.0
0.0
0.0
0.0
0.0
0.0
0.0
0.0
0.0
0.0
0.0
0.009958
0.126691
0.232
0.27002499999999996
0.455293
0.5820890000000001
0.65323
0.611183
0.526188
0.390535
0.242893
0.059832
0.0
0.0
0.0
0.0
0.0
0.0
0.0
0.0
0.0
0.0
0.0
0.0
0.013595000000000001
0.165657
0.38079700000000005
0.544988
0.664996
0.721621
0.715256
0.632432
0.493713
0.317972
0.183339
0.04715
0.0
0.0
0.0
0.0
0.0
0.0
0.0
0.0
0.0
0.0
0.0
0.0
0.015332
0.168906
0.385471
0.566183
0.691123
0.74839
0.707427
0.674434
0.582927
0.42017000000000004
0.23775
0.057699
0.0
0.0
0.0
0.0
0.0
0.0
0.0
0.0
0.0
0.0
0.0
0.0
0.018594000000000003
0.177612
0.401774
0.592821
0.7226480000000001
0.7946749999999999
0.761965
0.745915
0.657843
0.494759
0.271024
0.06625400000000001
0.0
0.0
0.0
0.0
0.0
0.0
0.0
0.0
0.0
0.0
0.0
0.0
0.020305
0.181672
0.399284
0.577858
0.681765
0.767913
0.792755
0.75522
0.637414
0.475503
0.26387099999999997
0.065621
0.0
0.0
0.0
0.0
0.0
0.0
0.0
0.0
0.0
0.0
0.0
0.0
0.0032839999999999996
0.04924
0.10413599999999999
0.152998
0.67176
0.211241
0.212519
0.519957
0.5831109999999999
0.492054
0.272033
0.069007
0.0
0.0
0.0
0.0
0.0
0.0
0.0
0.0
0.0
0.0
0.0
0.0
0.023441
0.183226
0.385735
0.531222
0.589526
0.57424
0.75819
0.749133
0.650519
0.491118
0.27682100000000004
0.071596
0.0
0.0
0.0
0.0
0.0
0.0
0.0
0.0
0.0
0.0
0.0
0.0
0.025802
0.193336
0.404371
0.5742079999999999
0.70162
0.780707
0.79916
0.755472
0.6518379999999999
0.49207799999999996
0.28131599999999995
0.072992
0.0
0.0
0.0
0.0
0.0
0.0
0.0
0.0
0.0
0.0
0.0
0.0
0.027542
0.196239
0.414629
0.5931649999999999
0.719031
0.7888200000000001
0.799904
0.760145
0.6569969999999999
0.495288
0.277492
0.07262
0.0
0.0
0.0
0.0
0.0
0.0
0.0
0.0
0.0
0.0
0.0
0.0
0.028685
0.19653800000000002
0.418034
0.59753
0.6985629999999999
0.7188709999999999
0.668824
0.549562
0.488439
0.333588
0.190729
0.053634999999999995
0.0
0.0
0.0
0.0
0.0
0.0
0.0
0.0
0.0
0.0
0.0
0.0
0.015779
0.087355
0.140182
0.150042
0.18149
0.199849
0.201489
0.19015700000000002
0.160541
0.120154
0.069944
0.019528
0.0
0.0
0.0
0.0
0.0
0.0
0.0
0.0
0.0
0.0
0.0
0.0
0.0075899999999999995
0.053203
0.10685599999999999
0.15402000000000002
0.249517
0.335046
0.413146
0.317164
0.227108
0.12162300000000001
0.09585500000000001
0.035525
0.0
0.0
0.0
0.0
0.0
0.0
0.0
0.0
0.0
0.0
0.0
0.0
0.007639
0.054629
0.107932
0.155132
0.18909399999999998
0.207337
0.21071
0.455397
0.525186
0.458641
0.277082
0.07738500000000001
0.0
0.0
0.0
0.0
0.0
0.0
0.0
0.0
0.0
0.0
0.0
0.0
0.037871
0.213735
0.43421699999999996
0.6141420000000001
0.736189
0.799689
0.802956
0.7620119999999999
0.6537430000000001
0.492245
0.281683
0.07791100000000001
0.0
0.0
0.0
0.0
0.0
0.0
0.0
0.0
0.0
0.0
0.0
0.0
0.040117
0.21224600000000002
0.42657100000000003
0.584459
0.691041
0.66012
0.6645399999999999
0.6891860000000001
0.630522
0.492993
0.28237599999999996
0.07782299999999999
0.0
0.0
0.0
0.0
0.0
0.0
0.0
0.0
0.0
0.0
0.0
0.0
0.041462000000000006
0.216419
0.43094
0.594171
0.710408
0.765598
0.7499199999999999
0.655756
0.47408
0.240323
0.13729
0.043685
0.0
0.0
0.0
0.0
0.0
0.0
0.0
0.0
0.0
0.0
0.0
0.0
0.041704
0.199136
0.329613
0.311094
0.458998
0.578272
0.6456580000000001
0.650827
0.5908110000000001
0.467643
0.25911900000000004
0.073756
0.0
0.0
0.0
0.0
0.0
0.0
0.0
0.0
0.0
0.0
0.0
0.0
0.046248
0.224695
0.44755399999999995
0.615392
0.738016
0.807991
0.817557
0.7586649999999999
0.6622089999999999
0.502793
0.288786
0.083393
0.0
0.0
0.0
0.0
0.0
0.0
0.0
0.0
0.0
0.0
0.0
0.0
0.047688
0.229501
0.446201
0.5875750000000001
0.701843
0.759989
0.7659009999999999
0.711703
0.60558
0.450697
0.25793099999999997
0.073893
0.0
0.0
0.0
0.0
0.0
0.0
0.0
0.0
0.0
0.0
0.0
0.0
0.046048
0.20513900000000002
0.377488
0.484649
0.525379
0.46845600000000004
0.412426
0.381423
0.325484
0.242119
0.141828
0.046884
0.0
0.0
0.0
0.0
0.0
0.0
0.0
0.0
0.0
0.0
0.0
0.0
0.029708
0.10568899999999999
0.157139
0.16406
0.198118
0.21615
0.217423
0.519322
0.596185
0.48853800000000003
0.28671800000000003
0.085673
1.7e-05
0.0
0.0
0.0
0.0
0.0
0.0
0.0
0.0
0.0
0.0
0.0
0.054296
0.238561
0.45067399999999996
0.624198
0.7336520000000001
0.779552
0.793201
0.764262
0.662224
0.503089
0.289508
0.08674
0.00046
0.0
0.0
0.0
0.0
0.0
0.0
0.0
0.0
0.0
0.0
0.0
0.055781
0.236536
0.228572
0.31729700000000005
0.706765
0.776524
0.7269450000000001
0.714124
0.630952
0.48626400000000003
0.286559
0.087568
0.00042699999999999997
0.0
0.0
0.0
0.0
0.0
0.0
0.0
0.0
0.0
0.0
0.0
0.056432
0.23616800000000002
0.442855
0.599688
0.697249
0.769386
0.774482
0.73361
0.6331509999999999
0.479153
0.275864
0.081984
0.0
0.0
0.0
0.0
0.0
0.0
0.0
0.0
0.0
0.0
0.0
0.0
0.056499
0.219395
0.34338799999999997
0.314654
0.4289
0.47935300000000003
0.5363479999999999
0.521156
0.45155700000000004
0.34007600000000004
0.22806200000000001
0.07892
0.000211
0.0
0.0
0.0
0.0
0.0
0.0
0.0
0.0
0.0
0.0
0.0
0.046710999999999996
0.22553600000000001
0.451
0.629035
0.7411369999999999
0.799046
0.796865
0.738643
0.6321749999999999
0.478509
0.278497
0.085117
0.00014299999999999998
0.0
0.0
0.0
0.0
0.0
0.0
0.0
0.0
0.0
0.0
0.0
0.060757
0.24207900000000002
0.44953699999999996
0.577812
0.6625890000000001
0.679332
0.714364
0.6232089999999999
0.445171
0.292516
0.14576
0.0502
0.0
0.0
0.0
0.0
0.0
0.0
0.0
0.0
0.0
0.0
0.0
0.0
0.060641
0.243851
0.457245
0.6156090000000001
0.7332110000000001
0.7870119999999999
0.797119
0.751648
0.647818
0.491265
0.286738
0.087907
0.001277
0.0
0.0
0.0
0.0
0.0
0.0
0.0
0.0
0.0
0.0
0.0
0.062186
0.24160800000000002
0.451983
0.618294
0.733709
0.791226
0.799408
0.748743
0.644004
0.487608
0.281439
0.08699899999999999
0.000862
0.0
0.0
0.0
0.0
0.0
0.0
0.0
0.0
0.0
0.0
0.0
0.064366
0.242857
0.45183
0.6077480000000001
0.740943
0.8051609999999999
0.814412
0.76846
0.659611
0.5002869999999999
0.295038
0.091656
0.0018009999999999999
0.0
0.0
0.0
0.0
0.0
0.0
0.0
0.0
0.0
0.0
0.0
0.070738
0.257315
0.45733300000000005
0.615225
0.7293590000000001
0.790183
0.7939299999999999
0.746062
0.645835
0.481755
0.285566
0.09262999999999999
0.0017
0.0
0.0
0.0
0.0
0.0
0.0
0.0
0.0
0.0
0.0
0.0
0.065766
0.256627
0.458854
0.62
0.72913
0.7821589999999999
0.737317
0.69653
0.604893
0.458578
0.276304
0.091918
0.001545
0.0
0.0
0.0
0.0
0.0
0.0
0.0
0.0
0.0
0.0
0.0
0.031036
0.07177700000000001
0.42374700000000004
0.6146849999999999
0.713425
0.740359
0.6691159999999999
0.691318
0.6269020000000001
0.48856499999999997
0.283594
0.091602
0.002023
0.0
0.0
0.0
0.0
0.0
0.0
0.0
0.0
0.0
0.0
0.0
0.043893
0.11626
0.160977
0.161028
0.18986699999999998
0.208797
0.21077600000000002
0.19821
0.17027
0.13054300000000002
0.07917199999999999
0.028507
0.0
0.0
0.0
0.0
0.0
0.0
0.0
0.0
0.0
0.0
0.0
0.0
0.071336
0.241839
0.433035
0.6166950000000001
0.69748
0.752064
0.755386
0.7578440000000001
0.585204
0.25677
0.155272
0.059427999999999995
0.0
0.0
0.0
0.0
0.0
0.0
0.0
0.0
0.0
0.0
0.0
5.6e-05
0.047759
0.17819100000000002
0.35371199999999997
0.526215
0.61225
0.6700320000000001
0.644856
0.5218769999999999
0.326704
0.12687099999999998
0.17343
0.082903
0.002075
0.0
0.0
0.0
0.0
0.0
0.0
0.0
0.0
0.0
0.0
0.0
0.061009
0.19877099999999998
0.362674
0.505045
0.620476
0.687133
0.703124
0.6311789999999999
0.499985
0.332106
0.23857
0.088742
0.002175
0.0
0.0
0.0
0.0
0.0
0.0
0.0
0.0
0.0
0.0
0.0
0.023015
0.071169
0.117272
0.15496600000000002
0.24657900000000002
0.335291
0.390256
0.36259399999999997
0.309012
0.235277
0.164756
0.068986
0.000825
0.0
0.0
0.0
0.0
0.0
0.0
0.0
0.0
0.0
0.0
0.000641
0.063037
0.232613
0.437365
0.6047870000000001
0.714507
0.7678250000000001
0.7600950000000001
0.711725
0.6140650000000001
0.458538
0.278011
0.094861
0.002895
0.0
0.0
0.0
0.0
0.0
0.0
0.0
0.0
0.0
0.0
0.0
0.023791
0.09595999999999999
0.19773
0.315744
0.425679
0.497985
0.54571
0.514948
0.440954
0.335204
0.220492
0.085009
0.002401
0.0
0.0
0.0
0.0
0.0
0.0
0.0
0.0
0.0
0.0
0.0
0.052687
0.210062
0.42436799999999997
0.606016
0.7145199999999999
0.767125
0.75805
0.718071
0.6222219999999999
0.476351
0.28599
0.096922
0.003235
0.0
0.0
0.0
0.0
0.0
0.0
0.0
0.0
0.0
0.0
0.001828
0.083386
0.267238
0.458524
0.608317
0.716383
0.768547
0.772375
0.732285
0.63552
0.48727699999999996
0.290348
0.09580200000000001
0.0015609999999999999
0.0
0.0
0.0
0.0
0.0
0.0
0.0
0.0
0.0
0.0
0.00029299999999999997
0.06813899999999999
0.196411
0.32570499999999997
0.435305
0.512282
0.5683250000000001
0.554284
0.519322
0.459829
0.3465
0.214077
0.08128400000000001
0.002391
0.0
0.0
0.0
0.0
0.0
0.0
0.0
0.0
0.0
0.0
0.0
0.055034
0.18474000000000002
0.360126
0.538836
0.670218
0.746399
0.7748079999999999
0.729056
0.6326390000000001
0.486635
0.294243
0.103533
0.005448000000000001
0.0
0.0
0.0
0.0
0.0
0.0
0.0
0.0
0.0
0.0
0.00228
0.08859399999999999
0.26866199999999996
0.44875400000000004
0.611476
0.715668
0.766702
0.7688529999999999
0.732875
0.623909
0.48487
0.29297
0.101831
0.005713
0.0
0.0
0.0
0.0
0.0
0.0
0.0
0.0
0.0
0.0
0.002557
0.092099
0.27448
0.469128
0.605783
0.717934
0.7647930000000001
0.737722
0.69226
0.599266
0.46081099999999997
0.287779
0.101595
0.006396
0.0
0.0
0.0
0.0
0.0
0.0
0.0
0.0
0.0
0.0
0.001451
0.056711
0.167896
0.305079
0.44415699999999997
0.48481599999999997
0.462839
0.398932
0.37642000000000003
0.31583999999999995
0.240364
0.150591
0.062027
0.001462
0.0
0.0
0.0
0.0
0.0
0.0
0.0
0.0
0.0
0.0
0.000455
0.05522
0.143822
0.235497
0.309273
0.36391199999999996
0.390462
0.39124400000000004
0.37194499999999997
0.31856599999999996
0.246423
0.177786
0.08103400000000001
0.004411
0.0
0.0
0.0
0.0
0.0
0.0
0.0
0.0
0.0
0.0
0.000734
0.058982
0.151865
0.24837399999999998
0.324837
0.380766
0.416928
0.420336
0.39716500000000005
0.33558499999999997
0.25700599999999996
0.2015
0.093956
0.006522999999999999
0.0
0.0
0.0
0.0
0.0
0.0
0.0
0.0
0.0
0.0
0.003034
0.074801
0.204928
0.337481
0.17049199999999998
0.20034200000000002
0.214734
0.213626
0.200451
0.172974
0.132585
0.113724
0.058987000000000005
0.0029820000000000003
0.0
0.0
0.0
0.0
0.0
0.0
0.0
0.0
0.0
0.0
0.001178
0.030078
0.10537
0.211331
0.326257
0.38094
0.410769
0.40958100000000003
0.499012
0.501085
0.429542
0.279752
0.106749
0.009282
0.0
0.0
0.0
0.0
0.0
0.0
0.0
0.0
0.0
0.0
0.0
0.030775
0.107534
0.21082900000000002
0.32466199999999995
0.502649
0.622522
0.676505
0.6819930000000001
0.611362
0.478634
0.29551499999999997
0.10829699999999999
0.010016
0.0
0.0
0.0
0.0
0.0
0.0
0.0
0.0
0.0
0.0
0.003521
0.089018
0.26927100000000004
0.453944
0.5954640000000001
0.720281
0.755013
0.768652
0.7218519999999999
0.628116
0.481708
0.295079
0.105734
0.008058999999999998
0.0
0.0
0.0
0.0
0.0
0.0
0.0
0.0
0.0
0.0
0.0038039999999999997
0.093807
0.27349599999999996
0.463645
0.613204
0.720758
0.771899
0.763072
0.705671
0.6023970000000001
0.45939800000000003
0.28538
0.102537
0.010362
0.0
0.0
0.0
0.0
0.0
0.0
0.0
0.0
0.0
0.0
0.004019
0.098458
0.267113
0.45176900000000003
0.5777
0.670213
0.723385
0.728521
0.695399
0.613459
0.476248
0.291974
0.106401
0.011602
0.0
0.0
0.0
0.0
0.0
0.0
0.0
0.0
0.0
0.0
0.0026230000000000003
0.06257800000000001
0.191675
0.364014
0.529015
0.66106
0.718834
0.762636
0.714553
0.61954
0.48014
0.29767
0.11197
0.012521000000000001
0.0
0.0
0.0
0.0
0.0
0.0
0.0
0.0
0.0
0.0
0.0056
0.09718399999999999
0.277994
0.470794
0.627356
0.729718
0.783515
0.784181
0.7336280000000001
0.635402
0.48603199999999996
0.299879
0.112805
0.013159
0.0
0.0
0.0
0.0
0.0
0.0
0.0
0.0
0.0
0.0
0.006359
0.10121899999999999
0.27667200000000003
0.463457
0.6090570000000001
0.7092
0.74846
0.7376269999999999
0.677959
0.574591
0.44899700000000003
0.27719900000000003
0.106029
0.012701
0.0
0.0
0.0
0.0
0.0
0.0
0.0
0.0
0.0
0.0
0.005167
0.06258
0.18745699999999998
0.34762099999999996
0.507564
0.578093
0.628531
0.628861
0.568661
0.458746
0.335404
0.248333
0.106727
0.014232
0.0
0.0
0.0
0.0
0.0
0.0
0.0
0.0
0.0
0.0
0.006293999999999999
0.079898
0.238048
0.42927499999999996
0.592368
0.7104640000000001
0.75925
0.754359
0.718976
0.601834
0.407811
0.246608
0.09696500000000001
0.010829
0.0
0.0
0.0
0.0
0.0
0.0
0.0
0.0
0.0
0.0
0.007188
0.085493
0.25701
0.431022
0.562391
0.678797
0.7264740000000001
0.64748
0.649124
0.587456
0.469056
0.296625
0.11206
0.016616
0.0
0.0
0.0
0.0
0.0
0.0
0.0
0.0
0.0
0.0
0.007949
0.103586
0.27445400000000003
0.456461
0.568125
0.679347
0.74482
0.759124
0.713053
0.615783
0.473419
0.28762
0.11039199999999999
0.014313000000000001
0.0
0.0
0.0
0.0
0.0
0.0
0.0
0.0
0.0
0.0
0.008089
0.09200799999999999
0.26226
0.466118
0.606799
0.687116
0.71309
0.6612939999999999
0.598872
0.48911099999999996
0.350509
0.250813
0.109833
0.016123000000000002
0.0
0.0
0.0
0.0
0.0
0.0
0.0
0.0
0.0
0.0
0.008044
0.098826
0.271868
0.444222
0.5632670000000001
0.6559510000000001
0.699697
0.6974170000000001
0.672234
0.594434
0.465377
0.295433
0.116084
0.017776
0.0
0.0
0.0
0.0
0.0
0.0
0.0
0.0
0.0
0.0
0.006149
0.08034999999999999
0.256313
0.450755
0.588615
0.6810689999999999
0.7200679999999999
0.726245
0.689346
0.604621
0.466173
0.29386700000000004
0.115919
0.018801
0.0
0.0
0.0
0.0
0.0
0.0
0.0
0.0
0.0
0.0
0.008223000000000001
0.095175
0.270544
0.456934
0.5999800000000001
0.70041
0.763301
0.772889
0.72422
0.625336
0.481906
0.301342
0.116361
0.019426
0.0
0.0
0.0
0.0
0.0
0.0
0.0
0.0
0.0
0.0
0.004682
0.074559
0.23100700000000002
0.417845
0.550372
0.627818
0.684601
0.694866
0.595948
0.438971
0.252654
0.217928
0.11167400000000001
0.017654
0.0
0.0
0.0
0.0
0.0
0.0
0.0
0.0
0.0
0.0
0.004108
0.07465300000000001
0.231913
0.41966000000000003
0.589662
0.693951
0.748803
0.753995
0.712048
0.6164149999999999
0.474421
0.295633
0.114342
0.019521
0.0
0.0
0.0
0.0
0.0
0.0
0.0
0.0
0.0
0.0
0.008549
0.09242600000000001
0.26627999999999996
0.447733
0.598823
0.69116
0.751795
0.748227
0.7124299999999999
0.61041
0.463842
0.293448
0.117285
0.020052
0.0
0.0
0.0
0.0
0.0
0.0
0.0
0.0
0.0
0.0
0.007884
0.091074
0.262029
0.438461
0.578317
0.681071
0.752524
0.746679
0.714159
0.615541
0.478796
0.299925
0.120574
0.02097
0.0
0.0
0.0
0.0
0.0
0.0
0.0
0.0
0.0
0.0
0.008674
0.091845
0.26611900000000005
0.446358
0.5984149999999999
0.6897279999999999
0.7595810000000001
0.755754
0.7069840000000001
0.6302770000000001
0.481618
0.301739
0.12098
0.02101
0.0
0.0
0.0
0.0
0.0
0.0
0.0
0.0
0.0
0.0
0.008864
0.093096
0.268053
0.455091
0.600417
0.697859
0.752447
0.747167
0.692875
0.605174
0.462774
0.284764
0.113826
0.018245
0.0
0.0
0.0
0.0
0.0
0.0
0.0
0.0
0.0
0.0
0.00656
0.08163
0.19789400000000001
0.323495
0.430824
0.507629
0.5506960000000001
0.5515979999999999
0.5445030000000001
0.484933
0.389139
0.225458
0.08723600000000001
0.009518
0.0
0.0
0.0
0.0
0.0
0.0
0.0
0.0
0.0
0.0
0.008202
0.08679300000000001
0.243387
0.392961
0.483802
0.552611
0.561866
0.532194
0.419916
0.26818000000000003
0.128
0.083452
0.038074
0.003064
0.0
0.0
0.0
0.0
0.0
0.0
0.0
0.0
0.0
0.0
0.0052450000000000005
0.072572
0.22472999999999999
0.407007
0.560153
0.618052
0.619232
0.519435
0.494711
0.42656299999999997
0.33457299999999995
0.229539
0.105443
0.019319
0.0
0.0
0.0
0.0
0.0
0.0
0.0
0.0
0.0
0.0
0.002661
0.060421
0.188194
0.35821
0.5172920000000001
0.645193
0.7144640000000001
0.7228880000000001
0.6816409999999999
0.590696
0.457287
0.287058
0.11753
0.021877
0.0
0.0
0.0
0.0
0.0
0.0
0.0
0.0
0.0
0.0
0.00846
0.089848
0.255525
0.432471
0.571234
0.678762
0.733639
0.742992
0.703309
0.6057619999999999
0.471783
0.296661
0.120479
0.023363
0.0
0.0
0.0
0.0
0.0
0.0
0.0
0.0
0.0
0.0
0.006058
0.062018000000000004
0.180929
0.33905
0.484743
0.575052
0.616228
0.624202
0.570153
0.468904
0.343885
0.223993
0.100354
0.017457
0.0
0.0
0.0
0.0
0.0
0.0
0.0
0.0
0.0
0.0
0.007284
0.08465600000000001
0.23827099999999998
0.415418
0.5740019999999999
0.6936100000000001
0.758139
0.7686040000000001
0.714885
0.627693
0.48424599999999995
0.305846
0.12399299999999999
0.023829
0.0
0.0
0.0
0.0
0.0
0.0
0.0
0.0
0.0
0.0
0.006725
0.077673
0.207035
0.36086900000000005
0.504491
0.644159
0.7206670000000001
0.737165
0.6884389999999999
0.619392
0.474971
0.298362
0.12296800000000001
0.023564
0.0
0.0
0.0
0.0
0.0
0.0
0.0
0.0
0.0
0.0
0.0067599999999999995
0.085051
0.25221
0.44093
0.587303
0.689072
0.744206
0.749097
0.714214
0.626125
0.487918
0.308891
0.12909299999999999
0.024702
0.0
0.0
0.0
0.0
0.0
0.0
0.0
0.0
0.0
0.0
0.006803
0.071723
0.078837
0.20330299999999998
0.35869999999999996
0.50504
0.6358550000000001
0.69037
0.671849
0.586733
0.456202
0.29978899999999997
0.124746
0.025885000000000002
0.0
0.0
0.0
0.0
0.0
0.0
0.0
0.0
0.0
0.0
0.008026
0.084948
0.231125
0.397854
0.543587
0.618081
0.643019
0.6196929999999999
0.576526
0.47786700000000004
0.349844
0.228322
0.103869
0.019627
0.0
0.0
0.0
0.0
0.0
0.0
0.0
0.0
0.0
0.0
0.008345
0.088151
0.249859
0.41608100000000003
0.536105
0.619794
0.649668
0.641538
0.581528
0.47717000000000004
0.347541
0.211944
0.090911
0.013769
0.0
0.0
0.0
0.0
0.0
0.0
0.0
0.0
0.0
0.0
0.008248
0.087458
0.256261
0.437583
0.5788479999999999
0.67479
0.72641
0.68123
0.704183
0.62193
0.48595299999999997
0.30898200000000003
0.127383
0.024867
0.0
0.0
0.0
0.0
0.0
0.0
0.0
0.0
0.0
0.0
0.007551
0.086967
0.25282
0.431025
0.5719930000000001
0.663646
0.719291
0.720759
0.66003
0.601599
0.456409
0.29306400000000005
0.12219
0.024671
0.0
0.0
0.0
0.0
0.0
0.0
0.0
0.0
0.0
0.0
0.007521
0.088045
0.24765500000000001
0.392434
0.40753300000000003
0.517537
0.585428
0.607829
0.598756
0.542219
0.434174
0.27543
0.115157
0.023107
0.0
0.0
0.0
0.0
0.0
0.0
0.0
0.0
0.0
0.0
0.007274
0.087485
0.250556
0.429006
0.566685
0.6598930000000001
0.699627
0.690758
0.656089
0.572341
0.439351
0.287917
0.121268
0.024012000000000002
0.0
0.0
0.0
0.0
0.0
0.0
0.0
0.0
0.0
0.0
0.007030000000000001
0.085645
0.23727299999999998
0.36376600000000003
0.398783
0.612085
0.6738970000000001
0.622891
0.621977
0.5629
0.446627
0.28865199999999996
0.12445999999999999
0.025323000000000002
0.0
0.0
0.0
0.0
0.0
0.0
0.0
0.0
0.0
0.0
0.004978
0.059722000000000004
0.144946
0.236124
0.312945
0.557082
0.705896
0.741062
0.6746599999999999
0.6143
0.480191
0.307899
0.12026
0.014778000000000001
0.0
0.0
0.0
0.0
0.0
0.0
0.0
0.0
0.0
0.0
0.007287
0.08669
0.249083
0.429979
0.566507
0.67314
0.7287100000000001
0.738795
0.700314
0.60982
0.486362
0.312169
0.13141399999999998
0.026091999999999997
0.0
0.0
0.0
0.0
0.0
0.0
0.0
0.0
0.0
0.0
0.007314
0.087799
0.24763300000000002
0.422423
0.5642290000000001
0.665388
0.730698
0.742249
0.697049
0.6178250000000001
0.47995299999999996
0.307691
0.131334
0.027212
0.0
0.0
0.0
0.0
0.0
0.0
0.0
0.0
0.0
0.0
0.00639
0.085998
0.248494
0.43224799999999997
0.581901
0.6874020000000001
0.746319
0.752943
0.707645
0.614289
0.481754
0.310209
0.13050499999999998
0.025683
0.0
0.0
0.0
0.0
0.0
0.0
0.0
0.0
0.0
0.0
0.006482
0.08643899999999999
0.24390799999999999
0.41128699999999996
0.561781
0.663439
0.719831
0.760125
0.686547
0.609176
0.48133499999999996
0.310409
0.13106399999999999
0.026300999999999998
0.0
0.0
0.0
0.0
0.0
0.0
0.0
0.0
0.0
0.0
0.00618
0.08344599999999999
0.245536
0.422983
0.568575
0.659805
0.69416
0.736158
0.685312
0.554077
0.476293
0.304238
0.131032
0.026671
0.0
0.0
0.0
0.0
0.0
0.0
0.0
0.0
0.0
0.0
0.0056630000000000005
0.08083
0.242071
0.41260800000000003
0.5446660000000001
0.614317
0.6845209999999999
0.7100380000000001
0.68376
0.6026520000000001
0.47131
0.30426600000000004
0.129138
0.026581
0.0
0.0
0.0
0.0
0.0
0.0
0.0
0.0
0.0
0.0
0.005093
0.082555
0.24279499999999998
0.421209
0.562221
0.660824
0.70923
0.7131770000000001
0.690852
0.6104210000000001
0.47346699999999997
0.307483
0.131613
0.026405
0.0
0.0
0.0
0.0
0.0
0.0
0.0
0.0
0.0
0.0
0.004788000000000001
0.07929
0.23791800000000002
0.409599
0.5479109999999999
0.67302
0.731405
0.7368129999999999
0.692976
0.599989
0.468263
0.302484
0.128188
0.025478
0.0
0.0
0.0
0.0
0.0
0.0
0.0
0.0
0.0
0.0
0.004179
0.076887
0.237678
0.415662
0.5581090000000001
0.658158
0.709943
0.70243
0.6592619999999999
0.570708
0.442731
0.29149
0.123564
0.024568000000000003
0.0
0.0
0.0
0.0
0.0
0.0
0.0
0.0
0.0
0.0
0.003572
0.079795
0.229879
0.39860500000000004
0.522106
0.584326
0.715781
0.728773
0.689042
0.601211
0.468881
0.303064
0.127496
0.025960999999999998
0.0
0.0
0.0
0.0
0.0
0.0
0.0
0.0
0.0
0.0
0.0033309999999999998
0.081113
0.23561400000000002
0.40931599999999996
0.54912
0.657011
0.7138289999999999
0.726506
0.693012
0.603634
0.470098
0.304514
0.129375
0.026544
0.0
0.0
0.0
0.0
0.0
0.0
0.0
0.0
0.0
0.0
0.003074
0.081259
0.235108
0.4059
0.54175
0.6458189999999999
0.701904
0.714249
0.677268
0.594812
0.466052
0.304328
0.13082
0.026613
0.0
0.0
0.0
0.0
0.0
0.0
0.0
0.0
0.0
0.0
0.002311
0.07835800000000001
0.234732
0.415137
0.5623060000000001
0.663906
0.7342219999999999
0.743304
0.704544
0.617786
0.486265
0.314923
0.13161699999999998
0.025863
0.0
0.0
0.0
0.0
0.0
0.0
0.0
0.0
0.0
0.0
0.0028090000000000003
0.079351
0.23801499999999998
0.420197
0.567666
0.68113
0.743764
0.7572380000000001
0.714347
0.62099
0.48811200000000005
0.31641199999999997
0.13401
0.026041
0.0
0.0
0.0
0.0
0.0
0.0
0.0
0.0
0.0
0.0
0.002875
0.078806
0.234493
0.40807
0.564928
0.650007
0.758109
0.747049
0.7103780000000001
0.622467
0.490413
0.316986
0.134385
0.025906
0.0
0.0
0.0
0.0
0.0
0.0
0.0
0.0
0.0
0.0
0.002821
0.07616500000000001
0.24115299999999998
0.422981
0.5544049999999999
0.671403
0.741859
0.718855
0.6964969999999999
0.615124
0.48435700000000004
0.31309699999999996
0.134713
0.025594000000000002
0.0
0.0
0.0
0.0
0.0
0.0
0.0
0.0
0.0
0.0
0.002318
0.075034
0.23396799999999998
0.408666
0.51493
0.644812
0.718961
0.740182
0.702673
0.614799
0.481499
0.31326
0.133267
0.026661999999999998
0.0
0.0
0.0
0.0
0.0
0.0
0.0
0.0
0.0
0.0
0.002371
0.076003
0.230643
0.41023000000000004
0.556692
0.663218
0.722014
0.735484
0.7033579999999999
0.6183500000000001
0.48445699999999997
0.316919
0.133714
0.025890999999999997
0.0
0.0
0.0
0.0
0.0
0.0
0.0
0.0
0.0
0.0
0.002421
0.075438
0.234121
0.421526
0.5758479999999999
0.687816
0.7539
0.7549640000000001
0.694013
0.6262150000000001
0.497475
0.32098000000000004
0.13752099999999998
0.027179
0.0
0.0
0.0
0.0
0.0
0.0
0.0
0.0
0.0
0.0
0.002021
0.073671
0.233391
0.405314
0.529861
0.669547
0.742833
0.766597
0.7254729999999999
0.633764
0.495998
0.321485
0.136679
0.027064
0.0
0.0
0.0
0.0
0.0
0.0
0.0
0.0
0.0
0.0
0.002029
0.07560599999999999
0.23516900000000002
0.419213
0.565164
0.6619160000000001
0.708367
0.705951
0.709976
0.6262340000000001
0.49082600000000004
0.316855
0.132781
0.025142
0.0
0.0
0.0
0.0
0.0
0.0
0.0
0.0
0.0
0.0
0.0020729999999999998
0.07405400000000001
0.23261500000000002
0.419325
0.565112
0.646642
0.718208
0.7384489999999999
0.710675
0.6269589999999999
0.49104899999999996
0.316472
0.13219
0.024978
0.0
0.0
0.0
0.0
0.0
0.0
0.0
0.0
0.0
0.0
0.001508
0.073866
0.2345
0.41998
0.572601
0.681236
0.740422
0.7517590000000001
0.718071
0.631149
0.495076
0.31835199999999997
0.134624
0.024264
0.0
0.0
0.0
0.0
0.0
0.0
0.0
0.0
0.0
0.0
0.001592
0.07362
0.231976
0.419363
0.568238
0.6727390000000001
0.7315969999999999
0.745015
0.711352
0.6257240000000001
0.491274
0.316778
0.133647
0.02581
0.0
0.0
0.0
0.0
0.0
0.0
0.0
0.0
0.0
0.0
0.001534
0.069121
0.227899
0.40407600000000005
0.542177
0.6630119999999999
0.7394
0.73222
0.706683
0.6200399999999999
0.48679
0.31388900000000003
0.131692
0.024579999999999998
0.0
0.0
0.0
0.0
0.0
0.0
0.0
0.0
0.0
0.0
0.000966
0.06724200000000001
0.225761
0.40344
0.533409
0.6207820000000001
0.702615
0.7057190000000001
0.687188
0.605903
0.477694
0.308466
0.125118
0.022265999999999998
0.0
0.0
0.0
0.0
0.0
0.0
0.0
0.0
0.0
0.0
0.001143
0.066307
0.217355
0.39591899999999997
0.508047
0.654258
0.695357
0.720307
0.660736
0.593568
0.473384
0.304862
0.127213
0.023666
0.0
0.0
0.0
0.0
0.0
0.0
0.0
0.0
0.0
0.0
0.0006879999999999999
0.06786199999999999
0.221696
0.405452
0.556778
0.663269
0.738053
0.755278
0.7235159999999999
0.628371
0.486828
0.31488499999999997
0.129689
0.023576
0.0
0.0
0.0
0.0
0.0
0.0
0.0
0.0
0.0
0.0
0.000799
0.068633
0.225833
0.406224
0.555118
0.647396
0.6804410000000001
0.657267
0.624011
0.54511
0.42562599999999995
0.27199599999999996
0.117089
0.020347
0.0
0.0
0.0
0.0
0.0
0.0
0.0
0.0
0.0
0.0
0.0
0.045029000000000007
0.113042
0.156342
0.158722
0.365152
0.400089
0.4078
0.640294
0.627554
0.472049
0.31440199999999996
0.128725
0.022689
0.0
0.0
0.0
0.0
0.0
0.0
0.0
0.0
0.0
0.0
0.0008110000000000001
0.06822700000000001
0.22677
0.407143
0.534689
0.667312
0.732681
0.74456
0.7171900000000001
0.631936
0.495936
0.318512
0.131376
0.022511
0.0
0.0
0.0
0.0
0.0
0.0
0.0
0.0
0.0
0.0
0.000305
0.064755
0.22719399999999998
0.411609
0.558628
0.663293
0.721125
0.7292390000000001
0.7031710000000001
0.6230650000000001
0.492696
0.315286
0.128772
0.021327000000000002
0.0
0.0
0.0
0.0
0.0
0.0
0.0
0.0
0.0
0.0
0.000241
0.065114
0.223302
0.40886
0.558929
0.669224
0.731078
0.742919
0.712114
0.625855
0.489046
0.31246199999999996
0.12565600000000002
0.021015
0.0
0.0
0.0
0.0
0.0
0.0
0.0
0.0
0.0
0.0
0.00028100000000000005
0.064626
0.222834
0.411524
0.564748
0.664293
0.729209
0.7450950000000001
0.6990270000000001
0.620005
0.490037
0.31406799999999996
0.125357
0.020535
0.0
0.0
0.0
0.0
0.0
0.0
0.0
0.0
0.0
0.0
0.0
0.064655
0.222464
0.410175
0.5637960000000001
0.661868
0.704258
0.6924710000000001
0.711142
0.6215259999999999
0.487307
0.310027
0.122976
0.019031
0.0
0.0
0.0
0.0
0.0
0.0
0.0
0.0
0.0
0.0
0.0
0.062176999999999996
0.221584
0.40263
0.540978
0.6652680000000001
0.7389249999999999
0.75486
0.7128819999999999
0.62012
0.481659
0.30844
0.121366
0.018648
0.0
0.0
0.0
0.0
0.0
0.0
0.0
0.0
0.0
0.0
0.0
0.062516
0.218371
0.39297899999999997
0.537934
0.655716
0.722971
0.737965
0.70775
0.620512
0.48245699999999997
0.307317
0.1217
0.017969000000000002
0.0
0.0
0.0
0.0
0.0
0.0
0.0
0.0
0.0
0.0
0.0
0.062456000000000005
0.22393000000000002
0.40782999999999997
0.551289
0.663414
0.727097
0.7448060000000001
0.710379
0.623375
0.488905
0.311976
0.12175
0.016693000000000003
0.0
0.0
0.0
0.0
0.0
0.0
0.0
0.0
0.0
0.0
0.0
0.040094000000000005
0.147768
0.285724
0.442109
0.573939
0.6613
0.70277
0.6650499999999999
0.5838289999999999
0.49049200000000004
0.31249400000000005
0.12183100000000001
0.016992999999999998
0.0
0.0
0.0
0.0
0.0
0.0
0.0
0.0
0.0
0.0
0.0
0.060392
0.223135
0.409252
0.557847
0.6642129999999999
0.719208
0.7358579999999999
0.69562
0.623231
0.488572
0.314168
0.124257
0.015771
0.0
0.0
0.0
0.0
0.0
0.0
0.0
0.0
0.0
0.0
0.0
0.05806
0.221415
0.404206
0.537643
0.632317
0.68084
0.685888
0.6876559999999999
0.6211169999999999
0.4868
0.31071499999999996
0.121274
0.014672000000000001
0.0
0.0
0.0
0.0
0.0
0.0
0.0
0.0
0.0
0.0
0.0
0.057798
0.217198
0.391159
0.5510729999999999
0.640732
0.726918
0.7486670000000001
0.694882
0.624069
0.493585
0.31247800000000003
0.119041
0.01413
0.0
0.0
0.0
0.0
0.0
0.0
0.0
0.0
0.0
0.0
0.0
0.059653
0.21954300000000002
0.410554
0.55667
0.6877430000000001
0.738459
0.7572559999999999
0.732244
0.632837
0.489336
0.31091
0.118063
0.012856999999999999
0.0
0.0
0.0
0.0
0.0
0.0
0.0
0.0
0.0
0.0
0.0
0.058121
0.217252
0.35330700000000004
0.486204
0.656163
0.746535
0.7600119999999999
0.719423
0.628428
0.489321
0.309755
0.11687900000000001
0.0121
0.0
0.0
0.0
0.0
0.0
0.0
0.0
0.0
0.0
0.0
0.0
0.057941
0.217816
0.39905399999999996
0.552418
0.685033
0.7347619999999999
0.730077
0.709389
0.627876
0.490104
0.307616
0.11510200000000001
0.010476000000000001
0.0
0.0
0.0
0.0
0.0
0.0
0.0
0.0
0.0
0.0
0.0
0.053124000000000005
0.189952
0.342729
0.48271600000000003
0.613297
0.6971090000000001
0.735872
0.705044
0.626822
0.495143
0.315277
0.11765099999999999
0.009744999999999998
0.0
0.0
0.0
0.0
0.0
0.0
0.0
0.0
0.0
0.0
0.0
0.052228000000000004
0.187356
0.339548
0.457683
0.610542
0.701253
0.723975
0.696629
0.613458
0.479459
0.30625
0.113276
0.008851000000000001
0.0
0.0
0.0
0.0
0.0
0.0
0.0
0.0
0.0
0.0
0.0
0.055000999999999994
0.210592
0.38005700000000003
0.49401999999999996
0.586616
0.687506
0.721698
0.672237
0.607836
0.477474
0.303587
0.110771
0.007813
0.0
0.0
0.0
0.0
0.0
0.0
0.0
0.0
0.0
0.0
0.0
0.054973
0.218608
0.41023000000000004
0.556567
0.665975
0.7199869999999999
0.749614
0.714835
0.624086
0.482416
0.301341
0.108449
0.00663
0.0
0.0
0.0
0.0
0.0
0.0
0.0
0.0
0.0
0.0
0.0
0.054111
0.221585
0.417968
0.57485
0.681607
0.7312569999999999
0.728841
0.706951
0.626342
0.483648
0.301602
0.108788
0.005831
0.0
0.0
0.0
0.0
0.0
0.0
0.0
0.0
0.0
0.0
0.0
0.052417
0.21671700000000002
0.411449
0.566648
0.677239
0.735832
0.745548
0.6876019999999999
0.6169600000000001
0.481361
0.29852999999999996
0.106428
0.004445999999999999
0.0
0.0
0.0
0.0
0.0
0.0
0.0
0.0
0.0
0.0
0.0
0.052289999999999996
0.218986
0.41294600000000004
0.566671
0.672765
0.7314740000000001
0.7407440000000001
0.708444
0.620484
0.481012
0.297625
0.105364
0.003828
0.0
0.0
0.0
0.0
0.0
0.0
0.0
0.0
0.0
0.0
0.0
0.051404000000000005
0.221278
0.423987
0.5837640000000001
0.7052630000000001
0.7603909999999999
0.759104
0.723201
0.631288
0.48729700000000004
0.297931
0.103457
0.003388
0.0
0.0
0.0
0.0
0.0
0.0
0.0
0.0
0.0
0.0
0.0
0.051914999999999996
0.21328999999999998
0.40761000000000003
0.562939
0.680899
0.7346480000000001
0.7246699999999999
0.698433
0.610889
0.476636
0.29318299999999997
0.099537
0.003432
0.0
0.0
0.0
0.0
0.0
0.0
0.0
0.0
0.0
0.0
0.0
0.042072000000000005
0.17196
0.327729
0.463515
0.551851
0.6160760000000001
0.63593
0.601519
0.523989
0.403685
0.266426
0.096358
0.002641
0.0
0.0
0.0
0.0
0.0
0.0
0.0
0.0
0.0
0.0
0.0
0.049478
0.215969
0.419626
0.574607
0.6832910000000001
0.730578
0.7463200000000001
0.715294
0.624852
0.478051
0.290963
0.09604
0.0025710000000000004
0.0
0.0
0.0
0.0
0.0
0.0
0.0
0.0
0.0
0.0
0.0
0.044781
0.187685
0.363547
0.512501
0.62414
0.689317
0.693625
0.678831
0.603117
0.47413
0.286991
0.09479000000000001
0.002209
0.0
0.0
0.0
0.0
0.0
0.0
0.0
0.0
0.0
0.0
0.0
0.048097
0.207292
0.40154700000000004
0.558393
0.6799489999999999
0.726505
0.724938
0.695957
0.6090800000000001
0.469408
0.28389800000000004
0.091919
0.001761
0.0
0.0
0.0
0.0
0.0
0.0
0.0
0.0
0.0
0.0
0.0
0.048258
0.215722
0.414724
0.57348
0.681981
0.733348
0.737362
0.699585
0.6107619999999999
0.46927300000000005
0.28210399999999997
0.08992900000000001
0.001813
0.0
0.0
0.0
0.0
0.0
0.0
0.0
0.0
0.0
0.0
0.0
0.037213
0.15395599999999998
0.288531
0.398412
0.480812
0.541052
0.548875
0.502433
0.433687
0.330822
0.239816
0.086905
0.001555
0.0
0.0
0.0
0.0
0.0
0.0
0.0
0.0
0.0
0.0
0.0
0.046411
0.209988
0.415194
0.58051
0.69712
0.7609589999999999
0.770576
0.724835
0.625804
0.477292
0.284325
0.08777299999999999
0.001045
0.0
0.0
0.0
0.0
0.0
0.0
0.0
0.0
0.0
0.0
0.0
0.044937
0.21071700000000002
0.415096
0.56768
0.67532
0.724923
0.753111
0.7117190000000001
0.613201
0.465188
0.274959
0.084736
0.001014
0.0
0.0
0.0
0.0
0.0
0.0
0.0
0.0
0.0
0.0
0.0
0.045033000000000004
0.212444
0.412257
0.565569
0.680677
0.7478830000000001
0.7561950000000001
0.712025
0.615838
0.469331
0.277139
0.083652
0.000632
0.0
0.0
0.0
0.0
0.0
0.0
0.0
0.0
0.0
0.0
0.0
0.044292000000000005
0.203183
0.384595
0.488962
0.612226
0.695521
0.7403569999999999
0.703647
0.6129020000000001
0.468289
0.27586900000000003
0.08201699999999999
0.000199
0.0
0.0
0.0
0.0
0.0
0.0
0.0
0.0
0.0
0.0
0.0
0.043207
0.200917
0.367601
0.470464
0.574535
0.6346280000000001
0.644814
0.624929
0.5564349999999999
0.43449
0.26158499999999996
0.07850700000000001
0.0
0.0
0.0
0.0
0.0
0.0
0.0
0.0
0.0
0.0
0.0
0.0
0.043028
0.215129
0.41951900000000003
0.578828
0.678588
0.732844
0.73407
0.702492
0.612742
0.464755
0.270497
0.077174
0.0
0.0
0.0
0.0
0.0
0.0
0.0
0.0
0.0
0.0
0.0
0.0
0.041841
0.21064
0.410053
0.558932
0.664808
0.704024
0.738582
0.6959310000000001
0.6021190000000001
0.455788
0.265735
0.07395
0.0
0.0
0.0
0.0
0.0
0.0
0.0
0.0
0.0
0.0
0.0
0.0
0.041558
0.207125
0.393053
0.53103
0.6151190000000001
0.657308
0.686866
0.66663
0.5868490000000001
0.447533
0.25972300000000004
0.07163800000000001
0.0
0.0
0.0
0.0
0.0
0.0
0.0
0.0
0.0
0.0
0.0
0.0
0.038549
0.199035
0.409381
0.5751219999999999
0.6817380000000001
0.740852
0.7448579999999999
0.695102
0.5919030000000001
0.43642000000000003
0.244294
0.06526900000000001
0.0
0.0
0.0
0.0
0.0
0.0
0.0
0.0
0.0
0.0
0.0
0.0
0.032204
0.1589
0.29797199999999996
0.393885
0.5359210000000001
0.627612
0.658862
0.644517
0.561492
0.422464
0.231259
0.059833
0.0
0.0
0.0
0.0
0.0
0.0
0.0
0.0
0.0
0.0
0.0
0.0
0.035974
0.18572
0.355987
0.460428
0.550803
0.570442
0.6304460000000001
0.618523
0.555212
0.420964
0.239814
0.061951
0.0
0.0
0.0
0.0
0.0
0.0
0.0
0.0
0.0
0.0
0.0
0.0
0.035952
0.195395
0.404286
0.571885
0.686203
0.737208
0.7412920000000001
0.678956
0.579379
0.442712
0.24087
0.059953000000000006
0.0
0.0
0.0
0.0
0.0
0.0
0.0
0.0
0.0
0.0
0.0
0.0
0.034692999999999995
0.195012
0.400955
0.5727490000000001
0.6830069999999999
0.7346609999999999
0.724131
0.650648
0.5891259999999999
0.44132499999999997
0.23762200000000003
0.057466
0.0
0.0
0.0
0.0
0.0
0.0
0.0
0.0
0.0
0.0
0.0
0.0
0.033868
0.192936
0.398526
0.5368200000000001
0.6593680000000001
0.7121689999999999
0.728452
0.682354
0.581721
0.427289
0.227071
0.054613
0.0
0.0
0.0
0.0
0.0
0.0
0.0
0.0
0.0
0.0
0.0
0.0
0.032875999999999996
0.19074000000000002
0.393173
0.537255
0.6521509999999999
0.7144199999999999
0.703996
0.659473
0.543639
0.389788
0.208125
0.049158
0.0
0.0
0.0
0.0
0.0
0.0
0.0
0.0
0.0
0.0
0.0
0.0
0.023166
0.132046
0.27082100000000003
0.383925
0.466221
0.511609
0.518204
0.5276879999999999
0.46876999999999996
0.355551
0.189558
0.045106
0.0
0.0
0.0
0.0
0.0
0.0
0.0
0.0
0.0
0.0
0.0
0.0
0.026578
0.158434
0.315585
0.47975799999999996
0.5847129999999999
0.640177
0.6231140000000001
0.559527
0.446181
0.294391
0.186849
0.045526000000000004
0.0
0.0
0.0
0.0
0.0
0.0
0.0
0.0
0.0
0.0
0.0
0.0
0.028806000000000002
0.164487
0.316151
0.390507
0.522032
0.610524
0.638402
0.652588
0.58113
0.43262900000000004
0.22109700000000002
0.04603
0.0
0.0
0.0
0.0
0.0
0.0
0.0
0.0
0.0
0.0
0.0
0.0
0.02896
0.173844
0.330749
0.37864
0.533359
0.645952
0.686999
0.637793
0.569539
0.421682
0.217173
0.044257
0.0
0.0
0.0
0.0
0.0
0.0
0.0
0.0
0.0
0.0
0.0
0.0
0.028797
0.184048
0.38976900000000003
0.561888
0.637946
0.696803
0.7025220000000001
0.656822
0.570812
0.416477
0.209461
0.04072
0.0
0.0
0.0
0.0
0.0
0.0
0.0
0.0
0.0
0.0
0.0
0.0
0.027626
0.185521
0.38963099999999995
0.5518529999999999
0.669679
0.705962
0.715383
0.670764
0.5570879999999999
0.410348
0.20751
0.038460999999999995
0.0
0.0
0.0
0.0
0.0
0.0
0.0
0.0
0.0
0.0
0.0
0.0
0.027233
0.181404
0.37653
0.5322060000000001
0.661436
0.73036
0.720941
0.673139
0.569348
0.41066199999999997
0.204226
0.036357
0.0
0.0
0.0
0.0
0.0
0.0
0.0
0.0
0.0
0.0
0.0
0.0
0.026257000000000003
0.180587
0.38033100000000003
0.535624
0.651365
0.69877
0.718416
0.687162
0.57288
0.406345
0.196958
0.033904000000000004
0.0
0.0
0.0
0.0
0.0
0.0
0.0
0.0
0.0
0.0
0.0
0.0
0.023592
0.156996
0.30444
0.372223
0.471461
0.523667
0.506138
0.43001799999999996
0.315306
0.196439
0.10923999999999999
0.020850999999999998
0.0
0.0
0.0
0.0
0.0
0.0
0.0
0.0
0.0
0.0
0.0
0.0
0.016876000000000002
0.136409
0.298283
0.441967
0.526736
0.5492910000000001
0.520279
0.469429
0.37952199999999997
0.27282799999999996
0.12266500000000001
0.017307
0.0
0.0
0.0
0.0
0.0
0.0
0.0
0.0
0.0
0.0
0.0
0.0
0.019799
0.150787
0.322516
0.46502699999999997
0.50246
0.468061
0.362113
0.39380000000000004
0.348012
0.265415
0.131441
0.020135
0.0
0.0
0.0
0.0
0.0
0.0
0.0
0.0
0.0
0.0
0.0
0.0
0.015444000000000001
0.143954
0.335504
0.513344
0.580723
0.589742
0.522307
0.49713799999999997
0.42292399999999997
0.29576100000000005
0.148037
0.021445
0.0
0.0
0.0
0.0
0.0
0.0
0.0
0.0
0.0
0.0
0.0
0.0
0.022555
0.179202
0.38926900000000003
0.560342
0.676669
0.726837
0.714945
0.6627820000000001
0.550732
0.380856
0.178978
0.023583
0.0
0.0
0.0
0.0
0.0
0.0
0.0
0.0
0.0
0.0
0.0
0.0
0.021471
0.176816
0.39134800000000003
0.564856
0.672958
0.7300789999999999
0.720823
0.656353
0.543283
0.38981099999999996
0.179058
0.021734000000000003
0.0
0.0
0.0
0.0
0.0
0.0
0.0
0.0
0.0
0.0
0.0
0.0
0.020174
0.17580500000000002
0.379958
0.5364030000000001
0.641426
0.701654
0.711349
0.6718379999999999
0.554183
0.37791699999999995
0.174716
0.020127
0.0
0.0
0.0
0.0
0.0
0.0
0.0
0.0
0.0
0.0
0.0
0.0
0.019458
0.174454
0.373827
0.526438
0.5989249999999999
0.6062390000000001
0.5923959999999999
0.516097
0.406963
0.25357599999999997
0.114015
0.011552
0.0
0.0
0.0
0.0
0.0
0.0
0.0
0.0
0.0
0.0
0.0
0.0
0.017077000000000002
0.149024
0.290429
0.368407
0.45339100000000004
0.494664
0.49284
0.501017
0.435497
0.313731
0.146769
0.014505
0.0
0.0
0.0
0.0
0.0
0.0
0.0
0.0
0.0
0.0
0.0
0.0
0.01797
0.171476
0.37075400000000003
0.503513
0.598521
0.626995
0.6093780000000001
0.59587
0.509895
0.362097
0.16056499999999999
0.014291
0.0
0.0
0.0
0.0
0.0
0.0
0.0
0.0
0.0
0.0
0.0
0.0
0.016456
0.170504
0.375986
0.5341710000000001
0.652511
0.709767
0.6622480000000001
0.639641
0.5478160000000001
0.373251
0.16059700000000002
0.012596999999999999
0.0
0.0
0.0
0.0
0.0
0.0
0.0
0.0
0.0
0.0
0.0
0.0
0.015493
0.168773
0.38084500000000004
0.545284
0.6298769999999999
0.6971660000000001
0.7098949999999999
0.649293
0.5348379999999999
0.368014
0.15633699999999998
0.010088
0.0
0.0
0.0
0.0
0.0
0.0
0.0
0.0
0.0
0.0
0.0
0.0
0.009188
0.13772900000000002
0.345222
0.5255789999999999
0.6405810000000001
0.681433
0.663577
0.6212000000000001
0.51502
0.344225
0.147017
0.008442
0.0
0.0
0.0
0.0
0.0
0.0
0.0
0.0
0.0
0.0
0.0
0.0
0.013574999999999999
0.164616
0.371439
0.536354
0.658299
0.71463
0.711461
0.644267
0.5111100000000001
0.3107
0.135545
0.0068070000000000006
0.0
0.0
0.0
0.0
0.0
0.0
0.0
0.0
0.0
0.0
0.0
0.0
0.010859
0.140817
0.277815
0.357643
0.532849
0.6446130000000001
0.680174
0.625212
0.505525
0.333034
0.13572599999999999
0.00523
0.0
0.0
0.0
0.0
0.0
0.0
0.0
0.0
0.0
0.0
0.0
0.0
0.015404
0.184101
0.39460500000000004
0.549446
0.655186
0.701246
0.694523
0.642872
0.540694
0.37816500000000003
0.16441399999999998
0.0062039999999999994
0.0
0.0
0.0
0.0
0.0
0.0
0.0
0.0
0.0
0.0
0.0
0.0
0.014598000000000002
0.178764
0.381855
0.527599
0.619109
0.638907
0.608092
0.573173
0.46461
0.329926
0.124102
0.002997
0.0
0.0
0.0
0.0
0.0
0.0
0.0
0.0
0.0
0.0
0.0
0.0
0.005198
0.082903
0.18475299999999997
0.26675099999999996
0.324038
0.351213
0.348767
0.6080610000000001
0.525713
0.36997199999999997
0.145459
0.004548
0.0
0.0
0.0
0.0
0.0
0.0
0.0
0.0
0.0
0.0
0.0
0.0
0.010198
0.177368
0.39054500000000003
0.568997
0.660694
0.6716369999999999
0.668671
0.578947
0.427088
0.246833
0.103173
0.0022679999999999996
0.0
0.0
0.0
0.0
0.0
0.0
0.0
0.0
0.0
0.0
0.0
0.0
0.011573
0.17588399999999998
0.396079
0.573583
0.675155
0.7288239999999999
0.7119800000000001
0.6532789999999999
0.5376770000000001
0.364944
0.14524600000000001
0.002862
0.0
0.0
0.0
0.0
0.0
0.0
0.0
0.0
0.0
0.0
0.0
0.0
0.010562
0.163394
0.347098
0.493693
0.600288
0.651785
0.644338
0.587086
0.47658999999999996
0.32067399999999996
0.061137000000000004
0.0
0.0
0.0
0.0
0.0
0.0
0.0
0.0
0.0
0.0
0.0
0.0
0.0
0.005797
0.094092
0.14990299999999998
0.126458
0.15432300000000002
0.168857
0.166919
0.34768
0.290113
0.204392
0.04217
0.000949
0.0
0.0
0.0
0.0
0.0
0.0
0.0
0.0
0.0
0.0
0.0
0.0
0.006607999999999999
0.080232
0.177853
0.25571299999999997
0.317382
0.647972
0.583693
0.605063
0.431361
0.23371799999999998
0.061237
0.001547
0.0
0.0
0.0
0.0
0.0
0.0
0.0
0.0
0.0
0.0
0.0
0.0
0.005023
0.15273699999999998
0.36704899999999996
0.5284099999999999
0.61233
0.63293
0.625294
0.614891
0.5185080000000001
0.352221
0.136976
0.00233
0.0
0.0
0.0
0.0
0.0
0.0
0.0
0.0
0.0
0.0
0.0
0.0
0.001574
0.12949100000000002
0.342649
0.525314
0.642415
0.699761
0.700859
0.636291
0.5144890000000001
0.337023
0.129973
0.001924
0.0
0.0
0.0
0.0
0.0
0.0
0.0
0.0
0.0
0.0
0.0
0.0
0.0
0.036037999999999994
0.30870600000000004
0.123666
0.616833
0.349868
0.345843
0.151667
0.118346
0.161091
0.05774
0.0
0.0
0.0
0.0
0.0
0.0
0.0
0.0
0.0
0.0
0.0
0.0
0.0
0.002002
0.09562000000000001
0.239415
0.369152
0.32629199999999997
0.350992
0.347678
0.31375400000000003
0.248973
0.281355
0.11828100000000001
0.001203
0.0
0.0
0.0
0.0
0.0
0.0
0.0
0.0
0.0
0.0
0.0
0.0
0.001166
0.148483
0.351462
0.512192
0.618715
0.34985700000000003
0.34449799999999997
0.30912599999999996
0.24485200000000001
0.25824
0.10861799999999999
0.0007379999999999999
0.0
0.0
0.0
0.0
0.0
0.0
0.0
0.0
0.0
0.0
0.0
0.0
0.004006999999999999
0.149226
0.356334
0.426286
0.320815
0.346917
0.34337900000000005
0.309969
0.35090699999999997
0.280083
0.11232299999999999
0.000764
0.0
0.0
0.0
0.0
0.0
0.0
0.0
0.0
0.0
0.0
0.0
0.0
0.0050999999999999995
0.156132
0.36538099999999996
0.5310750000000001
0.597634
0.6497820000000001
0.641236
0.603
0.5185230000000001
0.346346
0.11956699999999999
0.000301
0.0
0.0
0.0
0.0
0.0
0.0
0.0
0.0
0.0
0.0
0.0
0.0
0.005008
0.16691399999999998
0.37879399999999996
0.5528289999999999
0.642516
0.6874969999999999
0.6789930000000001
0.633696
0.518506
0.33883300000000005
0.118355
0.0
0.0
0.0
0.0
0.0
0.0
0.0
0.0
0.0
0.0
0.0
0.0
0.0
0.00505
0.1628
0.374581
0.529891
0.630563
0.664277
0.627832
0.620304
0.520415
0.33643
0.11033799999999999
0.0
0.0
0.0
0.0
0.0
0.0
0.0
0.0
0.0
0.0
0.0
0.0
0.0
0.003939
0.15166200000000002
0.35374700000000003
0.506108
0.563557
0.5442720000000001
0.470156
0.452164
0.38212599999999997
0.25979599999999997
0.091544
0.0
0.0
0.0
0.0
0.0
0.0
0.0
0.0
0.0
0.0
0.0
0.0
0.0
0.004058
0.15557300000000002
0.372663
0.5507989999999999
0.644183
0.6785760000000001
0.6396430000000001
0.5955410000000001
0.479837
0.319756
0.10230299999999999
0.0
0.0
0.0
0.0
0.0
0.0
0.0
0.0
0.0
0.0
0.0
0.0
0.0
0.0015309999999999998
0.066822
0.156903
0.247835
0.309504
0.33049599999999996
0.324983
0.294214
0.229889
0.134082
0.042146
0.0
0.0
0.0
0.0
0.0
0.0
0.0
0.0
0.0
0.0
0.0
0.0
0.0
0.0
0.065038
0.166709
0.242334
0.313123
0.330055
0.32559
0.290883
0.225222
0.13218100000000002
0.040500999999999995
0.0
0.0
0.0
0.0
0.0
0.0
0.0
0.0
0.0
0.0
0.0
0.0
0.0
0.0
0.064258
0.16613
0.116591
0.308156
0.32824200000000003
0.323335
0.138129
0.230128
0.129675
0.038912
0.0
0.0
0.0
0.0
0.0
0.0
0.0
0.0
0.0
0.0
0.0
0.0
0.0
0.0
0.062153
0.163747
0.243175
0.300074
0.328945
0.477332
0.29150400000000004
0.453294
0.292792
0.085544
0.0
0.0
0.0
0.0
0.0
0.0
0.0
0.0
0.0
0.0
0.0
0.0
0.0
0.001799
0.12735
0.353346
0.5273289999999999
0.628342
0.64828
0.568667
0.556882
0.467914
0.302674
0.084411
0.0
0.0
0.0
0.0
0.0
0.0
0.0
0.0
0.0
0.0
0.0
0.0
0.0
0.0018549999999999999
0.134806
0.351972
0.537518
0.6454139999999999
0.691452
0.678765
0.5641470000000001
0.459703
0.28299799999999997
0.079501
0.0
0.0
0.0
0.0
0.0
0.0
0.0
0.0
0.0
0.0
0.0
0.0
0.0
0.0023239999999999997
0.144415
0.36156
0.5331670000000001
0.638673
0.685646
0.6737569999999999
0.612942
0.49206599999999995
0.305799
0.08431
0.0
0.0
0.0
0.0
0.0
0.0
0.0
0.0
0.0
0.0
0.0
0.0
0.0
0.0
0.057136000000000006
0.173813
0.285734
0.38721300000000003
0.438106
0.460264
0.135083
0.102447
0.058592
0.014432
0.0
0.0
0.0
0.0
0.0
0.0
0.0
0.0
0.0
0.0
0.0
0.0
0.0
0.001444
0.137573
0.354193
0.5353859999999999
0.596442
0.66579
0.6641130000000001
0.6108300000000001
0.492279
0.30658300000000005
0.080928
0.0
0.0
0.0
0.0
0.0
0.0
0.0
0.0
0.0
0.0
0.0
0.0
0.0
0.00139
0.13921
0.360315
0.5398590000000001
0.647319
0.6909109999999999
0.67255
0.602726
0.47784899999999997
0.29295
0.077071
0.0
0.0
0.0
0.0
0.0
0.0
0.0
0.0
0.0
0.0
0.0
0.0
0.0
0.0010069999999999999
0.13558699999999999
0.35765199999999997
0.535485
0.641335
0.690856
0.687183
0.613152
0.48897
0.294422
0.075419
0.0
0.0
0.0
0.0
0.0
0.0
0.0
0.0
0.0
0.0
0.0
0.0
0.0
0.00047099999999999996
0.120506
0.320868
0.48993000000000003
0.596376
0.649381
0.64267
0.533389
0.368127
0.18417
0.03402
0.0
0.0
0.0
0.0
0.0
0.0
0.0
0.0
0.0
0.0
0.0
0.0
0.0
0.0
0.051586
0.213888
0.38966500000000004
0.529629
0.590823
0.5845750000000001
0.5449210000000001
0.417452
0.231608
0.045814
0.0
0.0
0.0
0.0
0.0
0.0
0.0
0.0
0.0
0.0
0.0
0.0
0.0
0.0
0.067855
0.20801499999999998
0.29491
0.380978
0.421344
0.412368
0.429782
0.365462
0.209348
0.039795000000000004
0.0
0.0
0.0
0.0
0.0
0.0
0.0
0.0
0.0
0.0
0.0
0.0
0.0
0.0
0.054829
0.125966
0.10256900000000001
0.180228
0.247083
0.303339
0.268323
0.185975
0.098601
0.014619
0.0
0.0
0.0
0.0
0.0
0.0
0.0
0.0
0.0
0.0
0.0
0.0
0.0
0.0
0.06992
0.238738
0.392224
0.5375890000000001
0.61185
0.625184
0.557074
0.418771
0.22661
0.039468
0.0
0.0
0.0
0.0
0.0
0.0
0.0
0.0
0.0
0.0
0.0
0.0
0.0
0.0
0.051296
0.19064699999999998
0.305515
0.430353
0.5009239999999999
0.525445
0.5089940000000001
0.409912
0.236574
0.037076
0.0
0.0
0.0
0.0
0.0
0.0
0.0
0.0
0.0
0.0
0.0
0.0
0.0
0.0
0.071998
0.212592
0.280692
0.42233699999999996
0.496059
0.521756
0.5103179999999999
0.403834
0.231293
0.035787
0.0
0.0
0.0
0.0
0.0
0.0
0.0
0.0
0.0
0.0
0.0
0.0
0.0
0.0
0.08218
0.29302300000000003
0.482526
0.6010639999999999
0.651972
0.630385
0.567823
0.427425
0.21839699999999998
0.032
0.0
0.0
0.0
0.0
0.0
0.0
0.0
0.0
0.0
0.0
0.0
0.0
0.0
0.0
0.079932
0.265978
0.363951
0.48074700000000004
0.553613
0.562275
0.510969
0.395794
0.208715
0.032274000000000004
0.0
0.0
0.0
0.0
0.0
0.0
0.0
0.0
0.0
0.0
0.0
0.0
0.0
0.0
0.074318
0.26942200000000005
0.441799
0.5555059999999999
0.5756870000000001
0.592643
0.533628
0.405308
0.21430600000000002
0.030916
0.0
0.0
0.0
0.0
0.0
0.0
0.0
0.0
0.0
0.0
0.0
0.0
0.0
0.0
0.043077
0.1792
0.290706
0.3366
0.320761
0.27314299999999997
0.278597
0.226062
0.137608
0.017662
0.0
0.0
0.0
0.0
0.0
0.0
0.0
0.0
0.0
0.0
0.0
0.0
0.0
0.0
0.063348
0.251421
0.41451499999999997
0.499534
0.531322
0.496324
0.41263799999999995
0.276581
0.13375800000000002
0.019186
0.0
0.0
0.0
0.0
0.0
0.0
0.0
0.0
0.0
0.0
0.0
0.0
0.0
0.0
0.069729
0.274539
0.45632799999999996
0.580964
0.631976
0.628075
0.553142
0.407431
0.213976
0.026789999999999998
0.0
0.0
0.0
0.0
0.0
0.0
0.0
0.0
0.0
0.0
0.0
0.0
0.0
0.0
0.06528400000000001
0.254517
0.410492
0.520898
0.569453
0.561115
0.508332
0.389218
0.202491
0.023142
0.0
0.0
0.0
0.0
0.0
0.0
0.0
0.0
0.0
0.0
0.0
0.0
0.0
0.0
0.063831
0.259961
0.439096
0.5625180000000001
0.619553
0.609564
0.5295380000000001
0.381421
0.188391
0.021855
0.0
0.0
0.0
0.0
0.0
0.0
0.0
0.0
0.0
0.0
0.0
0.0
0.0
0.0
0.044231
0.18076699999999998
0.260583
0.37385700000000005
0.473059
0.483935
0.47016800000000003
0.366388
0.20168799999999998
0.020987
0.0
0.0
0.0
0.0
0.0
0.0
0.0
0.0
0.0
0.0
0.0
0.0
0.0
0.0
0.060071
0.250793
0.43900799999999995
0.566965
0.6190950000000001
0.603424
0.524652
0.39184399999999997
0.203195
0.019649
0.0
0.0
0.0
0.0
0.0
0.0
0.0
0.0
0.0
0.0
0.0
0.0
0.0
0.0
0.028152
0.12217499999999999
0.189268
0.24724000000000002
0.278792
0.273364
0.234346
0.15918700000000002
0.077433
0.0079
0.0
0.0
0.0
0.0
0.0
0.0
0.0
0.0
0.0
0.0
0.0
0.0
0.0
0.0
0.029768
0.15812700000000002
0.276084
0.343226
0.39995600000000003
0.394281
0.334783
0.240383
0.12329000000000001
0.010925
0.0
0.0
0.0
0.0
0.0
0.0
0.0
0.0
0.0
0.0
0.0
0.0
0.0
0.0
0.013882
0.060081
0.089765
0.271199
0.413123
0.502899
0.38204899999999997
0.23500200000000002
0.079536
0.007732
0.0
0.0
0.0
0.0
0.0
0.0
0.0
0.0
0.0
0.0
0.0
0.0
0.0
0.0
0.03149
0.170017
0.26187
0.28504599999999997
0.219972
0.125888
0.108236
0.076026
0.036012999999999996
0.004108
0.0
0.0
0.0
0.0
0.0
0.0
0.0
0.0
0.0
0.0
0.0
0.0
0.0
0.0
0.037866
0.221915
0.391303
0.47983600000000004
0.47332
0.387911
0.311034
0.19383699999999998
0.075795
0.006681
0.0
0.0
0.0
0.0
0.0
0.0
0.0
0.0
0.0
0.0
0.0
0.0
0.0
0.0
0.038872
0.236506
0.419467
0.557745
0.613923
0.613696
0.537657
0.391397
0.19751400000000002
0.016652
0.0
0.0
0.0
0.0
0.0
0.0
0.0
0.0
0.0
0.0
0.0
0.0
0.0
0.0
0.042529000000000004
0.23956899999999998
0.43611900000000003
0.563754
0.611601
0.5881649999999999
0.5222619999999999
0.387393
0.193148
0.016019
0.0
0.0
0.0
0.0
0.0
0.0
0.0
0.0
0.0
0.0
0.0
0.0
0.0
0.0
0.008224
0.042813000000000004
0.081696
0.110042
0.192166
0.261229
0.213608
0.155807
0.073582
0.001426
0.0
0.0
0.0
0.0
0.0
0.0
0.0
0.0
0.0
0.0
0.0
0.0
0.0
0.0
0.038513
0.239368
0.43345100000000003
0.561519
0.612908
0.5850259999999999
0.5183049999999999
0.37261099999999997
0.19277
0.014757
0.0
0.0
0.0
0.0
0.0
0.0
0.0
0.0
0.0
0.0
0.0
0.0
0.0
0.0
0.035276
0.225272
0.39293900000000004
0.5403089999999999
0.589505
0.584099
0.513977
0.383412
0.1896
0.014066
0.0
0.0
0.0
0.0
0.0
0.0
0.0
0.0
0.0
0.0
0.0
0.0
0.0
0.0
0.033234
0.220556
0.410696
0.546191
0.608712
0.6026630000000001
0.527402
0.386835
0.193845
0.014022999999999999
0.0
0.0
0.0
0.0
0.0
0.0
0.0
0.0
0.0
0.0
0.0
0.0
0.0
0.0
0.029753
0.21207499999999999
0.397932
0.5333600000000001
0.594108
0.5853250000000001
0.511917
0.375076
0.18437399999999998
0.013244
0.0
0.0
0.0
0.0
0.0
0.0
0.0
0.0
0.0
0.0
0.0
0.0
0.0
0.0
0.025351
0.216098
0.40595299999999995
0.53944
0.580135
0.540775
0.486929
0.36951
0.186372
0.01308
0.0
0.0
0.0
0.0
0.0
0.0
0.0
0.0
0.0
0.0
0.0
0.0
0.0
0.0
0.025933
0.210691
0.404914
0.5395059999999999
0.603077
0.5919869999999999
0.516335
0.374393
0.18621000000000001
0.013116
0.0
0.0
0.0
0.0
0.0
0.0
0.0
0.0
0.0
0.0
0.0
0.0
0.0
0.0
0.042675
0.243661
0.36984100000000003
0.514929
0.566766
0.5499210000000001
0.481721
0.36024700000000004
0.19008699999999998
0.02059
0.0
0.0
0.0
0.0
0.0
0.0
0.0
0.0
0.0
0.0
0.0
0.0
0.0
0.0
0.010125
0.095853
0.281113
0.311483
0.2738
0.274051
0.24032900000000001
0.165016
0.085654
0.007594
0.0
0.0
0.0
0.0
0.0
0.0
0.0
0.0
0.0
0.0
0.0
0.0
0.0
0.0
0.013444000000000001
0.166359
0.35067000000000004
0.430888
0.447934
0.395304
0.39546699999999996
0.321204
0.18742599999999998
0.019361999999999997
0.0
0.0
0.0
0.0
0.0
0.0
0.0
0.0
0.0
0.0
0.0
0.0
0.0
0.0
0.041088
0.257127
0.44780200000000003
0.569189
0.616875
0.6040420000000001
0.5314439999999999
0.395307
0.213141
0.020767
0.0
0.0
0.0
0.0
0.0
0.0
0.0
0.0
0.0
0.0
0.0
0.0
0.0
0.0
0.023687
0.167482
0.266604
0.35230700000000004
0.389356
0.38741000000000003
0.31900599999999996
0.205253
0.084458
0.007462
0.0
0.0
0.0
0.0
0.0
0.0
0.0
0.0
0.0
0.0
0.0
0.0
0.0
0.0
0.009769
0.074884
0.130649
0.154244
0.15242599999999998
0.128726
0.153284
0.14072300000000001
0.08739799999999999
0.009759
0.0
0.0
0.0
0.0
0.0
0.0
0.0
0.0
0.0
0.0
0.0
0.0
0.0
0.0
0.003709
0.042414
0.082149
0.118682
0.14349299999999998
0.150714
0.124418
0.08523900000000001
0.040281
0.004503
0.0
0.0
0.0
0.0
0.0
0.0
0.0
0.0
0.0
0.0
0.0
0.0
0.0
0.0
0.01458
0.149022
0.268967
0.332135
0.348788
0.330031
0.275169
0.195679
0.087735
0.009708999999999999
0.0
0.0
0.0
0.0
0.0
0.0
0.0
0.0
0.0
0.0
0.0
0.0
0.0
0.0
0.027695
0.228855
0.409194
0.5237329999999999
0.5753809999999999
0.5650729999999999
0.5149400000000001
0.39208
0.222116
0.022546
0.0
0.0
0.0
0.0
0.0
0.0
0.0
0.0
0.0
0.0
0.0
0.0
0.0
0.0
0.022591
0.207363
0.381305
0.443799
0.46380200000000005
0.398683
0.43706799999999996
0.371672
0.22536099999999998
0.02418
0.0
0.0
0.0
0.0
0.0
0.0
0.0
0.0
0.0
0.0
0.0
0.0
0.0
0.0
0.00785
0.174736
0.401483
0.5420560000000001
0.616976
0.629548
0.245622
0.179479
0.088124
0.015326000000000001
0.0
0.0
0.0
0.0
0.0
0.0
0.0
0.0
0.0
0.0
0.0
0.0
0.0
0.0
0.019496
0.20791800000000002
0.41904
0.533061
0.613533
0.622097
0.569012
0.44363600000000003
0.24989599999999998
0.033766
0.0
0.0
0.0
0.0
0.0
0.0
0.0
0.0
0.0
0.0
0.0
0.0
0.0
0.0
0.023637000000000002
0.22437700000000002
0.438455
0.570491
0.630471
0.618716
0.547126
0.41348399999999996
0.226718
0.027594999999999998
0.0
0.0
0.0
0.0
0.0
0.0
0.0
0.0
0.0
0.0
0.0
0.0
0.0
0.0
0.017256
0.20915999999999998
0.422159
0.561684
0.619567
0.6166520000000001
0.5569120000000001
0.432254
0.245541
0.035233
0.0
0.0
0.0
0.0
0.0
0.0
0.0
0.0
0.0
0.0
0.0
0.0
0.0
0.0
0.020994
0.219852
0.43593099999999996
0.5708099999999999
0.635335
0.6350549999999999
0.5738840000000001
0.449296
0.256305
0.037065
0.0
0.0
0.0
0.0
0.0
0.0
0.0
0.0
0.0
0.0
0.0
0.0
0.0
0.0
0.019129999999999998
0.21824100000000002
0.43521
0.568699
0.6306029999999999
0.6283909999999999
0.5647340000000001
0.441806
0.251251
0.036911
0.0
0.0
0.0
0.0
0.0
0.0
0.0
0.0
0.0
0.0
0.0
0.0
0.0
0.0
0.011506
0.164467
0.251783
0.230607
0.38516500000000004
0.497288
0.508775
0.424347
0.252054
0.032161999999999996
0.0
0.0
0.0
0.0
0.0
0.0
0.0
0.0
0.0
0.0
0.0
0.0
0.0
0.0
0.00609
0.12212300000000001
0.21405000000000002
0.27128199999999997
0.29244400000000004
0.273227
0.28312400000000004
0.244861
0.14788900000000002
0.013779
0.0
0.0
0.0
0.0
0.0
0.0
0.0
0.0
0.0
0.0
0.0
0.0
0.0
0.0
0.014675
0.213124
0.428427
0.568742
0.638361
0.644796
0.585994
0.460889
0.265228
0.041796
0.0
0.0
0.0
0.0
0.0
0.0
0.0
0.0
0.0
0.0
0.0
0.0
0.0
0.0
0.006509
0.0879
0.173627
0.23655600000000002
0.272068
0.272258
0.240684
0.369093
0.258438
0.041923
0.0
0.0
0.0
0.0
0.0
0.0
0.0
0.0
0.0
0.0
0.0
0.0
0.0
0.0
0.002722
0.106298
0.261867
0.31406900000000004
0.32426699999999997
0.2713
0.240421
0.235224
0.15737299999999999
0.014914
0.0
0.0
0.0
0.0
0.0
0.0
0.0
0.0
0.0
0.0
0.0
0.0
0.0
0.0
0.005214000000000001
0.083314
0.275026
0.305663
0.27605
0.275997
0.24599700000000002
0.40179899999999996
0.208897
0.011903
0.0
0.0
0.0
0.0
0.0
0.0
0.0
0.0
0.0
0.0
0.0
0.0
0.0
0.0
0.0023769999999999998
0.105984
0.261838
0.27543799999999996
0.225793
0.124967
0.152501
0.144029
0.09314499999999999
0.011505000000000001
0.0
0.0
0.0
0.0
0.0
0.0
0.0
0.0
0.0
0.0
0.0
0.0
0.0
0.0
0.00237
0.08365600000000001
0.170952
0.235255
0.270588
0.273325
0.244159
0.184928
0.094081
0.012895
0.0
0.0
0.0
0.0
0.0
0.0
0.0
0.0
0.0
0.0
0.0
0.0
0.0
0.0
0.009339
0.196835
0.40730299999999997
0.546975
0.6214109999999999
0.62388
0.57121
0.452159
0.263608
0.043486
0.0
0.0
0.0
0.0
0.0
0.0
0.0
0.0
0.0
0.0
0.0
0.0
0.0
0.0
0.00949
0.19387000000000001
0.34604
0.41858300000000004
0.451904
0.41964100000000004
0.353522
0.27415
0.16361799999999999
0.030774
0.0
0.0
0.0
0.0
0.0
0.0
0.0
0.0
0.0
0.0
0.0
0.0
0.0
0.0
0.0073490000000000005
0.160684
0.24535300000000002
0.32901400000000003
0.372196
0.378972
0.344342
0.268064
0.162305
0.028687
0.0
0.0
0.0
0.0
0.0
0.0
0.0
0.0
0.0
0.0
0.0
0.0
0.0
0.0
0.005442
0.153018
0.245227
0.31082600000000005
0.32111
0.273055
0.348024
0.34253500000000003
0.2241
0.044349
0.0
0.0
0.0
0.0
0.0
0.0
0.0
0.0
0.0
0.0
0.0
0.0
0.0
0.0
0.006899
0.17928899999999998
0.37271899999999997
0.513792
0.599223
0.614906
0.554507
0.43034100000000003
0.250572
0.046988999999999996
0.0
0.0
0.0
0.0
0.0
0.0
0.0
0.0
0.0
0.0
0.0
0.0
0.0
0.0
0.0018720000000000002
0.079141
0.153724
0.227573
0.262455
0.266221
0.239383
0.259627
0.18853999999999999
0.042219
0.0
0.0
0.0
0.0
0.0
0.0
0.0
0.0
0.0
0.0
0.0
0.0
0.0
0.0
0.006741
0.151399
0.246946
0.236966
0.26981299999999997
0.41941
0.253417
0.190369
0.099964
0.017722
0.0
0.0
0.0
0.0
0.0
0.0
