0.0
0.0
0.0
0.0
0.0
0.0
0.0
0.0
0.0
0.077449
0.082319
0.348579
0.442707
0.492726
0.168018
0.137392
0.417605
0.039918999999999996
0.0
0.0
0.0
0.0
0.0
0.0
0.0
0.0
0.0
0.0
0.0
0.0
0.0
0.0
0.0
0.131178
0.367259
0.172511
0.216517
0.764247
0.22036699999999998
0.17931999999999998
0.121009
0.054402
0.0
0.0
0.0
0.0
0.0
0.0
0.0
0.0
0.0
0.0
0.0
0.0
0.0
0.0
0.0
0.174454
0.117573
0.18313200000000002
0.227846
0.24315799999999999
0.229966
0.188002
0.127128
0.09628
0.0
0.0
0.0
0.0
0.0
0.0
0.0
0.0
0.0
0.0
0.0
0.0
0.0
0.0
0.0
0.098095
0.106676
0.434548
0.551575
0.223279
0.639794
0.17390199999999997
0.117434
0.047983
0.0
0.0
0.0
0.0
0.0
0.0
0.0
0.0
0.0
0.0
0.0
0.0
0.0
0.0
0.0
0.07876699999999999
0.103006
0.346986
0.20024
0.49456700000000003
0.5337649999999999
0.170934
0.11565900000000001
0.039174999999999995
0.0
0.0
0.0
0.0
0.0
0.0
0.0
0.0
0.0
0.0
0.0
0.0
0.0
0.0
0.0
0.084086
0.112069
0.172848
0.214249
0.229138
0.569314
0.611297
0.411676
0.056159999999999995
0.0
0.0
0.0
0.0
0.0
0.0
0.0
0.0
0.0
0.0
0.0
0.0
0.0
0.0
0.0
0.16570400000000002
0.111322
0.174481
0.7261409999999999
0.23352
0.224366
0.18384
0.124747
0.056699
0.0
0.0
0.0
0.0
0.0
0.0
0.0
0.0
0.0
0.0
0.0
0.0
0.0
0.0
0.0
0.14932800000000002
0.104397
0.163222
0.204121
0.218917
0.763735
0.168104
0.113619
0.167633
0.0
0.0
0.0
0.0
0.0
0.0
0.0
0.0
0.0
0.0
0.0
0.0
0.0
0.0
0.0
0.124127
0.339689
0.182205
0.225882
0.7313769999999999
0.229153
0.187166
0.45016500000000004
0.059012999999999996
0.0
0.0
0.0
0.0
0.0
0.0
0.0
0.0
0.0
0.0
0.0
0.0
0.0
0.0
0.0
0.111415
0.30349400000000004
0.175996
0.218918
0.23253800000000002
0.681134
0.60437
0.120973
0.134662
0.0
0.0
0.0
0.0
0.0
0.0
0.0
0.0
0.0
0.0
0.0
0.0
0.0
0.0
0.0
0.088437
0.239931
0.17751499999999998
0.219202
0.234101
0.533222
0.181424
0.124205
0.129136
0.0
0.0
0.0
0.0
0.0
0.0
0.0
0.0
0.0
0.0
0.0
0.0
0.0
0.0
0.0
0.09039799999999999
0.239137
0.129158
0.47790499999999997
0.177203
0.17159200000000002
0.521433
0.097038
0.15528899999999998
0.0
0.0
0.0
0.0
0.0
0.0
0.0
0.0
0.0
0.0
0.0
0.0
0.0
0.0
0.0
0.106017
0.285669
0.15597999999999998
0.195973
0.633345
0.6354829999999999
0.161844
0.110346
0.051849
0.0
0.0
0.0
0.0
0.0
0.0
0.0
0.0
0.0
0.0
0.0
0.0
0.0
0.0
0.0
0.088632
0.223272
0.116949
0.45127999999999996
0.15986699999999998
0.151415
0.453743
0.084382
0.038767
0.0
0.0
0.0
0.0
0.0
0.0
0.0
0.0
0.0
0.0
0.0
0.0
0.0
0.0
0.0
0.16888
0.102455
0.634948
0.196109
0.210961
0.200814
0.164107
0.111269
0.21194300000000002
0.0022299999999999998
0.0
0.0
0.0
0.0
0.0
0.0
0.0
0.0
0.0
0.0
0.0
0.0
0.0
0.0
0.09911299999999999
0.253677
0.136565
0.169127
0.182089
0.556225
0.518674
0.098652
0.16656800000000002
0.0
0.0
0.0
0.0
0.0
0.0
0.0
0.0
0.0
0.0
0.0
0.0
0.0
0.0
0.0
0.062174999999999994
0.16244999999999998
0.09596299999999999
0.325471
0.13153800000000002
0.125654
0.331592
0.269373
0.165358
0.00013000000000000002
0.0
0.0
0.0
0.0
0.0
0.0
0.0
0.0
0.0
0.0
0.0
0.0
0.0
0.0
0.170171
0.419814
0.15537399999999998
0.193376
0.20862799999999998
0.19927899999999998
0.163383
0.57888
0.053493
0.000855
0.0
0.0
0.0
0.0
0.0
0.0
0.0
0.0
0.0
0.0
0.0
0.0
0.0
0.0
0.08966299999999999
0.231606
0.169088
0.453774
0.503385
0.536001
0.6007530000000001
0.436333
0.162546
0.0014550000000000001
0.0
0.0
0.0
0.0
0.0
0.0
0.0
0.0
0.0
0.0
0.0
0.0
0.0
0.0
0.11141
0.28169099999999997
0.43195
0.192798
0.206793
0.19953100000000001
0.5949289999999999
0.506645
0.054576
0.001502
0.0
0.0
0.0
0.0
0.0
0.0
0.0
0.0
0.0
0.0
0.0
0.0
0.0
0.0
0.132638
0.095759
0.49283899999999997
0.18146500000000002
0.194445
0.185705
0.15200899999999998
0.5291910000000001
0.21870799999999999
0.0014750000000000002
0.0
0.0
0.0
0.0
0.0
0.0
0.0
0.0
0.0
0.0
0.0
0.0
0.0
0.0
0.171146
0.11565
0.628341
0.216155
0.231316
0.22332400000000002
0.184129
0.574476
0.06264600000000001
0.00302
0.0
0.0
0.0
0.0
0.0
0.0
0.0
0.0
0.0
0.0
0.0
0.0
0.0
0.0
0.090184
0.091527
0.139843
0.436327
0.481602
0.477394
0.431859
0.098902
0.048318
0.002346
0.0
0.0
0.0
0.0
0.0
0.0
0.0
0.0
0.0
0.0
0.0
0.0
0.0
0.0
0.080761
0.068312
0.104247
0.130303
0.417025
0.133489
0.376209
0.30511099999999997
0.037052999999999996
0.004797
0.0
0.0
0.0
0.0
0.0
0.0
0.0
0.0
0.0
0.0
0.0
0.0
0.0
0.0
0.120962
0.112322
0.168839
0.567802
0.220501
0.647046
0.594562
0.120056
0.060285
0.004694
0.0
0.0
0.0
0.0
0.0
0.0
0.0
0.0
0.0
0.0
0.0
0.0
0.0
0.0
0.229907
0.474989
0.198548
0.244214
0.261641
0.247464
0.20507499999999998
0.143897
0.07386100000000001
0.018104
0.0
0.0
0.0
0.0
0.0
0.0
0.0
0.0
0.0
0.0
0.0
0.0
0.0
0.0
0.24247
0.487536
0.180003
0.220608
0.23569800000000002
0.223158
0.183479
0.127952
0.065077
0.006327
0.0
0.0
0.0
0.0
0.0
0.0
0.0
0.0
0.0
0.0
0.0
0.0
0.0
0.0
0.23412799999999998
0.13484800000000002
0.20068
0.245756
0.263169
0.254104
0.21043199999999998
0.590603
0.075764
0.021544
0.0
0.0
0.0
0.0
0.0
0.0
0.0
0.0
0.0
0.0
0.0
0.0
0.0
0.0
0.230236
0.131062
0.19423500000000002
0.238915
0.255278
0.24469200000000002
0.744943
0.141927
0.073771
0.019301
0.0
0.0
0.0
0.0
0.0
0.0
0.0
0.0
0.0
0.0
0.0
0.0
0.0
0.0
0.11766599999999999
0.104474
0.419005
0.191993
0.578871
0.576857
0.161298
0.114028
0.058624
0.0071200000000000005
0.0
0.0
0.0
0.0
0.0
0.0
0.0
0.0
0.0
0.0
0.0
0.0
0.0
0.0
0.060696
0.13100499999999998
0.19268000000000002
0.23575200000000002
0.25009200000000004
0.816372
0.194464
0.137889
0.31126
0.010202
0.0
0.0
0.0
0.0
0.0
0.0
0.0
0.0
0.0
0.0
0.0
0.0
0.0
0.0
0.055515999999999996
0.427041
0.17558
0.215012
0.8149740000000001
0.222123
0.184475
0.130272
0.068198
0.010141
0.0
0.0
0.0
0.0
0.0
0.0
0.0
0.0
0.0
0.0
0.0
0.0
0.0
0.0
0.076238
0.158136
0.458423
0.68338
0.63515
0.284138
0.236361
0.168265
0.08925
0.014018000000000001
0.0
0.0
0.0
0.0
0.0
0.0
0.0
0.0
0.0
0.0
0.0
0.0
0.0
0.0
0.23405099999999998
0.254404
0.193193
0.235402
0.54362
0.24643600000000002
0.205961
0.459611
0.26511399999999996
0.012491
0.0
0.0
0.0
0.0
0.0
0.0
0.0
0.0
0.0
0.0
0.0
0.0
0.0
0.0
0.16100899999999999
0.303713
0.574251
0.5752659999999999
0.29269
0.28062200000000004
0.62282
0.471297
0.248082
0.005441
0.0
0.0
0.0
0.0
0.0
0.0
0.0
0.0
0.0
0.0
0.0
0.0
0.0
0.0
0.239254
0.45529899999999995
0.478334
0.29072699999999996
0.658165
0.292107
0.242975
0.47377400000000003
0.095665
0.006876999999999999
0.0
0.0
0.0
0.0
0.0
0.0
0.0
0.0
0.0
0.0
0.0
0.0
0.0
0.0
0.10123900000000001
0.220909
0.340858
0.42756299999999997
0.184812
0.175156
0.42245299999999997
0.357599
0.285202
0.0105
0.0
0.0
0.0
0.0
0.0
0.0
0.0
0.0
0.0
0.0
0.0
0.0
0.0
0.0
0.14413800000000002
0.338769
0.431222
0.26006
0.595585
0.716607
0.589682
0.512039
0.086619
0.009459
0.0
0.0
0.0
0.0
0.0
0.0
0.0
0.0
0.0
0.0
0.0
0.0
0.0
0.0
0.07220399999999999
0.280414
0.434421
0.520625
0.578151
0.6645639999999999
0.583964
0.486255
0.25671499999999997
0.009566000000000002
0.0
0.0
0.0
0.0
0.0
0.0
0.0
0.0
0.0
0.0
0.0
0.0
0.0
0.0
0.130182
0.152988
0.43724799999999997
0.582843
0.642988
0.5985560000000001
0.5795220000000001
0.48514100000000004
0.270035
0.019440000000000002
0.0
0.0
0.0
0.0
0.0
0.0
0.0
0.0
0.0
0.0
0.0
0.0
0.0
0.001163
0.13275499999999998
0.28771199999999997
0.42346
0.55938
0.617542
0.680049
0.5814210000000001
0.158276
0.277366
0.019870000000000002
0.0
0.0
0.0
0.0
0.0
0.0
0.0
0.0
0.0
0.0
0.0
0.0
0.0
0.001943
0.131562
0.501634
0.421681
0.519298
0.26767
0.254883
0.5380119999999999
0.155018
0.28233199999999997
0.019549
0.0
0.0
0.0
0.0
0.0
0.0
0.0
0.0
0.0
0.0
0.0
0.0
0.0
0.0021000000000000003
0.16540000000000002
0.375718
0.463086
0.640156
0.633346
0.29220999999999997
0.245098
0.505837
0.268571
0.007524
0.0
0.0
0.0
0.0
0.0
0.0
0.0
0.0
0.0
0.0
0.0
0.0
0.0
0.002512
0.13911500000000002
0.30796100000000004
0.48425799999999997
0.558255
0.613453
0.676826
0.623199
0.502142
0.09726
0.024907
0.0
0.0
0.0
0.0
0.0
0.0
0.0
0.0
0.0
0.0
0.0
0.0
0.0
0.003573
0.174745
0.323149
0.572292
0.649815
0.648438
0.6899249999999999
0.24897999999999998
0.181612
0.103994
0.011471
0.0
0.0
0.0
0.0
0.0
0.0
0.0
0.0
0.0
0.0
0.0
0.0
0.0
0.0059039999999999995
0.07810399999999999
0.285512
0.415828
0.251928
0.5630660000000001
0.7633880000000001
0.5464370000000001
0.159219
0.309765
0.024291
0.0
0.0
0.0
0.0
0.0
0.0
0.0
0.0
0.0
0.0
0.0
0.0
0.0
0.011824999999999999
0.147146
0.09967100000000001
0.14270500000000003
0.173179
0.59778
0.178174
0.533799
0.11217
0.06400199999999999
0.031966
0.0
0.0
0.0
0.0
0.0
0.0
0.0
0.0
0.0
0.0
0.0
0.0
0.0
0.019989
0.084043
0.158327
0.701259
0.264925
0.28087
0.27241699999999996
0.229446
0.665988
0.097124
0.042468000000000006
0.0
0.0
0.0
0.0
0.0
0.0
0.0
0.0
0.0
0.0
0.0
0.0
0.0
0.008629
0.13343100000000002
0.365512
0.4269
0.530255
0.271808
0.559728
0.640338
0.44436200000000003
0.092032
0.027319
0.0
0.0
0.0
0.0
0.0
0.0
0.0
0.0
0.0
0.0
0.0
0.0
0.0
0.013375
0.064497
0.293759
0.42659600000000003
0.525312
0.575881
0.21273699999999998
0.180668
0.132144
0.35950299999999996
0.022276
0.0
0.0
0.0
0.0
0.0
0.0
0.0
0.0
0.0
0.0
0.0
0.0
0.0
0.007462
0.054558999999999996
0.103673
0.148445
0.178968
0.191356
0.181565
0.153692
0.112426
0.06500199999999999
0.019142
0.0
0.0
0.0
0.0
0.0
0.0
0.0
0.0
0.0
0.0
0.0
0.0
0.0
0.022253
0.087354
0.16159800000000002
0.6005940000000001
0.7322190000000001
0.289585
0.275546
0.233808
0.612286
0.101295
0.031896
0.0
0.0
0.0
0.0
0.0
0.0
0.0
0.0
0.0
0.0
0.0
0.0
0.0
0.015294
0.106486
0.192152
0.509525
0.315795
0.6866019999999999
0.32892200000000005
0.278805
0.565054
0.35867200000000005
0.029803
0.0
0.0
0.0
0.0
0.0
0.0
0.0
0.0
0.0
0.0
0.0
0.0
0.0
0.020994
0.167577
0.136304
0.190608
0.571329
0.622125
0.22933699999999999
0.194075
0.48080599999999996
0.365136
0.032969
0.0
0.0
0.0
0.0
0.0
0.0
0.0
0.0
0.0
0.0
0.0
0.0
0.0
0.019349
0.101514
0.332863
0.247982
0.292616
0.634232
0.7669239999999999
0.640477
0.555381
0.340353
0.02078
0.0
0.0
0.0
0.0
0.0
0.0
0.0
0.0
0.0
0.0
0.0
0.0
0.0
0.016019
0.046324
0.085694
0.121813
0.32871100000000003
0.36016699999999996
0.37080599999999997
0.33218000000000003
0.27452
0.203039
0.026399000000000002
0.0
0.0
0.0
0.0
0.0
0.0
0.0
0.0
0.0
0.0
0.0
0.0
0.0
0.022050999999999998
0.09676699999999999
0.172601
0.459793
0.5616140000000001
0.700395
0.6330399999999999
0.650497
0.5081100000000001
0.346931
0.038703
0.0
0.0
0.0
0.0
0.0
0.0
0.0
0.0
0.0
0.0
0.0
0.0
0.0
0.013462
0.226116
0.453809
0.305086
0.7178049999999999
0.41347
0.743325
0.391865
0.337155
0.281158
0.020972
0.0
0.0
0.0
0.0
0.0
0.0
0.0
0.0
0.0
0.0
0.0
0.0
0.0
0.042395
0.068268
0.12225
0.170233
0.671235
0.21814699999999998
0.21325999999999998
0.18180600000000002
0.5856549999999999
0.081164
0.058732
0.0
0.0
0.0
0.0
0.0
0.0
0.0
0.0
0.0
0.0
0.0
0.0
0.0
0.038068
0.208794
0.397787
0.2258
0.26881
0.738578
0.275537
0.234375
0.609684
0.10864700000000001
0.043243000000000004
0.0
0.0
0.0
0.0
0.0
0.0
0.0
0.0
0.0
0.0
0.0
0.0
0.0
0.074737
0.091122
0.159196
0.218252
0.25908499999999995
0.833333
0.268241
0.22963399999999998
0.172413
0.105692
0.038923
0.0
0.0
0.0
0.0
0.0
0.0
0.0
0.0
0.0
0.0
0.0
0.0
0.0
0.053712
0.11372499999999999
0.196825
0.731724
0.827115
0.33226
0.323798
0.27468200000000004
0.207093
0.128024
0.051497
0.0
0.0
0.0
0.0
0.0
0.0
0.0
0.0
0.0
0.0
0.0
0.0
0.0
0.032862999999999996
0.118125
0.203315
0.51722
0.628852
0.742019
0.680354
0.273198
0.207717
0.130158
0.024402
0.0
0.0
0.0
0.0
0.0
0.0
0.0
0.0
0.0
0.0
0.0
0.0
0.0
0.082391
0.114623
0.194684
0.26290800000000003
0.307838
0.323012
0.313099
0.269578
0.204687
0.128186
0.081854
0.0
0.0
0.0
0.0
0.0
0.0
0.0
0.0
0.0
0.0
0.0
0.0
0.0
0.049505
0.206172
0.13836400000000001
0.19002699999999997
0.625064
0.6770430000000001
0.22911
0.196
0.149088
0.093277
0.055506
0.0
0.0
0.0
0.0
0.0
0.0
0.0
0.0
0.0
0.0
0.0
0.0
0.0
0.034309
0.13855199999999998
0.256515
0.370691
0.19657
0.209023
0.495442
0.449139
0.372273
0.290637
0.039999
0.0
0.0
0.0
0.0
0.0
0.0
0.0
0.0
0.0
0.0
0.0
0.0
0.0
0.043957
0.084318
0.331441
0.19622900000000001
0.557421
0.606875
0.643413
0.208507
0.157724
0.09897
0.09730200000000001
0.0
0.0
0.0
0.0
0.0
0.0
0.0
0.0
0.0
0.0
0.0
0.0
0.0
0.037924
0.148655
0.129655
0.3855
0.466012
0.507387
0.517849
0.472291
0.14088499999999998
0.088491
0.036063000000000005
0.0
0.0
0.0
0.0
0.0
0.0
0.0
0.0
0.0
0.0
0.0
0.0
0.0
0.09276000000000001
0.35717200000000005
0.175392
0.238762
0.833333
0.300928
0.282111
0.242696
0.18501900000000002
0.117547
0.050095999999999995
0.0
0.0
0.0
0.0
0.0
0.0
0.0
0.0
0.0
0.0
0.0
0.0
0.0
0.042353
0.08200199999999999
0.13747800000000002
0.405915
0.489938
0.235405
0.541018
0.501618
0.432409
0.340522
0.09974
0.0
0.0
0.0
0.0
0.0
0.0
0.0
0.0
0.0
0.0
0.0
0.0
0.0
0.062471
0.254164
0.459914
0.275918
0.755576
0.34115100000000004
0.32516500000000004
0.734389
0.213825
0.405933
0.059533
0.0
0.0
0.0
0.0
0.0
0.0
0.0
0.0
0.0
0.0
0.0
0.0
0.0
0.05957
0.080503
0.360065
0.18256899999999998
0.216471
0.228819
0.221726
0.6030610000000001
0.504432
0.391051
0.039969000000000005
0.0
0.0
0.0
0.0
0.0
0.0
0.0
0.0
0.0
0.0
0.0
0.0
0.0
0.03486
0.116955
0.205874
0.129024
0.348734
0.38040199999999996
0.366298
0.330115
0.103227
0.06520000000000001
0.028089
0.0
0.0
0.0
0.0
0.0
0.0
0.0
0.0
0.0
0.0
0.0
0.0
0.0
0.093601
0.118431
0.571992
0.260161
0.306022
0.833333
0.30988499999999997
0.26635899999999996
0.20391900000000002
0.13220300000000001
0.059552
0.0
0.0
0.0
0.0
0.0
0.0
0.0
0.0
0.0
0.0
0.0
0.0
0.0
0.050864
0.363597
0.34049799999999997
0.25219800000000003
0.563821
0.612727
0.668226
0.266957
0.20511000000000001
0.40404500000000004
0.102585
0.0
0.0
0.0
0.0
0.0
0.0
0.0
0.0
0.0
0.0
0.0
0.0
0.0
0.054024
0.300105
0.357362
0.6692359999999999
0.5808369999999999
0.320187
0.321
0.6489779999999999
0.5580839999999999
0.138543
0.062957
0.0
0.0
0.0
0.0
0.0
0.0
0.0
0.0
0.0
0.0
0.0
0.0
0.0
0.051573
0.16546
0.285658
0.397517
0.204035
0.5161699999999999
0.214422
0.18678299999999998
0.419405
0.327532
0.128493
0.0
0.0
0.0
0.0
0.0
0.0
0.0
0.0
0.0
0.0
0.0
0.0
0.0
0.108109
0.103397
0.169814
0.784766
0.266974
0.282211
0.267732
0.231097
0.753232
0.116315
0.053945
0.004412
0.0
0.0
0.0
0.0
0.0
0.0
0.0
0.0
0.0
0.0
0.0
0.0
0.045013
0.13351400000000002
0.108393
0.144874
0.37324599999999997
0.408861
0.437163
0.39782100000000004
0.32631099999999996
0.080306
0.127748
0.000958
0.0
0.0
0.0
0.0
0.0
0.0
0.0
0.0
0.0
0.0
0.0
0.0
0.062418999999999995
0.276914
0.377676
0.6619109999999999
0.6132369999999999
0.658984
0.327314
0.28131
0.5534669999999999
0.400599
0.109601
0.000615
0.0
0.0
0.0
0.0
0.0
0.0
0.0
0.0
0.0
0.0
0.0
0.0
0.061427
0.20136099999999998
0.19997399999999999
0.48507799999999995
0.8036
0.633298
0.327277
0.28649
0.222196
0.14644100000000002
0.07068300000000001
0.00431
0.0
0.0
0.0
0.0
0.0
0.0
0.0
0.0
0.0
0.0
0.0
0.0
0.059821
0.17066900000000002
0.123366
0.16392500000000002
0.192404
0.204296
0.5288160000000001
0.479254
0.394428
0.296784
0.145761
0.001406
0.0
0.0
0.0
0.0
0.0
0.0
0.0
0.0
0.0
0.0
0.0
0.0
0.067305
0.091283
0.14652500000000002
0.46558
0.228917
0.6070270000000001
0.579302
0.533036
0.15750399999999998
0.104477
0.050548
0.005195
0.0
0.0
0.0
0.0
0.0
0.0
0.0
0.0
0.0
0.0
0.0
0.0
0.076891
0.08543200000000001
0.13613499999999998
0.475132
0.211685
0.22401300000000002
0.626977
0.572889
0.148513
0.098788
0.047622
0.0037189999999999996
0.0
0.0
0.0
0.0
0.0
0.0
0.0
0.0
0.0
0.0
0.0
0.0
0.073431
0.14439
0.400132
0.29859600000000003
0.347755
0.367015
0.356585
0.6862050000000001
0.6421520000000001
0.427299
0.08025700000000001
0.004347
0.0
0.0
0.0
0.0
0.0
0.0
0.0
0.0
0.0
0.0
0.0
0.0
0.071521
0.145374
0.39467
0.296528
0.642297
0.774924
0.771385
0.314707
0.620439
0.411939
0.136437
0.010277
0.0
0.0
0.0
0.0
0.0
0.0
0.0
0.0
0.0
0.0
0.0
0.0
0.071264
0.143935
0.387385
0.629262
0.6253719999999999
0.349638
0.7438469999999999
0.693538
0.57639
0.40781900000000004
0.13543799999999998
0.0027949999999999997
0.0
0.0
0.0
0.0
0.0
0.0
0.0
0.0
0.0
0.0
0.0
0.0
0.071608
0.13153399999999998
0.204701
0.265817
0.30763
0.620593
0.31464800000000004
0.592792
0.636952
0.40922000000000003
0.147125
0.013532
0.0
0.0
0.0
0.0
0.0
0.0
0.0
0.0
0.0
0.0
0.0
0.0
0.105754
0.289091
0.46979899999999997
0.237915
0.273701
0.28656
0.833333
0.25201
0.197749
0.495348
0.068419
0.013885
0.0
0.0
0.0
0.0
0.0
0.0
0.0
0.0
0.0
0.0
0.0
0.0
0.061742
0.137939
0.212779
0.2769
0.5988559999999999
0.650621
0.769645
0.609149
0.576528
0.409206
0.07855500000000001
0.012402
0.0
0.0
0.0
0.0
0.0
0.0
0.0
0.0
0.0
0.0
0.0
0.0
0.028338000000000002
0.064278
0.101116
0.133553
0.156084
0.164939
0.158042
0.137981
0.108789
0.072613
0.037122999999999996
0.004751
0.0
0.0
0.0
0.0
0.0
0.0
0.0
0.0
0.0
0.0
0.0
0.000294
0.048248
0.10698
0.16496799999999998
0.529894
0.250868
0.678714
0.253209
0.617855
0.175082
0.412902
0.18982
0.015294
0.0
0.0
0.0
0.0
0.0
0.0
0.0
0.0
0.0
0.0
0.0
0.0
0.06918899999999999
0.239227
0.39442099999999997
0.294516
0.339452
0.354668
0.351126
0.306093
0.573635
0.471861
0.16708099999999998
0.016603000000000003
0.0
0.0
0.0
0.0
0.0
0.0
0.0
0.0
0.0
0.0
0.0
0.001664
0.063682
0.13636199999999998
0.208397
0.598133
0.31005900000000003
0.752197
0.803802
0.280563
0.646846
0.153297
0.08144199999999999
0.016402999999999997
0.0
0.0
0.0
0.0
0.0
0.0
0.0
0.0
0.0
0.0
0.0
0.003906
0.05971
0.304195
0.19353399999999998
0.6541269999999999
0.291294
0.306422
0.301236
0.81512
0.691448
0.138751
0.07416400000000001
0.015798
0.0
0.0
0.0
0.0
0.0
0.0
0.0
0.0
0.0
0.0
0.0
0.0024460000000000003
0.035004
0.162607
0.259536
0.34389299999999995
0.175009
0.433099
0.425037
0.154232
0.12104000000000001
0.082998
0.177214
0.014619
0.0
0.0
0.0
0.0
0.0
0.0
0.0
0.0
0.0
0.0
0.0
0.002418
0.050009
0.105645
0.161524
0.211701
0.246273
0.2602
0.249531
0.218471
0.172183
0.118138
0.062879
0.013779
0.0
0.0
0.0
0.0
0.0
0.0
0.0
0.0
0.0
0.0
0.0
0.000164
0.030556999999999997
0.06552200000000001
0.10103400000000001
0.13273500000000002
0.155037
0.164644
0.15940700000000002
0.14025200000000002
0.11091
0.076053
0.040368
0.007924
0.0
0.0
0.0
0.0
0.0
0.0
0.0
0.0
0.0
0.0
0.0
0.002816
0.059794
0.074209
0.224906
0.300261
0.354997
0.38173399999999996
0.387699
0.350448
0.289456
0.083221
0.04513
0.013885
0.0
0.0
0.0
0.0
0.0
0.0
0.0
0.0
0.0
0.0
0.0
0.005455
0.049755
0.10216599999999999
0.373859
0.19950299999999999
0.23063399999999998
0.6284420000000001
0.621814
0.204416
0.161364
0.37328100000000003
0.20693
0.014502000000000001
0.0
0.0
0.0
0.0
0.0
0.0
0.0
0.0
0.0
0.0
0.0
0.0054009999999999996
0.051694000000000004
0.219902
0.35398599999999997
0.469926
0.23641
0.5974299999999999
0.23718199999999998
0.20872900000000003
0.455368
0.360468
0.06447199999999999
0.020712
0.0
0.0
0.0
0.0
0.0
0.0
0.0
0.0
0.0
0.0
0.0
0.007402
0.054126
0.107996
0.162108
0.20808500000000002
0.59263
0.250924
0.669072
0.611629
0.172453
0.407067
0.06633700000000001
0.01736
0.0
0.0
0.0
0.0
0.0
0.0
0.0
0.0
0.0
0.0
0.0
0.011086
0.066807
0.132996
0.553551
0.723994
0.293567
0.30902999999999997
0.304391
0.269026
0.214934
0.539514
0.24221600000000001
0.023117000000000002
0.0
0.0
0.0
0.0
0.0
0.0
0.0
0.0
0.0
0.0
0.0
0.005636
0.06572599999999999
0.073947
0.226959
0.298104
0.349388
0.37444
0.16800800000000002
0.34453500000000004
0.28781599999999996
0.082013
0.14972
0.011567000000000001
0.0
0.0
0.0
0.0
0.0
0.0
0.0
0.0
0.0
0.0
0.0
0.0037240000000000003
0.077759
0.237572
0.410625
0.501216
0.6417889999999999
0.690673
0.676369
0.632869
0.235844
0.413037
0.173387
0.027124
0.0
0.0
0.0
0.0
0.0
0.0
0.0
0.0
0.0
0.0
0.0
0.011666000000000001
0.06603700000000001
0.127915
0.188537
0.5956889999999999
0.27152499999999996
0.28364999999999996
0.28442
0.762984
0.655516
0.49529500000000004
0.07974200000000001
0.023364999999999997
0.0
0.0
0.0
0.0
0.0
0.0
0.0
0.0
0.0
0.0
0.0
0.0
0.056849
0.26904700000000004
0.433132
0.5725309999999999
0.40122800000000003
0.674793
0.677485
0.612424
0.506047
0.35803500000000005
0.146816
0.00422
0.0
0.0
0.0
0.0
0.0
0.0
0.0
0.0
0.0
0.0
0.0
0.0
0.098099
0.273781
0.44342899999999996
0.587453
0.654811
0.669104
0.458941
0.578168
0.48373
0.34826100000000004
0.14449
0.005193
0.0
0.0
0.0
0.0
0.0
0.0
0.0
0.0
0.0
0.0
0.0
0.0062380000000000005
0.08909600000000001
0.26076699999999997
0.246601
0.547331
0.356027
0.37143
0.37000599999999995
0.326467
0.597908
0.44325
0.186243
0.026711
0.0
0.0
0.0
0.0
0.0
0.0
0.0
0.0
0.0
0.0
0.0
0.005241
0.034806
0.067516
0.101028
0.130915
0.151679
0.160758
0.157379
0.140026
0.112333
0.07916
0.044354
0.012801
0.0
0.0
0.0
0.0
0.0
0.0
0.0
0.0
0.0
0.0
0.0
0.0
0.09965900000000001
0.272598
0.43856599999999996
0.5832759999999999
0.662102
0.679033
0.692773
0.622424
0.510857
0.359478
0.14839
0.004492
0.0
0.0
0.0
0.0
0.0
0.0
0.0
0.0
0.0
0.0
0.0
0.0
0.10011
0.271526
0.43271
0.570844
0.631903
0.643504
0.657821
0.592854
0.48961200000000005
0.34616800000000003
0.143989
0.003563
0.0
0.0
0.0
0.0
0.0
0.0
0.0
0.0
0.0
0.0
0.0
0.012816000000000001
0.080634
0.16913499999999998
0.256478
0.333048
0.396023
0.193024
0.44334500000000004
0.16986199999999999
0.340886
0.096849
0.17750200000000002
0.025155
0.0
0.0
0.0
0.0
0.0
0.0
0.0
0.0
0.0
0.0
0.0
0.009023999999999999
0.08542
0.244669
0.38138299999999997
0.28446499999999997
0.5891230000000001
0.775081
0.673513
0.29831
0.547103
0.42407100000000003
0.101088
0.01884
0.0
0.0
0.0
0.0
0.0
0.0
0.0
0.0
0.0
0.0
0.0
0.022244
0.084506
0.38514499999999996
0.222987
0.280726
0.319217
0.332352
0.327617
0.833333
0.698329
0.169339
0.100356
0.040711
0.0
0.0
0.0
0.0
0.0
0.0
0.0
0.0
0.0
0.0
0.0
0.015156000000000001
0.046714
0.174287
0.127145
0.34855200000000003
0.41675599999999996
0.196535
0.448546
0.408932
0.136443
0.261135
0.17577299999999998
0.026844
0.0
0.0
0.0
0.0
0.0
0.0
0.0
0.0
0.0
0.0
0.0
0.025282
0.08103400000000001
0.147807
0.549713
0.700197
0.303996
0.317789
0.316562
0.279978
0.7215280000000001
0.16245099999999998
0.097039
0.03528
0.0
0.0
0.0
0.0
0.0
0.0
0.0
0.0
0.0
0.0
0.0
0.003484
0.10561799999999999
0.27387599999999995
0.433798
0.571725
0.636291
0.651033
0.65206
0.588209
0.486625
0.345817
0.150751
0.004351
0.0
0.0
0.0
0.0
0.0
0.0
0.0
0.0
0.0
0.0
0.0
0.018879
0.08306699999999999
0.14862999999999998
0.450075
0.581712
0.30506099999999997
0.319994
0.80701
0.286175
0.644786
0.16526
0.228836
0.032753
0.0
0.0
0.0
0.0
0.0
0.0
0.0
0.0
0.0
0.0
0.0
0.012586
0.08887600000000001
0.158366
0.378479
0.493682
0.731472
0.7481169999999999
0.6568849999999999
0.292774
0.236775
0.172208
0.104857
0.022001
0.0
0.0
0.0
0.0
0.0
0.0
0.0
0.0
0.0
0.0
0.0
0.013160999999999999
0.049567
0.089286
0.128995
0.162124
0.185307
0.19514199999999998
0.191809
0.171203
0.139326
0.099895
0.059577
0.022279
0.0
0.0
0.0
0.0
0.0
0.0
0.0
0.0
0.0
0.0
0.0
0.017513
0.10826000000000001
0.23377799999999999
0.355308
0.240708
0.543301
0.579877
0.27406200000000003
0.531138
0.462278
0.37088099999999996
0.08744299999999999
0.03385
0.0
0.0
0.0
0.0
0.0
0.0
0.0
0.0
0.0
0.0
0.0
0.012109
0.090938
0.24603299999999997
0.461891
0.49700900000000003
0.32345999999999997
0.337294
0.681142
0.6708
0.557125
0.39837
0.195578
0.016262000000000002
0.0
0.0
0.0
0.0
0.0
0.0
0.0
0.0
0.0
0.0
0.0
0.003932
0.130242
0.161982
0.504391
0.34699599999999997
0.711767
0.453486
0.706745
0.43049200000000004
0.5260560000000001
0.375032
0.17279
0.011506
0.0
0.0
0.0
0.0
0.0
0.0
0.0
0.0
0.0
0.0
0.0
0.013626
0.047212000000000004
0.084483
0.121744
0.15382200000000001
0.177009
0.18654900000000002
0.181845
0.16281
0.133119
0.096454
0.058081
0.022739000000000002
0.0
0.0
0.0
0.0
0.0
0.0
0.0
0.0
0.0
0.0
0.0
0.015823
0.063785
0.124163
0.184744
0.121685
0.27689400000000003
0.29568900000000004
0.290417
0.264243
0.220641
0.169899
0.11156100000000001
0.024016
0.0
0.0
0.0
0.0
0.0
0.0
0.0
0.0
0.0
0.0
0.0
0.042619
0.080993
0.140602
0.19804
0.247609
0.281087
0.833333
0.29121800000000003
0.260122
0.7617809999999999
0.156192
0.096045
0.038994999999999995
0.0
0.0
0.0
0.0
0.0
0.0
0.0
0.0
0.0
0.0
0.0
0.031894
0.087608
0.153168
0.217168
0.6849550000000001
0.798647
0.322882
0.300833
0.726063
0.220279
0.16240700000000002
0.100321
0.042039
0.0
0.0
0.0
0.0
0.0
0.0
0.0
0.0
0.0
0.0
0.0
0.020059999999999998
0.081621
0.220339
0.197733
0.24571199999999999
0.27806400000000003
0.538119
0.833333
0.522283
0.451805
0.359604
0.095404
0.040076
0.0
0.0
0.0
0.0
0.0
0.0
0.0
0.0
0.0
0.0
0.0
0.020846
0.06324
0.10995300000000001
0.15533000000000002
0.19488399999999997
0.221006
0.23145400000000002
0.22792099999999998
0.20220500000000002
0.164859
0.120144
0.073828
0.031276
0.0
0.0
0.0
0.0
0.0
0.0
0.0
0.0
0.0
0.0
0.0
0.004343
0.11050199999999999
0.266038
0.411474
0.539239
0.632178
0.653161
0.6677730000000001
0.602366
0.498528
0.35798
0.16897399999999999
0.006638
0.0
0.0
0.0
0.0
0.0
0.0
0.0
0.0
0.0
0.0
0.0
0.028233
0.126246
0.121797
0.37253800000000004
0.47702100000000003
0.242897
0.592048
0.250843
0.222296
0.499202
0.13425800000000002
0.250581
0.041425
0.0
0.0
0.0
0.0
0.0
0.0
0.0
0.0
0.0
0.0
0.0
0.018231
0.053803
0.092974
0.13106800000000002
0.163566
0.18676900000000002
0.19519499999999998
0.19162600000000002
0.170637
0.140076
0.102837
0.063931
0.026576
0.0
0.0
0.0
0.0
0.0
0.0
0.0
0.0
0.0
0.0
0.0
0.025288
0.090412
0.077875
0.11040000000000001
0.315867
0.36543200000000003
0.38858
0.160059
0.143317
0.116778
0.232849
0.152945
0.036052999999999995
0.0
0.0
0.0
0.0
0.0
0.0
0.0
0.0
0.0
0.0
0.0
0.041586
0.091063
0.396438
0.218632
0.27193
0.30899099999999996
0.323075
0.31321499999999997
0.833333
0.732445
0.168189
0.10507999999999999
0.046404
0.0
0.0
0.0
0.0
0.0
0.0
0.0
0.0
0.0
0.0
0.0
0.01722
0.09915500000000001
0.24953899999999998
0.379612
0.285275
0.57182
0.7290209999999999
0.664043
0.298104
0.543203
0.182091
0.209106
0.023291
0.0
0.0
0.0
0.0
0.0
0.0
0.0
0.0
0.0
0.0
0.0
0.023458
0.080721
0.072193
0.10155700000000001
0.275632
0.317759
0.15098699999999998
0.149782
0.31869099999999995
0.26898200000000005
0.207348
0.13584200000000002
0.033996000000000005
0.0
0.0
0.0
0.0
0.0
0.0
0.0
0.0
0.0
0.0
0.0
0.064064
0.235943
0.118837
0.165805
0.20633
0.233958
0.24427600000000002
0.24176
0.215351
0.177088
0.6196050000000001
0.34985700000000003
0.036822
0.003523
0.0
0.0
0.0
0.0
0.0
0.0
0.0
0.0
0.0
0.0
0.018058
0.111512
0.23866300000000001
0.381062
0.494101
0.542015
0.621075
0.6626770000000001
0.5789460000000001
0.23236199999999999
0.41122699999999995
0.11039700000000001
0.023634
0.0
0.0
0.0
0.0
0.0
0.0
0.0
0.0
0.0
0.0
0.0
0.016076
0.111501
0.253025
0.38552600000000004
0.5013070000000001
0.568251
0.628087
0.6335940000000001
0.5766359999999999
0.238309
0.383488
0.18218299999999998
0.011617
0.0
0.0
0.0
0.0
0.0
0.0
0.0
0.0
0.0
0.0
0.0
0.035082999999999996
0.054802
0.216557
0.12785
0.158163
0.17871199999999998
0.486341
0.183879
0.458702
0.13508199999999998
0.30430399999999996
0.063441
0.047504
0.001331
0.0
0.0
0.0
0.0
0.0
0.0
0.0
0.0
0.0
0.0
0.009419
0.115747
0.271973
0.420922
0.552169
0.6385040000000001
0.6527609999999999
0.637655
0.576307
0.478728
0.346932
0.171203
0.005228
0.0
0.0
0.0
0.0
0.0
0.0
0.0
0.0
0.0
0.0
0.0
0.032108
0.08668600000000001
0.14323
0.40183199999999997
0.511008
0.273818
0.28625
0.685018
0.257465
0.55357
0.440189
0.10014
0.048078
0.0012410000000000001
0.0
0.0
0.0
0.0
0.0
0.0
0.0
0.0
0.0
0.0
0.015269
0.11729300000000001
0.26598099999999997
0.404096
0.521153
0.580702
0.34439
0.6955589999999999
0.656015
0.515557
0.374093
0.18784299999999998
0.017617
0.0
0.0
0.0
0.0
0.0
0.0
0.0
0.0
0.0
0.0
0.0
0.019256
0.100334
0.164125
0.365888
0.274374
0.307527
0.583039
0.713807
0.647552
0.5400159999999999
0.39395600000000003
0.214131
0.025294
0.0
0.0
0.0
0.0
0.0
0.0
0.0
0.0
0.0
0.0
0.0
0.034258000000000004
0.085339
0.139898
0.192682
0.514302
0.26766500000000004
0.633803
0.280291
0.638288
0.550255
0.15300299999999997
0.097568
0.05163
0.0026089999999999998
0.0
0.0
0.0
0.0
0.0
0.0
0.0
0.0
0.0
0.0
0.00827
0.118339
0.274495
0.41991
0.542924
0.590392
0.603741
0.630165
0.569025
0.472622
0.342813
0.170803
0.012676
0.0
0.0
0.0
0.0
0.0
0.0
0.0
0.0
0.0
0.0
0.0
0.009377
0.115271
0.263394
0.401663
0.520653
0.595887
0.6092179999999999
0.632145
0.5725309999999999
0.47670999999999997
0.347251
0.17477199999999998
0.014151
0.0
0.0
0.0
0.0
0.0
0.0
0.0
0.0
0.0
0.0
0.0
0.021908999999999998
0.11637900000000001
0.160321
0.219154
0.267324
0.5287459999999999
0.310631
0.599347
0.695847
0.49246100000000004
0.17276
0.111012
0.035414
0.003873
0.0
0.0
0.0
0.0
0.0
0.0
0.0
0.0
0.0
0.0
0.037238999999999994
0.08701
0.142597
0.196644
0.564173
0.654836
0.284626
0.276063
0.656423
0.205299
0.459526
0.099744
0.047982
0.003354
0.0
0.0
0.0
0.0
0.0
0.0
0.0
0.0
0.0
0.0
0.019046
0.049609
0.082434
0.114388
0.141936
0.160427
0.168493
0.166526
0.149541
0.12369100000000001
0.09205100000000001
0.05897
0.027661
0.0006730000000000001
0.0
0.0
0.0
0.0
0.0
0.0
0.0
0.0
0.0
0.0
0.008984
0.115435
0.266347
0.406209
0.5268550000000001
0.582976
0.596629
0.576613
0.525534
0.444769
0.33161
0.172709
0.015275
0.0
0.0
0.0
0.0
0.0
0.0
0.0
0.0
0.0
0.0
0.0
0.033259
0.047310000000000005
0.178057
0.108692
0.321412
0.15247
0.39504500000000004
0.407441
0.142244
0.11743899999999999
0.087534
0.056211
0.055659999999999994
0.0039030000000000002
0.0
0.0
0.0
0.0
0.0
0.0
0.0
0.0
0.0
0.0
0.024550000000000002
0.060834000000000006
0.099253
0.137492
0.17035499999999998
0.19336099999999998
0.201994
0.19602
0.175922
0.14588900000000002
0.10885299999999999
0.070351
0.03357
0.001861
0.0
0.0
0.0
0.0
0.0
0.0
0.0
0.0
0.0
0.0
0.042121000000000006
0.103561
0.167233
0.228833
0.279145
0.312395
0.802046
0.313087
0.28136
0.6115259999999999
0.178057
0.267261
0.056506
0.00511
0.0
0.0
0.0
0.0
0.0
0.0
0.0
0.0
0.0
0.0
0.026940000000000002
0.081607
0.146426
0.21140899999999999
0.124138
0.14039400000000002
0.32966199999999996
0.326323
0.29718700000000003
0.10512099999999999
0.078804
0.1291
0.047408
0.000464
0.0
0.0
0.0
0.0
0.0
0.0
0.0
0.0
0.0
0.0
0.024828
0.061324
0.100093
0.13879
0.171397
0.194184
0.204034
0.197638
0.178391
0.147915
0.110843
0.071479
0.03404
0.002613
0.0
0.0
0.0
0.0
0.0
0.0
0.0
0.0
0.0
0.0
0.024694
0.060256
0.09881699999999999
0.136453
0.409509
0.473647
0.199127
0.194428
0.470057
0.14493
0.31270600000000004
0.21032499999999998
0.033801000000000005
0.002579
0.0
0.0
0.0
0.0
0.0
0.0
0.0
0.0
0.0
0.0
0.037888
0.088965
0.14459200000000003
0.19674100000000003
0.7067640000000001
0.27068200000000003
0.281331
0.833333
0.24886000000000003
0.207034
0.155993
0.101555
0.049764
0.005271
0.0
0.0
0.0
0.0
0.0
0.0
0.0
0.0
0.0
0.0
0.009577
0.11505
0.264423
0.401808
0.5201
0.5927709999999999
0.60364
0.600874
0.544574
0.460943
0.34412400000000004
0.183722
0.019986999999999998
0.0
0.0
0.0
0.0
0.0
0.0
0.0
0.0
0.0
0.0
0.0
0.00862
0.11350400000000001
0.262036
0.400864
0.520822
0.584225
0.597718
0.59646
0.541259
0.45776100000000003
0.340991
0.18229900000000002
0.019562
0.0
0.0
0.0
0.0
0.0
0.0
0.0
0.0
0.0
0.0
0.0
0.036398
0.105018
0.13898500000000003
0.316031
0.407939
0.476651
0.6195620000000001
0.506555
0.239044
0.41486700000000004
0.408682
0.227146
0.038572
0.002408
0.0
0.0
0.0
0.0
0.0
0.0
0.0
0.0
0.0
0.0
0.007776
0.06349199999999999
0.23811600000000002
0.360865
0.46739600000000003
0.542611
0.583971
0.6086509999999999
0.575678
0.494044
0.37048000000000003
0.164655
0.027599
0.0
0.0
0.0
0.0
0.0
0.0
0.0
0.0
0.0
0.0
0.0
0.035319
0.14338499999999998
0.133828
0.182949
0.223915
0.582105
0.26209699999999997
0.670077
0.6234
0.195827
0.14761600000000002
0.096196
0.064694
0.005791
0.0
0.0
0.0
0.0
0.0
0.0
0.0
0.0
0.0
0.0
0.013566
0.105912
0.231639
0.20022900000000002
0.260839
0.524007
0.565745
0.592966
0.563498
0.499308
0.378805
0.208768
0.031474
0.0
0.0
0.0
0.0
0.0
0.0
0.0
0.0
0.0
0.0
0.0
0.014928
0.10468999999999999
0.14494200000000002
0.198325
0.41836399999999996
0.519454
0.5624239999999999
0.5455180000000001
0.5502619999999999
0.48439699999999997
0.393294
0.237701
0.035361
0.001805
0.0
0.0
0.0
0.0
0.0
0.0
0.0
0.0
0.0
0.0
0.012034000000000001
0.112827
0.25761399999999995
0.391019
0.507393
0.591846
0.6255170000000001
0.39643700000000004
0.574098
0.48513799999999996
0.36185300000000004
0.196688
0.026501
0.0
0.0
0.0
0.0
0.0
0.0
0.0
0.0
0.0
0.0
0.0
0.010084
0.120924
0.261706
0.393355
0.266003
0.588211
0.336962
0.679862
0.323346
0.5377029999999999
0.223841
0.223835
0.038738
0.0
0.0
0.0
0.0
0.0
0.0
0.0
0.0
0.0
0.0
0.0
0.02493
0.059355
0.09527200000000001
0.130489
0.16006399999999998
0.182151
0.192025
0.191316
0.172596
0.14365899999999998
0.108157
0.07033
0.034292
0.00319
0.0
0.0
0.0
0.0
0.0
0.0
0.0
0.0
0.0
0.0
0.029735
0.069074
0.111984
0.152931
0.188423
0.212543
0.221831
0.217092
0.19462000000000002
0.162006
0.12227400000000001
0.080077
0.039314999999999996
0.003842
0.0
0.0
0.0
0.0
0.0
0.0
0.0
0.0
0.0
0.0
0.006030000000000001
0.113848
0.272194
0.418303
0.519913
0.568846
0.584491
0.6127440000000001
0.554884
0.46637599999999996
0.34606
0.184942
0.020841000000000002
0.0
0.0
0.0
0.0
0.0
0.0
0.0
0.0
0.0
0.0
0.0
0.007732
0.111043
0.26165
0.400781
0.521692
0.582136
0.598514
0.6136520000000001
0.5584589999999999
0.469837
0.350312
0.189797
0.024287
0.0
0.0
0.0
0.0
0.0
0.0
0.0
0.0
0.0
0.0
0.0
0.010512
0.100858
0.227935
0.346579
0.450942
0.5250119999999999
0.56623
0.6097910000000001
0.576361
0.507711
0.380577
0.21056
0.032267000000000004
0.0
0.0
0.0
0.0
0.0
0.0
0.0
0.0
0.0
0.0
0.0
0.012006000000000001
0.103676
0.21634899999999999
0.327757
0.423968
0.49003800000000003
0.527158
0.540767
0.500965
0.45593700000000004
0.373887
0.22986199999999998
0.053403
0.0072380000000000005
0.0
0.0
0.0
0.0
0.0
0.0
0.0
0.0
0.0
0.0
0.024390000000000002
0.089077
0.14422200000000002
0.199161
0.24535300000000002
0.504018
0.771946
0.727168
0.486116
0.41971800000000004
0.153764
0.100209
0.049328000000000004
0.005928
0.0
0.0
0.0
0.0
0.0
0.0
0.0
0.0
0.0
0.0
0.006594
0.11235500000000001
0.265692
0.407766
0.531317
0.5876330000000001
0.6042569999999999
0.639428
0.579245
0.48369
0.35644099999999995
0.191353
0.024791
0.0
0.0
0.0
0.0
0.0
0.0
0.0
0.0
0.0
0.0
0.0
0.008123
0.107492
0.251589
0.383202
0.496621
0.578339
0.59427
0.6200910000000001
0.566936
0.47942599999999996
0.359191
0.196996
0.028266
0.0
0.0
0.0
0.0
0.0
0.0
0.0
0.0
0.0
0.0
0.0
0.022850000000000002
0.055273
0.19850800000000002
0.289828
0.156202
0.17678
0.46157
0.17794100000000002
0.159535
0.35230700000000004
0.27330200000000004
0.18223599999999998
0.030964
0.0025150000000000003
0.0
0.0
0.0
0.0
0.0
0.0
0.0
0.0
0.0
0.0
0.026196
0.040997
0.066998
0.19661099999999998
0.248066
0.131153
0.304451
0.312204
0.121953
0.24055
0.183405
0.04797
0.022483
0.003194
0.0
0.0
0.0
0.0
0.0
0.0
0.0
0.0
0.0
0.0
0.025638
0.060932
0.098146
0.134937
0.166333
0.187983
0.19644499999999998
0.193767
0.174329
0.143912
0.107928
0.069982
0.03405
0.002529
0.0
0.0
0.0
0.0
0.0
0.0
0.0
0.0
0.0
0.0
0.040737
0.09711199999999999
0.27668400000000004
0.408714
0.260056
0.6034120000000001
0.30379700000000004
0.670395
0.268373
0.555033
0.168671
0.257927
0.057234
0.006561
0.0
0.0
0.0
0.0
0.0
0.0
0.0
0.0
0.0
0.0
0.039492
0.14625
0.279174
0.40253
0.205506
0.230221
0.23971
0.23463900000000001
0.592244
0.175257
0.412617
0.086509
0.042821
0.004386999999999999
0.0
0.0
0.0
0.0
0.0
0.0
0.0
0.0
0.0
0.0
0.011078
0.030583
0.052026
0.072764
0.090703
0.102863
0.108331
0.10607299999999999
0.094905
0.078685
0.058707
0.036984
0.016628
0.0
0.0
0.0
0.0
0.0
0.0
0.0
0.0
0.0
0.0
0.0
0.037432
0.0895
0.144929
0.19823500000000002
0.2424
0.272278
0.28399599999999997
0.278482
0.250526
0.208416
0.579176
0.368368
0.050406
0.005136999999999999
0.0
0.0
0.0
0.0
0.0
0.0
0.0
0.0
0.0
0.0
0.018622
0.09354900000000001
0.22213999999999998
0.206563
0.42983499999999997
0.7011430000000001
0.535695
0.535543
0.255763
0.213974
0.357069
0.23768199999999998
0.0519
0.0010429999999999999
0.0
0.0
0.0
0.0
0.0
0.0
0.0
0.0
0.0
0.0
0.001787
0.11099500000000001
0.278123
0.418033
0.498433
0.546398
0.563588
0.567646
0.517567
0.437592
0.32871
0.179727
0.021335
0.0
0.0
0.0
0.0
0.0
0.0
0.0
0.0
0.0
0.0
0.0
0.034716000000000004
0.10391500000000001
0.18556999999999998
0.263513
0.12679
0.143095
0.401632
0.146315
0.132934
0.110796
0.08261199999999999
0.16761199999999998
0.025370999999999998
0.00046899999999999996
0.0
0.0
0.0
0.0
0.0
0.0
0.0
0.0
0.0
0.0
0.033365
0.095384
0.156479
0.21646700000000002
0.659437
0.77035
0.31622100000000003
0.307128
0.783559
0.228108
0.17141499999999998
0.110821
0.054153
0.004503
0.0
0.0
0.0
0.0
0.0
0.0
0.0
0.0
0.0
0.0
0.035603
0.059327
0.09801900000000001
0.135547
0.16764500000000002
0.189873
0.513796
0.50831
0.172344
0.399412
0.311515
0.06836700000000001
0.032545000000000004
0.001691
0.0
0.0
0.0
0.0
0.0
0.0
0.0
0.0
0.0
0.0
0.0034519999999999998
0.105673
0.261988
0.40827600000000003
0.515807
0.566542
0.5855119999999999
0.604091
0.552947
0.468
0.350636
0.19312700000000002
0.025175
0.0
0.0
0.0
0.0
0.0
0.0
0.0
0.0
0.0
0.0
0.0
0.012605
0.102275
0.16627
0.361033
0.482488
0.566774
0.5956910000000001
0.664907
0.599095
0.5196069999999999
0.391346
0.219398
0.035327
0.0
0.0
0.0
0.0
0.0
0.0
0.0
0.0
0.0
0.0
0.0
0.011452
0.105601
0.242602
0.369572
0.478027
0.55861
0.603529
0.663203
0.609844
0.515482
0.385045
0.213525
0.039700000000000006
0.0
0.0
0.0
0.0
0.0
0.0
0.0
0.0
0.0
0.0
0.0
0.0
0.110546
0.284435
0.419433
0.499293
0.5476230000000001
0.5642119999999999
0.580194
0.531188
0.448775
0.33510199999999996
0.181553
0.01943
0.0
0.0
0.0
0.0
0.0
0.0
0.0
0.0
0.0
0.0
0.0
0.016797999999999997
0.16594499999999998
0.232996
0.21917799999999998
0.267138
0.5249550000000001
0.707073
0.585292
0.27627300000000005
0.483193
0.172292
0.111539
0.053736
0.0
0.0
0.0
0.0
0.0
0.0
0.0
0.0
0.0
0.0
0.0
0.004617
0.10198099999999999
0.250799
0.388749
0.507058
0.584453
0.6019220000000001
0.628378
0.573016
0.48333
0.362011
0.199747
0.027287
0.0
0.0
0.0
0.0
0.0
0.0
0.0
0.0
0.0
0.0
0.0
0.048081000000000006
0.072666
0.119739
0.166
0.63681
0.231823
0.24331
0.241591
0.7786190000000001
0.17963300000000001
0.133569
0.085115
0.040073
0.0011140000000000002
0.0
0.0
0.0
0.0
0.0
0.0
0.0
0.0
0.0
0.0
0.0
0.10777800000000001
0.280844
0.421323
0.50384
0.553938
0.5716570000000001
0.587076
0.537453
0.453672
0.33832999999999996
0.182616
0.018615
0.0
0.0
0.0
0.0
0.0
0.0
0.0
0.0
0.0
0.0
0.0
0.010001
0.100566
0.245318
0.380407
0.495373
0.57782
0.621228
0.626071
0.5725330000000001
0.5187780000000001
0.1866
0.22214099999999998
0.028843
0.0
0.0
0.0
0.0
0.0
0.0
0.0
0.0
0.0
0.0
0.0
0.017195000000000002
0.10757599999999999
0.211511
0.371136
0.40952999999999995
0.558373
0.511545
0.279609
0.510396
0.442701
0.154439
0.241023
0.046317
0.001008
0.0
0.0
0.0
0.0
0.0
0.0
0.0
0.0
0.0
0.0
0.003468
0.10029
0.24698699999999998
0.383872
0.500844
0.587701
0.621509
0.642942
0.588551
0.499984
0.269266
0.207507
0.027311
0.0
0.0
0.0
0.0
0.0
0.0
0.0
0.0
0.0
0.0
0.0
0.004503
0.11063100000000001
0.265856
0.412568
0.301726
0.6313840000000001
0.39188
0.6981499999999999
0.637007
0.5350349999999999
0.265218
0.21778
0.030238
0.0
0.0
0.0
0.0
0.0
0.0
0.0
0.0
0.0
0.0
0.0
0.00122
0.10450799999999999
0.27286
0.428121
0.51623
0.567681
0.585173
0.609403
0.556501
0.46792399999999995
0.347298
0.186605
0.018384
0.0
0.0
0.0
0.0
0.0
0.0
0.0
0.0
0.0
0.0
0.0
0.002955
0.101029
0.25861700000000004
0.40656
0.530397
0.581883
0.5981409999999999
0.6232409999999999
0.568677
0.478754
0.356765
0.192989
0.021752
0.0
0.0
0.0
0.0
0.0
0.0
0.0
0.0
0.0
0.0
0.0
0.002742
0.09910200000000001
0.253978
0.398746
0.5244460000000001
0.5801029999999999
0.5990420000000001
0.632254
0.575505
0.485779
0.36117200000000005
0.194642
0.021304
0.0
0.0
0.0
0.0
0.0
0.0
0.0
0.0
0.0
0.0
0.0
0.017608000000000002
0.051379
0.087116
0.12205200000000001
0.151254
0.173026
0.183621
0.183453
0.164779
0.135941
0.099479
0.06225
0.026908
0.0
0.0
0.0
0.0
0.0
0.0
0.0
0.0
0.0
0.0
0.0
0.008762
0.029757000000000002
0.05233
0.073923
0.09330500000000001
0.106176
0.11167
0.109321
0.096953
0.078512
0.057784
0.034898000000000005
0.014611
0.0
0.0
0.0
0.0
0.0
0.0
0.0
0.0
0.0
0.0
0.0
0.013904999999999999
0.043451000000000004
0.07561
0.106639
0.133752
0.151901
0.15831399999999998
0.154954
0.137963
0.113456
0.083396
0.05188
0.021913000000000002
0.0
0.0
0.0
0.0
0.0
0.0
0.0
0.0
0.0
0.0
0.0
0.008628
0.029521000000000002
0.05192
0.07403799999999999
0.092488
0.105987
0.111762
0.10980500000000001
0.098971
0.080879
0.05909300000000001
0.035665
0.014126
0.0
0.0
0.0
0.0
0.0
0.0
0.0
0.0
0.0
0.0
0.0
0.022289
0.069747
0.22488999999999998
0.33623200000000003
0.432231
0.234387
0.539769
0.242033
0.522752
0.176984
0.352543
0.238411
0.035626
0.0
0.0
0.0
0.0
0.0
0.0
0.0
0.0
0.0
0.0
0.0
0.015521
0.048417
0.08479900000000001
0.120316
0.15128899999999998
0.17235499999999998
0.18065
0.17482599999999998
0.156027
0.128062
0.09372499999999999
0.057967
0.023806
0.0
0.0
0.0
0.0
0.0
0.0
0.0
0.0
0.0
0.0
0.0
0.021252
0.11453
0.136107
0.19100899999999998
0.236936
0.26669600000000004
0.58545
0.616876
0.5722999999999999
0.494376
0.390909
0.091721
0.047615000000000005
0.0
0.0
0.0
0.0
0.0
0.0
0.0
0.0
0.0
0.0
0.0
0.020575
0.063406
0.11055200000000001
0.15607400000000002
0.195129
0.221614
0.23244599999999999
0.231829
0.20663499999999999
0.169241
0.123273
0.076001
0.032070999999999995
0.0
0.0
0.0
0.0
0.0
0.0
0.0
0.0
0.0
0.0
0.0
0.027869
0.062453
0.109048
0.388639
0.192286
0.218105
0.609856
0.22150299999999998
0.197911
0.484107
0.11906699999999999
0.25967700000000005
0.030414
0.0
0.0
0.0
0.0
0.0
0.0
0.0
0.0
0.0
0.0
0.0
0.007902
0.10648300000000001
0.27018400000000004
0.422711
0.502392
0.333678
0.632752
0.629432
0.581534
0.523207
0.185525
0.216698
0.04924
0.0
0.0
0.0
0.0
0.0
0.0
0.0
0.0
0.0
0.0
0.0
0.011904
0.041954
0.07534300000000001
0.107644
0.13555799999999998
0.15478999999999998
0.163023
0.160624
0.14373
0.11640600000000001
0.084089
0.051207
0.020264
0.0
0.0
0.0
0.0
0.0
0.0
0.0
0.0
0.0
0.0
0.0
0.018927
0.097358
0.20229
0.30390100000000003
0.391646
0.45407400000000003
0.220992
0.213014
0.189391
0.376911
0.29639800000000005
0.19902099999999998
0.043866999999999996
0.0
0.0
0.0
0.0
0.0
0.0
0.0
0.0
0.0
0.0
0.0
0.020995
0.116127
0.11806699999999999
0.37727
0.211861
0.575075
0.252684
0.623224
0.573539
0.176861
0.128832
0.07906300000000001
0.032112
0.0
0.0
0.0
0.0
0.0
0.0
0.0
0.0
0.0
0.0
0.0
0.000968
0.094344
0.256834
0.411177
0.541336
0.595539
0.614478
0.642807
0.585515
0.490597
0.360385
0.183734
0.003535
0.0
0.0
0.0
0.0
0.0
0.0
0.0
0.0
0.0
0.0
0.0
0.023604
0.124634
0.109349
0.15579099999999999
0.195559
0.5727859999999999
0.23318899999999998
0.638155
0.202677
0.165054
0.39351400000000003
0.072494
0.042832
0.0
0.0
0.0
0.0
0.0
0.0
0.0
0.0
0.0
0.0
0.0
0.016785
0.061388
0.110316
0.157455
0.197935
0.225629
0.23657599999999998
0.227992
0.20361500000000002
0.166407
0.12136
0.07330400000000001
0.029056000000000002
0.0
0.0
0.0
0.0
0.0
0.0
0.0
0.0
0.0
0.0
0.0
0.006835
0.091469
0.237925
0.36914600000000003
0.502218
0.592234
0.6425449999999999
0.7004360000000001
0.625994
0.543138
0.17497800000000002
0.10547100000000001
0.01662
0.0
0.0
0.0
0.0
0.0
0.0
0.0
0.0
0.0
0.0
0.0
0.022873
0.135083
0.288383
0.432369
0.552025
0.24584299999999998
0.257246
0.248113
0.22162600000000002
0.181233
0.43692899999999996
0.080086
0.030548
0.0
0.0
0.0
0.0
0.0
0.0
0.0
0.0
0.0
0.0
0.0
0.008558999999999999
0.187592
0.24249700000000002
0.23247900000000002
0.5028469999999999
0.332051
0.637226
0.354184
0.314788
0.255603
0.441835
0.246572
0.032218000000000004
0.0
0.0
0.0
0.0
0.0
0.0
0.0
0.0
0.0
0.0
0.0
0.007
0.145704
0.244833
0.387675
0.50871
0.335194
0.35027600000000003
0.673082
0.30785399999999996
0.553123
0.417346
0.214455
0.018281
0.0
0.0
0.0
0.0
0.0
0.0
0.0
0.0
0.0
0.0
0.0
0.0036349999999999998
0.021193999999999998
0.041176000000000004
0.060954999999999995
0.078574
0.09114499999999999
0.09633199999999999
0.09333
0.082869
0.066616
0.046774
0.026895
0.008217
0.0
0.0
0.0
0.0
0.0
0.0
0.0
0.0
0.0
0.0
0.0
0.0055650000000000005
0.084607
0.23163499999999998
0.373736
0.49702300000000005
0.587521
0.6369900000000001
0.6994210000000001
0.632177
0.537919
0.417559
0.102035
0.015284
0.0
0.0
0.0
0.0
0.0
0.0
0.0
0.0
0.0
0.0
0.0
0.01783
0.060433999999999995
0.111587
0.39463600000000004
0.20579599999999998
0.594797
0.247915
0.248585
0.644199
0.17618199999999998
0.41856299999999996
0.072572
0.02515
0.0
0.0
0.0
0.0
0.0
0.0
0.0
0.0
0.0
0.0
0.0
0.020744
0.158184
0.140009
0.201359
0.6778010000000001
0.288101
0.301515
0.821579
0.260043
0.211427
0.15162799999999999
0.089385
0.03138
0.0
0.0
0.0
0.0
0.0
0.0
0.0
0.0
0.0
0.0
0.0
0.0
0.094795
0.279923
0.437844
0.5250969999999999
0.576447
0.5926710000000001
0.622317
0.56441
0.4694
0.33664299999999997
0.154691
0.0
0.0
0.0
0.0
0.0
0.0
0.0
0.0
0.0
0.0
0.0
0.0
3.1e-05
0.090544
0.25699900000000003
0.41927499999999995
0.552943
0.6072949999999999
0.623555
0.624405
0.565462
0.47441500000000003
0.345086
0.160833
0.002727
0.0
0.0
0.0
0.0
0.0
0.0
0.0
0.0
0.0
0.0
0.0
0.006312
0.037073
0.071807
0.10514
0.13461099999999998
0.155316
0.163736
0.16134800000000002
0.143436
0.11530599999999999
0.081338
0.046548
0.014053000000000001
0.0
0.0
0.0
0.0
0.0
0.0
0.0
0.0
0.0
0.0
0.0
0.003519
0.08233499999999999
0.233848
0.398914
0.530944
0.62829
0.64103
0.346267
0.655105
0.5338010000000001
0.38419600000000004
0.17757699999999998
0.00795
0.0
0.0
0.0
0.0
0.0
0.0
0.0
0.0
0.0
0.0
0.0
0.005886
0.07037399999999999
0.211233
0.34860199999999997
0.463272
0.5199170000000001
0.591211
0.554462
0.551466
0.447858
0.144862
0.195768
0.010663
0.0
0.0
0.0
0.0
0.0
0.0
0.0
0.0
0.0
0.0
0.0
0.010317999999999999
0.097858
0.22264799999999998
0.157171
0.45100599999999996
0.23008099999999998
0.5627000000000001
0.6009629999999999
0.210404
0.169252
0.36491199999999996
0.068169
0.020997
0.0
0.0
0.0
0.0
0.0
0.0
0.0
0.0
0.0
0.0
0.0
0.007787
0.070701
0.085994
0.248321
0.330865
0.388612
0.416263
0.193759
0.38802600000000004
0.32579199999999997
0.24940199999999998
0.16813399999999998
0.015895
0.0
0.0
0.0
0.0
0.0
0.0
0.0
0.0
0.0
0.0
0.0
0.000566
0.018697
0.040072
0.060432
0.078666
0.091855
0.096993
0.095038
0.083788
0.066699
0.046076
0.024657
0.0051459999999999995
0.0
0.0
0.0
0.0
0.0
0.0
0.0
0.0
0.0
0.0
0.0
0.00124
0.022643
0.047203
0.07142799999999999
0.092692
0.107946
0.11336199999999999
0.11000700000000001
0.09675
0.076996
0.053079
0.029033
0.006583
0.0
0.0
0.0
0.0
0.0
0.0
0.0
0.0
0.0
0.0
0.0
0.001024
0.079711
0.24066300000000002
0.400548
0.542588
0.633735
0.6985399999999999
0.703303
0.634966
0.523054
0.396278
0.09890399999999999
0.028446000000000003
0.0
0.0
0.0
0.0
0.0
0.0
0.0
0.0
0.0
0.0
0.0
0.006485
0.039353
0.1643
0.255512
0.152619
0.39168000000000003
0.425095
0.177107
0.156164
0.320741
0.24430000000000002
0.16575800000000002
0.012342
0.0
0.0
0.0
0.0
0.0
0.0
0.0
0.0
0.0
0.0
0.0
0.0
0.018213999999999998
0.039879
0.061293
0.079789
0.09318699999999999
0.098392
0.096121
0.084678
0.06657500000000001
0.045736
0.024116
0.0044210000000000005
0.0
0.0
0.0
0.0
0.0
0.0
0.0
0.0
0.0
0.0
0.0
0.006507
0.055448
0.111447
0.167192
0.214959
0.24726599999999999
0.644356
0.250966
0.600112
0.516614
0.406916
0.207093
0.017585999999999997
0.0
0.0
0.0
0.0
0.0
0.0
0.0
0.0
0.0
0.0
0.0
0.0
0.085702
0.263887
0.44169400000000003
0.5617219999999999
0.616923
0.6330410000000001
0.63305
0.57076
0.472273
0.332356
0.128198
0.000753
0.0
0.0
0.0
0.0
0.0
0.0
0.0
0.0
0.0
0.0
0.0
0.006535
0.059776
0.122626
0.184375
0.237783
0.273715
0.286786
0.81412
0.245835
0.649627
0.479711
0.215601
0.02479
0.0
0.0
0.0
0.0
0.0
0.0
0.0
0.0
0.0
0.0
0.0
0.0
0.083896
0.257711
0.42659600000000003
0.560972
0.612332
0.625786
0.64901
0.582245
0.39059
0.329851
0.123053
0.00116
0.0
0.0
0.0
0.0
0.0
0.0
0.0
0.0
0.0
0.0
0.0
0.002627
0.043527
0.185173
0.29735
0.393823
0.207632
0.49804899999999996
0.531618
0.19227
0.41026100000000004
0.105226
0.056267000000000005
0.012253
0.0
0.0
0.0
0.0
0.0
0.0
0.0
0.0
0.0
0.0
0.0
0.0
0.028895
0.062240000000000004
0.096981
0.1272
0.14910400000000001
0.157271
0.15190399999999998
0.132719
0.104864
0.07131399999999999
0.037769
0.006405
0.0
0.0
0.0
0.0
0.0
0.0
0.0
0.0
0.0
0.0
0.0
0.0
0.028564
0.063104
0.097403
0.128661
0.149994
0.15899700000000003
0.153589
0.13496
0.106627
0.07238599999999999
0.037441
0.006453
0.0
0.0
0.0
0.0
0.0
0.0
0.0
0.0
0.0
0.0
0.0
0.0031579999999999998
0.100039
0.08863599999999999
0.136764
0.178194
0.5939589999999999
0.217811
0.209934
0.5752200000000001
0.144673
0.099443
0.192725
0.019869
0.0
0.0
0.0
0.0
0.0
0.0
0.0
0.0
0.0
0.0
0.0
0.0
0.030497
0.067892
0.10649
0.139961
0.16298500000000002
0.172039
0.168223
0.146872
0.1152
0.078473
0.040127
0.006464
0.0
0.0
0.0
0.0
0.0
0.0
0.0
0.0
0.0
0.0
0.0
0.001553
0.054351
0.117914
0.181459
0.23677600000000001
0.274171
0.28878699999999996
0.833333
0.243006
0.674413
0.478148
0.18822999999999998
0.012028
0.0
0.0
0.0
0.0
0.0
0.0
0.0
0.0
0.0
0.0
0.0
0.0
0.068272
0.177041
0.289492
0.387324
0.459579
0.495928
0.22186699999999998
0.451838
0.15226900000000002
0.302526
0.144405
0.00904
0.0
0.0
0.0
0.0
0.0
0.0
0.0
0.0
0.0
0.0
0.0
0.0
0.035817999999999996
0.080724
0.337431
0.166185
0.5283450000000001
0.573523
0.199847
0.174543
0.137484
0.092862
0.046988999999999996
0.013172000000000001
0.0
0.0
0.0
0.0
0.0
0.0
0.0
0.0
0.0
0.0
0.0
0.0
0.128232
0.092226
0.506091
0.189786
0.221024
0.233388
0.23090100000000002
0.201564
0.158055
0.53179
0.202706
0.006671
0.0
0.0
0.0
0.0
0.0
0.0
0.0
0.0
0.0
0.0
0.0
0.0
0.026336
0.061579999999999996
0.096997
0.128296
0.150317
0.15954
0.156352
0.136186
0.106607
0.07105
0.035331
0.0032730000000000003
0.0
0.0
0.0
0.0
0.0
0.0
0.0
0.0
0.0
0.0
0.0
0.0
0.16901
0.40125099999999997
0.20705600000000002
0.27022500000000005
0.313987
0.32983100000000004
0.323139
0.282599
0.223419
0.15071199999999998
0.07691500000000001
0.019919
0.0
0.0
0.0
0.0
0.0
0.0
0.0
0.0
0.0
0.0
0.0
0.0
0.09111799999999999
0.076304
0.120953
0.497579
0.585563
0.198285
0.19486799999999999
0.170595
0.132978
0.088062
0.043716
0.011228
0.0
0.0
0.0
0.0
0.0
0.0
0.0
0.0
0.0
0.0
0.0
0.0
0.06652200000000001
0.117123
0.184274
0.447428
0.5664009999999999
0.618224
0.660355
0.617745
0.528471
0.34940899999999997
0.10293300000000001
0.00651
0.0
0.0
0.0
0.0
0.0
0.0
0.0
0.0
0.0
0.0
0.0
0.0
0.040532
0.243339
0.417262
0.566342
0.393185
0.6857859999999999
0.658784
0.591336
0.481996
0.293964
0.07034900000000001
0.0
0.0
0.0
0.0
0.0
0.0
0.0
0.0
0.0
0.0
0.0
0.0
0.0
0.087226
0.24963300000000002
0.172993
0.55663
0.266934
0.281648
0.779983
0.717703
0.188138
0.124572
0.061128
0.006184
0.0
0.0
0.0
0.0
0.0
0.0
0.0
0.0
0.0
0.0
0.0
0.0
0.07373
0.225676
0.216218
0.283323
0.328002
0.6644690000000001
0.33154500000000003
0.29061000000000003
0.534655
0.37107999999999997
0.090794
0.006183
0.0
0.0
0.0
0.0
0.0
0.0
0.0
0.0
0.0
0.0
0.0
0.0
0.07116
0.131101
0.209621
0.277152
0.324639
0.34348500000000004
0.33866399999999997
0.294339
0.227513
0.377214
0.119177
0.0062889999999999995
0.0
0.0
0.0
0.0
0.0
0.0
0.0
0.0
0.0
0.0
0.0
0.0
0.07186100000000001
0.086555
0.13995500000000002
0.186356
0.555348
0.231294
0.636497
0.19830799999999998
0.490535
0.38805700000000004
0.047799
0.001415
0.0
0.0
0.0
0.0
0.0
0.0
0.0
0.0
0.0
0.0
0.0
0.0
0.06666899999999999
0.222286
0.38611599999999996
0.539986
0.6485259999999999
0.6792910000000001
0.670338
0.5910299999999999
0.508634
0.15240399999999998
0.06847700000000001
0.0033439999999999998
0.0
0.0
0.0
0.0
0.0
0.0
0.0
0.0
0.0
0.0
0.0
0.0
0.037859000000000004
0.235076
0.412808
0.567427
0.623395
0.6326459999999999
0.6019070000000001
0.535892
0.431118
0.273785
0.012708
0.0
0.0
0.0
0.0
0.0
0.0
0.0
0.0
0.0
0.0
0.0
0.0
0.0
0.070021
0.086924
0.350769
0.18986
0.222518
0.235035
0.650225
0.596634
0.507313
0.100482
0.046146
0.0
0.0
0.0
0.0
0.0
0.0
0.0
0.0
0.0
0.0
0.0
0.0
0.0
0.0856
0.272156
0.461882
0.262718
0.30662599999999995
0.790902
0.313113
0.7220599999999999
0.210656
0.138034
0.063708
0.0
0.0
0.0
0.0
0.0
0.0
0.0
0.0
0.0
0.0
0.0
0.0
0.0
0.017873
0.052049
0.087587
0.119187
0.142255
0.15135099999999999
0.146238
0.126863
0.096739
0.062111
0.027098
0.0
0.0
0.0
0.0
0.0
0.0
0.0
0.0
0.0
0.0
0.0
0.0
0.0
0.021606
0.06265699999999999
0.104687
0.141733
0.16786600000000002
0.178644
0.17106100000000002
0.147793
0.113214
0.072912
0.03177
0.0
0.0
0.0
0.0
0.0
0.0
0.0
0.0
0.0
0.0
0.0
0.0
0.0
0.040748
0.062477
0.105072
0.31178100000000003
0.374534
0.41290699999999997
0.40814999999999996
0.36981
0.11316
0.071978
0.041835000000000004
0.0
0.0
0.0
0.0
0.0
0.0
0.0
0.0
0.0
0.0
0.0
0.0
0.0
0.039362
0.057093000000000005
0.215408
0.29814100000000004
0.358703
0.16677
0.40847100000000003
0.367879
0.107105
0.06822
0.042262
0.0
0.0
0.0
0.0
0.0
0.0
0.0
0.0
0.0
0.0
0.0
0.0
0.0
0.015221
0.048826999999999995
0.08274899999999999
0.113476
0.13572599999999999
0.14451599999999998
0.139237
0.120707
0.09171800000000001
0.058034
0.02359
0.0
0.0
0.0
0.0
0.0
0.0
0.0
0.0
0.0
0.0
0.0
0.0
0.0
0.014855
0.049318
0.084423
0.116522
0.14002
0.149477
0.14394900000000002
0.124394
0.093979
0.05888
0.024168
0.0
0.0
0.0
0.0
0.0
0.0
0.0
0.0
0.0
0.0
0.0
0.0
0.0
0.026818
0.084326
0.143328
0.196939
0.233351
0.248288
0.234406
0.20291700000000001
0.154821
0.098016
0.041334
0.0
0.0
0.0
0.0
0.0
0.0
0.0
0.0
0.0
0.0
0.0
0.0
0.0
0.049789
0.19437700000000002
0.18995599999999999
0.48852100000000004
0.6143310000000001
0.6698339999999999
0.694338
0.602604
0.47034699999999996
0.29265800000000003
0.025536
0.0
0.0
0.0
0.0
0.0
0.0
0.0
0.0
0.0
0.0
0.0
0.0
0.0
0.036677999999999995
0.131832
0.23209800000000003
0.32249
0.170537
0.18165
0.459606
0.420089
0.351051
0.07437600000000001
0.040382
0.0
0.0
0.0
0.0
0.0
0.0
0.0
0.0
0.0
0.0
0.0
0.0
0.0
0.048384
0.348555
0.349598
0.25786200000000004
0.595148
0.324264
0.658419
0.618056
0.20441700000000002
0.129771
0.028992999999999998
0.0
0.0
0.0
0.0
0.0
0.0
0.0
0.0
0.0
0.0
0.0
0.0
0.0
0.028553000000000002
0.260916
0.235505
0.338855
0.41703500000000004
0.695754
0.486276
0.6099600000000001
0.471904
0.262981
0.017216000000000002
0.0
0.0
0.0
0.0
0.0
0.0
0.0
0.0
0.0
0.0
0.0
0.0
0.0
0.044224
0.34378800000000004
0.32136000000000003
0.449659
0.276842
0.29268099999999997
0.615189
0.245075
0.50317
0.116619
0.03052
0.0
0.0
0.0
0.0
0.0
0.0
0.0
0.0
0.0
0.0
0.0
0.0
0.0
0.017234000000000003
0.061918
0.108892
0.151564
0.18102600000000002
0.193894
0.19061
0.163882
0.12351000000000001
0.075923
0.027932
0.0
0.0
0.0
0.0
0.0
0.0
0.0
0.0
0.0
0.0
0.0
0.0
0.0
0.019998000000000002
0.07423199999999999
0.131029
0.180823
0.215899
0.229222
0.22524100000000002
0.19360400000000003
0.145847
0.089926
0.034032
0.0
0.0
0.0
0.0
0.0
0.0
0.0
0.0
0.0
0.0
0.0
0.0
0.0
0.019501
0.07393000000000001
0.131423
0.182664
0.21868
0.23362799999999997
0.22459
0.192476
0.144456
0.08886
0.03253
0.0
0.0
0.0
0.0
0.0
0.0
0.0
0.0
0.0
0.0
0.0
0.0
0.0
0.039960999999999997
0.16209700000000002
0.300891
0.163697
0.19522499999999998
0.551781
0.20364500000000002
0.533346
0.132032
0.304238
0.028829
0.0
0.0
0.0
0.0
0.0
0.0
0.0
0.0
0.0
0.0
0.0
0.0
0.0
0.008546
0.038646
0.070524
0.100277
0.120854
0.12998500000000002
0.124508
0.106804
0.079314
0.047343
0.015594
0.0
0.0
0.0
0.0
0.0
0.0
0.0
0.0
0.0
0.0
0.0
0.0
0.0
0.034387
0.074902
0.13475399999999998
0.422276
0.225459
0.573193
0.621049
0.570775
0.493637
0.276134
0.031575
0.0
0.0
0.0
0.0
0.0
0.0
0.0
0.0
0.0
0.0
0.0
0.0
0.0
0.034904000000000004
0.093317
0.16883099999999998
0.234063
0.27974
0.613262
0.761814
0.6180789999999999
0.490926
0.247479
0.025165
0.0
0.0
0.0
0.0
0.0
0.0
0.0
0.0
0.0
0.0
0.0
0.0
0.0
0.023361999999999997
0.116365
0.096959
0.31268
0.390618
0.426392
0.171123
0.400796
0.108497
0.26275299999999996
0.028429
0.0
0.0
0.0
0.0
0.0
0.0
0.0
0.0
0.0
0.0
0.0
0.0
0.0
0.033779
0.169627
0.12409
0.174883
0.21082900000000002
0.224749
0.6335040000000001
0.5890460000000001
0.50946
0.278824
0.027942
0.0
0.0
0.0
0.0
0.0
0.0
0.0
0.0
0.0
0.0
0.0
0.0
0.0
0.047032
0.09103499999999999
0.166525
0.233192
0.7503869999999999
0.812901
0.28143799999999997
0.23991900000000002
0.180131
0.27121
0.036798000000000004
0.0
0.0
0.0
0.0
0.0
0.0
0.0
0.0
0.0
0.0
0.0
0.0
0.0
0.027523
0.158132
0.33807
0.440211
0.601178
0.596912
0.6373070000000001
0.234983
0.465704
0.203607
0.011566
0.0
0.0
0.0
0.0
0.0
0.0
0.0
0.0
0.0
0.0
0.0
0.0
0.0
0.036802999999999995
0.09730200000000001
0.420272
0.24978999999999998
0.7155199999999999
0.31490199999999996
0.751479
0.266305
0.486945
0.118164
0.022098
0.0
0.0
0.0
0.0
0.0
0.0
0.0
0.0
0.0
0.0
0.0
0.0
0.0
0.024775
0.08921599999999999
0.32043400000000005
0.476833
0.584182
0.645849
0.6938200000000001
0.609705
0.42038
0.181969
0.007826
0.0
0.0
0.0
0.0
0.0
0.0
0.0
0.0
0.0
0.0
0.0
0.0
0.0
0.038491
0.081806
0.154171
0.219339
0.7766470000000001
0.28369
0.833333
0.233482
0.17266800000000002
0.10190600000000001
0.031795000000000004
0.0
0.0
0.0
0.0
0.0
0.0
0.0
0.0
0.0
0.0
0.0
0.0
0.0
0.011904
0.17579
0.356267
0.517316
0.617323
0.623472
0.619257
0.528697
0.390051
0.15816
0.003473
0.0
0.0
0.0
0.0
0.0
0.0
0.0
0.0
0.0
0.0
0.0
0.0
0.0
0.011602
0.103473
0.361193
0.524597
0.614794
0.620203
0.615568
0.5249579999999999
0.386144
0.15169300000000002
0.003422
0.0
0.0
0.0
0.0
0.0
0.0
0.0
0.0
0.0
0.0
0.0
0.0
0.0
0.021241
0.16685
0.340067
0.49533
0.611466
0.637846
0.631351
0.5784969999999999
0.185347
0.171154
0.005426
0.0
0.0
0.0
0.0
0.0
0.0
0.0
0.0
0.0
0.0
0.0
0.0
0.0
0.018206
0.28939499999999996
0.304545
0.22223400000000001
0.268882
0.6071470000000001
0.6371939999999999
0.236033
0.173195
0.100663
0.014369
0.0
0.0
0.0
0.0
0.0
0.0
0.0
0.0
0.0
0.0
0.0
0.0
0.0
0.017641999999999998
0.15037799999999998
0.116047
0.167286
0.532691
0.5858099999999999
0.6241639999999999
0.179051
0.13120300000000001
0.075673
0.018094000000000002
0.0
0.0
0.0
0.0
0.0
0.0
0.0
0.0
0.0
0.0
0.0
0.0
0.0
0.001088
0.030598
0.06211
0.092345
0.112865
0.122334
0.11677599999999999
0.098698
0.071074
0.039213
0.007889
0.0
0.0
0.0
0.0
0.0
0.0
0.0
0.0
0.0
0.0
0.0
0.0
0.0
0.016605
0.152665
0.105257
0.153172
0.18735300000000002
0.200775
0.646788
0.162752
0.515627
0.212823
0.026336
0.0
0.0
0.0
0.0
0.0
0.0
0.0
0.0
0.0
0.0
0.0
0.0
0.0
0.01218
0.12973300000000001
0.268312
0.143343
0.175579
0.543909
0.183508
0.153782
0.45672
0.19364599999999998
0.013445
0.0
0.0
0.0
0.0
0.0
0.0
0.0
0.0
0.0
0.0
0.0
0.0
0.0
0.021555
0.21795699999999998
0.10731
0.15697
0.19324000000000002
0.20731
0.833333
0.167816
0.121626
0.068328
0.014609
0.0
0.0
0.0
0.0
0.0
0.0
0.0
0.0
0.0
0.0
0.0
0.0
0.0
0.009155
0.071988
0.295226
0.467963
0.5856180000000001
0.610294
0.652977
0.590431
0.425473
0.093877
0.007819
0.0
0.0
0.0
0.0
0.0
0.0
0.0
0.0
0.0
0.0
0.0
0.0
0.0
0.008082
0.184576
0.389586
0.572827
0.5386420000000001
0.27458499999999997
0.640405
0.225603
0.432162
0.091796
0.009430999999999998
0.0
0.0
0.0
0.0
0.0
0.0
0.0
0.0
0.0
0.0
0.0
0.0
0.0
0.002068
0.072862
0.15531899999999998
0.105044
0.291377
0.322534
0.329776
0.299491
0.256399
0.135219
0.00942
0.0
0.0
0.0
0.0
0.0
0.0
0.0
0.0
0.0
0.0
0.0
0.0
0.0
0.001645
0.158443
0.184028
0.514408
0.6352150000000001
0.40122199999999997
0.6252409999999999
0.531462
0.379535
0.098416
0.003563
0.0
0.0
0.0
0.0
0.0
0.0
0.0
0.0
0.0
0.0
0.0
0.0
0.0
0.00436
0.145624
0.305104
0.478055
0.5949990000000001
0.6228440000000001
0.629711
0.5681280000000001
0.167686
0.09324500000000001
0.00556
0.0
0.0
0.0
0.0
0.0
0.0
0.0
0.0
0.0
0.0
0.0
0.0
0.0
0.003004
0.11990300000000001
0.127185
0.186632
0.487876
0.6587390000000001
0.602269
0.5726789999999999
0.40773899999999996
0.12151
0.012773999999999999
0.0
0.0
0.0
0.0
0.0
0.0
0.0
0.0
0.0
0.0
0.0
0.0
0.0
0.001581
0.070336
0.308054
0.220171
0.2689
0.634651
0.643058
0.5625950000000001
0.380826
0.103228
0.003503
0.0
0.0
0.0
0.0
0.0
0.0
0.0
0.0
0.0
0.0
0.0
0.0
0.0
0.0006879999999999999
0.13244
0.145376
0.448381
0.641601
0.620873
0.26806
0.547064
0.37355099999999997
0.109834
0.012898
0.0
0.0
0.0
0.0
0.0
0.0
0.0
0.0
0.0
0.0
0.0
0.0
0.0
0.0
0.252286
0.29808999999999997
0.216517
0.566101
0.283229
0.63027
0.53649
0.163167
0.104584
0.012173999999999999
0.0
0.0
0.0
0.0
0.0
0.0
0.0
0.0
0.0
0.0
0.0
0.0
0.0
0.0
0.037253
0.20339500000000002
0.308944
0.38879
0.170143
0.43411500000000003
0.399577
0.095264
0.12305200000000001
0.005625
0.0
0.0
0.0
0.0
0.0
0.0
0.0
0.0
0.0
0.0
0.0
0.0
0.0
0.0
0.181524
0.13228499999999999
0.578514
0.238368
0.7408640000000001
0.249886
0.209862
0.149483
0.080109
0.009817
0.0
0.0
0.0
0.0
0.0
0.0
0.0
0.0
0.0
0.0
0.0
0.0
0.0
0.0
0.142089
0.123923
0.18500299999999997
0.592342
0.6573920000000001
0.24113300000000001
0.20246799999999998
0.444016
0.068263
0.008215
0.0
0.0
0.0
0.0
0.0
0.0
0.0
0.0
0.0
0.0
0.0
0.0
0.0
0.0
0.067064
0.157851
0.242444
0.127001
0.342745
0.35781799999999997
0.111026
0.280447
0.054808
0.004613000000000001
0.0
0.0
0.0
0.0
0.0
0.0
0.0
0.0
0.0
0.0
0.0
0.0
0.0
0.0
0.085604
0.199125
0.113283
0.14195500000000003
0.43966500000000003
0.439873
0.121835
0.08542
0.06810200000000001
0.0060149999999999995
0.0
0.0
0.0
0.0
0.0
0.0
0.0
0.0
0.0
0.0
0.0
0.0
0.0
0.0
0.120072
0.137284
0.44104000000000004
0.255683
0.62559
0.635313
0.5523250000000001
0.36362700000000003
0.035109
0.007312
0.0
0.0
0.0
0.0
0.0
0.0
0.0
0.0
0.0
0.0
0.0
0.0
0.0
0.0
0.10914
0.30343000000000003
0.390309
0.583164
0.6507350000000001
0.5559
0.191612
0.13559000000000002
0.071498
0.00574
0.0
0.0
0.0
0.0
0.0
0.0
0.0
0.0
0.0
0.0
0.0
0.0
0.0
0.0
0.056
0.136432
0.21135900000000002
0.267688
0.113134
0.296885
0.089452
0.061736
0.049644
0.002291
0.0
0.0
0.0
0.0
0.0
0.0
0.0
0.0
0.0
0.0
0.0
0.0
0.0
0.0
0.108408
0.31245999999999996
0.48082600000000003
0.513927
0.648277
0.645934
0.20855600000000002
0.146749
0.07532
0.000833
0.0
0.0
0.0
0.0
0.0
0.0
0.0
0.0
0.0
0.0
0.0
0.0
0.0
0.0
0.106881
0.273323
0.40696
0.5414329999999999
0.5844349999999999
0.6277050000000001
0.522303
0.373221
0.074157
0.000101
0.0
0.0
0.0
0.0
0.0
0.0
0.0
0.0
0.0
0.0
0.0
0.0
0.0
0.0
0.101452
0.11579900000000001
0.381835
0.48503500000000005
0.238485
0.5733659999999999
0.543241
0.367165
0.037787
7.5e-05
0.0
0.0
0.0
0.0
0.0
0.0
0.0
0.0
0.0
0.0
0.0
0.0
0.0
0.0
0.138991
0.333171
0.135419
0.17077199999999998
0.18462399999999998
0.18024500000000002
0.150782
0.503079
0.10888500000000001
0.001054
0.0
0.0
0.0
0.0
0.0
0.0
0.0
0.0
0.0
0.0
0.0
0.0
0.0
0.0
0.100419
0.084377
0.38032
0.166119
0.180906
0.543336
0.142202
0.421876
0.069271
0.000255
0.0
0.0
0.0
0.0
0.0
0.0
0.0
0.0
0.0
0.0
0.0
0.0
0.0
0.0
0.069809
0.17836000000000002
0.561059
0.361998
0.646126
0.44429700000000005
0.541695
0.356117
0.016786000000000002
0.0
0.0
0.0
0.0
0.0
0.0
0.0
0.0
0.0
0.0
0.0
0.0
0.0
0.0
0.0
0.062012
0.33003899999999997
0.259074
0.6256079999999999
0.383514
0.635404
0.527573
0.32703699999999997
0.025056000000000002
0.0
0.0
0.0
0.0
0.0
0.0
0.0
0.0
0.0
0.0
0.0
0.0
0.0
0.0
0.0
0.060084000000000005
0.32432799999999995
0.504304
0.335775
0.633061
0.5889220000000001
0.37298899999999996
0.312398
0.024780999999999997
0.0
0.0
0.0
0.0
0.0
0.0
0.0
0.0
0.0
0.0
0.0
0.0
0.0
0.0
0.0
0.094905
0.320741
0.380894
0.21883000000000002
0.543271
0.602168
0.518437
0.128575
0.06391
0.0
0.0
0.0
0.0
0.0
0.0
0.0
0.0
0.0
0.0
0.0
0.0
0.0
0.0
0.0
0.099824
0.12326000000000001
0.41944600000000004
0.239504
0.6005499999999999
0.599669
0.50052
0.332276
0.027100000000000003
0.0
0.0
0.0
0.0
0.0
0.0
0.0
0.0
0.0
0.0
0.0
0.0
0.0
0.0
0.0
0.17715199999999998
0.097714
0.152335
0.696958
0.209554
0.206146
0.17158299999999999
0.118619
0.057032
0.0
0.0
0.0
0.0
0.0
0.0
0.0
0.0
0.0
0.0
0.0
0.0
0.0
0.0
0.0
0.18612700000000001
0.089151
0.600947
0.177676
0.192561
0.182842
0.151274
0.10355
0.049017000000000005
0.0
0.0
0.0
0.0
0.0
0.0
0.0
0.0
0.0
0.0
0.0
0.0
0.0
0.0
0.0
0.097281
0.257724
0.188471
0.237582
0.590928
0.244307
0.20168
0.351006
0.049925
0.0
0.0
0.0
0.0
0.0
0.0
0.0
0.0
0.0
0.0
0.0
0.0
0.0
0.0
0.0
0.025911
0.071165
0.11418
0.145226
0.158191
0.152822
0.12571
0.085175
0.038727
0.0
0.0
0.0
0.0
0.0
0.0
0.0
0.0
0.0
0.0
0.0
0.0
0.0
0.0
0.0
0.06790500000000001
0.186202
0.297209
0.136489
0.149127
0.142736
0.414322
0.383021
0.055542
0.0
0.0
0.0
0.0
0.0
0.0
0.0
0.0
0.0
0.0
0.0
0.0
0.0
0.0
0.0
0.09636199999999999
0.26354500000000003
0.19131800000000002
0.23966900000000002
0.60688
0.614062
0.5108039999999999
0.345764
0.028592
0.0
0.0
0.0
0.0
0.0
0.0
0.0
0.0
0.0
0.0
0.0
0.0
0.0
0.0
0.0
0.190029
0.084575
0.13503700000000002
0.170967
0.185645
0.175636
0.14425
0.098848
0.045251
0.0
0.0
0.0
0.0
0.0
0.0
0.0
0.0
0.0
0.0
0.0
0.0
0.0
0.0
0.0
0.113357
0.090392
0.480333
0.181809
0.681356
0.187423
0.153808
0.103821
0.048545000000000005
0.0
0.0
0.0
0.0
0.0
0.0
0.0
0.0
0.0
0.0
0.0
0.0
0.0
0.0
0.0
0.07396
0.430315
0.327792
0.190826
0.473962
0.197102
0.160438
0.35523000000000005
0.050074
0.0
0.0
0.0
0.0
0.0
0.0
0.0
0.0
0.0
0.0
0.0
0.0
0.0
0.0
0.0
0.0701
0.197751
0.31537099999999996
0.405721
0.17451
0.499764
0.470092
0.093846
0.041887999999999995
0.0
0.0
0.0
0.0
0.0
0.0
0.0
0.0
0.0
0.0
0.0
0.0
0.0
0.0
0.0
0.154091
0.09682299999999999
0.15287399999999998
0.19348500000000002
0.207947
0.19816
0.659534
0.110917
0.10295099999999999
0.0
0.0
0.0
0.0
0.0
0.0
0.0
0.0
0.0
0.0
0.0
0.0
0.0
0.0
0.0
0.080066
0.224776
0.357086
0.458971
0.178135
0.174291
0.538175
0.09816
0.043632
0.0
0.0
0.0
0.0
0.0
0.0
0.0
0.0
0.0
0.0
0.0
0.0
0.0
0.0
0.0
0.054058999999999996
0.157223
0.10004900000000001
0.330947
0.380639
0.39154500000000003
0.10805
0.072239
0.044077
0.0
0.0
0.0
0.0
0.0
0.0
0.0
0.0
0.0
0.0
0.0
0.0
0.0
0.0
0.0
0.095891
0.09217
0.43135700000000005
0.18692599999999998
0.2013
0.621004
0.567919
0.104032
0.046697
0.0
0.0
0.0
0.0
0.0
0.0
0.0
0.0
0.0
0.0
0.0
0.0
0.0
0.0
0.0
0.140047
0.388883
0.157141
0.198133
0.213159
0.20030199999999998
0.623388
0.11079699999999999
0.050703000000000005
0.0
0.0
0.0
0.0
0.0
0.0
0.0
0.0
0.0
0.0
0.0
0.0
0.0
0.0
0.0
0.053776000000000004
0.15778399999999998
0.255001
0.121592
0.37831400000000004
0.37807100000000005
0.101628
0.068111
0.02863
0.0
0.0
0.0
0.0
0.0
0.0
0.0
0.0
0.0
0.0
0.0
0.0
0.0
0.0
0.0
0.07320399999999999
0.100313
0.159188
0.19997399999999999
0.215587
0.522688
0.166184
0.361193
0.074385
0.0
0.0
0.0
0.0
0.0
0.0
0.0
0.0
0.0
0.0
0.0
0.0
0.0
0.0
0.0
0.1115
0.092455
0.147936
0.628833
0.200404
0.18759
0.588075
0.103505
0.045917
0.0
0.0
0.0
0.0
0.0
0.0
0.0
0.0
0.0
0.0
0.0
0.0
0.0
0.0
0.0
0.11831699999999999
0.09332599999999999
0.149221
0.187168
0.20141900000000001
0.188702
0.591354
0.402746
0.070532
0.0
0.0
0.0
0.0
0.0
0.0
0.0
0.0
0.0
0.0
0.0
0.0
0.0
0.0
0.0
0.08153400000000001
0.236288
0.139957
0.482534
0.5435679999999999
0.177121
0.509833
0.097068
0.042567
0.0
0.0
0.0
0.0
0.0
0.0
0.0
0.0
0.0
0.0
0.0
0.0
0.0
0.0
0.0
0.080858
0.08639100000000001
0.138655
0.17486000000000002
0.547467
0.589015
0.556129
0.099305
0.045878999999999996
0.0
0.0
0.0
0.0
0.0
0.0
0.0
0.0
0.0
0.0
0.0
0.0
0.0
0.0
0.0
0.175399
0.413981
0.14440899999999998
0.182072
0.195996
0.185673
0.152393
0.103173
0.045605
0.0
0.0
0.0
0.0
0.0
0.0
0.0
0.0
0.0
0.0
0.0
0.0
0.0
0.0
0.0
0.07689700000000001
0.079143
0.35567000000000004
0.457101
0.5125
0.169475
0.137708
0.09192499999999999
0.04838
0.0
0.0
0.0
0.0
0.0
0.0
0.0
0.0
0.0
0.0
0.0
0.0
0.0
0.0
0.0
0.093031
0.266519
0.139146
0.175994
0.189391
0.605112
0.563553
0.096746
0.042578000000000005
0.0
0.0
0.0
0.0
0.0
0.0
0.0
0.0
0.0
0.0
0.0
0.0
0.0
0.0
0.0
0.11425199999999999
0.317313
0.124873
0.15917900000000001
0.17277
0.163231
0.134052
0.439758
0.084925
0.0
0.0
0.0
0.0
0.0
0.0
0.0
0.0
0.0
0.0
0.0
0.0
0.0
0.0
0.0
0.091708
0.086566
0.420075
0.175528
0.596557
0.17735
0.14499199999999998
0.391327
0.042656999999999994
0.0
0.0
0.0
0.0
0.0
0.0
0.0
0.0
0.0
0.0
0.0
0.0
0.0
0.0
0.0
0.081873
0.236797
0.12720099999999998
0.487951
0.548785
0.16680099999999998
0.136797
0.09106
0.03903499999999999
0.0
0.0
0.0
0.0
0.0
0.0
0.0
0.0
0.0
0.0
0.0
0.0
0.0
0.0
0.0
0.056357
0.16524100000000003
0.109311
0.343065
0.387156
0.41445499999999996
0.391396
0.354798
0.03343
0.0
0.0
0.0
0.0
0.0
0.0
0.0
0.0
0.0
0.0
0.0
0.0
0.0
0.0
0.0
0.12249800000000001
0.343706
0.151575
0.189972
0.204898
0.19808199999999998
0.671841
0.10897
0.074585
0.0
0.0
0.0
0.0
0.0
0.0
0.0
0.0
0.0
0.0
0.0
0.0
0.0
0.0
0.0
0.184701
0.085956
0.13722700000000002
0.17299199999999998
0.187273
0.179361
0.14675
0.527
0.043326
0.0
0.0
0.0
0.0
0.0
0.0
0.0
0.0
0.0
0.0
0.0
0.0
0.0
0.0
0.0
0.106976
0.093891
0.482568
0.614281
0.204783
0.19363999999999998
0.15817900000000001
0.105767
0.064821
0.0
0.0
0.0
0.0
0.0
0.0
0.0
0.0
0.0
0.0
0.0
0.0
0.0
0.0
0.0
0.107898
0.097146
0.15441999999999997
0.194511
0.20872
0.686982
0.6036670000000001
0.108139
0.062505
0.0
0.0
0.0
0.0
0.0
0.0
0.0
0.0
0.0
0.0
0.0
0.0
0.0
0.0
0.0
0.09002
0.091288
0.14551
0.522084
0.582974
0.18489699999999998
0.5488379999999999
0.100122
0.044857
0.0
0.0
0.0
0.0
0.0
0.0
0.0
0.0
0.0
0.0
0.0
0.0
0.0
0.0
0.0
0.115307
0.094597
0.50674
0.18939799999999998
0.202727
0.707643
0.154571
0.104545
0.047151000000000005
0.0
0.0
0.0
0.0
0.0
0.0
0.0
0.0
0.0
0.0
0.0
0.0
0.0
0.0
0.0
0.176089
0.10886499999999999
0.610482
0.21397300000000002
0.229692
0.216248
0.17747300000000002
0.120598
0.055055
0.0
0.0
0.0
0.0
0.0
0.0
0.0
0.0
0.0
0.0
0.0
0.0
0.0
0.0
0.0
0.13056299999999998
0.107362
0.168553
0.211304
0.22623400000000002
0.728533
0.170917
0.43861
0.053274
0.0
0.0
0.0
0.0
0.0
0.0
0.0
0.0
0.0
0.0
0.0
0.0
0.0
0.0
0.0
0.188802
0.105913
0.16625299999999998
0.20822100000000002
0.22215100000000002
0.20690899999999998
0.63825
0.114443
0.051773000000000007
0.0
0.0
0.0
0.0
0.0
0.0
