0.0
0.0
0.0
0.0
0.0
0.0
0.0
0.0
0.037266
0.19249100000000002
0.34144
0.425286
0.371774
0.289656
0.158576
0.074102
0.014422
0.0
0.0
0.0
0.0
0.0
0.0
0.0
0.0
0.0
0.0
0.0
0.0
0.0
0.0
0.0
0.00368
0.027205
0.050039
0.065718
0.07207599999999999
0.067949
0.053613
0.03175
0.0074459999999999995
0.0
0.0
0.0
0.0
0.0
0.0
0.0
0.0
0.0
0.0
0.0
0.0
0.0
0.0
0.0
0.016516
0.09912399999999999
0.217485
0.307882
0.478651
0.5311
0.452573
0.305047
0.08798099999999999
0.0
0.0
0.0
0.0
0.0
0.0
0.0
0.0
0.0
0.0
0.0
0.0
0.0
0.0
0.0
0.053628999999999996
0.27317
0.442774
0.581022
0.625127
0.590017
0.446581
0.258596
0.052649
0.0
0.0
0.0
0.0
0.0
0.0
0.0
0.0
0.0
0.0
0.0
0.0
0.0
0.0
0.0
0.004569
0.047347
0.117319
0.19608699999999998
0.423931
0.523745
0.456775
0.30930399999999997
0.093943
0.0
0.0
0.0
0.0
0.0
0.0
0.0
0.0
0.0
0.0
0.0
0.0
0.0
0.0
0.0
0.016776
0.09966599999999999
0.21976099999999998
0.307373
0.414571
0.452325
0.399865
0.295971
0.092319
0.0
0.0
0.0
0.0
0.0
0.0
0.0
0.0
0.0
0.0
0.0
0.0
0.0
0.0
0.0
0.0167
0.08189400000000001
0.155279
0.187455
0.163653
0.113801
0.055303
0.034157
0.009758
0.0
0.0
0.0
0.0
0.0
0.0
0.0
0.0
0.0
0.0
0.0
0.0
0.0
0.0
0.0
0.052046999999999996
0.25894799999999996
0.42886399999999997
0.5623360000000001
0.61123
0.573
0.413109
0.249689
0.06689400000000001
0.0
0.0
0.0
0.0
0.0
0.0
0.0
0.0
0.0
0.0
0.0
0.0
0.0
0.0
0.0
0.016535
0.115508
0.277483
0.41840499999999997
0.45604199999999995
0.439828
0.358226
0.21628899999999998
0.059942999999999996
0.0
0.0
0.0
0.0
0.0
0.0
0.0
0.0
0.0
0.0
0.0
0.0
0.0
0.0
0.0
0.055311
0.279948
0.463951
0.601669
0.649135
0.624788
0.518562
0.336205
0.110274
0.00019
0.0
0.0
0.0
0.0
0.0
0.0
0.0
0.0
0.0
0.0
0.0
0.0
0.0
0.0
0.055119
0.274884
0.44595999999999997
0.587823
0.625284
0.476548
0.16961299999999999
0.085134
0.020238
0.0
0.0
0.0
0.0
0.0
0.0
0.0
0.0
0.0
0.0
0.0
0.0
0.0
0.0
0.0
0.004633
0.029674
0.054073
0.072253
0.079863
0.07584300000000001
0.061832
0.039134
0.012086
0.0
0.0
0.0
0.0
0.0
0.0
0.0
0.0
0.0
0.0
0.0
0.0
0.0
0.0
0.0
0.038812
0.238264
0.418143
0.56302
0.554222
0.474541
0.305024
0.189957
0.063635
0.0
0.0
0.0
0.0
0.0
0.0
0.0
0.0
0.0
0.0
0.0
0.0
0.0
0.0
0.0
0.050087000000000007
0.199893
0.258043
0.217576
0.413049
0.499668
0.462683
0.27286900000000003
0.055374
0.0
0.0
0.0
0.0
0.0
0.0
0.0
0.0
0.0
0.0
0.0
0.0
0.0
0.0
0.0
0.038967
0.23925
0.424651
0.555658
0.600293
0.523419
0.411433
0.317707
0.12104300000000001
0.00095
0.0
0.0
0.0
0.0
0.0
0.0
0.0
0.0
0.0
0.0
0.0
0.0
0.0
0.0
0.004477999999999999
0.029598
0.053019
0.06925400000000001
0.07738500000000001
0.074303
0.059985
0.038831000000000004
0.012858000000000001
0.0
0.0
0.0
0.0
0.0
0.0
0.0
0.0
0.0
0.0
0.0
0.0
0.0
0.0
0.0
0.019017
0.13363399999999998
0.298962
0.452215
0.515895
0.517623
0.45005
0.28736700000000004
0.090387
0.000147
0.0
0.0
0.0
0.0
0.0
0.0
0.0
0.0
0.0
0.0
0.0
0.0
0.0
0.0
0.019965
0.070702
0.09100499999999999
0.073113
0.081303
0.078141
0.063473
0.04118
0.014776
0.0
0.0
0.0
0.0
0.0
0.0
0.0
0.0
0.0
0.0
0.0
0.0
0.0
0.0
0.0
0.065172
0.291967
0.482153
0.6241599999999999
0.677436
0.6553709999999999
0.5577759999999999
0.368333
0.15019200000000002
0.002581
0.0
0.0
0.0
0.0
0.0
0.0
0.0
0.0
0.0
0.0
0.0
0.0
0.0
0.0
0.065077
0.283142
0.461278
0.592591
0.653432
0.639857
0.5480839999999999
0.363541
0.151911
0.0025099999999999996
0.0
0.0
0.0
0.0
0.0
0.0
0.0
0.0
0.0
0.0
0.0
0.0
0.0
0.0
0.006373
0.032359
0.057974
0.075492
0.135742
0.17904
0.183877
0.226243
0.123473
0.003009
0.0
0.0
0.0
0.0
0.0
0.0
0.0
0.0
0.0
0.0
0.0
0.0
0.0
0.0
0.021919
0.11331100000000001
0.238733
0.33343
0.32708800000000005
0.274471
0.181115
0.158262
0.069021
0.001188
0.0
0.0
0.0
0.0
0.0
0.0
0.0
0.0
0.0
0.0
0.0
0.0
0.0
0.0
0.005971
0.032084
0.056635
0.075084
0.083282
0.080175
0.066509
0.044186
0.017074000000000002
0.0
0.0
0.0
0.0
0.0
0.0
0.0
0.0
0.0
0.0
0.0
0.0
0.0
0.0
0.0
0.03742
0.181279
0.344645
0.47384
0.48765
0.408676
0.316713
0.23277099999999998
0.09338500000000001
0.0025470000000000002
0.0
0.0
0.0
0.0
0.0
0.0
0.0
0.0
0.0
0.0
0.0
0.0
0.0
0.0
0.07152700000000001
0.27894
0.45568000000000003
0.5495270000000001
0.654594
0.676476
0.585572
0.39531099999999997
0.176416
0.006618000000000001
0.0
0.0
0.0
0.0
0.0
0.0
0.0
0.0
0.0
0.0
0.0
0.0
0.0
0.0
0.039375999999999994
0.206893
0.39284199999999997
0.5405209999999999
0.54067
0.470632
0.330013
0.19851400000000002
0.06918
0.001089
0.0
0.0
0.0
0.0
0.0
0.0
0.0
0.0
0.0
0.0
0.0
0.0
0.0
0.0
0.06511199999999999
0.260257
0.417193
0.5155599999999999
0.611738
0.627848
0.549967
0.37669600000000003
0.178614
0.007583
0.0
0.0
0.0
0.0
0.0
0.0
0.0
0.0
0.0
0.0
0.0
0.0
0.0
0.0
0.080091
0.29239
0.47689
0.595237
0.648717
0.635854
0.551551
0.38428500000000004
0.180384
0.008595
0.0
0.0
0.0
0.0
0.0
0.0
0.0
0.0
0.0
0.0
0.0
0.0
0.0
0.0
0.080339
0.27459100000000003
0.382396
0.354601
0.335698
0.288825
0.19218000000000002
0.19905899999999999
0.110857
0.006641
0.0
0.0
0.0
0.0
0.0
0.0
0.0
0.0
0.0
0.0
0.0
0.0
0.0
0.0
0.07994499999999999
0.31218799999999997
0.506623
0.645865
0.7103039999999999
0.696438
0.601706
0.41724900000000004
0.19721
0.010889
0.0
0.0
0.0
0.0
0.0
0.0
0.0
0.0
0.0
0.0
0.0
0.0
0.0
0.0
0.088527
0.320101
0.521097
0.6650929999999999
0.721561
0.704185
0.606446
0.423348
0.204017
0.011874000000000001
0.0
0.0
0.0
0.0
0.0
0.0
0.0
0.0
0.0
0.0
0.0
0.0
0.0
0.0
0.069706
0.284742
0.474383
0.624719
0.684961
0.669756
0.568982
0.379113
0.166149
0.010281
0.0
0.0
0.0
0.0
0.0
0.0
0.0
0.0
0.0
0.0
0.0
0.0
0.0
0.0
0.071629
0.28513900000000003
0.480709
0.6289
0.684808
0.663468
0.5649890000000001
0.38293900000000003
0.171695
0.011044
0.0
0.0
0.0
0.0
0.0
0.0
0.0
0.0
0.0
0.0
0.0
0.0
0.0
0.0
0.070687
0.236127
0.298217
0.23217500000000002
0.34380099999999997
0.403411
0.41930599999999996
0.33527100000000004
0.163416
0.012007
0.0
0.0
0.0
0.0
0.0
0.0
0.0
0.0
0.0
0.0
0.0
0.0
0.0
0.0
0.074249
0.277568
0.457464
0.589615
0.6504500000000001
0.632937
0.544738
0.373493
0.172123
0.013500999999999999
0.0
0.0
0.0
0.0
0.0
0.0
0.0
0.0
0.0
0.0
0.0
0.0
0.0
0.0
0.081173
0.28183199999999997
0.460139
0.590331
0.6613819999999999
0.646494
0.55564
0.391218
0.175274
0.014103999999999998
0.0
0.0
0.0
0.0
0.0
0.0
0.0
0.0
0.0
0.0
0.0
0.0
0.0
0.0
0.08304600000000001
0.286371
0.469362
0.592365
0.650036
0.635888
0.548297
0.389129
0.177318
0.015627000000000002
0.0
0.0
0.0
0.0
0.0
0.0
0.0
0.0
0.0
0.0
0.0
0.0
0.0
0.0
0.047839
0.19437200000000002
0.356065
0.492313
0.6184919999999999
0.662659
0.597602
0.408932
0.20287799999999998
0.01875
0.0
0.0
0.0
0.0
0.0
0.0
0.0
0.0
0.0
0.0
0.0
0.0
0.0
0.0
0.091271
0.305599
0.49562
0.625812
0.693468
0.6010549999999999
0.361154
0.22219999999999998
0.08718600000000001
0.007307
0.0
0.0
0.0
0.0
0.0
0.0
0.0
0.0
0.0
0.0
0.0
0.0
0.0
0.0
0.10297100000000001
0.310642
0.50168
0.635634
0.692461
0.6459779999999999
0.512418
0.388316
0.20424199999999998
0.022134
0.0
0.0
0.0
0.0
0.0
0.0
0.0
0.0
0.0
0.0
0.0
0.0
0.0
0.0
0.034811
0.280171
0.47989800000000005
0.6019439999999999
0.6917409999999999
0.6843239999999999
0.595803
0.41801299999999997
0.211137
0.023507999999999998
0.0
0.0
0.0
0.0
0.0
0.0
0.0
0.0
0.0
0.0
0.0
0.0
0.0
0.0
0.011738
0.040436
0.067226
0.08614100000000001
0.20904
0.310659
0.352812
0.37454000000000004
0.21452000000000002
0.026215
0.0
0.0
0.0
0.0
0.0
0.0
0.0
0.0
0.0
0.0
0.0
0.0
0.0
0.0
0.11209000000000001
0.31744
0.512342
0.641721
0.707647
0.694535
0.598483
0.42592399999999997
0.21736699999999998
0.02711
0.0
0.0
0.0
0.0
0.0
0.0
0.0
0.0
0.0
0.0
0.0
0.0
0.0
0.00017
0.11410200000000001
0.31006
0.43627
0.36870800000000004
0.408474
0.399279
0.344716
0.195576
0.061957
0.002118
0.0
0.0
0.0
0.0
0.0
0.0
0.0
0.0
0.0
0.0
0.0
0.0
0.0
0.00017
0.11996899999999999
0.326548
0.514575
0.628283
0.683644
0.6767519999999999
0.587981
0.432234
0.226275
0.033443
0.0
0.0
0.0
0.0
0.0
0.0
0.0
0.0
0.0
0.0
0.0
0.0
0.0
0.0
0.013552
0.043976999999999995
0.071437
0.089896
0.098677
0.095607
0.080901
0.057536000000000004
0.028995999999999997
0.002817
0.0
0.0
0.0
0.0
0.0
0.0
0.0
0.0
0.0
0.0
0.0
0.0
0.0
0.0
0.013545999999999999
0.042254
0.068491
0.087875
0.096414
0.093195
0.079903
0.057388
0.028914000000000002
0.002822
0.0
0.0
0.0
0.0
0.0
0.0
0.0
0.0
0.0
0.0
0.0
0.0
0.0
0.0
0.042906
0.155561
0.285055
0.40105399999999997
0.558095
0.630958
0.596223
0.373635
0.12453600000000001
0.0037029999999999997
0.0
0.0
0.0
0.0
0.0
0.0
0.0
0.0
0.0
0.0
0.0
0.0
0.0
0.0
0.08064
0.202942
0.310272
0.38471
0.420643
0.412238
0.359516
0.237767
0.105047
0.016267
0.0
0.0
0.0
0.0
0.0
0.0
0.0
0.0
0.0
0.0
0.0
0.0
0.0
0.001553
0.132174
0.340706
0.5268229999999999
0.634134
0.7037709999999999
0.699596
0.616539
0.45370499999999997
0.246108
0.044813000000000006
0.0
0.0
0.0
0.0
0.0
0.0
0.0
0.0
0.0
0.0
0.0
0.0
0.0
0.002036
0.125775
0.288792
0.380211
0.384502
0.33804399999999996
0.215969
0.08497400000000001
0.061603000000000005
0.032222
0.004373
0.0
0.0
0.0
0.0
0.0
0.0
0.0
0.0
0.0
0.0
0.0
0.0
0.0
0.0
0.016617999999999997
0.046429000000000005
0.074218
0.094527
0.103207
0.100744
0.087089
0.288521
0.231231
0.049936
0.0
0.0
0.0
0.0
0.0
0.0
0.0
0.0
0.0
0.0
0.0
0.0
0.0
0.0
0.052829999999999995
0.13792
0.22697
0.26773399999999997
0.29204399999999997
0.285796
0.24806999999999998
0.357976
0.24886699999999998
0.054060000000000004
0.0
0.0
0.0
0.0
0.0
0.0
0.0
0.0
0.0
0.0
0.0
0.0
0.0
0.0
0.056463
0.11379500000000001
0.12946000000000002
0.100417
0.17671
0.231983
0.251203
0.266228
0.187531
0.044017
0.0
0.0
0.0
0.0
0.0
0.0
0.0
0.0
0.0
0.0
0.0
0.0
0.0
0.0045449999999999996
0.170156
0.378481
0.53373
0.556313
0.654293
0.7022010000000001
0.653987
0.47775599999999996
0.273608
0.060749000000000004
0.0
0.0
0.0
0.0
0.0
0.0
0.0
0.0
0.0
0.0
0.0
0.0
0.0
0.006555
0.163289
0.364965
0.5265299999999999
0.621543
0.620593
0.546126
0.391656
0.43772500000000003
0.27343599999999996
0.06515800000000001
0.0
0.0
0.0
0.0
0.0
0.0
0.0
0.0
0.0
0.0
0.0
0.0
0.0
0.006612
0.152953
0.300514
0.345037
0.271473
0.568265
0.679307
0.642088
0.505539
0.279625
0.067496
0.0
0.0
0.0
0.0
0.0
0.0
0.0
0.0
0.0
0.0
0.0
0.0
0.0
0.0
0.022231
0.054098999999999994
0.08254600000000001
0.10200100000000001
0.11075
0.108362
0.094043
0.069297
0.038465000000000006
0.007601
0.0
0.0
0.0
0.0
0.0
0.0
0.0
0.0
0.0
0.0
0.0
0.0
0.0
0.007093
0.120101
0.269322
0.43207100000000004
0.565269
0.61727
0.603129
0.530196
0.43642899999999996
0.271787
0.068358
0.0
0.0
0.0
0.0
0.0
0.0
0.0
0.0
0.0
0.0
0.0
0.0
0.0
0.011786
0.19233699999999998
0.427047
0.599502
0.719692
0.721617
0.563082
0.27518200000000004
0.283947
0.20227699999999998
0.066494
0.0
0.0
0.0
0.0
0.0
0.0
0.0
0.0
0.0
0.0
0.0
0.0
0.0
0.013257
0.19578299999999998
0.41802100000000003
0.566455
0.552176
0.713553
0.7355
0.668697
0.529379
0.295065
0.068152
0.0
0.0
0.0
0.0
0.0
0.0
0.0
0.0
0.0
0.0
0.0
0.0
0.0
0.00922
0.124967
0.384781
0.611577
0.728582
0.766401
0.625499
0.279489
0.416019
0.314409
0.092776
0.0
0.0
0.0
0.0
0.0
0.0
0.0
0.0
0.0
0.0
0.0
0.0
0.0
0.011012000000000001
0.08072
0.24116100000000001
0.42762599999999995
0.5908150000000001
0.634929
0.617437
0.545124
0.48525599999999997
0.31261
0.09522
0.0
0.0
0.0
0.0
0.0
0.0
0.0
0.0
0.0
0.0
0.0
0.0
0.0
0.020409
0.220751
0.43788499999999997
0.6089829999999999
0.7087899999999999
0.757597
0.743592
0.670443
0.5379790000000001
0.325118
0.096437
0.0
0.0
0.0
0.0
0.0
0.0
0.0
0.0
0.0
0.0
0.0
0.0
0.0
0.022229
0.17087100000000002
0.418314
0.611523
0.7325309999999999
0.779989
0.7586130000000001
0.658953
0.541027
0.32840199999999997
0.101214
0.0
0.0
0.0
0.0
0.0
0.0
0.0
0.0
0.0
0.0
0.0
0.0
0.0
0.025635
0.223394
0.440947
0.6172709999999999
0.72561
0.757738
0.732524
0.650019
0.521351
0.319278
0.10165600000000001
0.0
0.0
0.0
0.0
0.0
0.0
0.0
0.0
0.0
0.0
0.0
0.0
0.0
0.029381
0.23271799999999998
0.440938
0.587674
0.559601
0.7044729999999999
0.7175199999999999
0.6469539999999999
0.506945
0.23838900000000002
0.012853
0.0
0.0
0.0
0.0
0.0
0.0
0.0
0.0
0.0
0.0
0.0
0.0
0.0
0.009032
0.031123
0.064229
0.091222
0.109659
0.11787099999999999
0.11530800000000001
0.100907
0.077515
0.046313
0.013488
0.0
0.0
0.0
0.0
0.0
0.0
0.0
0.0
0.0
0.0
0.0
0.0
0.0
0.03498
0.245703
0.469795
0.590399
0.497773
0.5585330000000001
0.596309
0.5614389999999999
0.503188
0.329428
0.113378
4.4999999999999996e-05
0.0
0.0
0.0
0.0
0.0
0.0
0.0
0.0
0.0
0.0
0.0
0.0
0.014665
0.09465000000000001
0.224322
0.34951
0.454944
0.498321
0.483057
0.42944099999999996
0.297124
0.163193
0.045073999999999996
0.0
0.0
0.0
0.0
0.0
0.0
0.0
0.0
0.0
0.0
0.0
0.0
0.0
0.012567
0.09753700000000001
0.185
0.267515
0.317406
0.602124
0.724489
0.694717
0.52434
0.29144600000000004
0.07400799999999999
0.0
0.0
0.0
0.0
0.0
0.0
0.0
0.0
0.0
0.0
0.0
0.0
0.0
0.043793
0.252857
0.461882
0.616187
0.712554
0.755444
0.747069
0.677905
0.548975
0.351498
0.120334
0.000941
0.0
0.0
0.0
0.0
0.0
0.0
0.0
0.0
0.0
0.0
0.0
0.0
0.037045
0.036924
0.07012600000000001
0.096388
0.113565
0.259358
0.393397
0.422194
0.33254500000000004
0.21857
0.07523300000000001
0.000377
0.0
0.0
0.0
0.0
0.0
0.0
0.0
0.0
0.0
0.0
0.0
0.0
0.032186
0.16546100000000002
0.329032
0.47953500000000004
0.595208
0.527138
0.329921
0.10508799999999999
0.08062000000000001
0.050034
0.016998000000000003
0.0
0.0
0.0
0.0
0.0
0.0
0.0
0.0
0.0
0.0
0.0
0.0
0.0
0.006395
0.037318
0.06997199999999999
0.097399
0.11563
0.123324
0.119977
0.105795
0.081947
0.050986
0.017442
0.0
0.0
0.0
0.0
0.0
0.0
0.0
0.0
0.0
0.0
0.0
0.0
0.0
0.007667
0.040748
0.075241
0.104025
0.123949
0.20996299999999998
0.275805
0.30037400000000003
0.190186
0.088595
0.018856
0.0
0.0
0.0
0.0
0.0
0.0
0.0
0.0
0.0
0.0
0.0
0.0
0.0
0.06465
0.282747
0.497705
0.650308
0.71217
0.6808099999999999
0.599797
0.442757
0.317967
0.179935
0.054765999999999995
0.00146
0.0
0.0
0.0
0.0
0.0
0.0
0.0
0.0
0.0
0.0
0.0
0.0
0.06711199999999999
0.28224400000000005
0.49681400000000003
0.656344
0.756887
0.807462
0.796875
0.722031
0.5819489999999999
0.37953899999999996
0.136505
0.002786
0.0
0.0
0.0
0.0
0.0
0.0
0.0
0.0
0.0
0.0
0.0
0.0
0.069753
0.28580500000000003
0.506417
0.67647
0.778531
0.817944
0.7958
0.711484
0.572373
0.370947
0.135427
0.0026669999999999997
0.0
0.0
0.0
0.0
0.0
0.0
0.0
0.0
0.0
0.0
0.0
0.0
0.041319
0.114471
0.284217
0.46456000000000003
0.624211
0.707114
0.734385
0.678741
0.5532229999999999
0.36363
0.13458
0.002559
0.0
0.0
0.0
0.0
0.0
0.0
0.0
0.0
0.0
0.0
0.0
0.0
0.031216
0.11562399999999999
0.245028
0.372262
0.49124599999999996
0.469372
0.39461799999999997
0.285077
0.274841
0.201766
0.087312
0.0
0.0
0.0
0.0
0.0
0.0
0.0
0.0
0.0
0.0
0.0
0.0
0.0
0.045679000000000004
0.117445
0.199447
0.274787
0.304166
0.323711
0.315023
0.293117
0.17882599999999998
0.084742
0.019524999999999997
0.0
0.0
0.0
0.0
0.0
0.0
0.0
0.0
0.0
0.0
0.0
0.0
0.0
0.035421999999999995
0.044052999999999995
0.076048
0.102714
0.119369
0.12700799999999998
0.123167
0.108549
0.085244
0.05482
0.02103
0.0
0.0
0.0
0.0
0.0
0.0
0.0
0.0
0.0
0.0
0.0
0.0
0.0
0.012895
0.046852
0.080425
0.10678499999999999
0.124467
0.132259
0.127527
0.11350400000000001
0.142152
0.124705
0.063513
0.0007239999999999999
0.0
0.0
0.0
0.0
0.0
0.0
0.0
0.0
0.0
0.0
0.0
0.0
0.077363
0.206331
0.47624099999999997
0.67473
0.769828
0.818443
0.8069
0.73163
0.587017
0.387226
0.148813
0.00604
0.0
0.0
0.0
0.0
0.0
0.0
0.0
0.0
0.0
0.0
0.0
0.0
0.096167
0.321815
0.533849
0.686654
0.771951
0.73505
0.579298
0.308973
0.434985
0.354875
0.14937999999999999
0.007108
0.0
0.0
0.0
0.0
0.0
0.0
0.0
0.0
0.0
0.0
0.0
0.000124
0.101181
0.32843
0.528188
0.62683
0.523644
0.487846
0.411964
0.299682
0.239847
0.16355799999999998
0.06618600000000001
0.000406
0.0
0.0
0.0
0.0
0.0
0.0
0.0
0.0
0.0
0.0
0.0
0.0
0.036801
0.13622599999999999
0.21886699999999998
0.28463299999999997
0.32426900000000003
0.338977
0.326745
0.290274
0.3168
0.251841
0.121169
0.0048259999999999996
0.0
0.0
0.0
0.0
0.0
0.0
0.0
0.0
0.0
0.0
0.0
0.0
0.016356000000000002
0.050184
0.081712
0.10766500000000001
0.123541
0.130393
0.126659
0.11162000000000001
0.387495
0.342614
0.15153999999999998
0.00895
0.0
0.0
0.0
0.0
0.0
0.0
0.0
0.0
0.0
0.0
0.0
0.0
0.017748999999999997
0.052619
0.08581799999999999
0.111441
0.127462
0.134623
0.13081399999999999
0.115589
0.196793
0.19504400000000002
0.105146
0.007940000000000001
0.0
0.0
0.0
0.0
0.0
0.0
0.0
0.0
0.0
0.0
0.0
0.002032
0.116934
0.3389
0.533689
0.673771
0.713039
0.681061
0.602545
0.44945
0.328598
0.19573
0.070779
0.008601000000000001
0.0
0.0
0.0
0.0
0.0
0.0
0.0
0.0
0.0
0.0
0.0
0.002477
0.119877
0.33311
0.501888
0.562453
0.51763
0.479618
0.40330900000000003
0.293596
0.235935
0.158605
0.069571
0.0018189999999999999
0.0
0.0
0.0
0.0
0.0
0.0
0.0
0.0
0.0
0.0
0.0
0.0
0.044414999999999996
0.053472
0.085353
0.110246
0.127488
0.13426
0.130138
0.115173
0.091475
0.060687
0.025829
0.0
0.0
0.0
0.0
0.0
0.0
0.0
0.0
0.0
0.0
0.0
0.0
0.000412
0.090896
0.278203
0.516835
0.690275
0.786524
0.823992
0.803217
0.723942
0.581511
0.35444400000000004
0.109067
0.009666000000000001
0.0
0.0
0.0
0.0
0.0
0.0
0.0
0.0
0.0
0.0
0.0
0.003798
0.12849700000000003
0.352136
0.55249
0.699191
0.78784
0.797289
0.667197
0.307849
0.492984
0.389723
0.166416
0.012941000000000001
0.0
0.0
0.0
0.0
0.0
0.0
0.0
0.0
0.0
0.0
0.0
0.004279
0.132542
0.358107
0.5603490000000001
0.712744
0.808209
0.833333
0.83202
0.746925
0.6093289999999999
0.414341
0.171708
0.014141
0.0
0.0
0.0
0.0
0.0
0.0
0.0
0.0
0.0
0.0
0.0
0.005678
0.13987
0.364877
0.5581309999999999
0.703662
0.775378
0.7368210000000001
0.586737
0.31778500000000004
0.248142
0.17167500000000002
0.076541
0.012029
0.0
0.0
0.0
0.0
0.0
0.0
0.0
0.0
0.0
0.0
0.0
0.004328
0.078016
0.058829
0.090917
0.11658400000000001
0.132843
0.138738
0.132926
0.11733199999999999
0.093376
0.062380000000000005
0.027969
0.0
0.0
0.0
0.0
0.0
0.0
0.0
0.0
0.0
0.0
0.0
0.0
0.0
0.023212
0.057511
0.088282
0.112773
0.129084
0.133989
0.12900899999999998
0.11429900000000001
0.09060800000000001
0.060094
0.027081
0.0
0.0
0.0
0.0
0.0
0.0
0.0
0.0
0.0
0.0
0.0
0.0
0.000714
0.07925
0.239748
0.36547500000000005
0.455394
0.515
0.53607
0.516729
0.459091
0.33342700000000003
0.20115
0.07911199999999999
0.004152
0.0
0.0
0.0
0.0
0.0
0.0
0.0
0.0
0.0
0.0
0.0
0.001494
0.08530800000000001
0.251121
0.527806
0.723817
0.8255629999999999
0.833333
0.833333
0.760426
0.620477
0.42510000000000003
0.181491
0.018231
0.0
0.0
0.0
0.0
0.0
0.0
0.0
0.0
0.0
0.0
0.0
0.010648
0.151085
0.307423
0.50432
0.676573
0.786794
0.8311040000000001
0.80787
0.7290570000000001
0.59489
0.408414
0.176064
0.018824
0.0
0.0
0.0
0.0
0.0
0.0
0.0
0.0
0.0
0.0
0.0
0.012107
0.139019
0.245476
0.372033
0.469568
0.542566
0.594736
0.616425
0.5779930000000001
0.5304260000000001
0.391024
0.172799
0.019049
0.0
0.0
0.0
0.0
0.0
0.0
0.0
0.0
0.0
0.0
0.0
0.012563000000000001
0.12587900000000002
0.168039
0.295711
0.428102
0.535091
0.44910700000000003
0.286253
0.11890099999999999
0.094829
0.064553
0.029928999999999997
0.001095
0.0
0.0
0.0
0.0
0.0
0.0
0.0
0.0
0.0
0.0
0.0
0.0014219999999999999
0.062490000000000004
0.169379
0.413158
0.638247
0.7875610000000001
0.833333
0.819589
0.7399640000000001
0.604687
0.41701
0.183047
0.021804999999999998
0.0
0.0
0.0
0.0
0.0
0.0
0.0
0.0
0.0
0.0
0.0
0.016379
0.169143
0.401986
0.589919
0.722189
0.795415
0.8248730000000001
0.801946
0.721793
0.5904940000000001
0.408138
0.177618
0.020319
0.0
0.0
0.0
0.0
0.0
0.0
0.0
0.0
0.0
0.0
0.0
0.018186
0.16914099999999999
0.388635
0.526639
0.47878899999999996
0.135526
0.140404
0.134564
0.119149
0.095486
0.06502899999999999
0.031169
0.001802
0.0
0.0
0.0
0.0
0.0
0.0
0.0
0.0
0.0
0.0
0.0
0.014012
0.14202299999999998
0.350016
0.5487390000000001
0.69404
0.775019
0.798034
0.751768
0.629405
0.485845
0.303234
0.123985
0.023321
0.0
0.0
0.0
0.0
0.0
0.0
0.0
0.0
0.0
0.0
0.0
0.020216
0.163913
0.31544
0.510957
0.669393
0.762042
0.7776069999999999
0.7334210000000001
0.6325729999999999
0.45778800000000003
0.25823599999999997
0.085339
0.022538
0.0
0.0
0.0
0.0
0.0
0.0
0.0
0.0
0.0
0.0
0.0
0.005241
0.069155
0.174113
0.447069
0.674984
0.7999930000000001
0.8274779999999999
0.799403
0.719543
0.589485
0.405939
0.18140199999999998
0.025960999999999998
0.0
0.0
0.0
0.0
0.0
0.0
0.0
0.0
0.0
0.0
0.0
0.023626
0.130119
0.06826600000000001
0.211062
0.389418
0.542412
0.6555789999999999
0.6682530000000001
0.6480009999999999
0.44732799999999995
0.211091
0.033100000000000004
0.003169
0.0
0.0
0.0
0.0
0.0
0.0
0.0
0.0
0.0
0.0
0.0
0.018167000000000003
0.15884399999999999
0.382001
0.564592
0.6948200000000001
0.7672559999999999
0.798988
0.7743089999999999
0.699345
0.578348
0.402421
0.182953
0.023948
0.0
0.0
0.0
0.0
0.0
0.0
0.0
0.0
0.0
0.0
0.0
0.027413
0.171163
0.270502
0.5305610000000001
0.700391
0.779533
0.8051820000000001
0.773931
0.6959930000000001
0.5741620000000001
0.401834
0.183377
0.024456
0.0
0.0
0.0
0.0
0.0
0.0
0.0
0.0
0.0
0.0
0.0
0.027624
0.18368600000000002
0.396463
0.572229
0.701284
0.7759299999999999
0.793062
0.7611910000000001
0.672282
0.5415019999999999
0.37044
0.166896
0.025648
0.0
0.0
0.0
0.0
0.0
0.0
0.0
0.0
0.0
0.0
0.0
0.003813
0.032929
0.065697
0.095009
0.11751099999999999
0.131412
0.136624
0.13201
0.117812
0.09513500000000001
0.06581699999999999
0.032583
0.003778
0.0
0.0
0.0
0.0
0.0
0.0
0.0
0.0
0.0
0.0
0.0
0.003796
0.033500999999999996
0.066191
0.095023
0.118637
0.132844
0.13728100000000001
0.13270099999999999
0.118339
0.095527
0.066031
0.033469
0.012863
0.0
0.0
0.0
0.0
0.0
0.0
0.0
0.0
0.0
0.0
0.0
0.004817
0.035606
0.07024899999999999
0.159515
0.261752
0.35581599999999997
0.36649200000000004
0.352794
0.315142
0.265863
0.186478
0.09645699999999999
0.014891
0.0
0.0
0.0
0.0
0.0
0.0
0.0
0.0
0.0
0.0
0.0
0.010686
0.07997499999999999
0.186864
0.422387
0.6294690000000001
0.7591829999999999
0.800526
0.780912
0.705422
0.5820510000000001
0.41045800000000005
0.192299
0.030264
0.0
0.0
0.0
0.0
0.0
0.0
0.0
0.0
0.0
0.0
0.0
0.026036
0.130382
0.2747
0.5251939999999999
0.692378
0.77501
0.800741
0.7749020000000001
0.6980729999999999
0.5749299999999999
0.402083
0.184315
0.030521
0.0
0.0
0.0
0.0
0.0
0.0
0.0
0.0
0.0
0.0
0.0
0.006235999999999999
0.03734899999999999
0.070878
0.099278
0.120817
0.13499
0.29180900000000004
0.414549
0.470775
0.30330399999999996
0.14710800000000002
0.03631
0.005926
0.0
0.0
0.0
0.0
0.0
0.0
0.0
0.0
0.0
0.0
0.0
0.012695999999999999
0.081789
0.187365
0.308698
0.43104899999999996
0.529534
0.495132
0.414964
0.306028
0.301444
0.244172
0.138496
0.035885
0.0
0.0
0.0
0.0
0.0
0.0
0.0
0.0
0.0
0.0
0.0
0.0070739999999999996
0.038518000000000004
0.072425
0.10166599999999999
0.12494499999999999
0.139623
0.14413
0.139452
0.12409999999999999
0.101024
0.071019
0.037653
0.006291000000000001
0.0
0.0
0.0
0.0
0.0
0.0
0.0
0.0
0.0
0.0
0.0
0.039426
0.20901599999999998
0.430805
0.606163
0.728688
0.801423
0.828037
0.803937
0.723296
0.57733
0.362007
0.146981
0.040843000000000004
0.0
0.0
0.0
0.0
0.0
0.0
0.0
0.0
0.0
0.0
0.0
0.040955
0.198857
0.35553199999999996
0.575834
0.7292730000000001
0.814202
0.833333
0.805633
0.709022
0.594407
0.42324700000000004
0.202517
0.036976999999999996
0.0
0.0
0.0
0.0
0.0
0.0
0.0
0.0
0.0
0.0
0.0
0.00863
0.04094
0.07485599999999999
0.220243
0.397292
0.554122
0.572907
0.5510900000000001
0.47957
0.357241
0.222875
0.10262399999999999
0.020062999999999998
0.0
0.0
0.0
0.0
0.0
0.0
0.0
0.0
0.0
0.0
0.0
0.043146000000000004
0.212955
0.424279
0.58838
0.700639
0.757438
0.7712319999999999
0.738649
0.649255
0.48040499999999997
0.27788
0.10270900000000001
0.030838
0.0
0.0
0.0
0.0
0.0
0.0
0.0
0.0
0.0
0.0
0.0
0.042785
0.213656
0.421573
0.587666
0.7044819999999999
0.77399
0.803766
0.781768
0.70766
0.584222
0.416
0.202058
0.035724
0.0
0.0
0.0
0.0
0.0
0.0
0.0
0.0
0.0
0.0
0.0
0.04387
0.215391
0.426282
0.590234
0.706016
0.77451
0.795635
0.767955
0.690219
0.568965
0.397492
0.18487399999999998
0.037183999999999995
0.0
0.0
0.0
0.0
0.0
0.0
0.0
0.0
0.0
0.0
0.0
0.043406
0.214363
0.422005
0.5883999999999999
0.711364
0.788588
0.808539
0.777215
0.693196
0.543045
0.318885
0.10356
0.022344000000000003
0.0
0.0
0.0
0.0
0.0
0.0
0.0
0.0
0.0
0.0
0.0
0.01056
0.041378
0.07360599999999999
0.101434
0.123274
0.13731100000000002
0.142029
0.136786
0.122678
0.099872
0.07123900000000001
0.039494
0.008944
0.0
0.0
0.0
0.0
0.0
0.0
0.0
0.0
0.0
0.0
0.0
0.010593
0.042383000000000004
0.074224
0.102024
0.123881
0.13790100000000002
0.14246199999999998
0.136236
0.121901
0.264855
0.275372
0.171679
0.038439999999999995
0.0
0.0
0.0
0.0
0.0
0.0
0.0
0.0
0.0
0.0
0.0
0.029259
0.104799
0.192751
0.336272
0.479206
0.585858
0.656837
0.668036
0.629571
0.465352
0.27143599999999996
0.102852
0.023611
0.0
0.0
0.0
0.0
0.0
0.0
0.0
0.0
0.0
0.0
0.0
0.011302
0.043125
0.075174
0.1035
0.12677
0.14071
0.5160410000000001
0.671311
0.683122
0.535665
0.340652
0.150475
0.04109
0.0
0.0
0.0
0.0
0.0
0.0
0.0
0.0
0.0
0.0
0.0
0.021189
0.094812
0.19783099999999998
0.315062
0.429149
0.514005
0.545122
0.530098
0.471771
0.353327
0.225257
0.108987
0.039390999999999995
0.0
0.0
0.0
0.0
0.0
0.0
0.0
0.0
0.0
0.0
0.0
0.047369999999999995
0.22355799999999998
0.42780900000000005
0.586407
0.700707
0.764783
0.791042
0.766278
0.6914020000000001
0.5764790000000001
0.414281
0.206491
0.041284
0.0
0.0
0.0
0.0
0.0
0.0
0.0
0.0
0.0
0.0
0.0
0.013106
0.045270000000000005
0.07737300000000001
0.106063
0.127862
0.140959
0.302861
0.424234
0.479871
0.5316230000000001
0.413657
0.205954
0.043488
0.0
0.0
0.0
0.0
0.0
0.0
0.0
0.0
0.0
0.0
0.0
0.013098
0.045531
0.079131
0.423879
0.665515
0.789
0.822955
0.8032720000000001
0.726601
0.598924
0.428181
0.212801
0.043731
0.0
0.0
0.0
0.0
0.0
0.0
0.0
0.0
0.0
0.0
0.00014099999999999998
0.050695
0.23075700000000002
0.436259
0.591116
0.698314
0.754344
0.7750589999999999
0.748801
0.676294
0.5656380000000001
0.409997
0.205881
0.042871
0.0
0.0
0.0
0.0
0.0
0.0
0.0
0.0
0.0
0.0
0.000533
0.050591000000000004
0.227025
0.427785
0.585611
0.696509
0.750231
0.7274660000000001
0.636579
0.473374
0.349397
0.223776
0.109434
0.028027
0.0
0.0
0.0
0.0
0.0
0.0
0.0
0.0
0.0
0.0
0.0
0.053188
0.220244
0.411591
0.563609
0.677597
0.7486430000000001
0.764046
0.73503
0.660496
0.532803
0.34895299999999996
0.15065299999999998
0.050088
0.0
0.0
0.0
0.0
0.0
0.0
0.0
0.0
0.0
0.0
0.0
0.04032
0.115839
0.194987
0.26362
0.323249
0.357454
0.367713
0.354545
0.317287
0.258027
0.189365
0.110658
0.029338999999999997
0.0
0.0
0.0
0.0
0.0
0.0
0.0
0.0
0.0
0.0
0.0
0.032886000000000006
0.071627
0.07618899999999999
0.103697
0.124553
0.13841
0.142361
0.137987
0.123939
0.101404
0.074507
0.042976
0.012491
0.0
0.0
0.0
0.0
0.0
0.0
0.0
0.0
0.0
0.0
0.0
0.014301999999999999
0.045993
0.077033
0.104784
0.125797
0.139087
0.299053
0.428681
0.48101799999999995
0.454201
0.36289699999999997
0.20058
0.045311
0.0
0.0
0.0
0.0
0.0
0.0
0.0
0.0
0.0
0.0
0.0
0.056068
0.224528
0.419743
0.568312
0.632383
0.52628
0.487359
0.419625
0.31812799999999997
0.261301
0.19323400000000002
0.114204
0.045021
0.0
0.0
0.0
0.0
0.0
0.0
0.0
0.0
0.0
0.0
0.0
0.034743
0.07341299999999999
0.07682800000000001
0.163799
0.25975400000000004
0.356985
0.367954
0.353801
0.31827300000000003
0.307447
0.255457
0.158408
0.046100999999999996
0.0
0.0
0.0
0.0
0.0
0.0
0.0
0.0
0.0
0.0
0.0
0.014653000000000001
0.045312
0.076407
0.167775
0.267291
0.361165
0.370909
0.35556400000000005
0.318001
0.261092
0.19311799999999998
0.11526600000000001
0.040476
0.0
0.0
0.0
0.0
0.0
0.0
0.0
0.0
0.0
0.0
0.0
0.044618000000000005
0.12296599999999999
0.204707
0.221725
0.19831800000000002
0.13840799999999998
0.298796
0.422642
0.482574
0.35891300000000004
0.232017
0.117769
0.053509
0.000182
0.0
0.0
0.0
0.0
0.0
0.0
0.0
0.0
0.0
0.001784
0.065298
0.22800800000000002
0.42195699999999997
0.569348
0.667249
0.7096169999999999
0.751721
0.738839
0.675241
0.561973
0.401945
0.204194
0.04847099999999999
0.00106
0.0
0.0
0.0
0.0
0.0
0.0
0.0
0.0
0.0
0.0
0.045679000000000004
0.15633000000000002
0.292257
0.358465
0.37729700000000005
0.349019
0.48739
0.563701
0.5718150000000001
0.527386
0.404901
0.21498699999999998
0.049353
0.001057
0.0
0.0
0.0
0.0
0.0
0.0
0.0
0.0
0.0
0.0022229999999999997
0.065254
0.22551300000000002
0.421839
0.5716359999999999
0.679453
0.744904
0.7646029999999999
0.7348680000000001
0.655625
0.522835
0.34545299999999995
0.16211099999999998
0.054311
0.001044
0.0
0.0
0.0
0.0
0.0
0.0
0.0
0.0
0.0
0.002177
0.05874
0.224217
0.420987
0.572315
0.6832699999999999
0.748768
0.7618189999999999
0.686331
0.467203
0.488156
0.39498500000000003
0.213619
0.048063
0.001423
0.0
0.0
0.0
0.0
0.0
0.0
0.0
0.0
0.0
0.0006860000000000001
0.058043
0.210013
0.399737
0.550686
0.657908
0.701209
0.623428
0.42454899999999995
0.122934
0.10148
0.074799
0.04348
0.013196
0.0
0.0
0.0
0.0
0.0
0.0
0.0
0.0
0.0
0.0
0.0
0.014252
0.044513
0.0768
0.105458
0.128331
0.14339500000000002
0.148318
0.143839
0.130052
0.107434
0.078774
0.04617
0.014646000000000001
0.0
0.0
0.0
0.0
0.0
0.0
0.0
0.0
0.0
0.0
0.0
0.048278
0.152252
0.29364
0.404092
0.48644
0.549494
0.567826
0.548417
0.487327
0.46511
0.370599
0.209415
0.058878
0.0011899999999999999
0.0
0.0
0.0
0.0
0.0
0.0
0.0
0.0
0.0
0.0
0.034601
0.13674
0.28788400000000003
0.316112
0.263503
0.139902
0.364887
0.527259
0.5724779999999999
0.392094
0.200238
0.045101999999999996
0.034506999999999996
0.0
0.0
0.0
0.0
0.0
0.0
0.0
0.0
0.0
0.0
0.000772
0.059953000000000006
0.219408
0.40883400000000003
0.555778
0.658489
0.713145
0.741955
0.7289450000000001
0.6664690000000001
0.560789
0.408943
0.215582
0.058188000000000004
0.001453
0.0
0.0
0.0
0.0
0.0
0.0
0.0
0.0
0.0
0.001178
0.059592
0.215304
0.396132
0.518076
0.56259
0.517672
0.531725
0.5124529999999999
0.45582100000000003
0.379132
0.27803500000000003
0.159806
0.061147
0.000999
0.0
0.0
0.0
0.0
0.0
0.0
0.0
0.0
0.0
0.00117
0.059094
0.21365399999999998
0.398529
0.5456599999999999
0.6491169999999999
0.711647
0.7451570000000001
0.710936
0.5656230000000001
0.47053500000000004
0.34184800000000004
0.188899
0.065211
0.0014
0.0
0.0
0.0
0.0
0.0
0.0
0.0
0.0
0.0
0.0
0.014182
0.044778
0.076254
0.102878
0.12433499999999999
0.137327
0.14163399999999998
0.137609
0.124028
0.164862
0.159562
0.116278
0.050741
0.0
0.0
0.0
0.0
0.0
0.0
0.0
0.0
0.0
0.0
0.0
0.047741
0.17680500000000002
0.366613
0.494026
0.5769679999999999
0.622088
0.69538
0.6982820000000001
0.637146
0.519784
0.347731
0.160475
0.056754
0.000554
0.0
0.0
0.0
0.0
0.0
0.0
0.0
0.0
0.0
0.0
0.042287
0.115417
0.195075
0.437585
0.618497
0.709393
0.729642
0.707489
0.6402680000000001
0.5483579999999999
0.406235
0.21895699999999998
0.060192
0.0019
0.0
0.0
0.0
0.0
0.0
0.0
0.0
0.0
0.0
0.0
0.01421
0.044838
0.076454
0.44005500000000003
0.6517200000000001
0.727341
0.757242
0.737164
0.6703089999999999
0.5564790000000001
0.39875700000000003
0.206904
0.054617
0.002281
0.0
0.0
0.0
0.0
0.0
0.0
0.0
0.0
0.0
0.0
0.033601
0.071115
0.07483100000000001
0.16408799999999998
0.26289
0.35503500000000004
0.367849
0.355842
0.321408
0.216028
0.12023600000000001
0.045240999999999996
0.015192
0.0
0.0
0.0
0.0
0.0
0.0
0.0
0.0
0.0
0.0
0.0
0.013949
0.044402000000000004
0.075239
0.10195699999999999
0.123332
0.13625800000000002
0.140486
0.136426
0.12286499999999999
0.102431
0.075928
0.045535
0.016059999999999998
0.0
0.0
0.0
0.0
0.0
0.0
0.0
0.0
0.0
0.0
0.0
0.014086
0.044627
0.075384
0.163123
0.259954
0.35051
0.362595
0.352454
0.318546
0.21418299999999998
0.119529
0.045651000000000004
0.015834
0.0
0.0
0.0
0.0
0.0
0.0
0.0
0.0
0.0
0.0
0.0
0.01383
0.043124
0.07328100000000001
0.10028400000000001
0.12067
0.134336
0.138972
0.13470400000000002
0.12227500000000001
0.163426
0.159365
0.118102
0.037467
0.0
0.0
0.0
0.0
0.0
0.0
0.0
0.0
0.0
0.0
0.0
0.013877
0.043313000000000004
0.073647
0.10069499999999999
0.12109
0.134744
0.139226
0.135546
0.122196
0.101566
0.075905
0.045742
0.037509
0.0
0.0
0.0
0.0
0.0
0.0
0.0
0.0
0.0
0.0
0.0
0.052411
0.157502
0.275197
0.50116
0.646576
0.7169260000000001
0.746482
0.727433
0.6662129999999999
0.55651
0.39408
0.193291
0.057597
0.0
0.0
0.0
0.0
0.0
0.0
0.0
0.0
0.0
0.0
0.0010509999999999999
0.06335199999999999
0.19924799999999998
0.375639
0.508521
0.5893849999999999
0.611727
0.6055560000000001
0.5497960000000001
0.46296
0.381201
0.281908
0.166959
0.070549
0.00227
0.0
0.0
0.0
0.0
0.0
0.0
0.0
0.0
0.0
0.000164
0.054053
0.19834200000000002
0.381921
0.5300739999999999
0.644861
0.715657
0.740108
0.7198490000000001
0.655476
0.557458
0.412476
0.225878
0.060247
0.0031709999999999998
0.0
0.0
0.0
0.0
0.0
0.0
0.0
0.0
0.0
0.0
0.041444
0.11509399999999999
0.19214799999999999
0.430801
0.610698
0.7036290000000001
0.7395349999999999
0.727426
0.666501
0.5577759999999999
0.409362
0.22097999999999998
0.061136
0.00319
0.0
0.0
0.0
0.0
0.0
0.0
0.0
0.0
0.0
0.0011240000000000002
0.06293699999999999
0.20530600000000002
0.39442
0.528197
0.5948880000000001
0.5858730000000001
0.50554
0.345934
0.121862
0.101846
0.075916
0.046098999999999994
0.016515000000000002
0.0
0.0
0.0
0.0
0.0
0.0
0.0
0.0
0.0
0.0
0.0
0.013946
0.043465000000000004
0.07377500000000001
0.10140099999999999
0.12318699999999999
0.13747800000000002
0.141901
0.137932
0.125017
0.10476600000000001
0.078362
0.04861
0.017161000000000003
0.0
0.0
0.0
0.0
0.0
0.0
0.0
0.0
0.0
0.0
0.0
0.04348
0.132159
0.191693
0.30480799999999997
0.415508
0.507375
0.523919
0.506468
0.451112
0.43707
0.356094
0.210381
0.060829
0.00363
0.0
0.0
0.0
0.0
0.0
0.0
0.0
0.0
0.0
0.0006810000000000001
0.062104
0.200523
0.38837900000000003
0.5250520000000001
0.5789650000000001
0.517525
0.533323
0.5167050000000001
0.45911399999999997
0.38464800000000005
0.284463
0.169983
0.062621
0.0013939999999999998
0.0
0.0
0.0
0.0
0.0
0.0
0.0
0.0
0.0
0.0
0.046515
0.12873300000000001
0.186912
0.33554700000000004
0.480753
0.600601
0.5215599999999999
0.353965
0.12378700000000001
0.102759
0.077308
0.047282
0.017410000000000002
0.0
0.0
0.0
0.0
0.0
0.0
0.0
0.0
0.0
0.0
0.0
0.039684
0.110361
0.188359
0.30092599999999997
0.41449
0.510788
0.530497
0.516544
0.46075499999999997
0.385363
0.28544400000000003
0.17280199999999998
0.064207
0.003579
0.0
0.0
0.0
0.0
0.0
0.0
0.0
0.0
0.0
0.0
0.045308
0.092116
0.07314
0.160251
0.252492
0.349335
0.420988
0.46398
0.461393
0.386051
0.28537599999999996
0.171151
0.067593
0.002246
0.0
0.0
0.0
0.0
0.0
0.0
0.0
0.0
0.0
0.0
0.01343
0.043594
0.074953
0.10301099999999999
0.125061
0.139483
0.144454
0.140202
0.126917
0.105405
0.078962
0.04813
0.017752
0.0
0.0
0.0
0.0
0.0
0.0
0.0
0.0
0.0
0.0
0.0
0.012422
0.042018
0.07280800000000001
0.100392
0.122068
0.136208
0.141643
0.137854
0.125189
0.105026
0.078906
0.048229999999999995
0.017745999999999998
0.0
0.0
0.0
0.0
0.0
0.0
0.0
0.0
0.0
0.0
0.0
0.012625
0.042351
0.07366800000000001
0.100175
0.122225
0.136034
0.220953
0.290067
0.321224
0.2184
0.122918
0.047514
0.01753
0.0
0.0
0.0
0.0
0.0
0.0
0.0
0.0
0.0
0.0
0.0
0.024224
0.093515
0.19156499999999999
0.21044300000000002
0.190029
0.13478700000000002
0.219012
0.28723899999999997
0.318731
0.35558300000000004
0.31605099999999997
0.20375800000000002
0.06400700000000001
0.004008
0.0
0.0
0.0
0.0
0.0
0.0
0.0
0.0
0.0
0.0
0.03995
0.11114
0.188424
0.252946
0.305316
0.335429
0.414499
0.45750799999999997
0.463519
0.353108
0.234233
0.124651
0.042686
0.0
0.0
0.0
0.0
0.0
0.0
0.0
0.0
0.0
0.0
0.0
0.013788
0.043226999999999995
0.072695
0.09941599999999999
0.12112600000000001
0.13552
0.141216
0.138641
0.126299
0.106277
0.080067
0.050146
0.019072
0.0
0.0
0.0
0.0
0.0
0.0
0.0
0.0
0.0
0.0
0.0
0.013194
0.043588
0.073354
0.160051
0.255465
0.344783
0.295038
0.21321700000000002
0.12334300000000001
0.10425
0.07811
0.048792999999999996
0.018824999999999998
0.0
0.0
0.0
0.0
0.0
0.0
0.0
0.0
0.0
0.0
0.0
0.013073
0.042423
0.07254600000000001
0.157815
0.252819
0.342983
0.36032600000000004
0.352235
0.322202
0.27078399999999997
0.201231
0.126327
0.042939
0.0
0.0
0.0
0.0
0.0
0.0
0.0
0.0
0.0
0.0
0.0
0.013082
0.042432000000000004
0.071625
0.098595
0.119019
0.13287200000000002
0.138266
0.135534
0.12407599999999999
0.10470399999999999
0.07851999999999999
0.04907
0.019001999999999998
0.0
0.0
0.0
0.0
0.0
0.0
0.0
0.0
0.0
0.0
0.0
0.012974
0.042493
0.072301
0.099081
0.120012
0.134934
0.140127
0.136969
0.124151
0.103783
0.0785
0.048823
0.01877
0.0
0.0
0.0
0.0
0.0
0.0
0.0
0.0
0.0
0.0
0.0
0.012284000000000002
0.041710000000000004
0.072132
0.0983
0.11917
0.13315100000000002
0.217175
0.28089600000000003
0.31715499999999996
0.268329
0.19975800000000002
0.125799
0.05976
0.001439
0.0
0.0
0.0
0.0
0.0
0.0
0.0
0.0
0.0
0.0
0.012222
0.041582999999999995
0.071164
0.098215
0.11865
0.132279
0.138035
0.1341
0.122117
0.10225400000000001
0.07748999999999999
0.048284
0.063583
0.003977
0.0
0.0
0.0
0.0
0.0
0.0
0.0
0.0
0.0
0.0
0.012187
0.040804
0.071195
0.09772499999999999
0.119061
0.133637
0.13894700000000001
0.135238
0.12334999999999999
0.10297400000000001
0.077742
0.048268
0.018585
0.0
0.0
0.0
0.0
0.0
0.0
0.0
0.0
0.0
0.0
0.0
0.011519999999999999
0.040831000000000006
0.07117799999999999
0.097304
0.117529
0.130832
0.136867
0.134079
0.12171299999999999
0.102885
0.07817700000000001
0.048872
0.018815000000000002
0.0
0.0
0.0
0.0
0.0
0.0
0.0
0.0
0.0
0.0
0.0
0.011519999999999999
0.040893
0.071299
0.15700399999999998
0.25263
0.344526
0.29439800000000005
0.212251
0.12242
0.102464
0.076848
0.047560000000000005
0.017868
0.0
0.0
0.0
0.0
0.0
0.0
0.0
0.0
0.0
0.0
0.0
0.011551
0.041076
0.07092799999999999
0.098054
0.11841
0.132462
0.29428699999999997
0.410335
0.47295800000000005
0.359509
0.237499
0.12595699999999999
0.065015
0.0036309999999999997
0.0
0.0
0.0
0.0
0.0
0.0
0.0
0.0
0.0
0.0
0.036767
0.180134
0.322825
0.46994
0.5924550000000001
0.676067
0.7060960000000001
0.692736
0.634755
0.550543
0.416764
0.233599
0.060366
0.004385
0.0
0.0
0.0
0.0
0.0
0.0
0.0
0.0
0.0
0.0
0.036992
0.176101
0.319771
0.418226
0.47751699999999997
0.492762
0.644805
0.698364
0.662883
0.541806
0.365099
0.17233600000000002
0.061425
0.003891
0.0
0.0
0.0
0.0
0.0
0.0
0.0
0.0
0.0
0.0
0.039526000000000006
0.120307
0.183024
0.249605
0.30764800000000003
0.343616
0.358124
0.348879
0.318519
0.216589
0.123172
0.047887
0.017975
0.0
0.0
0.0
0.0
0.0
0.0
0.0
0.0
0.0
0.0
0.0
0.010009
0.039351
0.069835
0.09690399999999999
0.117378
0.13090000000000002
0.13761
0.134623
0.12212
0.10223
0.077329
0.047938
0.030359
0.0
0.0
0.0
0.0
0.0
0.0
0.0
0.0
0.0
0.0
0.0
0.035278
0.171764
0.315502
0.440667
0.534886
0.5952670000000001
0.595017
0.545414
0.463434
0.472508
0.389759
0.22781700000000002
0.059655
0.0034879999999999998
0.0
0.0
0.0
0.0
0.0
0.0
0.0
0.0
0.0
0.0
0.034155
0.1844
0.365633
0.5219429999999999
0.643871
0.723186
0.7522949999999999
0.7374059999999999
0.674674
0.5689460000000001
0.422151
0.232405
0.058531999999999994
0.003463
0.0
0.0
0.0
0.0
0.0
0.0
0.0
0.0
0.0
0.0
0.03311
0.173117
0.31146300000000005
0.46778800000000004
0.59004
0.672476
0.695832
0.6745789999999999
0.608658
0.503074
0.361203
0.19861099999999998
0.05986
0.003007
0.0
0.0
0.0
0.0
0.0
0.0
0.0
0.0
0.0
0.0
0.032819
0.17791300000000002
0.370255
0.504827
0.5565180000000001
0.48656900000000003
0.46471300000000004
0.404765
0.31146300000000005
0.306937
0.26193
0.172063
0.067283
0.002216
0.0
0.0
0.0
0.0
0.0
0.0
0.0
0.0
0.0
0.0
0.03724
0.16004
0.25752800000000003
0.355825
0.438587
0.49947800000000003
0.520664
0.508142
0.45317
0.44380000000000003
0.363816
0.216134
0.058759
0.002592
0.0
0.0
0.0
0.0
0.0
0.0
0.0
0.0
0.0
0.0
0.036438000000000005
0.168292
0.31203
0.415122
0.477193
0.49485
0.515971
0.503762
0.451125
0.375574
0.28160399999999997
0.16923
0.0599
0.002628
0.0
0.0
0.0
0.0
0.0
0.0
0.0
0.0
0.0
0.0
0.035109
0.134346
0.251853
0.42933699999999997
0.576942
0.679759
0.685947
0.640879
0.545044
0.439173
0.30864199999999997
0.16834100000000002
0.058128
0.00046100000000000004
0.0
0.0
0.0
0.0
0.0
0.0
0.0
0.0
0.0
0.0
0.034177
0.133316
0.254046
0.321316
0.349691
0.334694
0.413831
0.456852
0.46224
0.470769
0.386897
0.223776
0.056109
0.0021579999999999998
0.0
0.0
0.0
0.0
0.0
0.0
0.0
0.0
0.0
0.0
0.029183
0.11204399999999999
0.175817
0.242229
0.302716
0.33775099999999997
0.353688
0.34434699999999996
0.313827
0.258704
0.194
0.11802800000000001
0.044671999999999996
0.0
0.0
0.0
0.0
0.0
0.0
0.0
0.0
0.0
0.0
0.0
0.033684
0.15738300000000002
0.34389299999999995
0.49634300000000003
0.6129779999999999
0.686705
0.71685
0.70152
0.64402
0.548279
0.409703
0.22466999999999998
0.056504
0.00171
0.0
0.0
0.0
0.0
0.0
0.0
0.0
0.0
0.0
0.0
0.024972
0.093113
0.168919
0.276331
0.38544799999999996
0.47713900000000004
0.503865
0.49732499999999996
0.446887
0.369846
0.275148
0.16300299999999998
0.059985
0.0012900000000000001
0.0
0.0
0.0
0.0
0.0
0.0
0.0
0.0
0.0
0.0
0.032732
0.170848
0.361377
0.509831
0.5830449999999999
0.49271699999999996
0.508642
0.494971
0.43960000000000005
0.367346
0.27454
0.162295
0.058735
0.000829
0.0
0.0
0.0
0.0
0.0
0.0
0.0
0.0
0.0
0.0
0.018876
0.105906
0.246796
0.42826
0.583028
0.694379
0.6947150000000001
0.6409279999999999
0.538357
0.40691000000000005
0.254681
0.11522400000000001
0.041165999999999994
0.0
0.0
0.0
0.0
0.0
0.0
0.0
0.0
0.0
0.0
0.0
0.030992000000000002
0.169156
0.359471
0.506028
0.5945349999999999
0.576721
0.57935
0.5329149999999999
0.45284800000000003
0.34193900000000005
0.22390100000000002
0.113767
0.054343
0.000421
0.0
0.0
0.0
0.0
0.0
0.0
0.0
0.0
0.0
0.0
0.031379000000000004
0.160539
0.340243
0.467651
0.51938
0.477271
0.509419
0.501001
0.44719
0.45766199999999996
0.374216
0.208877
0.054898
0.0
0.0
0.0
0.0
0.0
0.0
0.0
0.0
0.0
0.0
0.0
0.026957000000000002
0.120823
0.24281899999999998
0.349137
0.43558600000000003
0.498681
0.515554
0.499048
0.44101100000000004
0.33376999999999996
0.21753
0.107825
0.028739999999999998
0.0
0.0
0.0
0.0
0.0
0.0
0.0
0.0
0.0
0.0
0.0
0.028804
0.144984
0.292814
0.423046
0.524169
0.58977
0.5846939999999999
0.532438
0.448545
0.473626
0.383005
0.20797200000000002
0.052911
0.0
0.0
0.0
0.0
0.0
0.0
0.0
0.0
0.0
0.0
0.0
0.028059999999999998
0.126474
0.16470500000000002
0.37327699999999997
0.55053
0.653792
0.683255
0.669902
0.6020639999999999
0.47163
0.30899200000000004
0.149077
0.042464
0.0
0.0
0.0
0.0
0.0
0.0
0.0
0.0
0.0
0.0
0.0
0.015815
0.081609
0.159874
0.273648
0.389618
0.48849400000000004
0.401972
0.26974400000000004
0.116414
0.096273
0.06947199999999999
0.039509999999999997
0.025473
0.0
0.0
0.0
0.0
0.0
0.0
0.0
0.0
0.0
0.0
0.0
0.021133
0.09446800000000001
0.16008
0.23134100000000002
0.29430900000000004
0.332928
0.55198
0.654117
0.640303
0.516556
0.351651
0.174163
0.049923999999999996
0.0
0.0
0.0
0.0
0.0
0.0
0.0
0.0
0.0
0.0
0.0
0.022543
0.114473
0.23447900000000002
0.33781
0.417636
0.480334
0.571274
0.612636
0.589557
0.493765
0.35841199999999995
0.186985
0.047166
0.0
0.0
0.0
0.0
0.0
0.0
0.0
0.0
0.0
0.0
0.0
0.021802
0.13233099999999998
0.315107
0.473472
0.595204
0.676845
0.6862630000000001
0.644861
0.543729
0.44769400000000004
0.322849
0.170553
0.042148000000000005
0.0
0.0
0.0
0.0
0.0
0.0
0.0
0.0
0.0
0.0
0.0
0.024768000000000002
0.135649
0.283163
0.389372
0.45642099999999997
0.468603
0.5363150000000001
0.558678
0.531318
0.35945699999999997
0.17946700000000002
0.037098
0.027993999999999998
0.0
0.0
0.0
0.0
0.0
0.0
0.0
0.0
0.0
0.0
0.0
0.024399999999999998
0.15440199999999998
0.34126
0.494856
0.584827
0.571874
0.5689919999999999
0.516639
0.436369
0.321318
0.206481
0.097533
0.031696999999999996
0.0
0.0
0.0
0.0
0.0
0.0
0.0
0.0
0.0
0.0
0.0
0.023601
0.151264
0.33566500000000005
0.47624099999999997
0.559504
0.5817599999999999
0.607998
0.59417
0.5396470000000001
0.445739
0.322149
0.16859100000000002
0.041831
0.0
0.0
0.0
0.0
0.0
0.0
0.0
0.0
0.0
0.0
0.0
0.023333
0.133728
0.230717
0.30261099999999996
0.33655599999999997
0.325046
0.405003
0.442992
0.440222
0.32581299999999996
0.208245
0.09703
0.020219
0.0
0.0
0.0
0.0
0.0
0.0
0.0
0.0
0.0
0.0
0.0
0.0015760000000000001
0.028241
0.05942
0.088267
0.111276
0.126669
0.132702
0.129121
0.11588
0.094883
0.067444
0.036251
0.007167
0.0
0.0
0.0
0.0
0.0
0.0
0.0
0.0
0.0
0.0
0.0
0.004796
0.061884999999999996
0.157758
0.227434
0.290773
0.32897899999999997
0.409543
0.448716
0.445019
0.326036
0.2058
0.09437999999999999
0.022983
0.0
0.0
0.0
0.0
0.0
0.0
0.0
0.0
0.0
0.0
0.0
0.010109
0.075271
0.157305
0.22771
0.29267200000000004
0.330737
0.347399
0.338235
0.304437
0.242352
0.172461
0.09287999999999999
0.026298
0.0
0.0
0.0
0.0
0.0
0.0
0.0
0.0
0.0
0.0
0.0
0.004136
0.060516
0.15629200000000001
0.226376
0.29184
0.33200599999999997
0.346618
0.33642700000000003
0.30126600000000003
0.286204
0.228168
0.131605
0.037984000000000004
0.0
0.0
0.0
0.0
0.0
0.0
0.0
0.0
0.0
0.0
0.0
0.008757
0.073407
0.15504400000000002
0.268004
0.386356
0.48688400000000004
0.542541
0.5603279999999999
0.5263300000000001
0.434072
0.309163
0.15346
0.033919
0.0
0.0
0.0
0.0
0.0
0.0
0.0
0.0
0.0
0.0
0.0
0.01831
0.134926
0.309866
0.47626100000000005
0.606522
0.693105
0.719157
0.698971
0.63052
0.527676
0.373652
0.179144
0.033401
0.0
0.0
0.0
0.0
0.0
0.0
0.0
0.0
0.0
0.0
0.0
0.018355
0.126633
0.226929
0.350197
0.462826
0.539593
0.586795
0.584938
0.539787
0.413207
0.267927
0.12620699999999999
0.027202999999999998
0.0
0.0
0.0
0.0
0.0
0.0
0.0
0.0
0.0
0.0
0.0
0.013229
0.092737
0.153963
0.183342
0.171206
0.123374
0.203809
0.26996800000000004
0.28974500000000003
0.191632
0.099657
0.031416
0.008935
0.0
0.0
0.0
0.0
0.0
0.0
0.0
0.0
0.0
0.0
0.0
0.000175
0.025489
0.056816000000000005
0.140202
0.230715
0.318395
0.279678
0.19815
0.111856
0.09093899999999999
0.063303
0.031513
0.016184
0.0
0.0
0.0
0.0
0.0
0.0
0.0
0.0
0.0
0.0
0.0
0.00019600000000000002
0.025594000000000002
0.056771999999999996
0.08585
0.10805200000000001
0.122527
0.202178
0.26814499999999997
0.28707699999999997
0.234546
0.163809
0.084048
0.011703
0.0
0.0
0.0
0.0
0.0
0.0
0.0
0.0
0.0
0.0
0.0
0.0
0.025065999999999998
0.057386
0.141746
0.233374
0.322855
0.283048
0.19897499999999999
0.111872
0.090447
0.061668
0.030514
0.00297
0.0
0.0
0.0
0.0
0.0
0.0
0.0
0.0
0.0
0.0
0.0
0.006471
0.055476
0.056331000000000006
0.086137
0.109146
0.124261
0.12992099999999998
0.125352
0.111344
0.08991299999999999
0.061168999999999994
0.029976
0.002341
0.0
0.0
0.0
0.0
0.0
0.0
0.0
0.0
0.0
0.0
0.0
0.0
0.0241
0.055216
0.135161
0.225334
0.31057100000000004
0.27282999999999996
0.19287
0.109294
0.08782
0.059626
0.028887
0.002242
0.0
0.0
0.0
0.0
0.0
0.0
0.0
0.0
0.0
0.0
0.0
0.003691
0.06606100000000001
0.14842
0.220159
0.285605
0.324316
0.276177
0.19459
0.109486
0.087322
0.058732
0.027858
0.004738
0.0
0.0
0.0
0.0
0.0
0.0
0.0
0.0
0.0
0.0
0.0
0.00054
0.052755
0.14937
0.221424
0.286959
0.325987
0.342499
0.33275299999999997
0.296015
0.2773
0.213036
0.111477
0.015479
0.0
0.0
0.0
0.0
0.0
0.0
0.0
0.0
0.0
0.0
0.0
0.007429
0.085927
0.15088200000000002
0.223521
0.292003
0.331881
0.346009
0.334017
0.29648
0.320226
0.258955
0.133549
0.016712
0.0
0.0
0.0
0.0
0.0
0.0
0.0
0.0
0.0
0.0
0.0
0.009102
0.122594
0.30793
0.43781
0.495373
0.488289
0.5812039999999999
0.623345
0.5966910000000001
0.5157619999999999
0.35835
0.1544
0.019026
0.0
0.0
0.0
0.0
0.0
0.0
0.0
0.0
0.0
0.0
0.0
0.009101000000000001
0.112145
0.218068
0.293823
0.33155900000000005
0.31159
0.571404
0.663512
0.636393
0.509557
0.336628
0.137169
0.015933
0.0
0.0
0.0
0.0
0.0
0.0
0.0
0.0
0.0
0.0
0.0
0.005425
0.091651
0.21882400000000002
0.42568599999999995
0.594619
0.693433
0.7196359999999999
0.70041
0.6317290000000001
0.5141420000000001
0.348831
0.14607
0.01567
0.0
0.0
0.0
0.0
0.0
0.0
0.0
0.0
0.0
0.0
0.0
0.010092
0.136048
0.340397
0.513484
0.635688
0.712139
0.736091
0.711672
0.638251
0.518572
0.348899
0.146592
0.014569
0.0
0.0
0.0
0.0
0.0
0.0
0.0
0.0
0.0
0.0
0.0
0.008501
0.122256
0.27207600000000004
0.42979
0.549828
0.623367
0.7063579999999999
0.7109800000000001
0.645555
0.519324
0.33508699999999997
0.120749
0.01098
0.0
0.0
0.0
0.0
0.0
0.0
0.0
0.0
0.0
0.0
0.0
0.005564
0.11772400000000001
0.325109
0.455223
0.459389
0.31944799999999995
0.4452
0.5158630000000001
0.522794
0.36795999999999995
0.199666
0.065489
0.004738
0.0
0.0
0.0
0.0
0.0
0.0
0.0
0.0
0.0
0.0
0.0
0.006979
0.12751200000000001
0.333687
0.504623
0.5480689999999999
0.318905
0.6409980000000001
0.71292
0.652505
0.516501
0.290656
0.064266
0.0027879999999999997
0.0
0.0
0.0
0.0
0.0
0.0
0.0
0.0
0.0
0.0
0.0
0.0012259999999999999
0.059241999999999996
0.142632
0.174593
0.16593
0.119811
0.12576
0.120537
0.10510800000000001
0.08247
0.053340000000000005
0.021867
0.0
0.0
0.0
0.0
0.0
0.0
0.0
0.0
0.0
0.0
0.0
0.0
0.0
0.020443000000000003
0.051856
0.08079399999999999
0.1038
0.118196
0.12385800000000001
0.11852299999999999
0.103878
0.080888
0.052189
0.021009
0.000953
0.0
0.0
0.0
0.0
0.0
0.0
0.0
0.0
0.0
0.0
0.0
0.006136999999999999
0.12526
0.33205599999999996
0.501745
0.6149589999999999
0.668885
0.711488
0.699819
0.629305
0.5036039999999999
0.33010199999999995
0.126435
0.006664
0.0
0.0
0.0
0.0
0.0
0.0
0.0
0.0
0.0
0.0
0.0
0.001691
0.075098
0.210499
0.400589
0.566111
0.669282
0.685107
0.630973
0.518912
0.446884
0.30424799999999996
0.118479
0.005359
0.0
0.0
0.0
0.0
0.0
0.0
0.0
0.0
0.0
0.0
0.0
0.0052450000000000005
0.119411
0.316727
0.49399400000000004
0.6251180000000001
0.704641
0.721625
0.6918909999999999
0.603861
0.45658800000000005
0.25865699999999997
0.080652
0.002565
0.0
0.0
0.0
0.0
0.0
0.0
0.0
0.0
0.0
0.0
0.0
0.004293
0.107825
0.207573
0.400957
0.572022
0.684831
0.6855330000000001
0.6207849999999999
0.506609
0.44126
0.301336
0.113005
0.003502
0.0
0.0
0.0
0.0
0.0
0.0
0.0
0.0
0.0
0.0
0.0
0.004521
0.113668
0.292404
0.408507
0.41464100000000004
0.318
0.260014
0.18709
0.10281699999999999
0.07876999999999999
0.048913
0.017467
0.0
0.0
0.0
0.0
0.0
0.0
0.0
0.0
0.0
0.0
0.0
0.0
0.000171
0.072228
0.21044200000000002
0.318085
0.409059
0.462973
0.445328
0.372745
0.277221
0.208237
0.13131
0.049631999999999996
0.0
0.0
0.0
0.0
0.0
0.0
0.0
0.0
0.0
0.0
0.0
0.0
0.001707
0.111109
0.323861
0.489873
0.551394
0.479931
0.48180399999999995
0.460762
0.394809
0.247764
0.102286
0.015797000000000002
0.0
0.0
0.0
0.0
0.0
0.0
0.0
0.0
0.0
0.0
0.0
0.0
0.000866
0.110666
0.320498
0.497753
0.56162
0.471859
0.437965
0.36438600000000004
0.270415
0.244864
0.173549
0.068995
0.0
0.0
0.0
0.0
0.0
0.0
0.0
0.0
0.0
0.0
0.0
0.0
0.001992
0.111469
0.30129199999999995
0.436116
0.444879
0.316282
0.608482
0.681339
0.624235
0.48363799999999996
0.29193
0.091197
0.000539
0.0
0.0
0.0
0.0
0.0
0.0
0.0
0.0
0.0
0.0
0.0
0.001585
0.10707599999999999
0.3107
0.457835
0.508507
0.473295
0.601722
0.642135
0.606741
0.478661
0.295923
0.095734
0.000549
0.0
0.0
0.0
0.0
0.0
0.0
0.0
0.0
0.0
0.0
0.0
0.002072
0.11240800000000001
0.31554000000000004
0.48744
0.554947
0.476105
0.48075599999999996
0.457816
0.39683999999999997
0.27187
0.14516800000000002
0.040246000000000004
0.0
0.0
0.0
0.0
0.0
0.0
0.0
0.0
0.0
0.0
0.0
0.0
0.0
0.056417
0.19990799999999997
0.438397
0.604281
0.6877219999999999
0.713351
0.684759
0.6044510000000001
0.475194
0.289274
0.088036
0.0
0.0
0.0
0.0
0.0
0.0
0.0
0.0
0.0
0.0
0.0
0.0
0.0015840000000000001
0.10852500000000001
0.316819
0.501059
0.633224
0.70816
0.737442
0.70988
0.62537
0.484371
0.290039
0.086513
0.0
0.0
0.0
0.0
0.0
0.0
0.0
0.0
0.0
0.0
0.0
0.0
0.000254
0.104027
0.312308
0.507868
0.652807
0.740155
0.759927
0.719752
0.620459
0.45316
0.250654
0.067963
0.0
0.0
0.0
0.0
0.0
0.0
0.0
0.0
0.0
0.0
0.0
0.0
0.0011799999999999998
0.097965
0.197571
0.408294
0.588057
0.6939099999999999
0.72484
0.700426
0.61722
0.477935
0.282196
0.079794
0.0
0.0
0.0
0.0
0.0
0.0
0.0
0.0
0.0
0.0
0.0
0.0
0.0
0.069653
0.19676400000000002
0.27810399999999996
0.313961
0.291058
0.483546
0.380175
0.244689
0.225619
0.15037299999999998
0.048229
0.0
0.0
0.0
0.0
0.0
0.0
0.0
0.0
0.0
0.0
0.0
0.0
0.0
0.077739
0.18756899999999999
0.241976
0.20868899999999999
0.111875
0.11597
0.10971399999999999
0.093399
0.06880599999999999
0.038978
0.009586
0.0
0.0
0.0
0.0
0.0
0.0
0.0
0.0
0.0
0.0
0.0
0.0
0.0
0.042421999999999994
0.123536
0.242671
0.352286
0.447454
0.46583300000000005
0.445109
0.382927
0.280548
0.163381
0.04292
0.0
0.0
0.0
0.0
0.0
0.0
0.0
0.0
0.0
0.0
0.0
0.0
0.0
0.031906
0.11997
0.158471
0.153703
0.11033899999999999
0.114702
0.10800799999999999
0.091845
0.067017
0.037034
0.008225
0.0
0.0
0.0
0.0
0.0
0.0
0.0
0.0
0.0
0.0
0.0
0.0
0.0
0.012762
0.043321
0.072782
0.096231
0.110754
0.182358
0.23261199999999999
0.252627
0.145467
0.059595
0.007391
0.0
0.0
0.0
0.0
0.0
0.0
0.0
0.0
0.0
0.0
0.0
0.0
0.0
0.012582000000000001
0.04225
0.071937
0.095028
0.11004000000000001
0.113899
0.107214
0.090854
0.066373
0.035881
0.006823
0.0
0.0
0.0
0.0
0.0
0.0
0.0
0.0
0.0
0.0
0.0
0.0
0.0
0.094184
0.296076
0.49131400000000003
0.629229
0.7110420000000001
0.739563
0.708638
0.619563
0.46632999999999997
0.256631
0.057127000000000004
0.0
0.0
0.0
0.0
0.0
0.0
0.0
0.0
0.0
0.0
0.0
0.0
0.0
0.085926
0.231787
0.383131
0.49309800000000004
0.5520729999999999
0.514285
0.400278
0.241304
0.175797
0.095768
0.020978
0.0
0.0
0.0
0.0
0.0
0.0
0.0
0.0
0.0
0.0
0.0
0.0
0.0
0.01143
0.042175
0.071831
0.09467700000000001
0.10856
0.11286
0.10526
0.08881399999999999
0.06374
0.033469
0.005331000000000001
0.0
0.0
0.0
0.0
0.0
0.0
0.0
0.0
0.0
0.0
0.0
0.0
0.0
0.10512099999999999
0.311561
0.500087
0.631367
0.708733
0.715928
0.6575829999999999
0.537081
0.357146
0.158138
0.020517
0.0
0.0
0.0
0.0
0.0
0.0
0.0
0.0
0.0
0.0
0.0
0.0
0.0
0.012672000000000001
0.043405
0.073299
0.095762
0.109226
0.113755
0.106232
0.08967900000000001
0.283693
0.224834
0.051109
0.0
0.0
0.0
0.0
0.0
0.0
0.0
0.0
0.0
0.0
0.0
0.0
0.0
0.030979
0.12165300000000001
0.245348
0.35799000000000003
0.456743
0.523335
0.528846
0.486741
0.425074
0.247685
0.048733
0.0
0.0
0.0
0.0
0.0
0.0
0.0
0.0
0.0
0.0
0.0
0.0
0.0
0.092792
0.24824000000000002
0.421236
0.550241
0.638267
0.674811
0.6540119999999999
0.5764579999999999
0.43744900000000003
0.241067
0.043014000000000004
0.0
0.0
0.0
0.0
0.0
0.0
0.0
0.0
0.0
0.0
0.0
0.0
0.0
0.087975
0.19364699999999999
0.30192
0.400596
0.451561
0.465642
0.439861
0.37385
0.366181
0.225298
0.039857
0.0
0.0
0.0
0.0
0.0
0.0
0.0
0.0
0.0
0.0
0.0
0.0
0.0
0.027420000000000003
0.041165999999999994
0.070213
0.09250499999999999
0.10575799999999999
0.109426
0.101862
0.085341
0.061064999999999994
0.030713
0.003173
0.0
0.0
0.0
0.0
0.0
0.0
0.0
0.0
0.0
0.0
0.0
0.0
0.0
0.028065
0.118047
0.15700899999999998
0.153556
0.11002200000000001
0.113161
0.106317
0.08876300000000001
0.062749
0.031477
0.0025870000000000003
0.0
0.0
0.0
0.0
0.0
0.0
0.0
0.0
0.0
0.0
0.0
0.0
0.0
0.055252
0.19031399999999998
0.42497399999999996
0.621247
0.7205750000000001
0.745356
0.711654
0.621591
0.457199
0.23237200000000002
0.032945
0.0
0.0
0.0
0.0
0.0
0.0
0.0
0.0
0.0
0.0
0.0
0.0
0.0
0.084941
0.302799
0.49044
0.6196929999999999
0.6930499999999999
0.7164149999999999
0.682687
0.591352
0.438742
0.227928
0.029643999999999997
0.0
0.0
0.0
0.0
0.0
0.0
0.0
0.0
0.0
0.0
0.0
0.0
0.0
0.083756
0.244038
0.335212
0.352588
0.283886
0.306239
0.286079
0.239739
0.201711
0.11549
0.014581
0.0
0.0
0.0
0.0
0.0
0.0
0.0
0.0
0.0
0.0
0.0
0.0
0.0
0.074271
0.183892
0.396078
0.576554
0.669963
0.68738
0.6492559999999999
0.558091
0.388065
0.172326
0.012648
0.0
0.0
0.0
0.0
0.0
0.0
0.0
0.0
0.0
0.0
0.0
0.0
0.0
0.016486
0.038729
0.293978
0.539919
0.663103
0.6994360000000001
0.670969
0.5803010000000001
0.421145
0.20853
0.019243
0.0
0.0
0.0
0.0
0.0
0.0
0.0
0.0
0.0
0.0
0.0
0.0
0.0
0.07938100000000001
0.294745
0.483958
0.612174
0.673418
0.671554
0.589357
0.437641
0.33143
0.17453200000000002
0.014345
0.0
0.0
0.0
0.0
0.0
0.0
0.0
0.0
0.0
0.0
0.0
0.0
0.0
0.075366
0.287097
0.478306
0.603702
0.676869
0.7003189999999999
0.667002
0.572783
0.414281
0.201354
0.014532999999999999
0.0
0.0
0.0
0.0
0.0
0.0
0.0
0.0
0.0
0.0
0.0
0.0
0.0
0.074542
0.291404
0.493952
0.637013
0.724236
0.737873
0.689875
0.585343
0.413288
0.20330099999999998
0.013359999999999999
0.0
0.0
0.0
0.0
0.0
0.0
0.0
0.0
0.0
0.0
0.0
0.0
0.0
0.0737
0.290922
0.4865
0.6150119999999999
0.669727
0.69553
0.662166
0.568776
0.392583
0.173296
0.00932
0.0
0.0
0.0
0.0
0.0
0.0
0.0
0.0
0.0
0.0
0.0
0.0
0.0
0.062186
0.166041
0.321252
0.455093
0.548547
0.526413
0.462189
0.344708
0.240637
0.10817199999999999
0.006029
0.0
0.0
0.0
0.0
0.0
0.0
0.0
0.0
0.0
0.0
0.0
0.0
0.0
0.032259
0.100283
0.14016800000000001
0.138335
0.098809
0.163524
0.205626
0.22144999999999998
0.114008
0.036162
0.0
0.0
0.0
0.0
0.0
0.0
0.0
0.0
0.0
0.0
0.0
0.0
0.0
0.0
0.061899
0.27706000000000003
0.47190899999999997
0.6128680000000001
0.687692
0.714153
0.6761670000000001
0.574557
0.400903
0.183044
0.008432
0.0
0.0
0.0
0.0
0.0
0.0
0.0
0.0
0.0
0.0
0.0
0.0
0.0
0.060716
0.275745
0.464749
0.5956330000000001
0.664996
0.683658
0.644113
0.5484
0.384384
0.174926
0.007490999999999999
0.0
0.0
0.0
0.0
0.0
0.0
0.0
0.0
0.0
0.0
0.0
0.0
0.0
0.055147
0.258171
0.45267599999999997
0.5502659999999999
0.523956
0.6118049999999999
0.617383
0.537778
0.38469400000000004
0.171564
0.006213
0.0
0.0
0.0
0.0
0.0
0.0
0.0
0.0
0.0
0.0
0.0
0.0
0.0
0.055205
0.256216
0.464121
0.598553
0.664961
0.673581
0.628185
0.525629
0.370853
0.164774
0.005412
0.0
0.0
0.0
0.0
0.0
0.0
0.0
0.0
0.0
0.0
0.0
0.0
0.0
0.051387999999999996
0.24384299999999998
0.416291
0.43361900000000003
0.270381
0.261561
0.240894
0.194696
0.10293000000000001
0.03015
0.0
0.0
0.0
0.0
0.0
0.0
0.0
0.0
0.0
0.0
0.0
0.0
0.0
0.0
0.033241
0.217501
0.366118
0.420982
0.39650799999999997
0.548987
0.584187
0.513559
0.31479199999999996
0.085407
0.0
0.0
0.0
0.0
0.0
0.0
0.0
0.0
0.0
0.0
0.0
0.0
0.0
0.0
0.003238
0.030296
0.09452500000000001
0.176067
0.254914
0.261227
0.25435599999999997
0.20571
0.10315
0.029556000000000002
0.0
0.0
0.0
0.0
0.0
0.0
0.0
0.0
0.0
0.0
0.0
0.0
0.0
0.0
0.02941
0.14880600000000002
0.408308
0.610765
0.691645
0.710208
0.6642290000000001
0.5552039999999999
0.374349
0.150667
0.002775
0.0
0.0
0.0
0.0
0.0
0.0
0.0
0.0
0.0
0.0
0.0
0.0
0.0
0.044151
0.259826
0.456017
0.5982580000000001
0.67416
0.6918909999999999
0.656648
0.5478999999999999
0.35993200000000003
0.14437799999999998
0.002184
0.0
0.0
0.0
0.0
0.0
0.0
0.0
0.0
0.0
0.0
0.0
0.0
0.0
0.025584
0.140472
0.228189
0.272794
0.247858
0.451467
0.541245
0.503298
0.341875
0.135672
0.001605
0.0
0.0
0.0
0.0
0.0
0.0
0.0
0.0
0.0
0.0
0.0
0.0
0.0
0.019468
0.13530099999999998
0.373919
0.559404
0.644358
0.665394
0.620623
0.515343
0.343991
0.132449
0.001088
0.0
0.0
0.0
0.0
0.0
0.0
0.0
0.0
0.0
0.0
0.0
0.0
0.0
0.032594
0.222029
0.417253
0.487704
0.38879199999999997
0.34693799999999997
0.28086900000000004
0.180988
0.11658400000000001
0.0422
0.0
0.0
0.0
0.0
0.0
0.0
0.0
0.0
0.0
0.0
0.0
0.0
0.0
0.0
0.004417
0.026373999999999998
0.053454999999999996
0.074615
0.087485
0.090891
0.083578
0.06615
0.041093000000000005
0.013702
0.0
0.0
0.0
0.0
0.0
0.0
0.0
0.0
0.0
0.0
0.0
0.0
0.0
0.0
0.006
0.074141
0.148198
0.20653
0.25446
0.460461
0.532158
0.489832
0.330609
0.111594
0.000303
0.0
0.0
0.0
0.0
0.0
0.0
0.0
0.0
0.0
0.0
0.0
0.0
0.0
0.022091
0.216478
0.392339
0.470511
0.39500599999999997
0.364477
0.293691
0.198795
0.11970900000000001
0.039437
0.0
0.0
0.0
0.0
0.0
0.0
0.0
0.0
0.0
0.0
0.0
0.0
0.0
0.0
0.020981000000000003
0.209617
0.415557
0.560696
0.6397229999999999
0.6550069999999999
0.609475
0.500203
0.323399
0.10535599999999999
0.0
0.0
0.0
0.0
0.0
0.0
0.0
0.0
0.0
0.0
0.0
0.0
0.0
0.0
0.018122
0.203859
0.407383
0.552921
0.63388
0.653532
0.610479
0.5004580000000001
0.321167
0.102633
0.0
0.0
0.0
0.0
0.0
0.0
0.0
0.0
0.0
0.0
0.0
0.0
0.0
0.0
0.015221
0.189421
0.387348
0.530182
0.612242
0.597379
0.471943
0.282395
0.15446600000000002
0.039865000000000005
0.0
0.0
0.0
0.0
0.0
0.0
0.0
0.0
0.0
0.0
0.0
0.0
0.0
0.0
0.014045
0.183567
0.387133
0.5337820000000001
0.613191
0.625226
0.5727000000000001
0.44527100000000003
0.29451299999999997
0.09257800000000001
0.0
0.0
0.0
0.0
0.0
0.0
0.0
0.0
0.0
0.0
0.0
0.0
0.0
0.0
0.010423
0.178435
0.362142
0.49082
0.545574
0.577192
0.534582
0.440173
0.2918
0.09052500000000001
0.0
0.0
0.0
0.0
0.0
0.0
0.0
0.0
0.0
0.0
0.0
0.0
0.0
0.0
0.0
0.020771
0.16764400000000002
0.367271
0.5292680000000001
0.5290940000000001
0.473326
0.358485
0.251209
0.082315
0.0
0.0
0.0
0.0
0.0
0.0
0.0
0.0
0.0
0.0
0.0
0.0
0.0
0.0
0.010117000000000001
0.17899600000000002
0.384113
0.495815
0.47561200000000003
0.414476
0.31562
0.16592300000000001
0.098748
0.029161000000000003
0.0
0.0
0.0
0.0
0.0
0.0
0.0
0.0
0.0
0.0
0.0
0.0
0.0
0.0
0.0
0.020087
0.046134
0.067574
0.080694
0.08370999999999999
0.07597
0.058925
0.034571
0.008562
0.0
0.0
0.0
0.0
0.0
0.0
0.0
0.0
0.0
0.0
0.0
0.0
0.0
0.0
0.0009649999999999999
0.057534999999999996
0.129154
0.18835300000000002
0.238528
0.246959
0.22349000000000002
0.168419
0.144397
0.048104
0.0
0.0
0.0
0.0
0.0
0.0
0.0
0.0
0.0
0.0
0.0
0.0
0.0
0.0
0.001688
0.058038
0.169222
0.28113900000000003
0.362508
0.595891
0.585918
0.48446
0.287734
0.081291
0.0
0.0
0.0
0.0
0.0
0.0
0.0
0.0
0.0
0.0
0.0
0.0
0.0
0.0
0.001451
0.056532
0.130312
0.20389500000000002
0.225806
0.234237
0.212481
0.165451
0.237754
0.072802
0.0
0.0
0.0
0.0
0.0
0.0
0.0
0.0
0.0
0.0
0.0
0.0
0.0
0.0
0.006019
0.16006
0.346989
0.503086
0.592902
0.555409
0.416047
0.17093799999999998
0.0732
0.013479
0.0
0.0
0.0
0.0
0.0
0.0
0.0
0.0
0.0
0.0
0.0
0.0
0.0
0.0
0.0
0.017224
0.043578000000000006
0.065244
0.078487
0.081583
0.073685
0.056473999999999996
0.053496
0.01911
0.0
0.0
0.0
0.0
0.0
0.0
0.0
0.0
0.0
0.0
0.0
0.0
0.0
0.0
0.0
0.016789000000000002
0.21091300000000002
0.430935
0.5721989999999999
0.595563
0.5448160000000001
0.425965
0.26945800000000003
0.069926
0.0
0.0
0.0
0.0
0.0
0.0
0.0
0.0
0.0
0.0
0.0
0.0
0.0
0.0
0.0020870000000000003
0.016787
0.12940000000000002
0.305949
0.458897
0.447938
0.368241
0.26287299999999997
0.2425
0.069441
0.0
0.0
0.0
0.0
0.0
0.0
0.0
0.0
0.0
0.0
0.0
0.0
0.0
0.0
0.00352
0.149037
0.349437
0.499379
0.585777
0.605979
0.5538759999999999
0.422012
0.26419099999999995
0.064954
0.0
0.0
0.0
0.0
0.0
0.0
0.0
0.0
0.0
0.0
0.0
0.0
0.0
0.0
0.0
0.015093
0.041728
0.06369
0.077291
0.080458
0.07332
0.055871000000000004
0.162383
0.056246000000000004
0.0
0.0
0.0
0.0
0.0
0.0
0.0
0.0
0.0
0.0
0.0
0.0
0.0
0.0
0.002473
0.144357
0.349668
0.505109
0.5971150000000001
0.61522
0.566194
0.449776
0.278034
0.066983
0.0
0.0
0.0
0.0
0.0
0.0
0.0
0.0
0.0
0.0
0.0
0.0
0.0
0.0
0.002047
0.10601300000000001
0.294781
0.457832
0.5654589999999999
0.6041449999999999
0.5436040000000001
0.440875
0.242396
0.046810000000000004
0.0
0.0
0.0
0.0
0.0
0.0
0.0
0.0
0.0
0.0
0.0
0.0
0.0
0.0
0.002022
0.138327
0.34095600000000004
0.49148899999999995
0.5793680000000001
0.597967
0.5519809999999999
0.435065
0.268189
0.065523
0.0
0.0
0.0
0.0
0.0
0.0
0.0
0.0
0.0
0.0
0.0
0.0
0.0
0.0
0.001485
0.13203600000000001
0.330167
0.422099
0.344563
0.310948
0.24702000000000002
0.148675
0.067231
0.010661
0.0
0.0
0.0
0.0
0.0
0.0
0.0
0.0
0.0
0.0
0.0
0.0
0.0
0.0
0.0
0.039889
0.085824
0.097247
0.073442
0.27496699999999996
0.391473
0.39765
0.214312
0.045918999999999995
0.0
0.0
0.0
0.0
0.0
0.0
0.0
0.0
0.0
0.0
0.0
0.0
0.0
0.0
0.0011040000000000002
0.13563499999999998
0.319485
0.470443
0.571591
0.5940850000000001
0.546021
0.402181
0.253556
0.064099
0.0
0.0
0.0
0.0
0.0
0.0
0.0
0.0
0.0
0.0
0.0
0.0
0.0
0.0
0.0011259999999999998
0.132576
0.315905
0.466717
0.570437
0.584019
0.47836399999999996
0.33458
0.17785900000000002
0.033109
0.0
0.0
0.0
0.0
0.0
0.0
0.0
0.0
0.0
0.0
0.0
0.0
0.0
0.0
0.00057
0.129686
0.32181099999999996
0.498004
0.6131789999999999
0.6401330000000001
0.590831
0.43731
0.264204
0.060954999999999995
0.0
0.0
0.0
0.0
0.0
0.0
0.0
0.0
0.0
0.0
0.0
0.0
0.0
0.0
0.000643
0.126665
0.316322
0.477686
0.5942200000000001
0.6216609999999999
0.5738690000000001
0.417298
0.255963
0.054652
0.0
0.0
0.0
0.0
0.0
0.0
0.0
0.0
0.0
0.0
0.0
0.0
0.0
0.0
0.00016900000000000002
0.122317
0.305928
0.47422699999999995
0.569375
0.5955990000000001
0.5526939999999999
0.430605
0.260442
0.058722
0.0
0.0
0.0
0.0
0.0
0.0
0.0
0.0
0.0
0.0
0.0
0.0
0.0
0.0
0.0
0.106663
0.303899
0.376896
0.20935800000000002
0.205528
0.187179
0.141794
0.079269
0.017277
0.0
0.0
0.0
0.0
0.0
0.0
0.0
0.0
0.0
0.0
0.0
0.0
0.0
0.0
0.0
0.035725
0.230207
0.444122
0.5956549999999999
0.6041599999999999
0.461118
0.267118
0.147808
0.031437
0.0
0.0
0.0
0.0
0.0
0.0
0.0
0.0
0.0
0.0
0.0
0.0
0.0
0.0
0.0
0.0692
0.17803899999999998
0.273274
0.353765
0.36787000000000003
0.338903
0.268598
0.130585
0.023173
0.0
0.0
0.0
0.0
0.0
0.0
0.0
0.0
0.0
0.0
0.0
0.0
0.0
0.0
0.0
0.010932
0.223298
0.441885
0.5797749999999999
0.604229
0.468352
0.26137299999999997
0.127276
0.022746
0.0
0.0
0.0
0.0
0.0
0.0
0.0
0.0
0.0
0.0
0.0
0.0
0.0
0.0
0.0
0.108738
0.308037
0.46361
0.5690109999999999
0.595179
0.5545869999999999
0.40916399999999997
0.257207
0.059027
0.0
0.0
0.0
0.0
0.0
0.0
0.0
0.0
0.0
0.0
0.0
0.0
0.0
0.0
0.0
0.071306
0.26942099999999997
0.440664
0.541235
0.583937
0.549648
0.40703100000000003
0.25345
0.058189
0.0
0.0
0.0
0.0
0.0
0.0
0.0
0.0
0.0
0.0
0.0
0.0
0.0
0.0
0.0
0.098256
0.30734100000000003
0.45546800000000004
0.54744
0.581262
0.545468
0.431238
0.263542
0.061229
0.0
0.0
0.0
0.0
0.0
0.0
0.0
0.0
0.0
0.0
0.0
0.0
0.0
0.0
0.0
0.093235
0.29923700000000003
0.44700599999999996
0.539882
0.5717949999999999
0.536307
0.424909
0.258993
0.059973
0.0
0.0
0.0
0.0
0.0
0.0
0.0
0.0
0.0
0.0
0.0
0.0
0.0
0.0
0.0
0.063349
0.212268
0.34660199999999997
0.420417
0.532891
0.5321319999999999
0.421344
0.25688799999999995
0.055284
0.0
0.0
0.0
0.0
0.0
0.0
0.0
0.0
0.0
0.0
0.0
0.0
0.0
0.0
0.0
0.028737
0.18506899999999998
0.366478
0.505884
0.532712
0.484183
0.398148
0.25171899999999997
0.055231
0.0
0.0
0.0
0.0
0.0
0.0
0.0
0.0
0.0
0.0
0.0
0.0
0.0
0.0
0.0
0.007365999999999999
0.179691
0.398841
0.539106
0.574024
0.534888
0.423618
0.24322
0.033091
0.0
0.0
0.0
0.0
0.0
0.0
0.0
0.0
0.0
0.0
0.0
0.0
0.0
0.0
0.0
0.007719999999999999
0.032659999999999995
0.055244
0.069904
0.331173
0.447749
0.418111
0.231626
0.038218
0.0
0.0
0.0
0.0
0.0
0.0
0.0
0.0
0.0
0.0
0.0
0.0
0.0
0.0
0.0
0.025629000000000002
0.091992
0.164699
0.19153399999999998
0.25865499999999997
0.276286
0.259618
0.14296999999999999
0.029206
0.0
0.0
0.0
0.0
0.0
0.0
0.0
0.0
0.0
0.0
0.0
0.0
0.0
0.0
0.0
0.024821000000000003
0.09116800000000001
0.163304
0.191069
0.16093100000000002
0.108369
0.050540999999999996
0.027825
0.004377
0.0
0.0
0.0
0.0
0.0
0.0
0.0
0.0
0.0
0.0
0.0
0.0
0.0
0.0
0.0
0.006721
0.05047
0.11715600000000001
0.18831
0.34574
0.417782
0.393256
0.249685
0.053537999999999995
0.0
0.0
0.0
0.0
0.0
0.0
0.0
0.0
0.0
0.0
0.0
0.0
0.0
0.0
0.0
0.007006
0.031932
0.054221
0.06925100000000001
0.37918599999999997
0.478397
0.41792399999999996
0.265599
0.062934
0.0
0.0
0.0
0.0
0.0
0.0
0.0
0.0
0.0
0.0
0.0
0.0
0.0
0.0
0.0
0.037372999999999997
0.24909
0.43383
0.5619930000000001
0.595175
0.47444400000000003
0.257428
0.231572
0.056977
0.0
0.0
0.0
0.0
0.0
0.0
0.0
0.0
0.0
0.0
0.0
0.0
0.0
0.0
0.0
0.006208
0.031088
0.053468
0.068573
0.07345099999999999
0.067833
0.051781
0.029369
0.005352
0.0
0.0
0.0
0.0
0.0
0.0
0.0
0.0
0.0
0.0
0.0
0.0
0.0
0.0
0.0
0.070172
0.239457
0.251873
0.067464
0.32406799999999997
0.442716
0.418283
0.234016
0.04425
0.0
0.0
0.0
0.0
0.0
0.0
0.0
0.0
0.0
0.0
0.0
0.0
0.0
0.0
0.0
0.069272
0.269083
0.436256
0.563429
0.5980650000000001
0.561499
0.42253199999999996
0.265314
0.059416
0.0
0.0
0.0
0.0
0.0
0.0
0.0
0.0
0.0
0.0
0.0
0.0
0.0
0.0
0.0
0.005356
0.030068
0.052346
0.067458
0.407663
0.498662
0.410372
0.262093
0.060125
0.0
0.0
0.0
0.0
0.0
0.0
0.0
0.0
0.0
0.0
0.0
0.0
0.0
0.0
0.0
0.061639000000000006
0.25240199999999996
0.347861
0.31531200000000004
0.322856
0.301584
0.240989
0.14148
0.031089
0.0
0.0
0.0
0.0
0.0
0.0
0.0
0.0
0.0
0.0
0.0
0.0
0.0
0.0
0.0
0.063992
0.254227
0.346566
0.203578
0.255013
0.275584
0.26261700000000004
0.17304499999999998
0.040247
0.0
0.0
0.0
0.0
0.0
0.0
0.0
0.0
0.0
0.0
0.0
0.0
0.0
0.0
0.0
0.057566
0.255036
0.42443200000000003
0.525587
0.518946
0.432424
0.25600599999999996
0.17647100000000002
0.041764
0.0
0.0
0.0
0.0
0.0
0.0
0.0
0.0
0.0
0.0
0.0
0.0
0.0
0.0
0.0
0.063444
0.273953
0.432672
0.5625030000000001
0.608407
0.5778110000000001
0.43879700000000005
0.276606
0.066167
0.0
0.0
0.0
0.0
0.0
0.0
0.0
0.0
0.0
0.0
0.0
0.0
0.0
0.0
0.0
0.019361
0.084729
0.15682
0.186542
0.16048300000000001
0.108832
0.05116
0.048614
0.017059
0.0
0.0
0.0
0.0
0.0
0.0
0.0
0.0
0.0
0.0
0.0
0.0
0.0
0.0
0.0
0.018609
0.08503100000000001
0.162938
0.196678
0.21222200000000002
0.199015
0.157935
0.092295
0.023649999999999997
0.0
0.0
0.0
0.0
0.0
0.0
0.0
0.0
0.0
0.0
0.0
0.0
0.0
0.0
0.0
0.057453000000000004
0.277627
0.444293
0.579397
0.621409
0.586528
0.446384
0.291567
0.075803
0.0
0.0
0.0
0.0
0.0
0.0
0.0
0.0
0.0
0.0
0.0
0.0
0.0
0.0
0.0
0.053617
0.25726299999999996
0.42575799999999997
0.561249
0.604758
0.573671
0.438214
0.28255399999999997
0.076621
0.0
0.0
0.0
0.0
0.0
0.0
0.0
0.0
0.0
0.0
0.0
0.0
0.0
0.0
0.0
0.017521000000000002
0.118138
0.281283
0.42243
0.521674
0.549056
0.431768
0.288272
0.078
0.0
0.0
0.0
0.0
0.0
0.0
0.0
0.0
0.0
0.0
0.0
0.0
0.0
0.0
0.0
0.017799
0.10045399999999999
0.219068
0.306201
0.26103899999999997
0.15422999999999998
0.053867
0.031869
0.007468
0.0
0.0
0.0
0.0
0.0
0.0
0.0
0.0
0.0
0.0
0.0
0.0
0.0
0.0
0.0
0.017011
0.079556
0.142203
0.18606999999999999
0.200537
0.188168
0.149625
0.08882899999999999
0.024440999999999997
0.0
0.0
0.0
0.0
0.0
0.0
0.0
