0.0
0.0
0.0
0.0
0.0
0.0
0.0
0.0
0.0
0.061796
0.096504
0.35648
0.69299
0.538344
0.20827199999999998
0.169971
0.37695100000000004
0.047205
0.0
0.0
0.0
0.0
0.0
0.0
0.0
0.0
0.0
0.0
0.0
0.0
0.0
0.0
0.0
0.040192
0.271415
0.46243900000000004
0.5837380000000001
0.6111420000000001
0.5635370000000001
0.38750599999999996
0.315771
0.008763
0.0
0.0
0.0
0.0
0.0
0.0
0.0
0.0
0.0
0.0
0.0
0.0
0.0
0.0
0.0
0.06568500000000001
0.247918
0.40847100000000003
0.5583239999999999
0.5848450000000001
0.602124
0.475897
0.33884699999999995
0.053132
0.0
0.0
0.0
0.0
0.0
0.0
0.0
0.0
0.0
0.0
0.0
0.0
0.0
0.0
0.0
0.08796599999999999
0.12458799999999999
0.20022700000000002
0.664273
0.698112
0.261427
0.5599529999999999
0.139687
0.027562
0.0
0.0
0.0
0.0
0.0
0.0
0.0
0.0
0.0
0.0
0.0
0.0
0.0
0.0
0.0
0.06675700000000001
0.10696800000000001
0.391343
0.584452
0.606226
0.6324740000000001
0.569904
0.38453699999999996
0.053891
0.0
0.0
0.0
0.0
0.0
0.0
0.0
0.0
0.0
0.0
0.0
0.0
0.0
0.0
0.0
0.043456
0.28845
0.259801
0.571074
0.596833
0.42436799999999997
0.5148010000000001
0.34791500000000003
0.015057000000000001
0.0
0.0
0.0
0.0
0.0
0.0
0.0
0.0
0.0
0.0
0.0
0.0
0.0
0.0
0.0
0.065556
0.24542
0.41056200000000004
0.541458
0.621533
0.614913
0.55551
0.11971599999999999
0.051823
0.0
0.0
0.0
0.0
0.0
0.0
0.0
0.0
0.0
0.0
0.0
0.0
0.0
0.0
0.0
0.065956
0.264764
0.373226
0.211468
0.567191
0.652043
0.563001
0.401676
0.029062
0.0
0.0
0.0
0.0
0.0
0.0
0.0
0.0
0.0
0.0
0.0
0.0
0.0
0.0
0.0
0.068672
0.106521
0.172137
0.505237
0.238005
0.596204
0.562126
0.43762599999999996
0.032572000000000004
0.0
0.0
0.0
0.0
0.0
0.0
0.0
0.0
0.0
0.0
0.0
0.0
0.0
0.0
0.0
0.06957200000000001
0.31652800000000003
0.523182
0.497616
0.567947
0.22368100000000002
0.182969
0.410791
0.032043999999999996
0.0
0.0
0.0
0.0
0.0
0.0
0.0
0.0
0.0
0.0
0.0
0.0
0.0
0.0
0.0
0.06958400000000001
0.10638299999999999
0.374001
0.488588
0.597668
0.621158
0.538216
0.376758
0.019715
0.0
0.0
0.0
0.0
0.0
0.0
0.0
0.0
0.0
0.0
0.0
0.0
0.0
0.0
0.0
0.083396
0.13481800000000002
0.213027
0.617833
0.682093
0.670104
0.222153
0.14927600000000002
0.102669
0.0
0.0
0.0
0.0
0.0
0.0
0.0
0.0
0.0
0.0
0.0
0.0
0.0
0.0
0.0
0.138347
0.122741
0.194055
0.244705
0.823138
0.252194
0.20751
0.140494
0.156818
0.0
0.0
0.0
0.0
0.0
0.0
0.0
0.0
0.0
0.0
0.0
0.0
0.0
0.0
0.0
0.05138
0.318458
0.528451
0.36761200000000005
0.658256
0.432291
0.531775
0.376869
0.100438
0.0
0.0
0.0
0.0
0.0
0.0
0.0
0.0
0.0
0.0
0.0
0.0
0.0
0.0
0.0
0.082218
0.270441
0.423251
0.564674
0.591866
0.6005280000000001
0.55147
0.14216399999999998
0.10549299999999999
0.0
0.0
0.0
0.0
0.0
0.0
0.0
0.0
0.0
0.0
0.0
0.0
0.0
0.0
0.0
0.073958
0.107507
0.375365
0.534053
0.564645
0.582308
0.549396
0.39427300000000004
0.12067499999999999
0.0
0.0
0.0
0.0
0.0
0.0
0.0
0.0
0.0
0.0
0.0
0.0
0.0
0.0
0.0
0.083628
0.287646
0.479379
0.56598
0.26581
0.659946
0.537593
0.405303
0.10812000000000001
0.0
0.0
0.0
0.0
0.0
0.0
0.0
0.0
0.0
0.0
0.0
0.0
0.0
0.0
0.0
0.114884
0.110308
0.172984
0.686961
0.235264
0.7936040000000001
0.18293299999999998
0.12364499999999999
0.056698
0.0
0.0
0.0
0.0
0.0
0.0
0.0
0.0
0.0
0.0
0.0
0.0
0.0
0.0
0.0
0.069398
0.06886199999999999
0.31317700000000004
0.40602699999999997
0.153664
0.146503
0.42245699999999997
0.08078400000000001
0.157136
0.0
0.0
0.0
0.0
0.0
0.0
0.0
0.0
0.0
0.0
0.0
0.0
0.0
0.0
0.0
0.091458
0.13156
0.430587
0.569076
0.598504
0.617694
0.5347029999999999
0.386731
0.113916
0.0
0.0
0.0
0.0
0.0
0.0
0.0
0.0
0.0
0.0
0.0
0.0
0.0
0.0
0.0
0.092606
0.270931
0.467904
0.5897830000000001
0.625949
0.614312
0.564894
0.14837999999999998
0.069589
0.0
0.0
0.0
0.0
0.0
0.0
0.0
0.0
0.0
0.0
0.0
0.0
0.0
0.0
0.0
0.055302
0.312498
0.511283
0.35158999999999996
0.6801079999999999
0.411242
0.560816
0.407895
0.131532
0.0
0.0
0.0
0.0
0.0
0.0
0.0
0.0
0.0
0.0
0.0
0.0
0.0
0.0
0.0
0.056034999999999995
0.289997
0.476414
0.6104310000000001
0.6443690000000001
0.623807
0.536476
0.35636599999999996
0.125642
0.0
0.0
0.0
0.0
0.0
0.0
0.0
0.0
0.0
0.0
0.0
0.0
0.0
0.0
0.0
0.136723
0.108884
0.5830420000000001
0.751054
0.229659
0.21681999999999998
0.17863800000000002
0.122267
0.058619
0.000977
0.0
0.0
0.0
0.0
0.0
0.0
0.0
0.0
0.0
0.0
0.0
0.0
0.0
0.0
0.10270900000000001
0.289589
0.525737
0.600012
0.296942
0.287493
0.581327
0.162964
0.15587700000000002
0.00294
0.0
0.0
0.0
0.0
0.0
0.0
0.0
0.0
0.0
0.0
0.0
0.0
0.0
0.0
0.10376200000000001
0.303124
0.489541
0.610933
0.6453049999999999
0.6444690000000001
0.594495
0.156767
0.077232
0.0
0.0
0.0
0.0
0.0
0.0
0.0
0.0
0.0
0.0
0.0
0.0
0.0
0.0
0.0
0.109789
0.152595
0.23053200000000001
0.285448
0.7015929999999999
0.690736
0.602763
0.168677
0.17384899999999998
0.00092
0.0
0.0
0.0
0.0
0.0
0.0
0.0
0.0
0.0
0.0
0.0
0.0
0.0
0.0
0.061679000000000005
0.30596300000000004
0.48933499999999996
0.6123529999999999
0.645454
0.645104
0.405877
0.418291
0.16397
0.0
0.0
0.0
0.0
0.0
0.0
0.0
0.0
0.0
0.0
0.0
0.0
0.0
0.0
0.0
0.059855
0.34450200000000003
0.26137900000000003
0.34095800000000004
0.388755
0.6923830000000001
0.606173
0.45204700000000003
0.187173
0.00098
0.0
0.0
0.0
0.0
0.0
0.0
0.0
0.0
0.0
0.0
0.0
0.0
0.0
0.0
0.092489
0.22928
0.355005
0.163601
0.17593899999999998
0.51897
0.46769099999999997
0.09605
0.047518
0.003316
0.0
0.0
0.0
0.0
0.0
0.0
0.0
0.0
0.0
0.0
0.0
0.0
0.0
0.0
0.127127
0.13465
0.511067
0.654441
0.27092700000000003
0.773145
0.215559
0.150941
0.23092
0.007389000000000001
0.0
0.0
0.0
0.0
0.0
0.0
0.0
0.0
0.0
0.0
0.0
0.0
0.0
0.0
0.10502
0.332409
0.42396
0.25292
0.608541
0.691637
0.628257
0.472339
0.078973
0.008659
0.0
0.0
0.0
0.0
0.0
0.0
0.0
0.0
0.0
0.0
0.0
0.0
0.0
0.0
0.113217
0.336728
0.532904
0.661657
0.678079
0.275929
0.627774
0.474769
0.083468
0.002656
0.0
0.0
0.0
0.0
0.0
0.0
0.0
0.0
0.0
0.0
0.0
0.0
0.0
0.0
0.107996
0.135816
0.421714
0.722614
0.608078
0.629623
0.212518
0.149058
0.235109
0.009729
0.0
0.0
0.0
0.0
0.0
0.0
0.0
0.0
0.0
0.0
0.0
0.0
0.0
0.0
0.131107
0.425944
0.521773
0.664181
0.33719
0.323587
0.270243
0.191592
0.100559
0.003422
0.0
0.0
0.0
0.0
0.0
0.0
0.0
0.0
0.0
0.0
0.0
0.0
0.0
0.0
0.113682
0.297567
0.464755
0.595174
0.662781
0.71145
0.59915
0.459885
0.238165
0.013449
0.0
0.0
0.0
0.0
0.0
0.0
0.0
0.0
0.0
0.0
0.0
0.0
0.0
0.0
0.06776900000000001
0.286207
0.463287
0.569535
0.675804
0.691203
0.6057910000000001
0.492794
0.24296199999999998
0.012936
0.0
0.0
0.0
0.0
0.0
0.0
0.0
0.0
0.0
0.0
0.0
0.0
0.0
0.0
0.112648
0.138484
0.423261
0.5719249999999999
0.650949
0.691002
0.6171939999999999
0.472969
0.254061
0.003581
0.0
0.0
0.0
0.0
0.0
0.0
0.0
0.0
0.0
0.0
0.0
0.0
0.0
0.0
0.06718099999999999
0.140623
0.426211
0.541843
0.7119800000000001
0.6357970000000001
0.647799
0.5119549999999999
0.08322199999999999
0.008379
0.0
0.0
0.0
0.0
0.0
0.0
0.0
0.0
0.0
0.0
0.0
0.0
0.0
0.0
0.123759
0.302556
0.463785
0.542644
0.6626799999999999
0.7007129999999999
0.5896290000000001
0.156298
0.08460200000000001
0.008385
0.0
0.0
0.0
0.0
0.0
0.0
0.0
0.0
0.0
0.0
0.0
0.0
0.0
0.0
0.132566
0.333594
0.5145449999999999
0.6582100000000001
0.6942140000000001
0.672238
0.594055
0.460937
0.23285499999999998
0.0020659999999999997
0.0
0.0
0.0
0.0
0.0
0.0
0.0
0.0
0.0
0.0
0.0
0.0
0.0
0.0
0.1394
0.172572
0.248195
0.301896
0.695742
0.321443
0.6561440000000001
0.507491
0.27469299999999996
0.012298
0.0
0.0
0.0
0.0
0.0
0.0
0.0
0.0
0.0
0.0
0.0
0.0
0.0
0.0
0.133438
0.352823
0.539824
0.612713
0.69125
0.29848
0.661437
0.485365
0.27087
0.005148
0.0
0.0
0.0
0.0
0.0
0.0
0.0
0.0
0.0
0.0
0.0
0.0
0.0
0.0
0.146337
0.115326
0.16980099999999998
0.208459
0.6767519999999999
0.690748
0.180721
0.129355
0.330685
0.021431000000000002
0.0
0.0
0.0
0.0
0.0
0.0
0.0
0.0
0.0
0.0
0.0
0.0
0.0
0.002027
0.069605
0.269772
0.489105
0.528447
0.70602
0.60622
0.558509
0.154546
0.085788
0.013514
0.0
0.0
0.0
0.0
0.0
0.0
0.0
0.0
0.0
0.0
0.0
0.0
0.0
0.0
0.178052
0.206996
0.312999
0.660563
0.69492
0.479725
0.6473490000000001
0.388101
0.275023
0.004405
0.0
0.0
0.0
0.0
0.0
0.0
0.0
0.0
0.0
0.0
0.0
0.0
0.0
0.00256
0.140127
0.16697800000000002
0.488444
0.672207
0.7037680000000001
0.715663
0.666945
0.496654
0.29318500000000003
0.025835999999999998
0.0
0.0
0.0
0.0
0.0
0.0
0.0
0.0
0.0
0.0
0.0
0.0
0.0
0.004396
0.16602799999999998
0.370416
0.433145
0.676045
0.596058
0.275142
0.23189500000000002
0.516961
0.31305299999999997
0.024797999999999997
0.0
0.0
0.0
0.0
0.0
0.0
0.0
0.0
0.0
0.0
0.0
0.0
0.0
0.004963
0.08857899999999999
0.321921
0.53916
0.67844
0.67487
0.293819
0.6483410000000001
0.5004700000000001
0.284587
0.013089
0.0
0.0
0.0
0.0
0.0
0.0
0.0
0.0
0.0
0.0
0.0
0.0
0.0
0.005997
0.148468
0.311393
0.46616
0.645086
0.72872
0.69917
0.245836
0.547965
0.29237599999999997
0.009108
0.0
0.0
0.0
0.0
0.0
0.0
0.0
0.0
0.0
0.0
0.0
0.0
0.0
0.009576000000000001
0.079866
0.15222999999999998
0.489785
0.615939
0.687671
0.707823
0.229572
0.552538
0.09553199999999999
0.027026
0.0
0.0
0.0
0.0
0.0
0.0
0.0
0.0
0.0
0.0
0.0
0.0
0.0
0.009253
0.19289699999999999
0.420882
0.4547
0.5689529999999999
0.292833
0.666475
0.241254
0.535003
0.318844
0.017654
0.0
0.0
0.0
0.0
0.0
0.0
0.0
0.0
0.0
0.0
0.0
0.0
0.0
0.008569
0.154725
0.346086
0.521363
0.656597
0.718751
0.693196
0.616678
0.522889
0.308882
0.034665
0.0
0.0
0.0
0.0
0.0
0.0
0.0
0.0
0.0
0.0
0.0
0.0
0.0
0.016382999999999998
0.167619
0.13945500000000002
0.509138
0.636396
0.256651
0.722916
0.211617
0.156362
0.376861
0.028585999999999997
0.0
0.0
0.0
0.0
0.0
0.0
0.0
0.0
0.0
0.0
0.0
0.0
0.0
0.020032
0.087748
0.160866
0.5610259999999999
0.27099
0.288435
0.806665
0.746125
0.176651
0.370719
0.033114
0.0
0.0
0.0
0.0
0.0
0.0
0.0
0.0
0.0
0.0
0.0
0.0
0.0
0.006214000000000001
0.16981800000000002
0.370028
0.548432
0.679875
0.7151430000000001
0.712878
0.43238600000000005
0.503351
0.300454
0.008815
0.0
0.0
0.0
0.0
0.0
0.0
0.0
0.0
0.0
0.0
0.0
0.0
0.0
0.022045000000000002
0.16837100000000002
0.15928399999999998
0.517639
0.6470159999999999
0.289565
0.718073
0.661678
0.17322900000000002
0.103612
0.029539000000000003
0.0
0.0
0.0
0.0
0.0
0.0
0.0
0.0
0.0
0.0
0.0
0.0
0.0
0.028704999999999998
0.091514
0.16598500000000002
0.594357
0.280775
0.30206099999999997
0.833333
0.249921
0.654846
0.40039800000000003
0.037522
0.0
0.0
0.0
0.0
0.0
0.0
0.0
0.0
0.0
0.0
0.0
0.0
0.0
0.045255000000000004
0.11761100000000001
0.209882
0.73291
0.346245
0.36770400000000003
0.359545
0.305533
0.645073
0.137333
0.048598999999999996
0.0
0.0
0.0
0.0
0.0
0.0
0.0
0.0
0.0
0.0
0.0
0.0
0.0
0.02417
0.09594499999999999
0.324324
0.699678
0.5975320000000001
0.311623
0.301082
0.639495
0.195107
0.118672
0.042728999999999996
0.0
0.0
0.0
0.0
0.0
0.0
0.0
0.0
0.0
0.0
0.0
0.0
0.0
0.02457
0.122473
0.215465
0.297579
0.726486
0.734923
0.760664
0.638163
0.5091720000000001
0.31535399999999997
0.011087999999999999
0.0
0.0
0.0
0.0
0.0
0.0
0.0
0.0
0.0
0.0
0.0
0.0
0.0
0.014570999999999999
0.201043
0.41705000000000003
0.33675499999999997
0.693763
0.730562
0.4943
0.6526230000000001
0.517377
0.320122
0.011773
0.0
0.0
0.0
0.0
0.0
0.0
0.0
0.0
0.0
0.0
0.0
0.0
0.0
0.015368999999999999
0.21577000000000002
0.228779
0.591569
0.431791
0.490087
0.7012269999999999
0.628244
0.504543
0.318147
0.012494
0.0
0.0
0.0
0.0
0.0
0.0
0.0
0.0
0.0
0.0
0.0
0.0
0.0
0.028759
0.192019
0.388967
0.551115
0.6522530000000001
0.34875799999999996
0.743923
0.6304690000000001
0.507661
0.31983100000000003
0.018194
0.0
0.0
0.0
0.0
0.0
0.0
0.0
0.0
0.0
0.0
0.0
0.0
0.0
0.034311999999999995
0.197117
0.21496
0.577256
0.351945
0.374738
0.356614
0.714407
0.569933
0.37088099999999996
0.024853
0.0
0.0
0.0
0.0
0.0
0.0
0.0
0.0
0.0
0.0
0.0
0.0
0.0
0.035842
0.189287
0.202971
0.542766
0.32999
0.7514379999999999
0.784659
0.735298
0.570412
0.364093
0.019620000000000002
0.0
0.0
0.0
0.0
0.0
0.0
0.0
0.0
0.0
0.0
0.0
0.0
0.0
0.037494
0.11829200000000001
0.37304899999999996
0.5542440000000001
0.670507
0.767102
0.772255
0.692322
0.5560320000000001
0.382249
0.017507
0.0
0.0
0.0
0.0
0.0
0.0
0.0
0.0
0.0
0.0
0.0
0.0
0.0
0.039404
0.104613
0.179455
0.246309
0.604885
0.672381
0.674881
0.621272
0.652494
0.403667
0.036286
0.0
0.0
0.0
0.0
0.0
0.0
0.0
0.0
0.0
0.0
0.0
0.0
0.0
0.04238
0.112884
0.19159
0.507891
0.31058600000000003
0.686563
0.31518999999999997
0.6429320000000001
0.646292
0.39938799999999997
0.053902
0.0
0.0
0.0
0.0
0.0
0.0
0.0
0.0
0.0
0.0
0.0
0.0
0.0
0.04083
0.065188
0.112947
0.391889
0.18624000000000002
0.199042
0.531258
0.481346
0.395065
0.078416
0.10480500000000001
0.0
0.0
0.0
0.0
0.0
0.0
0.0
0.0
0.0
0.0
0.0
0.0
0.0
0.043853
0.13969800000000002
0.233256
0.605821
0.716035
0.749191
0.73891
0.661365
0.5310349999999999
0.36789299999999997
0.067327
0.0
0.0
0.0
0.0
0.0
0.0
0.0
0.0
0.0
0.0
0.0
0.0
0.0
0.059885
0.08418
0.143617
0.5542619999999999
0.679311
0.251977
0.243066
0.689107
0.161393
0.10212600000000001
0.044128999999999995
0.0
0.0
0.0
0.0
0.0
0.0
0.0
0.0
0.0
0.0
0.0
0.0
0.0
0.026047
0.205653
0.40116199999999996
0.5797279999999999
0.7238150000000001
0.778263
0.755246
0.6749149999999999
0.538753
0.348551
0.072235
0.0
0.0
0.0
0.0
0.0
0.0
0.0
0.0
0.0
0.0
0.0
0.0
0.0
0.049220999999999994
0.346448
0.53308
0.5336259999999999
0.336209
0.724424
0.7839349999999999
0.3044
0.233879
0.150388
0.067588
0.0
0.0
0.0
0.0
0.0
0.0
0.0
0.0
0.0
0.0
0.0
0.0
0.0
0.07791
0.284839
0.198781
0.267835
0.316828
0.335331
0.833333
0.833333
0.209924
0.134242
0.13100299999999998
0.0
0.0
0.0
0.0
0.0
0.0
0.0
0.0
0.0
0.0
0.0
0.0
0.0
0.116258
0.135553
0.623853
0.29685700000000004
0.349516
0.371045
0.362495
0.314299
0.732275
0.157679
0.072226
0.000903
0.0
0.0
0.0
0.0
0.0
0.0
0.0
0.0
0.0
0.0
0.0
0.0
0.054398
0.232509
0.440561
0.6303070000000001
0.747564
0.770297
0.752768
0.722386
0.25310900000000003
0.38463400000000003
0.081766
0.0
0.0
0.0
0.0
0.0
0.0
0.0
0.0
0.0
0.0
0.0
0.0
0.0
0.056188
0.122121
0.198208
0.491262
0.30894600000000005
0.6463139999999999
0.833333
0.664852
0.21937
0.414967
0.066594
0.0
0.0
0.0
0.0
0.0
0.0
0.0
0.0
0.0
0.0
0.0
0.0
0.0
0.045583
0.140071
0.242664
0.146945
0.40810599999999997
0.446111
0.181305
0.415985
0.122245
0.255203
0.12656399999999998
0.0
0.0
0.0
0.0
0.0
0.0
0.0
0.0
0.0
0.0
0.0
0.0
0.0
0.060891
0.12168899999999999
0.19655699999999998
0.261836
0.307537
0.326204
0.314606
0.615051
0.211335
0.138886
0.124317
0.006299000000000001
0.0
0.0
0.0
0.0
0.0
0.0
0.0
0.0
0.0
0.0
0.0
0.0
0.058286000000000004
0.175362
0.311404
0.190045
0.526826
0.5767859999999999
0.578911
0.202981
0.15676400000000001
0.343499
0.139887
0.0031450000000000002
0.0
0.0
0.0
0.0
0.0
0.0
0.0
0.0
0.0
0.0
0.0
0.0
0.050485
0.067231
0.248731
0.34358
0.175387
0.453154
0.445805
0.41137599999999996
0.121152
0.079503
0.037846
0.000994
0.0
0.0
0.0
0.0
0.0
0.0
0.0
0.0
0.0
0.0
0.0
0.0
0.067236
0.130472
0.37545
0.770438
0.626064
0.685494
0.330675
0.288694
0.225105
0.432526
0.073302
0.005986
0.0
0.0
0.0
0.0
0.0
0.0
0.0
0.0
0.0
0.0
0.0
0.0
0.06891
0.267989
0.431833
0.318873
0.7367659999999999
0.811879
0.782692
0.701168
0.602291
0.171637
0.125587
0.000182
0.0
0.0
0.0
0.0
0.0
0.0
0.0
0.0
0.0
0.0
0.0
0.0
0.051613
0.061785
0.23278200000000002
0.132652
0.156631
0.41632600000000003
0.409577
0.370062
0.109874
0.22709700000000002
0.034677
0.0024790000000000003
0.0
0.0
0.0
0.0
0.0
0.0
0.0
0.0
0.0
0.0
0.0
0.0
0.069027
0.146291
0.412143
0.579913
0.6915739999999999
0.7702060000000001
0.76647
0.687375
0.558726
0.37734500000000004
0.115617
0.00087
0.0
0.0
0.0
0.0
0.0
0.0
0.0
0.0
0.0
0.0
0.0
0.0
0.066206
0.240592
0.418312
0.601905
0.735606
0.765955
0.73305
0.7047859999999999
0.24973099999999998
0.392019
0.129797
0.000756
0.0
0.0
0.0
0.0
0.0
0.0
0.0
0.0
0.0
0.0
0.0
0.0
0.07195
0.255915
0.456336
0.358344
0.755085
0.791498
0.7874009999999999
0.478346
0.576021
0.391267
0.126057
0.001742
0.0
0.0
0.0
0.0
0.0
0.0
0.0
0.0
0.0
0.0
0.0
0.0
0.056985
0.064494
0.240808
0.326348
0.16011699999999998
0.424006
0.165324
0.144577
0.31210899999999997
0.23461500000000002
0.170102
0.00423
0.0
0.0
0.0
0.0
0.0
0.0
0.0
0.0
0.0
0.0
0.0
0.0
0.057012
0.143174
0.102745
0.314259
0.375589
0.406481
0.399702
0.14357
0.113036
0.076386
0.039155
0.005182
0.0
0.0
0.0
0.0
0.0
0.0
0.0
0.0
0.0
0.0
0.0
0.0
0.09129999999999999
0.290296
0.395534
0.6667949999999999
0.64938
0.35944299999999996
0.34880500000000003
0.682273
0.568962
0.41018400000000005
0.088774
0.016835
0.0
0.0
0.0
0.0
0.0
0.0
0.0
0.0
0.0
0.0
0.0
0.0
0.061221
0.064932
0.102729
0.327874
0.391129
0.168066
0.422099
0.381849
0.112675
0.076499
0.039361
0.011896
0.0
0.0
0.0
0.0
0.0
0.0
0.0
0.0
0.0
0.0
0.0
0.0
0.078068
0.264666
0.459947
0.6226799999999999
0.695191
0.720896
0.705754
0.634971
0.520722
0.35883699999999996
0.12445099999999999
0.000994
0.0
0.0
0.0
0.0
0.0
0.0
0.0
0.0
0.0
0.0
0.0
0.0
0.078041
0.260124
0.449724
0.6199049999999999
0.706183
0.731795
0.726071
0.650928
0.531658
0.36622000000000005
0.127453
0.001664
0.0
0.0
0.0
0.0
0.0
0.0
0.0
0.0
0.0
0.0
0.0
0.0
0.082515
0.268432
0.46469
0.640097
0.7155119999999999
0.741167
0.728621
0.6539149999999999
0.5341910000000001
0.350569
0.13031399999999999
0.001588
0.0
0.0
0.0
0.0
0.0
0.0
0.0
0.0
0.0
0.0
0.0
0.001581
0.045026000000000004
0.09533799999999999
0.148228
0.19432
0.22775800000000002
0.242357
0.23398
0.20634
0.164165
0.11267100000000001
0.060113
0.012718
0.0
0.0
0.0
0.0
0.0
0.0
0.0
0.0
0.0
0.0
0.0
0.006383
0.057565
0.119759
0.181493
0.613366
0.728437
0.28748700000000005
0.732957
0.239333
0.191602
0.133286
0.21248699999999998
0.017378
0.0
0.0
0.0
0.0
0.0
0.0
0.0
0.0
0.0
0.0
0.0
0.003741
0.069738
0.16228299999999998
0.258452
0.150242
0.174764
0.44254899999999997
0.436757
0.156551
0.33228399999999997
0.24816300000000002
0.045908000000000004
0.010609
0.0
0.0
0.0
0.0
0.0
0.0
0.0
0.0
0.0
0.0
0.0
0.002512
0.072004
0.145506
0.217698
0.28027300000000005
0.603894
0.65332
0.339457
0.654428
0.5631130000000001
0.504674
0.217583
0.015342
0.0
0.0
0.0
0.0
0.0
0.0
0.0
0.0
0.0
0.0
0.0
0.0
0.057029
0.320147
0.534
0.6805549999999999
0.46437
0.783198
0.5066700000000001
0.6628350000000001
0.417388
0.38591699999999995
0.15327000000000002
0.006384
0.0
0.0
0.0
0.0
0.0
0.0
0.0
0.0
0.0
0.0
0.0
0.0008629999999999999
0.090714
0.266035
0.44852800000000004
0.601515
0.724385
0.7681420000000001
0.725469
0.619859
0.515823
0.39198200000000005
0.103776
0.029030999999999998
0.0
0.0
0.0
0.0
0.0
0.0
0.0
0.0
0.0
0.0
0.0
0.003714
0.069929
0.228993
0.372524
0.533014
0.642513
0.702799
0.708183
0.6079880000000001
0.22158699999999998
0.422973
0.16958099999999998
0.015763
0.0
0.0
0.0
0.0
0.0
0.0
0.0
0.0
0.0
0.0
0.0
0.002887
0.09615399999999999
0.276331
0.459453
0.628533
0.7571330000000001
0.816206
0.77603
0.727604
0.2602
0.182165
0.10215
0.0299
0.0
0.0
0.0
0.0
0.0
0.0
0.0
0.0
0.0
0.0
0.0
0.001155
0.091704
0.27610700000000005
0.452567
0.613897
0.708074
0.731177
0.736019
0.710006
0.539111
0.375251
0.149899
0.009394999999999999
0.0
0.0
0.0
0.0
0.0
0.0
0.0
0.0
0.0
0.0
0.0
0.001879
0.091531
0.27680200000000005
0.45634399999999997
0.6214529999999999
0.736217
0.7610589999999999
0.7028150000000001
0.632638
0.559375
0.366879
0.148876
0.004658000000000001
0.0
0.0
0.0
0.0
0.0
0.0
0.0
0.0
0.0
0.0
0.0
0.0
0.100502
0.282674
0.469418
0.37081200000000003
0.7252799999999999
0.74972
0.7309349999999999
0.6579919999999999
0.5406040000000001
0.378778
0.153504
0.005476
0.0
0.0
0.0
0.0
0.0
0.0
0.0
0.0
0.0
0.0
0.0
0.0029140000000000004
0.093888
0.27704500000000004
0.453357
0.613377
0.7134400000000001
0.736782
0.771478
0.6463289999999999
0.571228
0.372062
0.15192
0.004646
0.0
0.0
0.0
0.0
0.0
0.0
0.0
0.0
0.0
0.0
0.0
0.003686
0.090412
0.266096
0.431477
0.584393
0.694159
0.730799
0.695352
0.59342
0.497107
0.35825599999999996
0.153359
0.011368
0.0
0.0
0.0
0.0
0.0
0.0
0.0
0.0
0.0
0.0
0.0
0.027231
0.079054
0.478425
0.218888
0.278402
0.32
0.33798700000000004
0.328069
0.833333
0.23912
0.170959
0.099425
0.032662
0.0
0.0
0.0
0.0
0.0
0.0
0.0
0.0
0.0
0.0
0.0
0.031235
0.070998
0.463805
0.192394
0.244807
0.27993599999999996
0.29375799999999996
0.295469
0.833333
0.21029
0.14924700000000002
0.086638
0.029178000000000003
0.0
0.0
0.0
0.0
0.0
0.0
0.0
0.0
0.0
0.0
0.0
0.019202
0.116895
0.097141
0.380979
0.183227
0.211826
0.223364
0.652659
0.597185
0.15429400000000001
0.109579
0.06307
0.020952000000000002
0.0
0.0
0.0
0.0
0.0
0.0
0.0
0.0
0.0
0.0
0.0
0.011115
0.077793
0.14515899999999998
0.212053
0.499394
0.833333
0.6490410000000001
0.320897
0.617195
0.233186
0.166708
0.09787
0.034155
0.0
0.0
0.0
0.0
0.0
0.0
0.0
0.0
0.0
0.0
0.0
0.012663
0.056301000000000004
0.10399599999999999
0.152565
0.194813
0.22503499999999999
0.237254
0.229803
0.204119
0.164864
0.117098
0.068794
0.024076
0.0
0.0
0.0
0.0
0.0
0.0
0.0
0.0
0.0
0.0
0.0
0.001851
0.06614300000000001
0.303467
0.487591
0.653158
0.720951
0.74363
0.502764
0.642064
0.530161
0.375905
0.164715
0.006273
0.0
0.0
0.0
0.0
0.0
0.0
0.0
0.0
0.0
0.0
0.0
0.011848000000000001
0.078692
0.232222
0.391169
0.480798
0.624754
0.621971
0.695467
0.584602
0.221495
0.40637799999999996
0.208205
0.015524
0.0
0.0
0.0
0.0
0.0
0.0
0.0
0.0
0.0
0.0
0.0
0.01072
0.11194
0.271827
0.42626600000000003
0.509118
0.326759
0.647008
0.7655879999999999
0.68916
0.581094
0.18009899999999998
0.199323
0.040565
0.0
0.0
0.0
0.0
0.0
0.0
0.0
0.0
0.0
0.0
0.0
0.032604999999999995
0.193353
0.144728
0.208315
0.8198139999999999
0.301325
0.318313
0.309433
0.279281
0.795213
0.16692500000000002
0.100142
0.037734000000000004
0.0
0.0
0.0
0.0
0.0
0.0
0.0
0.0
0.0
0.0
0.0
0.022052
0.063229
0.25161500000000003
0.383387
0.208415
0.239414
0.642317
0.640478
0.220525
0.5146029999999999
0.12974000000000002
0.078274
0.029427
0.0
0.0
0.0
0.0
0.0
0.0
0.0
0.0
0.0
0.0
0.0
0.00292
0.113011
0.285703
0.26435899999999996
0.613007
0.7088
0.729997
0.697308
0.627309
0.516934
0.368544
0.16773400000000002
0.0059429999999999995
0.0
0.0
0.0
0.0
0.0
0.0
0.0
0.0
0.0
0.0
0.0
0.010992
0.106286
0.248219
0.404694
0.5368419999999999
0.6391319999999999
0.698132
0.659778
0.291854
0.546053
0.40395800000000004
0.17757699999999998
0.018563
0.0
0.0
0.0
0.0
0.0
0.0
0.0
0.0
0.0
0.0
0.0
0.012392
0.090155
0.249549
0.402481
0.5350280000000001
0.614333
0.698902
0.732149
0.655301
0.564042
0.43134500000000003
0.108183
0.04348
0.0
0.0
0.0
0.0
0.0
0.0
0.0
0.0
0.0
0.0
0.0
0.013359
0.047178
0.08442400000000001
0.122753
0.154947
0.178621
0.188567
0.18273
0.163413
0.13302699999999998
0.096376
0.058218000000000006
0.022639
0.0
0.0
0.0
0.0
0.0
0.0
0.0
0.0
0.0
0.0
0.0
0.020027
0.119767
0.255272
0.22768100000000002
0.286522
0.326555
0.342071
0.332797
0.29652999999999996
0.242603
0.430399
0.28013
0.031054
0.0
0.0
0.0
0.0
0.0
0.0
0.0
0.0
0.0
0.0
0.0
0.040534
0.19198300000000001
0.136421
0.584644
0.243772
0.277584
0.29125599999999996
0.283841
0.253261
0.777883
0.150884
0.2988
0.038189
0.0
0.0
0.0
0.0
0.0
0.0
0.0
0.0
0.0
0.0
0.0
0.026564
0.054126
0.09438500000000001
0.31116000000000005
0.407651
0.192612
0.202607
0.509648
0.177481
0.399746
0.30884300000000003
0.06514
0.040226
0.0
0.0
0.0
0.0
0.0
0.0
0.0
0.0
0.0
0.0
0.0
0.01577
0.129792
0.298244
0.39246
0.6103379999999999
0.61612
0.675029
0.34606099999999995
0.31077499999999997
0.5848099999999999
0.42373700000000003
0.21681999999999998
0.017287
0.0
0.0
0.0
0.0
0.0
0.0
0.0
0.0
0.0
0.0
0.0
0.006592
0.119602
0.29588
0.46801
0.598949
0.6583680000000001
0.677056
0.672038
0.6053630000000001
0.500477
0.358184
0.167378
0.003134
0.0
0.0
0.0
0.0
0.0
0.0
0.0
0.0
0.0
0.0
0.0
0.005533000000000001
0.11929000000000001
0.286174
0.45016199999999995
0.601188
0.6975520000000001
0.719019
0.466708
0.634066
0.524015
0.376565
0.18043299999999998
0.008284000000000001
0.0
0.0
0.0
0.0
0.0
0.0
0.0
0.0
0.0
0.0
0.0
0.006592
0.121946
0.297417
0.470189
0.596275
0.6600499999999999
0.679757
0.664492
0.598266
0.49377
0.35429
0.16686199999999998
0.002334
0.0
0.0
0.0
0.0
0.0
0.0
0.0
0.0
0.0
0.0
0.0
0.006367
0.12307599999999999
0.300634
0.470884
0.5702079999999999
0.625367
0.642377
0.649235
0.584337
0.482577
0.345632
0.163153
0.000825
0.0
0.0
0.0
0.0
0.0
0.0
0.0
0.0
0.0
0.0
0.0
0.018424
0.11919199999999999
0.246665
0.220925
0.27517899999999995
0.588118
0.637082
0.7154539999999999
0.661104
0.522747
0.398838
0.199261
0.016297
0.0
0.0
0.0
0.0
0.0
0.0
0.0
0.0
0.0
0.0
0.0
0.017172999999999997
0.155258
0.350223
0.404506
0.298811
0.6270589999999999
0.35382100000000005
0.703677
0.309786
0.573924
0.406796
0.203761
0.018508
0.0
0.0
0.0
0.0
0.0
0.0
0.0
0.0
0.0
0.0
0.0
0.021082999999999998
0.07176099999999999
0.071013
0.198344
0.255304
0.29807
0.319652
0.31447800000000004
0.13172999999999999
0.244451
0.186688
0.122811
0.029575
0.0
0.0
0.0
0.0
0.0
0.0
0.0
0.0
0.0
0.0
0.0
0.009973000000000001
0.11660899999999999
0.27031099999999997
0.417759
0.550453
0.646019
0.6640119999999999
0.643475
0.5846180000000001
0.488117
0.356639
0.176607
0.005958
0.0
0.0
0.0
0.0
0.0
0.0
0.0
0.0
0.0
0.0
0.0
0.009026
0.124306
0.29404399999999997
0.458719
0.586548
0.643938
0.662049
0.6519299999999999
0.588576
0.487842
0.352824
0.172179
0.002385
0.0
0.0
0.0
0.0
0.0
0.0
0.0
0.0
0.0
0.0
0.0
0.029802
0.048875999999999996
0.18515700000000002
0.117887
0.34711200000000003
0.403668
0.174563
0.433196
0.151688
0.124303
0.25611
0.057495
0.041568
0.0
0.0
0.0
0.0
0.0
0.0
0.0
0.0
0.0
0.0
0.0
0.033915999999999995
0.084033
0.27564299999999997
0.41379000000000005
0.24154599999999998
0.627146
0.289704
0.7004859999999999
0.257562
0.21237299999999998
0.44702800000000004
0.27263299999999996
0.046968
0.001632
0.0
0.0
0.0
0.0
0.0
0.0
0.0
0.0
0.0
0.0
0.046241
0.075933
0.32714800000000005
0.175593
0.218605
0.715475
0.7673690000000001
0.254019
0.226396
0.185392
0.13741499999999998
0.08749599999999999
0.040917
0.004507
0.0
0.0
0.0
0.0
0.0
0.0
0.0
0.0
0.0
0.0
0.010319
0.123516
0.28911000000000003
0.451187
0.599448
0.671804
0.692499
0.680148
0.61305
0.5057889999999999
0.364321
0.181279
0.013675000000000001
0.0
0.0
0.0
0.0
0.0
0.0
0.0
0.0
0.0
0.0
0.0
0.017211999999999998
0.123541
0.27860399999999996
0.428481
0.565611
0.638968
0.363064
0.716788
0.633738
0.5619700000000001
0.385411
0.19740100000000002
0.020371
0.0
0.0
0.0
0.0
0.0
0.0
0.0
0.0
0.0
0.0
0.0
0.03041
0.06916
0.113536
0.157614
0.40823000000000004
0.480906
0.522975
0.530777
0.20815199999999998
0.422843
0.332389
0.225389
0.051101
0.002336
0.0
0.0
0.0
0.0
0.0
0.0
0.0
0.0
0.0
0.0
0.02419
0.095216
0.156066
0.215692
0.47330900000000004
0.301449
0.603308
0.618576
0.578272
0.606131
0.44453899999999996
0.24011000000000002
0.038227
0.000772
0.0
0.0
0.0
0.0
0.0
0.0
0.0
0.0
0.0
0.0
0.024561
0.123832
0.22506299999999999
0.395026
0.5143139999999999
0.510812
0.29009500000000005
0.57055
0.256582
0.460447
0.43751799999999996
0.245322
0.042441
0.001517
0.0
0.0
0.0
0.0
0.0
0.0
0.0
0.0
0.0
0.0
0.03805
0.076886
0.261719
0.171432
0.209689
0.564065
0.249119
0.247871
0.594716
0.517159
0.410189
0.280696
0.043912999999999994
0.003605
0.0
0.0
0.0
0.0
0.0
0.0
0.0
0.0
0.0
0.0
0.083266
0.09404900000000001
0.153532
0.7342569999999999
0.261729
0.296099
0.30951999999999996
0.29975599999999997
0.269604
0.2235
0.16755099999999998
0.38233100000000003
0.05281
0.005715
0.0
0.0
0.0
0.0
0.0
0.0
0.0
0.0
0.0
0.0
0.011129
0.131314
0.30306700000000003
0.47057299999999996
0.5955929999999999
0.6546810000000001
0.671556
0.660117
0.5950570000000001
0.492902
0.357442
0.182406
0.015446
0.0
0.0
0.0
0.0
0.0
0.0
0.0
0.0
0.0
0.0
0.0
0.010764
0.127321
0.29297
0.45157400000000003
0.581705
0.63637
0.6524099999999999
0.600014
0.5452859999999999
0.45910700000000004
0.340811
0.17835900000000002
0.016488
0.0
0.0
0.0
0.0
0.0
0.0
0.0
0.0
0.0
0.0
0.0
0.019759
0.048884
0.08054
0.11153400000000001
0.138289
0.156771
0.16458699999999998
0.159385
0.143591
0.119086
0.089302
0.057746000000000006
0.02777
0.001914
0.0
0.0
0.0
0.0
0.0
0.0
0.0
0.0
0.0
0.0
0.02982
0.070407
0.114353
0.157505
0.19456700000000002
0.22073500000000001
0.231155
0.224091
0.20148500000000003
0.166281
0.12421299999999999
0.081406
0.040435000000000006
0.0041340000000000005
0.0
0.0
0.0
0.0
0.0
0.0
0.0
0.0
0.0
0.0
0.020439
0.050286000000000004
0.08195699999999999
0.113755
0.141137
0.16014599999999998
0.168172
0.164456
0.147827
0.122852
0.09179000000000001
0.059283999999999996
0.028659
0.002142
0.0
0.0
0.0
0.0
0.0
0.0
0.0
0.0
0.0
0.0
0.038295
0.086827
0.21811699999999998
0.190659
0.234376
0.47608100000000003
0.276354
0.277666
0.507354
0.206728
0.15600299999999998
0.102382
0.053697
0.014265
0.0
0.0
0.0
0.0
0.0
0.0
0.0
0.0
0.0
0.0
0.013522000000000001
0.119536
0.267952
0.409719
0.536862
0.6338239999999999
0.660526
0.657362
0.594387
0.49803
0.367587
0.195683
0.022572
0.0
0.0
0.0
0.0
0.0
0.0
0.0
0.0
0.0
0.0
0.0
0.02962
0.084118
0.13606200000000002
0.32069200000000003
0.833333
0.48596100000000003
0.272964
0.264308
0.484085
0.416715
0.147822
0.09713
0.052871
0.00679
0.0
0.0
0.0
0.0
0.0
0.0
0.0
0.0
0.0
0.0
0.014608000000000001
0.036012999999999996
0.058504
0.080826
0.100297
0.113979
0.119589
0.11668
0.105682
0.087822
0.065996
0.042406
0.020131
0.000621
0.0
0.0
0.0
0.0
0.0
0.0
0.0
0.0
0.0
0.0
0.014652
0.118699
0.26263
0.232186
0.524879
0.620134
0.674952
0.6805979999999999
0.616893
0.518159
0.38458800000000004
0.20815799999999998
0.02947
0.0
0.0
0.0
0.0
0.0
0.0
0.0
0.0
0.0
0.0
0.0
0.0032080000000000003
0.012194
0.021175999999999997
0.030297
0.038835999999999996
0.044384
0.046899
0.045437
0.04084
0.034014
0.024901
0.014998
0.005802
0.0
0.0
0.0
0.0
0.0
0.0
0.0
0.0
0.0
0.0
0.0
0.017342
0.133295
0.29517000000000004
0.41695
0.31177499999999997
0.351438
0.7017190000000001
0.697078
0.633466
0.532432
0.39587
0.216215
0.040052
0.011626
0.0
0.0
0.0
0.0
0.0
0.0
0.0
0.0
0.0
0.0
0.014551999999999999
0.115211
0.250609
0.377318
0.488691
0.5728949999999999
0.620069
0.681652
0.619121
0.5193690000000001
0.385034
0.20815
0.029832
0.0
0.0
0.0
0.0
0.0
0.0
0.0
0.0
0.0
0.0
0.0
0.03622
0.12367
0.128168
0.33927999999999997
0.439361
0.5143730000000001
0.557846
0.252922
0.530563
0.191232
0.144837
0.249744
0.048021999999999995
0.007632
0.0
0.0
0.0
0.0
0.0
0.0
0.0
0.0
0.0
0.0
0.011444000000000001
0.12051600000000001
0.269772
0.407539
0.529164
0.586269
0.603037
0.638821
0.5799719999999999
0.48738299999999996
0.360977
0.195573
0.025994
0.0
0.0
0.0
0.0
0.0
0.0
0.0
0.0
0.0
0.0
0.0
0.014886
0.115068
0.249555
0.3742
0.484151
0.566438
0.612144
0.674825
0.37033
0.516007
0.383916
0.211226
0.033773000000000004
0.0
0.0
0.0
0.0
0.0
0.0
0.0
0.0
0.0
0.0
0.0
0.029876
0.271187
0.231923
0.20362200000000003
0.250233
0.283247
0.296017
0.288228
0.258683
0.45282100000000003
0.161268
0.247194
0.093793
0.005455
0.0
0.0
0.0
0.0
0.0
0.0
0.0
0.0
0.0
0.0
0.04421
0.098819
0.238906
0.215952
0.466512
0.63028
0.684639
0.60854
0.273386
0.494464
0.406417
0.226736
0.04229
0.0012430000000000002
0.0
0.0
0.0
0.0
0.0
0.0
0.0
0.0
0.0
0.0
0.012905
0.114224
0.253836
0.387766
0.508356
0.602898
0.6443880000000001
0.645673
0.587159
0.491529
0.365013
0.200102
0.031897
0.0
0.0
0.0
0.0
0.0
0.0
0.0
0.0
0.0
0.0
0.0
0.047171
0.11634
0.245308
0.377082
0.49761299999999997
0.592801
0.649334
0.663316
0.633655
0.538256
0.40286700000000003
0.240565
0.037700000000000004
0.0
0.0
0.0
0.0
0.0
0.0
0.0
0.0
0.0
0.0
0.0
0.015484
0.113365
0.24711000000000002
0.37852199999999997
0.49426
0.574372
0.636298
0.631695
0.596742
0.507719
0.177844
0.234736
0.039231999999999996
0.00199
0.0
0.0
0.0
0.0
0.0
0.0
0.0
0.0
0.0
0.0
0.042329
0.112036
0.268084
0.40317200000000003
0.435265
0.278269
0.5544410000000001
0.675042
0.522182
0.454599
0.16089599999999998
0.249922
0.054412999999999996
0.009791000000000001
0.0
0.0
0.0
0.0
0.0
0.0
0.0
0.0
0.0
0.002117
0.031542
0.194139
0.11032299999999999
0.150386
0.18455000000000002
0.20828200000000002
0.218583
0.213828
0.7417670000000001
0.160819
0.5045350000000001
0.080467
0.040889
0.016158000000000002
0.0
0.0
0.0
0.0
0.0
0.0
0.0
0.0
0.0
0.0
0.015715
0.038241
0.061948
0.085556
0.10545600000000001
0.119335
0.12472799999999999
0.121198
0.10977100000000001
0.09177500000000001
0.06914100000000001
0.045432
0.022059000000000002
0.0022480000000000004
0.0
0.0
0.0
0.0
0.0
0.0
0.0
0.0
0.0
0.0
0.030547
0.069013
0.110494
0.15079800000000002
0.186749
0.211881
0.221788
0.21578
0.194666
0.161804
0.12218000000000001
0.07989700000000001
0.040917
0.0065439999999999995
0.0
0.0
0.0
0.0
0.0
0.0
0.0
0.0
0.0
0.0
0.007726
0.14052099999999998
0.331961
0.455125
0.545605
0.601893
0.62175
0.602091
0.547663
0.459659
0.341727
0.186414
0.024968
0.0
0.0
0.0
0.0
0.0
0.0
0.0
0.0
0.0
0.0
0.0
0.0066749999999999995
0.13003299999999998
0.30840300000000004
0.448096
0.536532
0.591311
0.610195
0.5906849999999999
0.537983
0.45354500000000003
0.33873000000000003
0.185722
0.025353
0.0
0.0
0.0
0.0
0.0
0.0
0.0
0.0
0.0
0.0
0.0
0.008329000000000001
0.021043
0.03591
0.050055
0.062023
0.07113599999999999
0.075007
0.07281399999999999
0.06531699999999999
0.054200000000000005
0.040799999999999996
0.025751
0.011424
8e-06
0.0
0.0
0.0
0.0
0.0
0.0
0.0
0.0
0.0
0.0
0.031181
0.069627
0.11104
0.150488
0.18462
0.207732
0.21873900000000002
0.21460300000000002
0.194825
0.163466
0.12405200000000001
0.08184000000000001
0.04229
0.007267
0.0
0.0
0.0
0.0
0.0
0.0
0.0
0.0
0.0
0.0
0.022469000000000003
0.148032
0.241231
0.219175
0.267237
0.546339
0.5927250000000001
0.610885
0.280857
0.508488
0.430944
0.247964
0.054041
0.002178
0.0
0.0
0.0
0.0
0.0
0.0
0.0
0.0
0.0
0.0
0.042609
0.111303
0.27787900000000004
0.418645
0.445303
0.526678
0.300967
0.5853740000000001
0.6887519999999999
0.48128699999999996
0.168918
0.111925
0.06069
0.003604
0.0
0.0
0.0
0.0
0.0
0.0
0.0
0.0
0.0
0.0
0.006032
0.124464
0.29959600000000003
0.45366199999999995
0.546142
0.603488
0.623073
0.604659
0.549523
0.46154
0.34472
0.191287
0.028161000000000002
0.0
0.0
0.0
0.0
0.0
0.0
0.0
0.0
0.0
0.0
0.0
0.019851
0.047574
0.076982
0.104782
0.129715
0.14643899999999999
0.154034
0.149112
0.135766
0.113843
0.08653100000000001
0.057192
0.028494
0.003777
0.0
0.0
0.0
0.0
0.0
0.0
0.0
0.0
0.0
0.0
0.044192
0.110845
0.227217
0.207643
0.43391199999999996
0.284417
0.548102
0.7299869999999999
0.573623
0.5786
0.401777
0.248485
0.059405
0.001442
0.0
0.0
0.0
0.0
0.0
0.0
0.0
0.0
0.0
0.0
0.009208000000000001
0.114189
0.2621
0.397875
0.517569
0.586871
0.604546
0.641125
0.583889
0.494154
0.371426
0.20947
0.037516
0.0
0.0
0.0
0.0
0.0
0.0
0.0
0.0
0.0
0.0
0.0
0.008319
0.11466599999999999
0.266443
0.410682
0.540215
0.602368
0.624371
0.6324740000000001
0.578515
0.48805
0.36570400000000003
0.204637
0.035436999999999996
0.0
0.0
0.0
0.0
0.0
0.0
0.0
0.0
0.0
0.0
0.0
0.043478
0.063045
0.101948
0.13945500000000002
0.454423
0.528504
0.204401
0.19863
0.17951
0.446313
0.112244
0.237783
0.037168
0.010584
0.0
0.0
0.0
0.0
0.0
0.0
0.0
0.0
0.0
0.0
0.011757
0.10285599999999999
0.23051
0.352116
0.460312
0.542057
0.5914299999999999
0.59649
0.571519
0.5088349999999999
0.393478
0.22752799999999998
0.045182
0.0
0.0
0.0
0.0
0.0
0.0
0.0
0.0
0.0
0.0
0.0
0.035054
0.142363
0.143584
0.195719
0.24003899999999997
0.6253289999999999
0.283151
0.669799
0.625334
0.20571199999999998
0.15557200000000002
0.29502300000000004
0.079136
0.007118
0.0
0.0
0.0
0.0
0.0
0.0
0.0
0.0
0.0
0.0
0.038782
0.107668
0.21930000000000002
0.555289
0.425465
0.27199900000000005
0.54474
0.278404
0.519341
0.21204800000000001
0.36202300000000004
0.24886000000000003
0.07497100000000001
0.005822
0.0
0.0
0.0
0.0
0.0
0.0
0.0
0.0
0.0
0.0
0.010273
0.110045
0.254676
0.390874
0.5133329999999999
0.606833
0.660313
0.6702290000000001
0.6117229999999999
0.5173719999999999
0.389212
0.22048099999999998
0.041489
0.0
0.0
0.0
0.0
0.0
0.0
0.0
0.0
0.0
0.0
0.0
0.005372
0.115463
0.273632
0.419788
0.516323
0.568339
0.586492
0.619368
0.565995
0.478932
0.35980399999999996
0.201967
0.033462000000000006
0.0
0.0
0.0
0.0
0.0
0.0
0.0
0.0
0.0
0.0
0.0
0.023297000000000002
0.105734
0.13905099999999998
0.318152
0.410616
0.593999
0.6426280000000001
0.531528
0.494435
0.201426
0.151645
0.233514
0.050057000000000004
0.003437
0.0
0.0
0.0
0.0
0.0
0.0
0.0
0.0
0.0
0.0
0.035073
0.115835
0.443567
0.601501
0.472086
0.304948
0.318269
0.310227
0.279933
0.23299
0.399497
0.116233
0.058865
0.003424
0.0
0.0
0.0
0.0
0.0
0.0
0.0
0.0
0.0
0.0
0.01382
0.115228
0.235644
0.217295
0.466353
0.615895
0.6693300000000001
0.6267269999999999
0.281493
0.507367
0.418445
0.253937
0.056780000000000004
0.009057
0.0
0.0
0.0
0.0
0.0
0.0
0.0
0.0
0.0
0.0
0.033141
0.052450000000000004
0.18109899999999998
0.26061
0.143623
0.163366
0.418423
0.170883
0.154483
0.336512
0.260303
0.17401499999999998
0.077345
0.005567
0.0
0.0
0.0
0.0
0.0
0.0
0.0
0.0
0.0
0.0
0.027556
0.0655
0.10656600000000001
0.146838
0.181113
0.205442
0.21513200000000002
0.20858000000000002
0.18738300000000002
0.155067
0.115702
0.075286
0.037158000000000004
0.004111
0.0
0.0
0.0
0.0
0.0
0.0
0.0
0.0
0.0
0.0
0.029594000000000002
0.06995399999999999
0.113793
0.15567599999999998
0.504929
0.584105
0.227599
0.61473
0.199579
0.167046
0.126164
0.08262399999999999
0.089756
0.0049050000000000005
0.0
0.0
0.0
0.0
0.0
0.0
0.0
0.0
0.0
0.0
0.008901
0.10305
0.24119300000000002
0.37558400000000003
0.495074
0.589003
0.643497
0.6638099999999999
0.627038
0.532391
0.399826
0.227469
0.04233
0.0
0.0
0.0
0.0
0.0
0.0
0.0
0.0
0.0
0.0
0.0
0.026208
0.107012
0.205549
0.14407599999999998
0.177822
0.44893299999999997
0.211827
0.482781
0.451699
0.396183
0.1188
0.211234
0.074487
0.003428
0.0
0.0
0.0
0.0
0.0
0.0
0.0
0.0
0.0
0.0
0.022703
0.056587000000000005
0.09351699999999999
0.129706
0.16075399999999998
0.18217599999999998
0.19142699999999999
0.187653
0.169404
0.140724
0.105124
0.06779099999999999
0.032424999999999995
0.0020440000000000002
0.0
0.0
0.0
0.0
0.0
0.0
0.0
0.0
0.0
0.0
0.009949999999999999
0.11051000000000001
0.249166
0.38294
0.27107
0.600939
0.655134
0.35490499999999997
0.6192369999999999
0.5403
0.221855
0.247948
0.050962
0.0
0.0
0.0
0.0
0.0
0.0
0.0
0.0
0.0
0.0
0.0
0.003612
0.110416
0.270706
0.41935500000000003
0.516485
0.569483
0.589874
0.6264550000000001
0.573667
0.484389
0.361851
0.20180099999999998
0.030233
0.0
0.0
0.0
0.0
0.0
0.0
0.0
0.0
0.0
0.0
0.0
0.013086
0.100973
0.242694
0.374298
0.49331
0.5880209999999999
0.643091
0.664965
0.627472
0.5392089999999999
0.39849599999999996
0.242863
0.040055
0.0
0.0
0.0
0.0
0.0
0.0
0.0
0.0
0.0
0.0
0.0
0.016815
0.122151
0.23800200000000002
0.434467
0.5708200000000001
0.5666979999999999
0.614509
0.314582
0.281885
0.512337
0.429803
0.254891
0.054242
0.000492
0.0
0.0
0.0
0.0
0.0
0.0
0.0
0.0
0.0
0.0
0.018651
0.092709
0.206072
0.314132
0.39572399999999996
0.477948
0.497209
0.567903
0.540881
0.450171
0.359694
0.101225
0.048136000000000005
0.0005729999999999999
0.0
0.0
0.0
0.0
0.0
0.0
0.0
0.0
0.0
0.0
0.012288
0.10392799999999999
0.252556
0.393932
0.5240130000000001
0.621746
0.682682
0.676746
0.631477
0.534043
0.40102499999999996
0.226398
0.037634
0.0
0.0
0.0
0.0
0.0
0.0
0.0
0.0
0.0
0.0
0.0
0.005804999999999999
0.103982
0.251299
0.387081
0.506764
0.5931879999999999
0.616633
0.6662440000000001
0.613784
0.520167
0.389683
0.217257
0.033170000000000005
0.0
0.0
0.0
0.0
0.0
0.0
0.0
0.0
0.0
0.0
0.0
0.005622
0.103048
0.251147
0.38969
0.512167
0.591662
0.612275
0.655192
0.595191
0.502618
0.37545999999999996
0.2087
0.030168
0.0
0.0
0.0
0.0
0.0
0.0
0.0
0.0
0.0
0.0
0.0
0.003503
0.10679000000000001
0.270814
0.429868
0.5622119999999999
0.62521
0.649413
0.649981
0.592927
0.499958
0.373099
0.205185
0.027327999999999998
0.0
0.0
0.0
0.0
0.0
0.0
0.0
0.0
0.0
0.0
0.0
0.0032890000000000003
0.103487
0.259652
0.405128
0.5214930000000001
0.57547
0.5964550000000001
0.644062
0.5883250000000001
0.496151
0.369211
0.203216
0.026146
0.0
0.0
0.0
0.0
0.0
0.0
0.0
0.0
0.0
0.0
0.0
0.020532
0.056403
0.095499
0.13405899999999998
0.168222
0.19141
0.201263
0.194731
0.174311
0.14347800000000002
0.10611
0.066616
0.029931
0.0
0.0
0.0
0.0
0.0
0.0
0.0
0.0
0.0
0.0
0.0
0.002458
0.107509
0.28002999999999995
0.448662
0.5628070000000001
0.625497
0.648293
0.634679
0.5793550000000001
0.488151
0.362587
0.196928
0.022428999999999998
0.0
0.0
0.0
0.0
0.0
0.0
0.0
0.0
0.0
0.0
0.0
0.000426
0.109386
0.288891
0.438394
0.529663
0.5866399999999999
0.6087670000000001
0.614268
0.561764
0.47236399999999995
0.34984899999999997
0.187891
0.018321999999999998
0.0
0.0
0.0
0.0
0.0
0.0
0.0
0.0
0.0
0.0
0.0
0.015626
0.131729
0.230791
0.212665
0.47200200000000003
0.752207
0.801926
0.629214
0.281797
0.23325
0.172929
0.109205
0.049006999999999995
0.0
0.0
0.0
0.0
0.0
0.0
0.0
0.0
0.0
0.0
0.0
0.018811
0.055472
0.095451
0.13490100000000002
0.170136
0.194732
0.205268
0.198988
0.178043
0.14643
0.10767700000000001
0.066667
0.02944
0.0
0.0
0.0
0.0
0.0
0.0
0.0
0.0
0.0
0.0
0.0
0.018847000000000003
0.054905999999999996
0.093486
0.13143000000000002
0.16318100000000002
0.186165
0.195542
0.195564
0.176202
0.145172
0.10649299999999999
0.066183
0.028495999999999997
0.0
0.0
0.0
0.0
0.0
0.0
0.0
0.0
0.0
0.0
0.0
0.019805
0.060006
0.10361100000000001
0.147354
0.184983
0.211551
0.222287
0.214589
0.1923
0.15717599999999998
0.114636
0.071664
0.030813
0.0
0.0
0.0
0.0
0.0
0.0
0.0
0.0
0.0
0.0
0.0
0.03058
0.070837
0.288526
0.170707
0.212818
0.241571
0.695663
0.253751
0.6924640000000001
0.189144
0.139472
0.31262799999999996
0.06697499999999999
0.0
0.0
0.0
0.0
0.0
0.0
0.0
0.0
0.0
0.0
0.0
0.028815999999999998
0.092421
0.158727
0.582568
0.280451
0.318103
0.33345199999999997
0.326192
0.290929
0.720348
0.535341
0.301816
0.047784
0.0
0.0
0.0
0.0
0.0
0.0
0.0
0.0
0.0
0.0
0.0
0.050336
0.249244
0.144931
0.653993
0.254724
0.289389
0.30419999999999997
0.296836
0.265573
0.217752
0.159938
0.099515
0.095485
0.0
0.0
0.0
0.0
0.0
0.0
0.0
0.0
0.0
0.0
0.0
0.021149
0.119661
0.135566
0.19233699999999998
0.5184650000000001
0.608428
0.288537
0.6857329999999999
0.253491
0.5435460000000001
0.150328
0.272532
0.039645
0.0
0.0
0.0
0.0
0.0
0.0
0.0
0.0
0.0
0.0
0.0
0.004775000000000001
0.102646
0.251531
0.391841
0.5129049999999999
0.341993
0.652411
0.395305
0.6559740000000001
0.55129
0.40837599999999996
0.174858
0.026986
0.0
0.0
0.0
0.0
0.0
0.0
0.0
0.0
0.0
0.0
0.0
0.013404999999999999
0.08533400000000001
0.149931
0.359476
0.264797
0.558798
0.31629599999999997
0.631734
0.279344
0.509966
0.40269600000000005
0.279292
0.037846
0.0
0.0
0.0
0.0
0.0
0.0
0.0
0.0
0.0
0.0
0.0
0.025726
0.07131399999999999
0.12534399999999998
0.458308
0.598019
0.25779199999999997
0.7608959999999999
0.263487
0.23446199999999998
0.191385
0.138983
0.29097
0.034497
0.0
0.0
0.0
0.0
0.0
0.0
0.0
0.0
0.0
0.0
0.0
0.018273
0.037929000000000004
0.15541
0.23279
0.125244
0.14375200000000002
0.378421
0.146176
0.337838
0.105332
0.213488
0.13911
0.01715
0.0
0.0
0.0
0.0
0.0
0.0
0.0
0.0
0.0
0.0
0.0
0.015648
0.056635
0.102536
0.14878899999999998
0.189272
0.217551
0.22989400000000002
0.224112
0.200167
0.162123
0.117188
0.070798
0.027388000000000003
0.0
0.0
0.0
0.0
0.0
0.0
0.0
0.0
0.0
0.0
0.0
0.011810000000000001
0.144839
0.22606700000000002
0.20743799999999998
0.454522
0.294124
0.575496
0.8186
0.588493
0.228855
0.166197
0.240916
0.040392000000000004
0.0
0.0
0.0
0.0
0.0
0.0
0.0
0.0
0.0
0.0
0.0
0.030203
0.062588
0.113247
0.163645
0.207323
0.238593
0.792058
0.25399
0.227354
0.185045
0.557369
0.32747699999999996
0.03055
0.0
0.0
0.0
0.0
0.0
0.0
0.0
0.0
0.0
0.0
0.0
0.024541
0.08914799999999999
0.160373
0.23013399999999998
0.289709
0.330947
0.833333
0.339363
0.833333
0.246719
0.178195
0.10768000000000001
0.042137
0.0
0.0
0.0
0.0
0.0
0.0
0.0
0.0
0.0
0.0
0.0
0.008768000000000001
0.143717
0.245916
0.5710510000000001
0.523573
0.621436
0.349881
0.704397
0.306462
0.24814599999999998
0.443758
0.228268
0.018895
0.0
0.0
0.0
0.0
0.0
0.0
0.0
0.0
0.0
0.0
0.0
0.01573
0.062698
0.115043
0.16721
0.213059
0.24460300000000001
0.257015
0.248592
0.220819
0.17843299999999998
0.128686
0.076627
0.028552
0.0
0.0
0.0
0.0
0.0
0.0
0.0
0.0
0.0
0.0
0.0
0.001118
0.057711
0.270062
0.438276
0.5865170000000001
0.410148
0.700628
0.7070420000000001
0.641787
0.535131
0.38860300000000003
0.190882
0.0075060000000000005
0.0
0.0
0.0
0.0
0.0
0.0
0.0
0.0
0.0
0.0
0.0
0.00786
0.094933
0.229281
0.36546300000000004
0.271707
0.585403
0.637719
0.738512
0.623298
0.580284
0.417279
0.220947
0.035817
0.0
0.0
0.0
0.0
0.0
0.0
0.0
0.0
0.0
0.0
0.0
0.009176
0.118987
0.22211799999999998
0.352014
0.25710500000000003
0.555936
0.603127
0.6088680000000001
0.26464699999999997
0.484242
0.447639
0.22254400000000002
0.02122
0.0
0.0
0.0
0.0
0.0
0.0
0.0
0.0
0.0
0.0
0.0
0.035616999999999996
0.229056
0.133511
0.645231
0.24843
0.285157
0.29990300000000003
0.29227600000000004
0.257898
0.208552
0.148848
0.087383
0.070272
0.0
0.0
0.0
0.0
0.0
0.0
0.0
0.0
0.0
0.0
0.0
0.015667999999999998
0.12257699999999999
0.27402699999999997
0.419241
0.542496
0.255807
0.269234
0.271676
0.709996
0.199146
0.142567
0.082873
0.033975
0.0
0.0
0.0
0.0
0.0
0.0
0.0
0.0
0.0
0.0
0.0
0.0
0.09188500000000001
0.251327
0.40727300000000005
0.539886
0.6315810000000001
0.6529980000000001
0.706024
0.639374
0.37658600000000003
0.38003
0.175987
0.0051459999999999995
0.0
0.0
0.0
0.0
0.0
0.0
0.0
0.0
0.0
0.0
0.0
0.0
0.090412
0.257742
0.42606
0.575471
0.668405
0.692404
0.690422
0.6247039999999999
0.517144
0.307242
0.168383
0.005035
0.0
0.0
0.0
0.0
0.0
0.0
0.0
0.0
0.0
0.0
0.0
0.014766
0.07612999999999999
0.36653800000000003
0.214916
0.27508
0.833333
0.333207
0.32144799999999996
0.284036
0.721605
0.162305
0.093094
0.035105
0.0
0.0
0.0
0.0
0.0
0.0
0.0
0.0
0.0
0.0
0.0
0.00496
0.090453
0.22584700000000002
0.394978
0.487282
0.308039
0.631811
0.7001989999999999
0.655423
0.547966
0.408765
0.090679
0.028972
0.0
0.0
0.0
0.0
0.0
0.0
0.0
0.0
0.0
0.0
0.0
0.004913
0.07681
0.236059
0.21918600000000002
0.280908
0.322738
0.33936099999999997
0.688913
0.6418550000000001
0.639255
0.456157
0.201677
0.020370000000000003
0.0
0.0
0.0
0.0
0.0
0.0
0.0
0.0
0.0
0.0
0.0
0.0026190000000000002
0.098789
0.23646799999999998
0.438887
0.509735
0.328374
0.34433600000000003
0.7205130000000001
0.668654
0.552095
0.411795
0.17165
0.008797000000000001
0.0
0.0
0.0
0.0
0.0
0.0
0.0
0.0
0.0
0.0
0.0
0.011284
0.062511
0.121484
0.45972
0.598139
0.264733
0.278352
0.279655
0.24694999999999998
0.6665449999999999
0.503163
0.078234
0.023077
0.0
0.0
0.0
0.0
0.0
0.0
0.0
0.0
0.0
0.0
0.0
0.007311
0.038600999999999996
0.07750499999999999
0.11682200000000001
0.15070599999999998
0.17458600000000002
0.456949
0.472531
0.427122
0.12484
0.26638999999999996
0.176966
0.021478
0.0
0.0
0.0
0.0
0.0
0.0
0.0
0.0
0.0
0.0
0.0
0.0022069999999999998
0.07370499999999999
0.229922
0.43815899999999997
0.507278
0.702819
0.734185
0.7074980000000001
0.296918
0.570328
0.166596
0.092845
0.025959
0.0
0.0
0.0
0.0
0.0
0.0
0.0
0.0
0.0
0.0
0.0
0.002774
0.175724
0.23211600000000002
0.216858
0.514918
0.32259
0.33948500000000004
0.685562
0.6384869999999999
0.23179
0.42102
0.201629
0.013668
0.0
0.0
0.0
0.0
0.0
0.0
0.0
0.0
0.0
0.0
0.0
0.004607
0.048439
0.204238
0.328961
0.1973
0.526547
0.24110499999999999
0.555037
0.508104
0.436324
0.112152
0.061274
0.018236000000000002
0.0
0.0
0.0
0.0
0.0
0.0
0.0
0.0
0.0
0.0
0.0
0.008871
0.13871799999999998
0.324989
0.157228
0.665649
0.23477699999999999
0.248501
0.246733
0.220184
0.17660800000000001
0.123319
0.24540199999999998
0.031737
0.0
0.0
0.0
0.0
0.0
0.0
0.0
0.0
0.0
0.0
0.0
0.001281
0.034152
0.07213800000000001
0.110936
0.146117
0.170535
0.180743
0.174143
0.15324600000000002
0.120906
0.082101
0.04369
0.00951
0.0
0.0
0.0
0.0
0.0
0.0
0.0
0.0
0.0
0.0
0.0
0.0053739999999999994
0.053709
0.112564
0.488661
0.654771
0.778931
0.27429899999999996
0.264473
0.231857
0.184022
0.127278
0.068458
0.015510999999999999
0.0
0.0
0.0
0.0
0.0
0.0
0.0
0.0
0.0
0.0
0.0
0.0
0.032670000000000005
0.071662
0.11065900000000001
0.14604499999999998
0.170377
0.181226
0.17405600000000002
0.152735
0.12081499999999999
0.08211700000000001
0.043469
0.00811
0.0
0.0
0.0
0.0
0.0
0.0
0.0
0.0
0.0
0.0
0.0
0.001242
0.048348999999999996
0.103557
0.159394
0.209694
0.24481
0.2582
0.247661
0.216553
0.170433
0.116288
0.062100999999999996
0.012199
0.0
0.0
0.0
0.0
0.0
0.0
0.0
0.0
0.0
0.0
0.0
0.0
0.031679
0.069606
0.109009
0.143874
0.16872900000000002
0.178753
0.174048
0.152947
0.120299
0.081599
0.04204
0.00732
0.0
0.0
0.0
0.0
0.0
0.0
0.0
0.0
0.0
0.0
0.0
0.0
0.031045000000000003
0.06979300000000001
0.108985
0.143348
0.166719
0.17681
0.171638
0.15000899999999998
0.117763
0.079687
0.041502000000000004
0.0064139999999999996
0.0
0.0
0.0
0.0
0.0
0.0
0.0
0.0
0.0
0.0
0.0
3.5999999999999994e-05
0.034162
0.17308
0.281572
0.38057100000000005
0.453931
0.193812
0.187276
0.16394499999999998
0.373105
0.08718000000000001
0.160328
0.012101
0.0
0.0
0.0
0.0
0.0
0.0
0.0
0.0
0.0
0.0
0.0
0.0
0.04044
0.09103
0.14269900000000002
0.188172
0.22090600000000002
0.234852
0.22812000000000002
0.20129
0.158453
0.106799
0.054916
0.008516
0.0
0.0
0.0
0.0
0.0
0.0
0.0
0.0
0.0
0.0
0.0
0.0
0.066316
0.081735
0.28477600000000003
0.17134200000000002
0.47771199999999997
0.214175
0.5157970000000001
0.471043
0.392962
0.096234
0.148834
0.00644
0.0
0.0
0.0
0.0
0.0
0.0
0.0
0.0
0.0
0.0
0.0
0.0
0.029395
0.069107
0.109502
0.145269
0.17169800000000002
0.181974
0.17666800000000002
0.153928
0.120317
0.079889
0.040372
0.004192
0.0
0.0
0.0
0.0
0.0
0.0
0.0
0.0
0.0
0.0
0.0
0.0
0.041046
0.096263
0.152029
0.202126
0.237591
0.25159
0.242439
0.210648
0.16462700000000002
0.109796
0.055684
0.006283
0.0
0.0
0.0
0.0
0.0
0.0
0.0
0.0
0.0
0.0
0.0
0.0
0.028336
0.066785
0.107482
0.14277
0.167794
0.178458
0.171066
0.149364
0.11608299999999999
0.077643
0.038144
0.0033940000000000003
0.0
0.0
0.0
0.0
0.0
0.0
0.0
0.0
0.0
0.0
0.0
0.0
0.10316299999999999
0.27864999999999995
0.15568600000000002
0.206598
0.242833
0.827015
0.24949700000000002
0.21948099999999998
0.171755
0.478098
0.1534
0.005577
0.0
0.0
0.0
0.0
0.0
0.0
0.0
0.0
0.0
0.0
0.0
0.0
0.071487
0.23228200000000002
0.406348
0.563059
0.696134
0.727178
0.756487
0.624257
0.49887400000000004
0.349449
0.080081
0.001206
0.0
0.0
0.0
0.0
0.0
0.0
0.0
0.0
0.0
0.0
0.0
0.0
0.083517
0.11706
0.187302
0.247714
0.684391
0.306767
0.788269
0.729855
0.20432599999999998
0.409566
0.112611
0.0056159999999999995
0.0
0.0
0.0
0.0
0.0
0.0
0.0
0.0
0.0
0.0
0.0
0.0
0.099182
0.105127
0.16872
0.225647
0.803194
0.28166599999999997
0.833333
0.235018
0.182096
0.120256
0.131545
0.007084
0.0
0.0
0.0
0.0
0.0
0.0
0.0
0.0
0.0
0.0
0.0
0.0
0.036154000000000006
0.090923
0.147894
0.198497
0.23543
0.250279
0.241756
0.21091200000000002
0.163918
0.107961
0.051406999999999994
0.0023610000000000003
0.0
0.0
0.0
0.0
0.0
0.0
0.0
0.0
0.0
0.0
0.0
0.0
0.056393
0.16103299999999998
0.272909
0.374164
0.187114
0.495473
0.193179
0.16764400000000002
0.37779199999999996
0.287142
0.039508
0.0022429999999999998
0.0
0.0
0.0
0.0
0.0
0.0
0.0
0.0
0.0
0.0
0.0
0.0
0.044398
0.130942
0.223977
0.310475
0.376502
0.418755
0.175095
0.373218
0.307077
0.076087
0.085324
0.0
0.0
0.0
0.0
0.0
0.0
0.0
0.0
0.0
0.0
0.0
0.0
0.0
0.066753
0.2402
0.43767399999999995
0.603752
0.7188490000000001
0.742256
0.709213
0.670523
0.254483
0.328221
0.016408000000000002
0.0
0.0
0.0
0.0
0.0
0.0
0.0
0.0
0.0
0.0
0.0
0.0
0.0
0.06597199999999999
0.249365
0.447172
0.609832
0.721604
0.39367
0.736044
0.610247
0.478902
0.29309500000000005
0.013151
0.0
0.0
0.0
0.0
0.0
0.0
0.0
0.0
0.0
0.0
0.0
0.0
0.0
0.059371
0.37952800000000003
0.352242
0.255794
0.6128429999999999
0.678763
0.680202
0.269457
0.548939
0.135429
0.037702
5.8e-05
0.0
0.0
0.0
0.0
0.0
0.0
0.0
0.0
0.0
0.0
0.0
0.0
0.059007
0.122803
0.201987
0.27041699999999996
0.613362
0.7140700000000001
0.744269
0.662528
0.5353150000000001
0.14549700000000002
0.030781
0.0
0.0
0.0
0.0
0.0
0.0
0.0
0.0
0.0
0.0
0.0
0.0
0.0
0.068667
0.107299
0.178008
0.572063
0.694453
0.30362900000000004
0.774062
0.254104
0.589588
0.126147
0.056377000000000003
0.0
0.0
0.0
0.0
0.0
0.0
0.0
0.0
0.0
0.0
0.0
0.0
0.0
0.031216999999999998
0.11980500000000001
0.43461700000000003
0.318504
0.767011
0.792495
0.745533
0.417219
0.509074
0.285773
0.023124
0.0
0.0
0.0
0.0
0.0
0.0
0.0
0.0
0.0
0.0
0.0
0.0
0.0
0.031216999999999998
0.209428
0.381166
0.5358310000000001
0.628658
0.644733
0.6742630000000001
0.589915
0.459391
0.26874000000000003
0.011367
0.0
0.0
0.0
0.0
0.0
0.0
0.0
0.0
0.0
0.0
0.0
0.0
0.0
0.051048
0.193678
0.38276699999999997
0.496171
0.300931
0.674723
0.727075
0.637033
0.494601
0.312052
0.056437
0.0
0.0
0.0
0.0
0.0
0.0
0.0
0.0
0.0
0.0
0.0
0.0
0.0
0.052817
0.12127
0.20579
0.282419
0.689654
0.741005
0.706543
0.616706
0.507907
0.274857
0.016663
0.0
0.0
0.0
0.0
0.0
0.0
0.0
0.0
0.0
0.0
0.0
0.0
0.0
0.069903
0.096985
0.166018
0.229187
0.274475
0.294745
0.833333
0.794259
0.184297
0.36716899999999997
0.048805999999999995
0.0
0.0
0.0
0.0
0.0
0.0
0.0
0.0
0.0
0.0
0.0
0.0
0.0
0.038342
0.14004
0.25218
0.15069
0.18104900000000002
0.488816
0.482796
0.160708
0.366998
0.296199
0.041540999999999995
0.0
0.0
0.0
0.0
0.0
0.0
0.0
0.0
0.0
0.0
0.0
0.0
0.0
0.019336
0.06604
0.1153
0.160691
0.193019
0.207118
0.198552
0.17112200000000002
0.12919
0.080166
0.031379000000000004
0.0
0.0
0.0
0.0
0.0
0.0
0.0
0.0
0.0
0.0
0.0
0.0
0.0
0.038396
0.14805500000000002
0.27149900000000005
0.159761
0.481416
0.526747
0.195686
0.16800700000000002
0.39882100000000004
0.322567
0.030973
0.0
0.0
0.0
0.0
0.0
0.0
0.0
0.0
0.0
0.0
0.0
0.0
0.0
0.052746
0.075531
0.13266
0.528059
0.22172
0.23697900000000002
0.6998690000000001
0.64252
0.147165
0.091113
0.035319
0.0
0.0
0.0
0.0
0.0
0.0
0.0
0.0
0.0
0.0
0.0
0.0
0.0
0.023377
0.19741499999999998
0.214303
0.5447649999999999
0.679023
0.707859
0.685674
0.596527
0.454733
0.233637
0.012148999999999998
0.0
0.0
0.0
0.0
0.0
0.0
0.0
0.0
0.0
0.0
0.0
0.0
0.0
0.022895
0.211528
0.399517
0.563258
0.40616
0.639152
0.668026
0.578744
0.41977600000000004
0.227201
0.009639
0.0
0.0
0.0
0.0
0.0
0.0
0.0
0.0
0.0
0.0
0.0
0.0
0.0
0.039062
0.102795
0.355556
0.5499959999999999
0.692074
0.717748
0.667517
0.617764
0.203951
0.24718199999999999
0.017908
0.0
0.0
0.0
0.0
0.0
0.0
0.0
0.0
0.0
0.0
0.0
0.0
0.0
0.037376
0.102095
0.349411
0.25099
0.622876
0.688233
0.738548
0.609133
0.46568200000000004
0.23542
0.018104
0.0
0.0
0.0
0.0
0.0
0.0
0.0
0.0
0.0
0.0
0.0
0.0
0.0
0.061268
0.080571
0.14682800000000001
0.735617
0.24896600000000002
0.268169
0.258668
0.833333
0.168223
0.10309399999999999
0.036607999999999995
0.0
0.0
0.0
0.0
0.0
0.0
0.0
0.0
0.0
0.0
0.0
0.0
0.0
0.012848
0.057755
0.106067
0.15026
0.182418
0.19603700000000002
0.188696
0.16208799999999998
0.12127500000000001
0.07258400000000001
0.024357
0.0
0.0
0.0
0.0
0.0
0.0
0.0
0.0
0.0
0.0
0.0
0.0
0.0
0.012169000000000001
0.056485999999999995
0.106049
0.149824
0.18211000000000002
0.19548500000000002
0.188577
0.161302
0.119279
0.071581
0.023495000000000002
0.0
0.0
0.0
0.0
0.0
0.0
0.0
0.0
0.0
0.0
0.0
0.0
0.0
0.012089
0.058925
0.11096500000000001
0.15716999999999998
0.191302
0.205911
0.199524
0.17181100000000002
0.127136
0.07620600000000001
0.024709
0.0
0.0
0.0
0.0
0.0
0.0
0.0
0.0
0.0
0.0
0.0
0.0
0.0
0.014369
0.08150400000000001
0.07360599999999999
0.229434
0.284147
0.31435399999999997
0.310515
0.28009500000000004
0.237211
0.20344800000000002
0.014243
0.0
0.0
0.0
0.0
0.0
0.0
0.0
0.0
0.0
0.0
0.0
0.0
0.0
0.058371
0.104598
0.194167
0.7531359999999999
0.33451400000000003
0.359602
0.342745
0.292823
0.5356749999999999
0.129361
0.038164000000000003
0.0
0.0
0.0
0.0
0.0
0.0
0.0
0.0
0.0
0.0
0.0
0.0
0.0
0.02727
0.18058000000000002
0.369253
0.5479550000000001
0.658903
0.679111
0.657747
0.5653859999999999
0.449487
0.125809
0.010586
0.0
0.0
0.0
0.0
0.0
0.0
0.0
0.0
0.0
0.0
0.0
0.0
0.0
0.02546
0.17892599999999997
0.33096
0.525778
0.626227
0.645371
0.717012
0.274154
0.459838
0.121479
0.012192
0.0
0.0
0.0
0.0
0.0
0.0
0.0
0.0
0.0
0.0
0.0
0.0
0.0
0.012922000000000001
0.22505699999999998
0.457824
0.639248
0.715331
0.45125400000000004
0.46971300000000005
0.448493
0.405
0.197679
0.0060750000000000005
0.0
0.0
0.0
0.0
0.0
0.0
0.0
0.0
0.0
0.0
0.0
0.0
0.0
0.020257
0.143934
0.344934
0.513455
0.545293
0.27281
0.628075
0.623546
0.480445
0.097626
0.028611
0.0
0.0
0.0
0.0
0.0
0.0
0.0
0.0
0.0
0.0
0.0
0.0
0.0
0.01775
0.128899
0.268111
0.411529
0.520365
0.581638
0.622579
0.588763
0.469932
0.08666599999999999
0.015442
0.0
0.0
0.0
0.0
0.0
0.0
0.0
0.0
0.0
0.0
0.0
0.0
0.0
0.008997
0.174357
0.36780399999999996
0.5485180000000001
0.637158
0.65125
0.631899
0.539953
0.387081
0.145607
0.0028799999999999997
0.0
0.0
0.0
0.0
0.0
0.0
0.0
0.0
0.0
0.0
0.0
0.0
0.0
0.016957999999999997
0.16434800000000002
0.347852
0.527015
0.64246
0.659218
0.613288
0.5236369999999999
0.380454
0.156516
0.030841999999999998
0.0
0.0
0.0
0.0
0.0
0.0
0.0
0.0
0.0
0.0
0.0
0.0
0.0
0.007286
0.16397399999999998
0.345291
0.512442
0.608209
0.621648
0.640097
0.449144
0.390361
0.135912
0.002021
0.0
0.0
0.0
0.0
0.0
0.0
0.0
0.0
0.0
0.0
0.0
0.0
0.0
0.01279
0.074497
0.301684
0.468494
0.577372
0.674959
0.658172
0.607431
0.408057
0.155066
0.005051
0.0
0.0
0.0
0.0
0.0
0.0
0.0
0.0
0.0
0.0
0.0
0.0
0.0
0.012211
0.065699
0.133078
0.435398
0.542045
0.25495
0.660891
0.6200950000000001
0.458627
0.167693
0.013637
0.0
0.0
0.0
0.0
0.0
0.0
0.0
0.0
0.0
0.0
0.0
0.0
0.0
0.011361000000000001
0.08535
0.35277
0.25554499999999997
0.6912440000000001
0.670475
0.624938
0.529338
0.37489999999999996
0.112499
0.00207
0.0
0.0
0.0
0.0
0.0
0.0
0.0
0.0
0.0
0.0
0.0
0.0
0.0
0.0043230000000000005
0.158556
0.346928
0.516019
0.59403
0.437747
0.607947
0.5167200000000001
0.36765499999999995
0.106962
0.001327
0.0
0.0
0.0
0.0
0.0
0.0
0.0
0.0
0.0
0.0
0.0
0.0
0.0
0.00263
0.165161
0.363133
0.5374829999999999
0.5977279999999999
0.44466100000000003
0.619343
0.5206259999999999
0.35894099999999995
0.103645
0.001276
0.0
0.0
0.0
0.0
0.0
0.0
0.0
0.0
0.0
0.0
0.0
0.0
0.0
0.015969
0.06283899999999999
0.486642
0.668389
0.245559
0.266212
0.25887099999999996
0.220246
0.158643
0.08747100000000001
0.015643
0.0
0.0
0.0
0.0
0.0
0.0
0.0
0.0
0.0
0.0
0.0
0.0
0.0
0.0037440000000000004
0.061905999999999996
0.13258
0.42603500000000005
0.60592
0.6905739999999999
0.630451
0.597493
0.39331
0.12267600000000001
0.0147
0.0
0.0
0.0
0.0
0.0
0.0
0.0
0.0
0.0
0.0
0.0
0.0
0.0
0.0
0.139404
0.323886
0.499033
0.6119969999999999
0.626925
0.5900650000000001
0.501497
0.347992
0.087449
3.4e-05
0.0
0.0
0.0
0.0
0.0
0.0
0.0
0.0
0.0
0.0
0.0
0.0
0.0
0.0
0.136932
0.318504
0.48500099999999996
0.592803
0.603619
0.591335
0.496947
0.34195800000000004
0.08411
0.0
0.0
0.0
0.0
0.0
0.0
0.0
0.0
0.0
0.0
0.0
0.0
0.0
0.0
0.0
0.14406200000000002
0.34336700000000003
0.53853
0.626149
0.637166
0.595183
0.497604
0.340594
0.080035
0.0
0.0
0.0
0.0
0.0
0.0
0.0
0.0
0.0
0.0
0.0
0.0
0.0
0.0
0.0
0.160579
0.19662200000000002
0.569337
0.6354829999999999
0.648885
0.623515
0.461178
0.34833600000000003
0.083038
0.000844
0.0
0.0
0.0
0.0
0.0
0.0
0.0
0.0
0.0
0.0
0.0
0.0
0.0
0.0
0.14169
0.343401
0.536759
0.596201
0.605302
0.5731430000000001
0.48022699999999996
0.325681
0.071708
0.0
0.0
0.0
0.0
0.0
0.0
0.0
0.0
0.0
0.0
0.0
0.0
0.0
0.0
0.0
0.115841
0.315769
0.480735
0.607862
0.577716
0.251101
0.5740599999999999
0.150303
0.043931
0.003767
0.0
0.0
0.0
0.0
0.0
0.0
0.0
0.0
0.0
0.0
0.0
0.0
0.0
0.0
0.118325
0.431767
0.42473200000000005
0.248376
0.60958
0.265089
0.573022
0.391231
0.042957999999999996
0.003048
0.0
0.0
0.0
0.0
0.0
0.0
0.0
0.0
0.0
0.0
0.0
0.0
0.0
0.0
0.11874599999999999
0.38087099999999996
0.5907140000000001
0.579981
0.28143799999999997
0.69794
0.5899059999999999
0.167217
0.037363999999999994
0.008831
0.0
0.0
0.0
0.0
0.0
0.0
0.0
0.0
0.0
0.0
0.0
0.0
0.0
0.0
0.131079
0.327126
0.5035459999999999
0.5546
0.561493
0.547197
0.45657
0.305062
0.00777
0.0
0.0
0.0
0.0
0.0
0.0
0.0
0.0
0.0
0.0
0.0
0.0
0.0
0.0
0.0
0.073541
0.317327
0.503497
0.58982
0.6021409999999999
0.577586
0.48780599999999996
0.32848099999999997
0.012308999999999999
0.0
0.0
0.0
0.0
0.0
0.0
0.0
0.0
0.0
0.0
0.0
0.0
0.0
0.0
0.0
0.12562399999999999
0.322606
0.514618
0.5806849999999999
0.593423
0.573348
0.47966699999999995
0.316106
0.008929
0.0
0.0
0.0
0.0
0.0
0.0
0.0
0.0
0.0
0.0
0.0
0.0
0.0
0.0
0.0
0.10848300000000001
0.264953
0.135373
0.17059100000000002
0.590221
0.17491900000000002
0.5510430000000001
0.100393
0.049783
0.002282
0.0
0.0
0.0
0.0
0.0
0.0
0.0
0.0
0.0
0.0
0.0
0.0
0.0
0.0
0.11977800000000001
0.316495
0.509429
0.586472
0.59893
0.5599919999999999
0.471762
0.311349
0.009115999999999999
0.0
0.0
0.0
0.0
0.0
0.0
0.0
0.0
0.0
0.0
0.0
0.0
0.0
0.0
0.0
0.066873
0.310838
0.501024
0.622899
0.637839
0.597443
0.495784
0.321841
0.012006000000000001
0.0
0.0
0.0
0.0
0.0
0.0
0.0
0.0
0.0
0.0
0.0
0.0
0.0
0.0
0.0
0.068449
0.309317
0.49634100000000003
0.588919
0.598792
0.569514
0.471269
0.30665
0.010247
0.0
0.0
0.0
0.0
0.0
0.0
0.0
0.0
0.0
0.0
0.0
0.0
0.0
0.0
0.0
0.112277
0.305713
0.49531200000000003
0.5618650000000001
0.5760660000000001
0.5274059999999999
0.44087400000000004
0.284578
0.007023
0.0
0.0
0.0
0.0
0.0
0.0
0.0
0.0
0.0
0.0
0.0
0.0
0.0
0.0
0.0
0.11219
0.312636
0.506902
0.577789
0.589831
0.551882
0.45672199999999996
0.29051
0.00786
0.0
0.0
0.0
0.0
0.0
0.0
0.0
0.0
0.0
0.0
0.0
0.0
0.0
0.0
0.0
0.108382
0.301907
0.488242
0.559837
0.5702229999999999
0.532577
0.443798
0.2839
0.007766
0.0
0.0
0.0
0.0
0.0
0.0
0.0
0.0
0.0
0.0
0.0
0.0
0.0
0.0
0.0
0.064219
0.057857
0.276312
0.11870099999999999
0.12902000000000002
0.396513
0.100741
0.322859
0.05687
0.0
0.0
0.0
0.0
0.0
0.0
0.0
0.0
0.0
0.0
0.0
0.0
0.0
0.0
0.0
0.009535
0.030194
0.048977
0.06278199999999999
0.06844
0.065308
0.054048
0.036168
0.015287
0.0
0.0
0.0
0.0
0.0
0.0
0.0
0.0
0.0
0.0
0.0
0.0
0.0
0.0
0.0
0.10682699999999999
0.30417500000000003
0.492533
0.563354
0.57541
0.551271
0.456052
0.285406
0.007426
0.0
0.0
0.0
0.0
0.0
0.0
0.0
0.0
0.0
0.0
0.0
0.0
0.0
0.0
0.0
0.102027
0.291697
0.47214100000000003
0.54441
0.5576230000000001
0.55668
0.45771
0.28412
0.007304000000000001
0.0
0.0
0.0
0.0
0.0
0.0
0.0
0.0
0.0
0.0
0.0
0.0
0.0
0.0
0.0
0.058467
0.30938600000000005
0.5071100000000001
0.6401789999999999
0.655077
0.44508
0.501326
0.314612
0.012317
0.0
0.0
0.0
0.0
0.0
0.0
0.0
0.0
0.0
0.0
0.0
0.0
0.0
0.0
0.0
0.088527
0.073568
0.120116
0.15325999999999998
0.570944
0.159178
0.539895
0.088369
0.06739700000000001
0.0
0.0
0.0
0.0
0.0
0.0
0.0
0.0
0.0
0.0
0.0
0.0
0.0
0.0
0.0
0.10128400000000001
0.30890300000000004
0.5114259999999999
0.579323
0.5892820000000001
0.5168550000000001
0.425537
0.265925
0.005758
0.0
0.0
0.0
0.0
0.0
0.0
0.0
0.0
0.0
0.0
0.0
0.0
0.0
0.0
0.0
0.096486
0.29303500000000005
0.485449
0.55551
0.568543
0.544918
0.448033
0.27319600000000005
0.0064589999999999995
0.0
0.0
0.0
0.0
0.0
0.0
0.0
0.0
0.0
0.0
0.0
0.0
0.0
0.0
0.0
0.095916
0.29817
0.496399
0.5837129999999999
0.595565
0.552875
0.45346
0.276377
0.006624
0.0
0.0
0.0
0.0
0.0
0.0
0.0
0.0
0.0
0.0
0.0
0.0
0.0
0.0
0.0
0.054748
0.289296
0.478828
0.562183
0.574141
0.552163
0.45269099999999995
0.27666
0.007229
0.0
0.0
0.0
0.0
0.0
0.0
0.0
0.0
0.0
0.0
0.0
0.0
0.0
0.0
0.0
0.090249
0.28795299999999996
0.481569
0.545845
0.561939
0.53875
0.443661
0.26737299999999997
0.005016
0.0
0.0
0.0
0.0
0.0
0.0
0.0
0.0
0.0
0.0
0.0
0.0
0.0
0.0
0.0
0.090986
0.293026
0.487699
0.547866
0.559519
0.527242
0.432456
0.259356
0.004767
0.0
0.0
0.0
0.0
0.0
0.0
0.0
0.0
0.0
0.0
0.0
0.0
0.0
0.0
0.0
0.05183
0.293362
0.487557
0.59057
0.607553
0.454338
0.480084
0.29192700000000005
0.010967000000000001
0.0
0.0
0.0
0.0
0.0
0.0
0.0
0.0
0.0
0.0
0.0
0.0
0.0
0.0
0.0
0.050857
0.276579
0.456776
0.572747
0.5944360000000001
0.569265
0.471554
0.28444600000000003
0.009329
0.0
0.0
0.0
0.0
0.0
0.0
0.0
0.0
0.0
0.0
0.0
0.0
0.0
0.0
0.0
0.077899
0.10641800000000001
0.174294
0.5250710000000001
0.67872
0.6149450000000001
0.187951
0.127713
0.026865
0.0
0.0
0.0
0.0
0.0
0.0
0.0
0.0
0.0
0.0
0.0
0.0
0.0
0.0
0.0
0.046547
0.26929899999999996
0.451153
0.572356
0.591259
0.559439
0.460565
0.27132100000000003
0.010206
0.0
0.0
0.0
0.0
0.0
0.0
0.0
0.0
0.0
0.0
0.0
0.0
0.0
0.0
0.0
0.045926
0.28655
0.255741
0.557474
0.579078
0.5628110000000001
0.441479
0.284478
0.011437
0.0
0.0
0.0
0.0
0.0
0.0
0.0
0.0
0.0
0.0
0.0
0.0
0.0
0.0
0.0
0.106954
0.330962
0.14286500000000002
0.18347300000000002
0.793414
0.19148199999999999
0.15667599999999998
0.10347100000000001
0.044509
0.0
0.0
0.0
0.0
0.0
0.0
0.0
0.0
0.0
0.0
0.0
0.0
0.0
0.0
0.0
0.08641299999999999
0.267976
0.158411
0.204568
0.677457
0.21387
0.5965560000000001
0.370017
0.050915
0.0
0.0
0.0
0.0
0.0
0.0
0.0
0.0
0.0
0.0
0.0
0.0
0.0
0.0
0.0
0.157743
0.09357800000000001
0.1541
0.200106
0.219134
0.210135
0.171828
0.114536
0.049094
0.0
0.0
0.0
0.0
0.0
0.0
0.0
0.0
0.0
0.0
0.0
0.0
0.0
0.0
0.0
0.065473
0.211312
0.125712
0.16278299999999998
0.5368630000000001
0.556319
0.524008
0.091545
0.038055
0.0
0.0
0.0
0.0
0.0
0.0
0.0
0.0
0.0
0.0
0.0
0.0
0.0
0.0
0.0
0.046578
0.28052
0.271381
0.543669
0.564742
0.558593
0.457989
0.274443
0.008306
0.0
0.0
0.0
0.0
0.0
0.0
0.0
0.0
0.0
0.0
0.0
0.0
0.0
0.0
0.0
0.045808
0.271957
0.26297899999999996
0.53767
0.552939
0.537746
0.443232
0.267644
0.007952
0.0
0.0
0.0
0.0
0.0
0.0
0.0
0.0
0.0
0.0
0.0
0.0
0.0
0.0
0.0
0.044067
0.26014
0.436555
0.552862
0.574711
0.5527150000000001
0.453094
0.269381
0.007961000000000001
0.0
0.0
0.0
0.0
0.0
0.0
0.0
0.0
0.0
0.0
0.0
0.0
0.0
0.0
0.0
0.044732
0.26853899999999997
0.458416
0.553138
0.571429
0.535359
0.43994900000000003
0.264517
0.006401
0.0
0.0
0.0
0.0
0.0
0.0
0.0
0.0
0.0
0.0
0.0
0.0
0.0
0.0
0.0
0.043344
0.276381
0.466441
0.533184
0.555438
0.447652
0.438877
0.264519
0.006988
0.0
0.0
0.0
0.0
0.0
0.0
0.0
0.0
0.0
0.0
0.0
0.0
0.0
0.0
0.0
0.04185
0.252164
0.423827
0.509844
0.5235700000000001
0.518974
0.426358
0.25863200000000003
0.006113
0.0
0.0
0.0
0.0
0.0
0.0
0.0
0.0
0.0
0.0
0.0
0.0
0.0
0.0
0.0
0.074005
0.118013
0.43239299999999997
0.516631
0.5353089999999999
0.538462
0.444747
0.26993700000000004
0.006516
0.0
0.0
0.0
0.0
0.0
0.0
0.0
0.0
0.0
0.0
0.0
0.0
0.0
0.0
0.0
0.041360999999999995
0.26386000000000004
0.449622
0.549354
0.571276
0.542785
0.44763600000000003
0.270256
0.006339
0.0
0.0
0.0
0.0
0.0
0.0
0.0
0.0
0.0
0.0
0.0
0.0
0.0
0.0
0.0
0.06794199999999999
0.256461
0.397443
0.21962600000000002
0.616461
0.593438
0.495817
0.30473500000000003
0.020951
0.0
0.0
0.0
0.0
0.0
0.0
0.0
0.0
0.0
0.0
0.0
0.0
0.0
0.0
0.0
0.08421899999999999
0.099283
0.165439
0.212332
0.722606
0.69565
0.179948
0.359907
0.049964
0.0
0.0
0.0
0.0
0.0
0.0
0.0
0.0
0.0
0.0
0.0
0.0
0.0
0.0
0.0
0.040716999999999996
0.281518
0.47095800000000004
0.36045699999999997
0.5718920000000001
0.554169
0.464278
0.282747
0.00667
0.0
0.0
0.0
0.0
0.0
0.0
0.0
0.0
0.0
0.0
0.0
0.0
0.0
0.0
0.0
0.061512
0.213528
0.512443
0.47452999999999995
0.5447240000000001
0.200763
0.488238
0.312296
0.046112
0.0
0.0
0.0
0.0
0.0
0.0
0.0
0.0
0.0
0.0
0.0
0.0
0.0
0.0
0.0
0.040693
0.312525
0.260642
0.5703189999999999
0.40558
0.5808099999999999
0.431363
0.303493
0.013933
0.0
0.0
0.0
0.0
0.0
0.0
0.0
0.0
0.0
0.0
0.0
0.0
0.0
0.0
0.0
0.042135
0.319173
0.272401
0.565977
0.426179
0.57898
0.48510000000000003
0.290305
0.011728
0.0
0.0
0.0
0.0
0.0
0.0
0.0
0.0
0.0
0.0
0.0
0.0
0.0
0.0
0.0
0.133186
0.104882
0.6196459999999999
0.22142900000000001
0.241605
0.231149
0.188438
0.12472799999999999
0.086633
0.0
0.0
0.0
0.0
0.0
0.0
0.0
0.0
0.0
0.0
0.0
0.0
0.0
0.0
0.0
0.043649
0.293692
0.497745
0.579481
0.439378
0.538443
0.45249900000000004
0.28631799999999996
0.009317
0.0
0.0
0.0
0.0
0.0
0.0
0.0
0.0
0.0
0.0
0.0
0.0
0.0
0.0
0.0
0.076454
0.34926999999999997
0.538879
0.631184
0.287625
0.27113600000000004
0.525835
0.320631
0.014561999999999999
0.0
0.0
0.0
0.0
0.0
0.0
0.0
0.0
0.0
0.0
0.0
0.0
0.0
0.0
0.0
0.07636799999999999
0.130052
0.478518
0.587303
0.6125539999999999
0.611606
0.22758799999999998
0.32507600000000003
0.010278
0.0
0.0
0.0
0.0
0.0
0.0
0.0
0.0
0.0
0.0
0.0
0.0
0.0
0.0
0.0
0.040896999999999996
0.274169
0.47174900000000003
0.578114
0.607692
0.5824020000000001
0.485164
0.304803
0.008676
0.0
0.0
0.0
0.0
0.0
0.0
0.0
0.0
0.0
0.0
0.0
0.0
0.0
0.0
0.0
0.042113
0.26693700000000004
0.44961599999999996
0.551151
0.574207
0.581647
0.48663
0.307365
0.008771000000000001
0.0
0.0
0.0
0.0
0.0
0.0
0.0
0.0
0.0
0.0
0.0
0.0
0.0
0.0
0.0
0.074125
0.12681900000000002
0.468771
0.577927
0.602552
0.567255
0.47360199999999997
0.30197500000000005
0.008369
0.0
0.0
0.0
0.0
0.0
0.0
0.0
0.0
0.0
0.0
0.0
0.0
0.0
0.0
0.0
0.041822000000000005
0.27522399999999997
0.46066199999999996
0.537278
0.561228
0.5718719999999999
0.47827600000000003
0.297607
0.008268000000000001
0.0
0.0
0.0
0.0
0.0
0.0
0.0
0.0
0.0
0.0
0.0
0.0
0.0
0.0
0.0
0.041787
0.270762
0.459646
0.553148
0.581827
0.5614600000000001
0.469711
0.301871
0.008189
0.0
0.0
0.0
0.0
0.0
0.0
0.0
0.0
0.0
0.0
0.0
0.0
0.0
0.0
0.0
0.043469
0.29627499999999996
0.48314999999999997
0.37922500000000003
0.590515
0.5628070000000001
0.47410199999999997
0.30717500000000003
0.008983000000000001
0.0
0.0
0.0
0.0
0.0
0.0
