0.0
0.0
0.0
0.0
0.0
0.0
0.0
0.0
0.0
0.113991
0.084503
0.127733
0.510171
0.5524370000000001
0.14943299999999998
0.11403400000000001
0.066356
0.017248
0.0
0.0
0.0
0.0
0.0
0.0
0.0
0.0
0.0
0.0
0.0
0.0
0.0
0.0
0.0
0.120774
0.13972800000000002
0.478921
0.5716829999999999
0.5807960000000001
0.549059
0.438329
0.233817
0.003959
0.0
0.0
0.0
0.0
0.0
0.0
0.0
0.0
0.0
0.0
0.0
0.0
0.0
0.0
0.0
0.072498
0.332504
0.290637
0.565852
0.5765990000000001
0.553123
0.442019
0.238377
0.003961
0.0
0.0
0.0
0.0
0.0
0.0
0.0
0.0
0.0
0.0
0.0
0.0
0.0
0.0
0.0
0.074946
0.36392599999999997
0.30243000000000003
0.579731
0.58986
0.5506319999999999
0.41994099999999995
0.24107900000000002
0.004664
0.0
0.0
0.0
0.0
0.0
0.0
0.0
0.0
0.0
0.0
0.0
0.0
0.0
0.0
0.0
0.07540999999999999
0.361195
0.308753
0.5780019999999999
0.587898
0.544695
0.435853
0.23504499999999998
0.003839
0.0
0.0
0.0
0.0
0.0
0.0
0.0
0.0
0.0
0.0
0.0
0.0
0.0
0.0
0.0
0.07364100000000001
0.326212
0.485847
0.546338
0.5544969999999999
0.51949
0.417407
0.23080199999999998
0.002306
0.0
0.0
0.0
0.0
0.0
0.0
0.0
0.0
0.0
0.0
0.0
0.0
0.0
0.0
0.0
0.076627
0.371847
0.495012
0.373459
0.414101
0.55044
0.44301799999999997
0.249755
0.005203
0.0
0.0
0.0
0.0
0.0
0.0
0.0
0.0
0.0
0.0
0.0
0.0
0.0
0.0
0.0
0.074926
0.370433
0.30121499999999996
0.5943339999999999
0.6075940000000001
0.43370299999999995
0.451897
0.25843400000000005
0.006222
0.0
0.0
0.0
0.0
0.0
0.0
0.0
0.0
0.0
0.0
0.0
0.0
0.0
0.0
0.0
0.075554
0.181544
0.274865
0.340148
0.124643
0.112383
0.086339
0.272991
0.022628
0.0
0.0
0.0
0.0
0.0
0.0
0.0
0.0
0.0
0.0
0.0
0.0
0.0
0.0
0.0
0.11837600000000001
0.286947
0.19481800000000002
0.552347
0.6254160000000001
0.606706
0.470206
0.292477
0.008598000000000001
0.0
0.0
0.0
0.0
0.0
0.0
0.0
0.0
0.0
0.0
0.0
0.0
0.0
0.0
0.0
0.07745300000000001
0.19528399999999999
0.523931
0.592734
0.6069370000000001
0.564601
0.459592
0.26779000000000003
0.004853
0.0
0.0
0.0
0.0
0.0
0.0
0.0
0.0
0.0
0.0
0.0
0.0
0.0
0.0
0.0
0.134916
0.15534299999999998
0.516106
0.605132
0.616888
0.550219
0.449611
0.267186
0.010297
0.0
0.0
0.0
0.0
0.0
0.0
0.0
0.0
0.0
0.0
0.0
0.0
0.0
0.0
0.0
0.140476
0.16323500000000002
0.236933
0.602009
0.5830850000000001
0.5694980000000001
0.490238
0.27755399999999997
0.010388
0.0
0.0
0.0
0.0
0.0
0.0
0.0
0.0
0.0
0.0
0.0
0.0
0.0
0.0
0.0
0.114021
0.082634
0.121669
0.466831
0.501062
0.138995
0.106695
0.06437699999999999
0.033253
0.0
0.0
0.0
0.0
0.0
0.0
0.0
0.0
0.0
0.0
0.0
0.0
0.0
0.0
0.0
0.14226
0.432602
0.5259389999999999
0.284978
0.65777
0.267949
0.206787
0.30808800000000003
0.015574999999999999
0.0
0.0
0.0
0.0
0.0
0.0
0.0
0.0
0.0
0.0
0.0
0.0
0.0
0.0
0.0
0.07267799999999999
0.322808
0.48951999999999996
0.562096
0.571705
0.5558500000000001
0.45764299999999997
0.281117
0.005454
0.0
0.0
0.0
0.0
0.0
0.0
0.0
0.0
0.0
0.0
0.0
0.0
0.0
0.0
0.0
0.057807000000000004
0.12473300000000001
0.18148
0.216136
0.223532
0.201993
0.156251
0.096435
0.032532
0.0
0.0
0.0
0.0
0.0
0.0
0.0
0.0
0.0
0.0
0.0
0.0
0.0
0.0
0.0
0.24804400000000001
0.272066
0.19032400000000002
0.228599
0.23775200000000002
0.552798
0.167031
0.102978
0.034478
0.0
0.0
0.0
0.0
0.0
0.0
0.0
0.0
0.0
0.0
0.0
0.0
0.0
0.0
0.0
0.14897300000000002
0.18706299999999998
0.521359
0.351009
0.615957
0.607672
0.503481
0.304513
0.011859999999999999
0.0
0.0
0.0
0.0
0.0
0.0
0.0
0.0
0.0
0.0
0.0
0.0
0.0
0.0
0.0
0.15301900000000002
0.20622200000000002
0.53525
0.604693
0.619873
0.58009
0.409689
0.308243
0.00809
0.0
0.0
0.0
0.0
0.0
0.0
0.0
0.0
0.0
0.0
0.0
0.0
0.0
0.0
0.0
0.136504
0.298868
0.205343
0.551341
0.6120140000000001
0.611737
0.506869
0.325555
0.0112
0.0
0.0
0.0
0.0
0.0
0.0
0.0
0.0
0.0
0.0
0.0
0.0
0.0
0.0
0.0
0.065687
0.13688399999999998
0.198069
0.23764500000000002
0.246455
0.8032
0.17533500000000002
0.44892899999999997
0.039488
0.0
0.0
0.0
0.0
0.0
0.0
0.0
0.0
0.0
0.0
0.0
0.0
0.0
0.0
0.0
0.148249
0.356962
0.5339550000000001
0.6038600000000001
0.6194310000000001
0.590412
0.49010000000000004
0.315898
0.0066040000000000005
0.0
0.0
0.0
0.0
0.0
0.0
0.0
0.0
0.0
0.0
0.0
0.0
0.0
0.0
0.0
0.188986
0.342397
0.23236199999999999
0.636539
0.6858909999999999
0.6348010000000001
0.54352
0.12964599999999998
0.048631
0.0
0.0
0.0
0.0
0.0
0.0
0.0
0.0
0.0
0.0
0.0
0.0
0.0
0.0
0.0
0.164017
0.382349
0.544408
0.40304399999999996
0.631651
0.569112
0.48063
0.321516
0.007325
0.0
0.0
0.0
0.0
0.0
0.0
0.0
0.0
0.0
0.0
0.0
0.0
0.0
0.0
0.0
0.153888
0.358134
0.533855
0.612131
0.625225
0.590256
0.492279
0.35069900000000004
0.051069
0.0
0.0
0.0
0.0
0.0
0.0
0.0
0.0
0.0
0.0
0.0
0.0
0.0
0.0
0.0
0.181461
0.341509
0.233997
0.276786
0.672967
0.598268
0.503414
0.35779700000000003
0.015058
0.0
0.0
0.0
0.0
0.0
0.0
0.0
0.0
0.0
0.0
0.0
0.0
0.0
0.0
0.0
0.163282
0.213059
0.5479489999999999
0.6170760000000001
0.633048
0.593231
0.500042
0.33845800000000004
0.008317
0.0
0.0
0.0
0.0
0.0
0.0
0.0
0.0
0.0
0.0
0.0
0.0
0.0
0.0
0.0
0.168
0.376124
0.556269
0.372179
0.664922
0.63485
0.379085
0.361555
0.012431
0.0
0.0
0.0
0.0
0.0
0.0
0.0
0.0
0.0
0.0
0.0
0.0
0.0
0.0
0.0
0.161895
0.366964
0.529218
0.593696
0.606939
0.590083
0.496981
0.338286
0.07342900000000001
0.0
0.0
0.0
0.0
0.0
0.0
0.0
0.0
0.0
0.0
0.0
0.0
0.0
0.0
0.0
0.16348300000000002
0.37091
0.535201
0.6032770000000001
0.6166849999999999
0.565626
0.479417
0.333126
0.07687999999999999
0.0
0.0
0.0
0.0
0.0
0.0
0.0
0.0
0.0
0.0
0.0
0.0
0.0
0.0
0.0068650000000000004
0.064652
0.34753300000000004
0.177416
0.212124
0.221185
0.692972
0.6209199999999999
0.45690800000000004
0.042151
0.0
0.0
0.0
0.0
0.0
0.0
0.0
0.0
0.0
0.0
0.0
0.0
0.0
0.0
0.000359
0.192466
0.423469
0.578416
0.41413
0.669172
0.450262
0.5268970000000001
0.36733499999999997
0.090953
0.0
0.0
0.0
0.0
0.0
0.0
0.0
0.0
0.0
0.0
0.0
0.0
0.0
0.0
0.010469
0.079435
0.15048699999999998
0.6043970000000001
0.732094
0.257415
0.234785
0.18670599999999998
0.47544099999999995
0.051254
0.0
0.0
0.0
0.0
0.0
0.0
0.0
0.0
0.0
0.0
0.0
0.0
0.0
0.0
0.001254
0.10939
0.416207
0.544888
0.6080599999999999
0.621961
0.48080399999999995
0.518535
0.361753
0.092646
0.0
0.0
0.0
0.0
0.0
0.0
0.0
0.0
0.0
0.0
0.0
0.0
0.0
0.0
0.0009609999999999999
0.182666
0.397806
0.550001
0.616597
0.630072
0.565924
0.482142
0.34354
0.09032599999999999
0.0
0.0
0.0
0.0
0.0
0.0
0.0
0.0
0.0
0.0
0.0
0.0
0.0
0.0
0.002163
0.19537700000000002
0.41406400000000004
0.529648
0.590924
0.460459
0.597716
0.507056
0.35757799999999995
0.095664
0.0
0.0
0.0
0.0
0.0
0.0
0.0
0.0
0.0
0.0
0.0
0.0
0.0
0.0
0.008671
0.16359700000000002
0.168221
0.474538
0.64604
0.659231
0.655252
0.204793
0.414236
0.060244
0.0
0.0
0.0
0.0
0.0
0.0
0.0
0.0
0.0
0.0
0.0
0.0
0.0
0.0
0.031708
0.064451
0.120943
0.1676
0.196852
0.202432
0.833333
0.146813
0.096775
0.042325
0.0
0.0
0.0
0.0
0.0
0.0
0.0
0.0
0.0
0.0
0.0
0.0
0.0
0.0
0.011021000000000001
0.196443
0.404137
0.53438
0.302956
0.661415
0.627203
0.536532
0.38378500000000004
0.128327
0.0
0.0
0.0
0.0
0.0
0.0
0.0
0.0
0.0
0.0
0.0
0.0
0.0
0.0
0.005013
0.191428
0.399526
0.5509539999999999
0.41136399999999995
0.645432
0.604548
0.517497
0.373768
0.118145
0.0
0.0
0.0
0.0
0.0
0.0
0.0
0.0
0.0
0.0
0.0
0.0
0.0
0.0
0.025193999999999998
0.07506499999999999
0.135315
0.185174
0.685024
0.22109399999999998
0.759948
0.164456
0.109257
0.050156
0.000114
0.0
0.0
0.0
0.0
0.0
0.0
0.0
0.0
0.0
0.0
0.0
0.0
0.0
0.0065899999999999995
0.190559
0.390793
0.542549
0.610932
0.62036
0.568194
0.48945
0.35954899999999995
0.12499500000000001
0.0
0.0
0.0
0.0
0.0
0.0
0.0
0.0
0.0
0.0
0.0
0.0
0.0
0.0
0.019329
0.184418
0.366139
0.5340990000000001
0.633837
0.672282
0.655105
0.560909
0.433243
0.072199
0.0017900000000000001
0.0
0.0
0.0
0.0
0.0
0.0
0.0
0.0
0.0
0.0
0.0
0.0
0.0
0.022036
0.111314
0.377127
0.540468
0.6178089999999999
0.673418
0.6454829999999999
0.552039
0.39999900000000005
0.14697200000000002
0.0
0.0
0.0
0.0
0.0
0.0
0.0
0.0
0.0
0.0
0.0
0.0
0.0
0.0
0.013856
0.245743
0.463393
0.586024
0.45031
0.674806
0.49222899999999997
0.550168
0.388649
0.154004
0.0
0.0
0.0
0.0
0.0
0.0
0.0
0.0
0.0
0.0
0.0
0.0
0.0
0.0
0.027309
0.221613
0.433727
0.557226
0.652452
0.33473
0.675892
0.5464349999999999
0.40011
0.15599000000000002
0.0
0.0
0.0
0.0
0.0
0.0
0.0
0.0
0.0
0.0
0.0
0.0
0.0
0.0
0.029248
0.189779
0.473319
0.500608
0.288556
0.643064
0.278935
0.6104149999999999
0.439987
0.182625
0.0013109999999999999
0.0
0.0
0.0
0.0
0.0
0.0
0.0
0.0
0.0
0.0
0.0
0.0
0.0
0.031106
0.11704
0.384036
0.552517
0.623917
0.634795
0.643787
0.5533790000000001
0.43463799999999997
0.08226399999999999
0.000625
0.0
0.0
0.0
0.0
0.0
0.0
0.0
0.0
0.0
0.0
0.0
0.0
0.0
0.033311999999999994
0.188196
0.181238
0.24247300000000002
0.591449
0.288265
0.647192
0.642173
0.472951
0.20818299999999998
0.00354
0.0
0.0
0.0
0.0
0.0
0.0
0.0
0.0
0.0
0.0
0.0
0.0
0.0
0.015598
0.06661199999999999
0.116179
0.157218
0.18466
0.19128499999999998
0.176831
0.143279
0.09836
0.048386000000000005
0.0044480000000000006
0.0
0.0
0.0
0.0
0.0
0.0
0.0
0.0
0.0
0.0
0.0
0.0
0.0
0.027941
0.121024
0.218523
0.30067
0.357372
0.155692
0.145431
0.334804
0.262846
0.211805
0.003712
0.0
0.0
0.0
0.0
0.0
0.0
0.0
0.0
0.0
0.0
0.0
0.0
0.0
0.025348
0.103972
0.083314
0.113803
0.30600599999999994
0.324921
0.31637099999999996
0.273061
0.218423
0.169827
0.003765
0.0
0.0
0.0
0.0
0.0
0.0
0.0
0.0
0.0
0.0
0.0
0.0
0.0
0.044171
0.26411
0.358408
0.247452
0.605163
0.793702
0.651032
0.224578
0.155118
0.232088
0.006793
0.0
0.0
0.0
0.0
0.0
0.0
0.0
0.0
0.0
0.0
0.0
0.0
0.0
0.027672000000000002
0.23513499999999998
0.449681
0.364268
0.693767
0.7140359999999999
0.680674
0.5872459999999999
0.437651
0.201784
0.000921
0.0
0.0
0.0
0.0
0.0
0.0
0.0
0.0
0.0
0.0
0.0
0.0
0.0
0.050343000000000006
0.13662
0.425631
0.590318
0.653045
0.666481
0.6668099999999999
0.577567
0.42895999999999995
0.21759399999999998
0.000867
0.0
0.0
0.0
0.0
0.0
0.0
0.0
0.0
0.0
0.0
0.0
0.0
0.0
0.055320999999999995
0.203709
0.148914
0.496548
0.592956
0.237933
0.633289
0.180356
0.461274
0.065748
0.012021
0.0
0.0
0.0
0.0
0.0
0.0
0.0
0.0
0.0
0.0
0.0
0.0
0.0
0.030775
0.24565
0.460445
0.5918479999999999
0.65855
0.674837
0.647167
0.5611820000000001
0.422068
0.20167400000000002
0.000214
0.0
0.0
0.0
0.0
0.0
0.0
0.0
0.0
0.0
0.0
0.0
0.0
0.0
0.055111
0.228786
0.416997
0.5778479999999999
0.651872
0.667353
0.70643
0.5694389999999999
0.45995400000000003
0.10031
0.005901
0.0
0.0
0.0
0.0
0.0
0.0
0.0
0.0
0.0
0.0
0.0
0.0
0.0
0.058046999999999994
0.236747
0.425947
0.561438
0.6240180000000001
0.634283
0.633205
0.5848949999999999
0.185449
0.224159
0.0056689999999999996
0.0
0.0
0.0
0.0
0.0
0.0
0.0
0.0
0.0
0.0
0.0
0.0
0.0
0.072867
0.265724
0.469198
0.641039
0.313132
0.815997
0.297628
0.243892
0.520787
0.096042
0.022205
0.0
0.0
0.0
0.0
0.0
0.0
0.0
0.0
0.0
0.0
0.0
0.0
0.0
0.029821
0.083326
0.13647
0.180391
0.20944900000000002
0.216309
0.20307
0.167628
0.118946
0.064308
0.014922000000000001
0.0
0.0
0.0
0.0
0.0
0.0
0.0
0.0
0.0
0.0
0.0
0.0
0.0
0.030275
0.084834
0.138603
0.18335900000000002
0.212224
0.220494
0.205912
0.170589
0.120828
0.066687
0.015957000000000002
0.0
0.0
0.0
0.0
0.0
0.0
0.0
0.0
0.0
0.0
0.0
0.0
0.0
0.032112
0.085355
0.13828200000000002
0.18288200000000002
0.210732
0.21831
0.208254
0.172293
0.122276
0.067329
0.016728
0.0
0.0
0.0
0.0
0.0
0.0
0.0
0.0
0.0
0.0
0.0
0.0
0.0
0.039926
0.254496
0.456868
0.63498
0.729666
0.747645
0.710682
0.6148020000000001
0.46811
0.23853200000000002
0.004825
0.0
0.0
0.0
0.0
0.0
0.0
0.0
0.0
0.0
0.0
0.0
0.0
0.0
0.073155
0.15430000000000002
0.244469
0.318808
0.758335
0.754184
0.719921
0.62572
0.475832
0.266637
0.0069619999999999994
0.0
0.0
0.0
0.0
0.0
0.0
0.0
0.0
0.0
0.0
0.0
0.0
0.0
0.073825
0.261731
0.450807
0.56524
0.332975
0.7079070000000001
0.696129
0.608384
0.49506
0.25089500000000003
0.012255
0.0
0.0
0.0
0.0
0.0
0.0
0.0
0.0
0.0
0.0
0.0
0.0
0.0
0.075159
0.263383
0.453563
0.599404
0.658216
0.7116330000000001
0.342098
0.645957
0.462994
0.26654500000000003
0.0059960000000000005
0.0
0.0
0.0
0.0
0.0
0.0
0.0
0.0
0.0
0.0
0.0
0.0
0.0
0.08194599999999999
0.081927
0.373915
0.17077199999999998
0.195296
0.629265
0.18806
0.155941
0.431693
0.064057
0.033586
0.0
0.0
0.0
0.0
0.0
0.0
0.0
0.0
0.0
0.0
0.0
0.0
0.0
0.045587
0.295799
0.262786
0.673366
0.43892200000000003
0.765246
0.739159
0.43314400000000003
0.49523
0.274075
0.010977
0.0
0.0
0.0
0.0
0.0
0.0
0.0
0.0
0.0
0.0
0.0
0.0
0.0
0.079597
0.27062200000000003
0.45460199999999995
0.60654
0.6453840000000001
0.686046
0.321724
0.675806
0.489603
0.289419
0.036211
0.0
0.0
0.0
0.0
0.0
0.0
0.0
0.0
0.0
0.0
0.0
0.0
0.0
0.039487
0.09297499999999999
0.145733
0.189725
0.217868
0.224749
0.212506
0.176297
0.12750799999999998
0.07393300000000001
0.023254999999999998
0.0
0.0
0.0
0.0
0.0
0.0
0.0
0.0
0.0
0.0
0.0
0.0
0.0
0.03444
0.08106100000000001
0.35363900000000004
0.165856
0.548929
0.19650299999999998
0.18349700000000002
0.15284
0.403705
0.301111
0.037223
0.0
0.0
0.0
0.0
0.0
0.0
0.0
0.0
0.0
0.0
0.0
0.0
0.0
0.041277999999999995
0.095978
0.14955000000000002
0.195548
0.224065
0.232024
0.216762
0.180816
0.131168
0.076997
0.025908999999999998
0.0
0.0
0.0
0.0
0.0
0.0
0.0
0.0
0.0
0.0
0.0
0.0
0.0
0.074004
0.09239499999999999
0.31278300000000003
0.416454
0.487465
0.516777
0.20365899999999998
0.444747
0.36111200000000004
0.073468
0.024848
0.0
0.0
0.0
0.0
0.0
0.0
0.0
0.0
0.0
0.0
0.0
0.0
0.000472
0.081512
0.452672
0.26855
0.343589
0.833333
0.397858
0.377222
0.315882
0.232733
0.14003
0.050136
0.0
0.0
0.0
0.0
0.0
0.0
0.0
0.0
0.0
0.0
0.0
0.0
0.0
0.04735
0.10329300000000001
0.354503
0.463537
0.227909
0.233888
0.581855
0.5183139999999999
0.429301
0.327192
0.029079
0.0
0.0
0.0
0.0
0.0
0.0
0.0
0.0
0.0
0.0
0.0
0.0
0.0
0.073407
0.26517599999999997
0.434977
0.582271
0.688725
0.7130460000000001
0.705221
0.615035
0.474479
0.273989
0.010315
0.0
0.0
0.0
0.0
0.0
0.0
0.0
0.0
0.0
0.0
0.0
0.0
0.0
0.115236
0.34172399999999997
0.301361
0.622572
0.678991
0.513953
0.704185
0.494543
0.479192
0.2795
0.010816000000000001
0.0
0.0
0.0
0.0
0.0
0.0
0.0
0.0
0.0
0.0
0.0
0.0
0.0
0.08176900000000001
0.282481
0.45724400000000004
0.6128129999999999
0.710003
0.705581
0.7560549999999999
0.612946
0.4731
0.276167
0.010411
0.0
0.0
0.0
0.0
0.0
0.0
0.0
0.0
0.0
0.0
0.0
0.0
0.000479
0.099502
0.28673200000000004
0.472881
0.631321
0.734718
0.747225
0.751204
0.6650499999999999
0.20955000000000001
0.128237
0.020758
0.0
0.0
0.0
0.0
0.0
0.0
0.0
0.0
0.0
0.0
0.0
0.0
0.0
0.115282
0.33710199999999996
0.5424249999999999
0.656161
0.722643
0.531362
0.692913
0.48162299999999997
0.470418
0.278356
0.008186
0.0
0.0
0.0
0.0
0.0
0.0
0.0
0.0
0.0
0.0
0.0
0.0
0.0
0.102965
0.289563
0.463334
0.605677
0.660142
0.665803
0.675759
0.588831
0.45756
0.27218200000000004
0.008637
0.0
0.0
0.0
0.0
0.0
0.0
0.0
0.0
0.0
0.0
0.0
0.0
0.0
0.120012
0.182651
0.298276
0.651072
0.711244
0.506891
0.6500049999999999
0.5723659999999999
0.451096
0.27407400000000004
0.012252
0.0
0.0
0.0
0.0
0.0
0.0
0.0
0.0
0.0
0.0
0.0
0.0
0.0019950000000000002
0.103128
0.282656
0.459537
0.613734
0.725775
0.741421
0.765248
0.624632
0.522421
0.136451
0.022578
0.0
0.0
0.0
0.0
0.0
0.0
0.0
0.0
0.0
0.0
0.0
0.0
0.005436
0.058556
0.116343
0.173621
0.21995900000000002
0.24919300000000003
0.25661900000000004
0.23908600000000002
0.201108
0.150337
0.093416
0.039048
0.0
0.0
0.0
0.0
0.0
0.0
0.0
0.0
0.0
0.0
0.0
0.0
0.0
0.108434
0.292399
0.470291
0.6284890000000001
0.6938200000000001
0.704228
0.6751670000000001
0.586704
0.460674
0.277626
0.011297
0.0
0.0
0.0
0.0
0.0
0.0
0.0
0.0
0.0
0.0
0.0
0.0
0.0
0.107377
0.283071
0.443908
0.5734750000000001
0.6252580000000001
0.6313719999999999
0.6356069999999999
0.5567190000000001
0.436968
0.268018
0.042009
0.0
0.0
0.0
0.0
0.0
0.0
0.0
0.0
0.0
0.0
0.0
0.0
0.003417
0.115941
0.293433
0.25637
0.580896
0.636938
0.6409360000000001
0.655423
0.5743440000000001
0.481602
0.296377
0.045512000000000004
0.0
0.0
0.0
0.0
0.0
0.0
0.0
0.0
0.0
0.0
0.0
0.0
0.011077
0.13330099999999998
0.303645
0.195303
0.611659
0.277061
0.283293
0.735619
0.663278
0.170039
0.10822799999999999
0.08754600000000001
0.0
0.0
0.0
0.0
0.0
0.0
0.0
0.0
0.0
0.0
0.0
0.0
0.003975
0.125993
0.313656
0.52095
0.65399
0.389231
0.757779
0.658747
0.5790639999999999
0.458192
0.284229
0.048158
0.0
0.0
0.0
0.0
0.0
0.0
0.0
0.0
0.0
0.0
0.0
0.0
0.010237
0.063783
0.122615
0.178785
0.225798
0.255262
0.262712
0.248296
0.21228999999999998
0.161555
0.10446599999999999
0.046797
0.0
0.0
0.0
0.0
0.0
0.0
0.0
0.0
0.0
0.0
0.0
0.0
0.009336
0.151781
0.372205
0.475031
0.330387
0.37246300000000004
0.382281
0.784447
0.678704
0.53004
0.32846800000000004
0.06579
0.0
0.0
0.0
0.0
0.0
0.0
0.0
0.0
0.0
0.0
0.0
0.0
0.0037280000000000004
0.127961
0.319778
0.494765
0.589692
0.636346
0.643134
0.6652939999999999
0.582901
0.45702
0.282335
0.047181
0.0
0.0
0.0
0.0
0.0
0.0
0.0
0.0
0.0
0.0
0.0
0.0
0.004315
0.131008
0.325023
0.503666
0.5891109999999999
0.6337160000000001
0.638696
0.6532190000000001
0.570539
0.446369
0.277824
0.047873
0.0
0.0
0.0
0.0
0.0
0.0
0.0
0.0
0.0
0.0
0.0
0.0
0.017268000000000002
0.147371
0.164184
0.487033
0.623658
0.325486
0.7561100000000001
0.798288
0.273384
0.208946
0.36871499999999996
0.064258
0.001184
0.0
0.0
0.0
0.0
0.0
0.0
0.0
0.0
0.0
0.0
0.0
0.011835
0.13427099999999997
0.189525
0.489506
0.658446
0.7551950000000001
0.808437
0.730105
0.635853
0.49598200000000003
0.310387
0.0734
0.0
0.0
0.0
0.0
0.0
0.0
0.0
0.0
0.0
0.0
0.0
0.0
0.013416
0.13761600000000002
0.313607
0.500619
0.6515359999999999
0.728077
0.738417
0.727059
0.6818609999999999
0.244134
0.16029400000000002
0.07776999999999999
0.0
0.0
0.0
0.0
0.0
0.0
0.0
0.0
0.0
0.0
0.0
0.0
0.015593
0.09188299999999999
0.277873
0.424014
0.549492
0.641171
0.706954
0.697566
0.612733
0.508978
0.325351
0.086909
0.001343
0.0
0.0
0.0
0.0
0.0
0.0
0.0
0.0
0.0
0.0
0.0
0.008842000000000001
0.14088499999999998
0.33460500000000004
0.51575
0.6199560000000001
0.6696599999999999
0.677864
0.670647
0.589337
0.464057
0.29124500000000003
0.058935
0.0
0.0
0.0
0.0
0.0
0.0
0.0
0.0
0.0
0.0
0.0
0.0
0.006621
0.135682
0.312519
0.475264
0.606159
0.659186
0.6633479999999999
0.680278
0.596673
0.4718
0.29944
0.065295
0.0
0.0
0.0
0.0
0.0
0.0
0.0
0.0
0.0
0.0
0.0
0.0
0.028395
0.164001
0.158516
0.224143
0.277065
0.732991
0.7715660000000001
0.30002300000000004
0.257569
0.595428
0.39066
0.065963
0.006605000000000001
0.0
0.0
0.0
0.0
0.0
0.0
0.0
0.0
0.0
0.0
0.0
0.009185
0.16068700000000002
0.17856899999999998
0.5428310000000001
0.361785
0.743561
0.752654
0.44410000000000005
0.634725
0.345559
0.325721
0.074976
0.00113
0.0
0.0
0.0
0.0
0.0
0.0
0.0
0.0
0.0
0.0
0.0
0.007324
0.138659
0.318076
0.486873
0.6351950000000001
0.6897430000000001
0.700231
0.664972
0.584689
0.462349
0.296597
0.07093
0.0
0.0
0.0
0.0
0.0
0.0
0.0
0.0
0.0
0.0
0.0
0.0
0.012118
0.144241
0.330973
0.50768
0.626287
0.6777110000000001
0.684557
0.650358
0.5727380000000001
0.454049
0.291066
0.07093600000000001
0.0
0.0
0.0
0.0
0.0
0.0
0.0
0.0
0.0
0.0
0.0
0.0
0.018699
0.151166
0.33714299999999997
0.49398000000000003
0.34980399999999995
0.716413
0.6785030000000001
0.673665
0.5918859999999999
0.46774
0.300411
0.077171
0.0
0.0
0.0
0.0
0.0
0.0
0.0
0.0
0.0
0.0
0.0
0.0
0.014391
0.147657
0.331378
0.50364
0.6251939999999999
0.6742480000000001
0.680688
0.6443479999999999
0.56796
0.45167
0.29194600000000004
0.074505
0.0
0.0
0.0
0.0
0.0
0.0
0.0
0.0
0.0
0.0
0.0
0.0
0.015135999999999998
0.14724600000000002
0.32266300000000003
0.48254199999999997
0.589746
0.629962
0.631612
0.646561
0.566538
0.449649
0.29061000000000003
0.075496
0.0
0.0
0.0
0.0
0.0
0.0
0.0
0.0
0.0
0.0
0.0
0.0
0.012242000000000001
0.172796
0.37149099999999996
0.280715
0.692857
0.42446100000000003
0.45343
0.7111559999999999
0.626664
0.49871
0.271033
0.08639100000000001
0.003478
0.0
0.0
0.0
0.0
0.0
0.0
0.0
0.0
0.0
0.0
0.0
0.026285
0.14488800000000002
0.18051499999999998
0.25138900000000003
0.574958
0.34554
0.352866
0.691988
0.631938
0.535909
0.358298
0.134373
0.007766
0.0
0.0
0.0
0.0
0.0
0.0
0.0
0.0
0.0
0.0
0.0
0.041038
0.169652
0.140824
0.46936
0.590236
0.265992
0.271988
0.25711700000000004
0.638955
0.536908
0.11880800000000001
0.062997
0.012864
0.0
0.0
0.0
0.0
0.0
0.0
0.0
0.0
0.0
0.0
0.0
0.024928000000000002
0.04801
0.082634
0.237067
0.298559
0.342464
0.35872000000000004
0.34993
0.134928
0.255241
0.18546100000000001
0.12173300000000001
0.010347
0.0
0.0
0.0
0.0
0.0
0.0
0.0
0.0
0.0
0.0
0.0
0.035165999999999996
0.061136
0.103822
0.14488
0.17909
0.482754
0.206261
0.49423500000000004
0.441284
0.360674
0.267834
0.14608500000000002
0.014759
0.0
0.0
0.0
0.0
0.0
0.0
0.0
0.0
0.0
0.0
0.0
0.013747
0.14741200000000002
0.310968
0.464808
0.596511
0.68431
0.709952
0.688058
0.605091
0.481329
0.315716
0.097351
0.00257
0.0
0.0
0.0
0.0
0.0
0.0
0.0
0.0
0.0
0.0
0.0
0.013273
0.15235400000000002
0.322421
0.482411
0.620178
0.6798139999999999
0.6842670000000001
0.6699919999999999
0.586995
0.46714100000000003
0.305101
0.092825
0.001138
0.0
0.0
0.0
0.0
0.0
0.0
0.0
0.0
0.0
0.0
0.0
0.02114
0.151672
0.32
0.47781
0.610807
0.656781
0.662995
0.6158680000000001
0.5441090000000001
0.43635399999999996
0.289948
0.090906
0.001054
0.0
0.0
0.0
0.0
0.0
0.0
0.0
0.0
0.0
0.0
0.0
0.028339
0.112618
0.296615
0.434837
0.5593619999999999
0.640045
0.6715800000000001
0.669207
0.587828
0.504972
0.31039100000000003
0.100792
0.003063
0.0
0.0
0.0
0.0
0.0
0.0
0.0
0.0
0.0
0.0
0.0
0.015828
0.090734
0.361162
0.537661
0.677438
0.733885
0.45120800000000005
0.705665
0.409928
0.494122
0.274113
0.10211100000000001
0.0052
0.0
0.0
0.0
0.0
0.0
0.0
0.0
0.0
0.0
0.0
0.0
0.023564
0.157142
0.32865300000000003
0.49242899999999995
0.621229
0.668413
0.674303
0.645062
0.567667
0.450772
0.29658100000000004
0.09390000000000001
0.0010689999999999999
0.0
0.0
0.0
0.0
0.0
0.0
0.0
0.0
0.0
0.0
0.0
0.024519
0.157326
0.32442899999999997
0.47888200000000003
0.592628
0.634822
0.6384829999999999
0.630413
0.554433
0.440531
0.289251
0.092271
0.000308
0.0
0.0
0.0
0.0
0.0
0.0
0.0
0.0
0.0
0.0
0.0
0.025039000000000002
0.163647
0.33757
0.503056
0.624106
0.671339
0.6775549999999999
0.649471
0.573779
0.458779
0.303535
0.09908
0.00061
0.0
0.0
0.0
0.0
0.0
0.0
0.0
0.0
0.0
0.0
0.0
0.032109
0.096293
0.171182
0.244481
0.146134
0.16362100000000002
0.368369
0.364095
0.32548200000000005
0.266217
0.195654
0.12357
0.011695
0.0
0.0
0.0
0.0
0.0
0.0
0.0
0.0
0.0
0.0
0.0
0.025682
0.167567
0.34467000000000003
0.511363
0.604488
0.6474070000000001
0.650907
0.615016
0.541742
0.43269
0.287281
0.09500600000000001
0.0
0.0
0.0
0.0
0.0
0.0
0.0
0.0
0.0
0.0
0.0
0.0
0.025233000000000002
0.169607
0.350039
0.506477
0.587981
0.630974
0.634389
0.616678
0.54123
0.43061099999999997
0.285068
0.092936
0.0
0.0
0.0
0.0
0.0
0.0
0.0
0.0
0.0
0.0
0.0
0.0
0.035808
0.05242
0.178131
0.11756
0.312851
0.354892
0.370536
0.154326
0.327071
0.10585599999999999
0.196845
0.124431
0.011812
0.0
0.0
0.0
0.0
0.0
0.0
0.0
0.0
0.0
0.0
0.0
0.028756
0.155185
0.31138299999999997
0.458911
0.5865499999999999
0.6775950000000001
0.691005
0.662313
0.583591
0.468145
0.313925
0.110901
0.002648
0.0
0.0
0.0
0.0
0.0
0.0
0.0
0.0
0.0
0.0
0.0
0.029264
0.168803
0.34255
0.507328
0.622615
0.669122
0.673787
0.6444589999999999
0.567373
0.454199
0.303064
0.105152
0.000656
0.0
0.0
0.0
0.0
0.0
0.0
0.0
0.0
0.0
0.0
0.0
0.029315
0.17471799999999998
0.356135
0.52181
0.606494
0.652439
0.65736
0.6301599999999999
0.5549850000000001
0.442466
0.294643
0.100091
0.0
0.0
0.0
0.0
0.0
0.0
0.0
0.0
0.0
0.0
0.0
0.0
0.033477
0.095498
0.32307600000000003
0.465903
0.584226
0.6310589999999999
0.637081
0.672078
0.419106
0.47011000000000003
0.316238
0.11547700000000001
0.0034660000000000003
0.0
0.0
0.0
0.0
0.0
0.0
0.0
0.0
0.0
0.0
0.0
0.031576
0.166852
0.331431
0.486617
0.620811
0.6679339999999999
0.6736960000000001
0.6579740000000001
0.5801799999999999
0.46490499999999996
0.312718
0.112636
0.002126
0.0
0.0
0.0
0.0
0.0
0.0
0.0
0.0
0.0
0.0
0.0
0.031515
0.174768
0.344402
0.496039
0.568626
0.6073630000000001
0.6110789999999999
0.612272
0.540211
0.433106
0.29248599999999997
0.103934
0.0
0.0
0.0
0.0
0.0
0.0
0.0
0.0
0.0
0.0
0.0
0.0
0.034147
0.16345300000000001
0.314456
0.45179199999999997
0.563755
0.63561
0.6386649999999999
0.42537400000000003
0.576663
0.463037
0.31499
0.11970099999999999
0.003979
0.0
0.0
0.0
0.0
0.0
0.0
0.0
0.0
0.0
0.0
0.0
0.041928
0.221778
0.420474
0.435508
0.304351
0.33490699999999995
0.341473
0.327293
0.61581
0.521593
0.35728699999999997
0.145945
0.013949999999999999
0.0
0.0
0.0
0.0
0.0
0.0
0.0
0.0
0.0
0.0
2.7e-05
0.041454
0.10821
0.182931
0.253929
0.140044
0.155631
0.374999
0.37185199999999996
0.136191
0.276814
0.205974
0.045416
0.015574999999999999
0.0
0.0
0.0
0.0
0.0
0.0
0.0
0.0
0.0
0.0
8.599999999999999e-05
0.040529
0.054426
0.176353
0.117056
0.30692
0.347697
0.362789
0.154116
0.322866
0.26624400000000004
0.07679000000000001
0.122815
0.015617
0.0
0.0
0.0
0.0
0.0
0.0
0.0
0.0
0.0
0.0
0.0
0.034296
0.162016
0.31555
0.462346
0.589293
0.681194
0.688315
0.641263
0.567455
0.457668
0.31210899999999997
0.121502
0.00335
0.0
0.0
0.0
0.0
0.0
0.0
0.0
0.0
0.0
0.0
0.0
0.037835
0.165267
0.178261
0.46081099999999997
0.5801559999999999
0.665698
0.40619900000000003
0.634325
0.563631
0.460334
0.3196
0.12926300000000002
0.00684
0.0
0.0
0.0
0.0
0.0
0.0
0.0
0.0
0.0
0.0
0.0
0.033663
0.16364599999999999
0.31820499999999996
0.466134
0.5937100000000001
0.648058
0.65351
0.63083
0.557663
0.447593
0.30507999999999996
0.117784
0.00188
0.0
0.0
0.0
0.0
0.0
0.0
0.0
0.0
0.0
0.0
0.0
0.033864
0.17046899999999998
0.332772
0.485439
0.585729
0.628668
0.6336390000000001
0.607529
0.537317
0.43231200000000003
0.293999
0.113161
0.00049
0.0
0.0
0.0
0.0
0.0
0.0
0.0
0.0
0.0
0.0
0.0
0.033853
0.169223
0.32359699999999997
0.463904
0.544662
0.5789690000000001
0.58174
0.592722
0.525322
0.4233
0.290313
0.11272499999999999
0.0
0.0
0.0
0.0
0.0
0.0
0.0
0.0
0.0
0.0
0.0
0.0
0.034902999999999997
0.163196
0.315122
0.456373
0.578175
0.633259
0.638135
0.6189880000000001
0.5471950000000001
0.439577
0.300759
0.119686
0.0017900000000000001
0.0
0.0
0.0
0.0
0.0
0.0
0.0
0.0
0.0
0.0
0.0028020000000000002
0.056588
0.148614
0.115753
0.15465299999999998
0.441413
0.501151
0.21317
0.203443
0.466233
0.382304
0.09834699999999999
0.059237000000000005
0.031394
0.0
0.0
0.0
0.0
0.0
0.0
0.0
0.0
0.0
0.0
0.00014099999999999998
0.053753999999999996
0.109376
0.26982999999999996
0.38292000000000004
0.26664299999999996
0.549882
0.301156
0.582503
0.6784260000000001
0.54808
0.351911
0.088677
0.035667000000000004
0.0
0.0
0.0
0.0
0.0
0.0
0.0
0.0
0.0
0.0
0.0
0.036882
0.15799100000000002
0.297579
0.423831
0.527259
0.597159
0.61565
0.628077
0.5567960000000001
0.451073
0.31232299999999996
0.128996
0.003935
0.0
0.0
0.0
0.0
0.0
0.0
0.0
0.0
0.0
0.0
0.0
0.036345
0.154068
0.2873
0.408055
0.506554
0.5740069999999999
0.5927
0.599227
0.534256
0.434425
0.30268900000000004
0.126839
0.003755
0.0
0.0
0.0
0.0
0.0
0.0
0.0
0.0
0.0
0.0
0.0
0.035147
0.166064
0.31808
0.459336
0.5623360000000001
0.601182
0.6058429999999999
0.5873079999999999
0.522113
0.42325
0.292808
0.120409
0.000446
0.0
0.0
0.0
0.0
0.0
0.0
0.0
0.0
0.0
0.0
0.0
0.035643
0.167161
0.32027999999999995
0.462188
0.569831
0.60958
0.614107
0.584082
0.519598
0.42206299999999997
0.292894
0.121144
0.000443
0.0
0.0
0.0
0.0
0.0
0.0
0.0
0.0
0.0
0.0
0.0
0.036075
0.16558099999999998
0.316052
0.45419
0.557563
0.595484
0.599797
0.600228
0.531477
0.42895
0.296936
0.122187
0.000437
0.0
0.0
0.0
0.0
0.0
0.0
0.0
0.0
0.0
0.0
0.0
0.035632
0.160978
0.308984
0.44806799999999997
0.5679829999999999
0.6371330000000001
0.6427200000000001
0.6169640000000001
0.546898
0.44156599999999996
0.306621
0.128552
0.002468
0.0
0.0
0.0
0.0
0.0
0.0
0.0
0.0
0.0
0.0
0.005469
0.051106
0.101483
0.154067
0.203981
0.24425999999999998
0.700997
0.7382960000000001
0.263633
0.674294
0.187641
0.136579
0.08387399999999999
0.037542
0.0
0.0
0.0
0.0
0.0
0.0
0.0
0.0
0.0
0.0
0.004464
0.041783
0.053365
0.08163899999999999
0.225273
0.276806
0.313579
0.328473
0.324823
0.29182600000000003
0.101701
0.073056
0.044912
0.018275
0.0
0.0
0.0
0.0
0.0
0.0
0.0
0.0
0.0
0.0
0.0
0.036759
0.16198500000000002
0.30698000000000003
0.440436
0.55191
0.6147140000000001
0.6193150000000001
0.6150059999999999
0.546805
0.44349400000000005
0.30997399999999997
0.13340100000000002
0.002605
0.0
0.0
0.0
0.0
0.0
0.0
0.0
0.0
0.0
0.0
0.00357
0.05747699999999999
0.161517
0.149342
0.19578800000000002
0.47877800000000004
0.540014
0.566252
0.577862
0.221849
0.179179
0.348558
0.080805
0.034688000000000004
0.0
0.0
0.0
0.0
0.0
0.0
0.0
0.0
0.0
0.0
0.005643
0.036645000000000004
0.137734
0.231541
0.31900599999999996
0.39275
0.443379
0.19470099999999999
0.187411
0.16612200000000002
0.352713
0.099319
0.171427
0.026087
0.0
0.0
0.0
0.0
0.0
0.0
0.0
0.0
0.0
0.0
0.005428
0.031831
0.062994
0.186649
0.256905
0.321021
0.36202
0.378193
0.363548
0.14294800000000002
0.115357
0.205123
0.129089
0.022007000000000002
0.0
0.0
0.0
0.0
0.0
0.0
0.0
0.0
0.0
0.0
0.008849000000000001
0.073027
0.18328899999999998
0.12392199999999999
0.16184800000000002
0.49186
0.209757
0.214414
0.20933500000000002
0.5526939999999999
0.473959
0.11403400000000001
0.071214
0.030411
0.0
0.0
0.0
0.0
0.0
0.0
0.0
0.0
0.0
0.0
0.0
0.037471
0.16642300000000002
0.318214
0.46168400000000004
0.585412
0.650756
0.657796
0.611274
0.544566
0.44384500000000005
0.312013
0.138095
0.002048
0.0
0.0
0.0
0.0
0.0
0.0
0.0
0.0
0.0
0.0
0.0
0.045536
0.093144
0.17199799999999998
0.456995
0.562819
0.629866
0.63463
0.385472
0.581072
0.30290300000000003
0.336853
0.14896700000000002
0.009074
0.0
0.0
0.0
0.0
0.0
0.0
0.0
0.0
0.0
0.0
0.0
0.037656
0.15256899999999998
0.165245
0.399156
0.496608
0.5648690000000001
0.596975
0.647888
0.577572
0.471041
0.331318
0.15075999999999998
0.007117
0.0
0.0
0.0
0.0
0.0
0.0
0.0
0.0
0.0
0.0
0.0
0.03577
0.173507
0.335617
0.48451799999999995
0.560217
0.600496
0.6046119999999999
0.574963
0.5115040000000001
0.415416
0.290885
0.126537
0.0
0.0
0.0
0.0
0.0
0.0
0.0
0.0
0.0
0.0
0.0
0.0
0.034542
0.171317
0.33269600000000005
0.477853
0.554967
0.599241
0.605826
0.5749719999999999
0.510926
0.41458100000000003
0.290195
0.127075
0.0023020000000000002
0.0
0.0
0.0
0.0
0.0
0.0
0.0
0.0
0.0
0.0
0.0
0.035213999999999995
0.172109
0.33017399999999997
0.46953500000000004
0.541147
0.5804429999999999
0.585438
0.564384
0.50181
0.409333
0.287887
0.126977
0.002441
0.0
0.0
0.0
0.0
0.0
0.0
0.0
0.0
0.0
0.0
0.0
0.035048
0.157277
0.300055
0.434641
0.550868
0.615121
0.6216649999999999
0.583897
0.518836
0.42498
0.301329
0.136347
0.006555
0.0
0.0
0.0
0.0
0.0
0.0
0.0
0.0
0.0
0.0
0.0
0.034591000000000004
0.156182
0.297821
0.429927
0.542899
0.609962
0.617119
0.58013
0.5185420000000001
0.424587
0.300828
0.137215
0.006713
0.0
0.0
0.0
0.0
0.0
0.0
0.0
0.0
0.0
0.0
0.0
0.035213999999999995
0.151445
0.281296
0.398743
0.493957
0.559785
0.569317
0.598621
0.5337459999999999
0.43666699999999997
0.310378
0.14311500000000002
0.007483
0.0
0.0
0.0
0.0
0.0
0.0
0.0
0.0
0.0
0.0
0.005233
0.038026000000000004
0.087497
0.14213
0.19544999999999998
0.240082
0.269593
0.129335
0.270655
0.24269300000000002
0.087324
0.063428
0.093917
0.027408000000000002
0.0
0.0
0.0
0.0
0.0
0.0
0.0
0.0
0.0
0.0
0.003597
0.047875
0.157269
0.234387
0.401353
0.408947
0.251117
0.488692
0.471708
0.21213200000000001
0.363558
0.362114
0.180589
0.02658
0.0
0.0
0.0
0.0
0.0
0.0
0.0
0.0
0.0
0.0
0.0
0.034631
0.16282400000000002
0.31299099999999996
0.452504
0.5650470000000001
0.607942
0.614182
0.58578
0.523639
0.429212
0.305816
0.140442
0.006375
0.0
0.0
0.0
0.0
0.0
0.0
0.0
0.0
0.0
0.0
0.008818
0.025763
0.124241
0.078676
0.104114
0.334541
0.138504
0.141192
0.386109
0.11909499999999999
0.285875
0.06982
0.043101999999999994
0.040955
0.0
0.0
0.0
0.0
0.0
0.0
0.0
0.0
0.0
0.0
0.0
0.034725
0.166647
0.323346
0.47146499999999997
0.5804170000000001
0.628458
0.638125
0.612952
0.547336
0.445967
0.31611900000000004
0.14471299999999998
0.006312
0.0
0.0
0.0
0.0
0.0
0.0
0.0
0.0
0.0
0.0
0.0
0.033415999999999994
0.17487799999999998
0.34332100000000004
0.47738400000000003
0.555783
0.600445
0.60914
0.58174
0.5190670000000001
0.42274900000000004
0.297607
0.134532
0.0026920000000000004
0.0
0.0
0.0
0.0
0.0
0.0
0.0
0.0
0.0
0.0
0.0
0.03331
0.16877199999999998
0.325133
0.461395
0.531773
0.570024
0.5756910000000001
0.5676570000000001
0.50722
0.415556
0.29491500000000004
0.135137
0.00412
0.0
0.0
0.0
0.0
0.0
0.0
0.0
0.0
0.0
0.0
0.00034300000000000004
0.062926
0.12061799999999999
0.180407
0.39438999999999996
0.510834
0.5862480000000001
0.6243150000000001
0.639184
0.581408
0.476769
0.34043799999999996
0.16302
0.012509000000000001
0.0
0.0
0.0
0.0
0.0
0.0
0.0
0.0
0.0
0.0
0.0
0.034046999999999994
0.083392
0.26360500000000003
0.37477
0.464617
0.528399
0.5585829999999999
0.587253
0.547082
0.460675
0.331019
0.159643
0.012426
0.0
0.0
0.0
0.0
0.0
0.0
0.0
0.0
0.0
0.0
0.0
0.031208
0.171604
0.337332
0.464229
0.539539
0.581057
0.5897749999999999
0.5405059999999999
0.486117
0.399955
0.285825
0.131909
0.003069
0.0
0.0
0.0
0.0
0.0
0.0
0.0
0.0
0.0
0.0
0.0
0.037355
0.158227
0.29896100000000003
0.42874599999999996
0.302512
0.618149
0.657581
0.623595
0.561929
0.289283
0.335843
0.163291
0.012065
0.0
0.0
0.0
0.0
0.0
0.0
0.0
0.0
0.0
0.0
0.0
0.030835
0.16573400000000002
0.324962
0.47068099999999996
0.546301
0.587782
0.595382
0.580187
0.516587
0.422099
0.299125
0.13785499999999998
0.004605000000000001
0.0
0.0
0.0
0.0
0.0
0.0
0.0
0.0
0.0
0.0
0.003291
0.04607
0.13816900000000001
0.24246399999999999
0.339766
0.236454
0.260281
0.507111
0.253533
0.223822
0.387095
0.133388
0.083633
0.029097
0.00163
0.0
0.0
0.0
0.0
0.0
0.0
0.0
0.0
0.0
0.0
0.034485
0.15111000000000002
0.287303
0.413238
0.304996
0.595014
0.630953
0.631944
0.56171
0.460399
0.331501
0.16048400000000002
0.01245
0.0
0.0
0.0
0.0
0.0
0.0
0.0
0.0
0.0
0.0
0.0
0.029215
0.16844
0.332702
0.45631700000000003
0.5303150000000001
0.572875
0.580855
0.555498
0.496561
0.407764
0.289388
0.133738
0.003441
0.0
0.0
0.0
0.0
0.0
0.0
0.0
0.0
0.0
0.0
0.0
0.029692
0.16206800000000002
0.316529
0.446851
0.515814
0.553926
0.561356
0.556199
0.49860899999999997
0.410599
0.292914
0.136363
0.00483
0.0
0.0
0.0
0.0
0.0
0.0
0.0
0.0
0.0
0.0
0.0
0.031466
0.158996
0.310406
0.45014699999999996
0.566198
0.611522
0.620287
0.5992179999999999
0.536405
0.440388
0.314346
0.148175
0.007943
0.0
0.0
0.0
0.0
0.0
0.0
0.0
0.0
0.0
0.0
0.0
0.0324
0.14306
0.270544
0.384164
0.478392
0.543416
0.57526
0.619385
0.5552140000000001
0.458204
0.328065
0.157462
0.011623
0.0
0.0
0.0
0.0
0.0
0.0
0.0
0.0
0.0
0.0
0.0
0.030563
0.14962
0.28805000000000003
0.413034
0.519905
0.590909
0.598537
0.585577
0.5249109999999999
0.432844
0.310331
0.148678
0.009710000000000002
0.0
0.0
0.0
0.0
0.0
0.0
0.0
0.0
0.0
0.0
0.0
0.028174
0.157159
0.30948000000000003
0.44891000000000003
0.5311549999999999
0.5732480000000001
0.582427
0.574669
0.514552
0.42241
0.30033699999999997
0.14032499999999998
0.006219000000000001
0.0
0.0
0.0
0.0
0.0
0.0
0.0
0.0
0.0
0.0
0.0
0.029661
0.1509
0.294802
0.426358
0.53737
0.594913
0.6026520000000001
0.590135
0.528627
0.434678
0.311485
0.148437
0.009122
0.0
0.0
0.0
0.0
0.0
0.0
0.0
0.0
0.0
0.0
4.8e-05
0.055442
0.137006
0.252606
0.369896
0.443137
0.525096
0.55586
0.594649
0.515624
0.198239
0.34103
0.16844900000000002
0.020739999999999998
0.0
0.0
0.0
0.0
0.0
0.0
0.0
0.0
0.0
0.0
0.0
0.02861
0.153559
0.303047
0.440107
0.546862
0.5896509999999999
0.597314
0.589024
0.526957
0.432108
0.30849099999999996
0.145303
0.007634
0.0
0.0
0.0
0.0
0.0
0.0
0.0
0.0
0.0
0.0
0.0
0.026609999999999998
0.15662700000000002
0.31412
0.46131900000000003
0.554227
0.598835
0.607352
0.5608289999999999
0.50364
0.415186
0.2979
0.14066700000000001
0.00677
0.0
0.0
0.0
0.0
0.0
0.0
0.0
0.0
0.0
0.0
0.0
0.030849
0.140192
0.27115
0.393243
0.49880599999999997
0.5702480000000001
0.606619
0.6030270000000001
0.32058
0.47095499999999996
0.33746499999999996
0.16370300000000002
0.013474999999999999
0.0
0.0
0.0
0.0
0.0
0.0
0.0
0.0
0.0
0.0
0.001921
0.042671
0.127854
0.14158400000000002
0.322822
0.403123
0.7402799999999999
0.483435
0.236247
0.208483
0.168193
0.27408
0.175082
0.034021
0.0
0.0
0.0
0.0
0.0
0.0
0.0
0.0
0.0
0.0
0.000208
0.038084
0.153634
0.25709899999999997
0.40699799999999997
0.445903
0.568878
0.6015159999999999
0.559889
0.251422
0.205157
0.150726
0.188424
0.017494
0.0
0.0
0.0
0.0
0.0
0.0
0.0
0.0
0.0
0.0
0.0034159999999999998
0.035345
0.073006
0.111777
0.14827500000000002
0.17887999999999998
0.197409
0.20219800000000002
0.192508
0.1686
0.135486
0.09767100000000001
0.059435
0.0245
0.0
0.0
0.0
0.0
0.0
0.0
0.0
0.0
0.0
0.0
0.002833
0.035316
0.07190200000000001
0.11053400000000001
0.14658000000000002
0.17543899999999998
0.19467199999999998
0.199799
0.191939
0.169387
0.137053
0.098673
0.060174
0.024793
0.0
0.0
0.0
0.0
0.0
0.0
0.0
0.0
0.0
0.0
0.0
0.030256
0.14367
0.28178800000000004
0.397685
0.28196699999999997
0.579129
0.640486
0.601333
0.5842390000000001
0.486055
0.34990899999999997
0.18281999999999998
0.013672
0.0
0.0
0.0
0.0
0.0
0.0
0.0
0.0
0.0
0.0
0.0
0.025219000000000002
0.15656899999999999
0.318445
0.46953500000000004
0.560028
0.608093
0.619128
0.5797859999999999
0.520096
0.42776400000000003
0.305913
0.14293
0.006464
0.0
0.0
0.0
0.0
0.0
0.0
0.0
0.0
0.0
0.0
0.0
0.031875
0.15375999999999998
0.29682
0.235695
0.5316649999999999
0.344087
0.635611
0.629207
0.571881
0.476372
0.23036099999999998
0.168742
0.013567000000000001
0.0
0.0
0.0
0.0
0.0
0.0
0.0
0.0
0.0
0.0
0.002303
0.035012999999999996
0.07284
0.113431
0.15094200000000002
0.18234
0.201572
0.206316
0.195791
0.17205299999999998
0.13823500000000002
0.099493
0.060122
0.024004
0.0
0.0
0.0
0.0
0.0
0.0
0.0
0.0
0.0
0.0
0.0
0.026552
0.145303
0.289543
0.423045
0.537331
0.6183690000000001
0.645572
0.638284
0.572017
0.469306
0.334486
0.15795900000000002
0.009607
0.0
0.0
0.0
0.0
0.0
0.0
0.0
0.0
0.0
0.0
0.0
0.022302
0.157734
0.32243099999999997
0.44481099999999996
0.515627
0.5563089999999999
0.564972
0.572816
0.5144489999999999
0.423409
0.301073
0.13828200000000002
0.003823
0.0
0.0
0.0
0.0
0.0
0.0
0.0
0.0
0.0
0.0
0.0
0.022285
0.159239
0.330733
0.464022
0.544142
0.589009
0.5991470000000001
0.573747
0.513893
0.421017
0.29855000000000004
0.136412
0.0
0.0
0.0
0.0
0.0
0.0
0.0
0.0
0.0
0.0
0.0
0.0
0.023747
0.147544
0.302422
0.44770299999999996
0.571996
0.6202380000000001
0.629984
0.59597
0.533802
0.44088099999999997
0.315861
0.14685800000000002
0.001303
0.0
0.0
0.0
0.0
0.0
0.0
0.0
0.0
0.0
0.0
0.003106
0.028969
0.13075
0.096885
0.128995
0.155833
0.437942
0.456719
0.167363
0.146498
0.33119099999999996
0.24765600000000002
0.050037
0.031261
0.0
0.0
0.0
0.0
0.0
0.0
0.0
0.0
0.0
0.0
0.0
0.021142
0.15663999999999997
0.32212799999999997
0.446724
0.519141
0.558213
0.5670850000000001
0.5829529999999999
0.522655
0.42938299999999996
0.304887
0.13703700000000002
0.0
0.0
0.0
0.0
0.0
0.0
0.0
0.0
0.0
0.0
0.0
0.0
0.024268
0.14372900000000002
0.169952
0.42623099999999997
0.540617
0.622753
0.649639
0.64304
0.577118
0.47307299999999997
0.335729
0.155828
0.004569
0.0
0.0
0.0
0.0
0.0
0.0
0.0
0.0
0.0
0.0
0.0
0.019898
0.15824000000000002
0.330993
0.45538
0.532199
0.574384
0.584472
0.588475
0.525826
0.429603
0.303154
0.134359
0.0
0.0
0.0
0.0
0.0
0.0
0.0
0.0
0.0
0.0
0.0
0.0
0.019579999999999997
0.157015
0.33324000000000004
0.473025
0.557133
0.605997
0.617312
0.596345
0.530784
0.431315
0.302465
0.133249
0.0
0.0
0.0
0.0
0.0
0.0
0.0
0.0
0.0
0.0
0.0
0.0
0.047049999999999995
0.136386
0.16239699999999999
0.375054
0.474607
0.786779
0.580463
0.28218
0.246827
0.441742
0.14078200000000002
0.183796
0.019756
0.0
0.0
0.0
0.0
0.0
0.0
0.0
0.0
0.0
0.0
0.0
0.026401
0.059502
0.09458799999999999
0.255095
0.32187299999999996
0.36538099999999996
0.383638
0.369139
0.331702
0.275447
0.082536
0.048633
0.016649
0.0
0.0
0.0
0.0
0.0
0.0
0.0
0.0
0.0
0.0
0.0
0.031446999999999996
0.071384
0.11293399999999999
0.152845
0.18604400000000001
0.205915
0.211483
0.201497
0.175354
0.139283
0.098694
0.057667
0.019824
0.0
0.0
0.0
0.0
0.0
0.0
0.0
0.0
0.0
0.0
0.0
0.031530999999999997
0.14104499999999998
0.274279
0.236347
0.49361099999999997
0.31111099999999997
0.59225
0.67215
0.5725990000000001
0.490699
0.35375799999999996
0.16922800000000002
0.032732
0.0
0.0
0.0
0.0
0.0
0.0
0.0
0.0
0.0
0.0
0.0
0.03043
0.07147
0.114383
0.155276
0.189673
0.211446
0.21786000000000003
0.205702
0.17994900000000003
0.143863
0.101782
0.05878
0.020469
0.0
0.0
0.0
0.0
0.0
0.0
0.0
0.0
0.0
0.0
0.0
0.056499
0.07443000000000001
0.120845
0.455035
0.5716100000000001
0.224183
0.229535
0.21252000000000001
0.183454
0.14446799999999999
0.353394
0.22144999999999998
0.032811
0.0
0.0
0.0
0.0
0.0
0.0
0.0
0.0
0.0
0.0
0.0
0.023911
0.136351
0.26794
0.40085000000000004
0.504004
0.549549
0.6044919999999999
0.600346
0.584078
0.470245
0.14721299999999998
0.08604300000000001
0.011619999999999998
0.0
0.0
0.0
0.0
0.0
0.0
0.0
0.0
0.0
0.0
0.0
0.025765999999999997
0.14741300000000002
0.276489
0.445326
0.5668719999999999
0.6510349999999999
0.626088
0.310601
0.26900799999999997
0.493973
0.352598
0.15574700000000002
0.008019
0.0
0.0
0.0
0.0
0.0
0.0
0.0
0.0
0.0
0.0
0.0
0.027777
0.0665
0.107655
0.147251
0.18017
0.200461
0.20574299999999998
0.196458
0.171445
0.136147
0.095583
0.054102
0.017349
0.0
0.0
0.0
0.0
0.0
0.0
0.0
0.0
0.0
0.0
0.0
0.029774000000000002
0.051366
0.15876300000000002
0.22700399999999998
0.283774
0.155654
0.33887900000000004
0.33098700000000003
0.293883
0.23885499999999998
0.17480400000000001
0.105994
0.011741
0.0
0.0
0.0
0.0
0.0
0.0
0.0
0.0
0.0
0.0
0.0
0.041994
0.129736
0.25309
0.374869
0.476476
0.552253
0.575408
0.584736
0.5229389999999999
0.459402
0.344716
0.14766300000000002
0.011472
0.0
0.0
0.0
0.0
0.0
0.0
0.0
0.0
0.0
0.0
0.0
0.026652000000000002
0.0653
0.107039
0.147249
0.180171
0.20137200000000002
0.207538
0.19771
0.172896
0.136893
0.095402
0.053107999999999995
0.015684
0.0
0.0
0.0
0.0
0.0
0.0
0.0
0.0
0.0
0.0
0.0
0.01805
0.14192
0.300969
0.4432
0.550097
0.591124
0.598287
0.6210990000000001
0.5529310000000001
0.44893900000000003
0.31082
0.126381
0.0010500000000000002
0.0
0.0
0.0
0.0
0.0
0.0
0.0
0.0
0.0
0.0
0.0
0.017201
0.141411
0.305541
0.46081700000000003
0.584
0.633242
0.6446900000000001
0.616116
0.5492670000000001
0.445826
0.30856599999999995
0.123658
0.001009
0.0
0.0
0.0
0.0
0.0
0.0
0.0
0.0
0.0
0.0
0.0
0.015972
0.142394
0.311273
0.46774
0.564106
0.611179
0.621006
0.607614
0.5397540000000001
0.437002
0.301553
0.117699
0.0
0.0
0.0
0.0
0.0
0.0
0.0
0.0
0.0
0.0
0.0
0.0
0.028274
0.129049
0.156858
0.21203899999999998
0.46404199999999995
0.702476
0.573245
0.288036
0.537301
0.455399
0.37391
0.161048
0.010969
0.0
0.0
0.0
0.0
0.0
0.0
0.0
0.0
0.0
0.0
0.0
0.015856
0.140371
0.306027
0.45762
0.562964
0.60822
0.616094
0.589404
0.5268010000000001
0.429182
0.298115
0.114731
0.000342
0.0
0.0
0.0
0.0
0.0
0.0
0.0
0.0
0.0
0.0
0.0
0.070155
0.260791
0.142226
0.194065
0.234686
0.783222
0.26470499999999997
0.256945
0.223161
0.175982
0.12177500000000001
0.067396
0.034639
0.0
0.0
0.0
0.0
0.0
0.0
0.0
0.0
0.0
0.0
0.0
0.058205
0.083184
0.415173
0.191778
0.23466
0.833333
0.266887
0.251554
0.21743
0.17017500000000002
0.11706799999999999
0.208666
0.028152999999999997
0.0
0.0
0.0
0.0
0.0
0.0
0.0
0.0
0.0
0.0
0.0
0.014664
0.1414
0.311878
0.470291
0.562611
0.606649
0.614553
0.606576
0.5379539999999999
0.43531
0.297802
0.107454
0.0
0.0
0.0
0.0
0.0
0.0
0.0
0.0
0.0
0.0
0.0
0.0
0.025661
0.134982
0.274928
0.233533
0.514452
0.315024
0.628948
0.306828
0.269484
0.49714299999999995
0.375926
0.169097
0.009634
0.0
0.0
0.0
0.0
0.0
0.0
0.0
0.0
0.0
0.0
0.0
0.026387
0.07427500000000001
0.125499
0.174401
0.213816
0.23800200000000002
0.244195
0.232596
0.20077199999999998
0.156516
0.10702800000000001
0.057303
0.012945
0.0
0.0
0.0
0.0
0.0
0.0
0.0
0.0
0.0
0.0
0.0
0.009779
0.15975299999999998
0.353722
0.290016
0.617853
0.669922
0.471178
0.653248
0.57926
0.365945
0.314813
0.111297
0.001667
0.0
0.0
0.0
0.0
0.0
0.0
0.0
0.0
0.0
0.0
0.0
0.013054999999999999
0.13665
0.30444099999999996
0.460141
0.5690170000000001
0.615184
0.623264
0.616987
0.5474370000000001
0.439861
0.296308
0.100658
0.0
0.0
0.0
0.0
0.0
0.0
0.0
0.0
0.0
0.0
0.0
0.0
0.008072
0.13472499999999998
0.301125
0.456775
0.5829030000000001
0.6317050000000001
0.641317
0.6269669999999999
0.555471
0.44508499999999995
0.297607
0.09958499999999999
0.0
0.0
0.0
0.0
0.0
0.0
0.0
0.0
0.0
0.0
0.0
0.0
0.030403
0.135742
0.12526900000000002
0.394354
0.501613
0.5767709999999999
0.248224
0.236177
0.5521280000000001
0.160069
0.346335
0.056768
0.010853
0.0
0.0
0.0
0.0
0.0
0.0
0.0
0.0
0.0
0.0
0.0
0.008403
0.140603
0.319078
0.48652300000000004
0.61114
0.4295
0.669531
0.6510819999999999
0.574648
0.45886099999999996
0.304124
0.098213
0.00027400000000000005
0.0
0.0
0.0
0.0
0.0
0.0
0.0
0.0
0.0
0.0
0.0
0.011949
0.134369
0.30696100000000004
0.469552
0.585237
0.6326649999999999
0.640764
0.596304
0.530202
0.426832
0.285345
0.08928
0.0
0.0
0.0
0.0
0.0
0.0
0.0
0.0
0.0
0.0
0.0
0.0
0.010645
0.135648
0.309249
0.46637900000000004
0.548199
0.588365
0.594386
0.607798
0.537909
0.4295
0.28303100000000003
0.084293
0.0
0.0
0.0
0.0
0.0
0.0
0.0
0.0
0.0
0.0
0.0
0.0
0.021299
0.084569
0.14679599999999998
0.36870400000000003
0.254385
0.5421330000000001
0.815856
0.571586
0.237498
0.43126299999999995
0.330122
0.062551
0.009802
0.0
0.0
0.0
0.0
0.0
0.0
0.0
0.0
0.0
0.0
0.0
0.009917
0.13383699999999998
0.310093
0.473331
0.567985
0.611221
0.617635
0.607561
0.536741
0.426605
0.278771
0.077773
0.0
0.0
0.0
0.0
0.0
0.0
0.0
0.0
0.0
0.0
0.0
0.0
0.020387
0.082688
0.243181
0.5147269999999999
0.474461
0.760169
0.577336
0.275639
0.236262
0.18224500000000002
0.327792
0.060668
0.007426
0.0
0.0
0.0
0.0
0.0
0.0
0.0
0.0
0.0
0.0
0.0
0.00729
0.131296
0.171503
0.265435
0.606581
0.692455
0.6989569999999999
0.659053
0.578155
0.460296
0.299887
0.082518
0.0
0.0
0.0
0.0
0.0
0.0
0.0
0.0
0.0
0.0
0.0
0.0
0.008907
0.13066
0.308839
0.479588
0.5966849999999999
0.646062
0.654145
0.626756
0.551255
0.436195
0.27918
0.069287
0.0
0.0
0.0
0.0
0.0
0.0
0.0
0.0
0.0
0.0
0.0
0.0
0.008083
0.130858
0.313002
0.48677699999999996
0.584609
0.63228
0.639865
0.616626
0.5413129999999999
0.426057
0.271471
0.062777
0.0
0.0
0.0
0.0
0.0
0.0
0.0
0.0
0.0
0.0
0.0
0.0
0.008445000000000001
0.127289
0.298502
0.455589
0.5573830000000001
0.597841
0.6011799999999999
0.618571
0.54334
0.42925599999999997
0.27247899999999997
0.060073
0.0
0.0
0.0
0.0
0.0
0.0
0.0
0.0
0.0
0.0
0.0
0.0
0.005724
0.14776
0.34856099999999995
0.28530399999999995
0.632193
0.444474
0.695511
0.6724589999999999
0.43637200000000004
0.461685
0.29170999999999997
0.060278
0.0
0.0
0.0
0.0
0.0
0.0
0.0
0.0
0.0
0.0
0.0
0.0
0.004983
0.077236
0.349144
0.288203
0.63467
0.6900879999999999
0.483545
0.6743680000000001
0.588369
0.377656
0.287932
0.060579
0.0
0.0
0.0
0.0
0.0
0.0
0.0
0.0
0.0
0.0
0.0
0.0
0.029512
0.17995599999999998
0.13030799999999998
0.187417
0.7193579999999999
0.826947
0.271796
0.25762999999999997
0.22215000000000001
0.170434
0.111189
0.052224
0.001633
0.0
0.0
0.0
0.0
0.0
0.0
0.0
0.0
0.0
0.0
0.0
0.010773999999999999
0.093773
0.28735000000000005
0.445732
0.584905
0.680264
0.6875549999999999
0.666516
0.582229
0.455325
0.282155
0.053302
0.0
0.0
0.0
0.0
0.0
0.0
0.0
0.0
0.0
0.0
0.0
0.0
0.004449
0.138981
0.329231
0.28533800000000004
0.584212
0.626246
0.46532
0.654337
0.5712140000000001
0.447423
0.274241
0.045998
0.0
0.0
0.0
0.0
0.0
0.0
0.0
0.0
0.0
0.0
0.0
0.0
0.004416000000000001
0.14365199999999997
0.174525
0.535245
0.654163
0.42873
0.7154790000000001
0.459177
0.6013630000000001
0.353293
0.286526
0.053042
0.0
0.0
0.0
0.0
0.0
0.0
0.0
0.0
0.0
0.0
0.0
0.0
0.010132
0.084981
0.26858699999999996
0.417143
0.678326
0.6369239999999999
0.33524200000000004
0.678952
0.621638
0.205646
0.302681
0.060161
0.0
0.0
0.0
0.0
0.0
0.0
0.0
0.0
0.0
0.0
0.0
0.0
0.005214000000000001
0.036384
0.071877
0.10591400000000001
0.135546
0.153975
0.159408
0.1499
0.128114
0.09666
0.061170999999999996
0.026503
0.0
0.0
0.0
0.0
0.0
0.0
0.0
0.0
0.0
0.0
0.0
0.0
0.013323
0.094845
0.200066
0.303738
0.39195800000000003
0.46075299999999997
0.189739
0.17741200000000001
0.150361
0.113625
0.24293700000000001
0.07606600000000001
0.0
0.0
0.0
0.0
0.0
0.0
0.0
0.0
0.0
0.0
0.0
0.0
0.002749
0.118677
0.29282100000000005
0.267604
0.605557
0.6812630000000001
0.687068
0.661602
0.575572
0.44749900000000004
0.25992899999999997
0.014596999999999999
0.0
0.0
0.0
0.0
0.0
0.0
0.0
0.0
0.0
0.0
0.0
0.0
0.001563
0.116799
0.29788600000000004
0.472616
0.614839
0.664461
0.669823
0.630355
0.5474640000000001
0.424757
0.249744
0.009186999999999999
0.0
0.0
0.0
0.0
0.0
0.0
0.0
0.0
0.0
0.0
0.0
0.0
0.002033
0.11381699999999999
0.28642399999999996
0.45255399999999996
0.593059
0.652264
0.655267
0.6460170000000001
0.560095
0.433687
0.249964
0.009794
0.0
0.0
0.0
0.0
0.0
0.0
0.0
0.0
0.0
0.0
0.0
0.0
0.007614
0.072272
0.250401
0.392512
0.516144
0.304971
0.313073
0.636005
0.573525
0.186713
0.303333
0.052826
0.0
0.0
0.0
0.0
0.0
0.0
0.0
0.0
0.0
0.0
0.0
0.0
0.007352
0.078482
0.17208099999999998
0.26510700000000004
0.143011
0.163048
0.421559
0.157405
0.363178
0.290938
0.061126
0.038488999999999995
0.0
0.0
0.0
0.0
0.0
0.0
0.0
0.0
0.0
0.0
0.0
0.0
0.001767
0.033604
0.06918099999999999
0.105595
0.1351
0.154508
0.159645
0.14914599999999997
0.125065
0.092303
0.056354
0.021984
0.0
0.0
0.0
0.0
0.0
0.0
0.0
0.0
0.0
0.0
0.0
0.0
0.0030110000000000002
0.042866999999999995
0.088747
0.134166
0.172453
0.195905
0.202426
0.187705
0.15846100000000002
0.11815200000000001
0.072568
0.027882
0.0
0.0
0.0
0.0
0.0
0.0
0.0
0.0
0.0
0.0
0.0
0.0
0.008053000000000001
0.069728
0.14238900000000002
0.21227600000000002
0.689024
0.305653
0.313764
0.833333
0.732347
0.18674000000000002
0.115605
0.045795999999999996
0.0
0.0
0.0
0.0
0.0
0.0
0.0
0.0
0.0
0.0
0.0
0.0
0.0018640000000000002
0.128385
0.33425900000000003
0.510341
0.595817
0.639971
0.675121
0.362009
0.57372
0.229966
0.14260599999999998
0.055966
0.0
0.0
0.0
0.0
0.0
0.0
0.0
0.0
0.0
0.0
0.0
0.0
0.015351
0.044804000000000004
0.463178
0.142661
0.18299
0.20802400000000001
0.21499700000000002
0.204017
0.173493
0.129845
0.465039
0.029903
0.0
0.0
0.0
0.0
0.0
0.0
0.0
0.0
0.0
0.0
0.0
0.0
0.004774
0.147241
0.352317
0.5515990000000001
0.25861700000000004
0.294027
0.302662
0.833333
0.238048
0.17687999999999998
0.107609
0.040527
0.0
0.0
0.0
0.0
0.0
0.0
0.0
0.0
0.0
0.0
0.0
0.0
0.0
0.113801
0.309074
0.500073
0.612188
0.454522
0.665327
0.651563
0.559023
0.399864
0.216189
0.0077009999999999995
0.0
0.0
0.0
0.0
0.0
0.0
0.0
0.0
0.0
0.0
0.0
0.0
0.0
0.101952
0.27688999999999997
0.445398
0.588317
0.6428780000000001
0.643215
0.6369600000000001
0.420555
0.41156
0.21126
0.008311
0.0
0.0
0.0
0.0
0.0
0.0
0.0
0.0
0.0
0.0
0.0
0.0
0.0
0.107616
0.29249200000000003
0.25956999999999997
0.6317670000000001
0.695908
0.444616
0.637
0.548258
0.415877
0.203687
0.011011
0.0
0.0
0.0
0.0
0.0
0.0
0.0
0.0
0.0
0.0
0.0
0.0
0.0
0.027248
0.06289
0.098829
0.129275
0.1485
0.152751
0.143067
0.118904
0.086509
0.051063000000000004
0.015936
0.0
0.0
0.0
0.0
0.0
0.0
0.0
0.0
0.0
0.0
0.0
0.0
0.0
0.10789499999999999
0.251315
0.490423
0.6593519999999999
0.658249
0.331661
0.70699
0.618917
0.461041
0.11487399999999999
0.017162
0.0
0.0
0.0
0.0
0.0
0.0
0.0
0.0
0.0
0.0
0.0
0.0
0.0
0.093024
0.137744
0.401794
0.711731
0.6315689999999999
0.321733
0.66867
0.251316
0.459894
0.109332
0.019066
0.0
0.0
0.0
0.0
0.0
0.0
0.0
0.0
0.0
0.0
0.0
0.0
0.0
0.062832
0.25667
0.425319
0.57727
0.685947
0.726283
0.649507
0.592699
0.405989
0.209004
0.012512
0.0
0.0
0.0
0.0
0.0
0.0
0.0
0.0
0.0
0.0
0.0
0.0
0.0
0.056921
0.29201299999999997
0.484343
0.599715
0.645026
0.6449400000000001
0.50636
0.532343
0.392432
0.176315
0.004017000000000001
0.0
0.0
0.0
0.0
0.0
0.0
0.0
0.0
0.0
0.0
0.0
0.0
0.0
0.053855
0.269664
0.444777
0.5700449999999999
0.6092219999999999
0.608082
0.604604
0.513421
0.376065
0.166986
0.003236
0.0
0.0
0.0
0.0
0.0
0.0
0.0
0.0
0.0
0.0
0.0
0.0
0.0
0.052314
0.278459
0.256175
0.590101
0.6298440000000001
0.627919
0.461148
0.539091
0.393825
0.173083
0.005856
0.0
0.0
0.0
0.0
0.0
0.0
0.0
0.0
0.0
0.0
0.0
0.0
0.0
0.094285
0.15420699999999998
0.241132
0.6086459999999999
0.6786599999999999
0.6801200000000001
0.684923
0.29254
0.213256
0.187807
0.007490999999999999
0.0
0.0
0.0
0.0
0.0
0.0
0.0
0.0
0.0
0.0
0.0
0.0
0.0
0.085245
0.09234
0.147468
0.194274
0.602386
0.641842
0.21350999999999998
0.549142
0.12766
0.23378200000000002
0.019386
0.0
0.0
0.0
0.0
0.0
0.0
0.0
0.0
0.0
0.0
0.0
0.0
0.0
0.087631
0.403521
0.56238
0.562351
0.333777
0.343647
0.33313299999999996
0.276978
0.200338
0.11522299999999999
0.031799
0.0
0.0
0.0
0.0
0.0
0.0
0.0
0.0
0.0
0.0
0.0
0.0
0.0
0.07960500000000001
0.09694199999999999
0.157363
0.2075
0.6050399999999999
0.653717
0.648572
0.5841029999999999
0.137066
0.07709099999999999
0.019254999999999998
0.0
0.0
0.0
0.0
0.0
0.0
0.0
0.0
0.0
0.0
0.0
0.0
0.0
0.08476900000000001
0.287634
0.425685
0.292702
0.333928
0.6708970000000001
0.6357079999999999
0.534571
0.383469
0.14878
0.004264
0.0
0.0
0.0
0.0
0.0
0.0
0.0
0.0
0.0
0.0
0.0
0.0
0.0
0.043652
0.244279
0.42050299999999996
0.5796749999999999
0.664846
0.6649160000000001
0.626265
0.523441
0.37118900000000005
0.134036
0.002084
0.0
0.0
0.0
0.0
0.0
0.0
0.0
0.0
0.0
0.0
0.0
0.0
0.0
0.073174
0.125134
0.399601
0.6624829999999999
0.6555700000000001
0.320363
0.656967
0.539279
0.40053300000000003
0.09750400000000001
0.020992
0.0
0.0
0.0
0.0
0.0
0.0
0.0
0.0
0.0
0.0
0.0
0.0
0.0
0.074855
0.26508499999999996
0.451281
0.546793
0.6544249999999999
0.655402
0.665036
0.254305
0.182007
0.101018
0.00526
0.0
0.0
0.0
0.0
0.0
0.0
0.0
0.0
0.0
0.0
0.0
0.0
0.0
0.065119
0.209664
0.356293
0.486566
0.575782
0.617349
0.642224
0.568578
0.402295
0.08926300000000001
0.005914
0.0
0.0
0.0
0.0
0.0
0.0
0.0
0.0
0.0
0.0
0.0
0.0
0.0
0.029129000000000002
0.083685
0.140701
0.18961
0.220738
0.22916399999999998
0.213771
0.177037
0.125469
0.06788200000000001
0.011235
0.0
0.0
0.0
0.0
0.0
0.0
0.0
0.0
0.0
0.0
0.0
0.0
0.0
0.028029
0.083959
0.140433
0.189392
0.220236
0.228129
0.211271
0.17413900000000002
0.122632
0.0655
0.010455
0.0
0.0
0.0
0.0
0.0
0.0
0.0
0.0
0.0
0.0
0.0
0.0
0.0
0.038603
0.048629
0.083301
0.288322
0.13192099999999998
0.13647700000000001
0.351048
0.306586
0.250547
0.14137799999999998
0.009048
0.0
0.0
0.0
0.0
0.0
0.0
0.0
0.0
0.0
0.0
0.0
0.0
0.0
0.036643
0.119274
0.08972799999999999
0.286885
0.34368200000000004
0.36603800000000003
0.35156400000000004
0.111905
0.077589
0.13155699999999998
0.0044800000000000005
0.0
0.0
0.0
0.0
0.0
0.0
0.0
0.0
0.0
0.0
0.0
0.0
0.0
0.036452
0.23748
0.415238
0.570954
0.62312
0.6216849999999999
0.609727
0.508283
0.34689600000000004
0.084205
0.0
0.0
0.0
0.0
0.0
0.0
0.0
0.0
0.0
0.0
0.0
0.0
0.0
0.0
0.059404000000000005
0.20494300000000001
0.180644
0.4863
0.704461
0.629497
0.28026100000000004
0.22986199999999998
0.407165
0.084797
0.004724
0.0
0.0
0.0
0.0
0.0
0.0
0.0
0.0
0.0
0.0
0.0
0.0
0.0
0.035664
0.24549
0.433439
0.589041
0.6293690000000001
0.452326
0.611146
0.501386
0.339183
0.07980200000000001
0.0
0.0
0.0
0.0
0.0
0.0
0.0
0.0
0.0
0.0
0.0
0.0
0.0
0.0
0.034838
0.139214
0.437722
0.34930500000000003
0.6064579999999999
0.6061190000000001
0.586551
0.48557799999999995
0.32802800000000004
0.07388800000000001
0.0
0.0
0.0
0.0
0.0
0.0
0.0
0.0
0.0
0.0
0.0
0.0
0.0
0.0
0.032367
0.25768599999999997
0.233503
0.596568
0.641606
0.42615499999999995
0.632313
0.41317000000000004
0.348125
0.071241
0.0006820000000000001
0.0
0.0
0.0
0.0
0.0
0.0
0.0
0.0
0.0
0.0
0.0
0.0
0.0
0.057873
0.070534
0.377769
0.524631
0.19996799999999998
0.208227
0.193475
0.15800999999999998
0.464659
0.08533199999999999
0.00721
0.0
0.0
0.0
0.0
0.0
0.0
0.0
0.0
0.0
0.0
0.0
0.0
0.0
0.028652
0.224835
0.41416000000000003
0.590557
0.642433
0.639578
0.594997
0.48638
0.318467
0.012221
0.0
0.0
0.0
0.0
0.0
0.0
0.0
0.0
0.0
0.0
0.0
0.0
0.0
0.0
0.029326
0.23406200000000002
0.42968599999999996
0.572207
0.423508
0.608527
0.57989
0.477109
0.31277
0.013267
0.0
0.0
0.0
0.0
0.0
0.0
0.0
0.0
0.0
0.0
0.0
0.0
0.0
0.0
0.028066
0.22730699999999998
0.414171
0.338903
0.600405
0.598481
0.574919
0.470688
0.30742
0.013916
0.0
0.0
0.0
0.0
0.0
0.0
0.0
0.0
0.0
0.0
0.0
0.0
0.0
0.0
0.025064
0.208656
0.383015
0.529722
0.58654
0.579399
0.574361
0.46744
0.300219
0.012147
0.0
0.0
0.0
0.0
0.0
0.0
0.0
0.0
0.0
0.0
0.0
0.0
0.0
0.0
0.047311
0.109416
0.388186
0.596961
0.641119
0.31449400000000005
0.297529
0.5165339999999999
0.166946
0.082726
0.0
0.0
0.0
0.0
0.0
0.0
0.0
0.0
0.0
0.0
0.0
0.0
0.0
0.0
0.043348
0.107436
0.383061
0.5376879999999999
0.584193
0.577249
0.577564
0.468948
0.29604199999999997
0.011607
0.0
0.0
0.0
0.0
0.0
0.0
0.0
0.0
0.0
0.0
0.0
0.0
0.0
0.0
0.021846
0.213228
0.40267899999999995
0.333219
0.609642
0.611887
0.5739
0.463972
0.289806
0.011408
0.0
0.0
0.0
0.0
0.0
0.0
0.0
0.0
0.0
0.0
0.0
0.0
0.0
0.0
0.020375
0.198097
0.380988
0.544489
0.618476
0.6191760000000001
0.565739
0.457034
0.284982
0.010737
0.0
0.0
0.0
0.0
0.0
0.0
0.0
0.0
0.0
0.0
0.0
0.0
0.0
0.0
0.036205
0.091465
0.34314
0.489346
0.5679529999999999
0.583047
0.575864
0.465734
0.313786
0.014935
0.0
0.0
0.0
0.0
0.0
0.0
0.0
0.0
0.0
0.0
0.0
0.0
0.0
0.0
0.03344
0.17582499999999998
0.160304
0.460008
0.260584
0.269109
0.256141
0.205951
0.333267
0.050324
0.0
0.0
0.0
0.0
0.0
0.0
0.0
0.0
0.0
0.0
0.0
0.0
0.0
0.0
0.034246000000000006
0.26057600000000003
0.49832299999999996
0.535381
0.653664
0.6577419999999999
0.274981
0.222748
0.295066
0.017985
0.0
0.0
0.0
0.0
0.0
0.0
0.0
0.0
0.0
0.0
0.0
0.0
0.0
0.0
0.016986
0.195291
0.381893
0.5523899999999999
0.597256
0.591489
0.555549
0.44536200000000004
0.262726
0.009054
0.0
0.0
0.0
0.0
0.0
0.0
0.0
0.0
0.0
0.0
0.0
0.0
0.0
0.0
0.028096
0.19411799999999999
0.379676
0.527773
0.5634389999999999
0.55825
0.5365030000000001
0.430346
0.253797
0.006464
0.0
0.0
0.0
0.0
0.0
0.0
0.0
0.0
0.0
0.0
0.0
0.0
0.0
0.0
0.02696
0.175434
0.160589
0.493784
0.26772399999999996
0.6664260000000001
0.6115839999999999
0.507314
0.29341199999999995
0.023954999999999997
0.0
0.0
0.0
0.0
0.0
0.0
0.0
0.0
0.0
0.0
0.0
0.0
0.0
0.0
0.024873000000000003
0.19809800000000002
0.40217200000000003
0.552303
0.593346
0.5869869999999999
0.53626
0.427396
0.244601
0.005019999999999999
0.0
0.0
0.0
0.0
0.0
0.0
0.0
0.0
0.0
0.0
0.0
0.0
0.0
0.0
0.023949
0.20416900000000002
0.41362099999999996
0.540183
0.576635
0.566317
0.5149429999999999
0.40997500000000003
0.23198
0.0035240000000000002
0.0
0.0
0.0
0.0
0.0
0.0
0.0
0.0
0.0
0.0
0.0
0.0
0.0
0.0
0.01185
0.18022
0.366788
0.528418
0.569284
0.565399
0.527489
0.42127499999999996
0.24009899999999998
0.006388
0.0
0.0
0.0
0.0
0.0
0.0
0.0
0.0
0.0
0.0
0.0
0.0
0.0
0.0
0.009824999999999999
0.179439
0.36396300000000004
0.5236130000000001
0.560271
0.5533020000000001
0.515422
0.412447
0.234993
0.006369
0.0
0.0
0.0
0.0
0.0
0.0
0.0
0.0
0.0
0.0
0.0
0.0
0.0
0.0
0.008969
0.175259
0.358354
0.517947
0.562701
0.5548529999999999
0.523864
0.416404
0.23383299999999999
0.0063360000000000005
0.0
0.0
0.0
0.0
0.0
0.0
0.0
0.0
0.0
0.0
0.0
0.0
0.0
0.0
0.008314
0.174345
0.364184
0.536179
0.580192
0.571847
0.509301
0.405011
0.226045
0.005552
0.0
0.0
0.0
0.0
0.0
0.0
0.0
0.0
0.0
0.0
0.0
0.0
0.0
0.0
0.016379
0.16547900000000001
0.415259
0.48677499999999996
0.262912
0.27245199999999997
0.5996520000000001
0.459703
0.256212
0.015035999999999999
0.0
0.0
0.0
0.0
0.0
0.0
0.0
0.0
0.0
0.0
0.0
0.0
0.0
0.0
0.000664
0.03581
0.074919
0.10934999999999999
0.132512
0.138496
0.12762300000000001
0.100071
0.063271
0.023216999999999998
0.0
0.0
0.0
0.0
0.0
0.0
0.0
0.0
0.0
0.0
0.0
0.0
0.0
0.0
5.2e-05
0.035969
0.076041
0.11148999999999999
0.134463
0.14161600000000002
0.12924100000000002
0.101988
0.064266
0.023129
0.0
0.0
0.0
0.0
0.0
0.0
0.0
0.0
0.0
0.0
0.0
0.0
0.0
0.0
0.014553
0.057536000000000004
0.423548
0.175579
0.211893
0.221619
0.204486
0.615606
0.35397300000000004
0.039859
0.0
0.0
0.0
0.0
0.0
0.0
0.0
0.0
0.0
0.0
0.0
0.0
0.0
0.0
0.003336
0.163927
0.36083800000000005
0.5448869999999999
0.601565
0.598067
0.5372939999999999
0.420481
0.220757
0.005101
0.0
0.0
0.0
0.0
0.0
0.0
0.0
0.0
0.0
0.0
0.0
0.0
0.0
0.0
0.004798
0.16878200000000002
0.37275
0.524394
0.566006
0.558643
0.5133819999999999
0.399918
0.20387200000000003
0.002798
0.0
0.0
0.0
0.0
0.0
0.0
0.0
0.0
0.0
0.0
0.0
0.0
0.0
0.0
0.0
0.033860999999999995
0.075207
0.110866
0.135464
0.141863
0.130037
0.101867
0.062943
0.021372
0.0
0.0
0.0
0.0
0.0
0.0
0.0
0.0
0.0
0.0
0.0
0.0
0.0
0.0
0.002398
0.168186
0.377212
0.548736
0.5953849999999999
0.589472
0.538826
0.41884699999999997
0.213536
0.003186
0.0
0.0
0.0
0.0
0.0
0.0
0.0
0.0
0.0
0.0
0.0
0.0
0.0
0.0
0.0015760000000000001
0.17313499999999998
0.392476
0.531246
0.5746570000000001
0.5679489999999999
0.510293
0.396461
0.196011
0.001567
0.0
0.0
0.0
0.0
0.0
0.0
0.0
0.0
0.0
0.0
0.0
0.0
0.0
0.0
0.000555
0.137097
0.09283499999999999
0.13655099999999998
0.534702
0.172996
0.5849489999999999
0.12389700000000001
0.077042
0.043327
0.0
0.0
0.0
0.0
0.0
0.0
0.0
0.0
0.0
0.0
0.0
0.0
0.0
0.0
0.0
0.157953
0.35805000000000003
0.51522
0.555376
0.547052
0.506754
0.39310199999999995
0.191144
0.0020729999999999998
0.0
0.0
0.0
0.0
0.0
0.0
0.0
0.0
0.0
0.0
0.0
0.0
0.0
0.0
0.0
0.040857
0.091318
0.135794
0.163659
0.17150200000000002
0.15931
0.123567
0.07632699999999999
0.025417000000000002
0.0
0.0
0.0
0.0
0.0
0.0
0.0
0.0
0.0
0.0
0.0
0.0
0.0
0.0
0.0
0.14916
0.344643
0.5226559999999999
0.570627
0.565338
0.507286
0.39366500000000004
0.19255799999999998
0.00347
0.0
0.0
0.0
0.0
0.0
0.0
0.0
0.0
0.0
0.0
0.0
0.0
0.0
0.0
0.0
0.155969
0.364329
0.492688
0.5336609999999999
0.526924
0.487947
0.37636200000000003
0.175779
0.000602
0.0
0.0
0.0
0.0
0.0
0.0
0.0
0.0
0.0
0.0
0.0
0.0
0.0
0.0
0.0
0.155495
0.365747
0.48711200000000004
0.524354
0.518149
0.48396
0.372353
0.170649
0.0
0.0
0.0
0.0
0.0
0.0
0.0
0.0
0.0
0.0
0.0
0.0
0.0
0.0
0.0
0.0
0.081274
0.324819
0.492293
0.5496559999999999
0.5439360000000001
0.500913
0.38816199999999995
0.184493
0.003254
0.0
0.0
0.0
0.0
0.0
0.0
0.0
0.0
0.0
0.0
0.0
0.0
0.0
0.0
0.0
0.161939
0.089992
0.543543
0.166382
0.17448
0.15954
0.124014
0.324144
0.023349
0.0
0.0
0.0
0.0
0.0
0.0
0.0
0.0
0.0
0.0
0.0
0.0
0.0
0.0
0.0
0.07279300000000001
0.365281
0.26320299999999996
0.635833
0.374807
0.580929
0.365651
0.221756
0.011489000000000001
0.0
0.0
0.0
0.0
0.0
0.0
0.0
0.0
0.0
0.0
0.0
0.0
0.0
0.0
0.0
0.081025
0.362002
0.529111
0.579121
0.427969
0.5390170000000001
0.41717200000000004
0.188559
0.004889999999999999
0.0
0.0
0.0
0.0
0.0
0.0
0.0
0.0
0.0
0.0
0.0
0.0
0.0
0.0
0.0
0.073274
0.32539
0.49500900000000003
0.597865
0.380803
0.550423
0.426939
0.19183699999999998
0.007666
0.0
0.0
0.0
0.0
0.0
0.0
0.0
0.0
0.0
0.0
0.0
0.0
0.0
0.0
0.0
0.08140800000000001
0.336194
0.505435
0.549385
0.544654
0.500486
0.386021
0.175832
0.001935
0.0
0.0
0.0
0.0
0.0
0.0
0.0
0.0
0.0
0.0
0.0
0.0
0.0
0.0
0.0
0.126429
0.132442
0.463022
0.593657
0.594352
0.542734
0.421877
0.19505
0.005078999999999999
0.0
0.0
0.0
0.0
0.0
0.0
0.0
0.0
0.0
0.0
0.0
0.0
0.0
0.0
0.0
0.079891
0.355977
0.5455789999999999
0.38961599999999996
0.5948060000000001
0.546125
0.419738
0.189452
0.004248
0.0
0.0
0.0
0.0
0.0
0.0
0.0
0.0
0.0
0.0
0.0
0.0
0.0
0.0
0.0
0.081466
0.353106
0.511091
0.5547859999999999
0.554188
0.464979
0.405128
0.18099500000000002
0.002746
0.0
0.0
0.0
0.0
0.0
0.0
0.0
0.0
0.0
0.0
0.0
0.0
0.0
0.0
0.0
0.14099899999999999
0.154118
0.22997800000000002
0.279826
0.29219799999999996
0.5636180000000001
0.425131
0.202821
0.009613
0.0
0.0
0.0
0.0
0.0
0.0
0.0
0.0
0.0
0.0
0.0
0.0
0.0
0.0
0.0
0.075789
0.358048
0.291833
0.580379
0.579466
0.435732
0.417435
0.189633
0.004781
0.0
0.0
0.0
0.0
0.0
0.0
0.0
0.0
0.0
0.0
0.0
0.0
0.0
0.0
0.0
0.112308
0.270832
0.101701
0.126009
0.133821
0.12173199999999999
0.5111410000000001
0.054310000000000004
0.013009999999999999
0.0
0.0
0.0
0.0
0.0
0.0
0.0
0.0
0.0
0.0
0.0
0.0
0.0
0.0
0.0
0.106366
0.478149
0.400855
0.212342
0.565894
0.204404
0.15830699999999998
0.095789
0.01438
0.0
0.0
0.0
0.0
0.0
0.0
0.0
0.0
0.0
0.0
0.0
0.0
0.0
0.0
0.0
0.072651
0.326562
0.507988
0.579659
0.583082
0.5335599999999999
0.413425
0.179685
0.0028889999999999996
0.0
0.0
0.0
0.0
0.0
0.0
0.0
0.0
0.0
0.0
0.0
0.0
0.0
0.0
0.0
0.07356399999999999
0.324385
0.497907
0.544742
0.547631
0.525265
0.403265
0.173775
0.002726
0.0
0.0
0.0
0.0
0.0
0.0
0.0
0.0
0.0
0.0
0.0
0.0
0.0
0.0
0.0
0.07345399999999999
0.32303899999999997
0.506385
0.577941
0.582603
0.5264289999999999
0.405519
0.17918199999999998
0.002181
0.0
0.0
0.0
0.0
0.0
0.0
0.0
0.0
0.0
0.0
0.0
0.0
0.0
0.0
0.0
0.073941
0.342979
0.511306
0.568782
0.433692
0.537267
0.412646
0.182718
0.0027949999999999997
0.0
0.0
0.0
0.0
0.0
0.0
0.0
0.0
0.0
0.0
0.0
0.0
0.0
0.0
0.0
0.11949
0.13
0.194987
0.560649
0.583202
0.550053
0.42639299999999997
0.20942
0.008558999999999999
0.0
0.0
0.0
0.0
0.0
0.0
0.0
0.0
0.0
0.0
0.0
0.0
0.0
0.0
0.0
0.07424299999999999
0.341883
0.5184840000000001
0.568849
0.567202
0.42797199999999996
0.395946
0.179324
0.002698
0.0
0.0
0.0
0.0
0.0
0.0
0.0
0.0
0.0
0.0
0.0
0.0
0.0
0.0
0.0
0.129206
0.095624
0.145481
0.5921230000000001
0.18599600000000002
0.686024
0.129674
0.076565
0.018775
0.0
0.0
0.0
0.0
0.0
0.0
0.0
0.0
0.0
0.0
0.0
0.0
0.0
0.0
0.0
0.07479000000000001
0.356768
0.3009
0.544578
0.5417219999999999
0.508872
0.385721
0.17777
0.002594
0.0
0.0
0.0
0.0
0.0
0.0
0.0
0.0
0.0
0.0
0.0
0.0
0.0
0.0
0.0
0.065136
0.060791
0.257753
0.322127
0.35997
0.10824800000000001
0.08192400000000001
0.236099
0.0104
0.0
0.0
0.0
0.0
0.0
0.0
0.0
0.0
0.0
0.0
0.0
0.0
0.0
0.0
0.0
0.109941
0.09808499999999999
0.151622
0.528667
0.58353
0.5778669999999999
0.133155
0.078286
0.019803
0.0
0.0
0.0
0.0
0.0
0.0
0.0
0.0
0.0
0.0
0.0
0.0
0.0
0.0
0.0
0.06704
0.306965
0.478242
0.549472
0.556065
0.5160359999999999
0.39793
0.17987
0.001219
0.0
0.0
0.0
0.0
0.0
0.0
0.0
0.0
0.0
0.0
0.0
0.0
0.0
0.0
0.0
0.067313
0.319793
0.476622
0.355093
0.5332210000000001
0.501891
0.389954
0.17915999999999999
0.002456
0.0
0.0
0.0
0.0
0.0
0.0
0.0
0.0
0.0
0.0
0.0
0.0
0.0
0.0
0.0
0.07095399999999999
0.340926
0.501826
0.556569
0.421038
0.5069549999999999
0.395683
0.184001
0.0019479999999999999
0.0
0.0
0.0
0.0
0.0
0.0
0.0
0.0
0.0
0.0
0.0
0.0
0.0
0.0
0.0
0.11534900000000001
0.12881700000000001
0.455972
0.598683
0.623127
0.223819
0.443919
0.206087
0.008478999999999999
0.0
0.0
0.0
0.0
0.0
0.0
0.0
0.0
0.0
0.0
0.0
0.0
0.0
0.0
0.0
0.11759900000000001
0.13303399999999999
0.45471300000000003
0.544123
0.5449510000000001
0.516018
0.42954899999999996
0.192549
0.003453
0.0
0.0
0.0
0.0
0.0
0.0
0.0
0.0
0.0
0.0
0.0
0.0
0.0
0.0
0.0
0.120131
0.30517500000000003
0.509505
0.565804
0.5950789999999999
0.23186
0.42900299999999997
0.10788500000000001
0.007091999999999999
0.0
0.0
0.0
0.0
0.0
0.0
0.0
0.0
0.0
0.0
0.0
0.0
0.0
0.0
0.0
0.069362
0.334209
0.285335
0.574138
0.583789
0.53334
0.417785
0.19654400000000002
0.00432
0.0
0.0
0.0
0.0
0.0
0.0
0.0
0.0
0.0
0.0
0.0
0.0
0.0
0.0
0.0
0.069369
0.328791
0.502242
0.560991
0.568773
0.430065
0.417606
0.20291
0.003653
0.0
0.0
0.0
0.0
0.0
0.0
0.0
0.0
0.0
0.0
0.0
0.0
0.0
0.0
0.0
0.114982
0.089464
0.439337
0.551346
0.175391
0.15861799999999998
0.12131399999999999
0.2869
0.018244
0.0
0.0
0.0
0.0
0.0
0.0
0.0
0.0
0.0
0.0
0.0
0.0
0.0
0.0
0.0
0.072912
0.187326
0.49851799999999996
0.554072
0.557781
0.528956
0.405804
0.208348
0.003656
0.0
0.0
0.0
0.0
0.0
0.0
0.0
0.0
0.0
0.0
0.0
0.0
0.0
0.0
0.0
0.072946
0.36241
0.293636
0.584035
0.592136
0.429077
0.428054
0.21853999999999998
0.003035
0.0
0.0
0.0
0.0
0.0
0.0
0.0
0.0
0.0
0.0
0.0
0.0
0.0
0.0
0.0
0.072756
0.18142
0.277119
0.345784
0.126671
0.112939
0.323892
0.049114
0.011893
0.0
0.0
0.0
0.0
0.0
0.0
0.0
0.0
0.0
0.0
0.0
0.0
0.0
0.0
0.0
0.072839
0.333852
0.506397
0.56711
0.5746169999999999
0.5313880000000001
0.412842
0.21509899999999998
0.003776
0.0
0.0
0.0
0.0
0.0
0.0
0.0
0.0
0.0
0.0
0.0
0.0
0.0
0.0
0.0
0.07791200000000001
0.397686
0.512262
0.386819
0.575253
0.444992
0.427238
0.213222
0.005852
0.0
0.0
0.0
0.0
0.0
0.0
0.0
0.0
0.0
0.0
0.0
0.0
0.0
0.0
0.0
0.07428900000000001
0.35753199999999996
0.525258
0.380376
0.60097
0.558918
0.44349500000000003
0.222439
0.005293
0.0
0.0
0.0
0.0
0.0
0.0
