0.0
0.0
0.0
0.0
0.0
0.0
0.0
0.0
0.010587999999999998
0.12668600000000002
0.233421
0.407462
0.320445
0.30929700000000004
0.270825
0.184629
0.226855
0.0
0.0
0.0
0.0
0.0
0.0
0.0
0.0
0.0
0.0
0.0
0.0
0.0
0.0
0.0
0.010587999999999998
0.16558799999999999
0.352341
0.49829199999999996
0.5916889999999999
0.6207630000000001
0.5785950000000001
0.470894
0.30717
0.0
0.0
0.0
0.0
0.0
0.0
0.0
0.0
0.0
0.0
0.0
0.0
0.0
0.0
0.0
0.010369999999999999
0.052908000000000004
0.09379000000000001
0.09540000000000001
0.131539
0.187953
0.149355
0.17807599999999998
0.109886
0.0
0.0
0.0
0.0
0.0
0.0
0.0
0.0
0.0
0.0
0.0
0.0
0.0
0.0
0.0
0.008773999999999999
0.090737
0.179491
0.380036
0.307168
0.273681
0.291896
0.170603
0.09893600000000001
0.0
0.0
0.0
0.0
0.0
0.0
0.0
0.0
0.0
0.0
0.0
0.0
0.0
0.0
0.0
0.012288
0.16847
0.347626
0.400094
0.5332830000000001
0.485939
0.5239320000000001
0.353329
0.235171
0.0
0.0
0.0
0.0
0.0
0.0
0.0
0.0
0.0
0.0
0.0
0.0
0.0
0.0
0.0
0.010517
0.153876
0.253616
0.475906
0.5913590000000001
0.6236649999999999
0.579725
0.462345
0.300389
0.0
0.0
0.0
0.0
0.0
0.0
0.0
0.0
0.0
0.0
0.0
0.0
0.0
0.0
0.0
0.012246
0.169117
0.350039
0.49860899999999997
0.588743
0.625535
0.58382
0.47024900000000003
0.31135700000000005
0.0
0.0
0.0
0.0
0.0
0.0
0.0
0.0
0.0
0.0
0.0
0.0
0.0
0.0
0.0
0.012410000000000001
0.169179
0.35152
0.501872
0.596106
0.632365
0.590493
0.477492
0.316827
0.0
0.0
0.0
0.0
0.0
0.0
0.0
0.0
0.0
0.0
0.0
0.0
0.0
0.0
0.0
0.0
0.0
0.012407999999999999
0.014507999999999998
0.033639
0.028687999999999998
0.030944
0.018782
0.006717
0.0
0.0
0.0
0.0
0.0
0.0
0.0
0.0
0.0
0.0
0.0
0.0
0.0
0.0
0.0
0.0
0.010375
0.018668
0.025463
0.037855
0.042323
0.061451
0.049038
0.018302
0.0
0.0
0.0
0.0
0.0
0.0
0.0
0.0
0.0
0.0
0.0
0.0
0.0
0.0
0.0
0.006522999999999999
0.049855
0.113584
0.180842
0.170461
0.190232
0.18474100000000002
0.12235299999999999
0.055519
0.0
0.0
0.0
0.0
0.0
0.0
0.0
0.0
0.0
0.0
0.0
0.0
0.0
0.0
0.0
0.010728
0.09812399999999999
0.334416
0.43676
0.38533999999999996
0.353159
0.42831
0.361196
0.217027
0.0
0.0
0.0
0.0
0.0
0.0
0.0
0.0
0.0
0.0
0.0
0.0
0.0
0.0
0.0
0.014497999999999999
0.17565999999999998
0.363184
0.51041
0.615278
0.652977
0.615801
0.502055
0.341147
0.073007
0.0
0.0
0.0
0.0
0.0
0.0
0.0
0.0
0.0
0.0
0.0
0.0
0.0
0.0
0.014756
0.175596
0.365663
0.47713799999999995
0.5675209999999999
0.530369
0.533712
0.427036
0.312145
0.072048
0.0
0.0
0.0
0.0
0.0
0.0
0.0
0.0
0.0
0.0
0.0
0.0
0.0
0.0
0.006652999999999999
0.049304
0.149177
0.332824
0.5722160000000001
0.5793339999999999
0.535332
0.26798
0.079976
0.031469000000000004
0.0
0.0
0.0
0.0
0.0
0.0
0.0
0.0
0.0
0.0
0.0
0.0
0.0
0.0
0.012765
0.17025
0.37022000000000005
0.524788
0.616832
0.57453
0.562937
0.526605
0.38302600000000003
0.079701
0.0
0.0
0.0
0.0
0.0
0.0
0.0
0.0
0.0
0.0
0.0
0.0
0.0
0.0
0.014497999999999999
0.16762200000000002
0.375865
0.37343099999999996
0.367975
0.44821300000000003
0.462575
0.418896
0.298145
0.060096
0.0
0.0
0.0
0.0
0.0
0.0
0.0
0.0
0.0
0.0
0.0
0.0
0.0
0.0
0.01076
0.119488
0.221666
0.432543
0.515854
0.622417
0.6026670000000001
0.46404399999999996
0.348054
0.081124
0.0
0.0
0.0
0.0
0.0
0.0
0.0
0.0
0.0
0.0
0.0
0.0
0.0
0.0
0.002822
0.0064800000000000005
0.075219
0.102956
0.07209099999999999
0.1196
0.111748
0.099247
0.053778
0.01137
0.0
0.0
0.0
0.0
0.0
0.0
0.0
0.0
0.0
0.0
0.0
0.0
0.0
0.0
0.016358
0.175877
0.36352300000000004
0.391044
0.393689
0.355755
0.32866
0.3574
0.16136
0.011497
0.0
0.0
0.0
0.0
0.0
0.0
0.0
0.0
0.0
0.0
0.0
0.0
0.0
0.0
0.006522999999999999
0.047020000000000006
0.06623699999999999
0.183408
0.31325400000000003
0.436807
0.439642
0.343237
0.146834
0.039918
0.0
0.0
0.0
0.0
0.0
0.0
0.0
0.0
0.0
0.0
0.0
0.0
0.0
0.0
0.016263000000000003
0.195376
0.39636200000000005
0.536611
0.630242
0.6682
0.642122
0.558153
0.41150099999999995
0.096913
0.0
0.0
0.0
0.0
0.0
0.0
0.0
0.0
0.0
0.0
0.0
0.0
0.0
0.0
0.010619
0.068708
0.15809800000000002
0.148535
0.08786100000000001
0.075071
0.18334899999999998
0.178019
0.102672
0.036207
0.0
0.0
0.0
0.0
0.0
0.0
0.0
0.0
0.0
0.0
0.0
0.0
0.0
0.0
0.014325
0.081657
0.09849899999999999
0.065053
0.127927
0.141509
0.12032899999999999
0.142463
0.07735299999999999
0.010431
0.0
0.0
0.0
0.0
0.0
0.0
0.0
0.0
0.0
0.0
0.0
0.0
0.0
0.0
0.0
0.00027
0.014901999999999999
0.060459000000000006
0.108168
0.119119
0.105389
0.070877
0.032314
0.009015
0.0
0.0
0.0
0.0
0.0
0.0
0.0
0.0
0.0
0.0
0.0
0.0
0.0
0.0
0.012686999999999999
0.137869
0.224465
0.32656599999999997
0.405368
0.5586599999999999
0.644697
0.535402
0.368371
0.155996
0.0
0.0
0.0
0.0
0.0
0.0
0.0
0.0
0.0
0.0
0.0
0.0
0.0
0.0
0.020831
0.212111
0.353058
0.49621
0.607743
0.68379
0.588068
0.372361
0.24661000000000002
0.134099
0.0
0.0
0.0
0.0
0.0
0.0
0.0
0.0
0.0
0.0
0.0
0.0
0.0
0.0
0.014631
0.17659200000000003
0.345707
0.478587
0.503063
0.507726
0.470574
0.33345800000000003
0.18410300000000002
0.083981
0.0
0.0
0.0
0.0
0.0
0.0
0.0
0.0
0.0
0.0
0.0
0.0
0.0
0.0
0.022902000000000002
0.201986
0.305514
0.34587
0.41526100000000005
0.465767
0.395237
0.403431
0.39908899999999997
0.21393
0.0
0.0
0.0
0.0
0.0
0.0
0.0
0.0
0.0
0.0
0.0
0.0
0.0
0.0
0.024803000000000002
0.211427
0.416918
0.561354
0.654384
0.696693
0.670512
0.590426
0.446898
0.230851
0.0
0.0
0.0
0.0
0.0
0.0
0.0
0.0
0.0
0.0
0.0
0.0
0.0
0.0
0.010938
0.122898
0.281148
0.47339800000000004
0.58408
0.668686
0.6655019999999999
0.588313
0.440819
0.22627799999999998
0.0
0.0
0.0
0.0
0.0
0.0
0.0
0.0
0.0
0.0
0.0
0.0
0.0
0.0
0.026013
0.21292599999999998
0.41284
0.555969
0.647436
0.6862999999999999
0.663902
0.584894
0.44475200000000004
0.23350200000000002
0.0
0.0
0.0
0.0
0.0
0.0
0.0
0.0
0.0
0.0
0.0
0.0
0.0
0.0
0.026497
0.21735400000000002
0.40156200000000003
0.557027
0.655965
0.692562
0.644421
0.57227
0.446846
0.235892
0.0
0.0
0.0
0.0
0.0
0.0
0.0
0.0
0.0
0.0
0.0
0.0
0.0
0.0
0.002727
0.119787
0.28114
0.519721
0.562269
0.527774
0.425341
0.247694
0.12414499999999999
0.068098
0.0
0.0
0.0
0.0
0.0
0.0
0.0
0.0
0.0
0.0
0.0
0.0
0.0
0.0
0.01893
0.121901
0.31948200000000004
0.443104
0.5230929999999999
0.6503819999999999
0.674269
0.529153
0.321906
0.158939
0.0
0.0
0.0
0.0
0.0
0.0
0.0
0.0
0.0
0.0
0.0
0.0
0.0
0.0
0.000885
0.055602
0.13762799999999997
0.10952500000000001
0.085448
0.115244
0.11266899999999999
0.106579
0.08067700000000001
0.053693
0.0
0.0
0.0
0.0
0.0
0.0
0.0
0.0
0.0
0.0
0.0
0.0
0.0
0.0
0.0042510000000000004
0.028502
0.031069
0.040764
0.043392
0.070032
0.092068
0.08915000000000001
0.082698
0.039399
0.0
0.0
0.0
0.0
0.0
0.0
0.0
0.0
0.0
0.0
0.0
0.0
0.0
0.0
0.042364
0.213156
0.344887
0.419155
0.465663
0.551067
0.49047
0.430348
0.35830900000000004
0.225552
0.0
0.0
0.0
0.0
0.0
0.0
0.0
0.0
0.0
0.0
0.0
0.0
0.0
0.0
0.015552
0.06032
0.112506
0.135267
0.154209
0.18556299999999998
0.166614
0.077817
0.05168
0.037604
0.0
0.0
0.0
0.0
0.0
0.0
0.0
0.0
0.0
0.0
0.0
0.0
0.0
0.0
0.017661000000000003
0.097694
0.182713
0.270669
0.284098
0.292151
0.32527
0.216472
0.145113
0.07565000000000001
0.0
0.0
0.0
0.0
0.0
0.0
0.0
0.0
0.0
0.0
0.0
0.0
0.0
0.0
0.008634000000000001
0.02548
0.07316299999999999
0.173288
0.24152
0.282243
0.193577
0.12942099999999998
0.089267
0.026216999999999997
0.0
0.0
0.0
0.0
0.0
0.0
0.0
0.0
0.0
0.0
0.0
0.0
0.0
0.0
0.018593
0.104645
0.307649
0.529062
0.625477
0.654945
0.638412
0.519304
0.311721
0.122174
0.0
0.0
0.0
0.0
0.0
0.0
0.0
0.0
0.0
0.0
0.0
0.0
0.0
0.0
0.064603
0.244077
0.444299
0.5909139999999999
0.683511
0.719638
0.702612
0.569098
0.40913
0.24413200000000002
0.0
0.0
0.0
0.0
0.0
0.0
0.0
0.0
0.0
0.0
0.0
0.0
0.0
0.0
0.039947
0.219659
0.44091800000000003
0.557844
0.5022719999999999
0.513341
0.555095
0.473589
0.426332
0.266368
0.0
0.0
0.0
0.0
0.0
0.0
0.0
0.0
0.0
0.0
0.0
0.0
0.0
0.0
0.040665999999999994
0.159911
0.23185
0.305952
0.407353
0.402474
0.512497
0.535847
0.342976
0.10846599999999999
0.0
0.0
0.0
0.0
0.0
0.0
0.0
0.0
0.0
0.0
0.0
0.0
0.0
0.0
0.040885
0.22272999999999998
0.36576400000000003
0.438939
0.428116
0.38477100000000003
0.33765300000000004
0.35779500000000003
0.321044
0.234019
0.0
0.0
0.0
0.0
0.0
0.0
0.0
0.0
0.0
0.0
0.0
0.0
0.0
0.0
0.072002
0.229577
0.435114
0.599642
0.69866
0.7338680000000001
0.715154
0.617269
0.47627600000000003
0.292109
0.0
0.0
0.0
0.0
0.0
0.0
0.0
0.0
0.0
0.0
0.0
0.0
0.0
0.0
0.084316
0.266894
0.462029
0.6059479999999999
0.699662
0.7338490000000001
0.7117680000000001
0.635236
0.49811700000000003
0.29727
0.0
0.0
0.0
0.0
0.0
0.0
0.0
0.0
0.0
0.0
0.0
0.0
0.0
0.0
0.046643000000000004
0.111619
0.22437100000000001
0.23124899999999998
0.23663800000000001
0.315291
0.338382
0.182771
0.08527599999999999
0.040201
0.0
0.0
0.0
0.0
0.0
0.0
0.0
0.0
0.0
0.0
0.0
0.0
0.0
0.0
0.042947000000000006
0.223828
0.44370499999999996
0.566561
0.679945
0.675397
0.498602
0.414891
0.41727
0.298646
0.0
0.0
0.0
0.0
0.0
0.0
0.0
0.0
0.0
0.0
0.0
0.0
0.0
0.0
0.090522
0.24856899999999998
0.43978500000000004
0.609418
0.646122
0.692731
0.720075
0.622732
0.491816
0.265505
0.0
0.0
0.0
0.0
0.0
0.0
0.0
0.0
0.0
0.0
0.0
0.0
0.0
0.0
0.056060000000000006
0.23105199999999998
0.457194
0.5640109999999999
0.559896
0.6633450000000001
0.63673
0.5446319999999999
0.437958
0.287885
0.0
0.0
0.0
0.0
0.0
0.0
0.0
0.0
0.0
0.0
0.0
0.0
0.0
0.0
0.099554
0.278168
0.474724
0.622633
0.719491
0.758875
0.740105
0.660537
0.5230009999999999
0.32116300000000003
0.0
0.0
0.0
0.0
0.0
0.0
0.0
0.0
0.0
0.0
0.0
0.0
0.0
0.0
0.086523
0.279349
0.478904
0.560609
0.653846
0.563154
0.39358
0.437213
0.383384
0.195291
0.0
0.0
0.0
0.0
0.0
0.0
0.0
0.0
0.0
0.0
0.0
0.0
0.0
0.0
0.019018999999999998
0.184925
0.34977800000000003
0.503507
0.59477
0.588131
0.379398
0.223185
0.114179
0.053219
0.0
0.0
0.0
0.0
0.0
0.0
0.0
0.0
0.0
0.0
0.0
0.0
0.0
0.0
0.050963
0.16752699999999998
0.244875
0.378757
0.364044
0.37280399999999997
0.25829
0.22913399999999998
0.25172300000000003
0.14942
0.0
0.0
0.0
0.0
0.0
0.0
0.0
0.0
0.0
0.0
0.0
0.0
0.0
0.0
0.041378
0.114755
0.28850400000000004
0.442261
0.5658719999999999
0.576871
0.658051
0.606136
0.504378
0.34039600000000003
0.0
0.0
0.0
0.0
0.0
0.0
0.0
0.0
0.0
0.0
0.0
0.0
0.0
0.0
0.004639
0.031624
0.066646
0.085934
0.14443799999999998
0.16186
0.131212
0.061433999999999996
0.032631
0.024336
0.0
0.0
0.0
0.0
0.0
0.0
0.0
0.0
0.0
0.0
0.0
0.0
0.0
0.0
0.10237
0.305253
0.500644
0.649246
0.7416860000000001
0.7815059999999999
0.744293
0.6072569999999999
0.489559
0.316138
0.0
0.0
0.0
0.0
0.0
0.0
0.0
0.0
0.0
0.0
0.0
0.0
0.0
0.0
0.087837
0.288919
0.48644400000000004
0.64034
0.7097319999999999
0.70784
0.673968
0.599038
0.481257
0.321103
0.0
0.0
0.0
0.0
0.0
0.0
0.0
0.0
0.0
0.0
0.0
0.0
0.0
0.0
0.089717
0.288448
0.473951
0.583185
0.687176
0.752337
0.7368669999999999
0.638345
0.484539
0.28949400000000003
0.0
0.0
0.0
0.0
0.0
0.0
0.0
0.0
0.0
0.0
0.0
0.0
0.0
0.0
0.09897
0.31420600000000004
0.50378
0.644376
0.7360270000000001
0.77049
0.7494460000000001
0.670198
0.534457
0.33785000000000004
0.0
0.0
0.0
0.0
0.0
0.0
0.0
0.0
0.0
0.0
0.0
0.0
0.0
0.0
0.10298900000000001
0.318768
0.505575
0.649372
0.740343
0.772824
0.751205
0.6694990000000001
0.5353920000000001
0.340798
0.0
0.0
0.0
0.0
0.0
0.0
0.0
0.0
0.0
0.0
0.0
0.0
0.0
0.0
0.009533
0.055921
0.13069399999999998
0.21288900000000002
0.368863
0.492322
0.39771100000000004
0.26713299999999995
0.15272
0.079842
0.0
0.0
0.0
0.0
0.0
0.0
0.0
0.0
0.0
0.0
0.0
0.0
0.0
0.0
0.0024249999999999996
0.019398
0.021362
0.037947
0.039689
0.044811
0.013728
0.01601
0.018524000000000002
0.004465
0.0
0.0
0.0
0.0
0.0
0.0
0.0
0.0
0.0
0.0
0.0
0.0
0.0
0.0
0.087693
0.18522999999999998
0.270792
0.269882
0.339995
0.308813
0.272435
0.265474
0.214417
0.11248699999999999
0.028806000000000002
0.0
0.0
0.0
0.0
0.0
0.0
0.0
0.0
0.0
0.0
0.0
0.0
0.002891
0.038665
0.15581899999999999
0.214263
0.245781
0.225763
0.216542
0.205791
0.148007
0.14175200000000002
0.09563200000000001
0.022949999999999998
0.0
0.0
0.0
0.0
0.0
0.0
0.0
0.0
0.0
0.0
0.0
0.0
0.008994
0.069465
0.175475
0.368599
0.364773
0.472686
0.549389
0.440778
0.334834
0.210931
0.12196299999999999
0.022897999999999998
0.0
0.0
0.0
0.0
0.0
0.0
0.0
0.0
0.0
0.0
0.0
0.0
0.008926
0.10244400000000001
0.261748
0.394329
0.5486570000000001
0.697767
0.744316
0.6380629999999999
0.565937
0.452392
0.279271
0.065119
0.0
0.0
0.0
0.0
0.0
0.0
0.0
0.0
0.0
0.0
0.0
0.0
0.010619
0.10674299999999999
0.20386600000000002
0.416076
0.5154
0.623548
0.541866
0.52012
0.558781
0.5303680000000001
0.365965
0.076283
0.0
0.0
0.0
0.0
0.0
0.0
0.0
0.0
0.0
0.0
0.0
0.0
0.016117999999999997
0.12634399999999998
0.34905
0.5312830000000001
0.6688500000000001
0.7552329999999999
0.785153
0.763943
0.682
0.54849
0.357445
0.084728
0.0
0.0
0.0
0.0
0.0
0.0
0.0
0.0
0.0
0.0
0.0
0.0
0.017758
0.128165
0.352345
0.532532
0.6734070000000001
0.76076
0.794159
0.771442
0.690002
0.552549
0.360706
0.087143
0.0
0.0
0.0
0.0
0.0
0.0
0.0
0.0
0.0
0.0
0.0
0.0
0.020091
0.13124
0.35304
0.5335850000000001
0.6749539999999999
0.7691420000000001
0.8035209999999999
0.77651
0.696785
0.56151
0.365274
0.131977
0.0
0.0
0.0
0.0
0.0
0.0
0.0
0.0
0.0
0.0
0.0
0.0
0.021979
0.133209
0.35672699999999996
0.538274
0.6773680000000001
0.7659640000000001
0.799314
0.774301
0.695189
0.559385
0.363752
0.132926
0.0
0.0
0.0
0.0
0.0
0.0
0.0
0.0
0.0
0.0
0.0
0.0
0.020143
0.137492
0.360144
0.524401
0.6432
0.75583
0.764639
0.758837
0.6911349999999999
0.5580470000000001
0.368514
0.13519399999999998
0.0
0.0
0.0
0.0
0.0
0.0
0.0
0.0
0.0
0.0
0.0
0.0
0.024019
0.148705
0.36146
0.544208
0.685133
0.7702340000000001
0.74551
0.659858
0.64779
0.519008
0.312926
0.11736100000000001
0.0
0.0
0.0
0.0
0.0
0.0
0.0
0.0
0.0
0.0
0.0
0.0
0.026087
0.13722800000000002
0.339031
0.474711
0.663606
0.763014
0.792003
0.70302
0.649413
0.558711
0.375276
0.141124
0.0
0.0
0.0
0.0
0.0
0.0
0.0
0.0
0.0
0.0
0.0
0.0
0.008296
0.057427
0.19470099999999999
0.33019600000000005
0.546014
0.579118
0.529725
0.482814
0.583502
0.517811
0.304681
0.08643300000000001
0.0
0.0
0.0
0.0
0.0
0.0
0.0
0.0
0.0
0.0
0.0
0.0
0.013245
0.085343
0.10568999999999999
0.143437
0.237905
0.381435
0.324018
0.23721899999999999
0.195393
0.210732
0.112696
0.027679
0.0
0.0
0.0
0.0
0.0
0.0
0.0
0.0
0.0
0.0
0.0
0.0
0.0
0.009252
0.0423
0.051529000000000005
0.07116800000000001
0.082239
0.077485
0.07761
0.061655999999999996
0.037405
0.008961
0.0
0.0
0.0
0.0
0.0
0.0
0.0
0.0
0.0
0.0
0.0
0.0
0.0
0.008412000000000001
0.047325000000000006
0.227471
0.15262
0.08045699999999999
0.131332
0.246469
0.218496
0.26305399999999995
0.15557400000000002
0.077659
0.039697
0.0
0.0
0.0
0.0
0.0
0.0
0.0
0.0
0.0
0.0
0.0
0.0
0.0
0.03546
0.043716
0.08686400000000001
0.093685
0.08846
0.099592
0.069257
0.08163200000000001
0.085913
0.07405800000000001
0.016557
0.0
0.0
0.0
0.0
0.0
0.0
0.0
0.0
0.0
0.0
0.0
0.0
0.01493
0.121149
0.190483
0.286441
0.30447
0.3551
0.342334
0.463187
0.28555
0.118588
0.03533
0.005272000000000001
0.0
0.0
0.0
0.0
0.0
0.0
0.0
0.0
0.0
0.0
0.0
0.0
0.032906
0.141543
0.280349
0.360047
0.374501
0.452093
0.505507
0.462097
0.44559699999999997
0.286751
0.204151
0.08651
0.0
0.0
0.0
0.0
0.0
0.0
0.0
0.0
0.0
0.0
0.0
0.0
0.0125
0.126825
0.250536
0.323212
0.44810300000000003
0.519069
0.566326
0.556682
0.46613600000000005
0.425705
0.204328
0.0535
0.0
0.0
0.0
0.0
0.0
0.0
0.0
0.0
0.0
0.0
0.0
0.0
0.021467
0.089145
0.208225
0.418456
0.56475
0.707527
0.736032
0.6810839999999999
0.5634049999999999
0.540829
0.30002
0.07983
0.0
0.0
0.0
0.0
0.0
0.0
0.0
0.0
0.0
0.0
0.0
0.0
0.058228
0.18737299999999998
0.404426
0.5784199999999999
0.713294
0.79602
0.825705
0.794672
0.710331
0.573253
0.384377
0.15178999999999998
0.0
0.0
0.0
0.0
0.0
0.0
0.0
0.0
0.0
0.0
0.0
0.0
0.060903
0.19206700000000002
0.407045
0.581586
0.713422
0.799058
0.824908
0.793572
0.711601
0.575376
0.385275
0.155666
0.0
0.0
0.0
0.0
0.0
0.0
0.0
0.0
0.0
0.0
0.0
0.0
0.051084000000000004
0.167283
0.353283
0.527983
0.6444610000000001
0.663591
0.747163
0.707476
0.689274
0.545636
0.34083800000000003
0.132079
0.0
0.0
0.0
0.0
0.0
0.0
0.0
0.0
0.0
0.0
0.0
0.0
0.025858
0.143061
0.290935
0.500581
0.542095
0.5784729999999999
0.5389510000000001
0.520904
0.544615
0.272201
0.122818
0.026465
0.0
0.0
0.0
0.0
0.0
0.0
0.0
0.0
0.0
0.0
0.0
0.0
0.025951000000000002
0.12168000000000001
0.208816
0.201326
0.412187
0.636374
0.519868
0.349997
0.388475
0.240231
0.18247300000000002
0.054477
0.0
0.0
0.0
0.0
0.0
0.0
0.0
0.0
0.0
0.0
0.0
0.0
0.07492499999999999
0.205028
0.418517
0.589391
0.719825
0.7967540000000001
0.821366
0.786695
0.704102
0.570251
0.38384300000000005
0.15863
0.0
0.0
0.0
0.0
0.0
0.0
0.0
0.0
0.0
0.0
0.0
0.0
0.07773999999999999
0.20504
0.41094400000000003
0.549
0.674312
0.7600180000000001
0.7836609999999999
0.763629
0.65631
0.560239
0.364557
0.14217
0.0
0.0
0.0
0.0
0.0
0.0
0.0
0.0
0.0
0.0
0.0
0.0
0.040075
0.148057
0.34707
0.411496
0.516884
0.465921
0.48225
0.538275
0.410007
0.321701
0.34939600000000004
0.157998
0.0
0.0
0.0
0.0
0.0
0.0
0.0
0.0
0.0
0.0
0.0
0.0
0.025353
0.20838399999999999
0.410507
0.579141
0.643972
0.715029
0.755786
0.743754
0.637619
0.5253669999999999
0.375448
0.163522
0.0
0.0
0.0
0.0
0.0
0.0
0.0
0.0
0.0
0.0
0.0
0.0
0.016416
0.060177999999999995
0.24446299999999999
0.29874
0.317609
0.374836
0.34524400000000005
0.37046300000000004
0.13985
0.106155
0.110863
0.049173
0.0
0.0
0.0
0.0
0.0
0.0
0.0
0.0
0.0
0.0
0.0
0.0
0.010333
0.06619
0.090715
0.149
0.31719200000000003
0.23211600000000002
0.211544
0.180357
0.16525600000000001
0.132698
0.06168
0.012321
0.0
0.0
0.0
0.0
0.0
0.0
0.0
0.0
0.0
0.0
0.0
0.0
0.022453
0.143313
0.361531
0.479537
0.549187
0.5753980000000001
0.7826369999999999
0.788029
0.656399
0.48879199999999995
0.276178
0.10027599999999999
0.0
0.0
0.0
0.0
0.0
0.0
0.0
0.0
0.0
0.0
0.0
0.0
0.014701
0.105786
0.227428
0.238529
0.19689500000000001
0.16424
0.171593
0.307769
0.138519
0.183493
0.191012
0.063484
0.0
0.0
0.0
0.0
0.0
0.0
0.0
0.0
0.0
0.0
0.0
0.0
0.047385
0.19849
0.389
0.29138
0.185119
0.357908
0.6727770000000001
0.75191
0.430948
0.24907200000000002
0.198313
0.09852899999999999
0.0
0.0
0.0
0.0
0.0
0.0
0.0
0.0
0.0
0.0
0.0
0.0
0.02166
0.063513
0.18850299999999998
0.418842
0.591662
0.792674
0.610798
0.43721899999999997
0.597433
0.371946
0.240946
0.088097
0.0
0.0
0.0
0.0
0.0
0.0
0.0
0.0
0.0
0.0
0.0
0.0
0.039181
0.23840899999999998
0.44106599999999996
0.610617
0.7371449999999999
0.81386
0.833333
0.802078
0.7169500000000001
0.579609
0.39401400000000003
0.172072
0.0
0.0
0.0
0.0
0.0
0.0
0.0
0.0
0.0
0.0
0.0
0.0
0.04211
0.220465
0.426347
0.605264
0.701806
0.747248
0.7419410000000001
0.69533
0.661437
0.555603
0.359606
0.134026
0.0
0.0
0.0
0.0
0.0
0.0
0.0
0.0
0.0
0.0
0.0
0.0
0.041034
0.24405600000000002
0.44953899999999997
0.6144
0.7316699999999999
0.7470030000000001
0.8150499999999999
0.7977960000000001
0.719759
0.549624
0.372867
0.144499
0.0
0.0
0.0
0.0
0.0
0.0
0.0
0.0
0.0
0.0
0.0
0.0
0.04227
0.217056
0.41828899999999997
0.46448700000000004
0.584584
0.722672
0.610159
0.509664
0.40313099999999996
0.368055
0.219118
0.066107
0.0
0.0
0.0
0.0
0.0
0.0
0.0
0.0
0.0
0.0
0.0
0.0
0.037758
0.128986
0.363491
0.44094900000000004
0.436514
0.635889
0.6981430000000001
0.604854
0.504571
0.539886
0.361871
0.17807
0.0
0.0
0.0
0.0
0.0
0.0
0.0
0.0
0.0
0.0
0.0
0.004405
0.014506999999999999
0.023058
0.043821
0.165093
0.170289
0.209291
0.18322300000000002
0.134492
0.17383500000000002
0.197463
0.121033
0.056845
0.0
0.0
0.0
0.0
0.0
0.0
0.0
0.0
0.0
0.0
0.0
0.004471
0.060945
0.221695
0.430408
0.587425
0.740749
0.78835
0.736795
0.665144
0.607581
0.432534
0.244461
0.120104
0.0
0.0
0.0
0.0
0.0
0.0
0.0
0.0
0.0
0.0
0.0
0.008644
0.049154
0.242738
0.45214800000000005
0.577725
0.736228
0.751829
0.782014
0.792342
0.71163
0.466824
0.300195
0.135759
0.0
0.0
0.0
0.0
0.0
0.0
0.0
0.0
0.0
0.0
0.0
0.001009
0.033292
0.137209
0.256346
0.294512
0.427417
0.442965
0.560071
0.517974
0.349594
0.419419
0.26574000000000003
0.087048
0.0
0.0
0.0
0.0
0.0
0.0
0.0
0.0
0.0
0.0
0.0
0.002664
0.06628400000000001
0.2383
0.440604
0.471275
0.5564009999999999
0.494649
0.456445
0.42115600000000003
0.303185
0.268897
0.178874
0.071999
0.0
0.0
0.0
0.0
0.0
0.0
0.0
0.0
0.0
0.0
0.0
0.0
0.053226
0.132381
0.35523000000000005
0.435179
0.340781
0.524435
0.450793
0.33398
0.188746
0.183277
0.20944100000000002
0.06532500000000001
0.0
0.0
0.0
0.0
0.0
0.0
0.0
0.0
0.0
0.0
0.0
0.002733
0.044893999999999996
0.098373
0.223767
0.250701
0.244292
0.152356
0.252809
0.29263
0.252083
0.237345
0.14508000000000001
0.09231199999999999
0.0
0.0
0.0
0.0
0.0
0.0
0.0
0.0
0.0
0.0
0.0
0.014105000000000001
0.07225100000000001
0.249591
0.45694799999999997
0.6151319999999999
0.71842
0.7831180000000001
0.833333
0.7973239999999999
0.6690510000000001
0.5474690000000001
0.36794499999999997
0.18421600000000002
0.0
0.0
0.0
0.0
0.0
0.0
0.0
0.0
0.0
0.0
0.0
0.0
0.067958
0.220613
0.31276299999999996
0.415522
0.557748
0.514803
0.656081
0.721557
0.54637
0.46814
0.19418000000000002
0.105408
0.0
0.0
0.0
0.0
0.0
0.0
0.0
0.0
0.0
0.0
0.0
0.008678000000000002
0.072116
0.228769
0.410223
0.549063
0.613799
0.654528
0.70343
0.694052
0.650794
0.5707490000000001
0.330835
0.11902599999999999
0.0
0.0
0.0
0.0
0.0
0.0
0.0
0.0
0.0
0.0
0.0
0.002718
0.044101
0.167313
0.38771
0.567661
0.662359
0.612838
0.653353
0.515937
0.46859500000000004
0.5498930000000001
0.365926
0.16078299999999998
0.0
0.0
0.0
0.0
0.0
0.0
0.0
0.0
0.0
0.0
0.0
0.010338
0.073938
0.21735
0.360103
0.417892
0.5034150000000001
0.670501
0.70265
0.60191
0.49193200000000004
0.458265
0.29449400000000003
0.125131
0.0
0.0
0.0
0.0
0.0
0.0
0.0
0.0
0.0
0.0
0.0
0.0
0.047243
0.073253
0.111998
0.132165
0.356274
0.530701
0.659734
0.33359
0.25845999999999997
0.326375
0.206315
0.11693200000000001
0.0
0.0
0.0
0.0
0.0
0.0
0.0
0.0
0.0
0.0
0.0
0.011583
0.071968
0.27361399999999997
0.473176
0.567705
0.668373
0.7104320000000001
0.779443
0.7786609999999999
0.7017329999999999
0.507761
0.324279
0.11980299999999999
0.0
0.0
0.0
0.0
0.0
0.0
0.0
0.0
0.0
0.0
0.0
0.004102000000000001
0.077389
0.184475
0.263618
0.533634
0.612266
0.624758
0.56668
0.624445
0.449837
0.47290499999999996
0.264309
0.07556600000000001
0.0
0.0
0.0
0.0
0.0
0.0
0.0
0.0
0.0
0.0
0.0
0.017645
0.08097700000000001
0.279625
0.46099799999999996
0.597924
0.674454
0.745097
0.812082
0.793856
0.712034
0.579315
0.392461
0.19003299999999998
0.0
0.0
0.0
0.0
0.0
0.0
0.0
0.0
0.0
0.0
0.0
0.018857
0.08413899999999999
0.28018
0.465474
0.620327
0.735649
0.804374
0.819889
0.7825599999999999
0.701229
0.571316
0.397952
0.18971100000000002
0.0
0.0
0.0
0.0
0.0
0.0
0.0
0.0
0.0
0.0
0.0
0.019305
0.085424
0.28380900000000003
0.46872800000000003
0.6216889999999999
0.737424
0.8048379999999999
0.821955
0.786328
0.7035119999999999
0.574634
0.400354
0.192718
0.0
0.0
0.0
0.0
0.0
0.0
0.0
0.0
0.0
0.0
0.0
0.020398
0.087285
0.282536
0.467158
0.620301
0.7336710000000001
0.803789
0.8191499999999999
0.787716
0.703253
0.571878
0.401401
0.192638
0.0
0.0
0.0
0.0
0.0
0.0
0.0
0.0
0.0
0.0
0.0
0.012617000000000001
0.08630800000000001
0.2285
0.30468599999999996
0.511341
0.65735
0.778772
0.808315
0.639092
0.411925
0.441199
0.371399
0.151961
0.0
0.0
0.0
0.0
0.0
0.0
0.0
0.0
0.0
0.0
0.0
0.023186
0.09011
0.281703
0.465501
0.6256670000000001
0.697
0.738007
0.829356
0.770335
0.6531119999999999
0.46366199999999996
0.306548
0.172351
0.0
0.0
0.0
0.0
0.0
0.0
0.0
0.0
0.0
0.0
0.0
0.025685
0.082069
0.28659199999999996
0.475738
0.625717
0.698976
0.7713450000000001
0.74219
0.7630119999999999
0.662969
0.515378
0.38555900000000004
0.17818799999999999
0.03627300000000001
0.0
0.0
0.0
0.0
0.0
0.0
0.0
0.0
0.0
0.0
0.021523
0.10148399999999999
0.274041
0.437925
0.625563
0.724798
0.743975
0.764429
0.762712
0.711942
0.580938
0.40943799999999997
0.162765
0.032180999999999994
0.0
0.0
0.0
0.0
0.0
0.0
0.0
0.0
0.0
0.0
0.020477
0.10039000000000001
0.15969399999999997
0.101962
0.054518000000000004
0.241301
0.19506800000000002
0.274874
0.24593199999999998
0.205499
0.16572
0.143497
0.099721
0.016839
0.0
0.0
0.0
0.0
0.0
0.0
0.0
0.0
0.0
0.0
0.0325
0.10384099999999999
0.26877
0.413274
0.607875
0.7440910000000001
0.798264
0.808904
0.739896
0.686001
0.572991
0.41114100000000003
0.204381
0.042966000000000004
0.0
0.0
0.0
0.0
0.0
0.0
0.0
0.0
0.0
0.0
0.034515000000000004
0.09147
0.29225799999999996
0.476397
0.628043
0.7392960000000001
0.7801140000000001
0.778786
0.7803110000000001
0.646277
0.470267
0.31522100000000003
0.18384999999999999
0.040343000000000004
0.0
0.0
0.0
0.0
0.0
0.0
0.0
0.0
0.0
0.0
0.036381000000000004
0.10104099999999999
0.294512
0.476509
0.6234529999999999
0.734835
0.7974289999999999
0.808264
0.774704
0.694259
0.566158
0.400157
0.20038
0.045816
0.0
0.0
0.0
0.0
0.0
0.0
0.0
0.0
0.0
0.0
0.037077
0.10254600000000001
0.29732
0.479577
0.62778
0.739509
0.8050170000000001
0.821581
0.784417
0.7035929999999999
0.575763
0.406501
0.20447200000000001
0.046926
0.0
0.0
0.0
0.0
0.0
0.0
0.0
0.0
0.0
0.0
0.038948
0.104692
0.299588
0.479967
0.629478
0.74103
0.8056639999999999
0.819374
0.7810929999999999
0.7020069999999999
0.574755
0.407569
0.205793
0.04858
0.0
0.0
0.0
0.0
0.0
0.0
0.0
0.0
0.0
0.0
0.03786
0.102565
0.29308100000000004
0.447233
0.5892419999999999
0.708604
0.7415080000000001
0.770791
0.7721520000000001
0.692988
0.573453
0.400284
0.179695
0.047584
0.0
0.0
0.0
0.0
0.0
0.0
0.0
0.0
0.0
0.0
0.034457999999999996
0.097388
0.185204
0.275909
0.230018
0.250676
0.24915600000000002
0.311101
0.274531
0.387014
0.240947
0.11589100000000001
0.0703
0.021175
0.0
0.0
0.0
0.0
0.0
0.0
0.0
0.0
0.0
0.0
0.019175
0.048457
0.062179000000000005
0.06620000000000001
0.15844999999999998
0.26233300000000004
0.34958100000000003
0.302603
0.306515
0.06919700000000001
0.184096
0.14691200000000001
0.08118500000000001
0.003932
0.0
0.0
0.0
0.0
0.0
0.0
0.0
0.0
0.0
0.0
0.023475000000000003
0.103518
0.181974
0.384317
0.479865
0.558513
0.67992
0.653883
0.656207
0.6455919999999999
0.508698
0.28320100000000004
0.187099
0.045802999999999996
0.0
0.0
0.0
0.0
0.0
0.0
0.0
0.0
0.0
0.0
0.023634
0.10026600000000001
0.293331
0.39344799999999996
0.43366000000000005
0.614229
0.70285
0.6971710000000001
0.7187899999999999
0.620914
0.38516500000000004
0.284203
0.150659
0.012063
0.0
0.0
0.0
0.0
0.0
0.0
0.0
0.0
0.0
0.0
0.035825
0.077351
0.17824700000000002
0.27368000000000003
0.333175
0.222428
0.282921
0.373021
0.40225099999999997
0.478748
0.384689
0.20471799999999998
0.054154
0.007410999999999999
0.0
0.0
0.0
0.0
0.0
0.0
0.0
0.0
0.0
0.0
0.025765999999999997
0.040024000000000004
0.22300899999999999
0.175491
0.221101
0.373554
0.252082
0.259056
0.35547
0.364484
0.17521899999999999
0.159688
0.07945300000000001
0.01909
0.0
0.0
0.0
0.0
0.0
0.0
0.0
0.0
0.0
0.0
0.048461
0.104765
0.298564
0.472036
0.6158239999999999
0.673336
0.721351
0.781042
0.679867
0.582295
0.5212469999999999
0.310896
0.15463300000000002
0.035433
0.0
0.0
0.0
0.0
0.0
0.0
0.0
0.0
0.0
0.0
0.045335
0.105828
0.30226
0.478911
0.584583
0.722912
0.751244
0.777697
0.776435
0.6354829999999999
0.46407600000000004
0.368719
0.210631
0.053323999999999996
0.0
0.0
0.0
0.0
0.0
0.0
0.0
0.0
0.0
0.0
0.050423
0.10602800000000001
0.273296
0.45847000000000004
0.625548
0.676692
0.714372
0.7561509999999999
0.740733
0.6922419999999999
0.5716169999999999
0.372684
0.19814400000000001
0.052122999999999996
0.0
0.0
0.0
0.0
0.0
0.0
0.0
0.0
0.0
0.0
0.050875
0.112345
0.306813
0.482074
0.626915
0.733429
0.796296
0.808254
0.773254
0.696187
0.56987
0.411479
0.215065
0.058379
0.0
0.0
0.0
0.0
0.0
0.0
0.0
0.0
0.0
0.0
0.048002
0.112106
0.289932
0.396937
0.575485
0.735348
0.776019
0.8070700000000001
0.75105
0.622401
0.512571
0.353676
0.17971199999999998
0.048713
0.0
0.0
0.0
0.0
0.0
0.0
0.0
0.0
0.0
0.0
0.035128
0.077566
0.173333
0.224796
0.27769499999999997
0.240451
0.219362
0.346132
0.324202
0.305405
0.166458
0.020384
0.032390999999999996
0.013535
0.0
0.0
0.0
0.0
0.0
0.0
0.0
0.0
0.0
0.0
0.011435
0.035819000000000004
0.057652999999999996
0.063418
0.089129
0.140642
0.09650700000000001
0.077069
0.037034
0.122099
0.051609999999999996
0.038252
0.022434000000000003
0.015541000000000001
0.0
0.0
0.0
0.0
0.0
0.0
0.0
0.0
0.0
0.0
0.018497
0.052813000000000006
0.044055
0.063529
0.161802
0.144244
0.196334
0.217721
0.17258099999999998
0.14572100000000002
0.220218
0.144267
0.094555
0.023028
0.0
0.0
0.0
0.0
0.0
0.0
0.0
0.0
0.0
0.0
0.010762
0.064508
0.091031
0.058461
0.229262
0.23922200000000002
0.340039
0.161811
0.08620900000000001
0.07420099999999999
0.055682999999999996
0.084646
0.024951
0.010528000000000001
0.0
0.0
0.0
0.0
0.0
0.0
0.0
0.0
0.0
0.0
0.007280999999999999
0.113223
0.299377
0.471113
0.6130460000000001
0.720201
0.782379
0.7994450000000001
0.765786
0.68925
0.569588
0.410417
0.21760300000000002
0.061027
0.0
0.0
0.0
0.0
0.0
0.0
0.0
0.0
0.0
0.0
0.0
0.10183199999999999
0.287551
0.38459699999999997
0.563034
0.6841079999999999
0.7150639999999999
0.758343
0.684197
0.590051
0.490048
0.399026
0.219582
0.058417000000000004
0.0
0.0
0.0
0.0
0.0
0.0
0.0
0.0
0.0
0.0
0.004768
0.098425
0.290432
0.46456200000000003
0.6070549999999999
0.682015
0.695071
0.726361
0.636139
0.5204930000000001
0.455927
0.37985
0.194415
0.045928
0.0
0.0
0.0
0.0
0.0
0.0
0.0
0.0
0.0
0.0
0.000217
0.08053300000000001
0.141181
0.306636
0.34349799999999997
0.451418
0.507334
0.472704
0.586492
0.5680839999999999
0.498182
0.26852800000000004
0.156988
0.034265000000000004
0.0
0.0
0.0
0.0
0.0
0.0
0.0
0.0
0.0
0.0
0.024267
0.112322
0.287696
0.430413
0.573914
0.6708999999999999
0.62311
0.674747
0.6845439999999999
0.588433
0.468079
0.401935
0.214634
0.043884
0.0
0.0
0.0
0.0
0.0
0.0
0.0
0.0
0.0
0.0
0.016839
0.09774
0.21151499999999998
0.363493
0.478508
0.5596319999999999
0.67737
0.694264
0.716617
0.52473
0.501707
0.36160899999999996
0.20457499999999998
0.047104999999999994
0.0
0.0
0.0
0.0
0.0
0.0
0.0
0.0
0.0
0.0
0.0
0.104169
0.285414
0.4599
0.577864
0.6675030000000001
0.726013
0.764849
0.7539539999999999
0.681498
0.56274
0.383369
0.208137
0.056146999999999996
0.0
0.0
0.0
0.0
0.0
0.0
0.0
0.0
0.0
0.0
0.019405000000000002
0.10968000000000001
0.277113
0.454746
0.56479
0.686048
0.743146
0.734151
0.744541
0.679702
0.536423
0.368014
0.180626
0.054339
0.0
0.0
0.0
0.0
0.0
0.0
0.0
0.0
0.0
0.0
0.004475
0.11008
0.2963
0.46410199999999996
0.607991
0.7116269999999999
0.7722380000000001
0.788538
0.754186
0.6798139999999999
0.564443
0.412422
0.223547
0.064672
0.0
0.0
0.0
0.0
0.0
0.0
0.0
0.0
0.0
0.0
0.003736
0.10879000000000001
0.293436
0.463078
0.602495
0.708003
0.768673
0.786212
0.755619
0.682805
0.565554
0.41184
0.225001
0.06443
0.0
0.0
0.0
0.0
0.0
0.0
0.0
0.0
0.0
0.0
0.027906
0.109881
0.279092
0.459395
0.5800660000000001
0.641962
0.730894
0.768787
0.736024
0.6802590000000001
0.5405220000000001
0.39594
0.22331299999999998
0.06418800000000001
0.0
0.0
0.0
0.0
0.0
0.0
0.0
0.0
0.0
0.0
0.014855
0.108991
0.166907
0.106283
0.195416
0.21018199999999998
0.18792699999999998
0.364066
0.35879
0.489147
0.479029
0.207559
0.096316
0.029238
0.0
0.0
0.0
0.0
0.0
0.0
0.0
0.0
0.0
0.0
0.015938
0.062287999999999996
0.11338200000000001
0.122985
0.282486
0.418767
0.30964299999999995
0.291602
0.27072399999999996
0.195186
0.265376
0.118312
0.08019899999999999
0.03848
0.0
0.0
0.0
0.0
0.0
0.0
0.0
0.0
0.0
0.0
0.0
0.061607999999999996
0.146273
0.28698700000000005
0.511442
0.45647000000000004
0.606463
0.623035
0.511564
0.36327699999999996
0.21807200000000002
0.187935
0.117491
0.013846
0.0
0.0
0.0
0.0
0.0
0.0
0.0
0.0
0.0
0.0
0.0
0.013833
0.029971
0.045735
0.042897
0.035061
0.08634
0.109007
0.069346
0.030292000000000003
0.012721999999999999
0.008045
0.0
0.001915
0.0
0.0
0.0
0.0
0.0
0.0
0.0
0.0
0.0
0.0
0.019809999999999998
0.107559
0.280558
0.400914
0.565101
0.679554
0.745092
0.746651
0.7121620000000001
0.672609
0.5728730000000001
0.390164
0.183308
0.057313
0.0
0.0
0.0
0.0
0.0
0.0
0.0
0.0
0.0
0.0
0.006484
0.10486100000000001
0.28886399999999995
0.454796
0.5900610000000001
0.675467
0.7204109999999999
0.7720309999999999
0.739533
0.6785
0.5681390000000001
0.416423
0.220969
0.066954
0.0
0.0
0.0
0.0
0.0
0.0
0.0
0.0
0.0
0.0
0.000799
0.0767
0.159338
0.244168
0.34774700000000003
0.49695
0.575797
0.5332910000000001
0.586313
0.666534
0.570828
0.279922
0.184423
0.05489
0.0
0.0
0.0
0.0
0.0
0.0
0.0
0.0
0.0
0.0
0.003265
0.107933
0.291593
0.460652
0.6023
0.707696
0.772792
0.787563
0.7559
0.685151
0.5708840000000001
0.421556
0.23394700000000002
0.07144299999999999
0.0
0.0
0.0
0.0
0.0
0.0
0.0
0.0
0.0
0.0
0.014011
0.099009
0.231511
0.433226
0.503626
0.496092
0.490695
0.538218
0.49106599999999995
0.497495
0.389843
0.228602
0.189523
0.05665
0.0
0.0
0.0
0.0
0.0
0.0
0.0
0.0
0.0
0.0
0.0158
0.081976
0.118691
0.279581
0.25787099999999996
0.23187100000000002
0.313743
0.258239
0.299282
0.223203
0.125952
0.048885
0.066375
0.028998
0.0
0.0
0.0
0.0
0.0
0.0
0.0
0.0
0.0
0.0
0.012999
0.011275
0.052903
0.041494
0.17785
0.232641
0.160363
0.128107
0.21588
0.210195
0.123117
0.08448
0.067059
0.021633
0.0
0.0
0.0
0.0
0.0
0.0
0.0
0.0
0.0
0.0
0.0032749999999999997
0.10566400000000001
0.289613
0.46399900000000005
0.608108
0.719131
0.786376
0.8079059999999999
0.7790410000000001
0.706951
0.588299
0.434613
0.24027
0.072582
0.0
0.0
0.0
0.0
0.0
0.0
0.0
0.0
0.0
0.0
0.003234
0.10331900000000001
0.288663
0.46002499999999996
0.6052329999999999
0.7158880000000001
0.7814289999999999
0.801042
0.772547
0.702393
0.585022
0.432389
0.240847
0.07436799999999999
0.0
0.0
0.0
0.0
0.0
0.0
0.0
0.0
0.0
0.0
0.003761
0.101804
0.286213
0.4568
0.598037
0.707957
0.776181
0.7957540000000001
0.76848
0.6968
0.580784
0.428955
0.23965999999999998
0.07336
0.0
0.0
0.0
0.0
0.0
0.0
0.0
0.0
0.0
0.0
0.001351
0.10205800000000001
0.283447
0.455252
0.5951770000000001
0.7040810000000001
0.76605
0.785354
0.758567
0.6856
0.5709460000000001
0.423073
0.23688800000000002
0.072812
0.0
0.0
0.0
0.0
0.0
0.0
0.0
0.0
0.0
0.0
0.00252
0.101033
0.28166
0.45033
0.592321
0.7002
0.767538
0.7873479999999999
0.7572329999999999
0.6875789999999999
0.573951
0.424538
0.23715899999999998
0.072779
0.0
0.0
0.0
0.0
0.0
0.0
0.0
0.0
0.0
0.0
0.007789
0.096563
0.279421
0.44360700000000003
0.589313
0.684506
0.744559
0.7588429999999999
0.742715
0.6858
0.574879
0.426973
0.23722800000000002
0.071517
0.0
0.0
0.0
0.0
0.0
0.0
0.0
0.0
0.0
0.0
0.012891
0.092857
0.17261500000000002
0.325791
0.46926999999999996
0.48819799999999997
0.415074
0.547468
0.5269579999999999
0.420253
0.327884
0.265584
0.156408
0.02427
0.0
0.0
0.0
0.0
0.0
0.0
0.0
0.0
0.0
0.0
0.046072
0.102177
0.264075
0.44473599999999996
0.5695309999999999
0.683348
0.746786
0.7433099999999999
0.7114360000000001
0.6492089999999999
0.555604
0.423786
0.228357
0.07008400000000001
0.0
0.0
0.0
0.0
0.0
0.0
0.0
0.0
0.0
0.0
0.045514000000000006
0.101705
0.254864
0.437579
0.51759
0.644178
0.713499
0.7671979999999999
0.7007329999999999
0.609009
0.555533
0.405826
0.192883
0.056198
0.0
0.0
0.0
0.0
0.0
0.0
0.0
0.0
0.0
0.0
0.047314
0.103905
0.259832
0.43285700000000005
0.5560539999999999
0.681684
0.725351
0.774561
0.730595
0.620201
0.500969
0.40286700000000003
0.22108
0.067993
0.0
0.0
0.0
0.0
0.0
0.0
0.0
0.0
0.0
0.0
0.046047
0.096023
0.273596
0.44004899999999997
0.5777
0.674355
0.736938
0.774582
0.735201
0.680972
0.57259
0.42442
0.23722100000000002
0.072112
0.0
0.0
0.0
0.0
0.0
0.0
0.0
0.0
0.0
0.0
0.037802999999999996
0.087339
0.253307
0.38289100000000004
0.494284
0.578558
0.6300309999999999
0.658145
0.6632129999999999
0.611659
0.54199
0.424645
0.234133
0.056024000000000004
0.0
0.0
0.0
0.0
0.0
0.0
0.0
0.0
0.0
0.0
0.028174
0.09532399999999999
0.24935
0.391397
0.507271
0.626459
0.6397200000000001
0.705408
0.648401
0.6621670000000001
0.512903
0.35016
0.149574
0.057637999999999995
0.0
0.0
0.0
0.0
0.0
0.0
0.0
0.0
0.0
0.0
0.043038
0.089303
0.257579
0.381271
0.517239
0.678409
0.697528
0.663102
0.633076
0.53407
0.478411
0.340937
0.200653
0.052635
0.0
0.0
0.0
0.0
0.0
0.0
0.0
0.0
0.0
0.0
0.047049
0.07602500000000001
0.253367
0.412003
0.576645
0.681866
0.7171559999999999
0.721459
0.622103
0.586326
0.493057
0.38931099999999996
0.235257
0.065045
0.0
0.0
0.0
0.0
0.0
0.0
0.0
0.0
0.0
0.0
0.046037999999999996
0.09139
0.27425900000000003
0.444032
0.585937
0.69311
0.7595040000000001
0.777166
0.74988
0.680937
0.571035
0.423646
0.23899
0.073149
0.0
0.0
0.0
0.0
0.0
0.0
0.0
0.0
0.0
0.0
0.03451
0.091629
0.238851
0.39557600000000004
0.557654
0.686535
0.710855
0.721694
0.6806570000000001
0.638606
0.548461
0.379701
0.189488
0.059804
0.0
0.0
0.0
0.0
0.0
0.0
0.0
0.0
0.0
0.0
0.044355
0.087882
0.268204
0.439192
0.5816330000000001
0.688825
0.7548339999999999
0.776276
0.749161
0.681138
0.568867
0.423661
0.236461
0.072542
0.0
0.0
0.0
0.0
0.0
0.0
0.0
0.0
0.0
0.0
0.043076
0.088051
0.266
0.437242
0.579773
0.688198
0.75744
0.778347
0.751908
0.682793
0.569108
0.425587
0.236513
0.07268000000000001
0.0
0.0
0.0
0.0
0.0
0.0
0.0
0.0
0.0
0.0
0.038899
0.09220199999999999
0.251168
0.431342
0.571354
0.688233
0.759419
0.781904
0.711844
0.640775
0.5303
0.403976
0.237361
0.06669499999999999
0.0
0.0
0.0
0.0
0.0
0.0
0.0
0.0
0.0
0.0
0.03518
0.08949599999999999
0.255302
0.427125
0.572474
0.6296470000000001
0.730905
0.732996
0.7192240000000001
0.658318
0.570071
0.387424
0.22888399999999998
0.069373
0.0
0.0
0.0
0.0
0.0
0.0
0.0
0.0
0.0
0.0
0.040515
0.083963
0.264895
0.437353
0.579794
0.688885
0.7585149999999999
0.7809729999999999
0.7546029999999999
0.68589
0.575106
0.425253
0.23684
0.072117
0.0
0.0
0.0
0.0
0.0
0.0
0.0
0.0
0.0
0.0
0.039448
0.082577
0.264493
0.43649099999999996
0.5815309999999999
0.691237
0.758301
0.779763
0.7554930000000001
0.686107
0.573861
0.424931
0.23748
0.072722
0.0
0.0
0.0
0.0
0.0
0.0
0.0
0.0
0.0
0.0
0.023341
0.079027
0.223266
0.268248
0.45116300000000004
0.5632290000000001
0.584901
0.66074
0.5828490000000001
0.46259500000000003
0.33372199999999996
0.19816
0.072753
0.016963000000000002
0.0
0.0
0.0
0.0
0.0
0.0
0.0
0.0
0.0
0.0
0.035456
0.07690999999999999
0.253432
0.412663
0.521562
0.6440750000000001
0.679842
0.6931849999999999
0.678481
0.6114299999999999
0.514047
0.414449
0.236774
0.064459
0.0
0.0
0.0
0.0
0.0
0.0
0.0
0.0
0.0
0.0
0.033623
0.07546699999999999
0.254157
0.428445
0.548261
0.681455
0.6637730000000001
0.6612140000000001
0.611972
0.5731900000000001
0.371529
0.255042
0.12790600000000002
0.042921999999999995
0.0
0.0
0.0
0.0
0.0
0.0
0.0
0.0
0.0
0.0
0.035313000000000004
0.07497100000000001
0.259379
0.43448899999999996
0.5701900000000001
0.682594
0.708547
0.734351
0.691765
0.642377
0.530415
0.409404
0.231559
0.062443
0.0
0.0
0.0
0.0
0.0
0.0
0.0
0.0
0.0
0.0
0.02036
0.063049
0.164032
0.291503
0.391639
0.5210990000000001
0.666119
0.630204
0.673239
0.657719
0.512539
0.406083
0.23316399999999998
0.06046
0.0
0.0
0.0
0.0
0.0
0.0
0.0
0.0
0.0
0.0
0.032106
0.069512
0.250195
0.426394
0.533961
0.60965
0.6773020000000001
0.712777
0.7255309999999999
0.672063
0.514915
0.366905
0.20209200000000002
0.058009
0.0
0.0
0.0
0.0
0.0
0.0
0.0
0.0
0.0
0.0
0.009435
0.067783
0.228266
0.346814
0.441732
0.534852
0.538533
0.5428569999999999
0.5008
0.425495
0.331549
0.32747699999999996
0.194531
0.045335
0.0
0.0
0.0
0.0
0.0
0.0
0.0
0.0
0.0
0.0
0.029345
0.060187
0.243566
0.410985
0.561837
0.653751
0.675234
0.708371
0.687326
0.647423
0.550901
0.357843
0.187032
0.053092
0.0
0.0
0.0
0.0
0.0
0.0
0.0
0.0
0.0
0.0
0.027202999999999998
0.059371
0.2425
0.39455599999999996
0.526512
0.620333
0.697688
0.7234769999999999
0.716034
0.6661710000000001
0.515654
0.391533
0.226114
0.061091
0.0
0.0
0.0
0.0
0.0
0.0
0.0
0.0
0.0
0.0
0.027604
0.072093
0.254593
0.42956700000000003
0.5718179999999999
0.6793669999999999
0.7474489999999999
0.765451
0.736574
0.668678
0.557545
0.412846
0.22679400000000002
0.06508499999999999
0.0
0.0
0.0
0.0
0.0
0.0
0.0
0.0
0.0
0.0
0.016881
0.078368
0.20184200000000002
0.379105
0.507191
0.628803
0.689735
0.654065
0.5711029999999999
0.5271509999999999
0.509641
0.38933300000000004
0.182248
0.048325
0.0
0.0
0.0
0.0
0.0
0.0
0.0
0.0
0.0
0.0
0.013099
0.07419100000000001
0.194196
0.236234
0.357163
0.434251
0.415072
0.477104
0.546201
0.402012
0.16541
0.087309
0.103612
0.036931
0.0
0.0
0.0
0.0
0.0
0.0
0.0
0.0
0.0
0.0
0.0021579999999999998
0.043787999999999994
0.122658
0.30080599999999996
0.335461
0.391478
0.465161
0.46089600000000003
0.5077160000000001
0.382141
0.397529
0.29872699999999996
0.131968
0.036216
0.0
0.0
0.0
0.0
0.0
0.0
0.0
0.0
0.0
0.0
0.011404
0.068787
0.222888
0.394754
0.496968
0.646397
0.678153
0.637163
0.5861040000000001
0.487553
0.397548
0.26475400000000004
0.141785
0.036133000000000005
0.0
0.0
0.0
0.0
0.0
0.0
0.0
0.0
0.0
0.0
0.010038
0.060692
0.221212
0.409448
0.495851
0.571079
0.543011
0.5648540000000001
0.47049599999999997
0.426798
0.423075
0.271318
0.13964500000000002
0.035592
0.0
0.0
0.0
0.0
0.0
0.0
0.0
0.0
0.0
0.0
0.008715
0.055993
0.164289
0.303347
0.344726
0.5266369999999999
0.430047
0.281999
0.282588
0.36456900000000003
0.34376
0.32653899999999997
0.15939799999999998
0.033106000000000003
0.0
0.0
0.0
0.0
0.0
0.0
0.0
0.0
0.0
0.0
0.019323
0.063219
0.247045
0.421562
0.5699829999999999
0.679079
0.7474919999999999
0.768963
0.74109
0.6728930000000001
0.558785
0.409882
0.218571
0.058207
0.0
0.0
0.0
0.0
0.0
0.0
0.0
0.0
0.0
0.0
0.018543
0.062229999999999994
0.247334
0.42583499999999996
0.571056
0.68136
0.750109
0.767645
0.739736
0.6721
0.557837
0.409506
0.21973900000000002
0.057482
0.0
0.0
0.0
0.0
0.0
0.0
0.0
0.0
0.0
0.0
0.018213
0.062544
0.24523599999999998
0.424013
0.572919
0.6837799999999999
0.7480829999999999
0.769072
0.741062
0.6712809999999999
0.558978
0.40780900000000003
0.218238
0.055798
0.0
0.0
0.0
0.0
0.0
0.0
0.0
0.0
0.0
0.0
0.017082
0.06379800000000001
0.247446
0.42321800000000004
0.572177
0.682877
0.750827
0.771193
0.743443
0.672222
0.5596789999999999
0.407763
0.217462
0.05484000000000001
0.0
0.0
0.0
0.0
0.0
0.0
0.0
0.0
0.0
0.0
0.016215
0.059191
0.24647
0.42782400000000004
0.574824
0.688197
0.756706
0.778011
0.749576
0.67832
0.562553
0.409851
0.217112
0.053804000000000005
0.0
0.0
0.0
0.0
0.0
0.0
0.0
0.0
0.0
0.0
0.0
0.041451999999999996
0.12798600000000002
0.18753
0.267778
0.323737
0.368639
0.625283
0.593465
0.403637
0.314817
0.308305
0.145872
0.027471
0.0
0.0
0.0
0.0
0.0
0.0
0.0
0.0
0.0
0.0
0.008144
0.06755
0.191915
0.356655
0.43416699999999997
0.576207
0.655121
0.678608
0.7117910000000001
0.6839500000000001
0.5749099999999999
0.382618
0.134648
0.020927
0.0
0.0
0.0
0.0
0.0
0.0
0.0
0.0
0.0
0.0
0.021183
0.058011
0.22284
0.419267
0.551119
0.644371
0.703265
0.675625
0.6046090000000001
0.618726
0.5598730000000001
0.403143
0.21134
0.05141
0.0
0.0
0.0
0.0
0.0
0.0
0.0
0.0
0.0
0.0
0.015013
0.055879
0.221255
0.39003
0.56283
0.6647609999999999
0.701546
0.698337
0.712958
0.642021
0.5544260000000001
0.385257
0.207981
0.04933
0.0
0.0
0.0
0.0
0.0
0.0
0.0
0.0
0.0
0.0
0.000742
0.027719
0.108851
0.14141399999999998
0.34836700000000004
0.401461
0.41337599999999997
0.5687709999999999
0.48316899999999996
0.29453199999999996
0.251027
0.15603
0.10162099999999999
0.018315
0.0
0.0
0.0
0.0
0.0
0.0
0.0
0.0
0.0
0.0
0.016661000000000002
0.052306
0.238268
0.421089
0.5736140000000001
0.6902039999999999
0.762076
0.7865570000000001
0.759783
0.686279
0.5678759999999999
0.408586
0.208113
0.045085
0.0
0.0
0.0
0.0
0.0
0.0
0.0
0.0
0.0
0.0
0.014917999999999999
0.055418
0.22538
0.41429000000000005
0.5597000000000001
0.611587
0.6683479999999999
0.695373
0.727402
0.626702
0.5228189999999999
0.375089
0.18085400000000001
0.041485
0.0
0.0
0.0
0.0
0.0
0.0
0.0
0.0
0.0
0.0
0.002382
0.053607
0.163459
0.328825
0.5288379999999999
0.527832
0.507567
0.557594
0.41132799999999997
0.44791899999999996
0.312302
0.157152
0.041934
0.001484
0.0
0.0
0.0
0.0
0.0
0.0
0.0
0.0
0.0
0.0
0.01497
0.049402999999999996
0.234829
0.41907799999999995
0.568965
0.6855739999999999
0.7560650000000001
0.777366
0.748715
0.676943
0.556125
0.3983
0.20022399999999999
0.039247
0.0
0.0
0.0
0.0
0.0
0.0
0.0
0.0
0.0
0.0
0.014821999999999998
0.047427
0.233822
0.415534
0.566986
0.6818
0.7504120000000001
0.7730520000000001
0.743668
0.673414
0.5543429999999999
0.395686
0.19757
0.0
0.0
0.0
0.0
0.0
0.0
0.0
0.0
0.0
0.0
0.0
0.007984
0.056129
0.209123
0.378353
0.550039
0.6819230000000001
0.7302759999999999
0.747462
0.72956
0.6645679999999999
0.5230990000000001
0.356088
0.169381
0.0
0.0
0.0
0.0
0.0
0.0
0.0
0.0
0.0
0.0
0.0
0.013141
0.046796
0.230339
0.414705
0.564489
0.679883
0.7492340000000001
0.769901
0.740853
0.668658
0.5496660000000001
0.388483
0.193296
0.0
0.0
0.0
0.0
0.0
0.0
0.0
0.0
0.0
0.0
0.0
0.011414
0.045348
0.228638
0.413764
0.5631929999999999
0.6744600000000001
0.7417140000000001
0.7620309999999999
0.731256
0.657928
0.5419109999999999
0.385964
0.18665199999999998
0.0
0.0
0.0
0.0
0.0
0.0
0.0
0.0
0.0
0.0
0.0
0.011371000000000001
0.045016
0.23005099999999998
0.41282
0.565001
0.6766
0.746426
0.76804
0.7375470000000001
0.665008
0.5455059999999999
0.385432
0.187055
0.0
0.0
0.0
0.0
0.0
0.0
0.0
0.0
0.0
0.0
0.0
0.008013
0.06419499999999999
0.200589
0.391453
0.562172
0.679888
0.743622
0.698582
0.634793
0.513894
0.464161
0.363265
0.156375
0.0
0.0
0.0
0.0
0.0
0.0
0.0
0.0
0.0
0.0
0.0
0.009908
0.045012
0.22988399999999998
0.416159
0.565687
0.680164
0.7468279999999999
0.763297
0.7326119999999999
0.657693
0.54069
0.380129
0.18285300000000002
0.0
0.0
0.0
0.0
0.0
0.0
0.0
0.0
0.0
0.0
0.0
0.00795
0.042786000000000005
0.225756
0.410697
0.5621430000000001
0.67496
0.745897
0.764389
0.7333540000000001
0.658269
0.539822
0.377821
0.178395
0.0
0.0
0.0
0.0
0.0
0.0
0.0
0.0
0.0
0.0
0.0
0.0056159999999999995
0.027414
0.059816
0.050046999999999994
0.094958
0.20208500000000001
0.31473
0.279849
0.391221
0.23553100000000002
0.144461
0.09017
0.058315
0.0
0.0
0.0
0.0
0.0
0.0
0.0
0.0
0.0
0.0
0.0
0.0
0.029289000000000003
0.176203
0.17707
0.359371
0.5535599999999999
0.364748
0.43993099999999996
0.422921
0.274637
0.20865
0.208323
0.068065
0.0
0.0
0.0
0.0
0.0
0.0
0.0
0.0
0.0
0.0
0.0
0.003901
0.04943
0.197012
0.32023599999999997
0.453615
0.571553
0.685975
0.7378819999999999
0.728662
0.5865159999999999
0.5151979999999999
0.331822
0.137149
0.0
0.0
0.0
0.0
0.0
0.0
0.0
0.0
0.0
0.0
0.0
0.0
0.036315
0.20468899999999998
0.346605
0.48374700000000004
0.623128
0.733601
0.762011
0.723924
0.603031
0.523424
0.364095
0.163257
0.0
0.0
0.0
0.0
0.0
0.0
0.0
0.0
0.0
0.0
0.0
0.0
0.045603000000000005
0.21437299999999998
0.40269499999999997
0.526909
0.593296
0.6629510000000001
0.614598
0.584877
0.514045
0.31340300000000004
0.204207
0.093292
0.0
0.0
0.0
0.0
0.0
0.0
0.0
0.0
0.0
0.0
0.0
0.0
0.047064999999999996
0.16464099999999998
0.217869
0.29618099999999997
0.367575
0.38007
0.21437799999999999
0.302247
0.272041
0.171829
0.193184
0.09217600000000001
0.0
0.0
0.0
0.0
0.0
0.0
0.0
0.0
0.0
0.0
0.0
0.0
0.041304
0.193479
0.360582
0.528976
0.603668
0.683706
0.669669
0.693144
0.659866
0.5274070000000001
0.36770800000000003
0.114291
0.0
0.0
0.0
0.0
0.0
0.0
0.0
0.0
0.0
0.0
0.0
0.0
0.034114
0.108806
0.210503
0.187256
0.43882600000000005
0.5516570000000001
0.602831
0.452296
0.460563
0.42162099999999997
0.20612899999999998
0.07552299999999999
0.0
0.0
0.0
0.0
0.0
0.0
0.0
0.0
0.0
0.0
0.0
0.0
0.033618
0.21798900000000002
0.403021
0.542828
0.663088
0.7289329999999999
0.750471
0.688246
0.62548
0.524344
0.35731999999999997
0.157405
0.0
0.0
0.0
0.0
0.0
0.0
0.0
0.0
0.0
0.0
0.0
0.0
0.033835000000000004
0.21914699999999998
0.40857
0.563918
0.677881
0.747318
0.764337
0.732069
0.6556900000000001
0.527972
0.356509
0.151892
0.0
0.0
0.0
0.0
0.0
0.0
0.0
0.0
0.0
0.0
0.0
0.0
0.018939
0.09521299999999999
0.185543
0.189221
0.503964
0.605962
0.389245
0.362157
0.23575800000000002
0.081649
0.057192
0.03136
0.0
0.0
0.0
0.0
0.0
0.0
0.0
0.0
0.0
0.0
0.0
0.0
0.041146
0.176645
0.382903
0.478585
0.480006
0.599798
0.579043
0.698409
0.661277
0.538723
0.350028
0.142876
0.0
0.0
0.0
0.0
0.0
0.0
0.0
0.0
0.0
0.0
0.0
0.0
0.029153
0.19175
0.28434899999999996
0.448049
0.470777
0.505259
0.5246580000000001
0.451389
0.33518000000000003
0.286236
0.241872
0.102625
0.0
0.0
0.0
0.0
0.0
0.0
0.0
0.0
0.0
0.0
0.0
0.0
0.030254
0.216231
0.409353
0.567119
0.682702
0.753529
0.7738550000000001
0.736975
0.656515
0.5283
0.349236
0.14094
0.0
0.0
0.0
0.0
0.0
0.0
0.0
0.0
0.0
0.0
0.0
0.0
0.029303
0.214077
0.405939
0.564295
0.682288
0.7539349999999999
0.7704030000000001
0.734938
0.65427
0.523474
0.34548399999999996
0.13531800000000002
0.0
0.0
0.0
0.0
0.0
0.0
0.0
0.0
0.0
0.0
0.0
0.0
0.029061
0.214721
0.408395
0.56569
0.683183
0.750267
0.7673880000000001
0.73375
0.652339
0.522824
0.34368200000000004
0.13281700000000002
0.0
0.0
0.0
0.0
0.0
0.0
0.0
0.0
0.0
0.0
0.0
0.0
0.019629
0.174539
0.395997
0.511877
0.5629740000000001
0.58424
0.48677699999999996
0.33252
0.43037400000000003
0.28714100000000004
0.177756
0.028973
0.0
0.0
0.0
0.0
0.0
0.0
0.0
0.0
0.0
0.0
0.0
0.0
0.035306
0.181381
0.266849
0.483605
0.5875220000000001
0.568589
0.60573
0.552662
0.405692
0.455442
0.231813
0.062527
0.0
0.0
0.0
0.0
0.0
0.0
0.0
0.0
0.0
0.0
0.0
0.0
0.036121
0.133426
0.396048
0.564782
0.628886
0.536876
0.5690040000000001
0.6006910000000001
0.594062
0.34679000000000004
0.20966300000000002
0.052818
0.0
0.0
0.0
0.0
0.0
0.0
0.0
0.0
0.0
0.0
0.0
0.0
0.03914
0.123835
0.233495
0.290171
0.147594
0.142241
0.123834
0.275858
0.271423
0.29845499999999997
0.237706
0.060027000000000004
0.0
0.0
0.0
0.0
0.0
0.0
0.0
0.0
0.0
0.0
0.0
0.0
0.025477
0.108387
0.173535
0.128483
0.244616
0.319386
0.33198700000000003
0.204535
0.43726299999999996
0.24043
0.165209
0.049738
0.0
0.0
0.0
0.0
0.0
0.0
0.0
0.0
0.0
0.0
0.0
0.0
0.025882000000000002
0.19671100000000002
0.36686599999999997
0.537435
0.5982670000000001
0.571871
0.537505
0.536231
0.633246
0.512282
0.28977600000000003
0.08168
0.0
0.0
0.0
0.0
0.0
0.0
0.0
0.0
0.0
0.0
0.0
0.0
0.07662300000000001
0.20894200000000002
0.40566800000000003
0.564048
0.68087
0.750395
0.765006
0.726668
0.644779
0.505874
0.321401
0.10914
0.0
0.0
0.0
0.0
0.0
0.0
0.0
0.0
0.0
0.0
0.0
0.0
0.07498
0.209031
0.407597
0.566385
0.686053
0.756842
0.7732530000000001
0.738082
0.6482530000000001
0.510463
0.322206
0.105084
0.0
0.0
0.0
0.0
0.0
0.0
0.0
0.0
0.0
0.0
0.0
0.0
0.071823
0.197639
0.404625
0.5217269999999999
0.6304339999999999
0.703048
0.73019
0.725757
0.6399900000000001
0.482128
0.31723
0.101179
0.0
0.0
0.0
0.0
0.0
0.0
0.0
0.0
0.0
0.0
0.0
0.0
0.051793
0.15190700000000001
0.338818
0.5524779999999999
0.684274
0.7316630000000001
0.7654529999999999
0.618972
0.577127
0.434024
0.263156
0.066488
0.0
0.0
0.0
0.0
0.0
0.0
0.0
0.0
0.0
0.0
0.0
0.0
0.060128
0.20070400000000002
0.398846
0.45011
0.675729
0.716075
0.671045
0.621155
0.5791130000000001
0.486738
0.312136
0.057529000000000004
0.0
0.0
0.0
0.0
0.0
0.0
0.0
0.0
0.0
0.0
0.0
0.0
0.060173000000000004
0.18812399999999999
0.393339
0.550452
0.5194930000000001
0.648774
0.697581
0.62971
0.60553
0.413556
0.210064
0.030839
0.0
0.0
0.0
0.0
0.0
0.0
0.0
0.0
0.0
0.0
0.0
0.0
0.017728999999999998
0.1743
0.367332
0.436562
0.576466
0.6558769999999999
0.6799550000000001
0.547588
0.456046
0.32391699999999995
0.204264
0.052798000000000005
0.0
0.0
0.0
0.0
0.0
0.0
0.0
0.0
0.0
0.0
0.0
0.0
0.0018839999999999998
0.086904
0.051255
0.186185
0.22973
0.429346
0.327787
0.33481099999999997
0.168542
0.014394
0.06773799999999999
0.012442
0.0
0.0
0.0
0.0
0.0
0.0
0.0
0.0
0.0
0.0
0.0
0.0
0.047597
0.11812399999999999
0.15309
0.202299
0.231019
0.223045
0.27076
0.27732100000000004
0.164593
0.19806
0.040683
0.02095
0.0
0.0
0.0
0.0
0.0
0.0
0.0
0.0
0.0
0.0
0.0
0.0
0.047434
0.072539
0.179741
0.300969
0.387389
0.295502
0.232085
0.269709
0.242021
0.218195
0.158986
0.053006
0.0
0.0
0.0
0.0
0.0
0.0
0.0
0.0
0.0
0.0
0.0
0.0
0.02461
0.183317
0.359887
0.551202
0.558399
0.6125349999999999
0.47289499999999995
0.437153
0.460634
0.27369499999999997
0.215188
0.0
0.0
0.0
0.0
0.0
0.0
0.0
0.0
0.0
0.0
0.0
0.0
0.0
0.019335
0.155655
0.393065
0.498519
0.6719890000000001
0.738151
0.698226
0.429853
0.310084
0.323558
0.17216399999999998
0.0
0.0
0.0
0.0
0.0
0.0
0.0
0.0
0.0
0.0
0.0
0.0
0.0
0.03943
0.14607
0.372481
0.48645900000000003
0.660609
0.7394270000000001
0.752087
0.6877000000000001
0.590313
0.377961
0.187996
0.0
0.0
0.0
0.0
0.0
0.0
0.0
0.0
0.0
0.0
0.0
0.0
0.0
0.047570999999999995
0.193744
0.39181
0.549457
0.665788
0.731304
0.7424829999999999
0.700303
0.609985
0.46695
0.274858
0.0
0.0
0.0
0.0
0.0
0.0
0.0
0.0
0.0
0.0
0.0
0.0
0.0
0.036476999999999996
0.185255
0.286363
0.43792899999999996
0.6687609999999999
0.73856
0.745305
0.541178
0.534077
0.359114
0.27526799999999996
0.0
0.0
0.0
0.0
0.0
0.0
0.0
0.0
0.0
0.0
0.0
0.0
0.0
0.041671999999999994
0.189815
0.390456
0.5511670000000001
0.668918
0.7382580000000001
0.75071
0.713953
0.61691
0.47176100000000004
0.27053699999999997
0.0
0.0
0.0
0.0
0.0
0.0
0.0
0.0
0.0
0.0
0.0
0.0
0.0
0.041094
0.188916
0.389548
0.551557
0.6689189999999999
0.737167
0.749085
0.7116180000000001
0.617165
0.46962
0.26893700000000004
0.0
0.0
0.0
0.0
0.0
0.0
0.0
0.0
0.0
0.0
0.0
0.0
0.0
0.036635
0.18650999999999998
0.390498
0.551033
0.668471
0.732017
0.7452559999999999
0.706668
0.6095750000000001
0.466163
0.264132
0.0
0.0
0.0
0.0
0.0
0.0
0.0
0.0
0.0
0.0
0.0
0.0
0.0
0.035444
0.188273
0.388868
0.548295
0.663894
0.731475
0.741291
0.7025399999999999
0.608184
0.462019
0.258125
0.0
0.0
0.0
0.0
0.0
0.0
0.0
0.0
0.0
0.0
0.0
0.0
0.0
0.025085999999999997
0.124626
0.22322999999999998
0.429184
0.313075
0.303887
0.353717
0.243353
0.230625
0.175953
0.10243600000000001
0.0
0.0
0.0
0.0
0.0
0.0
0.0
0.0
0.0
0.0
0.0
0.0
0.0
0.022024000000000002
0.121161
0.279656
0.390926
0.42117
0.599143
0.635024
0.606889
0.6168279999999999
0.468194
0.23397300000000001
0.0
0.0
0.0
0.0
0.0
0.0
0.0
0.0
0.0
0.0
0.0
0.0
0.0
0.005749
0.071629
0.295589
0.40676100000000004
0.410794
0.591875
0.6003769999999999
0.44029599999999997
0.37432
0.204759
0.128501
0.0
0.0
0.0
0.0
0.0
0.0
0.0
0.0
0.0
0.0
0.0
0.0
0.0
0.005856
0.047570999999999995
0.08065699999999999
0.15357099999999999
0.284985
0.424979
0.598484
0.45743599999999995
0.40562
0.18728999999999998
0.090078
0.0
0.0
0.0
0.0
0.0
0.0
0.0
0.0
0.0
0.0
0.0
0.0
0.0
0.027060999999999998
0.166386
0.359148
0.47676799999999997
0.6559940000000001
0.582678
0.636424
0.637111
0.531143
0.396787
0.160095
0.0
0.0
0.0
0.0
0.0
0.0
0.0
0.0
0.0
0.0
0.0
0.0
0.0
0.020739
0.142428
0.254329
0.48379700000000003
0.558874
0.638497
0.722572
0.6413150000000001
0.59285
0.286097
0.17436000000000001
0.0
0.0
0.0
0.0
0.0
0.0
0.0
0.0
0.0
0.0
0.0
0.0
0.0
0.004168
0.12378499999999999
0.329738
0.433067
0.606862
0.6355449999999999
0.6358830000000001
0.44914499999999996
0.461481
0.32909
0.112946
0.0
0.0
0.0
0.0
0.0
0.0
0.0
0.0
0.0
0.0
0.0
0.0
0.0
0.004127
0.021227
0.043516
0.049631999999999996
0.10093
0.072885
0.10976999999999999
0.09226000000000001
0.048497
0.04689
0.030363
0.0
0.0
0.0
0.0
0.0
0.0
0.0
0.0
0.0
0.0
0.0
0.0
0.0
0.002506
0.078403
0.229509
0.44121
0.505685
0.380142
0.36015600000000003
0.427533
0.329432
0.16722
0.077141
0.0
0.0
0.0
0.0
0.0
0.0
0.0
0.0
0.0
0.0
0.0
0.0
0.0
0.018303999999999997
0.141534
0.333864
0.503798
0.55716
0.579221
0.67291
0.6048819999999999
0.466342
0.340258
0.129654
0.0
0.0
0.0
0.0
0.0
0.0
0.0
0.0
0.0
0.0
0.0
0.0
0.0
0.019978000000000003
0.167837
0.377048
0.537592
0.650944
0.716508
0.723111
0.6764
0.579191
0.42737200000000003
0.218619
0.0
0.0
0.0
0.0
0.0
0.0
0.0
0.0
0.0
0.0
0.0
0.0
0.0
0.011852
0.114134
0.31395999999999996
0.485802
0.595073
0.704138
0.658563
0.672125
0.524821
0.326361
0.16675800000000002
0.0
0.0
0.0
0.0
0.0
0.0
0.0
0.0
0.0
0.0
0.0
0.0
0.0
0.015644
0.160252
0.34832100000000005
0.529803
0.635854
0.635938
0.712067
0.667753
0.567163
0.390564
0.173461
0.0
0.0
0.0
0.0
0.0
0.0
0.0
0.0
0.0
0.0
0.0
0.0
0.0
0.012088
0.122979
0.325784
0.42536900000000005
0.460797
0.6292409999999999
0.71136
0.5758179999999999
0.577206
0.421346
0.203375
0.0
0.0
0.0
0.0
0.0
0.0
0.0
0.0
0.0
0.0
0.0
0.0
0.0
0.012088
0.14297900000000002
0.367649
0.518381
0.569002
0.7001269999999999
0.621048
0.646006
0.381671
0.21518700000000002
0.0907
0.0
0.0
0.0
0.0
0.0
0.0
0.0
0.0
0.0
0.0
0.0
0.0
0.0
0.002629
0.00902
0.050959000000000004
0.062708
0.128738
0.151214
0.152842
0.101164
0.07138800000000001
0.052439
0.015919
0.0
0.0
0.0
0.0
0.0
0.0
0.0
0.0
0.0
0.0
0.0
0.0
0.0
0.006136999999999999
0.078238
0.139329
0.340673
0.593309
0.6962119999999999
0.6154850000000001
0.545413
0.426478
0.163362
0.046508
0.0
0.0
0.0
0.0
0.0
0.0
0.0
0.0
0.0
0.0
0.0
0.0
0.0
0.010268000000000001
0.137989
0.350312
0.455067
0.614084
0.6586559999999999
0.670243
0.6172949999999999
0.519729
0.333426
0.169766
0.0
0.0
0.0
0.0
0.0
0.0
0.0
0.0
0.0
0.0
0.0
0.0
0.0
0.008428000000000001
0.13181
0.30384300000000003
0.44649
0.606958
0.69229
0.698468
0.653961
0.520872
0.255862
0.190335
0.0
0.0
0.0
0.0
0.0
0.0
0.0
0.0
0.0
0.0
0.0
0.0
0.0
0.0061600000000000005
0.10811799999999999
0.221023
0.422387
0.549048
0.595
0.565783
0.5683189999999999
0.5073799999999999
0.38685
0.177655
0.0
0.0
0.0
0.0
0.0
0.0
0.0
0.0
0.0
0.0
0.0
0.0
0.0
0.002629
0.055060000000000005
0.124788
0.247992
0.272449
0.510347
0.32049
0.31816300000000003
0.40155399999999997
0.181557
0.047054
0.0
0.0
0.0
0.0
0.0
0.0
0.0
0.0
0.0
0.0
0.0
0.0
0.0
0.0
0.032464
0.100601
0.123236
0.18703999999999998
0.16161799999999998
0.144831
0.04804099999999999
0.028231000000000003
0.07145900000000001
0.033658
0.0
0.0
0.0
0.0
0.0
0.0
0.0
0.0
0.0
0.0
0.0
0.0
0.0
0.000875
0.062741
0.217167
0.20299799999999998
0.263715
0.325656
0.264217
0.227316
0.142429
0.15666300000000002
0.04888
0.0
0.0
0.0
0.0
0.0
0.0
0.0
0.0
0.0
0.0
0.0
0.0
0.0
0.002664
0.094847
0.2887
0.499987
0.5672480000000001
0.545826
0.5827190000000001
0.554397
0.43482499999999996
0.260142
0.072801
0.0
0.0
0.0
0.0
0.0
0.0
0.0
0.0
0.0
0.0
0.0
0.0
0.0
0.004385
0.11926
0.329864
0.469943
0.615347
0.678563
0.6733300000000001
0.5212490000000001
0.442003
0.279423
0.08344199999999999
0.0
0.0
0.0
0.0
0.0
0.0
0.0
0.0
0.0
0.0
0.0
0.0
0.0
0.0
0.087573
0.280375
0.46363
0.6017359999999999
0.613108
0.6139589999999999
0.549357
0.342284
0.306072
0.088465
0.0
0.0
0.0
0.0
0.0
0.0
0.0
0.0
0.0
0.0
0.0
0.0
0.0
0.0
0.10004900000000001
0.293115
0.48495
0.5579379999999999
0.522045
0.449944
0.438375
0.313205
0.153035
0.047032
0.0
0.0
0.0
0.0
0.0
0.0
0.0
0.0
0.0
0.0
0.0
0.0
0.0
0.0
0.115669
0.297358
0.377851
0.37517500000000004
0.6067100000000001
0.6647000000000001
0.532347
0.423544
0.22428700000000001
0.057225
0.0
0.0
0.0
0.0
0.0
0.0
0.0
0.0
0.0
0.0
0.0
0.0
0.0
0.0
0.129374
0.315116
0.477952
0.562275
0.6331319999999999
0.623916
0.590003
0.529624
0.369241
0.08540900000000001
0.0
0.0
0.0
0.0
0.0
0.0
0.0
0.0
0.0
0.0
0.0
0.0
0.0
0.0
0.08442100000000001
0.264749
0.409252
0.494631
0.514791
0.524418
0.516162
0.452336
0.30799200000000004
0.051892
0.0
0.0
0.0
0.0
0.0
0.0
0.0
0.0
0.0
0.0
0.0
0.0
0.0
0.0
0.08254900000000001
0.28813799999999995
0.39053699999999997
0.43977499999999997
0.47718
0.42014999999999997
0.353063
0.267488
0.21105500000000002
0.044711
0.0
0.0
0.0
0.0
0.0
0.0
0.0
0.0
0.0
0.0
0.0
0.0
0.0
0.0
0.064572
0.21642599999999998
0.330868
0.543713
0.5676140000000001
0.496899
0.464385
0.47874900000000004
0.27181599999999995
0.078291
0.0
0.0
0.0
0.0
0.0
0.0
0.0
0.0
0.0
0.0
0.0
0.0
0.0
0.0
0.126839
0.313373
0.44129399999999996
0.543884
0.583495
0.653553
0.597176
0.535705
0.368752
0.079997
0.0
0.0
0.0
0.0
0.0
0.0
0.0
0.0
0.0
0.0
0.0
0.0
0.0
0.0
0.09312999999999999
0.23438900000000001
0.133739
0.119342
0.132053
0.13809200000000002
0.164636
0.206981
0.180719
0.0
0.0
0.0
0.0
0.0
0.0
0.0
0.0
0.0
0.0
0.0
0.0
0.0
0.0
0.0
0.052886
0.079879
0.158841
0.074628
0.172738
0.21218
0.191243
0.12016800000000001
0.134023
0.0
0.0
0.0
0.0
0.0
0.0
0.0
0.0
0.0
0.0
0.0
0.0
0.0
0.0
0.0
0.012189
0.061138
0.153942
0.155508
0.038993
0.19627099999999997
0.13845400000000002
0.052058999999999994
0.09881999999999999
0.0
0.0
0.0
0.0
0.0
0.0
0.0
0.0
0.0
0.0
0.0
0.0
0.0
0.0
0.0
0.007613000000000001
0.033743
0.06417700000000001
0.093669
0.057089
0.049046
0.09782099999999999
0.053592
0.032479999999999995
0.0
0.0
0.0
0.0
0.0
0.0
0.0
0.0
0.0
0.0
0.0
0.0
0.0
0.0
0.0
0.0
0.004577
0.016562
0.021054
0.023214
0.014144
0.014181
0.006757
0.0
0.0
0.0
0.0
0.0
0.0
0.0
0.0
0.0
0.0
0.0
0.0
0.0
0.0
0.0
0.0
0.013760999999999999
0.021268000000000002
0.050669
0.078274
0.08526500000000001
0.013923999999999999
0.054705
0.052871
0.040848
0.0
0.0
0.0
0.0
0.0
0.0
0.0
0.0
0.0
0.0
0.0
0.0
0.0
0.0
0.0
0.081216
0.306495
0.47492
0.5851470000000001
0.601151
0.597583
0.5474589999999999
0.49615
0.345399
0.0
0.0
0.0
0.0
0.0
0.0
0.0
0.0
0.0
0.0
0.0
0.0
0.0
0.0
0.0
0.08630299999999999
0.242474
0.332245
0.548635
0.6436559999999999
0.670111
0.586109
0.509629
0.256532
0.0
0.0
0.0
0.0
0.0
0.0
0.0
0.0
0.0
0.0
0.0
0.0
0.0
0.0
0.0
0.076011
0.27010199999999995
0.465281
0.5807770000000001
0.585477
0.579305
0.579545
0.488873
0.34382100000000004
0.0
0.0
0.0
0.0
0.0
0.0
0.0
0.0
0.0
0.0
0.0
0.0
0.0
0.0
0.0
0.056072000000000004
0.184545
0.322395
0.31721
0.42322699999999996
0.404345
0.439111
0.462304
0.12737
0.0
0.0
0.0
0.0
0.0
0.0
0.0
0.0
0.0
0.0
0.0
0.0
0.0
0.0
0.0
0.048642000000000005
0.197107
0.417599
0.36401
0.49085500000000004
0.407006
0.325621
0.351403
0.251148
0.0
0.0
0.0
0.0
0.0
0.0
0.0
0.0
0.0
0.0
0.0
0.0
0.0
0.0
0.0
0.021704
0.08491800000000001
0.19296000000000002
0.239014
0.26712400000000003
0.3406
0.477656
0.420269
0.275349
0.0
0.0
0.0
0.0
0.0
0.0
0.0
0.0
0.0
0.0
0.0
0.0
0.0
0.0
0.0
0.075614
0.28844200000000003
0.45917899999999995
0.579991
0.646432
0.6617179999999999
0.61414
0.507753
0.33442700000000003
0.0
0.0
0.0
0.0
0.0
0.0
0.0
0.0
0.0
0.0
0.0
0.0
0.0
0.0
0.0
0.072062
0.28406400000000004
0.455137
0.574692
0.639593
0.651307
0.6045389999999999
0.498979
0.326295
0.0
0.0
0.0
0.0
0.0
0.0
0.0
0.0
0.0
0.0
0.0
0.0
0.0
0.0
0.0
0.068898
0.282094
0.452876
0.570844
0.633557
0.6430170000000001
0.598657
0.492531
0.324748
0.0
0.0
0.0
0.0
0.0
0.0
0.0
0.0
0.0
0.0
0.0
0.0
0.0
0.0
0.0
0.043357999999999994
0.20777500000000002
0.36909800000000004
0.566082
0.610189
0.391668
0.38226499999999997
0.309196
0.177113
0.0
0.0
0.0
0.0
0.0
0.0
0.0
0.0
0.0
0.0
0.0
0.0
0.0
0.0
0.0
0.013221
0.132446
0.217871
0.185776
0.24377000000000001
0.28451499999999996
0.21967599999999998
0.151415
0.116326
0.0
0.0
0.0
0.0
0.0
0.0
0.0
0.0
0.0
0.0
0.0
0.0
0.0
0.0
0.0
0.057726999999999994
0.270869
0.44642899999999996
0.567144
0.635576
0.647131
0.6007480000000001
0.494024
0.32348200000000005
0.0
0.0
0.0
0.0
0.0
0.0
0.0
0.0
0.0
0.0
0.0
0.0
0.0
0.0
0.0
0.051278
0.235484
0.386324
0.5547759999999999
0.6219199999999999
0.58439
0.490836
0.213053
0.163089
0.0
0.0
0.0
0.0
0.0
0.0
0.0
0.0
0.0
0.0
0.0
0.0
0.0
0.0
0.0
0.043129
0.23959899999999998
0.394978
0.564357
0.6181369999999999
0.6040399999999999
0.592092
0.487207
0.318361
0.0
0.0
0.0
0.0
0.0
0.0
0.0
0.0
0.0
0.0
0.0
0.0
0.0
0.0
0.0
0.034277999999999996
0.16409200000000002
0.233511
0.46916800000000003
0.403406
0.467613
0.437747
0.47498399999999996
0.21500999999999998
0.0
0.0
0.0
0.0
0.0
0.0
0.0
0.0
0.0
0.0
0.0
0.0
0.0
0.0
0.0
0.039644
0.258714
0.43655
0.5559850000000001
0.62664
0.635404
0.589668
0.483391
0.313514
0.0
0.0
0.0
0.0
0.0
0.0
0.0
0.0
0.0
0.0
0.0
0.0
0.0
0.0
0.0
0.0386
0.18906
0.40467899999999996
0.43337400000000004
0.581075
0.6372960000000001
0.396717
0.328628
0.180208
0.0
0.0
0.0
0.0
0.0
0.0
0.0
0.0
0.0
0.0
0.0
0.0
0.0
0.0
0.0
0.035283
0.196467
0.35568500000000003
0.495984
0.578877
0.584097
0.56301
0.45568200000000003
0.27774400000000005
0.0
0.0
0.0
0.0
0.0
0.0
0.0
0.0
0.0
0.0
0.0
0.0
0.0
0.0
0.0
0.03621
0.22987100000000002
0.40672800000000003
0.5464450000000001
0.629417
0.64525
0.582529
0.449942
0.27099599999999996
0.0
0.0
0.0
0.0
0.0
0.0
0.0
0.0
0.0
0.0
0.0
0.0
0.0
0.0
0.0
0.0026720000000000003
0.000602
0.047838
0.082028
0.161375
0.169356
0.16676400000000002
0.20558500000000002
0.067663
0.0
0.0
0.0
0.0
0.0
0.0
0.0
0.0
0.0
0.0
0.0
0.0
0.0
0.0
0.0
0.006279
0.119962
0.296887
0.36405200000000004
0.405349
0.467323
0.402308
0.292296
0.2258
0.0
0.0
0.0
0.0
0.0
0.0
0.0
0.0
0.0
0.0
0.0
0.0
0.0
0.0
0.0
0.030469
0.16556700000000002
0.316596
0.446996
0.628196
0.645379
0.5860299999999999
0.45095100000000005
0.221342
0.0
0.0
0.0
0.0
0.0
0.0
0.0
0.0
0.0
0.0
0.0
0.0
0.0
0.0
0.0
0.030885000000000003
0.213778
0.348207
0.405127
0.562871
0.520907
0.485781
0.409308
0.216292
0.0
0.0
0.0
0.0
0.0
0.0
0.0
0.0
0.0
0.0
0.0
0.0
0.0
0.0
0.0
0.027503
0.216228
0.392816
0.5339510000000001
0.619674
0.636697
0.5768949999999999
0.446042
0.26789100000000005
0.0
0.0
0.0
0.0
0.0
0.0
0.0
0.0
0.0
0.0
0.0
0.0
0.0
0.0
0.0
0.014798
0.12103499999999999
0.152856
0.123554
0.134012
0.203511
0.462657
0.091156
0.047174
0.0
0.0
0.0
0.0
0.0
0.0
0.0
0.0
0.0
0.0
0.0
0.0
0.0
0.0
0.0
0.008615
0.029743
0.061507
0.0756
0.08337399999999999
0.077847
0.09884
0.06647499999999999
0.027606000000000002
0.0
0.0
0.0
0.0
0.0
0.0
0.0
0.0
0.0
0.0
0.0
0.0
0.0
0.0
0.0
0.015782
0.133382
0.268041
0.342557
0.367338
0.167625
0.09389199999999999
0.176466
0.174192
0.0
0.0
0.0
0.0
0.0
0.0
0.0
0.0
0.0
0.0
0.0
0.0
0.0
0.0
0.0
0.001009
0.053853
0.152947
0.235131
0.5668
0.390804
0.259925
0.13096100000000002
0.118957
0.0
0.0
0.0
0.0
0.0
0.0
0.0
0.0
0.0
0.0
0.0
0.0
0.0
0.0
0.0
0.004538
0.049887
0.08188
0.12021899999999999
0.115846
0.209394
0.16769900000000001
0.154271
0.076891
0.0
0.0
0.0
0.0
0.0
0.0
0.0
0.0
0.0
0.0
0.0
0.0
0.0
0.0
0.0
0.01069
0.06634699999999999
0.154008
0.16943
0.303079
0.232578
0.346229
0.186145
0.08397199999999999
0.0
0.0
0.0
0.0
0.0
0.0
0.0
0.0
0.0
0.0
0.0
0.0
0.0
0.0
0.0
0.010619
0.061020000000000005
0.15537399999999998
0.312436
0.38892899999999997
0.399171
0.338385
0.175386
0.12689
0.0
0.0
0.0
0.0
0.0
0.0
0.0
0.0
0.0
0.0
0.0
0.0
0.0
0.0
0.0
0.014545
0.194846
0.37994900000000004
0.5202340000000001
0.609752
0.622923
0.5376770000000001
0.33246
0.219703
0.0
0.0
0.0
0.0
0.0
0.0
0.0
0.0
0.0
0.0
0.0
0.0
0.0
0.0
0.0
0.008994
0.066849
0.13998500000000003
0.134223
0.150656
0.176719
0.281519
0.154964
0.195011
0.0
0.0
0.0
0.0
0.0
0.0
0.0
0.0
0.0
0.0
0.0
0.0
0.0
0.0
0.0
0.012686999999999999
0.08281000000000001
0.288224
0.328447
0.186361
0.195802
0.227056
0.2414
0.130595
0.0
0.0
0.0
0.0
0.0
0.0
0.0
0.0
0.0
0.0
0.0
0.0
0.0
0.0
0.0
0.006444
0.032758
0.052988999999999994
0.056756999999999995
0.099887
0.046139
0.045964
0.02113
0.036865
0.0
0.0
0.0
0.0
0.0
0.0
0.0
0.0
0.0
0.0
0.0
0.0
0.0
0.0
0.0
0.01069
0.054453
0.24674100000000002
0.464979
0.42349000000000003
0.44222300000000003
0.43009
0.29721499999999995
0.267132
0.0
0.0
0.0
0.0
0.0
0.0
0.0
0.0
0.0
0.0
0.0
0.0
0.0
0.0
0.0
0.012721999999999999
0.19025
0.370351
0.5166430000000001
0.6023999999999999
0.6217569999999999
0.568606
0.446502
0.27125099999999996
0.0
0.0
0.0
0.0
0.0
0.0
0.0
0.0
0.0
0.0
0.0
0.0
0.0
0.0
0.0
0.004776
0.013927
0.09756000000000001
0.210225
0.086228
0.128923
0.094364
0.0546
0.036683999999999994
0.0
0.0
0.0
0.0
0.0
0.0
0.0
0.0
0.0
0.0
0.0
0.0
0.0
0.0
0.0
0.008994
0.070723
0.279778
0.37111
0.53185
0.545976
0.4682
0.205211
0.156638
0.0
0.0
0.0
0.0
0.0
0.0
0.0
0.0
0.0
0.0
0.0
0.0
0.0
0.0
0.0
0.012644
0.185453
0.367092
0.510687
0.603437
0.625349
0.575743
0.45328399999999996
0.279702
0.0
0.0
0.0
0.0
0.0
0.0
0.0
0.0
0.0
0.0
0.0
0.0
0.0
0.0
0.0
0.010798
0.17816300000000002
0.363423
0.5112559999999999
0.6041770000000001
0.626799
0.5771860000000001
0.45321
0.280279
0.0
0.0
0.0
0.0
0.0
0.0
0.0
0.0
0.0
0.0
0.0
0.0
0.0
0.0
0.0
0.010906
0.180563
0.366548
0.513486
0.540606
0.5255460000000001
0.397438
0.313513
0.17365199999999997
0.0
0.0
0.0
0.0
0.0
0.0
0.0
0.0
0.0
0.0
0.0
0.0
0.0
0.0
0.0
0.006551
0.070352
0.126509
0.231797
0.448017
0.52459
0.474147
0.203162
0.09400700000000001
0.0
0.0
0.0
0.0
0.0
0.0
0.0
0.0
0.0
0.0
0.0
0.0
0.0
0.0
0.0
0.008926
0.006657
0.0448
0.196524
0.290637
0.36643400000000004
0.289419
0.155895
0.084178
0.0
0.0
0.0
0.0
0.0
0.0
0.0
0.0
0.0
0.0
0.0
0.0
0.0
0.0
0.0
0.010728
0.176224
0.356525
0.501409
0.597561
0.618533
0.57149
0.452247
0.284238
0.0
0.0
0.0
0.0
0.0
0.0
0.0
0.0
0.0
0.0
0.0
0.0
0.0
0.0
0.0
0.008836
0.11896899999999999
0.303008
0.48719999999999997
0.5540259999999999
0.590403
0.534928
0.449326
0.289968
0.0
0.0
0.0
0.0
0.0
0.0
0.0
0.0
0.0
0.0
0.0
0.0
0.0
0.0
0.0
0.010728
0.173343
0.35735700000000004
0.497971
0.5329510000000001
0.5718479999999999
0.504949
0.378544
0.26484500000000005
0.0
0.0
0.0
0.0
0.0
0.0
0.0
0.0
0.0
0.0
0.0
0.0
0.0
0.0
0.0
0.010657999999999999
0.149877
0.340349
0.491615
0.367862
0.375639
0.224786
0.080608
0.037902
0.0
0.0
0.0
0.0
0.0
0.0
0.0
0.0
0.0
0.0
0.0
0.0
0.0
0.0
0.0
0.010517
0.089269
0.12303700000000001
0.12184099999999999
0.184036
0.31415899999999997
0.262838
0.255403
0.144531
0.0
0.0
0.0
0.0
0.0
0.0
0.0
0.0
0.0
0.0
0.0
0.0
0.0
0.0
0.0
0.004557
0.056744
0.23174899999999998
0.328667
0.38481299999999996
0.447515
0.272655
0.197989
0.128416
0.0
0.0
0.0
0.0
0.0
0.0
0.0
0.0
0.0
0.0
0.0
0.0
0.0
0.0
0.0
0.01076
0.167849
0.356825
0.501043
0.599013
0.62562
0.5793619999999999
0.46458999999999995
0.299259
0.0
0.0
0.0
0.0
0.0
0.0
0.0
