0.0
0.0
0.0
0.0
0.0
0.0
0.0
0.015533
0.116774
0.19682
0.255427
0.281217
0.27088
0.23269499999999999
0.16708
0.086339
0.008183999999999999
0.0
0.0
0.0
0.0
0.0
0.0
0.0
0.0
0.0
0.0
0.0
0.0
0.0
0.0
0.015612000000000001
0.116145
0.19420400000000002
0.25242
0.279189
0.271872
0.23391800000000001
0.167275
0.08759099999999999
0.009007
0.0
0.0
0.0
0.0
0.0
0.0
0.0
0.0
0.0
0.0
0.0
0.0
0.0
0.0
0.010522
0.116245
0.193832
0.252691
0.27930099999999997
0.271394
0.23525
0.16908600000000001
0.088249
0.009155
0.0
0.0
0.0
0.0
0.0
0.0
0.0
0.0
0.0
0.0
0.0
0.0
0.0
0.0
0.01044
0.118412
0.19773500000000002
0.259647
0.288719
0.281777
0.239568
0.171733
0.089991
0.013467
0.0
0.0
0.0
0.0
0.0
0.0
0.0
0.0
0.0
0.0
0.0
0.0
0.0
0.0
0.010522
0.11793600000000001
0.19630699999999998
0.25538900000000003
0.285578
0.27842500000000003
0.238268
0.171746
0.090992
0.014701
0.0
0.0
0.0
0.0
0.0
0.0
0.0
0.0
0.0
0.0
0.0
0.0
0.0
0.0
0.010419000000000001
0.11784900000000001
0.19752
0.259832
0.29074099999999997
0.283306
0.24066300000000002
0.172213
0.09159
0.015806
0.0
0.0
0.0
0.0
0.0
0.0
0.0
0.0
0.0
0.0
0.0
0.0
0.0
0.0
0.010572
0.118502
0.19927099999999998
0.26355399999999995
0.294358
0.28769900000000004
0.24422300000000002
0.175009
0.09362999999999999
0.016222999999999998
0.0
0.0
0.0
0.0
0.0
0.0
0.0
0.0
0.0
0.0
0.0
0.0
0.0
0.0
0.010663
0.119321
0.202155
0.26611
0.297303
0.290368
0.246094
0.176431
0.094791
0.017416
0.0
0.0
0.0
0.0
0.0
0.0
0.0
0.0
0.0
0.0
0.0
0.0
0.0
0.0
0.015574
0.11766599999999999
0.197569
0.25832499999999997
0.287949
0.282029
0.242189
0.17618
0.095837
0.018658
0.0
0.0
0.0
0.0
0.0
0.0
0.0
0.0
0.0
0.0
0.0
0.0
0.0
0.0
0.015494999999999998
0.118309
0.19698500000000002
0.260228
0.29140699999999997
0.28632799999999997
0.244301
0.177277
0.0968
0.017366
0.0
0.0
0.0
0.0
0.0
0.0
0.0
0.0
0.0
0.0
0.0
0.0
0.0
0.0
0.015432
0.117577
0.196411
0.25762799999999997
0.287972
0.28192
0.242739
0.177003
0.09718500000000001
0.018132000000000002
0.0
0.0
0.0
0.0
0.0
0.0
0.0
0.0
0.0
0.0
0.0
0.0
0.0
0.0
0.015634000000000002
0.11889
0.20055699999999999
0.262041
0.291553
0.283986
0.243585
0.176117
0.09579900000000001
0.01771
0.0
0.0
0.0
0.0
0.0
0.0
0.0
0.0
0.0
0.0
0.0
0.0
0.0
0.0
0.016509
0.118366
0.198418
0.25653
0.284417
0.27836900000000003
0.24009899999999998
0.17533
0.096596
0.018920000000000003
0.0
0.0
0.0
0.0
0.0
0.0
0.0
0.0
0.0
0.0
0.0
0.0
0.0
0.0
0.016762
0.118987
0.19953
0.258349
0.28451
0.27818099999999996
0.241791
0.17747300000000002
0.098173
0.020559
0.0
0.0
0.0
0.0
0.0
0.0
0.0
0.0
0.0
0.0
0.0
0.0
0.0
0.0
0.016334
0.11701099999999999
0.196607
0.259063
0.29021800000000003
0.284611
0.244449
0.176998
0.09821200000000001
0.022061
0.0
0.0
0.0
0.0
0.0
0.0
0.0
0.0
0.0
0.0
0.0
0.0
0.0
0.0
0.016698
0.117787
0.198032
0.261058
0.293037
0.287509
0.247064
0.180376
0.10026399999999999
0.024031
0.0
0.0
0.0
0.0
0.0
0.0
0.0
0.0
0.0
0.0
0.0
0.0
0.0
0.0
0.016987
0.11938599999999999
0.199692
0.261459
0.292389
0.288846
0.25182499999999997
0.185043
0.104718
0.026232
0.0
0.0
0.0
0.0
0.0
0.0
0.0
0.0
0.0
0.0
0.0
0.0
0.0
0.0
0.018338
0.121423
0.20131
0.264216
0.296801
0.290234
0.251158
0.185126
0.104212
0.027689
0.0
0.0
0.0
0.0
0.0
0.0
0.0
0.0
0.0
0.0
0.0
0.0
0.0
0.0
0.018425
0.11948099999999999
0.198407
0.265581
0.299928
0.296182
0.25596199999999997
0.187983
0.10662999999999999
0.029606
0.0
0.0
0.0
0.0
0.0
0.0
0.0
0.0
0.0
0.0
0.0
0.0
0.0
0.0
0.019952
0.123336
0.205237
0.27064499999999997
0.30231
0.29789299999999996
0.258138
0.190477
0.108766
0.031261
0.0
0.0
0.0
0.0
0.0
0.0
0.0
0.0
0.0
0.0
0.0
0.0
0.0
0.0
0.020664000000000002
0.121472
0.210544
0.277982
0.312382
0.308187
0.266239
0.197002
0.113525
0.033419
0.0
0.0
0.0
0.0
0.0
0.0
0.0
0.0
0.0
0.0
0.0
0.0
0.0
0.0
0.022828
0.12568000000000001
0.215199
0.282279
0.31579599999999997
0.310587
0.265471
0.196878
0.11354
0.034766
0.0
0.0
0.0
0.0
0.0
0.0
0.0
0.0
0.0
0.0
0.0
0.0
0.0
0.0
0.023053
0.124526
0.21545699999999998
0.28194
0.315326
0.3103
0.268853
0.198927
0.11542
0.035979
0.0
0.0
0.0
0.0
0.0
0.0
0.0
0.0
0.0
0.0
0.0
0.0
0.0
0.0
0.024516
0.12618300000000002
0.21740500000000001
0.283284
0.316709
0.310344
0.268155
0.19925299999999999
0.116787
0.037126
0.0
0.0
0.0
0.0
0.0
0.0
0.0
0.0
0.0
0.0
0.0
0.0
0.0
0.0
0.02594
0.12701099999999999
0.217859
0.282483
0.314633
0.308587
0.26352800000000004
0.195737
0.115711
0.038221
0.0
0.0
0.0
0.0
0.0
0.0
0.0
0.0
0.0
0.0
0.0
0.0
0.0
0.0
0.026482
0.127681
0.217394
0.283754
0.316587
0.310944
0.26747899999999997
0.199969
0.118452
0.037015
0.0
0.0
0.0
0.0
0.0
0.0
0.0
0.0
0.0
0.0
0.0
0.0
0.0
0.0
0.027609
0.128055
0.218047
0.286029
0.320118
0.314445
0.271209
0.202154
0.119838
0.03825
0.0
0.0
0.0
0.0
0.0
0.0
0.0
0.0
0.0
0.0
0.0
0.0
0.0
0.0
0.029296
0.130042
0.220916
0.288053
0.321164
0.316521
0.27415100000000003
0.20462799999999998
0.12156
0.039417
0.0
0.0
0.0
0.0
0.0
0.0
0.0
0.0
0.0
0.0
0.0
0.0
0.0
0.0
0.030003
0.128797
0.21821000000000002
0.28343599999999997
0.315535
0.310879
0.271097
0.204313
0.12303499999999999
0.040231
0.0
0.0
0.0
0.0
0.0
0.0
0.0
0.0
0.0
0.0
0.0
0.0
0.0
0.0
0.031218
0.125177
0.209769
0.27186099999999996
0.304439
0.301502
0.267227
0.20430299999999998
0.12342700000000001
0.041139
0.0
0.0
0.0
0.0
0.0
0.0
0.0
0.0
0.0
0.0
0.0
0.0
0.0
0.0
0.034351
0.12856299999999998
0.21524100000000002
0.280856
0.31670299999999996
0.313687
0.275763
0.208435
0.12606900000000001
0.042355
0.0
0.0
0.0
0.0
0.0
0.0
0.0
0.0
0.0
0.0
0.0
0.0
0.0
0.0
0.048636000000000006
0.169907
0.276276
0.358664
0.40171300000000004
0.397046
0.338352
0.256976
0.158831
0.060249000000000004
0.0
0.0
0.0
0.0
0.0
0.0
0.0
0.0
0.0
0.0
0.0
0.0
0.0
0.0
0.050527
0.17226499999999997
0.278675
0.354644
0.392913
0.387598
0.34076999999999996
0.26223399999999997
0.16212700000000002
0.062462000000000004
0.0
0.0
0.0
0.0
0.0
0.0
0.0
0.0
0.0
0.0
0.0
0.0
0.0
0.0
0.052856
0.174333
0.282929
0.359339
0.398794
0.398733
0.34982100000000005
0.26878199999999997
0.166987
0.064661
0.0
0.0
0.0
0.0
0.0
0.0
0.0
0.0
0.0
0.0
0.0
0.0
0.0
0.0
0.055154
0.176533
0.287655
0.370925
0.415235
0.410497
0.350834
0.267989
0.166717
0.065196
0.0
0.0
0.0
0.0
0.0
0.0
0.0
0.0
0.0
0.0
0.0
0.0
0.0
0.0
0.057015
0.177263
0.28905200000000003
0.37256900000000004
0.415694
0.412059
0.354601
0.270998
0.168732
0.06754
0.0
0.0
0.0
0.0
0.0
0.0
0.0
0.0
0.0
0.0
0.0
0.0
0.0
0.0
0.061009
0.185848
0.298191
0.38065899999999997
0.42253399999999997
0.418478
0.36150099999999996
0.279026
0.17526
0.071012
0.0
0.0
0.0
0.0
0.0
0.0
0.0
0.0
0.0
0.0
0.0
0.0
0.0
0.0
0.062298
0.186245
0.300562
0.38420299999999996
0.42671499999999996
0.422223
0.362267
0.278101
0.174746
0.071104
0.0
0.0
0.0
0.0
0.0
0.0
0.0
0.0
0.0
0.0
0.0
0.0
0.0
0.0
0.064281
0.18609299999999998
0.29602300000000004
0.37391
0.414918
0.409877
0.3563
0.275746
0.17518799999999998
0.072962
0.0
0.0
0.0
0.0
0.0
0.0
0.0
0.0
0.0
0.0
0.0
0.0
0.0
0.0
0.064068
0.184155
0.295544
0.380105
0.42395299999999997
0.412632
0.364087
0.28123200000000004
0.178315
0.07488800000000001
0.0
0.0
0.0
0.0
0.0
0.0
0.0
0.0
0.0
0.0
0.0
0.0
0.0
0.0
0.066505
0.187988
0.299616
0.382573
0.42486399999999996
0.40998
0.360825
0.27726100000000004
0.17569800000000002
0.074995
0.0
0.0
0.0
0.0
0.0
0.0
0.0
0.0
0.0
0.0
0.0
0.0
0.0
0.0
0.06706699999999999
0.186172
0.29110199999999997
0.366562
0.404797
0.39074200000000003
0.347174
0.27088799999999996
0.174661
0.075531
0.0
0.0
0.0
0.0
0.0
0.0
0.0
0.0
0.0
0.0
0.0
0.0
0.0
0.0
0.069059
0.188768
0.293738
0.368344
0.40509300000000004
0.391755
0.353589
0.27589199999999997
0.178127
0.07676300000000001
0.0
0.0
0.0
0.0
0.0
0.0
0.0
0.0
0.0
0.0
0.0
0.0
0.0
0.0
0.071033
0.189442
0.294323
0.369033
0.405634
0.39174200000000003
0.347806
0.27176
0.17661500000000002
0.078617
0.0
0.0
0.0
0.0
0.0
0.0
0.0
0.0
0.0
0.0
0.0
0.0
0.0
0.0
0.07194
0.190579
0.294508
0.36750900000000003
0.403612
0.389812
0.351754
0.275194
0.17797200000000002
0.079196
0.0
0.0
0.0
0.0
0.0
0.0
0.0
0.0
0.0
0.0
0.0
0.0
0.0
0.0
0.07324599999999999
0.19401300000000002
0.301704
0.382211
0.423065
0.410074
0.363739
0.28258300000000003
0.182468
0.08216200000000001
0.0
0.0
0.0
0.0
0.0
0.0
0.0
0.0
0.0
0.0
0.0
0.0
0.0
0.0
0.075307
0.192977
0.29830900000000005
0.375658
0.417105
0.40783400000000003
0.365363
0.286525
0.186586
0.084103
0.0
0.0
0.0
0.0
0.0
0.0
0.0
0.0
0.0
0.0
0.0
0.0
0.0
0.0
0.077587
0.19645500000000002
0.301956
0.376983
0.414877
0.401804
0.368558
0.289459
0.189049
0.083016
0.0
0.0
0.0
0.0
0.0
0.0
0.0
0.0
0.0
0.0
0.0
0.0
0.0
0.0
0.082583
0.208173
0.32183999999999996
0.40482100000000004
0.435939
0.429274
0.38016500000000003
0.29686900000000005
0.194865
0.086565
0.0
0.0
0.0
0.0
0.0
0.0
0.0
0.0
0.0
0.0
0.0
0.0
0.0
0.0
0.08315
0.20754499999999998
0.318609
0.393755
0.413339
0.404218
0.372327
0.29235500000000003
0.192136
0.08597199999999999
0.0
0.0
0.0
0.0
0.0
0.0
0.0
0.0
0.0
0.0
0.0
0.0
0.0
0.0
0.082689
0.203534
0.313558
0.396652
0.430378
0.42674
0.379366
0.295873
0.193933
0.087127
0.0
0.0
0.0
0.0
0.0
0.0
0.0
0.0
0.0
0.0
0.0
0.0
0.0
0.0
0.085036
0.206602
0.316125
0.400001
0.43414299999999995
0.431347
0.384925
0.302816
0.198933
0.090445
0.0
0.0
0.0
0.0
0.0
0.0
0.0
0.0
0.0
0.0
0.0
0.0
0.0
0.0
0.091712
0.21921000000000002
0.334769
0.420649
0.455604
0.450863
0.397322
0.310591
0.205484
0.09554
0.00264
0.0
0.0
0.0
0.0
0.0
0.0
0.0
0.0
0.0
0.0
0.0
0.0
0.0
0.092671
0.217081
0.325456
0.40290699999999996
0.433063
0.428803
0.38633
0.307257
0.206027
0.09578199999999999
0.003343
0.0
0.0
0.0
0.0
0.0
0.0
0.0
0.0
0.0
0.0
0.0
0.0
0.0
0.090409
0.216697
0.324159
0.40189199999999997
0.43226400000000004
0.427878
0.392714
0.31168
0.208088
0.09741
0.0040750000000000005
0.0
0.0
0.0
0.0
0.0
0.0
0.0
0.0
0.0
0.0
0.0
0.0
0.0
0.090824
0.213477
0.31764
0.392625
0.435476
0.433105
0.38382900000000003
0.302058
0.20383
0.096542
0.0046879999999999995
0.0
0.0
0.0
0.0
0.0
0.0
0.0
0.0
0.0
0.0
0.0
0.0
0.0
0.091976
0.21774700000000002
0.32738999999999996
0.405345
0.45055700000000004
0.44947899999999996
0.40186
0.318202
0.21197200000000002
0.100851
0.00632
0.0
0.0
0.0
0.0
0.0
0.0
0.0
0.0
0.0
0.0
0.0
0.0
0.0
0.096828
0.227054
0.339772
0.413578
0.452992
0.449064
0.40405
0.32066
0.214892
0.10254
0.008403
0.0
0.0
0.0
0.0
0.0
0.0
0.0
0.0
0.0
0.0
0.0
0.0
0.0
0.099753
0.22633
0.333765
0.40130099999999996
0.439158
0.433723
0.388293
0.309544
0.209923
0.102708
0.009212
0.0
0.0
0.0
0.0
0.0
0.0
0.0
0.0
0.0
0.0
0.0
0.0
0.0
0.090537
0.198942
0.293404
0.377017
0.417516
0.415439
0.36994299999999997
0.29153300000000004
0.195529
0.094678
0.008876
0.0
0.0
0.0
0.0
0.0
0.0
0.0
0.0
0.0
0.0
0.0
0.0
0.0
0.094383
0.206702
0.306113
0.376098
0.410553
0.406556
0.366721
0.291127
0.194659
0.094764
0.009587
0.0
0.0
0.0
0.0
0.0
0.0
0.0
0.0
0.0
0.0
0.0
0.0
0.0
0.095033
0.20646
0.307209
0.381717
0.420635
0.41693
0.372366
0.295567
0.198571
0.09682299999999999
0.010679000000000001
0.0
0.0
0.0
0.0
0.0
0.0
0.0
0.0
0.0
0.0
0.0
0.0
0.0
0.098088
0.21036000000000002
0.309774
0.386197
0.426887
0.42442
0.37766000000000005
0.29775599999999997
0.200545
0.099022
0.011693
0.0
0.0
0.0
0.0
0.0
0.0
0.0
0.0
0.0
0.0
0.0
0.0
0.0
0.102027
0.21712700000000001
0.31918599999999997
0.397703
0.437347
0.432987
0.38396199999999997
0.303313
0.204983
0.10186
0.01287
0.0
0.0
0.0
0.0
0.0
0.0
0.0
0.0
0.0
0.0
0.0
0.0
0.0
0.103853
0.214542
0.31071
0.38535
0.425101
0.42510000000000003
0.382756
0.30499200000000004
0.206382
0.103578
0.013733
0.0
0.0
0.0
0.0
0.0
0.0
0.0
0.0
0.0
0.0
0.0
0.0
0.0020099999999999996
0.10585699999999999
0.215483
0.30920600000000004
0.378396
0.41317899999999996
0.40775799999999995
0.366121
0.293029
0.20117400000000002
0.10235999999999999
0.013779999999999999
0.0
0.0
0.0
0.0
0.0
0.0
0.0
0.0
0.0
0.0
0.0
0.0
0.003417
0.106291
0.21538
0.309456
0.37726
0.41047
0.407166
0.365604
0.294737
0.20378
0.104571
0.015497
0.0
0.0
0.0
0.0
0.0
0.0
0.0
0.0
0.0
0.0
0.0
0.0
0.004263
0.106916
0.21236000000000002
0.304455
0.37578300000000003
0.412192
0.40960399999999997
0.379425
0.30323
0.206581
0.105354
0.016292
0.0
0.0
0.0
0.0
0.0
0.0
0.0
0.0
0.0
0.0
0.0
0.0
0.006381
0.109702
0.216625
0.309224
0.38356799999999996
0.423856
0.42245
0.380347
0.30364800000000003
0.207738
0.10610800000000001
0.017498
0.0
0.0
0.0
0.0
0.0
0.0
0.0
0.0
0.0
0.0
0.0
0.0
0.007425
0.111618
0.21839599999999998
0.310433
0.390612
0.430465
0.427285
0.383154
0.305428
0.209197
0.10767700000000001
0.018637
0.0
0.0
0.0
0.0
0.0
0.0
0.0
0.0
0.0
0.0
0.0
0.0
0.009082000000000002
0.11504600000000001
0.226282
0.32624400000000003
0.400178
0.438015
0.432243
0.385598
0.306779
0.209984
0.108921
0.019780000000000002
0.0
0.0
0.0
0.0
0.0
0.0
0.0
0.0
0.0
0.0
0.0
0.0
0.01114
0.116904
0.224069
0.31617399999999996
0.39056799999999997
0.431522
0.429136
0.386486
0.3098
0.212286
0.110028
0.020867999999999998
0.0
0.0
0.0
0.0
0.0
0.0
0.0
0.0
0.0
0.0
0.0
0.0
0.01217
0.118514
0.225996
0.31855500000000003
0.399681
0.439718
0.435399
0.38639100000000004
0.3083
0.212114
0.111671
0.02181
0.0
0.0
0.0
0.0
0.0
0.0
0.0
0.0
0.0
0.0
0.0
0.0
0.013743
0.120895
0.226662
0.318015
0.394334
0.43548000000000003
0.432573
0.388137
0.310419
0.21335900000000002
0.112214
0.022684000000000003
0.0
0.0
0.0
0.0
0.0
0.0
0.0
0.0
0.0
0.0
0.0
0.0
0.016405
0.122898
0.22887000000000002
0.31962799999999997
0.398142
0.437762
0.43198899999999996
0.382609
0.30320199999999997
0.208262
0.110976
0.023259000000000002
0.0
0.0
0.0
0.0
0.0
0.0
0.0
0.0
0.0
0.0
0.0
0.0
0.018192
0.125014
0.232603
0.327776
0.39372500000000005
0.42608100000000004
0.420002
0.37787
0.305102
0.212562
0.113298
0.024965
0.0
0.0
0.0
0.0
0.0
0.0
0.0
0.0
0.0
0.0
0.0
0.0
0.020662
0.125797
0.23035499999999998
0.319584
0.392091
0.42945
0.426827
0.384204
0.308047
0.213876
0.11402
0.025718
0.0
0.0
0.0
0.0
0.0
0.0
0.0
0.0
0.0
0.0
0.0
0.0
0.022888000000000002
0.12704000000000001
0.23040799999999997
0.318868
0.385775
0.423349
0.421009
0.38349500000000003
0.30891
0.214764
0.114211
0.026521999999999997
0.0
0.0
0.0
0.0
0.0
0.0
0.0
0.0
0.0
0.0
0.0
0.0
0.024565999999999998
0.128842
0.235708
0.33128199999999997
0.40278800000000003
0.438423
0.434028
0.38892200000000005
0.312996
0.217512
0.118074
0.027885999999999998
0.0
0.0
0.0
0.0
0.0
0.0
0.0
0.0
0.0
0.0
0.0
0.0
0.026355
0.13144399999999998
0.237755
0.332646
0.404784
0.44319600000000003
0.440425
0.39668000000000003
0.319682
0.223258
0.12098300000000001
0.029375
0.0
0.0
0.0
0.0
0.0
0.0
0.0
0.0
0.0
0.0
0.0
0.0
0.028835999999999997
0.13402699999999998
0.245242
0.341988
0.40658
0.43068900000000004
0.41936900000000005
0.38700999999999997
0.315564
0.222059
0.12036
0.029856
0.0
0.0
0.0
0.0
0.0
0.0
0.0
0.0
0.0
0.0
0.0
0.0
0.030850000000000002
0.136609
0.248529
0.345032
0.418422
0.45392899999999997
0.448393
0.400621
0.321867
0.22540700000000002
0.12258100000000001
0.031211
0.0
0.0
0.0
0.0
0.0
0.0
0.0
0.0
0.0
0.0
0.0
0.0
0.032927
0.139154
0.248925
0.34277300000000005
0.407505
0.434967
0.423294
0.380872
0.308419
0.21885400000000002
0.122251
0.03152
0.0
0.0
0.0
0.0
0.0
0.0
0.0
0.0
0.0
0.0
0.0
0.0
0.034434
0.13952799999999999
0.24824000000000002
0.34196499999999996
0.40716199999999997
0.43706599999999995
0.42953800000000003
0.386858
0.314341
0.221512
0.12201000000000001
0.031998
0.0
0.0
0.0
0.0
0.0
0.0
0.0
0.0
0.0
0.0
0.0
0.0
0.03485
0.13876
0.24407900000000002
0.332596
0.401706
0.43595999999999996
0.43204899999999996
0.3892
0.31589999999999996
0.22348500000000002
0.123522
0.033398000000000004
0.0
0.0
0.0
0.0
0.0
0.0
0.0
0.0
0.0
0.0
0.0
0.0
0.037242
0.141637
0.246982
0.336339
0.420868
0.462589
0.45708800000000005
0.406729
0.326083
0.22834700000000002
0.125909
0.034158
0.0
0.0
0.0
0.0
0.0
0.0
0.0
0.0
0.0
0.0
0.0
0.0
0.039187
0.143367
0.24875999999999998
0.337891
0.41295
0.45031299999999996
0.44506999999999997
0.397138
0.320132
0.22575800000000001
0.126632
0.034822000000000006
0.0
0.0
0.0
0.0
0.0
0.0
0.0
0.0
0.0
0.0
0.0
0.0
0.040629
0.145284
0.250378
0.33731599999999995
0.413074
0.44963400000000003
0.44377
0.396197
0.31942000000000004
0.225448
0.125939
0.035262999999999996
0.0
0.0
0.0
0.0
0.0
0.0
0.0
0.0
0.0
0.0
0.0
0.0
0.042113
0.14706
0.254173
0.347235
0.412661
0.44359899999999997
0.439318
0.39861
0.32270499999999996
0.22770500000000002
0.127607
0.036457
0.0
0.0
0.0
0.0
0.0
0.0
0.0
0.0
0.0
0.0
0.0
0.0
0.044135
0.151427
0.261096
0.35803199999999996
0.428107
0.461784
0.456323
0.412118
0.33550599999999997
0.23771799999999998
0.13300299999999998
0.038560000000000004
0.0
0.0
0.0
0.0
0.0
0.0
0.0
0.0
0.0
0.0
0.0
0.0
0.041438
0.13612
0.2336
0.319091
0.381662
0.413089
0.404882
0.361734
0.291694
0.20537799999999998
0.115476
0.033639
0.0
0.0
0.0
0.0
0.0
0.0
0.0
0.0
0.0
0.0
0.0
0.0
0.043461
0.138879
0.237322
0.323409
0.385658
0.415839
0.409609
0.36704899999999996
0.296336
0.211172
0.120144
0.035911
0.0
0.0
0.0
0.0
0.0
0.0
0.0
0.0
0.0
0.0
0.0
0.0
0.045932
0.140819
0.23762799999999998
0.32220299999999996
0.386383
0.417959
0.41108100000000003
0.366944
0.295292
0.208983
0.11833400000000001
0.035765
0.0
0.0
0.0
0.0
0.0
0.0
0.0
0.0
0.0
0.0
0.0
0.0
0.047068
0.142926
0.239885
0.32327300000000003
0.378063
0.399579
0.387938
0.35259199999999996
0.288784
0.20612799999999998
0.11807
0.036546999999999996
0.0
0.0
0.0
0.0
0.0
0.0
0.0
0.0
0.0
0.0
0.0
0.0
0.047956000000000006
0.140309
0.230835
0.308288
0.369017
0.400934
0.396613
0.357566
0.29057499999999997
0.206607
0.117893
0.036694000000000004
0.0
0.0
0.0
0.0
0.0
0.0
0.0
0.0
0.0
0.0
0.0
0.0
0.050322000000000006
0.14591800000000002
0.24074600000000002
0.323154
0.38268
0.409985
0.402477
0.362721
0.29507
0.210008
0.119696
0.037128
0.0
0.0
0.0
0.0
0.0
0.0
0.0
0.0
0.0
0.0
0.0
0.0
0.051459000000000005
0.146436
0.24186000000000002
0.32493500000000003
0.38569
0.413951
0.405657
0.361346
0.29078699999999996
0.20688399999999998
0.119353
0.037389000000000006
0.0
0.0
0.0
0.0
0.0
0.0
0.0
0.0
0.0
0.0
0.0
0.0
0.052814
0.147519
0.241924
0.322327
0.381003
0.40648399999999996
0.395994
0.351972
0.282968
0.20228
0.118092
0.037923
0.0
0.0
0.0
0.0
0.0
0.0
0.0
0.0
0.0
0.0
0.0
0.0
0.05399
0.147785
0.242036
0.323393
0.381624
0.407764
0.39839199999999997
0.356783
0.290099
0.206945
0.12026
0.038886000000000004
0.0
0.0
0.0
0.0
0.0
0.0
0.0
0.0
0.0
0.0
0.0
0.0
0.055367
0.146313
0.23456
0.30985
0.376513
0.40676799999999996
0.399634
0.35702999999999996
0.286377
0.205974
0.12209300000000001
0.039964
0.0
0.0
0.0
0.0
0.0
0.0
0.0
0.0
0.0
0.0
0.0
0.0
0.057263
0.148779
0.236591
0.31029500000000004
0.37889999999999996
0.41045600000000004
0.40346699999999996
0.35992799999999997
0.290991
0.20822200000000002
0.120977
0.039952
0.0
0.0
0.0
0.0
0.0
0.0
0.0
0.0
0.0
0.0
0.0
0.0
0.058986
0.152858
0.24526900000000001
0.3242
0.380284
0.405067
0.396022
0.34979899999999997
0.281857
0.203595
0.12222100000000001
0.041602
0.0
0.0
0.0
0.0
0.0
0.0
0.0
0.0
0.0
0.0
0.0
0.0
0.06038
0.15187
0.241558
0.320413
0.38255
0.411461
0.404226
0.361899
0.293507
0.20968799999999999
0.121957
0.041366999999999994
0.0
0.0
0.0
0.0
0.0
0.0
0.0
0.0
0.0
0.0
0.0
0.0
0.061312
0.151809
0.238813
0.311425
0.374501
0.404206
0.39758699999999997
0.35588099999999995
0.289828
0.208649
0.12307699999999999
0.042475
0.0
0.0
0.0
0.0
0.0
0.0
0.0
0.0
0.0
0.0
0.0
0.0
0.062978
0.153421
0.239079
0.311818
0.380532
0.409715
0.40233199999999997
0.361331
0.293808
0.211531
0.124518
0.043768
0.0
0.0
0.0
0.0
0.0
0.0
0.0
0.0
0.0
0.0
0.0
0.0
0.064731
0.158257
0.246891
0.322921
0.383149
0.41068
0.403754
0.367253
0.301776
0.219733
0.130008
0.046139
0.0
0.0
0.0
0.0
0.0
0.0
0.0
0.0
0.0
0.0
0.0
0.00019600000000000002
0.06572199999999999
0.158018
0.24692
0.322858
0.377532
0.405632
0.400852
0.366191
0.301004
0.218023
0.128078
0.045727
0.0
0.0
0.0
0.0
0.0
0.0
0.0
0.0
0.0
0.0
0.0
0.0007930000000000001
0.06718600000000001
0.15733000000000003
0.245143
0.318687
0.371074
0.395154
0.388004
0.36028
0.297726
0.216626
0.12877699999999997
0.046972
0.0
0.0
0.0
0.0
0.0
0.0
0.0
0.0
0.0
0.0
0.0
0.001392
0.068464
0.16245500000000002
0.254792
0.337051
0.395434
0.421212
0.41395299999999996
0.376298
0.309554
0.225064
0.134398
0.049683
0.0
0.0
0.0
0.0
0.0
0.0
0.0
0.0
0.0
0.0
0.0
0.001436
0.07267
0.168927
0.263778
0.346782
0.402363
0.42558100000000004
0.413295
0.370405
0.30286900000000005
0.220363
0.13259100000000001
0.049644
0.0
0.0
0.0
0.0
0.0
0.0
0.0
0.0
0.0
0.0
0.0
0.001799
0.07136100000000001
0.162218
0.25012799999999996
0.323649
0.381521
0.40839
0.403246
0.363334
0.297785
0.216841
0.130911
0.049254
0.0
0.0
0.0
0.0
0.0
0.0
0.0
0.0
0.0
0.0
0.0
0.002277
0.073949
0.167604
0.258907
0.338284
0.399524
0.428188
0.42014
0.374191
0.30419799999999997
0.216264
0.133168
0.05059
0.0
0.0
0.0
0.0
0.0
0.0
0.0
0.0
0.0
0.0
0.0
0.002796
0.07490300000000001
0.167436
0.254179
0.32708499999999996
0.378627
0.403069
0.39527100000000004
0.364028
0.30270600000000003
0.21783000000000002
0.13544499999999998
0.052086
0.0
0.0
0.0
0.0
0.0
0.0
0.0
0.0
0.0
0.0
0.0
0.003898
0.07600900000000001
0.169827
0.260315
0.34126
0.399117
0.426818
0.41927
0.376965
0.309364
0.222572
0.137472
0.053308
0.0
0.0
0.0
0.0
0.0
0.0
0.0
0.0
0.0
0.0
0.0
0.004450999999999999
0.079289
0.17601499999999998
0.270215
0.35178699999999996
0.41074900000000003
0.436687
0.427651
0.384198
0.314112
0.22519999999999998
0.13897900000000002
0.054102
0.0
0.0
0.0
0.0
0.0
0.0
0.0
0.0
0.0
0.0
0.0
0.005115000000000001
0.080399
0.172436
0.25912599999999997
0.331657
0.38315499999999997
0.40576100000000004
0.39669299999999996
0.358007
0.295741
0.21507400000000002
0.136722
0.053606
0.0
0.0
0.0
0.0
0.0
0.0
0.0
0.0
0.0
0.0
0.0
0.005764999999999999
0.080613
0.173579
0.263386
0.342017
0.39867
0.425699
0.416402
0.370634
0.301833
0.217557
0.136505
0.053463000000000004
0.0
0.0
0.0
0.0
0.0
0.0
0.0
0.0
0.0
0.0
0.0
0.007102000000000001
0.08147599999999999
0.171876
0.256553
0.32858800000000005
0.389178
0.419088
0.411135
0.367031
0.30001
0.21657900000000002
0.13541499999999998
0.053642
0.0
0.0
0.0
0.0
0.0
0.0
0.0
0.0
0.0
0.0
0.0
0.009011
0.082941
0.174151
0.259976
0.330809
0.379709
0.401903
0.397783
0.364699
0.30303800000000003
0.219705
0.13724899999999998
0.054701
2.9e-05
0.0
0.0
0.0
0.0
0.0
0.0
0.0
0.0
0.0
0.0
0.00975
0.083669
0.172647
0.255642
0.324457
0.38366300000000003
0.412034
0.405381
0.365409
0.301093
0.21770799999999998
0.136283
0.054935000000000005
0.0005989999999999999
0.0
0.0
0.0
0.0
0.0
0.0
0.0
0.0
0.0
0.0
0.009715999999999999
0.09198999999999999
0.195029
0.292531
0.377257
0.433999
0.46029899999999996
0.45306599999999997
0.414288
0.34221300000000004
0.251324
0.15337399999999998
0.061075000000000004
0.001236
0.0
0.0
0.0
0.0
0.0
0.0
0.0
0.0
0.0
0.0
0.010501
0.094092
0.194524
0.285228
0.362009
0.431782
0.464399
0.456416
0.412431
0.340078
0.249571
0.152501
0.061247
0.001806
0.0
0.0
0.0
0.0
0.0
0.0
0.0
0.0
0.0
0.0
0.010837
0.094237
0.194047
0.285024
0.358631
0.42238099999999995
0.453717
0.44911599999999996
0.409755
0.340089
0.250821
0.154359
0.062786
0.0011
0.0
0.0
0.0
0.0
0.0
0.0
0.0
0.0
0.0
0.0
0.011582
0.095314
0.19537000000000002
0.285377
0.360948
0.427157
0.455597
0.446654
0.397364
0.323914
0.238817
0.149157
0.061817
0.0014479999999999999
0.0
0.0
0.0
0.0
0.0
0.0
0.0
0.0
0.0
0.0
0.012679000000000001
0.09453
0.196396
0.293606
0.378513
0.437419
0.464443
0.45438
0.408163
0.3355
0.249059
0.15639599999999998
0.065039
0.001608
0.0
0.0
0.0
0.0
0.0
0.0
0.0
0.0
0.0
0.0
0.015064
0.09802200000000001
0.200563
0.298725
0.383481
0.448297
0.479832
0.47106
0.419993
0.344731
0.25613600000000003
0.16056600000000001
0.067307
0.002241
0.0
0.0
0.0
0.0
0.0
0.0
0.0
0.0
0.0
0.0
0.016035
0.099627
0.202997
0.301935
0.385596
0.44637099999999996
0.472371
0.463158
0.41877800000000004
0.346274
0.257504
0.16111099999999998
0.068205
0.002746
0.0
0.0
0.0
0.0
0.0
0.0
0.0
0.0
0.0
0.0
0.016672
0.100539
0.202741
0.301392
0.385507
0.444105
0.470355
0.46161
0.418877
0.347331
0.258423
0.16134700000000002
0.068486
0.0031810000000000002
0.0
0.0
0.0
0.0
0.0
0.0
0.0
0.0
0.0
0.0
0.017631
0.10151600000000001
0.202901
0.297505
0.378606
0.429135
0.45124400000000003
0.44224
0.40863499999999997
0.340592
0.253774
0.15854300000000002
0.06766
0.003485
0.0
0.0
0.0
0.0
0.0
0.0
0.0
0.0
0.0
0.0
0.018161999999999998
0.101502
0.201123
0.294901
0.37743400000000005
0.44068999999999997
0.471198
0.46275599999999995
0.415871
0.34331
0.25447
0.160853
0.069185
0.004064
0.0
0.0
0.0
0.0
0.0
0.0
0.0
0.0
0.0
0.0
0.018763000000000002
0.101377
0.202495
0.297803
0.37952800000000003
0.43196100000000004
0.455108
0.44749500000000003
0.415506
0.346985
0.258318
0.16272
0.070593
0.004084
0.0
0.0
0.0
0.0
0.0
0.0
0.0
0.0
0.0
0.0
0.019517
0.103425
0.204527
0.299844
0.38164499999999996
0.441525
0.46777199999999997
0.45891000000000004
0.41434
0.343789
0.256118
0.162306
0.070894
0.004501000000000001
0.0
0.0
0.0
0.0
0.0
0.0
0.0
0.0
0.0
0.0
0.019711
0.10371899999999999
0.201909
0.292469
0.367016
0.43413999999999997
0.464689
0.45646499999999995
0.411556
0.341823
0.254788
0.16195400000000001
0.070466
0.0051600000000000005
0.0
0.0
0.0
0.0
0.0
0.0
0.0
0.0
0.0
0.0
0.020513
0.10567700000000001
0.205489
0.298887
0.37629199999999996
0.423968
0.44036200000000003
0.429261
0.399675
0.335275
0.252204
0.16005699999999998
0.070195
0.005715
0.0
0.0
0.0
0.0
0.0
0.0
0.0
0.0
0.0
0.0
0.021103999999999998
0.10441800000000001
0.20168899999999998
0.289709
0.36267
0.430975
0.460685
0.451796
0.406327
0.336194
0.251348
0.16000399999999998
0.070769
0.006343
0.0
0.0
0.0
0.0
0.0
0.0
0.0
0.0
0.0
0.0
0.021783
0.10503900000000001
0.200936
0.28831799999999996
0.36144
0.411048
0.43381400000000003
0.424209
0.40108699999999997
0.33675700000000003
0.253024
0.161232
0.071647
0.006455
0.0
0.0
0.0
0.0
0.0
0.0
0.0
0.0
0.0
0.0
0.022329
0.105384
0.201654
0.290222
0.363479
0.422954
0.45129199999999997
0.44508499999999995
0.40726
0.341476
0.257284
0.164417
0.073806
0.0073230000000000005
0.0
0.0
0.0
0.0
0.0
0.0
0.0
0.0
0.0
0.0
0.023268999999999998
0.10691200000000001
0.203266
0.29154199999999997
0.36447
0.42330900000000005
0.452126
0.446859
0.408154
0.341019
0.256438
0.165252
0.07465999999999999
0.007977999999999999
0.0
0.0
0.0
0.0
0.0
0.0
0.0
0.0
0.0
0.0
0.023343
0.107678
0.203237
0.29051299999999997
0.362351
0.41186
0.432318
0.42308100000000004
0.399023
0.33536200000000005
0.252174
0.159989
0.07265300000000001
0.009362
0.0
0.0
0.0
0.0
0.0
0.0
0.0
0.0
0.0
0.0
0.023721
0.10757800000000001
0.2076
0.30128
0.381921
0.43578300000000003
0.457158
0.443673
0.403528
0.335902
0.25183
0.160633
0.072785
0.009944000000000001
0.0
0.0
0.0
0.0
0.0
0.0
0.0
0.0
0.0
0.0
0.024396
0.10808
0.202704
0.28625
0.354705
0.414972
0.44347000000000003
0.43645999999999996
0.398457
0.333445
0.250871
0.161229
0.073544
0.009968
0.0
0.0
0.0
0.0
0.0
0.0
0.0
0.0
0.0
0.0
0.024227000000000002
0.10713400000000001
0.205417
0.298589
0.37622000000000005
0.418721
0.429116
0.420012
0.405939
0.341292
0.258353
0.168077
0.077947
0.011448
0.0
0.0
0.0
0.0
0.0
0.0
0.0
0.0
0.0
0.0
0.025807
0.110732
0.206346
0.292677
0.36461200000000005
0.414404
0.436199
0.426262
0.406642
0.341834
0.256775
0.165354
0.07633
0.011491
0.0
0.0
0.0
0.0
0.0
0.0
0.0
0.0
0.0
0.0
0.02623
0.109893
0.2043
0.290327
0.35983699999999996
0.42158300000000004
0.450901
0.444807
0.405007
0.33904199999999995
0.255464
0.165813
0.077292
0.012148999999999998
0.0
0.0
0.0
0.0
0.0
0.0
0.0
0.0
0.0
0.0
0.026199999999999998
0.110421
0.20505600000000002
0.290281
0.361419
0.426576
0.45569400000000004
0.447935
0.40620100000000003
0.33938999999999997
0.256898
0.16655
0.077624
0.012209
0.0
0.0
0.0
0.0
0.0
0.0
0.0
0.0
0.0
0.0
0.02682
0.110019
0.20390899999999998
0.28910399999999997
0.358741
0.427141
0.45641899999999996
0.45010300000000003
0.40830099999999997
0.340334
0.25694
0.165746
0.077464
0.012661
0.0
0.0
0.0
0.0
0.0
0.0
0.0
0.0
0.0
0.0
0.026624
0.109969
0.20373500000000003
0.288158
0.358834
0.410795
0.43958600000000003
0.436838
0.402929
0.33920999999999996
0.256204
0.16659800000000002
0.078611
0.013295999999999999
0.0
0.0
0.0
0.0
0.0
0.0
0.0
0.0
0.0
0.0
0.027263000000000003
0.10978199999999999
0.202826
0.287443
0.356601
0.418943
0.448327
0.442824
0.402418
0.336831
0.255167
0.166355
0.07895
0.013231999999999999
0.0
0.0
0.0
0.0
0.0
0.0
0.0
0.0
0.0
0.0
0.027166
0.110306
0.203474
0.28768099999999996
0.35750099999999996
0.410798
0.441193
0.4388
0.403802
0.33852699999999997
0.256472
0.166908
0.079296
0.013890000000000001
0.0
0.0
0.0
0.0
0.0
0.0
0.0
0.0
0.0
0.0
0.027259000000000002
0.111693
0.208118
0.297783
0.374392
0.424615
0.446695
0.436981
0.40078800000000003
0.335565
0.254068
0.166316
0.079456
0.01434
0.0
0.0
0.0
0.0
0.0
0.0
0.0
0.0
0.0
0.0
0.027901
0.110268
0.202306
0.28507299999999997
0.353871
0.401307
0.42208
0.413534
0.39581299999999997
0.335298
0.254585
0.166723
0.079933
0.014278
0.0
0.0
0.0
0.0
0.0
0.0
0.0
0.0
0.0
0.0
0.024395
0.13647800000000002
0.269952
0.38709899999999997
0.483861
0.548995
0.577329
0.565087
0.514312
0.433349
0.33087099999999997
0.214995
0.096314
0.013278
0.0
0.0
0.0
0.0
0.0
0.0
0.0
0.0
0.0
0.0
0.024198
0.135443
0.266265
0.380941
0.477733
0.552481
0.587936
0.578372
0.528577
0.443775
0.33665300000000004
0.217847
0.098053
0.01397
0.0
0.0
0.0
0.0
0.0
0.0
0.0
0.0
0.0
0.0
0.024506
0.13855199999999998
0.274215
0.394154
0.493228
0.568437
0.6008
0.5895090000000001
0.532409
0.446027
0.34008499999999997
0.22284
0.10118200000000001
0.014403000000000001
0.0
0.0
0.0
0.0
0.0
0.0
0.0
0.0
0.0
0.0
0.025045
0.140711
0.278507
0.401747
0.505097
0.583116
0.618709
0.6076090000000001
0.549676
0.45828800000000003
0.347703
0.22656
0.1029
0.015314
0.0
0.0
0.0
0.0
0.0
0.0
0.0
0.0
0.0
0.0
0.025768999999999997
0.139972
0.277057
0.40105399999999997
0.503857
0.5653210000000001
0.585462
0.566366
0.531685
0.452223
0.345545
0.223825
0.102105
0.015548
0.0
0.0
0.0
0.0
0.0
0.0
0.0
0.0
0.0
0.0
0.025399
0.136992
0.267596
0.383727
0.48258
0.555728
0.592525
0.58474
0.536234
0.451297
0.342951
0.222215
0.101549
0.015169
0.0
0.0
0.0
0.0
0.0
0.0
0.0
0.0
0.0
0.0
0.025005
0.13505799999999998
0.26637299999999997
0.383943
0.480572
0.544988
0.571671
0.558885
0.508444
0.429382
0.330407
0.21821000000000002
0.10034799999999999
0.015512
0.0
0.0
0.0
0.0
0.0
0.0
0.0
0.0
0.0
0.0
0.024271
0.13421100000000002
0.266747
0.385164
0.48374599999999995
0.5526420000000001
0.582705
0.571514
0.5209210000000001
0.437667
0.33348700000000003
0.218419
0.10099599999999999
0.01537
0.0
0.0
0.0
0.0
0.0
0.0
0.0
0.0
0.0
0.0
0.024498000000000002
0.135356
0.26762400000000003
0.385577
0.483433
0.552458
0.583073
0.572091
0.5183099999999999
0.43487400000000004
0.33213600000000004
0.219238
0.101101
0.015879
0.0
0.0
0.0
0.0
0.0
0.0
0.0
0.0
0.0
0.0
0.024332999999999997
0.13253
0.260716
0.37310899999999997
0.468274
0.535576
0.56794
0.5600069999999999
0.513083
0.434005
0.331533
0.218154
0.101024
0.015765
0.0
0.0
0.0
0.0
0.0
0.0
0.0
0.0
0.0
0.0
0.024061
0.133563
0.265719
0.383144
0.480737
0.5491950000000001
0.580175
0.568678
0.518236
0.43701100000000004
0.33428800000000003
0.221422
0.103875
0.016729
0.0
0.0
0.0
0.0
0.0
0.0
0.0
0.0
0.0
0.0
0.024489
0.133614
0.266009
0.385809
0.48536399999999996
0.553808
0.581998
0.567547
0.507775
0.424659
0.328384
0.221131
0.103677
0.016611
0.0
0.0
0.0
0.0
0.0
0.0
0.0
0.0
0.0
0.0
0.024364
0.133075
0.265161
0.38555
0.485832
0.555967
0.5881839999999999
0.575852
0.521644
0.437716
0.334998
0.22237700000000002
0.105259
0.016780999999999997
0.0
0.0
0.0
0.0
0.0
0.0
0.0
0.0
0.0
0.0
0.024272
0.134679
0.26767799999999997
0.386589
0.485273
0.556716
0.590823
0.577566
0.515344
0.423979
0.321981
0.21881399999999998
0.104253
0.017155999999999998
0.0
0.0
0.0
0.0
0.0
0.0
0.0
0.0
0.0
0.0
0.024247
0.133579
0.26425400000000004
0.381301
0.478721
0.545763
0.578598
0.5706749999999999
0.524554
0.443132
0.339694
0.223498
0.10497100000000001
0.017111
0.0
0.0
0.0
0.0
0.0
0.0
0.0
0.0
0.0
0.0
0.024236
0.13365000000000002
0.263354
0.377092
0.473745
0.550543
0.588116
0.579857
0.526449
0.44385199999999997
0.340041
0.225479
0.106533
0.017797
0.0
0.0
0.0
0.0
0.0
0.0
0.0
0.0
0.0
0.0
0.024054
0.13397399999999998
0.26960500000000004
0.39322
0.49712799999999996
0.563437
0.586194
0.565465
0.524694
0.44616
0.342545
0.225853
0.10719100000000001
0.017963999999999997
0.0
0.0
0.0
0.0
0.0
0.0
0.0
0.0
0.0
0.0
0.024471
0.13517500000000002
0.26848099999999997
0.384612
0.478419
0.542829
0.572806
0.56476
0.520331
0.44240300000000005
0.34110199999999996
0.22837000000000002
0.109077
0.01815
0.0
0.0
0.0
0.0
0.0
0.0
0.0
0.0
0.0
0.0
0.023649999999999997
0.134767
0.269504
0.390493
0.49162700000000004
0.562774
0.595966
0.5850789999999999
0.532807
0.44931099999999996
0.34469900000000003
0.22923
0.10916100000000001
0.018664999999999998
0.0
0.0
0.0
0.0
0.0
0.0
0.0
0.0
0.0
0.0
0.023318000000000002
0.130912
0.260027
0.37450599999999995
0.470767
0.540862
0.573664
0.564775
0.505807
0.42586399999999996
0.33348099999999997
0.227335
0.108943
0.018636
0.0
0.0
0.0
0.0
0.0
0.0
0.0
0.0
0.0
0.0
0.023504
0.13386199999999998
0.267708
0.38717
0.48507100000000003
0.5575650000000001
0.591595
0.5821430000000001
0.527602
0.44306599999999996
0.340854
0.22787000000000002
0.10941
0.018511
0.0
0.0
0.0
0.0
0.0
0.0
0.0
0.0
0.0
0.0
0.023437
0.13176400000000002
0.262681
0.379427
0.47470999999999997
0.5376299999999999
0.567006
0.560174
0.517181
0.439897
0.340252
0.231109
0.113105
0.019583
0.0
0.0
0.0
0.0
0.0
0.0
0.0
0.0
0.0
0.0
0.023108
0.13145500000000002
0.265531
0.38804
0.49236599999999997
0.5671889999999999
0.60342
0.595438
0.543717
0.458678
0.35142399999999996
0.233473
0.11220000000000001
0.019760000000000003
0.0
0.0
0.0
0.0
0.0
0.0
0.0
0.0
0.0
0.0
0.022844
0.133215
0.2707
0.39471300000000004
0.49793
0.564191
0.587324
0.568867
0.5207240000000001
0.44182
0.34089800000000003
0.227387
0.10998000000000001
0.019214
0.0
0.0
0.0
0.0
0.0
0.0
0.0
0.0
0.0
0.0
0.02239
0.129559
0.26190199999999997
0.381906
0.481859
0.5473279999999999
0.57724
0.567551
0.5243680000000001
0.445087
0.343995
0.229839
0.111224
0.019449
0.0
0.0
0.0
0.0
0.0
0.0
0.0
0.0
0.0
0.0
0.022361
0.131272
0.266933
0.388488
0.48751799999999995
0.557475
0.587681
0.576195
0.517963
0.437377
0.341617
0.232856
0.11348
0.019958
0.0
0.0
0.0
0.0
0.0
0.0
0.0
0.0
0.0
0.0
0.021934000000000002
0.132623
0.27047699999999997
0.396208
0.50216
0.574638
0.607596
0.597883
0.552207
0.469134
0.36173099999999997
0.242281
0.11770699999999999
0.020911000000000003
0.0
0.0
0.0
0.0
0.0
0.0
0.0
0.0
0.0
0.0
0.022364000000000002
0.133912
0.275393
0.40339299999999995
0.510213
0.587333
0.624226
0.616063
0.5647859999999999
0.478235
0.367574
0.245636
0.11839799999999999
0.020982
0.0
0.0
0.0
0.0
0.0
0.0
0.0
0.0
0.0
0.0
0.022087
0.130373
0.269156
0.395502
0.501483
0.567411
0.588544
0.5711390000000001
0.5367609999999999
0.46007400000000004
0.356077
0.23744300000000002
0.11472199999999999
0.020225999999999997
0.0
0.0
0.0
0.0
0.0
0.0
0.0
0.0
0.0
0.0
0.02123
0.128478
0.26537700000000003
0.389186
0.49141199999999996
0.5594690000000001
0.587757
0.577265
0.533511
0.45404199999999995
0.35005200000000003
0.23329499999999997
0.11341899999999999
0.019835000000000002
0.0
0.0
0.0
0.0
0.0
0.0
0.0
0.0
0.0
0.0
0.021527
0.122898
0.247781
0.362664
0.458406
0.517971
0.541477
0.5322939999999999
0.49895
0.421976
0.326007
0.221739
0.110408
0.020839
0.0
0.0
0.0
0.0
0.0
0.0
0.0
0.0
0.0
0.0
0.021498
0.12038800000000001
0.244754
0.359341
0.453993
0.507486
0.5172770000000001
0.505871
0.49411700000000003
0.421107
0.32490800000000003
0.21588300000000002
0.106744
0.019797000000000002
0.0
0.0
0.0
0.0
0.0
0.0
0.0
0.0
0.0
0.0
0.021335999999999997
0.12003100000000001
0.245848
0.360404
0.45669299999999996
0.511765
0.519949
0.50151
0.494315
0.420862
0.324487
0.215454
0.105822
0.019644
0.0
0.0
0.0
0.0
0.0
0.0
0.0
0.0
0.0
0.0
0.020437999999999998
0.12021899999999999
0.246195
0.36238400000000004
0.460747
0.524675
0.548782
0.536336
0.500779
0.42196
0.32416500000000004
0.215807
0.106098
0.019718
0.0
0.0
0.0
0.0
0.0
0.0
0.0
0.0
0.0
0.0
0.020591
0.120147
0.241655
0.351538
0.446366
0.528916
0.5715990000000001
0.568195
0.51579
0.429513
0.329252
0.219088
0.108107
0.020519
0.0
0.0
0.0
0.0
0.0
0.0
0.0
0.0
0.0
0.0
0.020510999999999998
0.122172
0.246328
0.35201
0.43687099999999995
0.517948
0.5575460000000001
0.553159
0.508931
0.427016
0.328471
0.218113
0.107428
0.020302
0.0
0.0
0.0
0.0
0.0
0.0
0.0
0.0
0.0
0.0
0.019983
0.11746899999999999
0.240644
0.352767
0.44641699999999995
0.510981
0.5422720000000001
0.537738
0.500493
0.423036
0.326245
0.217232
0.10707299999999999
0.019961
0.0
0.0
0.0
0.0
0.0
0.0
0.0
0.0
0.0
0.0
0.01927
0.11926600000000001
0.245096
0.36075799999999997
0.45671300000000004
0.5194099999999999
0.54365
0.532584
0.494272
0.417967
0.322654
0.21546
0.106027
0.019742000000000003
0.0
0.0
0.0
0.0
0.0
0.0
0.0
0.0
0.0
0.0
0.019067
0.115946
0.235467
0.339971
0.424202
0.499689
0.5383859999999999
0.537327
0.496789
0.418702
0.32185
0.213761
0.104957
0.018889
0.0
0.0
0.0
0.0
0.0
0.0
0.0
0.0
0.0
0.0
0.018216
0.11504500000000001
0.232661
0.336451
0.419233
0.492923
0.5321739999999999
0.5299360000000001
0.489707
0.413737
0.318866
0.213484
0.104813
0.018848
0.0
0.0
0.0
0.0
0.0
0.0
0.0
0.0
0.0
0.0
0.017469000000000002
0.11368600000000001
0.23152899999999998
0.336044
0.42055000000000003
0.497096
0.538702
0.5378809999999999
0.495201
0.415538
0.31991
0.21299600000000002
0.10435599999999999
0.018902000000000002
0.0
0.0
0.0
0.0
0.0
0.0
0.0
0.0
0.0
0.0
0.017073
0.113198
0.238073
0.35137799999999997
0.445697
0.517283
0.551241
0.543571
0.492137
0.408786
0.31303800000000004
0.20894100000000002
0.102892
0.018664
0.0
0.0
0.0
0.0
0.0
0.0
0.0
0.0
0.0
0.0
0.016391
0.111523
0.23609
0.350274
0.446459
0.510911
0.539388
0.527832
0.485906
0.40907299999999996
0.315137
0.21088200000000001
0.103581
0.018154
0.0
0.0
0.0
0.0
0.0
0.0
0.0
0.0
0.0
0.0
0.016305
0.11089700000000001
0.23487200000000003
0.349397
0.44643
0.512404
0.542418
0.534231
0.491633
0.411952
0.31633300000000003
0.210664
0.102789
0.018119
0.0
0.0
0.0
0.0
0.0
0.0
0.0
0.0
0.0
0.0
0.016484000000000002
0.11190399999999999
0.23147900000000002
0.337022
0.42161200000000004
0.5118469999999999
0.551259
0.5466420000000001
0.5004730000000001
0.419028
0.321565
0.21368299999999998
0.10407599999999999
0.017766999999999998
0.0
0.0
0.0
0.0
0.0
0.0
0.0
0.0
0.0
0.0
0.015771
0.11012999999999999
0.233087
0.346693
0.442773
0.513436
0.548141
0.542308
0.497807
0.416557
0.31992000000000004
0.213857
0.103807
0.017869
0.0
0.0
0.0
0.0
0.0
0.0
0.0
0.0
0.0
0.0
0.015598
0.108936
0.233679
0.350812
0.448747
0.516972
0.548571
0.5403859999999999
0.49074599999999996
0.409333
0.315329
0.21092
0.102472
0.017558
0.0
0.0
0.0
0.0
0.0
0.0
0.0
0.0
0.0
0.0
0.015243
0.10935500000000001
0.22959100000000002
0.33528399999999997
0.420781
0.494047
0.530918
0.524533
0.469556
0.388288
0.30053500000000005
0.20692
0.100843
0.016872
0.0
0.0
0.0
0.0
0.0
0.0
0.0
0.0
0.0
0.0
0.014511
0.10746299999999999
0.226677
0.331712
0.416077
0.489351
0.529218
0.528421
0.48955
0.411342
0.315971
0.209204
0.10082899999999999
0.016749
0.0
0.0
0.0
0.0
0.0
0.0
0.0
0.0
0.0
0.0
0.014311
0.107742
0.23525
0.353489
0.45267
0.519803
0.548774
0.5401130000000001
0.49984100000000004
0.418126
0.319361
0.21057800000000002
0.101167
0.016291
0.0
0.0
0.0
0.0
0.0
0.0
0.0
0.0
0.0
0.0
0.013616
0.103961
0.227263
0.343157
0.442924
0.5169279999999999
0.552943
0.545828
0.496959
0.413662
0.316873
0.210125
0.101455
0.015847
0.0
0.0
0.0
0.0
0.0
0.0
0.0
0.0
0.0
0.0
0.013336
0.107354
0.234327
0.352194
0.450464
0.51861
0.5498529999999999
0.538845
0.489498
0.40751600000000004
0.313329
0.208206
0.099892
0.015687
0.0
0.0
0.0
0.0
0.0
0.0
0.0
0.0
0.0
0.0
0.01345
0.106454
0.234377
0.353651
0.45449900000000004
0.527515
0.561217
0.551553
0.49989100000000003
0.414619
0.316058
0.20849
0.099179
0.015123
0.0
0.0
0.0
0.0
0.0
0.0
0.0
0.0
0.0
0.0
0.012903000000000001
0.105965
0.232806
0.349926
0.448346
0.513996
0.545143
0.538654
0.499467
0.419014
0.31986000000000003
0.21030500000000002
0.09965900000000001
0.015254
0.0
0.0
0.0
0.0
0.0
0.0
0.0
0.0
0.0
0.0
0.012074
0.10245900000000001
0.230594
0.35086700000000004
0.45417599999999997
0.526011
0.559925
0.5521240000000001
0.503819
0.419345
0.320635
0.211846
0.100586
0.015059
0.0
0.0
0.0
0.0
0.0
0.0
0.0
0.0
0.0
0.0
0.011609999999999999
0.103874
0.23317500000000002
0.352839
0.453934
0.5213369999999999
0.54873
0.53547
0.492729
0.41350099999999995
0.317485
0.210787
0.09994199999999999
0.014566
0.0
0.0
0.0
0.0
0.0
0.0
0.0
0.0
0.0
0.0
0.011663999999999999
0.10390600000000001
0.232902
0.35333
0.45398700000000003
0.526172
0.560472
0.550092
0.49620299999999995
0.409763
0.312507
0.207853
0.097589
0.013695
0.0
0.0
0.0
0.0
0.0
0.0
0.0
0.0
0.0
0.0
0.011002000000000001
0.10263800000000001
0.23164400000000002
0.352317
0.454146
0.524451
0.557593
0.548243
0.49965499999999996
0.416206
0.316304
0.207048
0.09732299999999999
0.013692
0.0
0.0
0.0
0.0
0.0
0.0
0.0
0.0
0.0
0.0
0.010402
0.10203100000000001
0.231794
0.353615
0.45627100000000004
0.5276219999999999
0.5603319999999999
0.550159
0.49979
0.415209
0.316286
0.207369
0.096693
0.013146000000000001
0.0
0.0
0.0
0.0
0.0
0.0
0.0
0.0
0.0
0.0
0.010549
0.10141599999999999
0.229525
0.348588
0.447517
0.521443
0.557745
0.552995
0.507461
0.423515
0.322153
0.21140899999999999
0.098448
0.013061
0.0
0.0
0.0
0.0
0.0
0.0
0.0
0.0
0.0
0.0
0.009968999999999999
0.100905
0.22862000000000002
0.344966
0.44344
0.5252100000000001
0.564702
0.559557
0.50716
0.419534
0.318742
0.20929
0.09767
0.012595
0.0
0.0
0.0
0.0
0.0
0.0
0.0
0.0
0.0
0.0
0.010018
0.09688
0.213406
0.319789
0.405401
0.460067
0.486611
0.47987
0.43885
0.371933
0.28558
0.189475
0.089684
0.011594
0.0
0.0
0.0
0.0
0.0
0.0
0.0
0.0
0.0
0.0
0.009166
0.094808
0.210936
0.31737400000000004
0.403632
0.457104
0.483671
0.475897
0.437079
0.370426
0.28420999999999996
0.18682300000000002
0.087339
0.010697
0.0
0.0
0.0
0.0
0.0
0.0
0.0
0.0
0.0
0.0
0.00848
0.09368699999999999
0.208914
0.31404899999999997
0.399432
0.454307
0.482196
0.475048
0.435076
0.36795
0.28185000000000004
0.18532200000000001
0.086312
0.010657999999999999
0.0
0.0
0.0
0.0
0.0
0.0
0.0
0.0
0.0
0.0
0.008397
0.09262300000000001
0.207165
0.31126
0.39507
0.44955399999999995
0.477562
0.470856
0.431925
0.365958
0.280353
0.18373599999999998
0.08495699999999999
0.009961000000000001
0.0
0.0
0.0
0.0
0.0
0.0
0.0
0.0
0.0
0.0
0.007545
0.090642
0.207019
0.31341
0.400263
0.456007
0.484312
0.477101
0.436998
0.369502
0.282297
0.18409999999999999
0.0843
0.009353
0.0
0.0
0.0
0.0
0.0
0.0
0.0
0.0
0.0
0.0
0.006947
0.090434
0.20718899999999998
0.31325
0.39913
0.452241
0.478418
0.470001
0.430057
0.362359
0.27711
0.181124
0.082663
0.008647
0.0
0.0
0.0
0.0
0.0
0.0
0.0
0.0
0.0
0.0
0.00625
0.089863
0.206926
0.313093
0.398677
0.45063400000000003
0.475476
0.466646
0.427862
0.361009
0.27493599999999996
0.17851499999999998
0.080989
0.007836000000000001
0.0
0.0
0.0
0.0
0.0
0.0
0.0
0.0
0.0
0.0
0.005474000000000001
0.088381
0.205117
0.311112
0.397778
0.457824
0.48095800000000005
0.47330399999999995
0.43285700000000005
0.36623
0.27940499999999996
0.182606
0.082091
0.007093
0.0
0.0
0.0
0.0
0.0
0.0
0.0
0.0
0.0
0.0
0.005514
0.09006600000000001
0.208112
0.316644
0.40509300000000004
0.469285
0.494174
0.487221
0.441866
0.370742
0.282134
0.18343700000000002
0.081978
0.006461000000000001
0.0
0.0
0.0
0.0
0.0
0.0
0.0
0.0
0.0
0.0
0.005004
0.08979300000000001
0.20827099999999998
0.316745
0.40413499999999997
0.465175
0.486414
0.478259
0.435726
0.36627
0.277621
0.17991200000000002
0.080019
0.005511
0.0
0.0
0.0
0.0
0.0
0.0
0.0
0.0
0.0
0.0
0.0043490000000000004
0.087756
0.20452099999999998
0.310625
0.396336
0.454897
0.476554
0.468041
0.428958
0.361392
0.274269
0.175459
0.076916
0.004717
0.0
0.0
0.0
0.0
0.0
0.0
0.0
0.0
0.0
0.0
0.003548
0.083865
0.1989
0.30372899999999997
0.38947899999999996
0.448573
0.47045800000000004
0.463644
0.42384
0.356819
0.2705
0.172442
0.074556
0.004182
0.0
0.0
0.0
0.0
0.0
0.0
0.0
0.0
0.0
0.0
0.0031219999999999998
0.083998
0.20062
0.307128
0.39444999999999997
0.45473899999999995
0.47634899999999997
0.468196
0.426985
0.358468
0.271262
0.17346999999999999
0.074599
0.0038959999999999997
0.0
0.0
0.0
0.0
0.0
0.0
0.0
0.0
0.0
0.0
0.003184
0.083108
0.19944900000000002
0.30531
0.392215
0.450398
0.47068099999999996
0.462141
0.42345
0.356033
0.269053
0.170756
0.072997
0.003379
0.0
0.0
0.0
0.0
0.0
0.0
0.0
0.0
0.0
0.0
0.00287
0.08417
0.202411
0.30956
0.398351
0.465142
0.493585
0.491517
0.451758
0.377942
0.282417
0.176552
0.073583
0.002561
0.0
0.0
0.0
0.0
0.0
0.0
0.0
0.0
0.0
0.0
0.002298
0.08330800000000001
0.20538900000000002
0.319974
0.417231
0.481577
0.504773
0.497593
0.460303
0.382818
0.284498
0.176724
0.072877
0.0020859999999999997
0.0
0.0
0.0
0.0
0.0
0.0
0.0
0.0
0.0
0.0
0.001748
0.082217
0.20463900000000002
0.320437
0.4182
0.486145
0.508892
0.500331
0.45641699999999996
0.37900799999999996
0.28107299999999996
0.174132
0.070225
0.001524
0.0
0.0
0.0
0.0
0.0
0.0
0.0
0.0
0.0
0.0
0.001766
0.081432
0.19966399999999998
0.30846300000000004
0.396088
0.45634399999999997
0.476943
0.46799599999999997
0.42586599999999997
0.355391
0.26661599999999996
0.166603
0.067824
0.002472
0.0
0.0
0.0
0.0
0.0
0.0
0.0
0.0
0.0
0.0
0.001142
0.08075
0.20097399999999999
0.31688299999999997
0.41551699999999997
0.486133
0.511937
0.503741
0.456462
0.377081
0.278236
0.170238
0.067204
0.001391
0.0
0.0
0.0
0.0
0.0
0.0
0.0
0.0
0.0
0.0
0.002357
0.080839
0.201653
0.317538
0.415454
0.484251
0.516014
0.49884100000000003
0.448704
0.369729
0.271776
0.165929
0.06519799999999999
0.0008020000000000001
0.0
0.0
0.0
0.0
0.0
0.0
0.0
0.0
0.0
0.0
0.0016970000000000002
0.07810500000000001
0.19603299999999999
0.30856599999999995
0.404074
0.469792
0.500204
0.486417
0.445041
0.368471
0.271459
0.1659
0.063808
0.000225
0.0
0.0
0.0
0.0
0.0
0.0
0.0
0.0
0.0
0.0
0.0010400000000000001
0.076364
0.192512
0.30039699999999997
0.388606
0.44786200000000004
0.47448399999999996
0.45907600000000004
0.445529
0.371367
0.27213
0.164323
0.062388
0.0
0.0
0.0
0.0
0.0
0.0
0.0
0.0
0.0
0.0
0.0
0.0005570000000000001
0.078196
0.201337
0.32033300000000003
0.42243200000000003
0.49430399999999997
0.528249
0.510759
0.45831099999999997
0.376587
0.275529
0.167335
0.062918
0.0
0.0
0.0
0.0
0.0
0.0
0.0
0.0
0.0
0.0
0.0
2e-06
0.077928
0.202108
0.322064
0.422751
0.49029700000000004
0.516642
0.495437
0.451052
0.372565
0.27255799999999997
0.16393000000000002
0.060700000000000004
0.0
0.0
0.0
0.0
0.0
0.0
0.0
0.0
0.0
0.0
0.0
0.0
0.07661799999999999
0.19994
0.319009
0.41962900000000003
0.488844
0.519984
0.500777
0.450718
0.369842
0.270507
0.162353
0.059067999999999996
0.0
0.0
0.0
0.0
0.0
0.0
0.0
0.0
0.0
0.0
0.0
0.0
0.074881
0.197918
0.316349
0.417805
0.48305000000000003
0.5089
0.490321
0.447241
0.36893200000000004
0.270801
0.163886
0.058976999999999995
0.0
0.0
0.0
0.0
0.0
0.0
0.0
0.0
0.0
0.0
0.0
0.0
0.07421299999999999
0.19378299999999998
0.308761
0.41003500000000004
0.491842
0.531207
0.515278
0.462206
0.37795
0.27388999999999997
0.163775
0.058115
0.0
0.0
0.0
0.0
0.0
0.0
0.0
0.0
0.0
0.0
0.0
0.0
0.074181
0.198719
0.318747
0.421536
0.494465
0.527842
0.50895
0.456947
0.37249200000000005
0.26951600000000003
0.159562
0.055036999999999996
0.0
0.0
0.0
0.0
0.0
0.0
0.0
0.0
0.0
0.0
0.0
0.0
0.074696
0.198586
0.317536
0.417537
0.48573500000000003
0.514645
0.494534
0.446756
0.367012
0.26617599999999997
0.15678899999999998
0.052995
0.0
0.0
0.0
0.0
0.0
0.0
0.0
0.0
0.0
0.0
0.0
0.0
0.073265
0.19701
0.316432
0.418707
0.491849
0.5250940000000001
0.506247
0.45228500000000005
0.36703600000000003
0.265013
0.155168
0.052020000000000004
0.0
0.0
0.0
0.0
0.0
0.0
0.0
0.0
0.0
0.0
0.0
0.0
0.07367499999999999
0.198749
0.318936
0.421619
0.490223
0.5177820000000001
0.497015
0.451112
0.369073
0.26624000000000003
0.154333
0.050183
0.0
0.0
0.0
0.0
0.0
0.0
0.0
0.0
0.0
0.0
0.0
0.0
0.075807
0.20313599999999998
0.31993400000000005
0.413133
0.505327
0.545034
0.535307
0.480238
0.39025099999999996
0.280351
0.161051
0.049207
0.0
0.0
0.0
0.0
0.0
0.0
0.0
0.0
0.0
0.0
0.0
0.0
0.075266
0.203763
0.32404
0.42215199999999997
0.489452
0.5228970000000001
0.519873
0.478242
0.392399
0.281312
0.16111099999999998
0.048801000000000004
0.0
0.0
0.0
0.0
0.0
0.0
0.0
0.0
0.0
0.0
0.0
0.0
0.074015
0.201233
0.319492
0.413989
0.49937
0.539363
0.529706
0.47502300000000003
0.386189
0.27677999999999997
0.157301
0.046232
0.0
0.0
0.0
0.0
0.0
0.0
0.0
0.0
0.0
0.0
0.0
0.0
0.072935
0.199553
0.316222
0.409671
0.471498
0.497967
0.48631
0.438226
0.360482
0.261495
0.154334
0.044073999999999995
0.0
0.0
0.0
0.0
0.0
0.0
0.0
0.0
0.0
0.0
0.0
0.0
0.071953
0.203568
0.331298
0.43756799999999996
0.506643
0.532788
0.516167
0.468983
0.381856
0.27256400000000003
0.152589
0.041783
0.0
0.0
0.0
0.0
0.0
0.0
0.0
0.0
0.0
0.0
0.0
0.0
0.071047
0.198494
0.316879
0.412214
0.476597
0.503693
0.491573
0.441909
0.36203500000000005
0.261286
0.148574
0.040936
0.0
0.0
0.0
0.0
0.0
0.0
0.0
0.0
0.0
0.0
0.0
0.0
0.07127700000000001
0.20425800000000002
0.33526799999999995
0.446753
0.5245270000000001
0.5582659999999999
0.543685
0.48256299999999996
0.38794799999999996
0.274416
0.15265299999999998
0.039985
0.0
0.0
0.0
0.0
0.0
0.0
0.0
0.0
0.0
0.0
0.0
0.0
0.070413
0.20098500000000002
0.326934
0.431162
0.49110899999999996
0.508294
0.49286
0.461838
0.378575
0.268627
0.146704
0.037085
0.0
0.0
0.0
0.0
0.0
0.0
0.0
0.0
0.0
0.0
0.0
0.0
0.068995
0.20008
0.327903
0.437493
0.514417
0.549456
0.537202
0.480368
0.388749
0.27475299999999997
0.150424
0.037177
0.0
0.0
0.0
0.0
0.0
0.0
0.0
0.0
0.0
0.0
0.0
0.0
0.069467
0.19985499999999998
0.321897
0.421017
0.501661
0.537613
0.5247759999999999
0.463055
0.37064199999999997
0.262335
0.14465199999999998
0.035849
0.0
0.0
0.0
0.0
0.0
0.0
0.0
0.0
0.0
0.0
0.0
0.0
0.068485
0.20106
0.329731
0.436786
0.505132
0.5327609999999999
0.520066
0.472626
0.382218
0.26888999999999996
0.144984
0.033832999999999995
0.0
0.0
0.0
0.0
0.0
0.0
0.0
0.0
0.0
0.0
0.0
0.0
0.06769
0.197169
0.319095
0.41685
0.496017
0.533156
0.522304
0.465507
0.374047
0.262502
0.14086600000000002
0.031309000000000003
0.0
0.0
0.0
0.0
0.0
0.0
0.0
0.0
0.0
0.0
0.0
0.0
0.06658700000000001
0.196492
0.32019200000000003
0.424465
0.509494
0.546631
0.533412
0.473713
0.37805099999999997
0.262798
0.138569
0.029117999999999998
0.0
0.0
0.0
0.0
0.0
0.0
0.0
0.0
0.0
0.0
0.0
0.0
0.065031
0.19313999999999998
0.313327
0.410269
0.476154
0.5033650000000001
0.489879
0.438154
0.354346
0.25008600000000003
0.13401400000000002
0.027920999999999998
0.0
0.0
0.0
0.0
0.0
0.0
0.0
0.0
0.0
0.0
0.0
0.0
0.06480200000000001
0.193258
0.31343099999999996
0.40901600000000005
0.488905
0.525824
0.5166900000000001
0.462349
0.369818
0.256656
0.133163
0.02584
0.0
0.0
0.0
0.0
0.0
0.0
0.0
0.0
0.0
0.0
0.0
0.0
0.063141
0.194438
0.32261
0.42974599999999996
0.501829
0.53087
0.5133260000000001
0.454518
0.363185
0.250829
0.130129
0.023765
0.0
0.0
0.0
0.0
0.0
0.0
0.0
0.0
0.0
0.0
0.0
0.0
0.06318800000000001
0.195428
0.32543099999999997
0.436921
0.512188
0.543395
0.526509
0.463964
0.36805
0.253709
0.130526
0.022115
0.0
0.0
0.0
0.0
0.0
0.0
0.0
0.0
0.0
0.0
0.0
0.0
0.06215
0.193257
0.324077
0.43324599999999996
0.5040899999999999
0.526248
0.50097
0.440142
0.350301
0.243073
0.125987
0.020672999999999997
0.0
0.0
0.0
0.0
0.0
0.0
0.0
0.0
0.0
0.0
0.0
0.0
0.060835
0.191053
0.319974
0.428811
0.4997
0.528179
0.510522
0.455884
0.36283699999999997
0.248662
0.1248
0.018227
0.0
0.0
0.0
0.0
0.0
0.0
0.0
0.0
0.0
0.0
0.0
0.0
0.060334000000000006
0.187715
0.309019
0.406195
0.469412
0.494711
0.47952999999999996
0.43755299999999997
0.35286399999999996
0.24314
0.121725
0.01574
0.0
0.0
0.0
0.0
0.0
0.0
0.0
0.0
0.0
0.0
0.0
0.0
0.058871
0.189138
0.317911
0.424841
0.490828
0.5044529999999999
0.479737
0.44372500000000004
0.356197
0.243363
0.119407
0.013125999999999999
0.0
0.0
0.0
0.0
0.0
0.0
0.0
0.0
0.0
0.0
0.0
0.0
0.058369
0.186111
0.30631200000000003
0.40348
0.46663299999999996
0.491439
0.475731
0.441739
0.354251
0.240755
0.117924
0.011904
0.0
0.0
0.0
0.0
0.0
0.0
0.0
0.0
0.0
0.0
0.0
0.0
0.058044
0.18727000000000002
0.310028
0.401857
0.465475
0.489967
0.474609
0.44840800000000003
0.356821
0.24157599999999999
0.116361
0.010572
0.0
0.0
0.0
0.0
0.0
0.0
0.0
0.0
0.0
0.0
0.0
0.0
0.056789
0.186068
0.313458
0.418459
0.479282
0.500818
0.48934
0.445946
0.353419
0.238074
0.11334000000000001
0.008832000000000001
0.0
0.0
0.0
0.0
0.0
0.0
0.0
0.0
0.0
0.0
0.0
0.0
0.055481
0.184512
0.31064400000000003
0.41802100000000003
0.502423
0.536446
0.518898
0.452582
0.351447
0.23455299999999998
0.11104699999999999
0.007378999999999999
0.0
0.0
0.0
0.0
0.0
0.0
0.0
0.0
0.0
0.0
0.0
0.0
0.055189999999999996
0.183075
0.304159
0.401078
0.477692
0.512072
0.49841599999999997
0.43748899999999996
0.34450400000000003
0.231689
0.109656
0.006486
0.0
0.0
0.0
0.0
0.0
0.0
0.0
0.0
0.0
0.0
0.0
0.0
0.053369
0.182338
0.31248000000000004
0.420962
0.49548899999999996
0.5259360000000001
0.506767
0.442191
0.344163
0.229923
0.10685
0.004854
0.0
0.0
0.0
0.0
0.0
0.0
0.0
0.0
0.0
0.0
0.0
0.0
0.052383000000000006
0.181642
0.311404
0.419546
0.493516
0.5228659999999999
0.501765
0.431633
0.33115
0.221465
0.104385
0.0034649999999999998
0.0
0.0
0.0
0.0
0.0
0.0
0.0
0.0
0.0
0.0
0.0
0.0
0.052268
0.180657
0.301985
0.39648
0.466306
0.50232
0.492584
0.439893
0.34412
0.22769999999999999
0.10267100000000001
0.002678
0.0
0.0
0.0
0.0
0.0
0.0
0.0
0.0
0.0
0.0
0.0
0.0
0.051154000000000005
0.18006999999999998
0.30238299999999996
0.39619
0.460512
0.485176
0.468021
0.426468
0.336882
0.222266
0.099044
0.001269
0.0
0.0
0.0
0.0
0.0
0.0
0.0
0.0
0.0
0.0
0.0
0.0
0.048686
0.170467
0.28837799999999997
0.38312
0.469569
0.503266
0.48768
0.426632
0.33117599999999997
0.217375
0.09553
0.000579
0.0
0.0
0.0
0.0
0.0
0.0
0.0
0.0
0.0
0.0
0.0
0.0
0.047271
0.170717
0.29430599999999996
0.399523
0.474032
0.506004
0.488006
0.425261
0.32883100000000004
0.214541
0.09324299999999999
0.0
0.0
0.0
0.0
0.0
0.0
0.0
0.0
0.0
0.0
0.0
0.0
0.0
0.045927
0.167936
0.292708
0.399113
0.47530399999999995
0.5063960000000001
0.489918
0.428004
0.33084800000000003
0.214562
0.09161499999999999
0.0
0.0
0.0
0.0
0.0
0.0
0.0
0.0
0.0
0.0
0.0
0.0
0.0
0.045568
0.166326
0.285589
0.391001
0.470926
0.501976
0.483178
0.41991
0.323379
0.208187
0.087672
0.0
0.0
0.0
0.0
0.0
0.0
0.0
0.0
0.0
0.0
0.0
0.0
0.0
0.04444
0.16641399999999998
0.287802
0.388073
0.46115100000000003
0.49161
0.474872
0.41444099999999995
0.319598
0.20597900000000002
0.085768
0.0
0.0
0.0
0.0
0.0
0.0
0.0
0.0
0.0
0.0
0.0
0.0
0.0
0.043455
0.16578700000000002
0.289472
0.39115300000000003
0.445421
0.464285
0.446637
0.408238
0.315764
0.202775
0.08289700000000001
0.0
0.0
0.0
0.0
0.0
0.0
0.0
0.0
0.0
0.0
0.0
0.0
0.0
0.041684
0.163148
0.287281
0.391817
0.46643900000000005
0.49649200000000004
0.478576
0.415601
0.317788
0.20242
0.081488
0.0
0.0
0.0
0.0
0.0
0.0
0.0
0.0
0.0
0.0
0.0
0.0
0.0
0.041508
0.164146
0.286503
0.38807400000000003
0.461352
0.492365
0.47468299999999997
0.411211
0.31535
0.20041499999999998
0.080458
0.0
0.0
0.0
0.0
0.0
0.0
0.0
0.0
0.0
0.0
0.0
0.0
0.0
0.040573
0.160911
0.279796
0.375701
0.450615
0.482031
0.465495
0.398937
0.304288
0.194223
0.077683
0.0
0.0
0.0
0.0
0.0
0.0
0.0
0.0
0.0
0.0
0.0
0.0
0.0
0.039475
0.160363
0.279696
0.374289
0.43828100000000003
0.46125
0.44420800000000005
0.386878
0.299074
0.191442
0.07544100000000001
0.0
0.0
0.0
0.0
0.0
0.0
0.0
0.0
0.0
0.0
0.0
0.0
0.0
0.038467
0.159408
0.277986
0.37283
0.447503
0.478904
0.461385
0.39873899999999995
0.304027
0.19114699999999998
0.073098
0.0
0.0
0.0
0.0
0.0
0.0
0.0
0.0
0.0
0.0
0.0
0.0
0.0
0.037056
0.15792599999999998
0.276932
0.372166
0.43530599999999997
0.459336
0.440609
0.39185899999999996
0.301576
0.189632
0.07082899999999999
0.0
0.0
0.0
0.0
0.0
0.0
0.0
0.0
0.0
0.0
0.0
0.0
0.0
0.035082
0.157129
0.277298
0.373673
0.43765699999999996
0.468474
0.455541
0.40145299999999995
0.305944
0.190636
0.069532
0.0
0.0
0.0
0.0
0.0
0.0
0.0
0.0
0.0
0.0
0.0
0.0
0.0
0.032829000000000004
0.155477
0.281715
0.38733100000000004
0.459186
0.48745
0.466634
0.40160199999999996
0.304954
0.18781
0.06814
0.0
0.0
0.0
0.0
0.0
0.0
0.0
0.0
0.0
0.0
0.0
0.0
0.0
0.030886
0.15426900000000002
0.277615
0.376524
0.443024
0.471823
0.460077
0.40625900000000004
0.31077699999999997
0.191516
0.07106699999999999
0.0
0.0
0.0
0.0
0.0
0.0
0.0
0.0
0.0
0.0
0.0
0.0
0.0
0.029687
0.153618
0.276877
0.37585599999999997
0.440815
0.467497
0.456441
0.40275599999999995
0.304683
0.186398
0.06739
0.0
0.0
0.0
0.0
0.0
0.0
0.0
0.0
0.0
0.0
0.0
0.0
0.0
0.027695
0.15237799999999999
0.271868
0.36830399999999996
0.448303
0.48075599999999996
0.46192500000000003
0.397762
0.299986
0.1825
0.065293
0.0
0.0
0.0
0.0
0.0
0.0
0.0
0.0
0.0
0.0
0.0
0.0
0.0
0.026318
0.15163300000000002
0.27630200000000005
0.380613
0.448976
0.47360399999999997
0.453094
0.39166199999999995
0.295144
0.179675
0.063121
0.0
0.0
0.0
0.0
0.0
0.0
0.0
0.0
0.0
0.0
0.0
0.0
0.0
0.024655
0.147593
0.271937
0.376272
0.450774
0.480423
0.46149799999999996
0.398108
0.29925599999999997
0.18032800000000002
0.061322
0.0
0.0
0.0
0.0
0.0
0.0
0.0
0.0
0.0
0.0
0.0
0.0
0.0
0.023801
0.147793
0.269241
0.366454
0.433269
0.458504
0.44050900000000004
0.380932
0.289511
0.176347
0.060158
0.0
0.0
0.0
0.0
0.0
0.0
0.0
0.0
0.0
0.0
0.0
0.0
0.0
0.022547
0.149752
0.281656
0.39076
0.46660399999999996
0.495668
0.474054
0.405646
0.303404
0.18069300000000002
0.05962
0.0
0.0
0.0
0.0
0.0
0.0
0.0
0.0
0.0
0.0
0.0
0.0
0.0
0.020932
0.147955
0.277312
0.383202
0.448806
0.46807299999999996
0.442461
0.383469
0.289682
0.174989
0.057776
0.0
0.0
0.0
0.0
0.0
0.0
0.0
0.0
0.0
0.0
0.0
0.0
0.0
0.019162
0.14636500000000002
0.278231
0.38857200000000003
0.463791
0.49403800000000003
0.472263
0.404036
0.300938
0.17757699999999998
0.05611
0.0
0.0
0.0
0.0
0.0
0.0
0.0
0.0
0.0
0.0
0.0
0.0
0.0
0.017678
0.145214
0.274588
0.379544
0.448031
0.473368
0.451221
0.387823
0.290945
0.171201
0.053439999999999994
0.0
0.0
0.0
0.0
0.0
0.0
0.0
0.0
0.0
0.0
0.0
0.0
0.0
0.016014
0.14228200000000002
0.266137
0.366271
0.43206
0.457461
0.436942
0.38311399999999995
0.287302
0.168736
0.050857
0.0
0.0
0.0
0.0
0.0
0.0
0.0
0.0
0.0
0.0
0.0
0.0
0.0
0.011259
0.13932
0.26311700000000005
0.36227800000000004
0.427894
0.450808
0.430859
0.369092
0.276731
0.16349
0.048616
0.0
0.0
0.0
0.0
0.0
0.0
0.0
0.0
0.0
0.0
0.0
0.0
0.0
0.00973
0.137806
0.26194
0.361846
0.427212
0.449695
0.430222
0.377649
0.282943
0.164916
0.047929
0.0
0.0
0.0
0.0
0.0
0.0
0.0
0.0
0.0
0.0
0.0
0.0
0.0
0.008303000000000001
0.140269
0.260274
0.357834
0.424114
0.448452
0.428774
0.377563
0.280537
0.16222399999999998
0.044849
0.0
0.0
0.0
0.0
0.0
0.0
0.0
0.0
0.0
0.0
0.0
0.0
0.0
0.0067220000000000005
0.137609
0.259712
0.368085
0.448739
0.48167899999999997
0.462603
0.39224000000000003
0.288643
0.165232
0.044506
0.0
0.0
0.0
0.0
0.0
0.0
0.0
0.0
0.0
0.0
0.0
0.0
0.0
0.005525
0.137261
0.261389
0.36911099999999997
0.444118
0.474647
0.455278
0.388581
0.286372
0.163532
0.04233700000000001
0.0
0.0
0.0
0.0
0.0
0.0
0.0
0.0
0.0
0.0
0.0
0.0
0.0
0.004347
0.136553
0.25768599999999997
0.359261
0.44442200000000004
0.476548
0.45645800000000003
0.385673
0.28254199999999996
0.160101
0.038685000000000004
0.0
0.0
0.0
0.0
0.0
0.0
0.0
0.0
0.0
0.0
0.0
0.0
0.0
0.0022299999999999998
0.119806
0.238725
0.334285
0.393758
0.413694
0.392924
0.33794799999999997
0.25007
0.141897
0.031901
0.0
0.0
0.0
0.0
0.0
0.0
0.0
0.0
0.0
0.0
0.0
0.0
0.0
0.0
0.11743300000000001
0.23407
0.32747000000000004
0.389865
0.411889
0.393368
0.341318
0.251504
0.141708
0.029544
0.0
0.0
0.0
0.0
0.0
0.0
0.0
0.0
0.0
0.0
0.0
0.0
0.0
0.0
0.11695399999999999
0.23744300000000002
0.336457
0.403572
0.428508
0.406418
0.34180900000000003
0.247388
0.138443
0.02823
0.0
0.0
0.0
0.0
0.0
0.0
0.0
0.0
0.0
0.0
0.0
0.0
0.0
0.0
0.114682
0.231806
0.32630000000000003
0.38927300000000004
0.412045
0.391658
0.33249900000000004
0.244779
0.137422
0.027096
0.0
0.0
0.0
0.0
0.0
0.0
0.0
0.0
0.0
0.0
0.0
0.0
0.0
0.0
0.113488
0.22978
0.32443099999999997
0.390426
0.416954
0.39914499999999997
0.338676
0.247365
0.13673400000000002
0.025986000000000002
0.0
0.0
0.0
0.0
0.0
0.0
0.0
0.0
0.0
0.0
0.0
0.0
0.0
0.0
0.110925
0.22791999999999998
0.322971
0.400875
0.429859
0.40976799999999997
0.34650400000000003
0.250602
0.136902
0.024792
0.0
0.0
0.0
0.0
0.0
0.0
0.0
0.0
0.0
0.0
0.0
0.0
0.0
0.0
0.110226
0.231056
0.33277100000000004
0.402943
0.431924
0.415142
0.35722000000000004
0.260291
0.142183
0.025279
0.0
0.0
0.0
0.0
0.0
0.0
0.0
0.0
0.0
0.0
0.0
0.0
0.0
0.0
0.111084
0.23697900000000002
0.34008
0.41119
0.43738900000000003
0.41514999999999996
0.3486
0.25299299999999997
0.138314
0.023789
0.0
0.0
0.0
0.0
0.0
0.0
0.0
0.0
0.0
0.0
0.0
0.0
0.0
0.0
0.112286
0.228178
0.32468400000000003
0.389892
0.415135
0.396049
0.338698
0.248256
0.134989
0.022121
0.0
0.0
0.0
0.0
0.0
0.0
0.0
0.0
0.0
0.0
0.0
0.0
0.0
0.0
0.110186
0.224475
0.32160500000000003
0.386212
0.410448
0.397926
0.34369
0.24759899999999999
0.132075
0.021457
0.0
0.0
0.0
0.0
0.0
0.0
0.0
0.0
0.0
0.0
0.0
0.0
0.0
0.0
0.10696800000000001
0.220538
0.318576
0.392185
0.424105
0.406331
0.343829
0.249028
0.132843
0.017132
0.0
0.0
0.0
0.0
0.0
0.0
0.0
0.0
0.0
0.0
0.0
0.0
0.0
0.0
0.10562
0.220816
0.317928
0.384606
0.409182
0.390265
0.338183
0.244562
0.129678
0.015982
0.0
0.0
0.0
0.0
0.0
0.0
0.0
0.0
0.0
0.0
0.0
0.0
0.0
0.0
0.10396599999999999
0.217645
0.31324599999999997
0.38269400000000003
0.412144
0.39654700000000004
0.33625900000000003
0.241387
0.127754
0.015054
0.0
0.0
0.0
0.0
0.0
0.0
0.0
0.0
0.0
0.0
0.0
0.0
0.0
0.0
0.102286
0.217482
0.313993
0.378668
0.402902
0.383428
0.332352
0.23982499999999998
0.126592
0.01422
0.0
0.0
0.0
0.0
0.0
0.0
0.0
0.0
0.0
0.0
0.0
0.0
0.0
0.0
0.101078
0.216118
0.311745
0.378808
0.406053
0.389294
0.331158
0.237986
0.124936
0.013401999999999999
0.0
0.0
0.0
0.0
0.0
0.0
0.0
0.0
0.0
0.0
0.0
0.0
0.0
0.0
0.099205
0.21274700000000002
0.308887
0.382132
0.4131
0.39527100000000004
0.333641
0.238338
0.124521
0.013344
0.0
0.0
0.0
0.0
0.0
0.0
0.0
0.0
0.0
0.0
0.0
0.0
0.0
0.0
0.097756
0.213111
0.310889
0.375181
0.39963299999999996
0.380618
0.32145100000000004
0.23209
0.122379
0.012664
0.0
0.0
0.0
0.0
0.0
0.0
0.0
0.0
0.0
0.0
0.0
0.0
0.0
0.0
0.096688
0.214655
0.31490199999999996
0.37870499999999996
0.400015
0.37983100000000003
0.324063
0.234029
0.122084
0.011875
0.0
0.0
0.0
0.0
0.0
0.0
0.0
0.0
0.0
0.0
0.0
0.0
0.0
0.0
0.095408
0.212778
0.31326600000000004
0.384847
0.41155200000000003
0.392129
0.328312
0.233606
0.12143300000000001
0.011883
0.0
0.0
0.0
0.0
0.0
0.0
0.0
0.0
0.0
0.0
0.0
0.0
0.0
0.0
0.093136
0.208009
0.30657100000000004
0.37173500000000004
0.3959
0.376447
0.317618
0.228887
0.119072
0.011009
0.0
0.0
0.0
0.0
0.0
0.0
0.0
0.0
0.0
0.0
0.0
0.0
0.0
0.0
0.091011
0.209487
0.312382
0.380856
0.406081
0.38515499999999997
0.323679
0.23048
0.118244
0.010209
0.0
0.0
0.0
0.0
0.0
0.0
0.0
0.0
0.0
0.0
0.0
0.0
0.0
0.0
0.08802299999999999
0.20235499999999998
0.30134500000000003
0.38387099999999996
0.414866
0.396052
0.331492
0.234154
0.120084
0.0
0.0
0.0
0.0
0.0
0.0
0.0
0.0
0.0
0.0
0.0
0.0
0.0
0.0
0.0
0.088982
0.209944
0.31751100000000004
0.39296800000000004
0.422906
0.403616
0.337763
0.239363
0.122041
0.0
0.0
0.0
0.0
0.0
0.0
0.0
0.0
0.0
0.0
0.0
0.0
0.0
0.0
0.0
0.08673399999999999
0.204982
0.31100599999999995
0.387932
0.420072
0.40074200000000004
0.335264
0.23618199999999998
0.119335
0.0
0.0
0.0
0.0
0.0
0.0
0.0
0.0
0.0
0.0
0.0
0.0
0.0
0.0
0.0
0.086468
0.208118
0.31532
0.392413
0.422794
0.404115
0.337596
0.237803
0.12127
0.0
0.0
0.0
0.0
0.0
0.0
0.0
0.0
0.0
0.0
0.0
0.0
0.0
0.0
0.0
0.08509
0.206477
0.30941199999999996
0.38162
0.41233600000000004
0.39655900000000005
0.334891
0.23867
0.121405
0.0
0.0
0.0
0.0
0.0
0.0
0.0
0.0
0.0
0.0
0.0
0.0
0.0
0.0
0.0
0.080917
0.203695
0.307781
0.385214
0.41906299999999996
0.401766
0.33612000000000003
0.238018
0.120519
0.0
0.0
0.0
0.0
0.0
0.0
0.0
0.0
0.0
0.0
0.0
0.0
0.0
0.0
0.0
0.07841
0.200991
0.304981
0.378416
0.41058300000000003
0.393652
0.329219
0.234049
0.11904300000000001
0.0
0.0
0.0
0.0
0.0
0.0
0.0
0.0
0.0
0.0
0.0
0.0
0.0
0.0
0.0
0.07506499999999999
0.19826400000000002
0.301006
0.372562
0.402486
0.3882
0.330061
0.234965
0.118095
0.0
0.0
0.0
0.0
0.0
0.0
0.0
0.0
0.0
0.0
0.0
0.0
0.0
0.0
0.0
0.072283
0.195649
0.298738
0.376054
0.41026999999999997
0.393843
0.33240800000000004
0.235359
0.118205
0.0
0.0
0.0
0.0
0.0
0.0
0.0
0.0
0.0
0.0
0.0
0.0
0.0
0.0
0.0
0.052666
0.14765799999999998
0.22265000000000001
0.278644
0.300482
0.286228
0.239673
0.167973
0.086299
0.0
0.0
0.0
0.0
0.0
0.0
0.0
0.0
0.0
0.0
0.0
0.0
0.0
0.0
0.0
0.053197
0.15111000000000002
0.230829
0.28927800000000004
0.312185
0.297166
0.247649
0.172234
0.088225
0.0
0.0
0.0
0.0
0.0
0.0
0.0
0.0
0.0
0.0
0.0
0.0
0.0
0.0
0.0
0.051008000000000005
0.14758000000000002
0.223521
0.278895
0.301818
0.287649
0.246151
0.172577
0.08886100000000001
0.0
0.0
0.0
0.0
0.0
0.0
0.0
0.0
0.0
0.0
0.0
0.0
0.0
0.0
0.0
0.048310000000000006
0.144697
0.221643
0.28424
0.312976
0.300188
0.24952000000000002
0.17199899999999999
0.08690600000000001
0.0
0.0
0.0
0.0
0.0
0.0
0.0
0.0
0.0
0.0
0.0
0.0
0.0
0.0
0.0
0.046683
0.144445
0.219372
0.279306
0.307413
0.29497500000000004
0.24670699999999998
0.171706
0.087029
0.0
0.0
0.0
0.0
0.0
0.0
0.0
0.0
0.0
0.0
0.0
0.0
0.0
0.0
0.0
0.04432
0.14275100000000002
0.222716
0.28349799999999997
0.309942
0.296476
0.246856
0.17161600000000002
0.08684
0.0
0.0
0.0
0.0
0.0
0.0
0.0
0.0
0.0
0.0
0.0
0.0
0.0
0.0
0.0
0.042501
0.141435
0.218898
0.280505
0.30777
0.295712
0.246506
0.172013
0.087925
0.0
0.0
0.0
0.0
0.0
0.0
0.0
0.0
0.0
0.0
0.0
0.0
0.0
0.0
0.0
0.040834
0.142433
0.221623
0.279108
0.302818
0.289296
0.242407
0.169893
0.08641
0.0
0.0
0.0
0.0
0.0
0.0
0.0
0.0
0.0
0.0
0.0
0.0
0.0
0.0
0.0
0.038482999999999996
0.142692
0.22071700000000002
0.28271199999999996
0.30907
0.297091
0.249749
0.174577
0.088385
0.0
0.0
0.0
0.0
0.0
0.0
0.0
0.0
0.0
0.0
0.0
0.0
0.0
0.0
0.0
0.037276000000000004
0.142333
0.22099700000000003
0.28006400000000004
0.30532400000000004
0.29337
0.245729
0.17263900000000001
0.088012
0.0
0.0
0.0
0.0
0.0
0.0
0.0
0.0
0.0
0.0
0.0
0.0
0.0
0.0
0.0
0.034615
0.140349
0.21893
0.27770100000000003
0.301458
0.28911200000000004
0.242894
0.169524
0.086982
0.0
0.0
0.0
0.0
0.0
0.0
0.0
0.0
0.0
0.0
0.0
0.0
0.0
0.0
0.0
0.031976
0.138291
0.217527
0.28366399999999997
0.313226
0.30082299999999995
0.251215
0.17505199999999999
0.089198
0.0
0.0
0.0
0.0
0.0
0.0
0.0
0.0
0.0
0.0
0.0
0.0
0.0
0.0
0.0
0.030531
0.140536
0.22488399999999997
0.287233
0.314185
0.30088400000000004
0.253378
0.17672200000000002
0.09003499999999999
0.0
0.0
0.0
0.0
0.0
0.0
0.0
0.0
0.0
0.0
0.0
0.0
0.0
0.0
0.0
0.029829
0.138
0.21951099999999998
0.27925099999999997
0.30472899999999997
0.292525
0.244964
0.17176499999999997
0.08809499999999999
0.0
0.0
0.0
0.0
0.0
0.0
0.0
0.0
0.0
0.0
0.0
0.0
0.0
0.0
0.0
0.028219
0.136405
0.216513
0.280718
0.309512
0.298947
0.24904400000000002
0.17282599999999998
0.089659
0.0
0.0
0.0
0.0
0.0
0.0
0.0
0.0
0.0
0.0
0.0
0.0
0.0
0.0
0.0
0.026445
0.13488399999999998
0.213818
0.272728
0.299076
0.287937
0.24314
0.170937
0.089355
0.0
0.0
0.0
0.0
0.0
0.0
0.0
0.0
0.0
0.0
0.0
0.0
0.0
0.0
0.0
0.026018999999999997
0.13397
0.215211
0.274903
0.300359
0.28887
0.24630000000000002
0.17342500000000002
0.089446
0.0
0.0
0.0
0.0
0.0
0.0
0.0
0.0
0.0
0.0
0.0
0.0
0.0
0.0
0.0
0.024632
0.135497
0.218502
0.277434
0.299614
0.285161
0.245
0.172911
0.08941299999999999
0.0
0.0
0.0
0.0
0.0
0.0
0.0
0.0
0.0
0.0
0.0
0.0
0.0
0.0
0.0
0.02428
0.134137
0.217815
0.27708
0.3019
0.290009
0.24819999999999998
0.175454
0.091908
0.0
0.0
0.0
0.0
0.0
0.0
0.0
0.0
0.0
0.0
0.0
0.0
0.0
0.0
0.0
0.022599
0.131773
0.212241
0.277126
0.305546
0.29552100000000003
0.247249
0.173066
0.090828
0.0
0.0
0.0
0.0
0.0
0.0
0.0
0.0
0.0
0.0
0.0
0.0
0.0
0.0
0.0
0.022065
0.12998099999999999
0.211225
0.270617
0.297405
0.286887
0.24594300000000002
0.174858
0.091236
0.0
0.0
0.0
0.0
0.0
0.0
0.0
0.0
0.0
0.0
0.0
0.0
0.0
0.0
0.0
0.021943
0.130274
0.218518
0.272794
0.30055200000000004
0.29042700000000005
0.246777
0.174887
0.087794
0.0
0.0
0.0
0.0
0.0
0.0
0.0
0.0
0.0
0.0
0.0
0.0
0.0
0.0
0.0
0.021649
0.131359
0.225295
0.283503
0.314245
0.30369
0.25669600000000004
0.18052600000000002
0.089935
0.0
0.0
0.0
0.0
0.0
0.0
0.0
0.0
0.0
0.0
0.0
0.0
0.0
0.0
0.0
0.020987
0.132423
0.214811
0.275543
0.304242
0.294753
0.25172900000000004
0.178991
0.090444
0.0
0.0
0.0
0.0
0.0
0.0
0.0
0.0
0.0
0.0
0.0
0.0
0.0
0.0
0.0
0.021158
0.13431200000000001
0.229221
0.287185
0.31682
0.30540300000000004
0.254575
0.178031
0.090202
0.0
0.0
0.0
0.0
0.0
0.0
0.0
0.0
0.0
0.0
0.0
0.0
0.0
0.0
0.0
0.020475
0.132962
0.227351
0.28323899999999996
0.311599
0.300359
0.25459
0.181254
0.092325
0.007333999999999999
0.0
0.0
0.0
0.0
0.0
0.0
0.0
0.0
0.0
0.0
0.0
0.0
0.0
0.0
0.01948
0.132926
0.22661699999999999
0.283126
0.311218
0.299591
0.252974
0.179521
0.09192499999999999
0.007503999999999999
0.0
0.0
0.0
0.0
0.0
0.0
0.0
0.0
0.0
0.0
0.0
0.0
0.0
0.0
0.019271
0.13347499999999998
0.227656
0.285026
0.312939
0.30074
0.254279
0.181608
0.093663
0.008348000000000001
0.0
0.0
0.0
0.0
0.0
0.0
0.0
0.0
0.0
0.0
0.0
0.0
0.0
0.0
0.019129999999999998
0.132471
0.22849799999999998
0.286664
0.316806
0.307998
0.258183
0.18306
0.093057
0.009058
0.0
0.0
0.0
0.0
0.0
0.0
0.0
0.0
0.0
0.0
0.0
0.0
0.0
0.0
0.018371
0.128633
0.220682
0.276567
0.30523500000000003
0.29712900000000003
0.254012
0.180991
0.09402200000000001
0.00915
0.0
0.0
0.0
0.0
0.0
0.0
0.0
0.0
0.0
0.0
0.0
0.0
0.0
0.0
0.017315
0.128682
0.22033000000000003
0.27621300000000004
0.30564600000000003
0.29738400000000004
0.25143899999999997
0.180204
0.094116
0.009843999999999999
0.0
0.0
0.0
0.0
0.0
0.0
0.0
