0.0
0.0
0.0
0.0
0.0
0.0
0.0
0.0
0.0
0.027443000000000002
0.126654
0.296982
0.169066
0.324024
0.323058
0.308496
0.173497
0.04972
0.0
0.0
0.0
0.0
0.0
0.0
0.0
0.0
0.0
0.0
0.0
0.0
0.0
0.0
0.0
0.036236
0.179603
0.395778
0.39737700000000004
0.408375
0.47848
0.317877
0.30456700000000003
0.07527500000000001
0.0
0.0
0.0
0.0
0.0
0.0
0.0
0.0
0.0
0.0
0.0
0.0
0.0
0.0
0.0
0.06258899999999999
0.287954
0.471174
0.527558
0.559468
0.547239
0.45112
0.314453
0.105687
0.0
0.0
0.0
0.0
0.0
0.0
0.0
0.0
0.0
0.0
0.0
0.0
0.0
0.0
0.0
0.03486
0.204039
0.358557
0.46375299999999997
0.5055919999999999
0.47343
0.387456
0.23709
0.062961
0.0
0.0
0.0
0.0
0.0
0.0
0.0
0.0
0.0
0.0
0.0
0.0
0.0
0.0
0.0
0.021707999999999998
0.110069
0.294102
0.293989
0.375956
0.207333
0.32942899999999997
0.14435
0.075182
0.0
0.0
0.0
0.0
0.0
0.0
0.0
0.0
0.0
0.0
0.0
0.0
0.0
0.0
0.0
0.028333999999999998
0.196298
0.303329
0.463139
0.487454
0.485636
0.402152
0.253314
0.06934799999999999
0.0
0.0
0.0
0.0
0.0
0.0
0.0
0.0
0.0
0.0
0.0
0.0
0.0
0.0
0.0
0.026424
0.1025
0.319798
0.386995
0.469258
0.37959
0.32747699999999996
0.174058
0.049636
0.0
0.0
0.0
0.0
0.0
0.0
0.0
0.0
0.0
0.0
0.0
0.0
0.0
0.0
0.0
0.054159
0.251635
0.367877
0.54764
0.5937749999999999
0.589035
0.457192
0.27298300000000003
0.092432
0.0
0.0
0.0
0.0
0.0
0.0
0.0
0.0
0.0
0.0
0.0
0.0
0.0
0.0
0.0
0.043698999999999995
0.226039
0.357146
0.5166799999999999
0.561187
0.52324
0.44687299999999996
0.292597
0.095616
0.0
0.0
0.0
0.0
0.0
0.0
0.0
0.0
0.0
0.0
0.0
0.0
0.0
0.0
0.0
0.025299
0.126935
0.25110499999999997
0.350257
0.37851999999999997
0.354315
0.280559
0.156839
0.049204
0.0
0.0
0.0
0.0
0.0
0.0
0.0
0.0
0.0
0.0
0.0
0.0
0.0
0.0
0.0
0.026427
0.117228
0.232234
0.31659899999999996
0.39197699999999996
0.33666399999999996
0.26614699999999997
0.16422499999999998
0.050228999999999996
0.0
0.0
0.0
0.0
0.0
0.0
0.0
0.0
0.0
0.0
0.0
0.0
0.0
0.0
0.0
0.045963000000000004
0.178471
0.40822
0.548318
0.5962029999999999
0.572048
0.45167
0.295175
0.106114
0.0
0.0
0.0
0.0
0.0
0.0
0.0
0.0
0.0
0.0
0.0
0.0
0.0
0.0
0.0
0.027066
0.11329600000000001
0.236746
0.331612
0.334807
0.32411
0.277569
0.16596100000000003
0.055381
0.0
0.0
0.0
0.0
0.0
0.0
0.0
0.0
0.0
0.0
0.0
0.0
0.0
0.0
0.0
0.030812000000000003
0.160575
0.318669
0.426042
0.48922699999999997
0.46323899999999996
0.352439
0.229563
0.073203
0.0
0.0
0.0
0.0
0.0
0.0
0.0
0.0
0.0
0.0
0.0
0.0
0.0
0.0
0.0
0.034226
0.154337
0.280235
0.380224
0.44170600000000004
0.335223
0.36992
0.263972
0.08694299999999999
0.0
0.0
0.0
0.0
0.0
0.0
0.0
0.0
0.0
0.0
0.0
0.0
0.0
0.0
0.0
0.036552999999999995
0.160202
0.202943
0.38274400000000003
0.434171
0.326789
0.316832
0.184423
0.067717
0.0
0.0
0.0
0.0
0.0
0.0
0.0
0.0
0.0
0.0
0.0
0.0
0.0
0.0
0.0
0.033170000000000005
0.181261
0.326455
0.435701
0.47822699999999996
0.46971300000000005
0.371305
0.237764
0.08452
0.0
0.0
0.0
0.0
0.0
0.0
0.0
0.0
0.0
0.0
0.0
0.0
0.0
0.0
0.0
0.05576
0.26378199999999996
0.412005
0.546135
0.5708869999999999
0.556202
0.472003
0.310521
0.136456
0.0006630000000000001
0.0
0.0
0.0
0.0
0.0
0.0
0.0
0.0
0.0
0.0
0.0
0.0
0.0
0.0
0.033547
0.10869
0.25385599999999997
0.302899
0.452298
0.382339
0.264901
0.195429
0.06783700000000001
0.001218
0.0
0.0
0.0
0.0
0.0
0.0
0.0
0.0
0.0
0.0
0.0
0.0
0.0
0.0
0.033564
0.236287
0.405632
0.519095
0.585135
0.551477
0.475459
0.310887
0.1013
0.002987
0.0
0.0
0.0
0.0
0.0
0.0
0.0
0.0
0.0
0.0
0.0
0.0
0.0
0.0
0.035531999999999994
0.116066
0.280005
0.381967
0.5342279999999999
0.464511
0.457899
0.308281
0.11674599999999999
0.001851
0.0
0.0
0.0
0.0
0.0
0.0
0.0
0.0
0.0
0.0
0.0
0.0
0.0
0.0
0.053588000000000004
0.260553
0.447737
0.57874
0.6384310000000001
0.614475
0.52146
0.353285
0.15271600000000002
0.004188
0.0
0.0
0.0
0.0
0.0
0.0
0.0
0.0
0.0
0.0
0.0
0.0
0.0
0.0
0.058869
0.27067399999999997
0.40502999999999995
0.585365
0.6377820000000001
0.613709
0.5109630000000001
0.338041
0.135179
0.004221
0.0
0.0
0.0
0.0
0.0
0.0
0.0
0.0
0.0
0.0
0.0
0.0
0.0
0.0
0.061785
0.25869099999999995
0.45466500000000004
0.579155
0.627845
0.6072569999999999
0.5163909999999999
0.356334
0.153363
0.005634
0.0
0.0
0.0
0.0
0.0
0.0
0.0
0.0
0.0
0.0
0.0
0.0
0.0
0.0
0.054429000000000005
0.240867
0.405266
0.510578
0.551418
0.544832
0.46958
0.326058
0.129479
0.004791
0.0
0.0
0.0
0.0
0.0
0.0
0.0
0.0
0.0
0.0
0.0
0.0
0.0
0.0
0.037793999999999994
0.141319
0.275708
0.363195
0.42138600000000004
0.404789
0.32676799999999995
0.199314
0.076432
0.004494
0.0
0.0
0.0
0.0
0.0
0.0
0.0
0.0
0.0
0.0
0.0
0.0
0.0
0.0
0.060851
0.23522
0.408808
0.44958800000000004
0.340343
0.29860000000000003
0.311498
0.204776
0.12351000000000001
0.006245
0.0
0.0
0.0
0.0
0.0
0.0
0.0
0.0
0.0
0.0
0.0
0.0
0.0
0.0
0.041151
0.132079
0.201284
0.30376400000000003
0.226266
0.370519
0.3851
0.152137
0.09405500000000001
0.005931
0.0
0.0
0.0
0.0
0.0
0.0
0.0
0.0
0.0
0.0
0.0
0.0
0.0
0.0
0.048409999999999995
0.16984
0.330698
0.33442500000000003
0.43457100000000004
0.452204
0.326262
0.15872999999999998
0.10246
0.00696
0.0
0.0
0.0
0.0
0.0
0.0
0.0
0.0
0.0
0.0
0.0
0.0
0.0
0.0
0.059715000000000004
0.22107
0.39856
0.5158579999999999
0.572638
0.445007
0.392232
0.23164400000000002
0.13633699999999999
0.00752
0.0
0.0
0.0
0.0
0.0
0.0
0.0
0.0
0.0
0.0
0.0
0.0
0.0
0.0
0.044587
0.134966
0.236337
0.361595
0.368621
0.411686
0.299891
0.243601
0.09274299999999999
0.008564
0.0
0.0
0.0
0.0
0.0
0.0
0.0
0.0
0.0
0.0
0.0
0.0
0.0
0.0
0.06775700000000001
0.265289
0.436316
0.5382659999999999
0.580035
0.5619
0.49354000000000003
0.360662
0.15884
0.010939
0.0
0.0
0.0
0.0
0.0
0.0
0.0
0.0
0.0
0.0
0.0
0.0
0.0
0.0
0.047451
0.18612399999999998
0.343753
0.45743900000000004
0.507275
0.490506
0.406587
0.263021
0.10885800000000001
0.009373
0.0
0.0
0.0
0.0
0.0
0.0
0.0
0.0
0.0
0.0
0.0
0.0
0.0
0.0
0.056445999999999996
0.14300100000000002
0.31125
0.459278
0.459594
0.436923
0.35053500000000004
0.25025200000000003
0.115543
0.010282999999999999
0.0
0.0
0.0
0.0
0.0
0.0
0.0
0.0
0.0
0.0
0.0
0.0
0.0
0.0
0.054959
0.18458000000000002
0.352604
0.445582
0.518766
0.519736
0.428616
0.305174
0.126514
0.012152
0.0
0.0
0.0
0.0
0.0
0.0
0.0
0.0
0.0
0.0
0.0
0.0
0.0
0.0
0.051037
0.16006700000000001
0.28999
0.40250400000000003
0.44763099999999995
0.447083
0.368606
0.24644
0.10561
0.01257
0.0
0.0
0.0
0.0
0.0
0.0
0.0
0.0
0.0
0.0
0.0
0.0
0.0
0.0
0.068568
0.22987
0.319838
0.499498
0.599552
0.576831
0.48538400000000004
0.342434
0.153122
0.016998000000000003
0.0
0.0
0.0
0.0
0.0
0.0
0.0
0.0
0.0
0.0
0.0
0.0
0.0
0.0
0.056929
0.183773
0.34045600000000004
0.471697
0.442967
0.40131900000000004
0.387897
0.254251
0.11672199999999999
0.018504
0.0
0.0
0.0
0.0
0.0
0.0
0.0
0.0
0.0
0.0
0.0
0.0
0.0
0.0
0.08043
0.268279
0.397824
0.463382
0.46880900000000003
0.465177
0.29181
0.208082
0.064329
0.016885999999999998
0.0
0.0
0.0
0.0
0.0
0.0
0.0
0.0
0.0
0.0
0.0
0.0
0.0
0.0
0.053604
0.13205799999999998
0.222296
0.274534
0.36534500000000003
0.476538
0.265923
0.25326499999999996
0.122879
0.020035
0.0
0.0
0.0
0.0
0.0
0.0
0.0
0.0
0.0
0.0
0.0
0.0
0.0
0.0
0.060581
0.17818299999999998
0.311042
0.406382
0.469082
0.448727
0.352897
0.241137
0.110576
0.02168
0.0
0.0
0.0
0.0
0.0
0.0
0.0
0.0
0.0
0.0
0.0
0.0
0.0
0.0
0.065055
0.15513
0.349251
0.436981
0.502657
0.490622
0.36363
0.285584
0.12491200000000001
0.0228
0.0
0.0
0.0
0.0
0.0
0.0
0.0
0.0
0.0
0.0
0.0
0.0
0.0
0.000162
0.084145
0.290272
0.35268400000000005
0.528592
0.47216699999999995
0.5188619999999999
0.478585
0.305247
0.116928
0.025404
0.0
0.0
0.0
0.0
0.0
0.0
0.0
0.0
0.0
0.0
0.0
0.0
0.0
0.0
0.052823
0.098516
0.218026
0.459387
0.457304
0.470406
0.480646
0.392277
0.194947
0.030709
0.0
0.0
0.0
0.0
0.0
0.0
0.0
0.0
0.0
0.0
0.0
0.0
0.0
0.000887
0.112211
0.31196199999999996
0.502116
0.587485
0.6378809999999999
0.569514
0.47104599999999996
0.37097800000000003
0.14546199999999998
0.028829
0.0
0.0
0.0
0.0
0.0
0.0
0.0
0.0
0.0
0.0
0.0
0.0
0.0
0.001288
0.06910899999999999
0.181906
0.31106900000000004
0.421543
0.47096
0.457192
0.373421
0.25199
0.11771
0.029387
0.0
0.0
0.0
0.0
0.0
0.0
0.0
0.0
0.0
0.0
0.0
0.0
0.0
0.001911
0.071737
0.197526
0.30999200000000005
0.40932999999999997
0.511877
0.416286
0.40873200000000004
0.280545
0.13628800000000002
0.030431
0.0
0.0
0.0
0.0
0.0
0.0
0.0
0.0
0.0
0.0
0.0
0.0
0.0
0.002534
0.076629
0.203162
0.332497
0.382376
0.489743
0.520009
0.314398
0.28554599999999997
0.144346
0.035779000000000005
0.0
0.0
0.0
0.0
0.0
0.0
0.0
0.0
0.0
0.0
0.0
0.0
0.0
0.0027429999999999998
0.07027
0.2379
0.307955
0.563768
0.511026
0.398823
0.443002
0.422773
0.19812200000000002
0.035261
0.0
0.0
0.0
0.0
0.0
0.0
0.0
0.0
0.0
0.0
0.0
0.0
0.0
0.004190999999999999
0.10359399999999999
0.292549
0.47554599999999997
0.58182
0.607033
0.5957
0.5150410000000001
0.36599400000000004
0.195438
0.040095
0.0
0.0
0.0
0.0
0.0
0.0
0.0
0.0
0.0
0.0
0.0
0.0
0.0
0.004030000000000001
0.108688
0.283225
0.45268200000000003
0.576998
0.434876
0.570098
0.510661
0.379377
0.20686500000000002
0.042847
0.0
0.0
0.0
0.0
0.0
0.0
0.0
0.0
0.0
0.0
0.0
0.0
0.0
0.008912000000000002
0.061444000000000006
0.16404
0.33373
0.573524
0.41096
0.651779
0.5739679999999999
0.44918
0.24754099999999998
0.05319
0.0
0.0
0.0
0.0
0.0
0.0
0.0
0.0
0.0
0.0
0.0
0.0
0.0
0.0062169999999999994
0.134584
0.371313
0.556021
0.6817759999999999
0.740478
0.723167
0.6275660000000001
0.46546
0.24570599999999998
0.050311
0.0
0.0
0.0
0.0
0.0
0.0
0.0
0.0
0.0
0.0
0.0
0.0
0.0
0.008048
0.161126
0.38114
0.545876
0.6821200000000001
0.717484
0.707409
0.611081
0.452943
0.25815899999999997
0.060002
0.0
0.0
0.0
0.0
0.0
0.0
0.0
0.0
0.0
0.0
0.0
0.0
0.0
0.007319
0.114596
0.29644
0.462603
0.575391
0.614994
0.5903780000000001
0.49019799999999997
0.346954
0.194091
0.046662999999999996
0.0
0.0
0.0
0.0
0.0
0.0
0.0
0.0
0.0
0.0
0.0
0.0
0.0
0.009648
0.09842100000000001
0.326874
0.427894
0.655101
0.5995119999999999
0.407247
0.552288
0.267925
0.20502199999999998
0.057954
0.0
0.0
0.0
0.0
0.0
0.0
0.0
0.0
0.0
0.0
0.0
0.0
0.0
0.010877000000000001
0.110376
0.186651
0.35044600000000004
0.469074
0.618108
0.584193
0.511334
0.262602
0.15116
0.050161000000000004
0.0
0.0
0.0
0.0
0.0
0.0
0.0
0.0
0.0
0.0
0.0
0.0
0.0
0.013417
0.14011500000000002
0.197117
0.37256900000000004
0.44270600000000004
0.526006
0.38427
0.47054
0.454928
0.215684
0.070465
0.0
0.0
0.0
0.0
0.0
0.0
0.0
0.0
0.0
0.0
0.0
0.0
0.0
0.012675
0.116425
0.329219
0.510598
0.6142380000000001
0.686669
0.644439
0.555926
0.429537
0.22319399999999998
0.054515999999999995
0.0
0.0
0.0
0.0
0.0
0.0
0.0
0.0
0.0
0.0
0.0
0.0
0.0
0.013451000000000001
0.102392
0.23271
0.35010800000000003
0.627262
0.6535979999999999
0.651638
0.49761700000000003
0.233234
0.128864
0.056308
0.0
0.0
0.0
0.0
0.0
0.0
0.0
0.0
0.0
0.0
0.0
0.0
0.0
0.017033
0.10461
0.24203899999999998
0.372202
0.420527
0.527051
0.46946899999999997
0.344474
0.245641
0.149136
0.055564999999999996
0.0
0.0
0.0
0.0
0.0
0.0
0.0
0.0
0.0
0.0
0.0
0.0
0.0
0.018463
0.122303
0.28537
0.436622
0.5139130000000001
0.5556599999999999
0.531591
0.416997
0.337032
0.190418
0.056163
0.0
0.0
0.0
0.0
0.0
0.0
0.0
0.0
0.0
0.0
0.0
0.0
0.0
0.018961
0.126138
0.29636900000000005
0.453515
0.527328
0.581963
0.5629120000000001
0.503459
0.304436
0.172641
0.058788
0.0
0.0
0.0
0.0
0.0
0.0
0.0
0.0
0.0
0.0
0.0
0.0
0.0
0.025938
0.173686
0.39344
0.555833
0.568601
0.665705
0.491027
0.48124900000000004
0.43658199999999997
0.27595
0.07772499999999999
0.0
0.0
0.0
0.0
0.0
0.0
0.0
0.0
0.0
0.0
0.0
0.0
0.0
0.023854
0.137283
0.304267
0.47403300000000004
0.5757140000000001
0.62681
0.594001
0.534055
0.38960500000000003
0.20898599999999998
0.062210999999999995
0.0
0.0
0.0
0.0
0.0
0.0
0.0
0.0
0.0
0.0
0.0
0.0
0.0
0.030792
0.097706
0.177304
0.363238
0.32880000000000004
0.43728500000000003
0.332918
0.397492
0.211784
0.11781900000000001
0.054486
0.00046100000000000004
0.0
0.0
0.0
0.0
0.0
0.0
0.0
0.0
0.0
0.0
0.0
0.0
0.032064
0.13966599999999998
0.29041500000000003
0.428637
0.452718
0.364077
0.34932100000000005
0.414569
0.22146000000000002
0.18722999999999998
0.060769
0.0
0.0
0.0
0.0
0.0
0.0
0.0
0.0
0.0
0.0
0.0
0.0
0.0
0.03319
0.141381
0.299702
0.440699
0.568689
0.588565
0.565762
0.5133289999999999
0.34178800000000004
0.189696
0.06815399999999999
0.001075
0.0
0.0
0.0
0.0
0.0
0.0
0.0
0.0
0.0
0.0
0.0
0.0
0.044369
0.185748
0.371103
0.511255
0.665682
0.577808
0.642697
0.5694600000000001
0.42446
0.225615
0.068136
0.001632
0.0
0.0
0.0
0.0
0.0
0.0
0.0
0.0
0.0
0.0
0.0
0.0
0.038549
0.128999
0.389358
0.47964
0.6433110000000001
0.6121040000000001
0.650134
0.514122
0.240823
0.268154
0.08938299999999999
0.001682
0.0
0.0
0.0
0.0
0.0
0.0
0.0
0.0
0.0
0.0
0.0
0.0
0.045816
0.22663
0.397637
0.650325
0.6644260000000001
0.816059
0.748096
0.6661699999999999
0.530391
0.326832
0.108751
0.001933
0.0
0.0
0.0
0.0
0.0
0.0
0.0
0.0
0.0
0.0
0.0
0.0
0.044925
0.131616
0.211936
0.555403
0.720024
0.754026
0.7292150000000001
0.6448550000000001
0.409665
0.306062
0.099721
0.002475
0.0
0.0
0.0
0.0
0.0
0.0
0.0
0.0
0.0
0.0
0.0
0.0
0.047989
0.144977
0.289461
0.422958
0.441187
0.439913
0.466864
0.40780099999999997
0.227578
0.152801
0.067708
0.002254
0.0
0.0
0.0
0.0
0.0
0.0
0.0
0.0
0.0
0.0
0.0
0.0
0.046359000000000004
0.16188
0.302856
0.448096
0.48211000000000004
0.5657430000000001
0.621758
0.501042
0.375408
0.22894499999999998
0.105017
0.0034460000000000003
0.0
0.0
0.0
0.0
0.0
0.0
0.0
0.0
0.0
0.0
0.0
0.0
0.046814
0.163276
0.309911
0.500634
0.533473
0.53227
0.555215
0.501577
0.373669
0.174321
0.076981
0.003993
0.0
0.0
0.0
0.0
0.0
0.0
0.0
0.0
0.0
0.0
0.0
0.0
0.046464
0.167146
0.33749
0.45105599999999996
0.540121
0.518864
0.479985
0.5055930000000001
0.35630599999999996
0.202441
0.076862
0.004553
0.0
0.0
0.0
0.0
0.0
0.0
0.0
0.0
0.0
0.0
0.0
0.0
0.053252
0.221932
0.41597500000000004
0.591813
0.702274
0.729823
0.690793
0.569307
0.447335
0.22931
0.08136499999999999
0.005431
0.0
0.0
0.0
0.0
0.0
0.0
0.0
0.0
0.0
0.0
0.0
0.0
0.05323
0.188054
0.273019
0.508078
0.6114919999999999
0.680801
0.595935
0.572708
0.41362099999999996
0.27269600000000005
0.09711499999999999
0.0054269999999999995
0.0
0.0
0.0
0.0
0.0
0.0
0.0
0.0
0.0
0.0
0.0
0.0
0.055955
0.180732
0.380359
0.37403699999999995
0.42806599999999995
0.388445
0.31257799999999997
0.332382
0.24763
0.157972
0.080697
0.005492
0.0
0.0
0.0
0.0
0.0
0.0
0.0
0.0
0.0
0.0
0.0
0.0
0.057512999999999995
0.19506800000000002
0.37777499999999997
0.518212
0.592094
0.527383
0.609208
0.484822
0.374259
0.244283
0.084858
0.00722
0.0
0.0
0.0
0.0
0.0
0.0
0.0
0.0
0.0
0.0
0.0
0.0
0.063655
0.168909
0.32163600000000003
0.417012
0.557721
0.576117
0.542168
0.44936200000000004
0.353059
0.203766
0.082308
0.008747
0.0
0.0
0.0
0.0
0.0
0.0
0.0
0.0
0.0
0.0
0.0
0.000632
0.066368
0.238957
0.420033
0.517591
0.640969
0.788632
0.5970679999999999
0.42545299999999997
0.435939
0.294549
0.105896
0.008171
0.0
0.0
0.0
0.0
0.0
0.0
0.0
0.0
0.0
0.0
0.0
0.0
0.08147700000000001
0.283222
0.48168900000000003
0.617719
0.659045
0.620283
0.71136
0.622247
0.525847
0.336663
0.124327
0.008573
0.0
0.0
0.0
0.0
0.0
0.0
0.0
0.0
0.0
0.0
0.0
0.000631
0.078899
0.263519
0.45953
0.604132
0.7208559999999999
0.730317
0.735004
0.636169
0.493664
0.31251
0.10381900000000001
0.008782
0.0
0.0
0.0
0.0
0.0
0.0
0.0
0.0
0.0
0.0
0.0
0.0018080000000000001
0.08926
0.188129
0.403922
0.5886440000000001
0.654325
0.706151
0.674844
0.590915
0.44321699999999997
0.272522
0.101591
0.010091
0.0
0.0
0.0
0.0
0.0
0.0
0.0
0.0
0.0
0.0
0.0
0.002311
0.072399
0.225305
0.42997399999999997
0.591912
0.694605
0.705331
0.706036
0.612711
0.455732
0.283601
0.104735
0.010752000000000001
0.0
0.0
0.0
0.0
0.0
0.0
0.0
0.0
0.0
0.0
0.0
0.004292
0.06973
0.215964
0.351215
0.498621
0.6088790000000001
0.554775
0.687913
0.602899
0.45854
0.29252100000000003
0.09687
0.013014
0.0
0.0
0.0
0.0
0.0
0.0
0.0
0.0
0.0
0.0
0.0
0.002997
0.060136
0.133017
0.37607
0.5481860000000001
0.447158
0.683196
0.544987
0.6294959999999999
0.401524
0.317531
0.10145
0.017724
0.0
0.0
0.0
0.0
0.0
0.0
0.0
0.0
0.0
0.0
0.0
0.005906
0.08897
0.25709
0.442784
0.557947
0.697561
0.6594869999999999
0.662937
0.610881
0.472038
0.261394
0.144315
0.015165
0.0
0.0
0.0
0.0
0.0
0.0
0.0
0.0
0.0
0.0
0.0
0.005117
0.093489
0.278688
0.45130200000000004
0.6367999999999999
0.736048
0.769415
0.751034
0.656791
0.507459
0.31289999999999996
0.116723
0.014265
0.0
0.0
0.0
0.0
0.0
0.0
0.0
0.0
0.0
0.0
0.0
0.004944
0.078411
0.212643
0.392661
0.49094299999999996
0.653297
0.699557
0.685424
0.600275
0.45819
0.284648
0.10933799999999999
0.014163
0.0
0.0
0.0
0.0
0.0
0.0
0.0
0.0
0.0
0.0
0.0
0.006309
0.094859
0.27661
0.464989
0.5942029999999999
0.685121
0.72812
0.69997
0.5895499999999999
0.47524700000000003
0.292056
0.11921999999999999
0.014473000000000001
0.0
0.0
0.0
0.0
0.0
0.0
0.0
0.0
0.0
0.0
0.0
0.007
0.11031
0.310669
0.492296
0.622899
0.670999
0.74422
0.713096
0.482939
0.426983
0.300716
0.124232
0.023710000000000002
0.0
0.0
0.0
0.0
0.0
0.0
0.0
0.0
0.0
0.0
0.0
0.009256
0.090771
0.20774600000000001
0.35113900000000003
0.489161
0.609448
0.635069
0.544847
0.398964
0.32433300000000004
0.239804
0.087802
0.017758
0.0
0.0
0.0
0.0
0.0
0.0
0.0
0.0
0.0
0.0
0.0
0.008739
0.07825
0.23194700000000001
0.320064
0.560367
0.664261
0.7633819999999999
0.75932
0.68075
0.530799
0.359871
0.147947
0.01749
0.0
0.0
0.0
0.0
0.0
0.0
0.0
0.0
0.0
0.0
0.0
0.009975
0.106134
0.314987
0.49986
0.640067
0.7157859999999999
0.767667
0.643869
0.575456
0.481016
0.26281400000000005
0.12671
0.019679
0.0
0.0
0.0
0.0
0.0
0.0
0.0
0.0
0.0
0.0
0.0
0.011962
0.091663
0.25031200000000003
0.355622
0.408642
0.5954729999999999
0.640433
0.621895
0.530861
0.34924299999999997
0.221911
0.108394
0.021899000000000002
0.0
0.0
0.0
0.0
0.0
0.0
0.0
0.0
0.0
0.0
0.0
0.015075
0.104397
0.22122399999999998
0.36168
0.471174
0.5366660000000001
0.594058
0.514999
0.46525299999999997
0.379946
0.246441
0.10905500000000001
0.02132
0.0
0.0
0.0
0.0
0.0
0.0
0.0
0.0
0.0
0.0
0.0
0.01419
0.10345499999999999
0.26330200000000004
0.439644
0.5880019999999999
0.674443
0.689866
0.6699539999999999
0.514697
0.43349200000000004
0.27666
0.114794
0.021983
0.0
0.0
0.0
0.0
0.0
0.0
0.0
0.0
0.0
0.0
0.0
0.016885999999999998
0.086108
0.290724
0.337481
0.59245
0.516712
0.709214
0.49720299999999995
0.611162
0.483054
0.216433
0.08591800000000001
0.021226
0.0
0.0
0.0
0.0
0.0
0.0
0.0
0.0
0.0
0.0
0.0
0.019218
0.116353
0.248025
0.383095
0.550928
0.508069
0.6323300000000001
0.585467
0.518929
0.41809199999999996
0.250071
0.1156
0.027511
0.0
0.0
0.0
0.0
0.0
0.0
0.0
0.0
0.0
0.0
0.0
0.020117
0.098505
0.250906
0.435033
0.574973
0.58526
0.611939
0.477164
0.39383100000000004
0.44031200000000004
0.194556
0.10545
0.025596
0.0
0.0
0.0
0.0
0.0
0.0
0.0
0.0
0.0
0.0
0.0
0.020466
0.126032
0.311868
0.49618799999999996
0.623679
0.693275
0.73577
0.715661
0.607221
0.475627
0.237279
0.151158
0.026010000000000002
0.0
0.0
0.0
0.0
0.0
0.0
0.0
0.0
0.0
0.0
0.0
0.02231
0.11317400000000001
0.262398
0.421115
0.542292
0.642404
0.671002
0.654419
0.563972
0.431547
0.265307
0.121436
0.026771999999999997
0.0
0.0
0.0
0.0
0.0
0.0
0.0
0.0
0.0
0.0
0.0
0.023696000000000002
0.11327200000000001
0.259883
0.42113999999999996
0.545514
0.649653
0.680528
0.6293869999999999
0.5293289999999999
0.410236
0.235087
0.119857
0.029289000000000003
0.0
0.0
0.0
0.0
0.0
0.0
0.0
0.0
0.0
0.0
0.0
0.025326
0.11572400000000001
0.262637
0.39252800000000004
0.458641
0.6373759999999999
0.6770579999999999
0.651707
0.5208339999999999
0.346785
0.24537299999999998
0.123658
0.030889
0.0
0.0
0.0
0.0
0.0
0.0
0.0
0.0
0.0
0.0
0.0
0.02655
0.130748
0.27381900000000003
0.39999900000000005
0.572132
0.608114
0.7482329999999999
0.5981960000000001
0.565346
0.42669799999999997
0.303531
0.127128
0.031943
0.0
0.0
0.0
0.0
0.0
0.0
0.0
0.0
0.0
0.0
0.0
0.030879999999999998
0.110483
0.235951
0.34653300000000004
0.511263
0.590449
0.559966
0.513641
0.392246
0.270957
0.196999
0.10855500000000001
0.037742
0.0
0.0
0.0
0.0
0.0
0.0
0.0
0.0
0.0
0.0
0.0
0.027701
0.080014
0.125802
0.226849
0.191649
0.408788
0.41377800000000003
0.324083
0.533548
0.340683
0.270084
0.14959999999999998
0.032314
0.0
0.0
0.0
0.0
0.0
0.0
0.0
0.0
0.0
0.0
0.0
0.034165
0.15295699999999998
0.210471
0.426289
0.576667
0.700177
0.54224
0.670427
0.522043
0.413844
0.249162
0.12989799999999999
0.03332
0.0
0.0
0.0
0.0
0.0
0.0
0.0
0.0
0.0
0.0
0.0
0.033029
0.13216399999999998
0.294354
0.324837
0.5699420000000001
0.5961879999999999
0.661672
0.5638179999999999
0.48227499999999995
0.397007
0.228322
0.125784
0.035512999999999996
0.0
0.0
0.0
0.0
0.0
0.0
0.0
0.0
0.0
0.0
0.0
0.034428
0.16890100000000002
0.304452
0.355533
0.5126040000000001
0.616919
0.722062
0.700947
0.646555
0.5222870000000001
0.324395
0.14403
0.033197000000000004
0.0
0.0
0.0
0.0
0.0
0.0
0.0
0.0
0.0
0.0
0.0
0.035621
0.132762
0.301763
0.442739
0.542259
0.36047199999999996
0.418291
0.337424
0.272293
0.24156899999999998
0.17732499999999998
0.101244
0.027288
0.0
0.0
0.0
0.0
0.0
0.0
0.0
0.0
0.0
0.0
0.0
0.039277
0.123808
0.30265
0.5570259999999999
0.630119
0.7327469999999999
0.636667
0.59737
0.5785589999999999
0.32583100000000004
0.273404
0.10276099999999999
0.035494
0.0
0.0
0.0
0.0
0.0
0.0
0.0
0.0
0.0
0.0
0.0
0.040505
0.138079
0.289708
0.44774400000000003
0.586019
0.517725
0.6119009999999999
0.535544
0.5308440000000001
0.37412900000000004
0.249517
0.13100399999999998
0.040694
0.0
0.0
0.0
0.0
0.0
0.0
0.0
0.0
0.0
0.0
0.0
0.040265999999999996
0.171819
0.345939
0.496535
0.625989
0.721074
0.695476
0.61686
0.594872
0.470726
0.34599
0.145411
0.037698999999999996
0.0
0.0
0.0
0.0
0.0
0.0
0.0
0.0
0.0
0.0
0.0
0.040216999999999996
0.184527
0.38768
0.543543
0.688711
0.765007
0.74615
0.759226
0.6708869999999999
0.49797
0.371334
0.17199799999999998
0.037906999999999996
0.0
0.0
0.0
0.0
0.0
0.0
0.0
0.0
0.0
0.0
0.0
0.041849
0.174297
0.36128899999999997
0.5180119999999999
0.644556
0.535817
0.613128
0.717581
0.498019
0.42589
0.354921
0.15994999999999998
0.038697
0.0
0.0
0.0
0.0
0.0
0.0
0.0
0.0
0.0
0.0
0.0
0.046228
0.149877
0.298744
0.478914
0.5463680000000001
0.559929
0.536304
0.496604
0.47630500000000003
0.230522
0.272161
0.10759300000000001
0.041288
0.0
0.0
0.0
0.0
0.0
0.0
0.0
0.0
0.0
0.0
0.0
0.040579000000000004
0.115275
0.24938
0.516516
0.421008
0.595726
0.7334339999999999
0.66385
0.6687369999999999
0.54834
0.28020999999999996
0.187518
0.048794
0.0
0.0
0.0
0.0
0.0
0.0
0.0
0.0
0.0
0.0
0.0
0.051533999999999996
0.150858
0.308865
0.487184
0.558507
0.715241
0.720192
0.703259
0.644562
0.503281
0.34310700000000005
0.170089
0.044668
0.0
0.0
0.0
0.0
0.0
0.0
0.0
0.0
0.0
0.0
0.0
0.052411
0.175925
0.348733
0.514648
0.63298
0.5576559999999999
0.5790299999999999
0.598248
0.47118099999999996
0.505714
0.28094600000000003
0.145065
0.046194000000000006
0.0
0.0
0.0
0.0
0.0
0.0
0.0
0.0
0.0
0.0
0.0
0.055136000000000004
0.149876
0.318401
0.46105799999999997
0.600756
0.605302
0.627948
0.675883
0.541202
0.361252
0.244641
0.15421600000000002
0.048656
0.0
0.0
0.0
0.0
0.0
0.0
0.0
0.0
0.0
0.0
0.0
0.050804
0.18066300000000002
0.354768
0.520906
0.662891
0.741855
0.7365750000000001
0.728
0.6489170000000001
0.499282
0.35938099999999995
0.167429
0.045649999999999996
0.0
0.0
0.0
0.0
0.0
0.0
0.0
0.0
0.0
0.0
0.0
0.052764000000000005
0.162881
0.354207
0.5223260000000001
0.63701
0.677717
0.6950230000000001
0.58253
0.547249
0.29073200000000005
0.300771
0.138232
0.047619
0.0
0.0
0.0
0.0
0.0
0.0
0.0
0.0
0.0
0.0
0.000901
0.051906
0.188535
0.35568
0.49372699999999997
0.5984740000000001
0.721911
0.650298
0.461718
0.497483
0.246601
0.217435
0.173874
0.042658999999999996
7.3e-05
0.0
0.0
0.0
0.0
0.0
0.0
0.0
0.0
0.0
0.000871
0.047911999999999996
0.209291
0.399031
0.570195
0.6985119999999999
0.7081689999999999
0.811159
0.745679
0.644889
0.547552
0.235684
0.13909
0.04061
0.001971
0.0
0.0
0.0
0.0
0.0
0.0
0.0
0.0
0.0
0.001562
0.059524
0.157612
0.305442
0.425564
0.555809
0.636889
0.661052
0.645186
0.564326
0.441849
0.29214
0.145205
0.052673000000000005
9.4e-05
0.0
0.0
0.0
0.0
0.0
0.0
0.0
0.0
0.0
0.001647
0.058294
0.162059
0.312634
0.450135
0.5635399999999999
0.642196
0.6449600000000001
0.641685
0.540259
0.430134
0.294282
0.14687
0.054063
0.000723
0.0
0.0
0.0
0.0
0.0
0.0
0.0
0.0
0.0
0.0026579999999999998
0.061234000000000004
0.136593
0.276364
0.473293
0.6547229999999999
0.5226559999999999
0.46583800000000003
0.538941
0.492114
0.406758
0.29152999999999996
0.154129
0.054468
0.000545
0.0
0.0
0.0
0.0
0.0
0.0
0.0
0.0
0.0
0.002553
0.06921899999999999
0.183314
0.323858
0.387899
0.601723
0.47844600000000004
0.503511
0.5383239999999999
0.506379
0.52696
0.239892
0.122558
0.056815
0.001147
0.0
0.0
0.0
0.0
0.0
0.0
0.0
0.0
0.0
0.003205
0.063851
0.174994
0.304979
0.47093799999999997
0.5175890000000001
0.592869
0.6038089999999999
0.585744
0.477861
0.44747899999999996
0.29648599999999997
0.164873
0.056673
0.002933
0.0
0.0
0.0
0.0
0.0
0.0
0.0
0.0
0.0
0.003849
0.059916
0.187097
0.314279
0.491958
0.6635059999999999
0.738174
0.753409
0.612402
0.600826
0.5496169999999999
0.384618
0.19565100000000002
0.052539
0.0011220000000000002
0.0
0.0
0.0
0.0
0.0
0.0
0.0
0.0
0.0
0.003908
0.061097
0.14921
0.34645600000000004
0.489406
0.643726
0.583757
0.684685
0.649173
0.5657000000000001
0.478482
0.333194
0.153307
0.055361
0.001704
0.0
0.0
0.0
0.0
0.0
0.0
0.0
0.0
0.0
0.003659
0.057621000000000006
0.105747
0.214355
0.192423
0.18016300000000002
0.18322
0.303465
0.45574400000000004
0.512125
0.386781
0.253714
0.099273
0.035563000000000004
0.002588
0.0
0.0
0.0
0.0
0.0
0.0
0.0
0.0
0.0
0.00449
0.060978000000000004
0.194576
0.29765600000000003
0.49999099999999996
0.572739
0.65067
0.669755
0.673765
0.571339
0.41007499999999997
0.332854
0.16259800000000002
0.055917
0.0028889999999999996
0.0
0.0
0.0
0.0
0.0
0.0
0.0
0.0
0.0
0.00439
0.062793
0.216782
0.413193
0.556568
0.671701
0.7260679999999999
0.778793
0.611033
0.523313
0.474159
0.341084
0.12244100000000001
0.07123499999999999
0.002847
0.0
0.0
0.0
0.0
0.0
0.0
0.0
0.0
0.0
0.004961
0.06252100000000001
0.20932
0.400172
0.555772
0.6648529999999999
0.75667
0.710092
0.6407849999999999
0.6569210000000001
0.46562400000000004
0.380456
0.20492500000000002
0.055087000000000004
0.002856
0.0
0.0
0.0
0.0
0.0
0.0
0.0
0.0
0.0
0.005586000000000001
0.063004
0.18774100000000002
0.317975
0.5163049999999999
0.5750599999999999
0.646773
0.681163
0.6476689999999999
0.56401
0.43415
0.238958
0.18744
0.059137999999999996
0.003953
0.0
0.0
0.0
0.0
0.0
0.0
0.0
0.0
0.0
0.005592
0.054546
0.113131
0.224188
0.514419
0.40834899999999996
0.68502
0.542135
0.6434529999999999
0.535708
0.404324
0.32240199999999997
0.150734
0.061508
0.004658000000000001
0.0
0.0
0.0
0.0
0.0
0.0
0.0
0.0
0.0
0.0068189999999999995
0.058137999999999995
0.154556
0.33592
0.436288
0.6159669999999999
0.6112190000000001
0.737435
0.682239
0.660413
0.530359
0.38268599999999997
0.198419
0.05546
0.0046749999999999995
0.0
0.0
0.0
0.0
0.0
0.0
0.0
0.0
0.0
0.006916
0.068011
0.173126
0.33169400000000004
0.440523
0.508556
0.5982970000000001
0.569125
0.6481520000000001
0.507764
0.358069
0.260925
0.162069
0.072417
0.0065049999999999995
0.0
0.0
0.0
0.0
0.0
0.0
0.0
0.0
0.0
0.0069630000000000004
0.06443800000000001
0.1381
0.22105000000000002
0.339506
0.334475
0.43104000000000003
0.515995
0.5491739999999999
0.594998
0.483929
0.319864
0.18124
0.06350399999999999
0.006772
0.0
0.0
0.0
0.0
0.0
0.0
0.0
0.0
0.0
0.008222
0.074886
0.179235
0.36756900000000003
0.4322
0.483659
0.5737140000000001
0.43611900000000003
0.464565
0.34323899999999996
0.284353
0.23822300000000002
0.206043
0.06704900000000001
0.006186
0.0
0.0
0.0
0.0
0.0
0.0
0.0
0.0
0.0
0.007482
0.069698
0.221582
0.40185000000000004
0.539114
0.646559
0.7114980000000001
0.765719
0.7088880000000001
0.6770069999999999
0.534745
0.382151
0.20626499999999998
0.069323
0.006601
0.0
0.0
0.0
0.0
0.0
0.0
0.0
0.0
0.0
0.011779
0.054742
0.1075
0.313436
0.449293
0.457169
0.5585979999999999
0.405601
0.502053
0.50403
0.46624
0.360637
0.20129499999999997
0.07273600000000001
0.006615
0.0
0.0
0.0
0.0
0.0
0.0
0.0
0.0
0.0
0.008127
0.070971
0.196024
0.378233
0.51455
0.632645
0.68344
0.746255
0.5805309999999999
0.386395
0.49140300000000003
0.324592
0.153108
0.064328
0.007692999999999999
0.0
0.0
0.0
0.0
0.0
0.0
0.0
0.0
0.0
0.008652
0.071948
0.19650399999999998
0.34657499999999997
0.50603
0.614313
0.678162
0.698155
0.662668
0.517517
0.428613
0.33993799999999996
0.146288
0.067373
0.007553
0.0
0.0
0.0
0.0
0.0
0.0
0.0
0.0
0.0
0.009066000000000001
0.06291
0.16238
0.391774
0.565584
0.6682250000000001
0.741235
0.764583
0.672194
0.671018
0.533394
0.399156
0.17306100000000002
0.076939
0.008186
0.0
0.0
0.0
0.0
0.0
0.0
0.0
0.0
0.0
0.00862
0.075511
0.12956700000000002
0.220796
0.36292899999999995
0.515779
0.658076
0.652815
0.693834
0.633472
0.516091
0.33604199999999995
0.19198300000000001
0.071333
0.008195000000000001
0.0
0.0
0.0
0.0
0.0
0.0
0.0
0.0
0.0
0.009071999999999998
0.07162099999999999
0.168187
0.297836
0.47156
0.59348
0.68114
0.700467
0.673929
0.592584
0.475762
0.316904
0.160371
0.070245
0.008525
0.0
0.0
0.0
0.0
0.0
0.0
0.0
0.0
0.0
0.008801
0.0714
0.21201
0.38178500000000004
0.5409189999999999
0.629471
0.684528
0.676858
0.646138
0.578118
0.503544
0.285661
0.208801
0.06558199999999999
0.009743
0.0
0.0
0.0
0.0
0.0
0.0
0.0
0.0
0.0
0.010211
0.066431
0.207862
0.40299
0.43885599999999997
0.52612
0.6403819999999999
0.6140399999999999
0.709922
0.618871
0.48232200000000003
0.321801
0.186318
0.07501999999999999
0.009971
0.0
0.0
0.0
0.0
0.0
0.0
0.0
0.0
0.0
0.010711
0.07440000000000001
0.14733500000000002
0.327081
0.502666
0.540646
0.7218150000000001
0.667352
0.515774
0.5339579999999999
0.504447
0.342445
0.16404400000000002
0.087174
0.010305
0.0
0.0
0.0
0.0
0.0
0.0
0.0
0.0
0.0
0.01067
0.07045699999999999
0.185632
0.388235
0.542639
0.6610410000000001
0.733705
0.754424
0.7304210000000001
0.655111
0.534475
0.384646
0.208717
0.071345
0.010138
0.0
0.0
0.0
0.0
0.0
0.0
0.0
0.0
0.0
0.010088
0.076602
0.177551
0.323038
0.42035
0.57556
0.51651
0.496584
0.47877
0.530518
0.400171
0.326681
0.169824
0.072885
0.010910999999999999
0.0
0.0
0.0
0.0
0.0
0.0
0.0
0.0
0.0
0.010061
0.068517
0.23303200000000002
0.402272
0.425089
0.6964210000000001
0.691301
0.6008669999999999
0.601402
0.5806319999999999
0.334718
0.13572399999999998
0.11217700000000001
0.04159
0.007513
0.0
0.0
0.0
0.0
0.0
0.0
0.0
0.0
0.0
0.010417
0.061707
0.13453700000000002
0.208687
0.500041
0.546849
0.7365130000000001
0.68984
0.665107
0.634754
0.527054
0.322473
0.21601499999999998
0.069491
0.012156
0.0
0.0
0.0
0.0
0.0
0.0
0.0
0.0
0.0
0.014626
0.07008
0.145817
0.239892
0.416203
0.5509700000000001
0.628107
0.710322
0.692563
0.601642
0.482571
0.34617200000000004
0.194559
0.070056
0.011562
0.0
0.0
0.0
0.0
0.0
0.0
0.0
0.0
0.0
0.011659000000000001
0.073692
0.151647
0.312321
0.47122699999999995
0.52106
0.6237999999999999
0.665436
0.390683
0.512236
0.409903
0.182181
0.154785
0.06931
0.012205
0.0
0.0
0.0
0.0
0.0
0.0
0.0
0.0
0.0
0.010435
0.071806
0.222758
0.38954500000000003
0.520775
0.628139
0.700356
0.7352540000000001
0.6133970000000001
0.606548
0.487538
0.37411900000000003
0.168767
0.071965
0.013837
0.0
0.0
0.0
0.0
0.0
0.0
0.0
0.0
0.0
0.011268
0.07696599999999999
0.183084
0.32904300000000003
0.474713
0.579259
0.6347119999999999
0.633323
0.633486
0.43310000000000004
0.27710700000000005
0.267212
0.170226
0.08706699999999999
0.013559
0.0
0.0
0.0
0.0
0.0
0.0
0.0
0.0
0.0
0.012826
0.070065
0.210892
0.36500900000000003
0.448237
0.47788099999999994
0.7173339999999999
0.670022
0.661237
0.60351
0.37216000000000005
0.28690899999999997
0.213551
0.07225799999999999
0.014527
0.0
0.0
0.0
0.0
0.0
0.0
0.0
0.0
0.0
0.010676999999999999
0.07196899999999999
0.177149
0.292796
0.436802
0.532737
0.5789070000000001
0.530179
0.6294109999999999
0.54374
0.5565549999999999
0.374151
0.21574100000000002
0.07447
0.013544
0.0
0.0
0.0
0.0
0.0
0.0
0.0
0.0
0.0
0.010992
0.07591200000000001
0.18080000000000002
0.31211500000000003
0.430712
0.465641
0.622733
0.637608
0.59897
0.553578
0.44046199999999996
0.31294299999999997
0.18135300000000001
0.083009
0.015385999999999999
0.0
0.0
0.0
0.0
0.0
0.0
0.0
0.0
0.0
0.011436
0.07598999999999999
0.184442
0.289966
0.455286
0.534845
0.564087
0.672941
0.5510320000000001
0.477236
0.392308
0.24710400000000002
0.165262
0.076182
0.020484000000000002
0.0
0.0
0.0
0.0
0.0
0.0
0.0
0.0
0.0
0.00949
0.066926
0.214387
0.406057
0.517336
0.661832
0.724228
0.732177
0.709015
0.635138
0.515841
0.37807799999999997
0.207518
0.081356
0.015398
0.0
0.0
0.0
0.0
0.0
0.0
0.0
0.0
0.0
0.014211999999999999
0.068358
0.163714
0.331952
0.545424
0.637731
0.633239
0.589947
0.493853
0.39254
0.199934
0.18191200000000002
0.120767
0.06888
0.015658
0.0
0.0
0.0
0.0
0.0
0.0
0.0
0.0
0.0
0.009689999999999999
0.069743
0.232768
0.395849
0.564098
0.660554
0.722289
0.693391
0.715859
0.6860470000000001
0.584328
0.413629
0.236041
0.080396
0.013768
0.0
0.0
0.0
0.0
0.0
0.0
0.0
0.0
0.0
0.010867000000000002
0.069755
0.206724
0.36563
0.500552
0.588731
0.649738
0.601565
0.6475839999999999
0.624932
0.520451
0.39204300000000003
0.14237
0.07572
0.015813
0.0
0.0
0.0
0.0
0.0
0.0
0.0
0.0
0.0
0.011056
0.073544
0.18565700000000002
0.334365
0.460228
0.5253490000000001
0.635865
0.680667
0.672194
0.567318
0.32140199999999997
0.29838
0.18228
0.08072499999999999
0.016855000000000002
0.0
0.0
0.0
0.0
0.0
0.0
0.0
0.0
0.0
0.012157
0.064228
0.17571199999999998
0.352068
0.48366699999999996
0.595198
0.6681079999999999
0.674226
0.665256
0.421879
0.450317
0.35171800000000003
0.177005
0.073468
0.016864
0.0
0.0
0.0
0.0
0.0
0.0
0.0
0.0
0.0
0.009980000000000001
0.068523
0.208959
0.371
0.449421
0.533967
0.602717
0.705803
0.622439
0.59826
0.475192
0.351866
0.164478
0.081661
0.016834
0.0
0.0
0.0
0.0
0.0
0.0
0.0
0.0
0.0
0.011262000000000001
0.072747
0.167237
0.33161
0.41512
0.565932
0.5962179999999999
0.5224650000000001
0.410285
0.36884300000000003
0.38000799999999996
0.197876
0.141117
0.075586
0.016899
0.0
0.0
0.0
0.0
0.0
0.0
0.0
0.0
0.0
0.010444
0.07169199999999999
0.17926599999999998
0.329492
0.45024000000000003
0.573958
0.613229
0.620355
0.6258360000000001
0.613649
0.484361
0.29710899999999996
0.195031
0.08195999999999999
0.01925
0.0
0.0
0.0
0.0
0.0
0.0
0.0
0.0
0.0
0.010784
0.07244199999999999
0.21217
0.279745
0.483906
0.614522
0.660538
0.5600879999999999
0.597741
0.520847
0.525552
0.272865
0.190761
0.076984
0.016715
0.0
0.0
0.0
0.0
0.0
0.0
0.0
0.0
0.0
0.010568
0.071604
0.163197
0.291962
0.443835
0.560852
0.562584
0.477493
0.532672
0.5841109999999999
0.472554
0.33213099999999995
0.185297
0.089894
0.018587
0.0
0.0
0.0
0.0
0.0
0.0
0.0
0.0
0.0
0.009608
0.06678
0.195976
0.371242
0.5279539999999999
0.642436
0.618308
0.6975589999999999
0.6899959999999999
0.590899
0.334973
0.36114100000000005
0.222902
0.072279
0.025901
0.0
0.0
0.0
0.0
0.0
0.0
0.0
0.0
0.0
0.009476
0.060065
0.11786100000000001
0.162459
0.195603
0.356012
0.295786
0.35785
0.378654
0.40122199999999997
0.307102
0.16559800000000002
0.120139
0.068971
0.016738
0.0
0.0
0.0
0.0
0.0
0.0
0.0
0.0
0.0
0.00856
0.046977
0.083694
0.22464599999999998
0.317299
0.187671
0.574351
0.459992
0.511034
0.516893
0.5378970000000001
0.37868799999999997
0.160164
0.053771
0.024654
0.0
0.0
0.0
0.0
0.0
0.0
0.0
0.0
0.0
0.0078060000000000004
0.06129
0.199014
0.353131
0.47996300000000003
0.5867530000000001
0.6345149999999999
0.6654779999999999
0.684805
0.637536
0.538764
0.341704
0.19825
0.07557699999999999
0.015914
0.0
0.0
0.0
0.0
0.0
0.0
0.0
0.0
0.0
0.013785
0.071159
0.169471
0.272081
0.369399
0.505717
0.456698
0.610614
0.53047
0.429573
0.443972
0.25716500000000003
0.239863
0.095479
0.016408000000000002
0.0
0.0
0.0
0.0
0.0
0.0
0.0
0.0
0.0
0.008568
0.06676900000000001
0.203652
0.395615
0.512807
0.54167
0.47212099999999996
0.775476
0.686507
0.457973
0.336639
0.29914100000000005
0.111464
0.061602
0.016374
0.0
0.0
0.0
0.0
0.0
0.0
0.0
0.0
0.0
0.007892
0.064661
0.191895
0.351678
0.438303
0.516536
0.6306889999999999
0.535769
0.680789
0.546207
0.496539
0.306513
0.163934
0.082191
0.020847
0.0
0.0
0.0
0.0
0.0
0.0
0.0
0.0
0.0
0.0071790000000000005
0.058932000000000005
0.21704900000000002
0.372331
0.5467390000000001
0.672169
0.635754
0.729401
0.697173
0.6254890000000001
0.518106
0.39885000000000004
0.239678
0.076085
0.014258
0.0
0.0
0.0
0.0
0.0
0.0
0.0
0.0
0.0
0.007864
0.06494899999999999
0.18310099999999999
0.346308
0.491527
0.609225
0.67901
0.727306
0.5544009999999999
0.608056
0.450375
0.330851
0.204777
0.074544
0.01642
0.0
0.0
0.0
0.0
0.0
0.0
0.0
0.0
0.0
0.007562999999999999
0.066983
0.151732
0.249526
0.39766199999999996
0.457002
0.604951
0.513652
0.5779880000000001
0.5800230000000001
0.461094
0.312053
0.181096
0.077257
0.015776
0.0
0.0
0.0
0.0
0.0
0.0
0.0
0.0
0.0
0.007158
0.06838
0.141481
0.27725299999999997
0.406038
0.448067
0.593992
0.577773
0.6054299999999999
0.49712799999999996
0.412402
0.258955
0.217
0.080086
0.015754
0.0
0.0
0.0
0.0
0.0
0.0
0.0
0.0
0.0
0.006546000000000001
0.061408000000000004
0.146709
0.289525
0.42590300000000003
0.5778880000000001
0.6072329999999999
0.589412
0.492019
0.507398
0.45298200000000005
0.324699
0.189465
0.077925
0.014865
0.0
0.0
0.0
0.0
0.0
0.0
0.0
0.0
0.0
0.005953
0.062443
0.173352
0.300416
0.450335
0.558859
0.64883
0.718025
0.56153
0.624249
0.469203
0.33064499999999997
0.19518000000000002
0.074612
0.015583999999999999
0.0
0.0
0.0
0.0
0.0
0.0
0.0
0.0
0.0
0.005542
0.053318
0.179675
0.273961
0.441781
0.470655
0.622484
0.60793
0.556825
0.43597800000000003
0.385548
0.269938
0.12894399999999998
0.067978
0.01542
0.0
0.0
0.0
0.0
0.0
0.0
0.0
0.0
0.0
0.005566
0.057651
0.20684200000000003
0.400791
0.51254
0.655562
0.737034
0.774306
0.7454890000000001
0.6805549999999999
0.573739
0.423331
0.22878800000000002
0.081417
0.013028
0.0
0.0
0.0
0.0
0.0
0.0
0.0
0.0
0.0
0.005548
0.060496
0.17897900000000003
0.333161
0.462345
0.589466
0.662562
0.649261
0.632035
0.608788
0.508347
0.338721
0.202344
0.076837
0.014103
0.0
0.0
0.0
0.0
0.0
0.0
0.0
0.0
0.0
0.004873000000000001
0.055269
0.182891
0.35527600000000004
0.529985
0.6351870000000001
0.6940170000000001
0.7045589999999999
0.702779
0.620764
0.524478
0.391488
0.225158
0.07513800000000001
0.013196999999999999
0.0
0.0
0.0
0.0
0.0
0.0
0.0
0.0
0.0
0.004876999999999999
0.061581000000000004
0.16169399999999998
0.30052300000000004
0.418836
0.552832
0.6164769999999999
0.651458
0.632385
0.549134
0.45106799999999997
0.318972
0.186506
0.088274
0.013438
0.0
0.0
0.0
0.0
0.0
0.0
0.0
0.0
0.0
0.0076100000000000004
0.086172
0.15026699999999998
0.22896100000000003
0.323746
0.429772
0.647336
0.527496
0.494759
0.500643
0.356476
0.29089499999999996
0.172571
0.075881
0.016375
0.0
0.0
0.0
0.0
0.0
0.0
0.0
0.0
0.0
0.00354
0.053915
0.19376300000000002
0.367514
0.512303
0.562866
0.6828289999999999
0.7070259999999999
0.704173
0.6474030000000001
0.546025
0.397932
0.223747
0.07271999999999999
0.011474999999999999
0.0
0.0
0.0
0.0
0.0
0.0
0.0
0.0
0.0
0.003581
0.053344
0.17313800000000001
0.361967
0.494637
0.611927
0.67635
0.710989
0.696246
0.63154
0.514077
0.392294
0.206861
0.074697
0.011858
0.0
0.0
0.0
0.0
0.0
0.0
0.0
0.0
0.0
0.003691
0.061823
0.20072700000000002
0.32131099999999996
0.503019
0.63124
0.675841
0.7658339999999999
0.690634
0.533886
0.455073
0.28335000000000005
0.156589
0.109344
0.011477000000000001
0.0
0.0
0.0
0.0
0.0
0.0
0.0
0.0
0.0
0.003491
0.057074
0.1664
0.248792
0.15886
0.43861500000000003
0.631125
0.5493490000000001
0.6670499999999999
0.5405639999999999
0.48715600000000003
0.34881799999999996
0.232404
0.067767
0.010586
0.0
0.0
0.0
0.0
0.0
0.0
0.0
0.0
0.0
0.0030729999999999998
0.049516
0.192798
0.33761399999999997
0.530827
0.614683
0.70496
0.757851
0.708173
0.610841
0.496269
0.264462
0.22911600000000001
0.078087
0.009465999999999999
0.0
0.0
0.0
0.0
0.0
0.0
0.0
0.0
0.0
0.0023799999999999997
0.047692
0.195513
0.349356
0.545677
0.6610940000000001
0.702321
0.708185
0.7005979999999999
0.543308
0.505185
0.30815499999999996
0.146602
0.053492
0.010714
0.0
0.0
0.0
0.0
0.0
0.0
0.0
0.0
0.0
0.001728
0.04854
0.18514699999999998
0.355783
0.513709
0.6258319999999999
0.6761130000000001
0.766491
0.685243
0.650498
0.5126900000000001
0.38256999999999997
0.23979
0.071877
0.009654999999999999
0.0
0.0
0.0
0.0
0.0
0.0
0.0
0.0
0.0
0.001789
0.059261
0.161767
0.353146
0.544628
0.539848
0.54347
0.6413369999999999
0.6044919999999999
0.47222699999999995
0.536803
0.389093
0.222661
0.072832
0.009444000000000001
0.0
0.0
0.0
0.0
0.0
0.0
0.0
0.0
0.0
0.001246
0.054637
0.15317
0.26931700000000003
0.399856
0.493358
0.639815
0.555667
0.622096
0.520421
0.497818
0.290156
0.16435
0.076132
0.010286
0.0
0.0
0.0
0.0
0.0
0.0
0.0
0.0
0.0
0.0017620000000000001
0.054688
0.153476
0.15964099999999998
0.17146199999999998
0.6028020000000001
0.6827989999999999
0.782547
0.727873
0.36833
0.15394
0.31258199999999997
0.172191
0.059501
0.008841
0.0
0.0
0.0
0.0
0.0
0.0
0.0
0.0
0.0
0.001237
0.053112
0.137379
0.29572699999999996
0.427599
0.5100480000000001
0.535817
0.6463300000000001
0.549427
0.539909
0.46301299999999995
0.326005
0.183615
0.069973
0.008036
0.0
0.0
0.0
0.0
0.0
0.0
0.0
0.0
0.0
0.0
0.035095
0.07502299999999999
0.152335
0.158602
0.147839
0.223834
0.458445
0.39827100000000004
0.268471
0.33153699999999997
0.230555
0.10388700000000001
0.058258000000000004
0.007845
0.0
0.0
0.0
0.0
0.0
0.0
0.0
0.0
0.0
0.000123
0.048823
0.12496299999999999
0.227365
0.311621
0.5373859999999999
0.631139
0.6792290000000001
0.6291059999999999
0.581299
0.42975
0.26607
0.130852
0.06477200000000001
0.0074199999999999995
0.0
0.0
0.0
0.0
0.0
0.0
0.0
0.0
0.0
7.6e-05
0.045089
0.10493300000000001
0.23341900000000002
0.38084300000000004
0.258973
0.431858
0.295139
0.32939999999999997
0.20580500000000002
0.256633
0.301589
0.158703
0.057808
0.006549
0.0
0.0
0.0
0.0
0.0
0.0
0.0
0.0
0.0
0.001321
0.041944
0.163257
0.345491
0.469082
0.573474
0.646421
0.68901
0.678741
0.558687
0.5258619999999999
0.38332499999999997
0.20914
0.062787
0.006157
0.0
0.0
0.0
0.0
0.0
0.0
0.0
0.0
0.0
0.0
0.039658
0.140079
0.22738399999999998
0.417861
0.581667
0.721682
0.664139
0.562303
0.431544
0.407645
0.325963
0.14707599999999998
0.071379
0.005026
0.0
0.0
0.0
0.0
0.0
0.0
0.0
0.0
0.0
0.0
0.046325000000000005
0.102241
0.272793
0.448971
0.582744
0.607589
0.696957
0.682219
0.663855
0.538969
0.37493200000000004
0.196571
0.062384999999999996
0.005065
0.0
0.0
0.0
0.0
0.0
0.0
0.0
0.0
0.0
0.0
0.041342
0.151427
0.36118700000000004
0.484192
0.598838
0.71231
0.677866
0.687861
0.584262
0.539157
0.320546
0.134685
0.056274
0.004727
0.0
0.0
0.0
0.0
0.0
0.0
0.0
0.0
0.0
0.0
0.037993
0.083066
0.201983
0.160924
0.172745
0.25616
0.335489
0.475659
0.302099
0.189996
0.12776600000000002
0.13309200000000002
0.059311
0.003771
0.0
0.0
0.0
0.0
0.0
0.0
0.0
0.0
0.0
0.0
0.048122
0.146591
0.283383
0.474888
0.428761
0.425327
0.240831
0.35933800000000005
0.443512
0.366594
0.368465
0.22047
0.05859
0.003194
0.0
0.0
0.0
0.0
0.0
0.0
0.0
0.0
0.0
0.0
0.035073
0.184414
0.37192899999999995
0.544308
0.66531
0.702609
0.71199
0.7302730000000001
0.669811
0.575644
0.409972
0.225412
0.058238
0.0021019999999999997
0.0
0.0
0.0
0.0
0.0
0.0
0.0
0.0
0.0
0.0
0.040061
0.16417400000000001
0.349253
0.5007269999999999
0.6423300000000001
0.7230829999999999
0.7225839999999999
0.6873319999999999
0.6655449999999999
0.536672
0.386233
0.20044700000000001
0.057011000000000006
0.002706
0.0
0.0
0.0
0.0
0.0
0.0
0.0
0.0
0.0
0.0
0.033148000000000004
0.172174
0.349856
0.531717
0.6210549999999999
0.720164
0.657535
0.7307859999999999
0.606606
0.51079
0.246072
0.130252
0.051597000000000004
0.0032440000000000004
0.0
0.0
0.0
0.0
0.0
0.0
0.0
0.0
0.0
0.0
0.030168
0.060107
0.28674900000000003
0.162323
0.27394
0.267714
0.298533
0.34615199999999996
0.300422
0.33934
0.356373
0.21631999999999998
0.045216
0.001428
0.0
0.0
0.0
0.0
0.0
0.0
0.0
0.0
0.0
0.0
0.035624
0.169774
0.359803
0.518774
0.6270739999999999
0.7074940000000001
0.7328640000000001
0.767423
0.6313949999999999
0.45313600000000004
0.285565
0.147057
0.065939
0.002079
0.0
0.0
0.0
0.0
0.0
0.0
0.0
0.0
0.0
0.0
0.034575
0.17153100000000002
0.355755
0.504084
0.617313
0.708234
0.706962
0.727977
0.6330800000000001
0.53916
0.385093
0.209209
0.049928
0.001027
0.0
0.0
0.0
0.0
0.0
0.0
0.0
0.0
0.0
0.0
0.034332
0.16190000000000002
0.301406
0.470963
0.545179
0.520537
0.697856
0.6515019999999999
0.466451
0.501571
0.359329
0.203377
0.053048000000000005
0.00040699999999999997
0.0
0.0
0.0
0.0
0.0
0.0
0.0
0.0
0.0
0.0
0.03603
0.138405
0.291057
0.449137
0.572982
0.64749
0.6768959999999999
0.6487580000000001
0.5488959999999999
0.460756
0.322228
0.164053
0.04978
0.0
0.0
0.0
0.0
0.0
0.0
0.0
0.0
0.0
0.0
0.0
0.036012999999999996
0.138559
0.337986
0.395566
0.600579
0.665762
0.627293
0.645353
0.560231
0.463362
0.348499
0.175518
0.048796
0.0
0.0
0.0
0.0
0.0
0.0
0.0
0.0
0.0
0.0
0.0
0.029346
0.11661
0.335168
0.512719
0.63407
0.73202
0.765193
0.624637
0.64109
0.527149
0.376925
0.179928
0.053491
0.0
0.0
0.0
0.0
0.0
0.0
0.0
0.0
0.0
0.0
0.0
0.031201
0.15563300000000002
0.35433600000000004
0.477059
0.602437
0.696551
0.710725
0.719346
0.621754
0.499485
0.373724
0.194214
0.045817000000000004
0.0
0.0
0.0
0.0
0.0
0.0
0.0
0.0
0.0
0.0
0.0
0.030038
0.169844
0.368891
0.532539
0.6552469999999999
0.644139
0.726155
0.7080299999999999
0.638846
0.523571
0.377502
0.19900299999999999
0.043115
0.0
0.0
0.0
0.0
0.0
0.0
0.0
0.0
0.0
0.0
0.0
0.030848
0.10302599999999999
0.170574
0.347231
0.43837
0.554744
0.40125599999999995
0.566903
0.5447240000000001
0.434004
0.29418099999999997
0.14682699999999999
0.0434
0.0
0.0
0.0
0.0
0.0
0.0
0.0
0.0
0.0
0.0
0.0
0.027381
0.115251
0.27248700000000003
0.370604
0.562649
0.573106
0.588271
0.710217
0.617687
0.5589890000000001
0.390456
0.190041
0.044491
0.0
0.0
0.0
0.0
0.0
0.0
0.0
0.0
0.0
0.0
0.0
0.027373
0.166329
0.368668
0.530987
0.63916
0.651054
0.754746
0.7154170000000001
0.638067
0.537529
0.38806999999999997
0.19961500000000001
0.039471
0.0
0.0
0.0
0.0
0.0
0.0
0.0
0.0
0.0
0.0
0.0
0.02553
0.17145
0.373029
0.529107
0.650638
0.637193
0.7593099999999999
0.735818
0.672768
0.560005
0.402524
0.201653
0.037177
0.0
0.0
0.0
0.0
0.0
0.0
0.0
0.0
0.0
0.0
0.0
0.031058
0.117813
0.234491
0.369998
0.505325
0.573823
0.539524
0.6359349999999999
0.487478
0.41697500000000004
0.202014
0.122943
0.037438
0.0
0.0
0.0
0.0
0.0
0.0
0.0
0.0
0.0
0.0
0.0
0.026123
0.150954
0.339921
0.5214650000000001
0.6308980000000001
0.704957
0.753663
0.682428
0.6159439999999999
0.484064
0.26680000000000004
0.16483899999999999
0.035002000000000005
0.0
0.0
0.0
0.0
0.0
0.0
0.0
0.0
0.0
0.0
0.0
0.024192
0.160752
0.363825
0.5373880000000001
0.650028
0.740779
0.7569980000000001
0.749477
0.5757770000000001
0.523635
0.367897
0.165133
0.032375999999999995
0.0
0.0
0.0
0.0
0.0
0.0
0.0
0.0
0.0
0.0
0.0
0.025466000000000003
0.093
0.213101
0.338665
0.35766899999999996
0.6551359999999999
0.739468
0.715785
0.624368
0.503499
0.35768099999999997
0.14684899999999998
0.032049999999999995
0.0
0.0
0.0
0.0
0.0
0.0
0.0
0.0
0.0
0.0
0.0
0.021449000000000003
0.162166
0.35865199999999997
0.513614
0.628328
0.702474
0.7273099999999999
0.722563
0.522627
0.386179
0.25622
0.074131
0.023629
0.0
0.0
0.0
0.0
0.0
0.0
0.0
0.0
0.0
0.0
0.0
0.023943000000000002
0.102945
0.256719
0.42987400000000003
0.510888
0.623891
0.6465339999999999
0.630027
0.5243289999999999
0.42243400000000003
0.28122
0.124943
0.029996
0.0
0.0
0.0
0.0
0.0
0.0
0.0
0.0
0.0
0.0
0.0
0.022876999999999998
0.11658199999999999
0.268814
0.37178300000000003
0.590486
0.608746
0.685104
0.66595
0.590283
0.47471800000000003
0.30277699999999996
0.13137100000000002
0.02857
0.0
0.0
0.0
0.0
0.0
0.0
0.0
0.0
0.0
0.0
0.0
0.021884
0.122455
0.28467899999999996
0.33684
0.520511
0.5524249999999999
0.664843
0.56437
0.511775
0.270198
0.181697
0.083259
0.037850999999999996
0.0
0.0
0.0
0.0
0.0
0.0
0.0
0.0
0.0
0.0
0.0
0.020013000000000003
0.131827
0.164464
0.212612
0.44966500000000004
0.336639
0.40002699999999997
0.337973
0.325989
0.27321300000000004
0.152615
0.090575
0.025693999999999998
0.0
0.0
0.0
0.0
0.0
0.0
0.0
0.0
0.0
0.0
0.0
0.018881000000000002
0.068636
0.10783799999999999
0.146369
0.25479
0.290339
0.40276799999999996
0.294574
0.273021
0.154558
0.165733
0.092384
0.034446
0.0
0.0
0.0
0.0
0.0
0.0
0.0
0.0
0.0
0.0
0.0
0.016126
0.162635
0.380324
0.525437
0.585878
0.513987
0.408665
0.708615
0.5180370000000001
0.488242
0.363506
0.171512
0.019655000000000002
0.0
0.0
0.0
0.0
0.0
0.0
0.0
0.0
0.0
0.0
0.0
0.018449
0.117949
0.220531
0.24878
0.44639100000000004
0.456947
0.55444
0.5926520000000001
0.54262
0.435439
0.254219
0.118524
0.028094
0.0
0.0
0.0
0.0
0.0
0.0
0.0
0.0
0.0
0.0
0.0
0.02718
0.10321
0.244401
0.385112
0.519871
0.621616
0.525293
0.410889
0.322555
0.30531400000000003
0.260995
0.08653799999999999
0.017402
0.0
0.0
0.0
0.0
0.0
0.0
0.0
0.0
0.0
0.0
0.0
0.021776
0.067891
0.143107
0.316475
0.267961
0.5492469999999999
0.492247
0.513635
0.582185
0.5333490000000001
0.349843
0.143187
0.017099
0.0
0.0
0.0
0.0
0.0
0.0
0.0
0.0
0.0
0.0
0.0
0.013923999999999999
0.146392
0.32635000000000003
0.5204500000000001
0.6003390000000001
0.722005
0.7348049999999999
0.700063
0.623846
0.5359729999999999
0.35273899999999997
0.153578
0.014859
0.0
0.0
0.0
0.0
0.0
0.0
0.0
0.0
0.0
0.0
0.0
0.014766
0.110886
0.281943
0.450731
0.59241
0.587256
0.671904
0.579689
0.5604690000000001
0.427338
0.265247
0.106234
0.015143
0.0
0.0
0.0
0.0
0.0
0.0
0.0
0.0
0.0
0.0
0.0
0.013929
0.115303
0.302161
0.49733999999999995
0.6220979999999999
0.567866
0.6049840000000001
0.501603
0.43947699999999995
0.120515
0.155773
0.057447000000000005
0.012378
0.0
0.0
0.0
0.0
0.0
0.0
0.0
0.0
0.0
0.0
0.0
0.009334
0.083553
0.11001000000000001
0.152498
0.24246700000000002
0.226198
0.42410000000000003
0.301892
0.455531
0.343574
0.164418
0.090446
0.012841
0.0
0.0
0.0
0.0
0.0
0.0
0.0
0.0
0.0
0.0
0.0
0.011694000000000001
0.064054
0.20822900000000003
0.239435
0.5009440000000001
0.5525829999999999
0.722007
0.534476
0.5313730000000001
0.340284
0.240382
0.097368
0.01119
0.0
0.0
0.0
0.0
0.0
0.0
0.0
0.0
0.0
0.0
0.0
0.012749
0.103934
0.268788
0.44139999999999996
0.584878
0.6532089999999999
0.670492
0.670869
0.5853959999999999
0.455795
0.275343
0.101825
0.010327
0.0
0.0
0.0
0.0
0.0
0.0
0.0
0.0
0.0
0.0
0.0
0.01052
0.148005
0.374415
0.528057
0.649688
0.746513
0.76643
0.7243310000000001
0.619539
0.489257
0.341138
0.14131200000000002
0.008228
0.0
0.0
0.0
0.0
0.0
0.0
0.0
0.0
0.0
0.0
0.0
0.010986000000000001
0.122683
0.31561500000000003
0.479363
0.612442
0.696125
0.7264660000000001
0.6964349999999999
0.5983189999999999
0.464683
0.27646699999999996
0.103774
0.007410999999999999
0.0
0.0
0.0
0.0
0.0
0.0
0.0
0.0
0.0
0.0
0.0
0.009892
0.149733
0.364678
0.544909
0.597121
0.7308830000000001
0.650884
0.76364
0.567845
0.504755
0.33817200000000003
0.12676099999999998
0.0063289999999999996
0.0
0.0
0.0
0.0
0.0
0.0
0.0
0.0
0.0
0.0
0.0
0.009002000000000001
0.102747
0.27842
0.450591
0.582806
0.638639
0.608029
0.642033
0.567378
0.438558
0.259408
0.08940000000000001
0.005407
0.0
0.0
0.0
0.0
0.0
0.0
0.0
0.0
0.0
0.0
0.0
0.008661
0.139747
0.345794
0.5315380000000001
0.6583730000000001
0.708928
0.741495
0.7007089999999999
0.623375
0.432192
0.313061
0.112834
0.0044989999999999995
0.0
0.0
0.0
0.0
0.0
0.0
0.0
0.0
0.0
0.0
0.0
0.007373
0.147426
0.350947
0.501395
0.665658
0.68613
0.7341660000000001
0.708391
0.556787
0.499863
0.324776
0.119029
0.00354
0.0
0.0
0.0
0.0
0.0
0.0
0.0
0.0
0.0
0.0
0.0
0.006847000000000001
0.10234399999999999
0.197191
0.451804
0.547541
0.721371
0.686211
0.6766559999999999
0.577425
0.46693900000000005
0.28757900000000003
0.093402
0.003094
0.0
0.0
0.0
0.0
0.0
0.0
0.0
0.0
0.0
0.0
0.0
0.006104
0.12614799999999998
0.32778500000000005
0.503771
0.664746
0.7349289999999999
0.720537
0.699476
0.6100059999999999
0.457097
0.309927
0.100334
0.002505
0.0
0.0
0.0
0.0
0.0
0.0
0.0
0.0
0.0
0.0
0.0
0.006607999999999999
0.09759999999999999
0.27694
0.458446
0.547
0.6757580000000001
0.677901
0.641634
0.569918
0.42407
0.241031
0.07533
0.00173
0.0
0.0
0.0
0.0
0.0
0.0
0.0
0.0
0.0
0.0
0.0
0.005339
0.13644499999999998
0.345198
0.472609
0.579331
0.683492
0.644664
0.6661180000000001
0.5664389999999999
0.389261
0.29397199999999996
0.077856
0.001192
0.0
0.0
0.0
0.0
0.0
0.0
0.0
0.0
0.0
0.0
0.0
0.00758
0.095039
0.29014
0.47074400000000005
0.601567
0.6700470000000001
0.689821
0.674552
0.6050789999999999
0.46928
0.27499799999999996
0.08178
0.00058
0.0
0.0
0.0
0.0
0.0
0.0
0.0
0.0
0.0
0.0
0.0
0.005189
0.121779
0.337387
0.46806400000000004
0.616722
0.676636
0.620576
0.7126180000000001
0.5581349999999999
0.398044
0.202446
0.055176
8.400000000000001e-05
0.0
0.0
0.0
0.0
0.0
0.0
0.0
0.0
0.0
0.0
0.0
0.0047220000000000005
0.095098
0.257612
0.45399700000000004
0.51027
0.5793200000000001
0.670969
0.639259
0.494349
0.296226
0.166261
0.091249
0.0002
0.0
0.0
0.0
0.0
0.0
0.0
0.0
0.0
0.0
0.0
0.0
0.0051909999999999994
0.151274
0.364084
0.528551
0.61673
0.67528
0.620962
0.682228
0.624432
0.496396
0.296175
0.083378
0.0
0.0
0.0
0.0
0.0
0.0
0.0
0.0
0.0
0.0
0.0
0.0
0.003347
0.100142
0.204905
0.46651299999999996
0.495557
0.475319
0.506971
0.485223
0.352007
0.145179
0.122747
0.03714
0.0
0.0
0.0
0.0
0.0
0.0
0.0
0.0
0.0
0.0
0.0
0.0
0.002655
0.063239
0.18787700000000002
0.29570100000000005
0.33548500000000003
0.43105
0.324211
0.38986200000000004
0.39057200000000003
0.27459300000000003
0.168794
0.065788
0.0
0.0
0.0
0.0
0.0
0.0
0.0
0.0
0.0
0.0
0.0
0.0
0.003355
0.134072
0.361151
0.5580320000000001
0.704283
0.78487
0.801378
0.695883
0.675199
0.5140410000000001
0.326542
0.095979
0.0
0.0
0.0
0.0
0.0
0.0
0.0
0.0
0.0
0.0
0.0
0.0
0.003949
0.141354
0.377512
0.553581
0.627188
0.73675
0.776342
0.7352179999999999
0.645986
0.503234
0.307064
0.08623399999999999
0.0
0.0
0.0
0.0
0.0
0.0
0.0
0.0
0.0
0.0
0.0
0.0
0.002643
0.12081
0.32535000000000003
0.461297
0.617604
0.696641
0.7277720000000001
0.6672530000000001
0.586352
0.432402
0.24593
0.06628700000000001
0.0
0.0
0.0
0.0
0.0
0.0
0.0
0.0
0.0
0.0
0.0
0.0
0.00204
0.122595
0.32707600000000003
0.48958100000000004
0.643716
0.7270270000000001
0.752962
0.674948
0.62141
0.469849
0.27409300000000003
0.066478
0.0
0.0
0.0
0.0
0.0
0.0
0.0
0.0
0.0
0.0
0.0
0.0
0.0015429999999999999
0.124378
0.316486
0.5118860000000001
0.6291319999999999
0.529808
0.682219
0.669659
0.47375900000000004
0.386679
0.254478
0.059423000000000004
0.0
0.0
0.0
0.0
0.0
0.0
0.0
0.0
0.0
0.0
0.0
0.0
0.000354
0.065946
0.14105099999999998
0.387001
0.523273
0.691558
0.688689
0.655986
0.597209
0.466992
0.258284
0.058445
0.0
0.0
0.0
0.0
0.0
0.0
0.0
0.0
0.0
0.0
0.0
0.0
0.0
0.102267
0.317002
0.497985
0.632047
0.686716
0.697374
0.6514220000000001
0.57531
0.42085300000000003
0.225613
0.043116
0.0
0.0
0.0
0.0
0.0
0.0
0.0
0.0
0.0
0.0
0.0
0.0
0.000107
0.090572
0.152865
0.458659
0.575812
0.641695
0.5300819999999999
0.40422199999999997
0.46052499999999996
0.434909
0.207003
0.050148000000000005
0.0
0.0
0.0
0.0
0.0
0.0
0.0
0.0
0.0
0.0
0.0
0.0
0.0016690000000000001
0.057418
0.141127
0.301154
0.525297
0.645302
0.686762
0.565318
0.566265
0.417894
0.23438900000000001
0.049021
0.0
0.0
0.0
0.0
0.0
0.0
0.0
0.0
0.0
0.0
0.0
0.0
0.0
0.077837
0.262041
0.43364600000000003
0.564245
0.627522
0.635887
0.6027530000000001
0.49951999999999996
0.369905
0.184384
0.033854999999999996
0.0
0.0
0.0
0.0
0.0
0.0
0.0
0.0
0.0
0.0
0.0
0.0
0.0
0.100728
0.32049900000000003
0.5101979999999999
0.632316
0.687192
0.719039
0.65199
0.517884
0.347755
0.21820900000000001
0.038189999999999995
0.0
0.0
0.0
0.0
0.0
0.0
0.0
0.0
0.0
0.0
0.0
0.0
0.0
0.11620399999999999
0.344423
0.542102
0.6490670000000001
0.715152
0.724038
0.643719
0.447078
0.445856
0.21634299999999998
0.032343000000000004
0.0
0.0
0.0
0.0
0.0
0.0
0.0
0.0
0.0
0.0
0.0
0.0
0.0
0.042564
0.157341
0.100537
0.172571
0.129237
0.11864100000000001
0.30679399999999996
0.09667
0.084898
0.032958
0.012672000000000001
0.0
0.0
0.0
0.0
0.0
0.0
0.0
0.0
0.0
0.0
0.0
0.0
0.0
0.065161
0.094827
0.214911
0.364242
0.671178
0.6659539999999999
0.623477
0.485597
0.353228
0.149012
0.020518
0.0
0.0
0.0
0.0
0.0
0.0
0.0
0.0
0.0
0.0
0.0
0.0
0.0
0.118574
0.341253
0.5308229999999999
0.6632809999999999
0.731352
0.748316
0.718154
0.575857
0.438556
0.239362
0.041099
0.0
0.0
0.0
0.0
0.0
0.0
0.0
0.0
0.0
0.0
0.0
0.0
0.0
0.085797
0.279559
0.461764
0.555257
0.590475
0.573653
0.411717
0.36429300000000003
0.279185
0.174358
0.021955
0.0
0.0
0.0
0.0
0.0
0.0
0.0
0.0
0.0
0.0
0.0
0.0
0.0
0.09986700000000001
0.321295
0.514563
0.633011
0.703547
0.669179
0.6469940000000001
0.5624260000000001
0.410388
0.203283
0.031156
0.0
0.0
0.0
0.0
0.0
0.0
0.0
0.0
0.0
0.0
0.0
0.0
0.0
0.10026600000000001
0.324152
0.51117
0.623255
0.681844
0.669088
0.649351
0.571615
0.430789
0.227379
0.031441
0.0
0.0
0.0
0.0
0.0
0.0
0.0
0.0
0.0
0.0
0.0
0.0
0.0
0.06595000000000001
0.248321
0.42786799999999997
0.5683039999999999
0.6632720000000001
0.6394460000000001
0.577009
0.403304
0.33587
0.157567
0.017007
0.0
0.0
0.0
0.0
0.0
0.0
0.0
0.0
0.0
0.0
0.0
0.0
0.0
0.080714
0.273228
0.42827800000000005
0.558415
0.605851
0.577452
0.599677
0.54125
0.383669
0.19644999999999999
0.019243
0.0
0.0
0.0
0.0
0.0
0.0
0.0
0.0
0.0
0.0
0.0
0.0
0.0
0.08052899999999999
0.295
0.475746
0.6050460000000001
0.690134
0.712748
0.631582
0.380454
0.346154
0.090797
0.010349
0.0
0.0
0.0
0.0
0.0
0.0
0.0
0.0
0.0
0.0
0.0
0.0
0.0
0.096224
0.33319
0.517833
0.632229
0.6844690000000001
0.7182949999999999
0.641359
0.561239
0.380627
0.220891
0.025439
0.0
0.0
0.0
0.0
0.0
0.0
0.0
0.0
0.0
0.0
0.0
0.0
0.0
0.049252000000000004
0.204596
0.371035
0.539206
0.564609
0.6132110000000001
0.5545760000000001
0.406584
0.254062
0.117128
0.007727
0.0
0.0
0.0
0.0
0.0
0.0
0.0
0.0
0.0
0.0
0.0
0.0
0.0
0.066928
0.269175
0.45842
0.578708
0.645842
0.6867989999999999
0.659224
0.427314
0.289792
0.087727
0.008039
0.0
0.0
0.0
0.0
0.0
0.0
0.0
0.0
0.0
0.0
0.0
0.0
0.0
0.08726600000000001
0.300077
0.514419
0.6480410000000001
0.714994
0.7277619999999999
0.6848500000000001
0.578732
0.41738
0.203692
0.018103
0.0
0.0
0.0
0.0
0.0
0.0
0.0
0.0
0.0
0.0
0.0
0.0
0.0
0.06295100000000001
0.292743
0.476103
0.6096630000000001
0.64058
0.6334500000000001
0.453704
0.21825
0.28306200000000004
0.083956
0.005208999999999999
0.0
0.0
0.0
0.0
0.0
0.0
0.0
0.0
0.0
0.0
0.0
0.0
0.0
0.032517000000000004
0.125232
0.289662
0.548086
0.38706
0.619375
0.641439
0.5132770000000001
0.21637
0.154372
0.009144
0.0
0.0
0.0
0.0
0.0
0.0
0.0
0.0
0.0
0.0
0.0
0.0
0.0
0.07328
0.30704899999999996
0.507918
0.557468
0.714743
0.733783
0.6860729999999999
0.570542
0.405154
0.174185
0.011938
0.0
0.0
0.0
0.0
0.0
0.0
0.0
0.0
0.0
0.0
0.0
0.0
0.0
0.057027
0.265001
0.463697
0.601023
0.681519
0.67953
0.642405
0.525818
0.370172
0.153713
0.005138
0.0
0.0
0.0
0.0
0.0
0.0
0.0
0.0
0.0
0.0
0.0
0.0
0.0
0.057027
0.20112799999999997
0.189169
0.511788
0.458629
0.38359899999999997
0.49414199999999997
0.326529
0.268232
0.094553
0.004771
0.0
0.0
0.0
0.0
0.0
0.0
0.0
0.0
0.0
0.0
0.0
0.0
0.0
0.029799
0.141457
0.080842
0.24592599999999998
0.282214
0.228755
0.34778
0.25041
0.178445
0.069117
0.002206
0.0
0.0
0.0
0.0
0.0
0.0
0.0
0.0
0.0
0.0
0.0
0.0
0.0
0.057745
0.27347699999999997
0.43294499999999997
0.585105
0.67569
0.71524
0.63849
0.519602
0.375868
0.16419
0.0072889999999999995
0.0
0.0
0.0
0.0
0.0
0.0
0.0
0.0
0.0
0.0
0.0
0.0
0.0
0.060216
0.270749
0.454797
0.5554049999999999
0.641456
0.644893
0.603972
0.499198
0.341209
0.14937899999999998
0.005475
0.0
0.0
0.0
0.0
0.0
0.0
0.0
0.0
0.0
0.0
0.0
0.0
0.0
0.055127
0.21609899999999999
0.342318
0.559012
0.66288
0.6500309999999999
0.660984
0.5135839999999999
0.35523000000000005
0.155338
0.00514
0.0
0.0
0.0
0.0
0.0
0.0
0.0
0.0
0.0
0.0
0.0
0.0
0.0
0.039262
0.226056
0.436742
0.546517
0.616973
0.543717
0.509552
0.48993000000000003
0.364891
0.15376599999999999
0.0038669999999999998
0.0
0.0
0.0
0.0
0.0
0.0
0.0
0.0
0.0
0.0
0.0
0.0
0.0
0.028577
0.20903200000000002
0.40042300000000003
0.5356599999999999
0.596291
0.6011749999999999
0.492988
0.400372
0.147035
0.07313
0.0
0.0
0.0
0.0
0.0
0.0
0.0
0.0
0.0
0.0
0.0
0.0
0.0
0.0
0.053702
0.285094
0.47945499999999996
0.6214489999999999
0.637741
0.713048
0.666541
0.545099
0.389974
0.166203
0.0035859999999999998
0.0
0.0
0.0
0.0
0.0
0.0
0.0
0.0
0.0
0.0
0.0
0.0
0.0
0.023257999999999997
0.182485
0.385447
0.516885
0.614232
0.6092519999999999
0.570111
0.44262599999999996
0.28936700000000004
0.09678300000000001
0.0
0.0
0.0
0.0
0.0
0.0
0.0
0.0
0.0
0.0
0.0
0.0
0.0
0.0
0.035826000000000004
0.252963
0.411762
0.5618650000000001
0.600241
0.62419
0.589441
0.480135
0.306878
0.101782
0.0
0.0
0.0
0.0
0.0
0.0
0.0
0.0
0.0
0.0
0.0
0.0
0.0
0.0
0.041409999999999995
0.26870299999999997
0.477313
0.612688
0.690116
0.712264
0.659116
0.535391
0.37534500000000004
0.14896
0.000751
0.0
0.0
0.0
0.0
0.0
0.0
0.0
0.0
0.0
0.0
0.0
0.0
0.0
0.030023
0.236016
0.43684300000000004
0.555342
0.6307910000000001
0.6311019999999999
0.620874
0.501116
0.342677
0.12476000000000001
0.0
0.0
0.0
0.0
0.0
0.0
0.0
0.0
0.0
0.0
0.0
0.0
0.0
0.0
0.032711
0.244374
0.42384
0.563431
0.624231
0.6712659999999999
0.618728
0.523374
0.327485
0.125028
0.0
0.0
0.0
0.0
0.0
0.0
0.0
0.0
0.0
0.0
0.0
0.0
0.0
0.0
0.012501
0.132539
0.283762
0.43644700000000003
0.477476
0.561538
0.538821
0.428262
0.28211200000000003
0.093768
0.0
0.0
0.0
0.0
0.0
0.0
0.0
0.0
0.0
0.0
0.0
0.0
0.0
0.0
0.019669
0.129645
0.257403
0.349037
0.440799
0.539653
0.50881
0.44137400000000004
0.35587799999999997
0.119143
0.0
0.0
0.0
0.0
0.0
0.0
0.0
0.0
0.0
0.0
0.0
0.0
0.0
0.0
0.011
0.11417100000000001
0.216946
0.328078
0.502868
0.46999799999999997
0.364267
0.28930500000000003
0.133353
0.050707
0.0
0.0
0.0
0.0
0.0
0.0
0.0
0.0
0.0
0.0
0.0
0.0
0.0
0.0
0.013275
0.07845099999999999
0.39990800000000004
0.432591
0.503577
0.612467
0.445915
0.272943
0.08562
0.028292
0.0
0.0
0.0
0.0
0.0
0.0
0.0
0.0
0.0
0.0
0.0
0.0
0.0
0.0
0.014275
0.195881
0.313125
0.5230940000000001
0.643847
0.685991
0.632586
0.53476
0.363351
0.130275
0.0
0.0
0.0
0.0
0.0
0.0
0.0
0.0
0.0
0.0
0.0
0.0
0.0
0.0
0.017349
0.15301599999999999
0.406715
0.4696
0.45203899999999997
0.594373
0.424145
0.336838
0.172359
0.08440600000000001
0.0
0.0
0.0
0.0
0.0
0.0
0.0
0.0
0.0
0.0
0.0
0.0
0.0
0.0
0.0076749999999999995
0.129177
0.22364599999999998
0.398258
0.375953
0.435265
0.290103
0.330424
0.18321
0.038852
0.0
0.0
0.0
0.0
0.0
0.0
0.0
0.0
0.0
0.0
0.0
0.0
0.0
0.0
0.017955
0.208852
0.414547
0.525552
0.625082
0.624011
0.434531
0.43685399999999996
0.265702
0.063601
0.0
0.0
0.0
0.0
0.0
0.0
0.0
0.0
0.0
0.0
0.0
0.0
0.0
0.0
0.013832
0.21593299999999999
0.37749099999999997
0.5171789999999999
0.618742
0.567667
0.503281
0.458441
0.271412
0.101551
0.0
0.0
0.0
0.0
0.0
0.0
0.0
0.0
0.0
0.0
0.0
0.0
0.0
0.0
0.00369
0.093664
0.310318
0.38380000000000003
0.5658869999999999
0.566416
0.505062
0.396598
0.235989
0.057084
0.0
0.0
0.0
0.0
0.0
0.0
0.0
0.0
0.0
0.0
0.0
0.0
0.0
0.0
0.012652
0.21796100000000002
0.418725
0.563535
0.643186
0.6549969999999999
0.613975
0.505434
0.33711
0.11150499999999999
0.0
0.0
0.0
0.0
0.0
0.0
0.0
0.0
0.0
0.0
0.0
0.0
0.0
0.0
0.01284
0.20959
0.42444299999999996
0.577187
0.658784
0.676963
0.614162
0.493286
0.31349400000000005
0.095893
0.0
0.0
0.0
0.0
0.0
0.0
0.0
0.0
0.0
0.0
0.0
0.0
0.0
0.0
0.00838
0.192858
0.404846
0.5483300000000001
0.5848730000000001
0.628328
0.5414260000000001
0.456101
0.263084
0.067704
0.0
0.0
0.0
0.0
0.0
0.0
0.0
0.0
0.0
0.0
0.0
0.0
0.0
0.0
0.0032679999999999996
0.150553
0.339471
0.472101
0.555322
0.553315
0.512197
0.401286
0.237779
0.063692
0.0
0.0
0.0
0.0
0.0
0.0
0.0
0.0
0.0
0.0
0.0
0.0
0.0
0.0
0.002444
0.16244999999999998
0.358951
0.49828100000000003
0.598883
0.608328
0.562092
0.425261
0.26134199999999996
0.07047
0.0
0.0
0.0
0.0
0.0
0.0
0.0
0.0
0.0
0.0
0.0
0.0
0.0
0.0
0.0017980000000000001
0.11194799999999999
0.337978
0.497193
0.597639
0.61594
0.570603
0.449577
0.28416699999999995
0.07281900000000001
0.0
0.0
0.0
0.0
0.0
0.0
0.0
0.0
0.0
0.0
0.0
0.0
0.0
0.0
0.003307
0.182339
0.358509
0.448454
0.579889
0.603442
0.525248
0.370741
0.188038
0.027736999999999998
0.0
0.0
0.0
0.0
0.0
0.0
0.0
0.0
0.0
0.0
0.0
0.0
0.0
0.0
0.000482
0.056070999999999996
0.108132
0.263759
0.195826
0.25907100000000005
0.273592
0.16798400000000002
0.040164
0.02763
0.0
0.0
0.0
0.0
0.0
0.0
0.0
0.0
0.0
0.0
0.0
0.0
0.0
0.0
0.0
0.095879
0.26636200000000004
0.409275
0.496238
0.5159349999999999
0.475043
0.34942700000000004
0.19928800000000002
0.040208
0.0
0.0
0.0
0.0
0.0
0.0
0.0
0.0
0.0
0.0
0.0
0.0
0.0
0.0
0.0
0.086101
0.274447
0.425526
0.5135019999999999
0.534079
0.487714
0.375661
0.18670799999999999
0.034625
0.0
0.0
0.0
0.0
0.0
0.0
0.0
0.0
0.0
0.0
0.0
0.0
0.0
0.0
0.0
0.133733
0.300392
0.44464299999999995
0.5319389999999999
0.52246
0.395474
0.371637
0.109153
0.039602
0.0
0.0
0.0
0.0
0.0
0.0
0.0
0.0
0.0
0.0
0.0
0.0
0.0
0.0
0.0
0.13027699999999998
0.275678
0.319978
0.407443
0.267385
0.440532
0.389413
0.21466200000000002
0.084855
0.0
0.0
0.0
0.0
0.0
0.0
0.0
0.0
0.0
0.0
0.0
0.0
0.0
0.0
0.0
0.121404
0.30362900000000004
0.473359
0.5400900000000001
0.54173
0.486429
0.281049
0.170929
0.030749
0.0
0.0
0.0
0.0
0.0
0.0
0.0
0.0
0.0
0.0
0.0
0.0
0.0
0.0
0.0
0.056881999999999995
0.14191800000000002
0.243597
0.318564
0.405529
0.324729
0.213278
0.12570699999999999
0.026778
0.0
0.0
0.0
0.0
0.0
0.0
0.0
0.0
0.0
0.0
0.0
0.0
0.0
0.0
0.0
0.065599
0.151386
0.448241
0.5208959999999999
0.327945
0.414861
0.319022
0.15143700000000002
0.04983
0.0
0.0
0.0
0.0
0.0
0.0
0.0
0.0
0.0
0.0
0.0
0.0
0.0
0.0
0.0
0.13256800000000002
0.35558
0.5112599999999999
0.604125
0.623384
0.569686
0.46652899999999997
0.288933
0.072203
0.0
0.0
0.0
0.0
0.0
0.0
0.0
0.0
0.0
0.0
0.0
0.0
0.0
0.0
0.0
0.058646000000000004
0.202868
0.33304700000000004
0.39604199999999995
0.427622
0.352352
0.279221
0.139759
0.025743
0.0
0.0
0.0
0.0
0.0
0.0
0.0
0.0
0.0
0.0
0.0
0.0
0.0
0.0
0.0
0.039210999999999996
0.102923
0.203571
0.194439
0.305421
0.41830900000000004
0.215422
0.07968
0.032484
0.0
0.0
0.0
0.0
0.0
0.0
0.0
0.0
0.0
0.0
0.0
0.0
0.0
0.0
0.0
0.10646299999999999
0.309796
0.459233
0.552119
0.556202
0.489059
0.406901
0.245252
0.06386
0.0
0.0
0.0
0.0
0.0
0.0
0.0
0.0
0.0
0.0
0.0
0.0
0.0
0.0
0.0
0.031408
0.036179
0.228889
0.403766
0.236901
0.406632
0.38376
0.12486499999999999
0.025171
0.0
0.0
0.0
0.0
0.0
0.0
0.0
0.0
0.0
0.0
0.0
0.0
0.0
0.0
0.0
0.08009999999999999
0.222902
0.419678
0.522649
0.38579
0.41634699999999997
0.30197
0.112214
0.028581
0.0
0.0
0.0
0.0
0.0
0.0
0.0
0.0
0.0
0.0
0.0
0.0
0.0
0.0
0.0
0.06756100000000001
0.144625
0.22578299999999998
0.302517
0.49214800000000003
0.33064
0.379969
0.25449
0.052637
0.0
0.0
0.0
0.0
0.0
0.0
0.0
0.0
0.0
0.0
0.0
0.0
0.0
0.0
0.0
0.057239
0.219608
0.371479
0.46072399999999997
0.441771
0.447072
0.34257600000000005
0.18062799999999998
0.029247
0.0
0.0
0.0
0.0
0.0
0.0
0.0
0.0
0.0
0.0
0.0
0.0
0.0
0.0
0.0
0.101354
0.331976
0.446671
0.578455
0.590746
0.565469
0.457104
0.282825
0.064668
0.0
0.0
0.0
0.0
0.0
0.0
0.0
0.0
0.0
0.0
0.0
0.0
0.0
0.0
0.0
0.086408
0.301088
0.463991
0.554817
0.5824020000000001
0.546736
0.435288
0.259312
0.052933
0.0
0.0
0.0
0.0
0.0
0.0
0.0
0.0
0.0
0.0
0.0
0.0
0.0
0.0
0.0
0.10968699999999999
0.32562
0.492422
0.57497
0.589226
0.5922329999999999
0.460186
0.273978
0.085429
0.0
0.0
0.0
0.0
0.0
0.0
0.0
0.0
0.0
0.0
0.0
0.0
0.0
0.0
0.0
0.09063500000000001
0.318138
0.47942700000000005
0.588814
0.616778
0.564446
0.464986
0.27560500000000004
0.067975
0.0
0.0
0.0
0.0
0.0
0.0
0.0
0.0
0.0
0.0
0.0
0.0
0.0
0.0
0.0
0.065588
0.25730000000000003
0.444321
0.5287540000000001
0.5625
0.528763
0.422438
0.250108
0.050561
0.0
0.0
0.0
0.0
0.0
0.0
0.0
0.0
0.0
0.0
0.0
0.0
0.0
0.0
0.0
0.046971
0.13145199999999999
0.18535300000000002
0.12319799999999999
0.118212
0.186399
0.184147
0.07737300000000001
0.024347
0.0
0.0
0.0
0.0
0.0
0.0
0.0
0.0
0.0
0.0
0.0
0.0
0.0
0.0
0.0
0.036365
0.094863
0.24181999999999998
0.274147
0.33228500000000005
0.402601
0.35893
0.20822300000000002
0.04915
0.0
0.0
0.0
0.0
0.0
0.0
0.0
0.0
0.0
0.0
0.0
0.0
0.0
0.0
0.0
0.06444799999999999
0.26008
0.43388299999999996
0.522495
0.540984
0.50475
0.407918
0.248532
0.054709
0.0
0.0
0.0
0.0
0.0
0.0
0.0
0.0
0.0
0.0
0.0
0.0
0.0
0.0
0.0
0.033151
0.160771
0.303799
0.398895
0.42994299999999996
0.393863
0.294891
0.150407
0.026904
0.0
0.0
0.0
0.0
0.0
0.0
0.0
0.0
0.0
0.0
0.0
0.0
0.0
0.0
0.0
0.071205
0.250103
0.347812
0.49124
0.36726
0.347019
0.268776
0.193416
0.042474
0.0
0.0
0.0
0.0
0.0
0.0
0.0
0.0
0.0
0.0
0.0
0.0
0.0
0.0
0.0
0.045097
0.223612
0.391281
0.450154
0.531259
0.483706
0.363918
0.221757
0.045042
0.0
0.0
0.0
0.0
0.0
0.0
0.0
0.0
0.0
0.0
0.0
0.0
0.0
0.0
0.0
0.053721
0.253662
0.42079
0.49917700000000004
0.560768
0.52191
0.41432100000000005
0.240566
0.055898
0.0
0.0
0.0
0.0
0.0
0.0
0.0
0.0
0.0
0.0
0.0
0.0
0.0
0.0
0.0
0.08044
0.289285
0.46653
0.409689
0.509982
0.499853
0.348835
0.20102199999999998
0.026504
0.0
0.0
0.0
0.0
0.0
0.0
0.0
0.0
0.0
0.0
0.0
0.0
0.0
0.0
0.0
0.035397
0.15428299999999998
0.317921
0.427148
0.491577
0.45968400000000004
0.354087
0.199396
0.043739
0.0
0.0
0.0
0.0
0.0
0.0
0.0
0.0
0.0
0.0
0.0
0.0
0.0
0.0
0.0
0.058058
0.267762
0.40739299999999995
0.550295
0.582688
0.531872
0.31351999999999997
0.278639
0.077722
0.0
0.0
0.0
0.0
0.0
0.0
0.0
0.0
0.0
0.0
0.0
0.0
0.0
0.0
0.0
0.05736
0.161779
0.20508099999999999
0.26546
0.333495
0.381121
0.200099
0.14615999999999998
0.029997
0.0
0.0
0.0
0.0
0.0
0.0
0.0
0.0
0.0
0.0
0.0
0.0
0.0
0.0
0.0
0.023618
0.161747
0.33132
0.451139
0.361945
0.344986
0.35023000000000004
0.15956800000000002
0.047784
0.0
0.0
0.0
0.0
0.0
0.0
0.0
0.0
0.0
0.0
0.0
0.0
0.0
0.0
0.0
0.026222000000000002
0.12593300000000002
0.23269399999999998
0.307935
0.370833
0.243514
0.18990700000000002
0.12051300000000001
0.034526
0.0
0.0
0.0
0.0
0.0
0.0
0.0
0.0
0.0
0.0
0.0
0.0
0.0
0.0
0.0
0.024174
0.123197
0.257216
0.35712
0.38830200000000004
0.352452
0.265329
0.142006
0.032333
0.0
0.0
0.0
0.0
0.0
0.0
0.0
0.0
0.0
0.0
0.0
0.0
0.0
0.0
0.0
0.027205
0.14673
0.307836
0.401681
0.47279000000000004
0.45793
0.318411
0.19875800000000002
0.043086
0.0
0.0
0.0
0.0
0.0
0.0
0.0
0.0
0.0
0.0
0.0
0.0
0.0
0.0
0.0
0.057116999999999994
0.267034
0.400555
0.5304180000000001
0.546413
0.50057
0.424981
0.285689
0.09248999999999999
0.0
0.0
0.0
0.0
0.0
0.0
0.0
0.0
0.0
0.0
0.0
0.0
0.0
0.0
0.0
0.028347
0.135844
0.20121899999999998
0.310939
0.338017
0.427454
0.205542
0.135921
0.042298
0.0
0.0
0.0
0.0
0.0
0.0
