0.0
0.0
0.0
0.0
0.0
0.0
0.0
0.0
0.025725
0.122284
0.205732
0.275252
0.291966
0.25702600000000003
0.17414
0.085137
0.009444000000000001
0.0
0.0
0.0
0.0
0.0
0.0
0.0
0.0
0.0
0.0
0.0
0.0
0.0
0.0
0.0
0.036281999999999995
0.0975
0.145352
0.174324
0.17924199999999998
0.158751
0.112156
0.060073999999999995
0.00845
0.0
0.0
0.0
0.0
0.0
0.0
0.0
0.0
0.0
0.0
0.0
0.0
0.0
0.0
0.0
0.030549
0.12424500000000001
0.214856
0.27672199999999997
0.29389299999999996
0.257509
0.181519
0.08594
0.011564
0.0
0.0
0.0
0.0
0.0
0.0
0.0
0.0
0.0
0.0
0.0
0.0
0.0
0.0
0.0
0.038138
0.103239
0.154474
0.184136
0.18954
0.167744
0.116896
0.0636
0.00928
0.0
0.0
0.0
0.0
0.0
0.0
0.0
0.0
0.0
0.0
0.0
0.0
0.0
0.0
0.0
0.037047
0.131822
0.20916300000000002
0.274414
0.28907
0.255551
0.176474
0.090391
0.012893
0.0
0.0
0.0
0.0
0.0
0.0
0.0
0.0
0.0
0.0
0.0
0.0
0.0
0.0
0.0
0.027504999999999998
0.12694
0.21451800000000001
0.280208
0.31133999999999995
0.26548099999999997
0.187416
0.094867
0.013891
0.0
0.0
0.0
0.0
0.0
0.0
0.0
0.0
0.0
0.0
0.0
0.0
0.0
0.0
0.0
0.037978000000000005
0.130359
0.206072
0.261527
0.284448
0.24279499999999998
0.174491
0.091934
0.014168
0.0
0.0
0.0
0.0
0.0
0.0
0.0
0.0
0.0
0.0
0.0
0.0
0.0
0.0
0.0
0.042777
0.127888
0.201996
0.251495
0.265091
0.234724
0.170966
0.08666299999999999
0.015356
0.0
0.0
0.0
0.0
0.0
0.0
0.0
0.0
0.0
0.0
0.0
0.0
0.0
0.0
0.0
0.041519
0.11186
0.168859
0.20432599999999998
0.212083
0.188414
0.139046
0.074139
0.014762
0.0
0.0
0.0
0.0
0.0
0.0
0.0
0.0
0.0
0.0
0.0
0.0
0.0
0.0
0.0
0.033729
0.130247
0.22333799999999998
0.28881
0.30863799999999997
0.27376100000000003
0.19758199999999998
0.09878
0.018628
0.0
0.0
0.0
0.0
0.0
0.0
0.0
0.0
0.0
0.0
0.0
0.0
0.0
0.0
0.0
0.029725
0.129903
0.217485
0.281254
0.309683
0.267476
0.196112
0.10356699999999999
0.018384
0.0
0.0
0.0
0.0
0.0
0.0
0.0
0.0
0.0
0.0
0.0
0.0
0.0
0.0
0.0
0.043647
0.128506
0.187106
0.229844
0.248234
0.21317599999999998
0.15784399999999998
0.08757899999999999
0.018862999999999998
0.0
0.0
0.0
0.0
0.0
0.0
0.0
0.0
0.0
0.0
0.0
0.0
0.0
0.0
0.0
0.028943
0.088907
0.126435
0.15942599999999998
0.165823
0.148138
0.106141
0.059761
0.012589000000000001
0.0
0.0
0.0
0.0
0.0
0.0
0.0
0.0
0.0
0.0
0.0
0.0
0.0
0.0
0.0
0.011377
0.043559
0.066591
0.079943
0.083565
0.07487
0.056225000000000004
0.030356
0.005718
0.0
0.0
0.0
0.0
0.0
0.0
0.0
0.0
0.0
0.0
0.0
0.0
0.0
0.0
0.0
0.048856000000000004
0.130502
0.204126
0.254383
0.268146
0.240291
0.17849
0.095843
0.022324
0.0
0.0
0.0
0.0
0.0
0.0
0.0
0.0
0.0
0.0
0.0
0.0
0.0
0.0
0.0
0.045843
0.107481
0.163031
0.19642500000000002
0.204632
0.18415399999999998
0.139206
0.077474
0.019479
0.0
0.0
0.0
0.0
0.0
0.0
0.0
0.0
0.0
0.0
0.0
0.0
0.0
0.0
0.0
0.034964
0.13542099999999999
0.23092500000000002
0.311407
0.32827100000000003
0.297197
0.214072
0.11606
0.025414000000000003
0.0
0.0
0.0
0.0
0.0
0.0
0.0
0.0
0.0
0.0
0.0
0.0
0.0
0.0
0.0
0.013276
0.043332
0.065405
0.078896
0.08353400000000001
0.074048
0.056381999999999995
0.032146
0.0066500000000000005
0.0
0.0
0.0
0.0
0.0
0.0
0.0
0.0
0.0
0.0
0.0
0.0
0.0
0.0
0.0
0.026384
0.07156
0.103962
0.12498000000000001
0.129623
0.11730700000000001
0.08889
0.051552
0.013351
0.0
0.0
0.0
0.0
0.0
0.0
0.0
0.0
0.0
0.0
0.0
0.0
0.0
0.0
0.0
0.047746000000000004
0.135995
0.23115
0.297919
0.32093700000000003
0.289556
0.215196
0.115382
0.030515
0.0
0.0
0.0
0.0
0.0
0.0
0.0
0.0
0.0
0.0
0.0
0.0
0.0
0.0
0.0
0.011456
0.036586
0.056429
0.068927
0.071998
0.06504800000000001
0.050113
0.028651
0.006485
0.0
0.0
0.0
0.0
0.0
0.0
0.0
0.0
0.0
0.0
0.0
0.0
0.0
0.0
0.0
0.051812
0.137481
0.232588
0.299649
0.32143299999999997
0.290989
0.21690299999999998
0.11770399999999999
0.032899
0.0
0.0
0.0
0.0
0.0
0.0
0.0
0.0
0.0
0.0
0.0
0.0
0.0
0.0
0.0
0.063334
0.133803
0.19630799999999998
0.24890700000000002
0.26209
0.2384
0.174506
0.104586
0.031436
0.0
0.0
0.0
0.0
0.0
0.0
0.0
0.0
0.0
0.0
0.0
0.0
0.0
0.0
0.0
0.062107
0.142749
0.22287
0.282354
0.310605
0.273003
0.20523
0.120282
0.03429
0.0
0.0
0.0
0.0
0.0
0.0
0.0
0.0
0.0
0.0
0.0
0.0
0.0
0.0
0.0
0.041933
0.142488
0.25052199999999997
0.33772
0.371682
0.338084
0.250017
0.138913
0.036343
0.0
0.0
0.0
0.0
0.0
0.0
0.0
0.0
0.0
0.0
0.0
0.0
0.0
0.0
0.0
0.044953
0.09501000000000001
0.13502
0.16947399999999999
0.17718299999999998
0.161792
0.119822
0.07398600000000001
0.023674
0.0
0.0
0.0
0.0
0.0
0.0
0.0
0.0
0.0
0.0
0.0
0.0
0.0
0.0
0.0
0.07081
0.144225
0.226723
0.28333600000000003
0.303524
0.278032
0.213587
0.122317
0.04089
0.0
0.0
0.0
0.0
0.0
0.0
0.0
0.0
0.0
0.0
0.0
0.0
0.0
0.0
0.0
0.06431300000000001
0.14838300000000001
0.23659200000000002
0.309608
0.333278
0.303732
0.222445
0.130161
0.04118
0.0
0.0
0.0
0.0
0.0
0.0
0.0
0.0
0.0
0.0
0.0
0.0
0.0
0.0
0.0
0.031893
0.07160599999999999
0.102482
0.123548
0.12939099999999998
0.118047
0.092064
0.056667
0.018954000000000002
0.0
0.0
0.0
0.0
0.0
0.0
0.0
0.0
0.0
0.0
0.0
0.0
0.0
0.0
0.0
0.060132
0.147299
0.250131
0.323918
0.350222
0.320348
0.24364599999999997
0.144007
0.045531
0.0
0.0
0.0
0.0
0.0
0.0
0.0
0.0
0.0
0.0
0.0
0.0
0.0
0.0
0.0
0.074708
0.148093
0.231001
0.286313
0.29632200000000003
0.27154700000000004
0.211311
0.125364
0.045598
0.0
0.0
0.0
0.0
0.0
0.0
0.0
0.0
0.0
0.0
0.0
0.0
0.0
0.0
0.0
0.048234
0.09645999999999999
0.135261
0.168035
0.175763
0.162231
0.122526
0.078409
0.028789000000000002
0.0
0.0
0.0
0.0
0.0
0.0
0.0
0.0
0.0
0.0
0.0
0.0
0.0
0.0
0.0
0.066021
0.153322
0.253081
0.32619
0.35236399999999996
0.323274
0.246859
0.142339
0.050779000000000005
0.0
0.0
0.0
0.0
0.0
0.0
0.0
0.0
0.0
0.0
0.0
0.0
0.0
0.0
0.0
0.07732699999999999
0.152429
0.23559
0.29401
0.314992
0.288055
0.223054
0.13283
0.050733
0.0
0.0
0.0
0.0
0.0
0.0
0.0
0.0
0.0
0.0
0.0
0.0
0.0
0.0
0.0
0.015464
0.038089
0.056079000000000004
0.067899
0.071052
0.065859
0.05198
0.032235
0.011327
0.0
0.0
0.0
0.0
0.0
0.0
0.0
0.0
0.0
0.0
0.0
0.0
0.0
0.0
0.0
0.07391500000000001
0.13087100000000002
0.194436
0.234934
0.248694
0.227613
0.178781
0.109723
0.046204
0.0
0.0
0.0
0.0
0.0
0.0
0.0
0.0
0.0
0.0
0.0
0.0
0.0
0.0
0.0
0.064291
0.16605699999999998
0.287499
0.37681200000000004
0.411627
0.37899700000000003
0.289068
0.16525600000000001
0.059675
0.0
0.0
0.0
0.0
0.0
0.0
0.0
0.0
0.0
0.0
0.0
0.0
0.0
0.0
0.0
0.059963999999999996
0.171285
0.291582
0.38990800000000003
0.42881
0.394538
0.296442
0.17410599999999998
0.059866
0.0
0.0
0.0
0.0
0.0
0.0
0.0
0.0
0.0
0.0
0.0
0.0
0.0
0.0
0.0
0.073472
0.12931399999999998
0.189432
0.227709
0.24024600000000002
0.22062600000000002
0.175435
0.110099
0.047827
0.0
0.0
0.0
0.0
0.0
0.0
0.0
0.0
0.0
0.0
0.0
0.0
0.0
0.0
0.0
0.076491
0.171043
0.274656
0.349557
0.37998899999999997
0.350431
0.272252
0.163252
0.066298
0.001054
0.0
0.0
0.0
0.0
0.0
0.0
0.0
0.0
0.0
0.0
0.0
0.0
0.0
0.0
0.082323
0.155447
0.21939599999999998
0.269334
0.297044
0.2755
0.211361
0.137822
0.058771000000000004
0.001925
0.0
0.0
0.0
0.0
0.0
0.0
0.0
0.0
0.0
0.0
0.0
0.0
0.0
0.0
0.082209
0.179476
0.289101
0.369284
0.399774
0.369267
0.286536
0.17205199999999998
0.069841
0.00227
0.0
0.0
0.0
0.0
0.0
0.0
0.0
0.0
0.0
0.0
0.0
0.0
0.0
0.0
0.029821999999999998
0.060652
0.085941
0.102419
0.106599
0.098214
0.077641
0.050923
0.021963
0.0
0.0
0.0
0.0
0.0
0.0
0.0
0.0
0.0
0.0
0.0
0.0
0.0
0.0
0.0
0.056151000000000006
0.105124
0.144487
0.18045599999999998
0.189458
0.17465899999999998
0.133988
0.089265
0.038969000000000004
0.00122
0.0
0.0
0.0
0.0
0.0
0.0
0.0
0.0
0.0
0.0
0.0
0.0
0.0
0.0
0.081313
0.180567
0.291665
0.373118
0.414903
0.373008
0.290495
0.182067
0.073174
0.0032559999999999998
0.0
0.0
0.0
0.0
0.0
0.0
0.0
0.0
0.0
0.0
0.0
0.0
0.0
0.0
0.086273
0.18373699999999998
0.289774
0.36828
0.39728800000000003
0.36906700000000003
0.28852999999999995
0.17777
0.076659
0.0046440000000000006
0.0
0.0
0.0
0.0
0.0
0.0
0.0
0.0
0.0
0.0
0.0
0.0
0.0
0.0
0.084816
0.194336
0.304953
0.401393
0.435211
0.40232100000000004
0.305389
0.191801
0.07926699999999999
0.005063
0.0
0.0
0.0
0.0
0.0
0.0
0.0
0.0
0.0
0.0
0.0
0.0
0.0
0.009079
0.092834
0.191629
0.290007
0.37297
0.40081900000000004
0.371375
0.291802
0.18103899999999998
0.081747
0.006225
0.0
0.0
0.0
0.0
0.0
0.0
0.0
0.0
0.0
0.0
0.0
0.0
0.0
0.001262
0.076445
0.210195
0.35198399999999996
0.463004
0.504375
0.465829
0.358093
0.217255
0.084801
0.005784
0.0
0.0
0.0
0.0
0.0
0.0
0.0
0.0
0.0
0.0
0.0
0.0
0.0
0.012312
0.091931
0.164353
0.22932
0.27465300000000004
0.29792
0.267442
0.214833
0.14535
0.068571
0.007732
0.0
0.0
0.0
0.0
0.0
0.0
0.0
0.0
0.0
0.0
0.0
0.0
0.0
0.006174000000000001
0.053
0.098021
0.13328700000000002
0.164393
0.17086400000000002
0.15816
0.123261
0.083812
0.039595
0.003464
0.0
0.0
0.0
0.0
0.0
0.0
0.0
0.0
0.0
0.0
0.0
0.0
0.0
0.003128
0.08751600000000001
0.233421
0.38716500000000004
0.506799
0.547923
0.5075729999999999
0.39438799999999996
0.242172
0.097455
0.008046
0.0
0.0
0.0
0.0
0.0
0.0
0.0
0.0
0.0
0.0
0.0
0.0
0.0
0.015560000000000001
0.10404300000000001
0.184044
0.267712
0.325759
0.34616399999999997
0.321531
0.25834199999999996
0.167421
0.08279500000000001
0.011195
0.0
0.0
0.0
0.0
0.0
0.0
0.0
0.0
0.0
0.0
0.0
0.0
0.0
0.009777
0.093806
0.20902600000000002
0.332626
0.42052
0.45372500000000004
0.42079
0.33034399999999997
0.205124
0.08956
0.010409
0.0
0.0
0.0
0.0
0.0
0.0
0.0
0.0
0.0
0.0
0.0
0.0
0.0
0.006533000000000001
0.08787
0.217134
0.353262
0.448496
0.467358
0.434985
0.353422
0.219821
0.095638
0.01
0.0
0.0
0.0
0.0
0.0
0.0
0.0
0.0
0.0
0.0
0.0
0.0
0.0
0.019235
0.105408
0.187107
0.260717
0.322978
0.340717
0.317176
0.24689699999999998
0.167512
0.082687
0.014084
0.0
0.0
0.0
0.0
0.0
0.0
0.0
0.0
0.0
0.0
0.0
0.0
0.0
0.018749
0.101404
0.176049
0.24034
0.285126
0.298473
0.269531
0.21953299999999998
0.152285
0.07795099999999999
0.014058
0.0
0.0
0.0
0.0
0.0
0.0
0.0
0.0
0.0
0.0
0.0
0.0
0.0
0.019523
0.11776
0.22600299999999998
0.33598300000000003
0.414401
0.442682
0.411495
0.330748
0.214027
0.10482
0.016647
0.0
0.0
0.0
0.0
0.0
0.0
0.0
0.0
0.0
0.0
0.0
0.0
0.0
0.014565
0.081535
0.133516
0.185059
0.218168
0.227531
0.212521
0.173359
0.116507
0.061503
0.010297
0.0
0.0
0.0
0.0
0.0
0.0
0.0
0.0
0.0
0.0
0.0
0.0
0.0
0.026535
0.121593
0.207394
0.299175
0.364392
0.391792
0.363662
0.293243
0.192698
0.099789
0.019638000000000003
0.0
0.0
0.0
0.0
0.0
0.0
0.0
0.0
0.0
0.0
0.0
0.0
0.0
0.017922999999999998
0.086387
0.13998500000000003
0.19348500000000002
0.228407
0.238568
0.221545
0.181405
0.122568
0.065633
0.012830999999999999
0.0
0.0
0.0
0.0
0.0
0.0
0.0
0.0
0.0
0.0
0.0
0.0
0.0
0.022468
0.09887900000000001
0.157693
0.219172
0.25692200000000004
0.268493
0.24927000000000002
0.202275
0.137693
0.075919
0.015719
0.0
0.0
0.0
0.0
0.0
0.0
0.0
0.0
0.0
0.0
0.0
0.0
0.0
0.028245
0.111592
0.18224500000000002
0.243471
0.293209
0.319267
0.286947
0.233648
0.16172999999999998
0.08601900000000001
0.019346
0.0
0.0
0.0
0.0
0.0
0.0
0.0
0.0
0.0
0.0
0.0
0.0
0.0
0.027461
0.107882
0.178374
0.239136
0.28198399999999996
0.295221
0.27270999999999995
0.221869
0.155254
0.082995
0.019399999999999997
0.0
0.0
0.0
0.0
0.0
0.0
0.0
0.0
0.0
0.0
0.0
0.0
0.0
0.034545
0.135879
0.24910300000000002
0.364159
0.44628500000000004
0.474863
0.439282
0.35253300000000004
0.231578
0.119475
0.02579
0.0
0.0
0.0
0.0
0.0
0.0
0.0
0.0
0.0
0.0
0.0
0.0
0.0
0.041898000000000005
0.138585
0.246711
0.347549
0.42902300000000004
0.45096800000000004
0.41653500000000004
0.328524
0.224105
0.11422199999999999
0.027257
0.0
0.0
0.0
0.0
0.0
0.0
0.0
0.0
0.0
0.0
0.0
0.0
0.0
0.047802
0.14011
0.246014
0.344411
0.424987
0.44890800000000003
0.416114
0.32633999999999996
0.222517
0.114775
0.028569
0.0
0.0
0.0
0.0
0.0
0.0
0.0
0.0
0.0
0.0
0.0
0.0
0.0
0.051107999999999994
0.141019
0.249277
0.34957900000000003
0.431183
0.456898
0.424225
0.342255
0.228208
0.117521
0.029958
0.0
0.0
0.0
0.0
0.0
0.0
0.0
0.0
0.0
0.0
0.0
0.0
0.0
0.032869
0.13692400000000002
0.28639800000000004
0.434313
0.551468
0.592503
0.548939
0.435851
0.279401
0.130565
0.027526
0.0
0.0
0.0
0.0
0.0
0.0
0.0
0.0
0.0
0.0
0.0
0.0
0.0
0.036145000000000004
0.139537
0.289094
0.43738900000000003
0.557277
0.601263
0.557775
0.44222300000000003
0.28393
0.133128
0.029098
0.0
0.0
0.0
0.0
0.0
0.0
0.0
0.0
0.0
0.0
0.0
0.0
0.0
0.053772
0.153445
0.27643599999999996
0.40287
0.491904
0.526698
0.478098
0.3817
0.259639
0.13325700000000001
0.03377
0.0
0.0
0.0
0.0
0.0
0.0
0.0
0.0
0.0
0.0
0.0
0.0
0.0
0.049131999999999995
0.153126
0.287344
0.424016
0.518667
0.537193
0.512887
0.41725
0.2738
0.140029
0.034569
0.0
0.0
0.0
0.0
0.0
0.0
0.0
0.0
0.0
0.0
0.0
0.0
0.0
0.039293999999999996
0.09458799999999999
0.143626
0.191249
0.22326400000000002
0.232483
0.215655
0.17802099999999998
0.12292499999999999
0.06971899999999999
0.020318000000000003
0.0
0.0
0.0
0.0
0.0
0.0
0.0
0.0
0.0
0.0
0.0
0.0
0.0
0.02504
0.061409
0.096926
0.124311
0.148388
0.152675
0.141663
0.112682
0.08095999999999999
0.045869999999999994
0.012652
0.0
0.0
0.0
0.0
0.0
0.0
0.0
0.0
0.0
0.0
0.0
0.0
0.0
0.067966
0.154895
0.247364
0.342982
0.40595600000000004
0.425665
0.393781
0.32030200000000003
0.21790600000000002
0.122876
0.038704
0.0
0.0
0.0
0.0
0.0
0.0
0.0
0.0
0.0
0.0
0.0
0.0
0.0
0.02975
0.069994
0.10853199999999999
0.13791
0.16339099999999998
0.16797499999999999
0.156342
0.12498999999999999
0.090444
0.051595
0.015527
0.0
0.0
0.0
0.0
0.0
0.0
0.0
0.0
0.0
0.0
0.0
0.0
0.0
0.070535
0.153144
0.236614
0.322135
0.377801
0.395197
0.366613
0.30019999999999997
0.205785
0.11856100000000001
0.039697
0.0
0.0
0.0
0.0
0.0
0.0
0.0
0.0
0.0
0.0
0.0
0.0
0.0
0.071185
0.15125899999999998
0.233871
0.31585700000000005
0.370121
0.38280200000000003
0.355329
0.292071
0.202626
0.117961
0.041146999999999996
0.0
0.0
0.0
0.0
0.0
0.0
0.0
0.0
0.0
0.0
0.0
0.0
0.0
0.07033
0.175143
0.304287
0.42544099999999996
0.513752
0.5487949999999999
0.5088210000000001
0.402519
0.27651600000000004
0.146113
0.044271
0.0
0.0
0.0
0.0
0.0
0.0
0.0
0.0
0.0
0.0
0.0
0.0
0.0
0.063807
0.17546899999999999
0.310971
0.44949900000000004
0.543903
0.580701
0.541969
0.436216
0.28969900000000004
0.15268199999999998
0.043942
0.0
0.0
0.0
0.0
0.0
0.0
0.0
0.0
0.0
0.0
0.0
0.0
0.0
0.063132
0.177821
0.328175
0.468545
0.572496
0.607632
0.558845
0.448063
0.30153199999999997
0.15428999999999998
0.044176
0.0
0.0
0.0
0.0
0.0
0.0
0.0
0.0
0.0
0.0
0.0
0.0
0.0
0.06955800000000001
0.184125
0.322863
0.464267
0.560751
0.592014
0.5475460000000001
0.44215899999999997
0.292649
0.15594
0.046899
0.0
0.0
0.0
0.0
0.0
0.0
0.0
0.0
0.0
0.0
0.0
0.0
0.0
0.07165200000000001
0.184401
0.31225400000000003
0.439427
0.522283
0.563995
0.532026
0.43454899999999996
0.29253199999999996
0.157899
0.048345
0.0
0.0
0.0
0.0
0.0
0.0
0.0
0.0
0.0
0.0
0.0
0.0
0.0
0.075574
0.18599000000000002
0.32411700000000004
0.460971
0.5532590000000001
0.58294
0.5393830000000001
0.438535
0.292823
0.159143
0.050024
0.0
0.0
0.0
0.0
0.0
0.0
0.0
0.0
0.0
0.0
0.0
0.0
0.0
0.068797
0.189983
0.344491
0.48540300000000003
0.589495
0.621199
0.5753680000000001
0.45546800000000004
0.310103
0.159603
0.048276000000000006
0.0
0.0
0.0
0.0
0.0
0.0
0.0
0.0
0.0
0.0
0.0
0.0
0.0
0.07910299999999999
0.196501
0.334851
0.472329
0.5550579999999999
0.555222
0.51585
0.430554
0.293511
0.16061699999999998
0.052578
0.0
0.0
0.0
0.0
0.0
0.0
0.0
0.0
0.0
0.0
0.0
0.0
0.012898999999999999
0.088669
0.171129
0.255877
0.338243
0.39000799999999997
0.401125
0.36667700000000003
0.302527
0.21026599999999998
0.12821100000000002
0.051345999999999996
0.0
0.0
0.0
0.0
0.0
0.0
0.0
0.0
0.0
0.0
0.0
0.0
0.011751
0.08848099999999999
0.198154
0.326021
0.44393400000000005
0.528318
0.551442
0.511902
0.41209199999999996
0.28868299999999997
0.158821
0.055543999999999996
0.0
0.0
0.0
0.0
0.0
0.0
0.0
0.0
0.0
0.0
0.0
0.0
0.015430999999999999
0.095736
0.185056
0.280866
0.36556099999999997
0.430196
0.4576
0.42425999999999997
0.342539
0.24257499999999999
0.14175
0.057465
0.000221
0.0
0.0
0.0
0.0
0.0
0.0
0.0
0.0
0.0
0.0
0.0
0.012869
0.091821
0.204406
0.338126
0.460738
0.547176
0.570885
0.527781
0.421978
0.294059
0.162311
0.058817999999999995
0.0
0.0
0.0
0.0
0.0
0.0
0.0
0.0
0.0
0.0
0.0
0.0
0.017582
0.097947
0.183377
0.27157400000000004
0.359437
0.416025
0.432027
0.399549
0.327304
0.229459
0.13932499999999998
0.057493999999999996
0.0010249999999999999
0.0
0.0
0.0
0.0
0.0
0.0
0.0
0.0
0.0
0.0
0.0
0.015972
0.09802200000000001
0.209976
0.343932
0.462601
0.5478289999999999
0.538387
0.500144
0.413011
0.29572699999999996
0.16591999999999998
0.061445
0.001239
0.0
0.0
0.0
0.0
0.0
0.0
0.0
0.0
0.0
0.0
0.0
0.019614
0.103728
0.199104
0.30637400000000004
0.40149599999999996
0.478088
0.496751
0.45976999999999996
0.369526
0.263985
0.153681
0.063272
0.001841
0.0
0.0
0.0
0.0
0.0
0.0
0.0
0.0
0.0
0.0
0.0
0.021146
0.10520600000000001
0.194652
0.292769
0.379757
0.437749
0.45833999999999997
0.41613900000000004
0.34439
0.24835300000000002
0.147186
0.061811
0.0024700000000000004
0.0
0.0
0.0
0.0
0.0
0.0
0.0
0.0
0.0
0.0
0.0
0.013328
0.091204
0.222227
0.38408800000000004
0.536576
0.6455069999999999
0.676943
0.624582
0.49725400000000003
0.338322
0.1809
0.061026000000000004
0.0009260000000000001
0.0
0.0
0.0
0.0
0.0
0.0
0.0
0.0
0.0
0.0
0.0
0.008246
0.048315
0.08735599999999999
0.121779
0.14971500000000001
0.17406200000000002
0.17847900000000003
0.164789
0.13309
0.099076
0.061810000000000004
0.025649
0.0
0.0
0.0
0.0
0.0
0.0
0.0
0.0
0.0
0.0
0.0
0.0
0.014477
0.11181100000000001
0.21543199999999998
0.325531
0.433316
0.501572
0.5186499999999999
0.478671
0.39184399999999997
0.27485899999999996
0.159667
0.068245
0.004051999999999999
0.0
0.0
0.0
0.0
0.0
0.0
0.0
0.0
0.0
0.0
0.0
0.017626000000000003
0.111774
0.20187799999999997
0.30129
0.387199
0.442582
0.453967
0.412234
0.34546
0.252767
0.151867
0.06705599999999999
0.004772
0.0
0.0
0.0
0.0
0.0
0.0
0.0
0.0
0.0
0.0
0.0
0.013746000000000001
0.102494
0.23002099999999998
0.380375
0.515205
0.614294
0.642593
0.59072
0.478845
0.33272
0.18323699999999998
0.067036
0.0031829999999999996
0.0
0.0
0.0
0.0
0.0
0.0
0.0
0.0
0.0
0.0
0.0
0.013022
0.072243
0.123262
0.16780199999999998
0.210632
0.234959
0.235988
0.221399
0.18686699999999998
0.13681800000000002
0.08798
0.039572
0.001987
0.0
0.0
0.0
0.0
0.0
0.0
0.0
0.0
0.0
0.0
0.0
0.008433999999999999
0.047145000000000006
0.08096500000000001
0.11120999999999999
0.13488999999999998
0.15521000000000001
0.158655
0.147553
0.119666
0.09064499999999999
0.057284999999999996
0.025413
0.0
0.0
0.0
0.0
0.0
0.0
0.0
0.0
0.0
0.0
0.0
0.0
0.024009
0.121321
0.22431
0.328413
0.435613
0.506745
0.5313730000000001
0.489791
0.40251
0.28372699999999995
0.171956
0.074507
0.007066
0.0
0.0
0.0
0.0
0.0
0.0
0.0
0.0
0.0
0.0
0.0
0.01847
0.105876
0.24724700000000002
0.409
0.563562
0.6638189999999999
0.685258
0.6323179999999999
0.513768
0.353196
0.19537700000000002
0.070053
0.004198
0.0
0.0
0.0
0.0
0.0
0.0
0.0
0.0
0.0
0.0
0.0
0.025301999999999998
0.115778
0.250837
0.409234
0.555948
0.660312
0.690631
0.635895
0.51194
0.354194
0.196471
0.075382
0.006524
0.0
0.0
0.0
0.0
0.0
0.0
0.0
0.0
0.0
0.0
0.0
0.025503
0.116351
0.256957
0.42339
0.5749740000000001
0.6785650000000001
0.702229
0.64458
0.517769
0.357388
0.196937
0.074226
0.005771
0.0
0.0
0.0
0.0
0.0
0.0
0.0
0.0
0.0
0.0
0.0
0.022449999999999998
0.109061
0.257832
0.423427
0.576823
0.6786409999999999
0.7108390000000001
0.657448
0.531317
0.361654
0.199576
0.07077
0.004490999999999999
0.0
0.0
0.0
0.0
0.0
0.0
0.0
0.0
0.0
0.0
0.0
0.042683
0.124652
0.21022
0.302947
0.38125400000000004
0.43044
0.434191
0.40108699999999997
0.334857
0.24196199999999998
0.153858
0.0745
0.010742000000000002
0.0
0.0
0.0
0.0
0.0
0.0
0.0
0.0
0.0
0.0
0.0
0.03723
0.128832
0.255343
0.39004099999999997
0.53049
0.624476
0.653289
0.602191
0.48723700000000003
0.337578
0.19758699999999998
0.081091
0.009325
0.0
0.0
0.0
0.0
0.0
0.0
0.0
0.0
0.0
0.0
0.0
0.047314
0.130769
0.218668
0.311135
0.39772199999999996
0.46912099999999995
0.487087
0.451111
0.366012
0.268149
0.16566499999999998
0.080704
0.01233
0.0
0.0
0.0
0.0
0.0
0.0
0.0
0.0
0.0
0.0
0.0
0.0489
0.133932
0.228549
0.335623
0.42599400000000004
0.489742
0.498084
0.459895
0.372553
0.274265
0.169245
0.082489
0.013009
0.0
0.0
0.0
0.0
0.0
0.0
0.0
0.0
0.0
0.0
0.0
0.050536000000000005
0.135214
0.23018
0.33243700000000004
0.4218
0.487163
0.498652
0.460297
0.373021
0.272195
0.169334
0.08231000000000001
0.014468
0.0
0.0
0.0
0.0
0.0
0.0
0.0
0.0
0.0
0.0
0.0
0.044336
0.136102
0.26313600000000004
0.40056
0.53192
0.615279
0.635113
0.585533
0.47921600000000003
0.33464
0.19665000000000002
0.08587600000000001
0.012249000000000001
0.0
0.0
0.0
0.0
0.0
0.0
0.0
0.0
0.0
0.0
0.0
0.035649
0.127272
0.274881
0.439176
0.593898
0.695775
0.7199650000000001
0.66103
0.534572
0.367803
0.20980600000000002
0.08238200000000001
0.009942
0.0
0.0
0.0
0.0
0.0
0.0
0.0
0.0
0.0
0.0
0.0
0.056029
0.139632
0.231632
0.328623
0.410554
0.4673
0.477551
0.442083
0.362201
0.27028800000000003
0.169486
0.084605
0.016683
0.0
0.0
0.0
0.0
0.0
0.0
0.0
0.0
0.0
0.0
0.0
0.055308
0.143861
0.24729900000000002
0.35075599999999996
0.445769
0.497198
0.508105
0.470468
0.38358600000000004
0.280659
0.176535
0.086971
0.017565
0.0
0.0
0.0
0.0
0.0
0.0
0.0
0.0
0.0
0.0
0.0
0.056305
0.140975
0.23911600000000002
0.336072
0.425225
0.479284
0.488876
0.452446
0.37920600000000004
0.277267
0.17455
0.087593
0.01814
0.0
0.0
0.0
0.0
0.0
0.0
0.0
0.0
0.0
0.0
0.0
0.027637000000000002
0.118979
0.267451
0.427967
0.564767
0.648357
0.667713
0.618214
0.50936
0.359622
0.20588499999999998
0.077675
0.007954
0.0
0.0
0.0
0.0
0.0
0.0
0.0
0.0
0.0
0.0
0.0
0.030931999999999998
0.125826
0.28246699999999997
0.458584
0.6166459999999999
0.714418
0.734152
0.676496
0.5504629999999999
0.385307
0.21451499999999998
0.08211700000000001
0.008907
0.0
0.0
0.0
0.0
0.0
0.0
0.0
0.0
0.0
0.0
0.0
0.038683999999999996
0.133633
0.286421
0.45361599999999996
0.610777
0.7120019999999999
0.738039
0.677614
0.549014
0.379836
0.21759
0.086447
0.012669
0.0
0.0
0.0
0.0
0.0
0.0
0.0
0.0
0.0
0.0
0.0
0.028722
0.126584
0.295301
0.483234
0.655154
0.76476
0.785763
0.722343
0.582729
0.403802
0.225569
0.083042
0.008822
0.0
0.0
0.0
0.0
0.0
0.0
0.0
0.0
0.0
0.0
0.0
0.049118
0.147618
0.29080700000000004
0.449905
0.592566
0.688399
0.709818
0.654437
0.531089
0.376532
0.218879
0.094347
0.017237
0.0
0.0
0.0
0.0
0.0
0.0
0.0
0.0
0.0
0.0
0.0
0.061109000000000004
0.128692
0.197668
0.265226
0.32408
0.365693
0.37284500000000004
0.341
0.280854
0.210636
0.142064
0.078987
0.019364999999999997
0.0
0.0
0.0
0.0
0.0
0.0
0.0
0.0
0.0
0.0
0.0
0.067392
0.139403
0.215364
0.285155
0.352476
0.39968200000000004
0.41416000000000003
0.384679
0.32308800000000004
0.23875200000000002
0.159704
0.086304
0.022895
0.0
0.0
0.0
0.0
0.0
0.0
0.0
0.0
0.0
0.0
0.0
0.055872
0.149589
0.278937
0.41369900000000004
0.542226
0.629386
0.652245
0.606386
0.496946
0.357251
0.21482300000000001
0.096922
0.020676
0.0
0.0
0.0
0.0
0.0
0.0
0.0
0.0
0.0
0.0
0.0
0.049464
0.103187
0.152751
0.200525
0.242136
0.26943700000000004
0.273401
0.253755
0.213917
0.16161699999999998
0.11116
0.060148
0.015148
0.0
0.0
0.0
0.0
0.0
0.0
0.0
0.0
0.0
0.0
0.0
0.07234
0.15415399999999999
0.24519
0.342471
0.42241
0.480128
0.483339
0.447894
0.369652
0.279892
0.181168
0.096621
0.028193000000000003
0.0
0.0
0.0
0.0
0.0
0.0
0.0
0.0
0.0
0.0
0.002588
0.033178
0.139725
0.31291599999999997
0.5012989999999999
0.667288
0.760327
0.708639
0.6581319999999999
0.563455
0.408182
0.233452
0.090347
0.012656
0.0
0.0
0.0
0.0
0.0
0.0
0.0
0.0
0.0
0.0
0.005046
0.043112000000000004
0.144204
0.294882
0.444795
0.574463
0.653223
0.668217
0.645301
0.548612
0.395195
0.228259
0.09339
0.016456
0.0
0.0
0.0
0.0
0.0
0.0
0.0
0.0
0.0
0.0
0.008577
0.057424
0.15496100000000002
0.290133
0.42595
0.542252
0.637287
0.674294
0.6285
0.515436
0.373012
0.222424
0.101506
0.022878
0.0
0.0
0.0
0.0
0.0
0.0
0.0
0.0
0.0
0.0
0.00705
0.050165
0.148304
0.291507
0.43787400000000004
0.564264
0.641397
0.657692
0.610164
0.5068779999999999
0.365512
0.223978
0.09737699999999999
0.020414
0.0
0.0
0.0
0.0
0.0
0.0
0.0
0.0
0.0
0.0
0.0075650000000000005
0.050509
0.153303
0.305447
0.4681
0.621001
0.7246520000000001
0.75182
0.693018
0.564012
0.396568
0.233411
0.099751
0.020714
0.0
0.0
0.0
0.0
0.0
0.0
0.0
0.0
0.0
0.0
0.008635
0.054759
0.15693700000000002
0.308729
0.46811
0.6144550000000001
0.707031
0.729764
0.6737219999999999
0.550597
0.39002
0.23263399999999998
0.101955
0.022909
0.0
0.0
0.0
0.0
0.0
0.0
0.0
0.0
0.0
0.0
0.008603
0.054328
0.156297
0.309459
0.471394
0.617975
0.709577
0.72661
0.669198
0.548629
0.390612
0.232875
0.102012
0.023223
0.0
0.0
0.0
0.0
0.0
0.0
0.0
0.0
0.0
0.0
0.008562
0.054477
0.156653
0.30906599999999995
0.470873
0.6144550000000001
0.6934170000000001
0.658416
0.612647
0.5266430000000001
0.387564
0.233216
0.10313599999999999
0.023351
0.0
0.0
0.0
0.0
0.0
0.0
0.0
0.0
0.0
0.0
0.016668
0.077549
0.164332
0.26893900000000004
0.37574599999999997
0.473038
0.5271
0.515033
0.479403
0.404488
0.30235700000000004
0.202264
0.107985
0.035757
0.0
0.0
0.0
0.0
0.0
0.0
0.0
0.0
0.0
0.0
0.0111
0.063059
0.12185599999999999
0.17439500000000002
0.23045400000000002
0.275183
0.3025
0.30337200000000003
0.281092
0.238422
0.185871
0.128168
0.07385599999999999
0.025011
0.0
0.0
0.0
0.0
0.0
0.0
0.0
0.0
0.0
0.0
0.015127
0.072282
0.16909
0.297226
0.421925
0.538466
0.617897
0.643823
0.597756
0.494863
0.357476
0.225043
0.111233
0.033368
0.0
0.0
0.0
0.0
0.0
0.0
0.0
0.0
0.0
0.0
0.01816
0.07883799999999999
0.165617
0.271343
0.38362799999999997
0.48288400000000004
0.544636
0.561388
0.519768
0.43440100000000004
0.32037299999999996
0.209677
0.11108
0.037493000000000005
0.0
0.0
0.0
0.0
0.0
0.0
0.0
0.0
0.0
0.0
0.018185
0.080194
0.171412
0.28370100000000004
0.404189
0.507997
0.57399
0.5866950000000001
0.5425760000000001
0.451364
0.33516
0.214689
0.112891
0.038513
0.0
0.0
0.0
0.0
0.0
0.0
0.0
0.0
0.0
0.0
0.014041
0.067141
0.168767
0.308744
0.46041699999999997
0.593861
0.678817
0.693041
0.635807
0.522357
0.379808
0.23325100000000001
0.112238
0.031826
0.0
0.0
0.0
0.0
0.0
0.0
0.0
0.0
0.0
0.0
0.020016
0.084202
0.16049100000000002
0.244409
0.331192
0.40334699999999996
0.44939
0.466674
0.426589
0.359559
0.27447000000000005
0.183694
0.10505500000000001
0.039905
0.0
0.0
0.0
0.0
0.0
0.0
0.0
0.0
0.0
0.0
0.005885
0.041307
0.153244
0.32813400000000004
0.515837
0.68296
0.787815
0.807986
0.746699
0.614607
0.439897
0.257701
0.10751000000000001
0.020193000000000003
0.0
0.0
0.0
0.0
0.0
0.0
0.0
0.0
0.0
0.0
0.010487999999999999
0.055763
0.160835
0.31627999999999995
0.479714
0.620856
0.6954130000000001
0.67055
0.623567
0.545941
0.400284
0.24176599999999998
0.10933799999999999
0.027207000000000002
0.0
0.0
0.0
0.0
0.0
0.0
0.0
0.0
0.0
0.0
0.006441
0.040917999999999996
0.14951
0.315448
0.49228
0.642815
0.719215
0.7052780000000001
0.6852290000000001
0.58789
0.426165
0.252129
0.10613500000000001
0.021015
0.0
0.0
0.0
0.0
0.0
0.0
0.0
0.0
0.0
0.0
0.019785
0.08199200000000001
0.17540899999999998
0.292314
0.415841
0.522567
0.600758
0.617478
0.5714779999999999
0.469431
0.346856
0.222822
0.11890300000000001
0.041378
0.0
0.0
0.0
0.0
0.0
0.0
0.0
0.0
0.0
0.0
0.006487
0.042269
0.15242
0.31929
0.489192
0.6386029999999999
0.7360220000000001
0.759579
0.7045520000000001
0.5886910000000001
0.42384
0.251937
0.10788299999999999
0.021568999999999998
0.0
0.0
0.0
0.0
0.0
0.0
0.0
0.0
0.0
0.0
0.005149
0.042577
0.15417699999999998
0.32607200000000003
0.511166
0.668948
0.7650629999999999
0.763484
0.7069500000000001
0.5911559999999999
0.428101
0.253977
0.108621
0.022148
0.0
0.0
0.0
0.0
0.0
0.0
0.0
0.0
0.0
0.0
0.006259000000000001
0.047451
0.150909
0.30847399999999997
0.47412099999999996
0.617656
0.7070510000000001
0.728885
0.676516
0.552817
0.401615
0.244435
0.108705
0.025027999999999998
0.0
0.0
0.0
0.0
0.0
0.0
0.0
0.0
0.0
0.0
0.010517
0.06664400000000001
0.167845
0.308041
0.45181099999999996
0.579721
0.671348
0.6972569999999999
0.646308
0.537311
0.39226799999999995
0.24468700000000002
0.118051
0.035595
0.0
0.0
0.0
0.0
0.0
0.0
0.0
0.0
0.0
0.0
0.007996
0.053322
0.16040700000000002
0.31635199999999997
0.484681
0.6253920000000001
0.705486
0.6767569999999999
0.6309049999999999
0.557674
0.412554
0.24918700000000002
0.11391
0.028693
0.0
0.0
0.0
0.0
0.0
0.0
0.0
0.0
0.0
0.0
0.013471
0.08426600000000001
0.17058099999999998
0.27605
0.389276
0.483875
0.543138
0.554979
0.516412
0.43823500000000004
0.33164499999999997
0.21895699999999998
0.120229
0.046587
0.0
0.0
0.0
0.0
0.0
0.0
0.0
0.0
0.0
0.0
0.015448
0.08746999999999999
0.17025800000000002
0.26734399999999997
0.364663
0.452959
0.508068
0.5166219999999999
0.479967
0.408368
0.307904
0.209066
0.11819400000000001
0.048239
0.0005949999999999999
0.0
0.0
0.0
0.0
0.0
0.0
0.0
0.0
0.0
0.015777
0.088118
0.157335
0.23221899999999998
0.30634100000000003
0.370226
0.416173
0.430786
0.403492
0.34324
0.260954
0.182022
0.109261
0.047469000000000004
0.000669
0.0
0.0
0.0
0.0
0.0
0.0
0.0
0.0
0.0
0.015868
0.086972
0.17368
0.276225
0.38061500000000004
0.469795
0.525147
0.5420130000000001
0.504131
0.426131
0.316695
0.214143
0.120976
0.048665999999999994
0.000704
0.0
0.0
0.0
0.0
0.0
0.0
0.0
0.0
0.0
0.013394
0.078863
0.175269
0.302376
0.435787
0.563688
0.648796
0.672142
0.6236470000000001
0.518689
0.376612
0.24226699999999998
0.126692
0.045046
0.000216
0.0
0.0
0.0
0.0
0.0
0.0
0.0
0.0
0.0
0.016183
0.087926
0.170652
0.267491
0.358225
0.452641
0.5208740000000001
0.5430410000000001
0.504901
0.424394
0.316627
0.215238
0.123023
0.050345999999999995
0.001442
0.0
0.0
0.0
0.0
0.0
0.0
0.0
0.0
0.0
0.016568000000000003
0.088747
0.171161
0.265383
0.359951
0.44620299999999996
0.495411
0.501884
0.46832100000000004
0.395424
0.304676
0.205458
0.12030500000000001
0.051313000000000004
0.002115
0.0
0.0
0.0
0.0
0.0
0.0
0.0
0.0
0.0
0.01046
0.061573
0.162459
0.302522
0.442853
0.583028
0.681607
0.715842
0.673869
0.565628
0.414525
0.258432
0.12423999999999999
0.036638
0.0
0.0
0.0
0.0
0.0
0.0
0.0
0.0
0.0
0.0
0.00888
0.055303
0.161686
0.317238
0.484245
0.635414
0.734255
0.759344
0.7062820000000001
0.587727
0.427054
0.261354
0.12369799999999999
0.034241
0.0
0.0
0.0
0.0
0.0
0.0
0.0
0.0
0.0
0.0
0.005703000000000001
0.043268
0.153468
0.319742
0.494767
0.6545850000000001
0.7624
0.796417
0.739939
0.6097619999999999
0.437935
0.264593
0.11836100000000001
0.027496
0.0
0.0
0.0
0.0
0.0
0.0
0.0
0.0
0.0
0.0
0.013155
0.074662
0.174278
0.30600700000000003
0.44649
0.5675410000000001
0.647079
0.666439
0.62139
0.524552
0.390452
0.248298
0.12953800000000001
0.045196
0.001657
0.0
0.0
0.0
0.0
0.0
0.0
0.0
0.0
0.0
0.017081
0.088537
0.17023500000000003
0.263152
0.356243
0.434864
0.48540300000000003
0.482132
0.45325400000000005
0.389384
0.299721
0.210363
0.123709
0.053828
0.002921
0.0
0.0
0.0
0.0
0.0
0.0
0.0
0.0
0.0
0.011149
0.063696
0.162879
0.307466
0.46093599999999996
0.596905
0.678041
0.6899529999999999
0.645331
0.542119
0.404753
0.25599500000000003
0.126638
0.040332
0.0009699999999999999
0.0
0.0
0.0
0.0
0.0
0.0
0.0
0.0
0.0
0.006737
0.046797
0.149813
0.300662
0.45293700000000003
0.5810449999999999
0.66201
0.684323
0.670964
0.582579
0.431388
0.265109
0.121894
0.031616
0.0
0.0
0.0
0.0
0.0
0.0
0.0
0.0
0.0
0.0
0.007516
0.050223
0.153915
0.30913999999999997
0.467649
0.5960270000000001
0.680211
0.672249
0.6308060000000001
0.535907
0.39907299999999996
0.255489
0.121392
0.033195
0.0
0.0
0.0
0.0
0.0
0.0
0.0
0.0
0.0
0.0
0.011358
0.065455
0.163445
0.29967099999999997
0.423548
0.536846
0.607564
0.626068
0.611775
0.528103
0.398866
0.256179
0.128737
0.042997
0.001597
0.0
0.0
0.0
0.0
0.0
0.0
0.0
0.0
0.0
0.014314
0.082262
0.17131200000000002
0.28413299999999997
0.40212400000000004
0.50317
0.565851
0.578782
0.5407569999999999
0.45238999999999996
0.343448
0.228785
0.12854400000000002
0.052054
0.003584
0.0
0.0
0.0
0.0
0.0
0.0
0.0
0.0
0.0
0.012728
0.071279
0.163728
0.284644
0.41033
0.51539
0.603523
0.634649
0.594134
0.507494
0.38029
0.245416
0.12966
0.047659
0.00229
0.0
0.0
0.0
0.0
0.0
0.0
0.0
0.0
0.0
0.011696
0.067095
0.162772
0.29562299999999997
0.419831
0.529149
0.599801
0.6422100000000001
0.616885
0.527845
0.397774
0.255492
0.129488
0.044552
0.002185
0.0
0.0
0.0
0.0
0.0
0.0
0.0
0.0
0.0
0.006941
0.047464
0.16524
0.337553
0.50794
0.64908
0.736084
0.76125
0.7567050000000001
0.656126
0.492281
0.303827
0.139896
0.034994
0.0
0.0
0.0
0.0
0.0
0.0
0.0
0.0
0.0
0.0
0.008846999999999999
0.0538
0.15449000000000002
0.2965
0.434396
0.554357
0.6303390000000001
0.6512169999999999
0.6392559999999999
0.5525890000000001
0.41552
0.260074
0.127159
0.037665
0.000944
0.0
0.0
0.0
0.0
0.0
0.0
0.0
0.0
0.0
0.008305
0.051154000000000005
0.152165
0.29915499999999995
0.452595
0.584721
0.643302
0.661231
0.6524289999999999
0.563645
0.42576600000000003
0.264563
0.126781
0.036268999999999996
0.0
0.0
0.0
0.0
0.0
0.0
0.0
0.0
0.0
0.0
0.008864
0.053384
0.155674
0.306133
0.463698
0.600482
0.681753
0.659518
0.621538
0.5466570000000001
0.413917
0.261357
0.128611
0.038131
0.0009699999999999999
0.0
0.0
0.0
0.0
0.0
0.0
0.0
0.0
0.0
0.011273
0.065506
0.163432
0.30239499999999997
0.448681
0.581919
0.674461
0.698767
0.654168
0.5490470000000001
0.405069
0.259855
0.132305
0.045618
0.0022730000000000003
0.0
0.0
0.0
0.0
0.0
0.0
0.0
0.0
0.0
0.012707000000000001
0.073347
0.167847
0.294009
0.430714
0.550848
0.6313909999999999
0.653769
0.613186
0.5202709999999999
0.390679
0.25297200000000003
0.13536199999999998
0.050619
0.003756
0.0
0.0
0.0
0.0
0.0
0.0
0.0
0.0
0.0
0.015571999999999999
0.085588
0.155101
0.22997399999999998
0.29979700000000004
0.362647
0.41838099999999995
0.435368
0.408904
0.351852
0.27560700000000005
0.191859
0.118211
0.055714
0.005067
0.0
0.0
0.0
0.0
0.0
0.0
0.0
0.0
0.0
0.012147
0.07115600000000001
0.16531
0.292935
0.431758
0.552903
0.639405
0.663417
0.625819
0.5304009999999999
0.400098
0.25800799999999996
0.137136
0.050863
0.003823
0.0
0.0
0.0
0.0
0.0
0.0
0.0
0.0
0.0
0.009602000000000001
0.056974
0.157434
0.302528
0.45629899999999995
0.5954210000000001
0.687567
0.723197
0.6770130000000001
0.5641849999999999
0.41531599999999996
0.263786
0.130381
0.041809
0.0017050000000000001
0.0
0.0
0.0
0.0
0.0
0.0
0.0
0.0
0.0
0.010121999999999999
0.061464
0.156954
0.297391
0.44704
0.585175
0.672547
0.702385
0.65838
0.550345
0.407008
0.262317
0.133115
0.044702
0.002351
0.0
0.0
0.0
0.0
0.0
0.0
0.0
0.0
0.0
0.010007
0.060776000000000004
0.155481
0.289068
0.42501799999999995
0.561275
0.668288
0.712483
0.667774
0.5550879999999999
0.40613900000000003
0.261936
0.133323
0.045131
0.002317
0.0
0.0
0.0
0.0
0.0
0.0
0.0
0.0
0.0
0.004695
0.037612
0.138413
0.297391
0.467486
0.618503
0.7195819999999999
0.737778
0.692111
0.5809589999999999
0.427236
0.265431
0.12398
0.031899000000000004
0.0
0.0
0.0
0.0
0.0
0.0
0.0
0.0
0.0
0.0
0.005487
0.040941000000000005
0.149362
0.319021
0.49961900000000004
0.6574030000000001
0.762869
0.796089
0.762094
0.647101
0.478242
0.29550400000000004
0.137217
0.03531
0.0
0.0
0.0
0.0
0.0
0.0
0.0
0.0
0.0
0.0
0.01251
0.08133
0.16780899999999999
0.274121
0.382368
0.473763
0.5268120000000001
0.525246
0.50883
0.445529
0.345466
0.231858
0.13275700000000001
0.056530000000000004
0.005059999999999999
0.0
0.0
0.0
0.0
0.0
0.0
0.0
0.0
0.0
0.007030000000000001
0.047131
0.14618899999999999
0.29513
0.459804
0.605846
0.704265
0.731854
0.692403
0.586412
0.43429500000000004
0.270355
0.130947
0.038242
0.00102
0.0
0.0
0.0
0.0
0.0
0.0
0.0
0.0
0.0
0.006783
0.039688
0.14897300000000002
0.32296199999999997
0.5116229999999999
0.683948
0.803768
0.833333
0.788673
0.659591
0.482192
0.296608
0.137638
0.035391
0.0
0.0
0.0
0.0
0.0
0.0
0.0
0.0
0.0
0.0
0.018109
0.07322
0.162394
0.27858499999999997
0.398422
0.510973
0.5846290000000001
0.6012569999999999
0.5677519999999999
0.484388
0.36635199999999996
0.245292
0.135451
0.054037999999999996
0.004392
0.0
0.0
0.0
0.0
0.0
0.0
0.0
0.0
0.0
0.00574
0.035634
0.134732
0.28770100000000004
0.443408
0.599375
0.7132000000000001
0.766963
0.72777
0.609749
0.447156
0.27625700000000003
0.12746
0.032281
0.0
0.0
0.0
0.0
0.0
0.0
0.0
0.0
0.0
0.0
0.006234
0.036948
0.140377
0.30038299999999996
0.465018
0.603047
0.690716
0.713283
0.70617
0.611697
0.458198
0.284557
0.132328
0.034004
0.0
0.0
0.0
0.0
0.0
0.0
0.0
0.0
0.0
0.0
0.0057599999999999995
0.037089
0.141819
0.31138099999999996
0.494183
0.6540499999999999
0.7406119999999999
0.712823
0.675513
0.5795170000000001
0.449912
0.280795
0.13155799999999998
0.032959
0.0
0.0
0.0
0.0
0.0
0.0
0.0
0.0
0.0
0.0
0.005644
0.035382
0.136001
0.297741
0.474056
0.637696
0.746515
0.781288
0.73377
0.607763
0.441437
0.27177300000000004
0.126479
0.032301
0.0
0.0
0.0
0.0
0.0
0.0
0.0
0.0
0.0
0.0
0.014987
0.065755
0.153912
0.274229
0.40140499999999996
0.518749
0.595637
0.605839
0.571591
0.47316199999999997
0.36233
0.23913399999999999
0.130192
0.049172
0.002848
0.0
0.0
0.0
0.0
0.0
0.0
0.0
0.0
0.0
0.013977999999999999
0.06898699999999999
0.128322
0.188893
0.249797
0.302059
0.342096
0.34989800000000004
0.32864
0.27723200000000003
0.21910400000000002
0.15620799999999999
0.099247
0.044571
0.002137
0.0
0.0
0.0
0.0
0.0
0.0
0.0
0.0
0.0
0.017442
0.074052
0.154757
0.25116700000000003
0.340526
0.425558
0.494931
0.526576
0.497418
0.425538
0.32837099999999997
0.22168100000000002
0.12719
0.054186
0.003432
0.0
0.0
0.0
0.0
0.0
0.0
0.0
0.0
0.0
0.013465
0.062479999999999994
0.15262799999999999
0.275988
0.40852499999999997
0.527651
0.613803
0.639309
0.602429
0.513145
0.386612
0.249351
0.132055
0.047688
0.00217
0.0
0.0
0.0
0.0
0.0
0.0
0.0
0.0
0.0
0.013093
0.062132
0.152263
0.276163
0.394429
0.501533
0.5702910000000001
0.5896509999999999
0.578237
0.501753
0.385807
0.249528
0.131712
0.047918999999999996
0.002183
0.0
0.0
0.0
0.0
0.0
0.0
0.0
0.0
0.0
0.007136
0.042881999999999997
0.137398
0.285097
0.446604
0.593885
0.7010839999999999
0.735446
0.6861889999999999
0.571634
0.417902
0.25876499999999997
0.125886
0.035799
0.0
0.0
0.0
0.0
0.0
0.0
0.0
0.0
0.0
0.0
0.01047
0.054634999999999996
0.145013
0.27853100000000003
0.42816699999999996
0.5659
0.663624
0.695303
0.656671
0.5527110000000001
0.410752
0.26207100000000005
0.132115
0.04385
0.00087
0.0
0.0
0.0
0.0
0.0
0.0
0.0
0.0
0.0
0.012665
0.062493
0.152393
0.273716
0.400377
0.5197759999999999
0.5964400000000001
0.623933
0.591399
0.502463
0.37661700000000004
0.24759399999999998
0.13182400000000002
0.048362999999999996
0.0015129999999999998
0.0
0.0
0.0
0.0
0.0
0.0
0.0
0.0
0.0
0.011193
0.058127000000000005
0.14815199999999998
0.273612
0.41382100000000005
0.536447
0.627597
0.6598970000000001
0.625572
0.532323
0.399599
0.254656
0.132619
0.045281
0.0008810000000000001
0.0
0.0
0.0
0.0
0.0
0.0
0.0
0.0
0.0
0.008267
0.049955
0.141261
0.28244400000000003
0.434716
0.576744
0.676139
0.707145
0.667708
0.564843
0.416317
0.263293
0.128806
0.040438
0.00022600000000000002
0.0
0.0
0.0
0.0
0.0
0.0
0.0
0.0
0.0
0.006719999999999999
0.043421
0.133215
0.27067899999999995
0.415626
0.541134
0.649077
0.694571
0.663995
0.55904
0.416098
0.259808
0.124952
0.035847000000000004
0.0
0.0
0.0
0.0
0.0
0.0
0.0
0.0
0.0
0.0
0.0076820000000000005
0.047133
0.136108
0.274309
0.424752
0.559883
0.6359589999999999
0.634958
0.6005710000000001
0.529267
0.40287599999999996
0.254994
0.12484
0.037944000000000006
0.0
0.0
0.0
0.0
0.0
0.0
0.0
0.0
0.0
0.0
0.0076029999999999995
0.048941000000000005
0.13759200000000002
0.27087
0.415526
0.546559
0.6355850000000001
0.663751
0.626224
0.530446
0.394137
0.253113
0.126138
0.039572
0.0
0.0
0.0
0.0
0.0
0.0
0.0
0.0
0.0
0.0
0.0057009999999999995
0.041904000000000004
0.133478
0.27805399999999997
0.436019
0.582819
0.675374
0.696438
0.6552100000000001
0.545947
0.406357
0.252065
0.12123600000000001
0.034159999999999996
0.0
0.0
0.0
0.0
0.0
0.0
0.0
0.0
0.0
0.0
0.009147
0.054799
0.141345
0.265411
0.397166
0.51285
0.5894349999999999
0.5882350000000001
0.554708
0.487512
0.371455
0.239851
0.124739
0.042046
0.0
0.0
0.0
0.0
0.0
0.0
0.0
0.0
0.0
0.0
0.009476
0.057502000000000004
0.14452299999999998
0.264924
0.393079
0.5149980000000001
0.591187
0.613783
0.571225
0.484522
0.35695699999999997
0.233044
0.122307
0.042737000000000004
0.0
0.0
0.0
0.0
0.0
0.0
0.0
0.0
0.0
0.0
0.005456000000000001
0.043705
0.129423
0.259281
0.393558
0.5148579999999999
0.594321
0.6201760000000001
0.60995
0.525726
0.390444
0.246797
0.119447
0.03492
0.0
0.0
0.0
0.0
0.0
0.0
0.0
0.0
0.0
0.0
0.002745
0.03257
0.121609
0.27165
0.44018999999999997
0.593716
0.701373
0.733994
0.687514
0.574827
0.415193
0.253975
0.11562399999999999
0.028077
0.0
0.0
0.0
0.0
0.0
0.0
0.0
0.0
0.0
0.0
0.0
0.046301
0.135099
0.264454
0.409485
0.533904
0.622063
0.6347050000000001
0.612167
0.5251849999999999
0.391248
0.246959
0.11999
0.035706
0.0
0.0
0.0
0.0
0.0
0.0
0.0
0.0
0.0
0.0
0.0
0.030379999999999997
0.11837099999999999
0.264421
0.42633
0.572736
0.680159
0.721941
0.678858
0.5689919999999999
0.414408
0.252085
0.112349
0.025567
0.0
0.0
0.0
0.0
0.0
0.0
0.0
0.0
0.0
0.0
0.0
0.039611
0.125795
0.26166
0.40482100000000004
0.532117
0.6369400000000001
0.677475
0.636649
0.542822
0.39705900000000005
0.24599000000000001
0.115559
0.030365
0.0
0.0
0.0
0.0
0.0
0.0
0.0
0.0
0.0
0.0
0.0
0.025861000000000002
0.11342400000000001
0.268036
0.440133
0.5962329999999999
0.700865
0.7314400000000001
0.686254
0.578384
0.419784
0.251654
0.10892700000000001
0.022591999999999998
0.0
0.0
0.0
0.0
0.0
0.0
0.0
0.0
0.0
0.0
0.0
0.040264
0.125312
0.257728
0.39495800000000003
0.535588
0.639009
0.680765
0.646462
0.543855
0.396355
0.24491
0.114167
0.030553999999999998
0.0
0.0
0.0
0.0
0.0
0.0
0.0
0.0
0.0
0.0
0.0
0.043586
0.13079
0.26138799999999995
0.408097
0.5401710000000001
0.63118
0.648314
0.617666
0.520482
0.38437299999999996
0.23730500000000002
0.11468099999999999
0.031813
0.0
0.0
0.0
0.0
0.0
0.0
0.0
0.0
0.0
0.0
0.0
0.046113999999999995
0.13228499999999999
0.25779
0.395256
0.520336
0.61179
0.6453110000000001
0.6063529999999999
0.510402
0.376476
0.232625
0.113574
0.033204
0.0
0.0
0.0
0.0
0.0
0.0
0.0
0.0
0.0
0.0
0.0
0.02404
0.11119
0.26679
0.43728500000000003
0.593998
0.700373
0.733649
0.686921
0.564283
0.408917
0.243268
0.104027
0.019853000000000003
0.0
0.0
0.0
0.0
0.0
0.0
0.0
0.0
0.0
0.0
0.0
0.023248
0.105833
0.251823
0.408447
0.546227
0.636317
0.663946
0.653918
0.558254
0.40676100000000004
0.24316900000000002
0.102105
0.018792000000000003
0.0
0.0
0.0
0.0
0.0
0.0
0.0
0.0
0.0
0.0
0.0
0.043022
0.126909
0.247606
0.37871
0.490344
0.562824
0.5811559999999999
0.547239
0.479363
0.361234
0.224959
0.108621
0.029692
0.0
0.0
0.0
0.0
0.0
0.0
0.0
0.0
0.0
0.0
0.0
0.023082000000000002
0.10874800000000001
0.258908
0.418688
0.578418
0.696635
0.742386
0.704639
0.5842390000000001
0.420173
0.247798
0.10284900000000001
0.018431
0.0
0.0
0.0
0.0
0.0
0.0
0.0
0.0
0.0
0.0
0.0
0.022538
0.107197
0.259007
0.40837599999999996
0.545581
0.635148
0.692354
0.6672290000000001
0.563323
0.40785000000000005
0.239991
0.09907200000000001
0.016575
0.0
0.0
0.0
0.0
0.0
0.0
0.0
0.0
0.0
0.0
0.0
0.023605
0.107627
0.260082
0.434405
0.6005510000000001
0.7152609999999999
0.7534489999999999
0.70445
0.579543
0.41189299999999995
0.241281
0.09953000000000001
0.017198
0.0
0.0
0.0
0.0
0.0
0.0
0.0
0.0
0.0
0.0
0.0
0.032869999999999996
0.117645
0.258651
0.40337900000000004
0.536556
0.6226349999999999
0.647309
0.646091
0.548817
0.397007
0.237034
0.102247
0.021309
0.0
0.0
0.0
0.0
0.0
0.0
0.0
0.0
0.0
0.0
0.0
0.043211
0.129266
0.250762
0.386492
0.516013
0.6029690000000001
0.628134
0.587963
0.490649
0.352954
0.21974000000000002
0.104765
0.026591
0.0
0.0
0.0
0.0
0.0
0.0
0.0
0.0
0.0
0.0
0.0
0.022801
0.10554000000000001
0.25365899999999997
0.424423
0.582564
0.681902
0.715241
0.667541
0.54392
0.38813200000000003
0.227858
0.09257699999999999
0.014679000000000001
0.0
0.0
0.0
0.0
0.0
0.0
0.0
0.0
0.0
0.0
0.0
0.045094999999999996
0.129038
0.232906
0.345354
0.443348
0.529395
0.559705
0.530285
0.441279
0.326164
0.20433600000000002
0.102362
0.0269
0.0
0.0
0.0
0.0
0.0
0.0
0.0
0.0
0.0
0.0
0.0
0.048671
0.119447
0.193053
0.265837
0.336374
0.38296199999999997
0.396061
0.369455
0.313193
0.233637
0.157629
0.08645699999999999
0.025425
0.0
0.0
0.0
0.0
0.0
0.0
0.0
0.0
0.0
0.0
0.0
0.019248
0.099955
0.247064
0.400955
0.556959
0.670086
0.7195410000000001
0.676239
0.555119
0.392217
0.224128
0.086887
0.011054
0.0
0.0
0.0
0.0
0.0
0.0
0.0
0.0
0.0
0.0
0.0
0.01833
0.097084
0.24047300000000002
0.39661900000000005
0.5525549999999999
0.666073
0.707572
0.665706
0.545669
0.383545
0.21917799999999998
0.08419199999999999
0.010686999999999999
0.0
0.0
0.0
0.0
0.0
0.0
0.0
0.0
0.0
0.0
0.0
0.022934999999999997
0.102697
0.24303
0.40874900000000003
0.561806
0.6652279999999999
0.7008669999999999
0.652562
0.5342480000000001
0.37683300000000003
0.216242
0.08663
0.012161
0.0
0.0
0.0
0.0
0.0
0.0
0.0
0.0
0.0
0.0
0.0
0.017870999999999998
0.095954
0.239005
0.395752
0.5518959999999999
0.665098
0.715487
0.6703490000000001
0.54745
0.38343400000000005
0.21736000000000003
0.081729
0.008856999999999999
0.0
0.0
0.0
0.0
0.0
0.0
0.0
0.0
0.0
0.0
0.0
0.024582
0.104085
0.238393
0.384269
0.533298
0.640217
0.679486
0.631893
0.512549
0.352352
0.206177
0.082856
0.011606
0.0
0.0
0.0
0.0
0.0
0.0
0.0
0.0
0.0
0.0
0.0
0.029278
0.11288200000000001
0.24353
0.397601
0.5380410000000001
0.635501
0.656517
0.6101960000000001
0.500699
0.356193
0.205239
0.08592100000000001
0.013303
0.0
0.0
0.0
0.0
0.0
0.0
0.0
0.0
0.0
0.0
0.0
0.021575
0.061279
0.101958
0.137001
0.170928
0.190542
0.19518100000000002
0.181393
0.14996199999999998
0.115373
0.07656600000000001
0.039032
0.005974999999999999
0.0
0.0
0.0
0.0
0.0
0.0
0.0
0.0
0.0
0.0
0.0
0.015544
0.09475499999999999
0.245157
0.421288
0.588746
0.704586
0.7418579999999999
0.685986
0.553442
0.379957
0.210921
0.07559300000000001
0.0059640000000000006
0.0
0.0
0.0
0.0
0.0
0.0
0.0
0.0
0.0
0.0
0.0
0.035336
0.121848
0.230597
0.352228
0.461769
0.538004
0.568568
0.520364
0.42856900000000003
0.308548
0.18532400000000002
0.084133
0.014432
0.0
0.0
0.0
0.0
0.0
0.0
0.0
0.0
0.0
0.0
0.0
0.024834
0.10837999999999999
0.238452
0.392197
0.534849
0.6406660000000001
0.676558
0.627717
0.510709
0.353974
0.198883
0.080071
0.008829
0.0
0.0
0.0
0.0
0.0
0.0
0.0
0.0
0.0
0.0
0.0
0.015426
0.099059
0.255133
0.417865
0.565491
0.6609619999999999
0.71814
0.6835359999999999
0.562465
0.392781
0.215795
0.075587
0.004746
0.0
0.0
0.0
0.0
0.0
0.0
0.0
0.0
0.0
0.0
0.0
0.023977000000000002
0.108128
0.237008
0.387567
0.524409
0.615906
0.640751
0.587311
0.476128
0.33178500000000005
0.18850899999999998
0.07506399999999999
0.007535999999999999
0.0
0.0
0.0
0.0
0.0
0.0
0.0
0.0
0.0
0.0
0.0
0.033067
0.110459
0.187634
0.264494
0.339481
0.384093
0.391392
0.362524
0.30380399999999996
0.220914
0.141708
0.06953400000000001
0.009339
0.0
0.0
0.0
0.0
0.0
0.0
0.0
0.0
0.0
0.0
0.0
0.012182
0.089561
0.232593
0.39282799999999995
0.532517
0.6473260000000001
0.689474
0.646119
0.521298
0.358968
0.195186
0.064911
0.002112
0.0
0.0
0.0
0.0
0.0
0.0
0.0
0.0
0.0
0.0
0.0
0.017963
0.100371
0.23445
0.380246
0.520122
0.622488
0.656867
0.6101169999999999
0.49765
0.341286
0.189285
0.06800199999999999
0.004522
0.0
0.0
0.0
0.0
0.0
0.0
0.0
0.0
0.0
0.0
0.0
0.015996
0.09948
0.23836000000000002
0.398022
0.5511280000000001
0.6526810000000001
0.676771
0.6152759999999999
0.488495
0.322476
0.180916
0.06422
0.003093
0.0
0.0
0.0
0.0
0.0
0.0
0.0
0.0
0.0
0.0
0.0
0.0101
0.048531
0.082651
0.114134
0.138837
0.160046
0.16214099999999998
0.15016200000000002
0.12190999999999999
0.09203
0.057762999999999995
0.025196000000000003
0.0
0.0
0.0
0.0
0.0
0.0
0.0
0.0
0.0
0.0
0.0
0.0
0.018699999999999998
0.111123
0.219903
0.344528
0.45413400000000004
0.540029
0.5576570000000001
0.515064
0.41209300000000004
0.29137799999999997
0.16715100000000002
0.066634
0.004614
0.0
0.0
0.0
0.0
0.0
0.0
0.0
0.0
0.0
0.0
0.0
0.015694
0.0845
0.140784
0.19778800000000002
0.24537799999999999
0.27648500000000004
0.281824
0.26002600000000003
0.215735
0.155771
0.09984
0.043708
0.001629
0.0
0.0
0.0
0.0
0.0
0.0
0.0
0.0
0.0
0.0
0.0
0.016007
0.106944
0.224025
0.351412
0.475616
0.558747
0.577564
0.530164
0.429652
0.292135
0.16283099999999998
0.061811
0.002408
0.0
0.0
0.0
0.0
0.0
0.0
0.0
0.0
0.0
0.0
0.0
0.014031
0.101117
0.22300899999999999
0.36023
0.493133
0.574692
0.589554
0.5404329999999999
0.438665
0.297202
0.16456
0.058076
0.001034
0.0
0.0
0.0
0.0
0.0
0.0
0.0
0.0
0.0
0.0
0.0
0.018001999999999997
0.110111
0.203099
0.306913
0.40374400000000005
0.464181
0.477649
0.439348
0.351037
0.249679
0.144815
0.058970999999999996
0.001474
0.0
0.0
0.0
0.0
0.0
0.0
0.0
0.0
0.0
0.0
0.0
0.012814
0.09739700000000001
0.21899000000000002
0.35641300000000004
0.478194
0.558067
0.57611
0.53008
0.43392200000000003
0.298649
0.160602
0.054307
0.0
0.0
0.0
0.0
0.0
0.0
0.0
0.0
0.0
0.0
0.0
0.0
0.012487999999999999
0.098209
0.218326
0.356045
0.478551
0.561327
0.595025
0.552957
0.44642899999999996
0.305359
0.162449
0.053475999999999996
0.0
0.0
0.0
0.0
0.0
0.0
0.0
0.0
0.0
0.0
0.0
0.0
0.010626
0.093191
0.220767
0.377846
0.5172140000000001
0.6115
0.6236090000000001
0.5690940000000001
0.45060700000000004
0.304832
0.15794999999999998
0.049148000000000004
0.0
0.0
0.0
0.0
0.0
0.0
0.0
0.0
0.0
0.0
0.0
0.0
0.010973
0.093866
0.21979400000000002
0.36724799999999996
0.49875400000000003
0.5848730000000001
0.604778
0.548493
0.436267
0.29400400000000004
0.152513
0.047439999999999996
0.0
0.0
0.0
0.0
0.0
0.0
0.0
0.0
0.0
0.0
0.0
0.0
0.013729
0.092259
0.213995
0.348618
0.467346
0.54203
0.560922
0.511205
0.42075
0.28458999999999995
0.14804
0.044404000000000006
0.0
0.0
0.0
0.0
0.0
0.0
0.0
0.0
0.0
0.0
0.0
0.0
0.021233000000000002
0.104027
0.189477
0.282888
0.362038
0.42897199999999996
0.446052
0.40760599999999997
0.319535
0.221663
0.126508
0.046700000000000005
0.0
0.0
0.0
0.0
0.0
0.0
0.0
0.0
0.0
0.0
0.0
0.0
0.020394
0.09797
0.176644
0.252917
0.32788
0.373672
0.380201
0.34674400000000005
0.27952499999999997
0.192599
0.110984
0.041967
0.0
0.0
0.0
0.0
0.0
0.0
0.0
0.0
0.0
0.0
0.0
0.0
0.019597
0.10276099999999999
0.192132
0.291603
0.37689999999999996
0.438574
0.44723399999999996
0.406349
0.31761399999999995
0.21910400000000002
0.122402
0.041993
0.0
0.0
0.0
0.0
0.0
0.0
0.0
0.0
0.0
0.0
0.0
0.0
0.017498
0.099393
0.20274
0.312795
0.42022699999999996
0.48235500000000003
0.493624
0.44234500000000004
0.353462
0.23445500000000002
0.128819
0.04022
0.0
0.0
0.0
0.0
0.0
0.0
0.0
0.0
0.0
0.0
0.0
0.0
0.006657
0.07506399999999999
0.207759
0.367139
0.516851
0.618579
0.644087
0.577781
0.445502
0.278413
0.134167
0.030352
0.0
0.0
0.0
0.0
0.0
0.0
0.0
0.0
0.0
0.0
0.0
0.0
0.009028000000000001
0.081065
0.201435
0.345397
0.47294600000000003
0.5688529999999999
0.5940380000000001
0.5377179999999999
0.413306
0.26772199999999996
0.129517
0.030713999999999998
0.0
0.0
0.0
0.0
0.0
0.0
0.0
0.0
0.0
0.0
0.0
0.0
0.012137
0.08973300000000001
0.20655
0.32770299999999997
0.444602
0.530022
0.552139
0.498212
0.394505
0.254088
0.126018
0.033170000000000005
0.0
0.0
0.0
0.0
0.0
0.0
0.0
0.0
0.0
0.0
0.0
0.0
0.010701
0.085851
0.20383500000000002
0.33642099999999997
0.464509
0.5485650000000001
0.56163
0.506617
0.396412
0.252733
0.126991
0.030355
0.0
0.0
0.0
0.0
0.0
0.0
0.0
0.0
0.0
0.0
0.0
0.0
0.010202
0.083577
0.19817099999999999
0.32419600000000004
0.442266
0.529042
0.552446
0.496959
0.387716
0.246421
0.122054
0.027870000000000002
0.0
0.0
0.0
0.0
0.0
0.0
0.0
0.0
0.0
0.0
0.0
0.0
0.009668
0.083741
0.20011600000000002
0.33404
0.46213099999999996
0.539313
0.550452
0.494966
0.38449900000000004
0.24359899999999998
0.119254
0.025848
0.0
0.0
0.0
0.0
0.0
0.0
0.0
0.0
0.0
0.0
0.0
0.0
0.0067599999999999995
0.076742
0.19346000000000002
0.334401
0.467712
0.561871
0.58248
0.525849
0.400296
0.254063
0.11604300000000001
0.022254000000000003
0.0
0.0
0.0
0.0
0.0
0.0
0.0
0.0
0.0
0.0
0.0
0.0
0.006301
0.074349
0.19322399999999998
0.333592
0.459233
0.535636
0.5662809999999999
0.5158980000000001
0.3969
0.25115899999999997
0.11244799999999999
0.019545000000000003
0.0
0.0
0.0
0.0
0.0
0.0
0.0
0.0
0.0
0.0
0.0
0.0
0.008712
0.081751
0.196152
0.32364299999999996
0.447013
0.521634
0.532264
0.47652100000000003
0.365464
0.227154
0.10697799999999999
0.021029
0.0
0.0
0.0
0.0
0.0
0.0
0.0
0.0
0.0
0.0
0.0
0.0
0.006226
0.073364
0.192085
0.33464
0.460188
0.533606
0.544929
0.48725599999999997
0.376936
0.23962799999999998
0.106442
0.017086999999999998
0.0
0.0
0.0
0.0
0.0
0.0
0.0
0.0
0.0
0.0
0.0
0.0
0.0043
0.069154
0.193055
0.34212200000000004
0.48125999999999997
0.566852
0.571035
0.508507
0.390274
0.239767
0.103259
0.015085000000000001
0.0
0.0
0.0
0.0
0.0
0.0
0.0
0.0
0.0
0.0
0.0
0.0
0.009778
0.086753
0.18848099999999998
0.294223
0.393238
0.441435
0.448449
0.40230200000000005
0.31446300000000005
0.201599
0.099233
0.017399
0.0
0.0
0.0
0.0
0.0
0.0
0.0
0.0
0.0
0.0
0.0
0.0
0.0
0.072617
0.189634
0.328793
0.445759
0.521642
0.52044
0.46204
0.362422
0.222446
0.098542
0.013358
0.0
0.0
0.0
0.0
0.0
0.0
0.0
0.0
0.0
0.0
0.0
0.0
0.0
0.074945
0.187174
0.314361
0.437236
0.515435
0.52467
0.466553
0.355998
0.216295
0.09407299999999999
0.013304999999999999
0.0
0.0
0.0
0.0
0.0
0.0
0.0
0.0
0.0
0.0
0.0
0.0
0.0
0.080403
0.180335
0.293344
0.387087
0.45649700000000004
0.461272
0.410403
0.31878300000000004
0.19876
0.09272
0.012653000000000001
0.0
0.0
0.0
0.0
0.0
0.0
0.0
0.0
0.0
0.0
0.0
0.0
0.0
0.075914
0.186772
0.311744
0.433411
0.502212
0.5113570000000001
0.453352
0.336827
0.208694
0.08990300000000001
0.010362
0.0
0.0
0.0
0.0
0.0
0.0
0.0
0.0
0.0
0.0
0.0
0.0
0.0
0.08382200000000001
0.173975
0.279767
0.377864
0.434647
0.439469
0.38745999999999997
0.289337
0.184508
0.08362399999999999
0.010331
0.0
0.0
0.0
0.0
0.0
0.0
0.0
0.0
0.0
0.0
0.0
0.0
0.0
0.081161
0.172234
0.267857
0.358817
0.41028
0.416026
0.37833300000000003
0.286028
0.182435
0.081705
0.009581
0.0
0.0
0.0
0.0
0.0
0.0
0.0
0.0
0.0
0.0
0.0
0.0
0.0
0.07817199999999999
0.15728299999999998
0.236614
0.31226
0.355659
0.357213
0.31698000000000004
0.244194
0.154065
0.071878
0.008076999999999999
0.0
0.0
0.0
0.0
0.0
0.0
0.0
0.0
0.0
0.0
0.0
0.0
0.0
0.031171
0.067303
0.098804
0.12238500000000001
0.140993
0.141087
0.11978
0.094524
0.061751
0.027441
0.000443
0.0
0.0
0.0
0.0
0.0
0.0
0.0
0.0
0.0
0.0
0.0
0.0
0.0
0.072254
0.171113
0.287569
0.385693
0.452309
0.45593900000000004
0.403571
0.305084
0.18753899999999998
0.076735
0.004871
0.0
0.0
0.0
0.0
0.0
0.0
0.0
0.0
0.0
0.0
0.0
0.0
0.0
0.067244
0.174538
0.29753399999999997
0.420328
0.48967099999999997
0.49744299999999997
0.437042
0.31793400000000005
0.190463
0.074468
0.0039380000000000005
0.0
0.0
0.0
0.0
0.0
0.0
0.0
0.0
0.0
0.0
0.0
0.0
0.0
0.058053
0.195834
0.37197199999999997
0.535211
0.638495
0.650899
0.564832
0.409826
0.229284
0.08294
0.002251
0.0
0.0
0.0
0.0
0.0
0.0
0.0
0.0
0.0
0.0
0.0
0.0
0.0
0.07334
0.15067599999999998
0.226649
0.30018
0.33961
0.33812000000000003
0.297196
0.22009499999999999
0.139494
0.060666
0.0030470000000000002
0.0
0.0
0.0
0.0
0.0
0.0
0.0
0.0
0.0
0.0
0.0
0.0
0.0
0.076032
0.159372
0.254069
0.33342700000000003
0.38371
0.385654
0.33798500000000004
0.254106
0.152868
0.064183
0.002462
0.0
0.0
0.0
0.0
0.0
0.0
0.0
0.0
0.0
0.0
0.0
0.0
0.0
0.075269
0.162103
0.263324
0.348074
0.407751
0.40739600000000004
0.356812
0.258899
0.15950899999999998
0.063082
0.001792
0.0
0.0
0.0
0.0
0.0
0.0
0.0
0.0
0.0
0.0
0.0
0.0
0.0
0.064389
0.165129
0.291543
0.402589
0.480163
0.48361200000000004
0.42045699999999997
0.300452
0.175456
0.063929
0.000114
0.0
0.0
0.0
0.0
0.0
0.0
0.0
0.0
0.0
0.0
0.0
0.0
0.0
0.052512
0.161376
0.300241
0.425053
0.504056
0.516257
0.442778
0.32059699999999997
0.175736
0.060829999999999995
0.0
0.0
0.0
0.0
0.0
0.0
0.0
0.0
0.0
0.0
0.0
0.0
0.0
0.0
0.060662999999999995
0.16131700000000002
0.28862299999999996
0.409952
0.478649
0.48144600000000004
0.415936
0.29573
0.171353
0.059239
0.0
0.0
0.0
0.0
0.0
0.0
0.0
0.0
0.0
0.0
0.0
0.0
0.0
0.0
0.069505
0.15657
0.25959899999999997
0.356637
0.412426
0.413992
0.35941
0.258938
0.153792
0.054853
0.0
0.0
0.0
0.0
0.0
0.0
0.0
0.0
0.0
0.0
0.0
0.0
0.0
0.0
0.042817
0.153262
0.294405
0.429469
0.5078980000000001
0.5077889999999999
0.437114
0.313639
0.16911400000000001
0.050372999999999994
0.0
0.0
0.0
0.0
0.0
0.0
0.0
0.0
0.0
0.0
0.0
0.0
0.0
0.0
0.038292
0.143258
0.282323
0.409166
0.487551
0.493631
0.421644
0.29838299999999995
0.15688999999999997
0.047618
0.0
0.0
0.0
0.0
0.0
0.0
0.0
0.0
0.0
0.0
0.0
0.0
0.0
0.0
0.037893
0.140457
0.28229000000000004
0.4122
0.49319
0.496278
0.42341199999999996
0.296548
0.155088
0.044253
0.0
0.0
0.0
0.0
0.0
0.0
0.0
0.0
0.0
0.0
0.0
0.0
0.0
0.0
0.049868
0.191506
0.38261
0.5509919999999999
0.64513
0.617533
0.552969
0.398393
0.21591300000000002
0.060268
0.0
0.0
0.0
0.0
0.0
0.0
0.0
0.0
0.0
0.0
0.0
0.0
0.0
0.0
0.047702
0.187305
0.365791
0.520968
0.6097229999999999
0.613192
0.5328959999999999
0.382512
0.20774199999999998
0.057232
0.0
0.0
0.0
0.0
0.0
0.0
0.0
0.0
0.0
0.0
0.0
0.0
0.0
0.0
0.057887999999999995
0.12152400000000001
0.192656
0.249249
0.28128800000000004
0.277459
0.24043299999999998
0.178906
0.10321999999999999
0.03649
0.0
0.0
0.0
0.0
0.0
0.0
0.0
0.0
0.0
0.0
0.0
0.0
0.0
0.0
0.021908
0.05814
0.091476
0.11559699999999999
0.13376
0.131236
0.10961499999999999
0.082513
0.047727
0.014393000000000001
0.0
0.0
0.0
0.0
0.0
0.0
0.0
0.0
0.0
0.0
0.0
0.0
0.0
0.0
0.039028
0.13223
0.245575
0.357596
0.421733
0.42293000000000003
0.361196
0.25629
0.132874
0.035243000000000003
0.0
0.0
0.0
0.0
0.0
0.0
0.0
0.0
0.0
0.0
0.0
0.0
0.0
0.0
0.028974
0.128725
0.266822
0.393345
0.470655
0.47699400000000003
0.40378
0.27795400000000003
0.141315
0.033125999999999996
0.0
0.0
0.0
0.0
0.0
0.0
0.0
0.0
0.0
0.0
0.0
0.0
0.0
0.0
0.024225999999999998
0.12182299999999999
0.253904
0.37254899999999996
0.44076299999999996
0.428619
0.36606700000000003
0.254705
0.127907
0.030879
0.0
0.0
0.0
0.0
0.0
0.0
0.0
0.0
0.0
0.0
0.0
0.0
0.0
0.0
0.022695
0.120092
0.250597
0.369891
0.44343400000000005
0.445631
0.376398
0.25875400000000004
0.127452
0.029701
0.0
0.0
0.0
0.0
0.0
0.0
0.0
0.0
0.0
0.0
0.0
0.0
0.0
0.0
0.021247
0.12001099999999999
0.24484299999999998
0.3668
0.43833300000000003
0.439668
0.371605
0.25622
0.12684900000000002
0.028591000000000002
0.0
0.0
0.0
0.0
0.0
0.0
0.0
0.0
0.0
0.0
0.0
0.0
0.0
0.0
0.025338
0.12191800000000001
0.23163999999999998
0.339864
0.399101
0.399583
0.337326
0.236569
0.118768
0.026787
0.0
0.0
0.0
0.0
0.0
0.0
0.0
0.0
0.0
0.0
0.0
0.0
0.0
0.0
0.033828000000000004
0.12032599999999999
0.189899
0.25003
0.292069
0.28845
0.248333
0.17353
0.09784999999999999
0.025476
0.0
0.0
0.0
0.0
0.0
0.0
0.0
0.0
0.0
0.0
0.0
0.0
0.0
0.0
0.03175
0.106619
0.173506
0.226112
0.255233
0.25140799999999996
0.21573599999999998
0.157435
0.086277
0.023122
0.0
0.0
0.0
0.0
0.0
0.0
0.0
0.0
0.0
0.0
0.0
0.0
0.0
0.0
0.016918
0.07045
0.111941
0.142846
0.16656700000000002
0.163076
0.134146
0.098641
0.054743
0.012836
0.0
0.0
0.0
0.0
0.0
0.0
0.0
0.0
0.0
0.0
0.0
0.0
0.0
0.0
0.016357
0.07042799999999999
0.110544
0.142807
0.166844
0.164124
0.134238
0.098643
0.054598
0.012054
0.0
0.0
0.0
0.0
0.0
0.0
0.0
0.0
0.0
0.0
0.0
0.0
0.0
0.0
0.029907
0.106644
0.176653
0.230638
0.261582
0.25767599999999996
0.220298
0.15828399999999998
0.084877
0.020407
0.0
0.0
0.0
0.0
0.0
0.0
0.0
0.0
0.0
0.0
0.0
0.0
0.0
0.0
0.012098000000000001
0.10711499999999999
0.22308
0.337635
0.406626
0.40949599999999997
0.343873
0.227209
0.110369
0.018096
0.0
0.0
0.0
0.0
0.0
0.0
0.0
0.0
0.0
0.0
0.0
0.0
0.0
0.0
0.010088
0.102201
0.22200399999999998
0.335569
0.408392
0.41391
0.345903
0.23087100000000002
0.106215
0.017827000000000003
0.0
0.0
0.0
0.0
0.0
0.0
0.0
0.0
0.0
0.0
0.0
0.0
0.0
0.0
0.021459
0.090857
0.14158500000000002
0.193159
0.218528
0.215742
0.184557
0.127728
0.070384
0.013644
0.0
0.0
0.0
0.0
0.0
0.0
0.0
0.0
0.0
0.0
0.0
0.0
0.0
0.0
0.002291
0.022829000000000002
0.040375
0.053437
0.059599
0.058751
0.049664
0.036156999999999995
0.018369
0.001514
0.0
0.0
0.0
0.0
0.0
0.0
0.0
0.0
0.0
0.0
0.0
0.0
0.0
0.0
0.014989
0.085336
0.13384000000000001
0.18051599999999998
0.20281200000000002
0.20005099999999998
0.170597
0.117789
0.064676
0.011464
0.0
0.0
0.0
0.0
0.0
0.0
0.0
0.0
0.0
0.0
0.0
0.0
0.0
0.0
0.016572
0.107871
0.197095
0.272172
0.326304
0.322521
0.26467
0.184379
0.09042700000000001
0.01585
0.0
0.0
0.0
0.0
0.0
0.0
0.0
0.0
0.0
0.0
0.0
0.0
0.0
0.0
0.014919
0.10434399999999999
0.195048
0.272474
0.327335
0.32790499999999995
0.275913
0.184534
0.092642
0.014321
0.0
0.0
0.0
0.0
0.0
0.0
0.0
0.0
0.0
0.0
0.0
0.0
0.0
0.0
0.009564
0.097901
0.19788499999999998
0.298288
0.35706099999999996
0.35717899999999997
0.29978899999999997
0.195677
0.094322
0.012411
0.0
0.0
0.0
0.0
0.0
0.0
0.0
0.0
0.0
0.0
0.0
0.0
0.0
0.0
0.004954
0.039029
0.069199
0.090835
0.102054
0.100529
0.085038
0.060825000000000004
0.030552
0.003369
0.0
0.0
0.0
0.0
0.0
0.0
0.0
0.0
0.0
0.0
0.0
0.0
0.0
0.0
0.01408
0.088811
0.149948
0.197298
0.221936
0.21623900000000001
0.183842
0.131238
0.066326
0.010423
0.0
0.0
0.0
0.0
0.0
0.0
0.0
0.0
0.0
0.0
0.0
0.0
0.0
0.0
0.005955
0.048485
0.083785
0.110036
0.12367700000000001
0.12118300000000001
0.10384099999999999
0.07346899999999999
0.036627
0.004019
0.0
0.0
0.0
0.0
0.0
0.0
0.0
0.0
0.0
0.0
0.0
0.0
0.0
0.0
0.001623
0.023528
0.044272
0.059403
0.06726399999999999
0.065268
0.055593000000000004
0.038767
0.018346
0.0
0.0
0.0
0.0
0.0
0.0
0.0
0.0
0.0
0.0
0.0
0.0
0.0
0.0
0.0
0.010624
0.080749
0.13200499999999998
0.18081899999999998
0.204737
0.19990100000000002
0.17058500000000001
0.115569
0.059867
0.0075439999999999995
0.0
0.0
0.0
0.0
0.0
0.0
0.0
0.0
0.0
0.0
0.0
0.0
0.0
0.0
0.011715999999999999
0.086878
0.14812899999999998
0.195952
0.223228
0.222035
0.188106
0.133206
0.065682
0.008244
0.0
0.0
0.0
0.0
0.0
0.0
0.0
0.0
0.0
0.0
0.0
0.0
0.0
0.0
0.008676
0.092837
0.177583
0.26229399999999997
0.307734
0.298617
0.252403
0.16705
0.080895
0.008558999999999999
0.0
0.0
0.0
0.0
0.0
0.0
0.0
0.0
0.0
0.0
0.0
0.0
0.0
0.0
0.006148
0.085598
0.182375
0.269592
0.32310099999999997
0.32313600000000003
0.269718
0.180678
0.080557
0.007797
0.0
0.0
0.0
0.0
0.0
0.0
0.0
0.0
0.0
0.0
0.0
0.0
0.0
0.0
0.009597
0.092111
0.161301
0.229669
0.265627
0.264153
0.224393
0.14933600000000002
0.073934
0.007626
0.0
0.0
0.0
0.0
0.0
0.0
0.0
0.0
0.0
0.0
0.0
0.0
0.0
0.0
0.0
0.074005
0.18549100000000002
0.29158100000000003
0.35824700000000004
0.35924900000000004
0.297988
0.193876
0.08180200000000001
0.007392999999999999
0.0
0.0
0.0
0.0
0.0
0.0
0.0
0.0
0.0
0.0
0.0
0.0
0.0
0.0
0.0
0.090241
0.168726
0.23771899999999999
0.279501
0.278613
0.234577
0.161116
0.07342
0.007255
0.0
0.0
0.0
0.0
0.0
0.0
0.0
0.0
0.0
0.0
0.0
0.0
0.0
0.0
0.0
0.074817
0.19089099999999998
0.301469
0.372663
0.37438499999999997
0.308525
0.200958
0.083866
0.006235999999999999
0.0
0.0
0.0
0.0
0.0
0.0
0.0
0.0
0.0
0.0
0.0
0.0
0.0
0.0
0.0
0.079375
0.20468
0.32560300000000003
0.402444
0.407084
0.336952
0.217835
0.09005800000000001
0.007508
0.0
0.0
0.0
0.0
0.0
0.0
0.0
0.0
0.0
0.0
0.0
0.0
0.0
0.0
0.0
0.07558100000000001
0.169893
0.268648
0.326964
0.32826799999999995
0.27369099999999996
0.173915
0.077208
0.005228
0.0
0.0
0.0
0.0
0.0
0.0
0.0
0.0
0.0
0.0
0.0
0.0
0.0
0.0
0.0
0.020977
0.044274
0.060154000000000006
0.069773
0.06824200000000001
0.057715
0.040028
0.018566
0.0
0.0
0.0
0.0
0.0
0.0
0.0
0.0
0.0
0.0
0.0
0.0
0.0
0.0
0.0
0.0
0.08208499999999999
0.159682
0.228589
0.271138
0.27178800000000003
0.22828700000000002
0.154279
0.06800400000000001
0.005048
0.0
0.0
0.0
0.0
0.0
0.0
0.0
0.0
0.0
0.0
0.0
0.0
0.0
0.0
0.0
0.059917000000000005
0.102243
0.138576
0.165226
0.163579
0.132813
0.092207
0.044344999999999996
0.002407
0.0
0.0
0.0
0.0
0.0
0.0
0.0
0.0
0.0
0.0
0.0
0.0
0.0
0.0
0.0
0.06650199999999999
0.157212
0.25512799999999997
0.314309
0.317709
0.265686
0.167486
0.07302800000000001
0.003283
0.0
0.0
0.0
0.0
0.0
0.0
0.0
0.0
0.0
0.0
0.0
0.0
0.0
0.0
0.0
0.061343
0.15415299999999998
0.250813
0.314948
0.32252800000000004
0.26961799999999997
0.171273
0.07318899999999999
0.003375
0.0
0.0
0.0
0.0
0.0
0.0
0.0
0.0
0.0
0.0
0.0
0.0
0.0
0.0
0.0
0.065896
0.156787
0.23965999999999998
0.291711
0.294066
0.24523699999999998
0.163385
0.068632
0.0041340000000000005
0.0
0.0
0.0
0.0
0.0
0.0
0.0
0.0
0.0
0.0
0.0
0.0
0.0
0.0
0.0
0.07012399999999999
0.119276
0.172034
0.197957
0.196967
0.166852
0.110881
0.053418
0.003035
0.0
0.0
0.0
0.0
0.0
0.0
0.0
0.0
0.0
0.0
0.0
0.0
0.0
0.0
0.0
0.040021999999999995
0.077429
0.10445499999999999
0.120408
0.119348
0.101111
0.071848
0.032798
0.00039400000000000004
0.0
0.0
0.0
0.0
0.0
0.0
0.0
0.0
0.0
0.0
0.0
0.0
0.0
0.0
0.0
0.074283
0.137018
0.190131
0.220744
0.219798
0.187455
0.129319
0.058851
0.003914
0.0
0.0
0.0
0.0
0.0
0.0
0.0
0.0
0.0
0.0
0.0
0.0
0.0
0.0
0.0
0.070827
0.148744
0.220164
0.266097
0.276911
0.227222
0.15348699999999998
0.066183
0.003604
0.0
0.0
0.0
0.0
0.0
0.0
0.0
0.0
0.0
0.0
0.0
0.0
0.0
0.0
0.0
0.067345
0.147052
0.22143700000000002
0.27422399999999997
0.27161599999999997
0.230325
0.15197999999999998
0.069369
0.003751
0.0
0.0
0.0
0.0
0.0
0.0
0.0
0.0
0.0
0.0
0.0
0.0
0.0
0.0
0.0
0.071851
0.13233799999999998
0.183277
0.212731
0.210175
0.178762
0.125009
0.057768
0.003658
0.0
0.0
0.0
0.0
0.0
0.0
0.0
0.0
0.0
0.0
0.0
0.0
0.0
0.0
0.0
0.062725
0.141724
0.21612299999999998
0.27422199999999997
0.280468
0.237186
0.153628
0.069399
0.003069
0.0
0.0
0.0
0.0
0.0
0.0
0.0
0.0
0.0
0.0
0.0
0.0
0.0
0.0
0.0
0.07066700000000001
0.13296
0.18387399999999998
0.215525
0.21575
0.182998
0.126767
0.057264
0.003653
0.0
0.0
0.0
0.0
0.0
0.0
0.0
0.0
0.0
0.0
0.0
0.0
0.0
0.0
0.0
0.039898
0.079205
0.10941500000000001
0.125943
0.12524
0.107421
0.075283
0.034925
0.00040300000000000004
0.0
0.0
0.0
0.0
0.0
0.0
0.0
0.0
0.0
0.0
0.0
0.0
0.0
0.0
0.0
0.063805
0.11125700000000001
0.162553
0.189516
0.189077
0.16146000000000002
0.107369
0.052002
0.0029500000000000004
0.0
0.0
0.0
0.0
0.0
0.0
0.0
0.0
0.0
0.0
0.0
0.0
0.0
0.0
0.0
0.056325
0.137297
0.22225399999999998
0.275353
0.28166199999999997
0.239624
0.161189
0.069211
0.0032879999999999997
0.0
0.0
0.0
0.0
0.0
0.0
0.0
0.0
0.0
0.0
0.0
0.0
0.0
0.0
0.0
0.056739
0.135852
0.21049299999999999
0.26797899999999997
0.274611
0.232867
0.151598
0.068789
0.003078
0.0
0.0
0.0
0.0
0.0
0.0
0.0
0.0
0.0
0.0
0.0
0.0
0.0
0.0
0.0
0.064759
0.133761
0.205369
0.246005
0.24524
0.20918199999999998
0.144964
0.064744
0.003839
0.0
0.0
0.0
0.0
0.0
0.0
0.0
0.0
0.0
0.0
0.0
0.0
0.0
0.0
0.0
0.06279
0.127465
0.178474
0.210667
0.21284999999999998
0.183425
0.12836
0.058676
0.003892
0.0
0.0
0.0
0.0
0.0
0.0
0.0
0.0
0.0
0.0
0.0
0.0
0.0
0.0
0.0
0.062161
0.133163
0.206176
0.249929
0.254851
0.217128
0.14958600000000002
0.06616
0.004127
0.0
0.0
0.0
0.0
0.0
0.0
0.0
0.0
0.0
0.0
0.0
0.0
0.0
0.0
0.0
0.033649
0.07558100000000001
0.10562099999999999
0.124116
0.123644
0.107143
0.075202
0.034963
0.0010760000000000001
0.0
0.0
0.0
0.0
0.0
0.0
0.0
0.0
0.0
0.0
0.0
0.0
0.0
0.0
0.0
0.057453000000000004
0.121696
0.171215
0.20163499999999998
0.204225
0.175494
0.12261
0.057531
0.003791
0.0
0.0
0.0
0.0
0.0
0.0
0.0
0.0
0.0
0.0
0.0
0.0
0.0
0.0
0.0
0.05192
0.13542500000000002
0.209171
0.25790199999999996
0.273052
0.22641
0.154892
0.07234900000000001
0.004666
0.0
0.0
0.0
0.0
0.0
0.0
0.0
0.0
0.0
0.0
0.0
0.0
0.0
0.0
0.0
0.055043
0.130756
0.20357
0.24628299999999997
0.251523
0.215345
0.15012
0.066885
0.004974999999999999
0.0
0.0
0.0
0.0
0.0
0.0
0.0
0.0
0.0
0.0
0.0
0.0
0.0
0.0
0.0
0.051728
0.122036
0.171652
0.20356
0.206017
0.177833
0.12519
0.05924
0.004575
0.0
0.0
0.0
0.0
0.0
0.0
0.0
0.0
0.0
0.0
0.0
0.0
0.0
0.0
0.0
0.041054
0.129506
0.215302
0.270368
0.279472
0.23968
0.157888
0.072408
0.004442
0.0
0.0
0.0
0.0
0.0
0.0
0.0
0.0
0.0
0.0
0.0
0.0
0.0
0.0
0.0
0.047889
0.12626099999999998
0.179571
0.214617
0.218414
0.189045
0.133166
0.06609699999999999
0.005498
0.0
0.0
0.0
0.0
0.0
0.0
0.0
0.0
0.0
0.0
0.0
0.0
0.0
0.0
0.0
0.040284999999999994
0.099733
0.147415
0.174511
0.17847200000000002
0.154506
0.104774
0.05237
0.003982
0.0
0.0
0.0
0.0
0.0
0.0
0.0
0.0
0.0
0.0
0.0
0.0
0.0
0.0
0.0
0.045564999999999994
0.130518
0.19076300000000002
0.23902400000000001
0.24640199999999998
0.213089
0.14379599999999998
0.070795
0.006021
0.0
0.0
0.0
0.0
0.0
0.0
0.0
0.0
0.0
0.0
0.0
0.0
0.0
0.0
0.0
0.029675999999999998
0.087066
0.123712
0.152804
0.15454400000000001
0.128168
0.09119
0.045256
0.003368
0.0
0.0
0.0
0.0
0.0
0.0
0.0
0.0
0.0
0.0
0.0
0.0
0.0
0.0
0.0
0.011057
0.043683
0.06511199999999999
0.077773
0.080141
0.069152
0.049042999999999996
0.023714
0.000607
0.0
0.0
0.0
0.0
0.0
0.0
0.0
0.0
0.0
0.0
0.0
0.0
0.0
0.0
0.0
0.040621000000000004
0.126036
0.200903
0.24840700000000002
0.258652
0.22479400000000002
0.158691
0.073994
0.007098
0.0
0.0
0.0
0.0
0.0
0.0
0.0
0.0
0.0
0.0
0.0
0.0
0.0
0.0
0.0
0.033180999999999995
0.09328700000000001
0.132128
0.16472
0.168089
0.146676
0.100898
0.052312
0.004662
0.0
0.0
0.0
0.0
0.0
0.0
0.0
0.0
0.0
0.0
0.0
0.0
0.0
0.0
0.0
0.041305
0.125562
0.184918
0.233828
0.240877
0.210348
0.144132
0.07244
0.008230000000000001
0.0
0.0
0.0
0.0
0.0
0.0
0.0
0.0
0.0
0.0
0.0
0.0
0.0
0.0
0.0
0.01797
0.06321500000000001
0.09124299999999999
0.10895999999999999
0.110872
0.096525
0.07016
0.034454
0.0025310000000000003
0.0
0.0
0.0
0.0
0.0
0.0
0.0
0.0
0.0
0.0
0.0
0.0
0.0
0.0
0.0
0.022695
0.075784
0.107844
0.127546
0.129934
0.113792
0.082278
0.041655000000000005
0.0040620000000000005
0.0
0.0
0.0
0.0
0.0
0.0
0.0
0.0
0.0
0.0
0.0
0.0
0.0
0.0
0.0
0.033374
0.094515
0.134858
0.168265
0.17279
0.151372
0.10554999999999999
0.055598999999999996
0.006956
0.0
0.0
0.0
0.0
0.0
0.0
0.0
