0.0
0.0
0.0
0.0
0.0
0.0
0.0
0.0
0.0
0.0
0.0
0.02196
0.057195
0.17166900000000002
0.11241899999999999
0.09011
0.04961
0.030311
0.005851
0.0
0.0
0.0
0.0
0.0
0.0
0.0
0.0
0.0
0.0
0.0
0.0
0.0
0.0
0.0
0.0
0.0058460000000000005
0.02026
0.050598
0.100055
0.120427
0.082441
0.052362
0.021834
0.0
0.0
0.0
0.0
0.0
0.0
0.0
0.0
0.0
0.0
0.0
0.0
0.0
0.0
0.0
0.0
0.025981
0.065399
0.148738
0.250541
0.305754
0.223767
0.127498
0.045981
0.0
0.0
0.0
0.0
0.0
0.0
0.0
0.0
0.0
0.0
0.0
0.0
0.0
0.0
0.0
0.0
0.020875
0.29728899999999997
0.390591
0.435911
0.430086
0.380019
0.220351
0.005109
0.0
0.0
0.0
0.0
0.0
0.0
0.0
0.0
0.0
0.0
0.0
0.0
0.0
0.0
0.0
0.0
0.113668
0.31085199999999996
0.395971
0.43794099999999997
0.43695100000000003
0.366376
0.229889
0.004936
0.0
0.0
0.0
0.0
0.0
0.0
0.0
0.0
0.0
0.0
0.0
0.0
0.0
0.0
0.0
0.0
0.096293
0.348796
0.431387
0.495913
0.34119900000000003
0.362126
0.22969900000000001
0.004928
0.0
0.0
0.0
0.0
0.0
0.0
0.0
0.0
0.0
0.0
0.0
0.0
0.0
0.0
0.0
0.0
0.085305
0.296389
0.428596
0.454259
0.448668
0.374317
0.22882
0.003312
0.0
0.0
0.0
0.0
0.0
0.0
0.0
0.0
0.0
0.0
0.0
0.0
0.0
0.0
0.0
0.0
0.07777500000000001
0.283482
0.43355200000000005
0.46036900000000003
0.45323
0.382485
0.24543
0.007117
0.0
0.0
0.0
0.0
0.0
0.0
0.0
0.0
0.0
0.0
0.0
0.0
0.0
0.0
0.0
0.0
0.081386
0.270188
0.436927
0.482967
0.44067700000000004
0.38826499999999997
0.242611
0.006299000000000001
0.0
0.0
0.0
0.0
0.0
0.0
0.0
0.0
0.0
0.0
0.0
0.0
0.0
0.0
0.0
0.0
0.08728
0.292205
0.425722
0.45220800000000005
0.43722300000000003
0.37094099999999997
0.229868
0.000213
0.0
0.0
0.0
0.0
0.0
0.0
0.0
0.0
0.0
0.0
0.0
0.0
0.0
0.0
0.0
0.0
0.092438
0.306379
0.421144
0.452501
0.434863
0.374401
0.237111
0.0025
0.0
0.0
0.0
0.0
0.0
0.0
0.0
0.0
0.0
0.0
0.0
0.0
0.0
0.0
0.0
0.0
0.085897
0.296269
0.421009
0.45976799999999995
0.449858
0.383836
0.24565199999999998
0.0018089999999999998
0.0
0.0
0.0
0.0
0.0
0.0
0.0
0.0
0.0
0.0
0.0
0.0
0.0
0.0
0.0
0.0
0.085973
0.285402
0.440726
0.474706
0.467291
0.397203
0.262832
0.027066
0.0
0.0
0.0
0.0
0.0
0.0
0.0
0.0
0.0
0.0
0.0
0.0
0.0
0.0
0.0
0.0
0.108903
0.19769399999999998
0.323839
0.40188
0.48250299999999996
0.166375
0.108565
0.023981000000000002
0.0
0.0
0.0
0.0
0.0
0.0
0.0
0.0
0.0
0.0
0.0
0.0
0.0
0.0
0.0
0.0
0.025074000000000003
0.096035
0.146415
0.190758
0.26234500000000005
0.310769
0.281426
0.013651
0.0
0.0
0.0
0.0
0.0
0.0
0.0
0.0
0.0
0.0
0.0
0.0
0.0
0.0
0.0
0.0
0.106446
0.327952
0.427036
0.485767
0.484699
0.419769
0.292009
0.015505000000000001
0.0
0.0
0.0
0.0
0.0
0.0
0.0
0.0
0.0
0.0
0.0
0.0
0.0
0.0
0.0
0.0
0.059966
0.153831
0.23807599999999998
0.402068
0.47213900000000003
0.421142
0.298827
0.031325
0.0
0.0
0.0
0.0
0.0
0.0
0.0
0.0
0.0
0.0
0.0
0.0
0.0
0.0
0.0
0.0
0.126291
0.341594
0.43096300000000004
0.458498
0.461638
0.403433
0.272301
0.001206
0.0
0.0
0.0
0.0
0.0
0.0
0.0
0.0
0.0
0.0
0.0
0.0
0.0
0.0
0.0
0.0
0.044462
0.15307099999999998
0.298573
0.360757
0.47836399999999996
0.215293
0.20638
0.013468
0.0
0.0
0.0
0.0
0.0
0.0
0.0
0.0
0.0
0.0
0.0
0.0
0.0
0.0
0.0
0.0
0.06229
0.1231
0.28958999999999996
0.37430399999999997
0.434123
0.44084300000000004
0.309307
0.197432
0.0
0.0
0.0
0.0
0.0
0.0
0.0
0.0
0.0
0.0
0.0
0.0
0.0
0.0
0.0
0.0
0.09693500000000001
0.129355
0.44129700000000005
0.543529
0.415448
0.42841199999999996
0.35258300000000004
0.168467
0.0
0.0
0.0
0.0
0.0
0.0
0.0
0.0
0.0
0.0
0.0
0.0
0.0
0.0
0.0
0.0
0.00867
0.11884
0.13675
0.16477799999999998
0.13028499999999998
0.08591599999999999
0.074835
0.036872999999999996
0.0
0.0
0.0
0.0
0.0
0.0
0.0
0.0
0.0
0.0
0.0
0.0
0.0
0.0
0.0
0.0
0.035706
0.12218899999999999
0.252494
0.28461200000000003
0.289528
0.350479
0.232201
0.097995
0.0
0.0
0.0
0.0
0.0
0.0
0.0
0.0
0.0
0.0
0.0
0.0
0.0
0.0
0.0
0.0
0.044917
0.175383
0.446485
0.422182
0.5107389999999999
0.230659
0.34525799999999995
0.10318600000000001
0.0
0.0
0.0
0.0
0.0
0.0
0.0
0.0
0.0
0.0
0.0
0.0
0.0
0.0
0.0
0.0
0.119749
0.105762
0.18796100000000002
0.442912
0.386924
0.442638
0.318627
0.084815
0.0
0.0
0.0
0.0
0.0
0.0
0.0
0.0
0.0
0.0
0.0
0.0
0.0
0.0
0.0
0.0
0.064354
0.155512
0.23192400000000002
0.288506
0.307099
0.309103
0.26227
0.15775899999999998
0.002714
0.0
0.0
0.0
0.0
0.0
0.0
0.0
0.0
0.0
0.0
0.0
0.0
0.0
0.0
0.000633
0.155364
0.363219
0.448609
0.498104
0.495245
0.43729399999999996
0.31779199999999996
0.10264799999999999
0.0
0.0
0.0
0.0
0.0
0.0
0.0
0.0
0.0
0.0
0.0
0.0
0.0
0.0
0.0
0.0
0.027102
0.06431300000000001
0.20244399999999999
0.328656
0.297872
0.299411
0.261555
0.14621
0.0055899999999999995
0.0
0.0
0.0
0.0
0.0
0.0
0.0
0.0
0.0
0.0
0.0
0.0
0.0
0.0
0.002426
0.19641399999999998
0.35456400000000005
0.43431200000000003
0.517408
0.505026
0.446358
0.325895
0.109837
0.0
0.0
0.0
0.0
0.0
0.0
0.0
0.0
0.0
0.0
0.0
0.0
0.0
0.0
0.0
0.0
0.054509
0.257601
0.489301
0.523792
0.470882
0.422106
0.31164800000000004
0.098018
0.0
0.0
0.0
0.0
0.0
0.0
0.0
0.0
0.0
0.0
0.0
0.0
0.0
0.0
0.0
0.004511
0.20333
0.38493099999999997
0.466421
0.475706
0.467935
0.426871
0.326091
0.11182299999999999
0.0
0.0
0.0
0.0
0.0
0.0
0.0
0.0
0.0
0.0
0.0
0.0
0.0
0.0
0.0
0.0
0.057744
0.296194
0.47308
0.5326259999999999
0.349132
0.510289
0.391511
0.169682
0.0
0.0
0.0
0.0
0.0
0.0
0.0
0.0
0.0
0.0
0.0
0.0
0.0
0.0
0.0
0.000114
0.095114
0.16462200000000002
0.227586
0.27569
0.313204
0.267206
0.225903
0.10096899999999999
0.0
0.0
0.0
0.0
0.0
0.0
0.0
0.0
0.0
0.0
0.0
0.0
0.0
0.0
0.0
0.000596
0.128019
0.311519
0.481012
0.521335
0.535736
0.485342
0.341553
0.147221
0.0
0.0
0.0
0.0
0.0
0.0
0.0
0.0
0.0
0.0
0.0
0.0
0.0
0.0
0.0
0.0
0.042912
0.13640799999999997
0.241607
0.382258
0.411211
0.460723
0.39408800000000005
0.20299199999999998
0.01623
0.0
0.0
0.0
0.0
0.0
0.0
0.0
0.0
0.0
0.0
0.0
0.0
0.0
0.0
0.007266
0.18709299999999998
0.384501
0.48589699999999997
0.5124690000000001
0.507963
0.452618
0.344253
0.14597200000000002
0.0
0.0
0.0
0.0
0.0
0.0
0.0
0.0
0.0
0.0
0.0
0.0
0.0
0.0
0.0
0.0039369999999999995
0.15321600000000002
0.37141
0.48524
0.519553
0.550249
0.505927
0.38718
0.18810400000000002
0.0
0.0
0.0
0.0
0.0
0.0
0.0
0.0
0.0
0.0
0.0
0.0
0.0
0.0
0.0
0.003165
0.089259
0.203736
0.324721
0.39315300000000003
0.473493
0.366602
0.330673
0.20033600000000001
0.0
0.0
0.0
0.0
0.0
0.0
0.0
0.0
0.0
0.0
0.0
0.0
0.0
0.0
0.0
0.005897
0.147758
0.36008100000000004
0.492964
0.534343
0.562374
0.49451999999999996
0.405991
0.194939
0.047566000000000004
0.0
0.0
0.0
0.0
0.0
0.0
0.0
0.0
0.0
0.0
0.0
0.0
0.0
0.0
0.0070149999999999995
0.144354
0.335668
0.501018
0.52976
0.508117
0.469886
0.35718700000000003
0.23555199999999998
0.031403
0.0
0.0
0.0
0.0
0.0
0.0
0.0
0.0
0.0
0.0
0.0
0.0
0.0
0.0
0.002097
0.060937
0.102706
0.195196
0.196035
0.189169
0.22763
0.23171899999999998
0.190871
0.045703
0.0
0.0
0.0
0.0
0.0
0.0
0.0
0.0
0.0
0.0
0.0
0.0
0.0
0.0
0.014421
0.189791
0.41212400000000005
0.49943200000000004
0.542543
0.538867
0.478068
0.39639800000000003
0.26163200000000003
0.013276
0.0
0.0
0.0
0.0
0.0
0.0
0.0
0.0
0.0
0.0
0.0
0.0
0.0
0.0
0.016655
0.206253
0.34269900000000003
0.451007
0.48706900000000003
0.488978
0.51122
0.388886
0.24197
0.038484000000000004
0.0
0.0
0.0
0.0
0.0
0.0
0.0
0.0
0.0
0.0
0.0
0.0
0.0
0.0
0.016309999999999998
0.176088
0.37998899999999997
0.509029
0.548918
0.542663
0.48937400000000003
0.381109
0.203784
0.008403
0.0
0.0
0.0
0.0
0.0
0.0
0.0
0.0
0.0
0.0
0.0
0.0
0.0
0.0
0.02142
0.232012
0.417131
0.508066
0.562465
0.536125
0.48613
0.38475
0.217855
0.0
0.0
0.0
0.0
0.0
0.0
0.0
0.0
0.0
0.0
0.0
0.0
0.0
0.0
0.0
0.012545
0.16727699999999998
0.364772
0.40614999999999996
0.430984
0.460062
0.527833
0.311185
0.126488
0.033381999999999995
0.0
0.0
0.0
0.0
0.0
0.0
0.0
0.0
0.0
0.0
0.0
0.0
0.0
0.0
0.0056760000000000005
0.03572
0.109636
0.17714
0.20948
0.247699
0.29203300000000004
0.274989
0.124156
0.034225
0.0
0.0
0.0
0.0
0.0
0.0
0.0
0.0
0.0
0.0
0.0
0.0
0.0
0.0
0.006645
0.16195099999999998
0.425271
0.515186
0.553843
0.546952
0.48886900000000005
0.39650599999999997
0.221272
0.0
0.0
0.0
0.0
0.0
0.0
0.0
0.0
0.0
0.0
0.0
0.0
0.0
0.0
0.0
0.029352
0.197953
0.375923
0.569006
0.59835
0.597134
0.5129790000000001
0.399135
0.22644499999999998
0.00028000000000000003
0.0
0.0
0.0
0.0
0.0
0.0
0.0
0.0
0.0
0.0
0.0
0.0
0.0
0.0
0.046759999999999996
0.25969
0.420559
0.5113070000000001
0.565428
0.558918
0.567078
0.262774
0.293798
0.007136
0.0
0.0
0.0
0.0
0.0
0.0
0.0
0.0
0.0
0.0
0.0
0.0
0.0
0.0
0.021507000000000002
0.15129599999999999
0.28937
0.357759
0.333546
0.343962
0.360224
0.289815
0.171984
0.088328
0.0
0.0
0.0
0.0
0.0
0.0
0.0
0.0
0.0
0.0
0.0
0.0
0.0
0.0
0.031685
0.19022999999999998
0.297769
0.276755
0.34354700000000005
0.38567399999999996
0.364807
0.355292
0.279121
0.096099
0.0
0.0
0.0
0.0
0.0
0.0
0.0
0.0
0.0
0.0
0.0
0.0
0.0
0.0
0.063272
0.287119
0.447515
0.541673
0.595172
0.599866
0.558296
0.45502699999999996
0.287962
0.011748
0.0
0.0
0.0
0.0
0.0
0.0
0.0
0.0
0.0
0.0
0.0
0.0
0.0
0.0
0.05994
0.26621100000000003
0.461049
0.5357670000000001
0.563199
0.554264
0.512385
0.417105
0.251371
0.0
0.0
0.0
0.0
0.0
0.0
0.0
0.0
0.0
0.0
0.0
0.0
0.0
0.0
0.0
0.047829
0.226326
0.436793
0.536134
0.567182
0.553429
0.499939
0.395601
0.24769
0.000989
0.0
0.0
0.0
0.0
0.0
0.0
0.0
0.0
0.0
0.0
0.0
0.0
0.0
0.0
0.055249
0.23583099999999999
0.451432
0.532919
0.5580689999999999
0.558057
0.505887
0.413788
0.25946600000000003
0.003257
0.0
0.0
0.0
0.0
0.0
0.0
0.0
0.0
0.0
0.0
0.0
0.0
0.0
0.0
0.062189
0.253992
0.46281599999999995
0.53195
0.561666
0.5552549999999999
0.5030640000000001
0.408669
0.258209
0.000249
0.0
0.0
0.0
0.0
0.0
0.0
0.0
0.0
0.0
0.0
0.0
0.0
0.0
0.0
0.064758
0.253258
0.459246
0.537711
0.5756570000000001
0.570703
0.527147
0.43545
0.309591
0.11874599999999999
0.0
0.0
0.0
0.0
0.0
0.0
0.0
0.0
0.0
0.0
0.0
0.0
0.0
0.0
0.026445
0.118514
0.13082
0.200181
0.342188
0.31621499999999997
0.324495
0.398075
0.286373
0.007963
0.0
0.0
0.0
0.0
0.0
0.0
0.0
0.0
0.0
0.0
0.0
0.0
0.0
0.0
0.015024
0.208104
0.427584
0.564275
0.591287
0.5926
0.52984
0.43199200000000004
0.280824
0.053437
0.0
0.0
0.0
0.0
0.0
0.0
0.0
0.0
0.0
0.0
0.0
0.0
0.0
0.0
0.067872
0.236857
0.431745
0.5643440000000001
0.601063
0.6526430000000001
0.5887169999999999
0.431222
0.293771
0.07455200000000001
0.0
0.0
0.0
0.0
0.0
0.0
0.0
0.0
0.0
0.0
0.0
0.0
0.0
0.0
0.102095
0.31675099999999995
0.44777100000000003
0.5293300000000001
0.589423
0.602536
0.5448419999999999
0.44813099999999995
0.300233
0.06973
0.0
0.0
0.0
0.0
0.0
0.0
0.0
0.0
0.0
0.0
0.0
0.0
0.0
0.0
0.07132
0.248242
0.419467
0.572129
0.6034360000000001
0.6032150000000001
0.544669
0.452738
0.301847
0.069618
0.0
0.0
0.0
0.0
0.0
0.0
0.0
0.0
0.0
0.0
0.0
0.0
0.0
0.0
0.077136
0.25640199999999996
0.324446
0.434378
0.472777
0.41526
0.305163
0.426978
0.30100099999999996
0.168127
0.000193
0.0
0.0
0.0
0.0
0.0
0.0
0.0
0.0
0.0
0.0
0.0
0.0
0.0
0.13059
0.24391900000000002
0.477736
0.6030570000000001
0.5164059999999999
0.546298
0.6140979999999999
0.469696
0.313327
0.073427
0.0
0.0
0.0
0.0
0.0
0.0
0.0
0.0
0.0
0.0
0.0
0.0
0.0
0.0
0.074786
0.281556
0.472339
0.579018
0.612778
0.612484
0.5594049999999999
0.461984
0.309348
0.075085
0.0
0.0
0.0
0.0
0.0
0.0
0.0
0.0
0.0
0.0
0.0
0.0
0.0
0.000554
0.060578
0.238554
0.46348500000000004
0.56786
0.6033310000000001
0.608666
0.5562480000000001
0.462539
0.31222300000000003
0.08283199999999999
0.0
0.0
0.0
0.0
0.0
0.0
0.0
0.0
0.0
0.0
0.0
0.0
0.0
0.0
0.033250999999999996
0.242617
0.483678
0.582545
0.6290220000000001
0.61815
0.5614049999999999
0.474303
0.347755
0.117576
0.016551
0.0
0.0
0.0
0.0
0.0
0.0
0.0
0.0
0.0
0.0
0.0
0.0
0.002317
0.095582
0.287797
0.46165300000000004
0.584843
0.622235
0.6155309999999999
0.566187
0.468215
0.320682
0.092075
0.0
0.0
0.0
0.0
0.0
0.0
0.0
0.0
0.0
0.0
0.0
0.0
0.0
0.0024449999999999997
0.105644
0.28980700000000004
0.45832
0.598113
0.667103
0.6708630000000001
0.622869
0.520025
0.295706
0.187615
0.0
0.0
0.0
0.0
0.0
0.0
0.0
0.0
0.0
0.0
0.0
0.0
0.0
0.000499
0.099688
0.317459
0.388409
0.643342
0.536821
0.692655
0.632324
0.503852
0.304047
0.078712
0.006521
0.0
0.0
0.0
0.0
0.0
0.0
0.0
0.0
0.0
0.0
0.0
0.0
0.0006580000000000001
0.057933
0.15340700000000002
0.27708499999999997
0.367019
0.465555
0.426213
0.34270100000000003
0.275702
0.208456
0.124784
0.026456
0.0
0.0
0.0
0.0
0.0
0.0
0.0
0.0
0.0
0.0
0.0
0.0
0.009519999999999999
0.120667
0.372168
0.478059
0.600229
0.70608
0.6959930000000001
0.5956509999999999
0.536177
0.34876100000000004
0.120192
0.0
0.0
0.0
0.0
0.0
0.0
0.0
0.0
0.0
0.0
0.0
0.0
0.0
0.009928000000000001
0.15775399999999998
0.35468
0.5211849999999999
0.6000359999999999
0.637223
0.627579
0.576502
0.48149200000000003
0.33793
0.120855
0.0
0.0
0.0
0.0
0.0
0.0
0.0
0.0
0.0
0.0
0.0
0.0
0.0
0.011042999999999999
0.135378
0.339764
0.523437
0.598485
0.6424489999999999
0.6323920000000001
0.580347
0.482547
0.34118200000000004
0.126081
0.0
0.0
0.0
0.0
0.0
0.0
0.0
0.0
0.0
0.0
0.0
0.0
0.0
0.011719
0.13888999999999999
0.33872800000000003
0.510983
0.605063
0.6376459999999999
0.6314339999999999
0.576108
0.48385500000000004
0.337364
0.124006
0.0
0.0
0.0
0.0
0.0
0.0
0.0
0.0
0.0
0.0
0.0
0.0
0.0
0.013215999999999999
0.134124
0.334688
0.500008
0.584814
0.627088
0.61597
0.5599109999999999
0.475302
0.33669499999999997
0.132089
0.00121
0.0
0.0
0.0
0.0
0.0
0.0
0.0
0.0
0.0
0.0
0.0
0.0
0.016652999999999998
0.121634
0.310614
0.467796
0.581345
0.621388
0.610899
0.512336
0.45163400000000004
0.374366
0.148598
0.013106
0.0
0.0
0.0
0.0
0.0
0.0
0.0
0.0
0.0
0.0
0.0
0.0
0.010927
0.121147
0.22568000000000002
0.192342
0.250887
0.37858800000000004
0.180944
0.24624000000000001
0.18303999999999998
0.090582
0.031933
0.013609999999999999
0.0
0.0
0.0
0.0
0.0
0.0
0.0
0.0
0.0
0.0
0.0
0.0
0.006615
0.06513
0.065978
0.051427
0.098423
0.129018
0.035893999999999995
0.042375
0.095462
0.08224899999999999
0.084563
0.003675
0.0
0.0
0.0
0.0
0.0
0.0
0.0
0.0
0.0
0.0
0.0
0.0
0.00114
0.019944
0.050579
0.101438
0.09513500000000001
0.092417
0.12460399999999999
0.207078
0.121544
0.09656699999999999
0.041142000000000005
0.008045
0.0
0.0
0.0
0.0
0.0
0.0
0.0
0.0
0.0
0.0
0.0
0.0
0.024578
0.149906
0.34344600000000003
0.5248529999999999
0.604011
0.638985
0.6345
0.579947
0.489154
0.352803
0.15158000000000002
0.001303
0.0
0.0
0.0
0.0
0.0
0.0
0.0
0.0
0.0
0.0
0.0
0.0
0.027287
0.162418
0.363331
0.5352680000000001
0.613673
0.651638
0.642
0.585784
0.542245
0.295643
0.19581800000000002
0.014106
0.0
0.0
0.0
0.0
0.0
0.0
0.0
0.0
0.0
0.0
0.0
0.0
0.017920000000000002
0.122979
0.26766199999999996
0.365465
0.487144
0.498216
0.504638
0.526793
0.293491
0.137495
0.079277
0.023604
0.0
0.0
0.0
0.0
0.0
0.0
0.0
0.0
0.0
0.0
0.0
0.0
0.0014010000000000001
0.019413
0.038924
0.068662
0.09966599999999999
0.06619
0.058944
0.046585
0.057858
0.101555
0.06857899999999999
0.018437000000000002
0.0
0.0
0.0
0.0
0.0
0.0
0.0
0.0
0.0
0.0
0.0
0.0
0.032794
0.164115
0.352766
0.521196
0.595394
0.6338769999999999
0.630463
0.577456
0.47845800000000005
0.356949
0.167066
0.007579
0.0
0.0
0.0
0.0
0.0
0.0
0.0
0.0
0.0
0.0
0.0
0.0
0.034307000000000004
0.173871
0.355822
0.503046
0.586127
0.6318769999999999
0.625641
0.576495
0.48725599999999997
0.36253500000000005
0.188797
0.024299
0.0
0.0
0.0
0.0
0.0
0.0
0.0
0.0
0.0
0.0
0.0
0.0
0.0
0.003977
0.023159
0.08015699999999999
0.075321
0.133637
0.225183
0.197146
0.095614
0.08533299999999999
0.065829
0.018631
0.0
0.0
0.0
0.0
0.0
0.0
0.0
0.0
0.0
0.0
0.0
0.0
0.022512
0.111251
0.28057
0.42262099999999997
0.543213
0.414962
0.425483
0.575652
0.404995
0.436132
0.149788
0.035338999999999995
0.0
0.0
0.0
0.0
0.0
0.0
0.0
0.0
0.0
0.0
0.0
0.0
0.020288
0.068851
0.09983199999999999
0.207149
0.511429
0.5719529999999999
0.32717599999999997
0.376621
0.377928
0.113452
0.050931
0.024498000000000002
0.0
0.0
0.0
0.0
0.0
0.0
0.0
0.0
0.0
0.0
0.0
0.0
0.031881
0.062100999999999996
0.059901
0.052464
0.07637000000000001
0.120214
0.24394
0.453807
0.483843
0.405866
0.21160900000000002
0.009807
0.0
0.0
0.0
0.0
0.0
0.0
0.0
0.0
0.0
0.0
0.0
0.0
0.019728000000000002
0.063546
0.122765
0.21127500000000002
0.270335
0.352627
0.521158
0.404069
0.332884
0.287982
0.081407
0.019245
0.0
0.0
0.0
0.0
0.0
0.0
0.0
0.0
0.0
0.0
0.0
0.0
0.047928
0.19603700000000002
0.396023
0.522795
0.594037
0.6957899999999999
0.32390199999999997
0.165655
0.131378
0.15883699999999998
0.062182
0.039302
0.0
0.0
0.0
0.0
0.0
0.0
0.0
0.0
0.0
0.0
0.0
0.0
0.04960199999999999
0.17824600000000002
0.391138
0.5214679999999999
0.627887
0.6508579999999999
0.6761889999999999
0.631334
0.493734
0.38482900000000003
0.212285
0.031595
0.0
0.0
0.0
0.0
0.0
0.0
0.0
0.0
0.0
0.0
0.0
0.0
0.048951
0.198852
0.40191699999999997
0.566443
0.617987
0.665851
0.635887
0.5966549999999999
0.5147
0.384487
0.199412
0.018306999999999997
0.0
0.0
0.0
0.0
0.0
0.0
0.0
0.0
0.0
0.0
0.0
0.0
0.054613
0.19488
0.388981
0.564429
0.6360119999999999
0.65266
0.669492
0.574646
0.564455
0.434796
0.227146
0.020643
0.0
0.0
0.0
0.0
0.0
0.0
0.0
0.0
0.0
0.0
0.0
0.0
0.054481
0.197926
0.38723399999999997
0.552246
0.627983
0.6588719999999999
0.635891
0.622017
0.568072
0.394998
0.21787700000000002
0.027461
0.0
0.0
0.0
0.0
0.0
0.0
0.0
0.0
0.0
0.0
0.0
0.0
0.076059
0.224922
0.355633
0.509266
0.601778
0.670633
0.6481180000000001
0.59878
0.5159600000000001
0.394338
0.219346
0.021005
0.0
0.0
0.0
0.0
0.0
0.0
0.0
0.0
0.0
0.0
0.0
0.0
0.060908000000000004
0.112121
0.114726
0.261457
0.33399
0.388155
0.28417899999999996
0.24539
0.21118
0.12383799999999999
0.063382
0.020713000000000002
0.0
0.0
0.0
0.0
0.0
0.0
0.0
0.0
0.0
0.0
0.0
0.0
0.032829000000000004
0.125033
0.250099
0.277491
0.325355
0.5846549999999999
0.42299000000000003
0.534211
0.390232
0.412116
0.281851
0.02384
0.0
0.0
0.0
0.0
0.0
0.0
0.0
0.0
0.0
0.0
0.0
0.0
0.06632099999999999
0.22000399999999998
0.410555
0.570674
0.6320560000000001
0.651811
0.6626810000000001
0.6127480000000001
0.510342
0.396172
0.219942
0.015827
0.0
0.0
0.0
0.0
0.0
0.0
0.0
0.0
0.0
0.0
0.0
0.0
0.066619
0.23492
0.430172
0.565159
0.638732
0.666894
0.662172
0.612267
0.520949
0.39695400000000003
0.23462200000000002
0.116887
0.007808
0.0
0.0
0.0
0.0
0.0
0.0
0.0
0.0
0.0
0.0
0.0
0.056249
0.169903
0.21847999999999998
0.303819
0.398478
0.357017
0.204399
0.33413
0.5323089999999999
0.47144600000000003
0.10052
0.022131
0.001796
0.0
0.0
0.0
0.0
0.0
0.0
0.0
0.0
0.0
0.0
0.001935
0.08536
0.224278
0.287251
0.46230099999999996
0.5271699999999999
0.58928
0.596014
0.418315
0.193026
0.13774
0.041342
0.013917
0.000121
0.0
0.0
0.0
0.0
0.0
0.0
0.0
0.0
0.0
0.0
0.0
0.000182
0.022933
0.075039
0.089098
0.210594
0.34466
0.255957
0.386209
0.23097800000000002
0.18924700000000003
0.13522399999999998
0.060195
0.001688
0.0
0.0
0.0
0.0
0.0
0.0
0.0
0.0
0.0
0.0
7.6e-05
0.046877
0.148435
0.237904
0.126482
0.250591
0.177491
0.175118
0.198967
0.07965000000000001
0.047574
0.031016
0.00958
0.0
0.0
0.0
0.0
0.0
0.0
0.0
0.0
0.0
0.0
0.0
0.006006
0.114145
0.253677
0.260538
0.26163400000000003
0.485851
0.664188
0.721785
0.544304
0.5243239999999999
0.364838
0.23726499999999998
0.13480099999999998
0.014002
0.0
0.0
0.0
0.0
0.0
0.0
0.0
0.0
0.0
0.0
0.0026869999999999997
0.07163599999999999
0.15851300000000001
0.356046
0.5338970000000001
0.663651
0.686057
0.6648160000000001
0.669058
0.5765309999999999
0.470157
0.23518799999999998
0.09504
0.013151999999999999
0.0
0.0
0.0
0.0
0.0
0.0
0.0
0.0
0.0
0.0
0.001706
0.08831399999999999
0.152101
0.348808
0.5851459999999999
0.63612
0.6715270000000001
0.641557
0.6025710000000001
0.527867
0.403755
0.23766900000000002
0.049704
0.0024300000000000003
0.0
0.0
0.0
0.0
0.0
0.0
0.0
0.0
0.0
0.0
0.005268
0.07766200000000001
0.245758
0.421948
0.505568
0.5486040000000001
0.716043
0.6898909999999999
0.599194
0.511616
0.394128
0.254816
0.07058
0.004356
0.0
0.0
0.0
0.0
0.0
0.0
0.0
0.0
0.0
0.0
0.00196
0.020151
0.022382000000000003
0.034905
0.0879
0.107113
0.140079
0.12853399999999998
0.220786
0.20697200000000002
0.216752
0.091365
0.018614000000000002
0.0
0.0
0.0
0.0
0.0
0.0
0.0
0.0
0.0
0.0
0.0
0.006139
0.089176
0.272562
0.464227
0.5917380000000001
0.664518
0.691148
0.6777569999999999
0.625596
0.524409
0.406902
0.247233
0.055102
0.003322
0.0
0.0
0.0
0.0
0.0
0.0
0.0
0.0
0.0
0.0
0.009653
0.089083
0.261184
0.43804899999999997
0.5762670000000001
0.6430309999999999
0.653313
0.6654869999999999
0.61527
0.5645800000000001
0.361195
0.189977
0.038323
0.0
0.0
0.0
0.0
0.0
0.0
0.0
0.0
0.0
0.0
0.0
0.0
0.009908
0.053595
0.162632
0.341565
0.473246
0.51587
0.41346
0.30418900000000004
0.246006
0.173583
0.091655
0.016323
0.00481
0.0
0.0
0.0
0.0
0.0
0.0
0.0
0.0
0.0
0.0
0.00511
0.051162
0.140731
0.138863
0.339089
0.547833
0.668412
0.669498
0.614632
0.53524
0.416255
0.25547
0.070128
0.007202
0.0
0.0
0.0
0.0
0.0
0.0
0.0
0.0
0.0
0.0
0.013403
0.157614
0.212958
0.311024
0.5781130000000001
0.468143
0.445411
0.6346240000000001
0.27387700000000004
0.18340700000000001
0.14972300000000002
0.17328100000000002
0.092157
0.006627
0.0
0.0
0.0
0.0
0.0
0.0
0.0
0.0
0.0
0.0
0.0
0.003839
0.006201
0.025382000000000002
0.128631
0.449168
0.438402
0.728107
0.653849
0.566361
0.445021
0.339069
0.10399800000000001
0.009167999999999999
0.0
0.0
0.0
0.0
0.0
0.0
0.0
0.0
0.0
0.0
0.003707
0.07853
0.117415
0.13789400000000002
0.17208400000000001
0.25899099999999997
0.27738799999999997
0.214398
0.13220099999999999
0.190632
0.089794
0.122489
0.067991
0.031497
0.0
0.0
0.0
0.0
0.0
0.0
0.0
0.0
0.0
0.0
0.014753
0.101953
0.274687
0.452202
0.585781
0.645583
0.675292
0.6647799999999999
0.620503
0.549201
0.425207
0.26827100000000004
0.07967
0.01256
0.0
0.0
0.0
0.0
0.0
0.0
0.0
0.0
0.0
0.0
0.015445
0.103946
0.271692
0.45191899999999996
0.58604
0.653779
0.673665
0.6595890000000001
0.612178
0.51125
0.41433
0.25753899999999996
0.078207
0.01285
0.0
0.0
0.0
0.0
0.0
0.0
0.0
0.0
0.0
0.0
0.007952
0.056542999999999996
0.10817700000000001
0.151731
0.341426
0.584511
0.35859399999999997
0.7091559999999999
0.628069
0.547095
0.401046
0.26407600000000003
0.094621
0.010483000000000001
0.0
0.0
0.0
0.0
0.0
0.0
0.0
0.0
0.0
0.0
0.011657
0.080243
0.140754
0.387852
0.296033
0.695233
0.521582
0.20538700000000001
0.240041
0.30861900000000003
0.43249200000000004
0.33026799999999995
0.116482
0.026977
0.0
0.0
0.0
0.0
0.0
0.0
0.0
0.0
0.0
0.0
0.019932
0.098233
0.245033
0.37275200000000003
0.47967200000000004
0.67325
0.411207
0.255174
0.126115
0.270671
0.11476399999999999
0.058438000000000004
0.106782
0.033631
0.0
0.0
0.0
0.0
0.0
0.0
0.0
0.0
0.0
0.0
0.009529999999999999
0.051567
0.106129
0.16924899999999998
0.260561
0.337323
0.385987
0.399111
0.387348
0.30613799999999997
0.230511
0.15583699999999998
0.091988
0.023085
0.0
0.0
0.0
0.0
0.0
0.0
0.0
0.0
0.0
0.0
0.01995
0.08811
0.267642
0.417166
0.6025689999999999
0.68306
0.606211
0.59542
0.540361
0.439368
0.494607
0.33190800000000004
0.114068
0.014646000000000001
0.0
0.0
0.0
0.0
0.0
0.0
0.0
0.0
0.0
0.0
0.011715999999999999
0.09594799999999999
0.278397
0.458941
0.579897
0.6004299999999999
0.166847
0.608328
0.427918
0.387228
0.25955
0.26126699999999997
0.111168
0.023067
0.0
0.0
0.0
0.0
0.0
0.0
0.0
0.0
0.0
0.0
0.025387
0.1134
0.273978
0.448445
0.560198
0.627663
0.543661
0.638071
0.574693
0.527811
0.40756
0.247215
0.082608
0.008558
0.0
0.0
0.0
0.0
0.0
0.0
0.0
0.0
0.0
0.0
0.026024000000000002
0.115147
0.28087799999999996
0.43335399999999996
0.49914
0.5140370000000001
0.606582
0.615306
0.590153
0.581264
0.34584699999999996
0.25153
0.123874
0.037453
0.0
0.0
0.0
0.0
0.0
0.0
0.0
0.0
0.0
0.0
0.02416
0.094031
0.152988
0.26300599999999996
0.234612
0.299973
0.310002
0.444678
0.508209
0.47378699999999996
0.055764
0.009422
0.03594
0.011994
0.0
0.0
0.0
0.0
0.0
0.0
0.0
0.0
0.0
0.0
0.0
0.0015940000000000001
0.059067
0.269049
0.39785899999999996
0.464079
0.49179
0.43435
0.287419
0.12297
0.247178
0.23227099999999998
0.13794700000000001
0.053555
0.0
0.0
0.0
0.0
0.0
0.0
0.0
0.0
0.0
0.0
0.029549
0.12332599999999999
0.209784
0.38268599999999997
0.5550170000000001
0.644517
0.660224
0.6491180000000001
0.606029
0.5354840000000001
0.447442
0.293862
0.126004
0.02203
0.0
0.0
0.0
0.0
0.0
0.0
0.0
0.0
0.0
0.0
0.029213999999999997
0.11607899999999999
0.259427
0.435713
0.5750259999999999
0.632345
0.6440220000000001
0.625383
0.598916
0.5778139999999999
0.463921
0.31287400000000004
0.13627899999999998
0.023174
0.0
0.0
0.0
0.0
0.0
0.0
0.0
0.0
0.0
0.0
0.030499
0.115858
0.286265
0.45281
0.565273
0.628691
0.638562
0.618621
0.5871470000000001
0.5073690000000001
0.39869
0.26326799999999995
0.09107699999999999
0.014884
0.0
0.0
0.0
0.0
0.0
0.0
0.0
0.0
0.0
0.0
0.028927
0.119919
0.291773
0.464849
0.568928
0.6269170000000001
0.648706
0.627053
0.581493
0.502763
0.39995400000000003
0.264348
0.09287300000000001
0.01411
0.0
0.0
0.0
0.0
0.0
0.0
0.0
0.0
0.0
0.0
0.028917
0.12241500000000001
0.27610700000000005
0.451401
0.55228
0.6050059999999999
0.624456
0.6136670000000001
0.578215
0.504618
0.399368
0.25653699999999996
0.096185
0.016135
0.0
0.0
0.0
0.0
0.0
0.0
0.0
0.0
0.0
0.0
0.03018
0.117743
0.270829
0.439896
0.551922
0.611067
0.6221810000000001
0.614013
0.580668
0.507539
0.399072
0.265175
0.099801
0.017405
0.0
0.0
0.0
0.0
0.0
0.0
0.0
0.0
0.0
0.0
0.032319
0.11826600000000001
0.262646
0.436107
0.578741
0.6234529999999999
0.636783
0.631702
0.594118
0.5215639999999999
0.494058
0.345698
0.146904
0.028475999999999998
0.0
0.0
0.0
0.0
0.0
0.0
0.0
0.0
0.0
0.0
0.034305999999999996
0.116358
0.062464
0.026318
0.032172
0.09497499999999999
0.34098700000000004
0.582065
0.634165
0.550239
0.47243799999999997
0.272669
0.103617
0.018699999999999998
0.0
0.0
0.0
0.0
0.0
0.0
0.0
0.0
0.0
0.0
0.031188
0.120563
0.28380900000000003
0.444219
0.5728759999999999
0.6191760000000001
0.6507820000000001
0.625293
0.638412
0.507942
0.489637
0.30844299999999997
0.096746
0.061433
0.0
0.0
0.0
0.0
0.0
0.0
0.0
0.0
0.0
0.0
0.038798
0.118604
0.273699
0.42604000000000003
0.555014
0.522779
0.633403
0.467897
0.258875
0.500356
0.283018
0.202269
0.11502899999999999
0.022827
0.0
0.0
0.0
0.0
0.0
0.0
0.0
0.0
0.0
0.0
0.032531
0.126062
0.280931
0.444623
0.5653590000000001
0.672419
0.643206
0.628111
0.579963
0.5131169999999999
0.410231
0.269478
0.10588800000000001
0.01704
0.0
0.0
0.0
0.0
0.0
0.0
0.0
0.0
0.0
0.0
0.032998
0.123168
0.306695
0.389079
0.568337
0.557736
0.6739550000000001
0.6794479999999999
0.624822
0.5445760000000001
0.434476
0.28595800000000005
0.129128
0.030118
0.0
0.0
0.0
0.0
0.0
0.0
0.0
0.0
0.0
0.0
0.033981000000000004
0.124294
0.279435
0.436108
0.567772
0.631942
0.674351
0.6805950000000001
0.600488
0.5146710000000001
0.372621
0.337935
0.118298
0.017501000000000003
0.0
0.0
0.0
0.0
0.0
0.0
0.0
0.0
0.0
0.0
0.00801
0.027096
0.0741
0.085587
0.135512
0.281913
0.469138
0.466766
0.686731
0.594803
0.444469
0.34935700000000003
0.13622700000000001
0.024815999999999998
1e-06
0.0
0.0
0.0
0.0
0.0
0.0
0.0
0.0
0.0
0.034623
0.132747
0.298213
0.45616
0.5743189999999999
0.627691
0.6412
0.632125
0.596557
0.520625
0.415678
0.27815300000000004
0.111348
0.016062
0.0
0.0
0.0
0.0
0.0
0.0
0.0
0.0
0.0
0.0
0.031902
0.135636
0.29739800000000005
0.461736
0.562688
0.6039589999999999
0.6434070000000001
0.627043
0.57772
0.512448
0.3993
0.324017
0.150165
0.061683999999999996
0.002954
0.0
0.0
0.0
0.0
0.0
0.0
0.0
0.0
0.0
0.033938
0.12852699999999997
0.26978399999999997
0.43443200000000004
0.5211480000000001
0.595837
0.6282960000000001
0.610184
0.591712
0.39267399999999997
0.407071
0.22003
0.247521
0.057366999999999994
0.0014039999999999999
0.0
0.0
0.0
0.0
0.0
0.0
0.0
0.0
0.0
0.00924
0.047194
0.036798000000000004
0.048539
0.096524
0.196626
0.23536600000000002
0.19986600000000002
0.10667499999999999
0.23355
0.277429
0.150983
0.108958
0.07025100000000001
0.00479
0.0
0.0
0.0
0.0
0.0
0.0
0.0
0.0
0.0
0.034949
0.133708
0.28248
0.43254899999999996
0.554922
0.6120270000000001
0.540695
0.5433579999999999
0.505282
0.472007
0.489803
0.351317
0.16139900000000001
0.089145
0.0013540000000000002
0.0
0.0
0.0
0.0
0.0
0.0
0.0
0.0
5.2e-05
0.026271
0.09702899999999999
0.288511
0.436605
0.440653
0.353791
0.120299
0.096558
0.102794
0.063197
0.05705
0.08404099999999999
0.073658
0.012221
0.0
0.0
0.0
0.0
0.0
0.0
0.0
0.0
0.0
4.8e-05
0.03399
0.137909
0.298048
0.409659
0.524065
0.6242150000000001
0.625223
0.62871
0.584195
0.512667
0.39063400000000004
0.267221
0.115963
0.016643
0.0
0.0
0.0
0.0
0.0
0.0
0.0
0.0
0.0
0.001767
0.032672
0.140328
0.309601
0.47489299999999995
0.583842
0.634601
0.669596
0.645087
0.601623
0.505888
0.48108100000000004
0.27022199999999996
0.17480500000000002
0.051905
0.003241
0.0
0.0
0.0
0.0
0.0
0.0
0.0
0.0
0.001782
0.034147
0.139357
0.310983
0.468603
0.5908920000000001
0.6204679999999999
0.717638
0.695803
0.641427
0.5789650000000001
0.451414
0.32516300000000004
0.229275
0.061037
0.0032389999999999997
0.0
0.0
0.0
0.0
0.0
0.0
0.0
0.0
7.6e-05
0.039104
0.112666
0.169357
0.414526
0.45468000000000003
0.494219
0.41186900000000004
0.40470999999999996
0.430057
0.46769299999999997
0.251625
0.2701
0.141058
0.034783
0.001085
0.0
0.0
0.0
0.0
0.0
0.0
0.0
0.0
0.003388
0.038558
0.122811
0.20679599999999998
0.31748899999999997
0.151117
0.469884
0.6340480000000001
0.728873
0.325484
0.578455
0.437768
0.300683
0.15537399999999998
0.02234
0.00048699999999999997
0.0
0.0
0.0
0.0
0.0
0.0
0.0
0.0
0.0032280000000000004
0.034430999999999996
0.139905
0.292722
0.425995
0.5642820000000001
0.58604
0.650186
0.634137
0.6035309999999999
0.530096
0.42824599999999996
0.29531
0.132507
0.023237999999999998
0.0
0.0
0.0
0.0
0.0
0.0
0.0
0.0
0.0
0.004178
0.033436
0.137995
0.28393599999999997
0.439907
0.553419
0.6049260000000001
0.637336
0.6335170000000001
0.5869310000000001
0.517529
0.415987
0.28110599999999997
0.13110400000000003
0.022279
0.0
0.0
0.0
0.0
0.0
0.0
0.0
0.0
0.0
0.00447
0.033365
0.133165
0.290558
0.441691
0.554828
0.613165
0.6355230000000001
0.604056
0.576717
0.514827
0.405346
0.194889
0.134339
0.023059999999999997
0.0
0.0
0.0
0.0
0.0
0.0
0.0
0.0
0.0
0.004511
0.034006
0.136906
0.28630099999999997
0.427541
0.55101
0.5881810000000001
0.618857
0.596453
0.582404
0.506709
0.411657
0.289005
0.13241999999999998
0.021251000000000003
0.0
0.0
0.0
0.0
0.0
0.0
0.0
0.0
0.0
0.0045709999999999995
0.033957999999999995
0.138594
0.29116899999999996
0.442998
0.545004
0.603078
0.68111
0.586349
0.489128
0.5712809999999999
0.431205
0.335726
0.224902
0.038655
0.001297
0.0
0.0
0.0
0.0
0.0
0.0
0.0
0.0
0.0029449999999999997
0.037997
0.190602
0.277597
0.43399
0.5304650000000001
0.5051990000000001
0.5277419999999999
0.419076
0.35716000000000003
0.434574
0.395583
0.150337
0.06281300000000001
0.07037900000000001
0.002868
0.0
0.0
0.0
0.0
0.0
0.0
0.0
0.0
0.001295
0.043289
0.133833
0.283643
0.424197
0.549348
0.6136050000000001
0.619461
0.6255069999999999
0.5832269999999999
0.512668
0.44946600000000003
0.338785
0.168614
0.03105
0.0013080000000000001
0.0
0.0
0.0
0.0
0.0
0.0
0.0
0.0
0.0
0.013549
0.063951
0.204451
0.359892
0.553606
0.6348959999999999
0.668006
0.646498
0.610832
0.588414
0.470056
0.337783
0.181341
0.03915999999999999
0.002249
0.0
0.0
0.0
0.0
0.0
0.0
0.0
0.0
0.00049
0.043768
0.135589
0.28495499999999996
0.440125
0.558436
0.609508
0.6225109999999999
0.645137
0.5957809999999999
0.528519
0.425296
0.300057
0.142446
0.032401000000000006
0.0012649999999999998
0.0
0.0
0.0
0.0
0.0
0.0
0.0
0.0
0.003
0.047077
0.13251400000000002
0.28635700000000003
0.39736
0.549316
0.6203730000000001
0.7224619999999999
0.721776
0.313779
0.354255
0.274787
0.117059
0.08365500000000001
0.027171
0.003411
0.0
0.0
0.0
0.0
0.0
0.0
0.0
0.0
0.0
0.035726
0.12348999999999999
0.295151
0.437543
0.56083
0.457086
0.461632
0.476085
0.461238
0.37400599999999995
0.465168
0.296862
0.181589
0.07481399999999999
0.005221
0.0
0.0
0.0
0.0
0.0
0.0
0.0
0.0
0.0014650000000000002
0.028284
0.077967
0.17145
0.336942
0.584351
0.5887490000000001
0.6884199999999999
0.638536
0.626932
0.607368
0.45297699999999996
0.304072
0.157298
0.03893
0.001387
0.0
0.0
0.0
0.0
0.0
0.0
0.0
0.0
0.004852
0.035132
0.138167
0.29839299999999996
0.45391899999999996
0.562414
0.6171810000000001
0.639345
0.631876
0.604202
0.5280940000000001
0.432919
0.300652
0.139323
0.017495
0.002781
0.0
0.0
0.0
0.0
0.0
0.0
0.0
0.0
0.005634
0.033906
0.13828000000000001
0.30238299999999996
0.45773
0.551883
0.6135
0.637969
0.629439
0.5875199999999999
0.539475
0.42053199999999996
0.293066
0.13638499999999998
0.016071000000000002
0.00319
0.0
0.0
0.0
0.0
0.0
0.0
0.0
0.0
0.005415
0.031239999999999997
0.13802699999999998
0.30237200000000003
0.43751799999999996
0.579294
0.607214
0.460475
0.715617
0.652763
0.563469
0.42044600000000004
0.225768
0.21575999999999998
0.061585
0.006154
0.0
0.0
0.0
0.0
0.0
0.0
0.0
0.0
0.0
0.019111
0.081035
0.165739
0.17975200000000002
0.225853
0.46969
0.476231
0.47121300000000005
0.219453
0.363526
0.472434
0.28678
0.163792
0.036232
0.004005
0.0
0.0
0.0
0.0
0.0
0.0
0.0
0.0
0.00134
0.043792000000000005
0.147181
0.33681900000000004
0.411538
0.488547
0.6419320000000001
0.674274
0.66932
0.607877
0.403581
0.21190799999999999
0.14538
0.137713
0.09239499999999999
0.009887
0.0
0.0
0.0
0.0
0.0
0.0
0.0
0.0
0.0
0.013452
0.045081
0.17942599999999997
0.26541000000000003
0.17883600000000002
0.37857100000000005
0.28717899999999996
0.280071
0.276899
0.251486
0.17918
0.07671800000000001
0.011147
0.0054930000000000005
0.0
0.0
0.0
0.0
0.0
0.0
0.0
0.0
0.0
0.0
0.02391
0.053321
0.167352
0.433802
0.5094460000000001
0.534415
0.70613
0.574152
0.661829
0.421311
0.06619199999999999
0.042891
0.0
0.051604
0.0013009999999999999
0.0
0.0
0.0
0.0
0.0
0.0
0.0
0.0
0.003039
0.037588
0.131511
0.273822
0.405581
0.52675
0.603954
0.654014
0.665967
0.572514
0.310002
0.155106
0.279603
0.18637299999999998
0.051702
0.001143
0.0
0.0
0.0
0.0
0.0
0.0
0.0
0.0
0.0014199999999999998
0.013685000000000001
0.061866
0.205654
0.42747
0.5511699999999999
0.6269089999999999
0.653346
0.68286
0.6111340000000001
0.52228
0.428133
0.276432
0.087811
0.043768999999999995
0.001286
0.0
0.0
0.0
0.0
0.0
0.0
0.0
0.0
0.003009
0.037621
0.12732
0.274988
0.420851
0.5303859999999999
0.614909
0.455941
0.529038
0.630657
0.362967
0.200458
0.28067899999999996
0.194525
0.032718000000000004
0.001211
0.0
0.0
0.0
0.0
0.0
0.0
0.0
0.0
0.003023
0.033317
0.132344
0.279762
0.423706
0.550412
0.613097
0.629743
0.63182
0.583774
0.5241979999999999
0.421785
0.304572
0.14562799999999998
0.020848
0.002597
0.0
0.0
0.0
0.0
0.0
0.0
0.0
0.0
0.00302
0.03347
0.131844
0.270318
0.423736
0.543042
0.596299
0.630674
0.616897
0.588269
0.5228079999999999
0.426535
0.306382
0.17894200000000002
0.028156
0.0011610000000000001
0.0
0.0
0.0
0.0
0.0
0.0
0.0
0.0
0.0
0.037257
0.125202
0.272245
0.41130399999999995
0.5324589999999999
0.599775
0.644695
0.6202730000000001
0.495103
0.60187
0.47024900000000003
0.230711
0.114846
0.04466
0.001178
0.0
0.0
0.0
0.0
0.0
0.0
0.0
0.0
0.0
0.001295
0.013696
0.037899999999999996
0.039646
0.122761
0.239231
0.64387
0.160835
0.648832
0.610536
0.431819
0.301588
0.138723
0.016472
0.0028
0.0
0.0
0.0
0.0
0.0
0.0
0.0
0.0
0.001606
0.031959
0.13472800000000001
0.282208
0.44038099999999997
0.559203
0.6147400000000001
0.6495460000000001
0.631999
0.595478
0.526187
0.428867
0.340488
0.17066900000000002
0.024521
0.0
0.0
0.0
0.0
0.0
0.0
0.0
0.0
0.0
0.0
0.033883
0.096375
0.104635
0.118274
0.24647999999999998
0.318082
0.666717
0.645741
0.630297
0.536778
0.429397
0.31135199999999996
0.196313
0.025186
0.0
0.0
0.0
0.0
0.0
0.0
0.0
0.0
0.0
0.001656
0.032529
0.128633
0.273681
0.417045
0.5388440000000001
0.616719
0.65463
0.6530159999999999
0.621626
0.5433859999999999
0.434887
0.3043
0.140724
0.015604
0.001702
0.0
0.0
0.0
0.0
0.0
0.0
0.0
0.0
0.0
0.037359
0.128214
0.28119700000000003
0.42518700000000004
0.551096
0.607267
0.6454489999999999
0.595878
0.6032390000000001
0.5292140000000001
0.43328500000000003
0.300319
0.13941399999999998
0.014875999999999999
0.00019700000000000002
0.0
0.0
0.0
0.0
0.0
0.0
0.0
0.0
0.0
0.031483
0.127723
0.282249
0.429243
0.536953
0.603698
0.638123
0.627421
0.585194
0.570929
0.46175900000000003
0.1661
0.055238999999999996
0.005378
0.001286
0.0
0.0
0.0
0.0
0.0
0.0
0.0
0.0
7.4e-05
0.031767
0.12537
0.270286
0.41354599999999997
0.5459980000000001
0.613352
0.6383179999999999
0.619722
0.589912
0.529297
0.46916199999999997
0.34915199999999996
0.168764
0.035027
0.000704
0.0
0.0
0.0
0.0
0.0
0.0
0.0
0.0
4e-05
0.034390000000000004
0.123822
0.27210199999999996
0.40943799999999997
0.548935
0.604039
0.6348339999999999
0.6346369999999999
0.591179
0.527578
0.421341
0.29762299999999997
0.137893
0.016443000000000003
0.001166
0.0
0.0
0.0
0.0
0.0
0.0
0.0
0.0
0.0
0.032832
0.123195
0.26665300000000003
0.4104
0.5416839999999999
0.588591
0.620251
0.605442
0.5973630000000001
0.5449360000000001
0.32015699999999997
0.28863099999999997
0.15189
0.018431
0.0
0.0
0.0
0.0
0.0
0.0
0.0
0.0
0.0
0.0
0.032339
0.120381
0.26037099999999996
0.391834
0.53063
0.569145
0.5959289999999999
0.6052029999999999
0.5804900000000001
0.462915
0.307459
0.15758699999999998
0.08729200000000001
0.043704
0.004647
0.0
0.0
0.0
0.0
0.0
0.0
0.0
0.0
0.0
0.026786
0.110598
0.200518
0.373959
0.5157039999999999
0.49135500000000004
0.47972699999999996
0.423245
0.323621
0.21863999999999997
0.236624
0.15167599999999998
0.059825
0.015170999999999999
0.0
0.0
0.0
0.0
0.0
0.0
0.0
0.0
0.0
0.0
0.041028
0.11736
0.198153
0.216892
0.499892
0.401878
0.5850839999999999
0.469294
0.586216
0.527864
0.43127499999999996
0.302431
0.127824
0.034311999999999995
0.004471
0.0
0.0
0.0
0.0
0.0
0.0
0.0
0.0
0.0
0.031428
0.118283
0.26534500000000005
0.41885700000000003
0.5462859999999999
0.61039
0.63212
0.63302
0.593797
0.524577
0.427597
0.298663
0.185939
0.077455
0.0
0.0
0.0
0.0
0.0
0.0
0.0
0.0
0.0
0.0
0.036045
0.115698
0.307833
0.44070499999999996
0.503981
0.533446
0.597182
0.607707
0.6683060000000001
0.490916
0.391095
0.305711
0.18552600000000002
0.08991800000000001
0.004551
0.0
0.0
0.0
0.0
0.0
0.0
0.0
0.0
0.0
0.015379
0.058872
0.121641
0.08179
0.10819100000000001
0.094843
0.192144
0.190021
0.315067
0.20178200000000002
0.132602
0.107681
0.037299
0.04354
0.0029820000000000003
0.0
0.0
0.0
0.0
0.0
0.0
0.0
0.0
0.0
0.00131
0.013659000000000001
0.031984
0.068794
0.127324
0.18582200000000001
0.366282
0.503189
0.497828
0.608917
0.44069400000000003
0.310751
0.14434
0.020788
0.0
0.0
0.0
0.0
0.0
0.0
0.0
0.0
0.0
0.0
0.030639
0.112995
0.255716
0.39168200000000003
0.514221
0.601427
0.533208
0.5055
0.44099
0.411555
0.345166
0.179022
0.08579
0.024638999999999998
0.0
0.0
0.0
0.0
0.0
0.0
0.0
0.0
0.0
0.0
0.003378
0.072425
0.046291
0.029413
0.047625
0.06844
0.127551
0.184551
0.385469
0.456583
0.45669
0.308769
0.138043
0.016157
0.0
0.0
0.0
0.0
0.0
0.0
0.0
0.0
0.0
0.0
0.021495
0.109496
0.210906
0.393552
0.5200750000000001
0.6156929999999999
0.648082
0.637884
0.589518
0.526058
0.48765499999999995
0.323406
0.129239
0.090602
0.0
0.0
0.0
0.0
0.0
0.0
0.0
0.0
0.0
0.0
0.009026999999999999
0.038248
0.093155
0.159112
0.19759000000000002
0.3093
0.355048
0.316038
0.420253
0.306363
0.129361
0.100456
0.084826
0.040201
0.0
0.0
0.0
0.0
0.0
0.0
0.0
0.0
0.0
0.0
0.032825
0.053399
0.142579
0.181174
0.331533
0.608446
0.64074
0.64036
0.632332
0.567866
0.463647
0.364688
0.229236
0.088432
0.0
0.0
0.0
0.0
0.0
0.0
0.0
0.0
0.0
0.0
0.019243
0.072289
0.248535
0.392544
0.506999
0.5988669999999999
0.643158
0.632356
0.590893
0.595763
0.482788
0.295188
0.127816
0.023502
0.0
0.0
0.0
0.0
0.0
0.0
0.0
0.0
0.0
0.0
0.015281000000000001
0.077846
0.225355
0.412418
0.49718
0.523079
0.6019880000000001
0.602639
0.459155
0.467315
0.454323
0.308178
0.152898
0.03032
0.0
0.0
0.0
0.0
0.0
0.0
0.0
0.0
0.0
0.0
0.031693
0.117275
0.254407
0.35525
0.430975
0.519652
0.484333
0.583412
0.550648
0.436479
0.392048
0.34897
0.128553
0.050438000000000004
0.0
0.0
0.0
0.0
0.0
0.0
0.0
0.0
0.0
0.0
0.029051999999999998
0.119807
0.24023599999999998
0.356176
0.45557
0.5420750000000001
0.647537
0.6490779999999999
0.5795
0.518955
0.444241
0.245681
0.10470600000000001
0.026210999999999998
0.0
0.0
0.0
0.0
0.0
0.0
0.0
0.0
0.0
0.0
0.018022
0.06669199999999999
0.211543
0.279428
0.513729
0.5121849999999999
0.683357
0.666535
0.632342
0.567394
0.421933
0.250527
0.171828
0.028152
0.0
0.0
0.0
0.0
0.0
0.0
0.0
0.0
0.0
0.0
0.028264
0.102472
0.234375
0.379973
0.511875
0.6026309999999999
0.6499969999999999
0.653865
0.63151
0.318556
0.459531
0.319179
0.13103399999999998
0.013888999999999999
0.0
0.0
0.0
0.0
0.0
0.0
0.0
0.0
0.0
0.0
0.024894
0.102088
0.232837
0.382029
0.513201
0.609855
0.621912
0.604187
0.567041
0.509191
0.413956
0.28323200000000004
0.120056
0.014231
0.0
0.0
0.0
0.0
0.0
0.0
0.0
0.0
0.0
0.0
0.030864
0.09726699999999999
0.23299199999999998
0.374121
0.5061
0.610269
0.634747
0.624741
0.5918289999999999
0.51486
0.40649
0.275778
0.114189
0.010202
0.0
0.0
0.0
0.0
0.0
0.0
0.0
0.0
0.0
0.0
0.023237999999999998
0.10026
0.255309
0.41343
0.548346
0.604837
0.634498
0.623398
0.56953
0.505463
0.407043
0.27957600000000005
0.113717
0.012398999999999999
0.0
0.0
0.0
0.0
0.0
0.0
0.0
0.0
0.0
0.0
0.023587
0.09958499999999999
0.24693299999999999
0.40681900000000004
0.5338339999999999
0.594055
0.610617
0.602893
0.5739690000000001
0.489956
0.403141
0.280568
0.113217
0.016932
0.0
0.0
0.0
0.0
0.0
0.0
0.0
0.0
0.0
0.0
0.023556
0.098983
0.243756
0.33607400000000004
0.476525
0.42702300000000004
0.628415
0.629384
0.579245
0.494628
0.401971
0.271854
0.110614
0.018049
0.0
0.0
0.0
0.0
0.0
0.0
0.0
0.0
0.0
0.0
0.021603
0.098247
0.248254
0.39441699999999996
0.539482
0.5895779999999999
0.615816
0.632962
0.594635
0.514764
0.418594
0.28254199999999996
0.11624599999999999
0.025287
0.0
0.0
0.0
0.0
0.0
0.0
0.0
0.0
0.0
0.0
0.023003
0.095189
0.239232
0.392752
0.522294
0.601619
0.608407
0.6153099999999999
0.584275
0.512047
0.412406
0.275885
0.110851
0.020965
0.0
0.0
0.0
0.0
0.0
0.0
0.0
0.0
0.0
0.0
0.022513000000000002
0.090643
0.234599
0.387416
0.518404
0.582055
0.622961
0.628097
0.6269819999999999
0.501729
0.409764
0.27192
0.109502
0.017675
0.0
0.0
0.0
0.0
0.0
0.0
0.0
0.0
0.0
0.0
0.022421
0.09179000000000001
0.244782
0.153248
0.19239099999999998
0.514273
0.593248
0.524121
0.593288
0.367765
0.24854300000000001
0.154571
0.113247
0.017646000000000002
0.0
0.0
0.0
0.0
0.0
0.0
0.0
0.0
0.0
0.0
0.01149
0.069279
0.239871
0.398024
0.524731
0.6128210000000001
0.61091
0.626139
0.580349
0.510774
0.440605
0.181252
0.046236
0.007246000000000001
0.0
0.0
0.0
0.0
0.0
0.0
0.0
0.0
0.0
0.0
0.010244999999999999
0.053464
0.129312
0.163579
0.458366
0.603214
0.637248
0.619743
0.624051
0.5908869999999999
0.442595
0.269934
0.110442
0.019271
0.0
0.0
0.0
0.0
0.0
0.0
0.0
0.0
0.0
0.0
0.007291000000000001
0.059811
0.11904300000000001
0.052577
0.156057
0.386247
0.6212880000000001
0.637261
0.618881
0.601014
0.425007
0.28444600000000003
0.10856199999999999
0.028733
0.0
0.0
0.0
0.0
0.0
0.0
0.0
0.0
0.0
0.0
0.014396
0.08602800000000001
0.23161199999999998
0.408892
0.507019
0.5342380000000001
0.480272
0.70561
0.614148
0.477731
0.163937
0.34426999999999996
0.130744
0.019485
0.0
0.0
0.0
0.0
0.0
0.0
0.0
0.0
0.0
0.0
0.017598
0.08775
0.240227
0.381176
0.527181
0.593598
0.639875
0.6237809999999999
0.585068
0.514823
0.405118
0.269357
0.095278
0.017558
0.0
0.0
0.0
0.0
0.0
0.0
0.0
0.0
0.0
0.0
0.014751
0.088772
0.23838900000000002
0.387963
0.540091
0.610942
0.6263759999999999
0.627876
0.5888479999999999
0.504934
0.39995600000000003
0.25733
0.091697
0.018001
0.0
0.0
0.0
0.0
0.0
0.0
0.0
0.0
0.0
0.0
0.013894
0.085653
0.21291
0.38893900000000003
0.517889
0.5869930000000001
0.6410560000000001
0.33231700000000003
0.636756
0.400791
0.395373
0.276725
0.096797
0.014606999999999998
0.0
0.0
0.0
0.0
0.0
0.0
0.0
0.0
0.0
0.0
0.014549
0.08408199999999999
0.230159
0.38814499999999996
0.518415
0.603114
0.6293730000000001
0.608636
0.576323
0.500212
0.42715499999999995
0.267526
0.117413
0.013851
0.0
0.0
0.0
0.0
0.0
0.0
0.0
0.0
0.0
0.0
0.014398
0.081164
0.22337
0.395278
0.533252
0.60153
0.6252409999999999
0.632081
0.584667
0.329274
0.195279
0.292496
0.099926
0.015176
0.0
0.0
0.0
0.0
0.0
0.0
0.0
0.0
0.0
0.0
0.011640000000000001
0.082217
0.23069599999999998
0.39164
0.527091
0.595237
0.6353869999999999
0.621709
0.583543
0.507494
0.39810199999999996
0.251391
0.077857
0.013538999999999999
0.0
0.0
0.0
0.0
0.0
0.0
0.0
0.0
0.0
0.0
0.011887
0.078955
0.232745
0.4016
0.536746
0.602672
0.6381169999999999
0.634028
0.586086
0.50315
0.39632
0.251067
0.07751000000000001
0.010087
0.0
0.0
0.0
0.0
0.0
0.0
0.0
0.0
0.0
0.0
0.010895
0.07590300000000001
0.218507
0.377306
0.441593
0.576653
0.6133
0.61321
0.552549
0.509089
0.192227
0.143437
0.08168600000000001
0.015429
0.0
0.0
0.0
0.0
0.0
0.0
0.0
0.0
0.0
0.0
0.010173
0.073072
0.211518
0.36612
0.493691
0.596017
0.6170599999999999
0.608754
0.428885
0.183695
0.141436
0.187983
0.10018600000000001
0.012371
0.0
0.0
0.0
0.0
0.0
0.0
0.0
0.0
0.0
0.0
0.010326
0.075021
0.22001099999999998
0.37429199999999996
0.514501
0.586765
0.614764
0.608589
0.5758260000000001
0.500657
0.39175400000000005
0.246488
0.09568800000000001
0.007448000000000001
0.0
0.0
0.0
0.0
0.0
0.0
0.0
0.0
0.0
0.0
0.007065
0.07309399999999999
0.217316
0.363562
0.487301
0.589225
0.49175
0.495402
0.34760199999999997
0.250776
0.18156899999999998
0.07453499999999999
0.008657999999999999
0.0
0.0
0.0
0.0
0.0
0.0
0.0
0.0
0.0
0.0
0.0
0.002996
0.082827
0.139167
0.087562
0.08061
0.22795400000000002
0.40325
0.198396
0.028908
0.050178
0.107117
0.032128
0.019596
0.00651
0.0
0.0
0.0
0.0
0.0
0.0
0.0
0.0
0.0
0.0
0.001099
0.051384
0.108349
0.20166599999999998
0.511445
0.605817
0.630866
0.586545
0.584643
0.501416
0.398409
0.23548
0.059287
0.002736
0.0
0.0
0.0
0.0
0.0
0.0
0.0
0.0
0.0
0.0
0.0032839999999999996
0.07182599999999999
0.217264
0.37492200000000003
0.5181209999999999
0.588949
0.6162179999999999
0.608317
0.5760850000000001
0.491781
0.384529
0.23401
0.058951
0.0011790000000000001
0.0
0.0
0.0
0.0
0.0
0.0
0.0
0.0
0.0
0.0
0.0027389999999999997
0.069259
0.220476
0.388129
0.529461
0.595168
0.618253
0.617658
0.568292
0.485622
0.37706599999999996
0.228168
0.054882
0.001127
0.0
0.0
0.0
0.0
0.0
0.0
0.0
0.0
0.0
0.0
0.0023
0.066898
0.211685
0.365885
0.501777
0.565758
0.6040789999999999
0.561893
0.555724
0.484971
0.367406
0.234776
0.072723
0.004944
0.0
0.0
0.0
0.0
0.0
0.0
0.0
0.0
0.0
0.0
0.0
0.0
0.024195
0.040506
0.058962
0.09508
0.32848200000000005
0.42479300000000003
0.5543170000000001
0.574806
0.386383
0.232826
0.048818
0.000867
0.0
0.0
0.0
0.0
0.0
0.0
0.0
0.0
0.0
0.0
0.001508
0.066079
0.18653899999999998
0.139142
0.10940699999999999
0.07636499999999999
0.216757
0.384803
0.6485700000000001
0.393094
0.40214999999999995
0.213145
0.12048099999999999
0.002983
0.0
0.0
0.0
0.0
0.0
0.0
0.0
0.0
0.0
0.0
0.0005679999999999999
0.064264
0.20355099999999998
0.364388
0.508537
0.602009
0.631011
0.6170030000000001
0.628894
0.503195
0.38175400000000004
0.225471
0.041118
0.0
0.0
0.0
0.0
0.0
0.0
0.0
0.0
0.0
0.0
0.0
0.0
0.063396
0.20703
0.375301
0.498695
0.596092
0.588743
0.614348
0.570874
0.483904
0.40822800000000004
0.227013
0.045198999999999996
0.0
0.0
0.0
0.0
0.0
0.0
0.0
0.0
0.0
0.0
0.0
0.0
0.069126
0.19366399999999998
0.370512
0.511348
0.627265
0.636196
0.503826
0.511344
0.46753100000000003
0.341518
0.201381
0.089059
0.004627
0.0
0.0
0.0
0.0
0.0
0.0
0.0
0.0
0.0
0.0
0.0
0.059941
0.206346
0.372358
0.524531
0.598757
0.636319
0.608306
0.576557
0.533313
0.408372
0.227638
0.038801
0.0
0.0
0.0
0.0
0.0
0.0
0.0
0.0
0.0
0.0
0.0
0.0
0.05321
0.12163800000000001
0.334776
0.526695
0.598968
0.6394829999999999
0.655714
0.641537
0.49431200000000003
0.376868
0.215802
0.045966
0.0
0.0
0.0
0.0
0.0
0.0
0.0
0.0
0.0
0.0
0.0
0.0
0.056835000000000004
0.196268
0.357559
0.497847
0.579245
0.600947
0.591154
0.5428390000000001
0.468422
0.356433
0.19728
0.013746000000000001
0.0
0.0
0.0
0.0
0.0
0.0
0.0
0.0
0.0
0.0
0.0
0.0
0.045377
0.133513
0.342721
0.48579500000000003
0.585715
0.610045
0.59864
0.551764
0.46436099999999997
0.365557
0.2392
0.030824
0.0
0.0
0.0
0.0
0.0
0.0
0.0
0.0
0.0
0.0
0.0
0.0
0.05237
0.17813800000000002
0.332233
0.458296
0.57153
0.603511
0.591611
0.547991
0.478323
0.357619
0.198781
0.019112999999999998
0.0
0.0
0.0
0.0
0.0
0.0
0.0
0.0
0.0
0.0
0.0
0.0
0.048418
0.18174
0.343078
0.495896
0.577029
0.611736
0.6016050000000001
0.5514640000000001
0.46299599999999996
0.34139600000000003
0.18296700000000002
0.013985
0.0
0.0
0.0
0.0
0.0
0.0
0.0
0.0
0.0
0.0
0.0
0.0
0.046467
0.175808
0.327978
0.473099
0.584469
0.609195
0.604283
0.5512670000000001
0.47563799999999995
0.360145
0.191786
0.015029
0.0
0.0
0.0
0.0
0.0
0.0
0.0
0.0
0.0
0.0
0.0
0.0
0.045552999999999996
0.17849399999999999
0.31972
0.486082
0.533759
0.614341
0.630127
0.598672
0.49985199999999996
0.317733
0.225356
0.021605
0.0
0.0
0.0
0.0
0.0
0.0
0.0
0.0
0.0
0.0
0.0
0.0
0.043986
0.175382
0.34133300000000005
0.482134
0.585485
0.612856
0.621537
0.55963
0.429327
0.120224
0.043487000000000005
0.012705
0.0
0.0
0.0
0.0
0.0
0.0
0.0
0.0
0.0
0.0
0.0
0.0
4.8e-05
0.022518
0.032769
0.06428700000000001
0.29237
0.538908
0.599958
0.577966
0.484921
0.395005
0.105688
0.028314
0.0
0.0
0.0
0.0
0.0
0.0
0.0
0.0
0.0
0.0
0.0
0.0
0.013732
0.035177999999999994
0.060197
0.33475499999999997
0.61375
0.671001
0.6734640000000001
0.552615
0.470406
0.342685
0.161869
0.007358
0.0
0.0
0.0
0.0
0.0
0.0
0.0
0.0
0.0
0.0
0.0
0.0
0.044196
0.188821
0.37140300000000004
0.521404
0.588683
0.615236
0.597739
0.591831
0.357414
0.324017
0.132438
0.047504
0.0
0.0
0.0
0.0
0.0
0.0
0.0
0.0
0.0
0.0
0.0
0.0
0.044198
0.157776
0.364978
0.47542700000000004
0.389679
0.6540220000000001
0.392553
0.5598780000000001
0.464429
0.342233
0.15558000000000002
0.010202
0.0
0.0
0.0
0.0
0.0
0.0
0.0
0.0
0.0
0.0
0.0
0.0
0.042506
0.190688
0.358196
0.489407
0.622556
0.61527
0.605333
0.562696
0.468557
0.339986
0.16075899999999999
0.016967
0.0
0.0
0.0
0.0
0.0
0.0
0.0
0.0
0.0
0.0
0.0
0.0
0.038520000000000006
0.17688399999999999
0.3341
0.49985199999999996
0.559064
0.489838
0.6516190000000001
0.5950449999999999
0.498621
0.20760900000000002
0.104032
0.024684
0.0
0.0
0.0
0.0
0.0
0.0
0.0
0.0
0.0
0.0
0.0
0.0
3.2e-05
0.005955
0.032992
0.064872
0.053866
0.03465
0.051351999999999995
0.043077
0.06924
0.054820999999999995
0.028698
0.008968
0.0
0.0
0.0
0.0
0.0
0.0
0.0
0.0
0.0
0.0
0.0
0.0
0.013864000000000001
0.06903100000000001
0.13697700000000002
0.13456
0.08749599999999999
0.303991
0.402846
0.261784
0.17844100000000002
0.041864
0.025075
0.005431
0.0
0.0
0.0
0.0
0.0
0.0
0.0
0.0
0.0
0.0
0.0
0.0
0.02966
0.19599
0.382924
0.536366
0.602688
0.61253
0.6100359999999999
0.52818
0.493976
0.36648000000000003
0.148811
0.027533000000000002
0.0
0.0
0.0
0.0
0.0
0.0
0.0
0.0
0.0
0.0
0.0
0.0
0.033513
0.183131
0.368747
0.530066
0.59257
0.6191380000000001
0.615462
0.55425
0.46813499999999997
0.33211599999999997
0.134047
0.005847000000000001
0.0
0.0
0.0
0.0
0.0
0.0
0.0
0.0
0.0
0.0
0.0
0.0
0.032579000000000004
0.178371
0.36438600000000004
0.515496
0.585827
0.618865
0.6089199999999999
0.552201
0.45998
0.32205700000000004
0.123038
0.004083
0.0
0.0
0.0
0.0
0.0
0.0
0.0
0.0
0.0
0.0
0.0
0.0
0.030865
0.181522
0.375093
0.515675
0.5833959999999999
0.6124109999999999
0.598827
0.544261
0.449221
0.30949
0.111851
0.001835
0.0
0.0
0.0
0.0
0.0
0.0
0.0
0.0
0.0
0.0
0.0
0.0
0.02832
0.16886
0.346863
0.507339
0.5678500000000001
0.595808
0.575612
0.511598
0.427725
0.299645
0.113863
0.006717
0.0
0.0
0.0
0.0
0.0
0.0
0.0
0.0
0.0
0.0
0.0
0.0
0.025843
0.15796700000000002
0.314698
0.47744099999999995
0.565984
0.592889
0.5738479999999999
0.514806
0.439495
0.30932299999999996
0.110251
0.0064329999999999995
0.0
0.0
0.0
0.0
0.0
0.0
0.0
0.0
0.0
0.0
0.0
0.0
0.025199000000000003
0.15759700000000001
0.31513
0.45516199999999996
0.563419
0.582991
0.576742
0.5238529999999999
0.43767700000000004
0.30312
0.104404
0.003813
0.0
0.0
0.0
0.0
0.0
0.0
0.0
0.0
0.0
0.0
0.0
0.0
0.02379
0.155056
0.30747199999999997
0.463959
0.5537219999999999
0.575998
0.569988
0.524015
0.430714
0.297436
0.099263
0.006871
0.0
0.0
0.0
0.0
0.0
0.0
0.0
0.0
0.0
0.0
0.0
0.0
0.020337
0.153075
0.31620299999999996
0.482467
0.574279
0.595874
0.582998
0.526889
0.43451100000000004
0.297845
0.08901300000000001
0.004369
0.0
0.0
0.0
0.0
0.0
0.0
0.0
0.0
0.0
0.0
0.0
0.0
0.020146999999999998
0.153809
0.324786
0.486887
0.559643
0.585003
0.563649
0.506693
0.41736700000000004
0.288028
0.088483
0.004283
0.0
0.0
0.0
0.0
0.0
0.0
0.0
0.0
0.0
0.0
0.0
0.0
0.0
0.011684
0.060139000000000005
0.16946899999999998
0.464839
0.59012
0.538943
0.504451
0.254085
0.125663
0.104715
0.002711
0.0
0.0
0.0
0.0
0.0
0.0
0.0
0.0
0.0
0.0
0.0
0.0
0.005129
0.026489000000000002
0.036862
0.13061799999999998
0.162214
0.06968200000000001
0.025925999999999998
0.015837999999999998
0.043217
0.110158
0.018384
8.2e-05
0.0
0.0
0.0
0.0
0.0
0.0
0.0
0.0
0.0
0.0
0.0
0.0
0.009051
0.060895000000000005
0.20177
0.404412
0.573003
0.593349
0.579862
0.5477240000000001
0.438598
0.32252
0.08921
0.0017259999999999999
0.0
0.0
0.0
0.0
0.0
0.0
0.0
0.0
0.0
0.0
0.0
0.0
0.013123
0.123049
0.33259500000000003
0.505938
0.562235
0.594946
0.58216
0.5311079999999999
0.431132
0.28228
0.063826
0.00064
0.0
0.0
0.0
0.0
0.0
0.0
0.0
0.0
0.0
0.0
0.0
0.0
0.010794
0.14551499999999998
0.320546
0.480707
0.570798
0.6014510000000001
0.578994
0.512341
0.42520800000000003
0.277214
0.074705
0.0
0.0
0.0
0.0
0.0
0.0
0.0
0.0
0.0
0.0
0.0
0.0
0.0
0.008275000000000001
0.146852
0.3211
0.494322
0.569075
0.592621
0.576831
0.522187
0.417836
0.26840800000000004
0.020632
1.1e-05
0.0
0.0
0.0
0.0
0.0
0.0
0.0
0.0
0.0
0.0
0.0
0.0
0.007737
0.148906
0.333617
0.48793400000000003
0.5520539999999999
0.5782759999999999
0.566955
0.508467
0.410099
0.260552
0.020417
0.0
0.0
0.0
0.0
0.0
0.0
0.0
0.0
0.0
0.0
0.0
0.0
0.0
0.0061909999999999995
0.140722
0.322146
0.478974
0.544785
0.5647490000000001
0.5489310000000001
0.494651
0.386243
0.252959
0.023822
0.0
0.0
0.0
0.0
0.0
0.0
0.0
0.0
0.0
0.0
0.0
0.0
0.0
0.005042
0.138252
0.319974
0.484173
0.551884
0.5702
0.554658
0.497587
0.397444
0.24662399999999998
0.021584
0.0
0.0
0.0
0.0
0.0
0.0
0.0
0.0
0.0
0.0
0.0
0.0
0.0
0.003857
0.135981
0.30916699999999997
0.464432
0.539249
0.55462
0.5306040000000001
0.47839
0.393128
0.24159
0.022855
0.0
0.0
0.0
0.0
0.0
0.0
0.0
0.0
0.0
0.0
0.0
0.0
0.0
0.002927
0.130805
0.30548200000000003
0.45819099999999996
0.53075
0.55812
0.544396
0.489875
0.386245
0.23871199999999998
0.024252
0.0
0.0
0.0
0.0
0.0
0.0
0.0
0.0
0.0
0.0
0.0
0.0
0.0
0.001737
0.116367
0.27930900000000003
0.437909
0.512058
0.562033
0.541741
0.490513
0.45160300000000003
0.28176
0.035923000000000004
0.0
0.0
0.0
0.0
0.0
0.0
0.0
0.0
0.0
0.0
0.0
0.0
0.0
0.001696
0.071554
0.109944
0.309466
0.248454
0.565981
0.292635
0.27431
0.17859
0.231953
0.056118
0.0
0.0
0.0
0.0
0.0
0.0
0.0
0.0
0.0
0.0
0.0
0.0
0.0
0.0
0.07806
0.216757
0.357735
0.413012
0.612542
0.6050610000000001
0.294246
0.15998099999999998
0.070015
0.017411000000000003
0.0
0.0
0.0
0.0
0.0
0.0
0.0
0.0
0.0
0.0
0.0
0.0
0.0
0.000606
0.060592
0.073942
0.09920399999999999
0.06406
0.018182
0.019977
0.022375
0.016394
0.003765
4e-06
0.0
0.0
0.0
0.0
0.0
0.0
0.0
0.0
0.0
0.0
0.0
0.0
0.0
0.0
0.020425000000000002
0.04475
0.087476
0.055024
0.06736400000000001
0.043849
0.041654000000000004
0.10962000000000001
0.269198
0.033055999999999995
0.0
0.0
0.0
0.0
0.0
0.0
0.0
0.0
0.0
0.0
0.0
0.0
0.0
0.001277
0.10373
0.279353
0.454118
0.541709
0.5623250000000001
0.540128
0.48317
0.391009
0.224548
0.030725000000000002
0.0
0.0
0.0
0.0
0.0
0.0
0.0
0.0
0.0
0.0
0.0
0.0
0.0
0.0
0.060922
0.161022
0.353149
0.541121
0.51002
0.435467
0.49930599999999997
0.380338
0.073717
0.016616
0.0
0.0
0.0
0.0
0.0
0.0
0.0
0.0
0.0
0.0
0.0
0.0
0.0
0.0
0.005969
0.009789999999999998
0.0165
0.030948
0.123636
0.058639000000000004
0.112566
0.07439
0.11153700000000001
0.042978999999999996
0.0
0.0
0.0
0.0
0.0
0.0
0.0
0.0
0.0
0.0
0.0
0.0
0.0
0.0
0.110364
0.299516
0.452976
0.540783
0.51455
0.506498
0.508173
0.376467
0.196986
0.017013999999999998
0.0
0.0
0.0
0.0
0.0
0.0
0.0
0.0
0.0
0.0
0.0
0.0
0.0
0.0
0.10693899999999999
0.292707
0.461841
0.532001
0.56096
0.540825
0.475625
0.368965
0.191556
0.025966999999999997
0.0
0.0
0.0
0.0
0.0
0.0
0.0
0.0
0.0
0.0
0.0
0.0
0.0
0.0
0.086979
0.262472
0.41684
0.490865
0.560078
0.5420689999999999
0.340552
0.21607900000000002
0.058446
0.012551999999999999
0.0
0.0
0.0
0.0
0.0
0.0
0.0
0.0
0.0
0.0
0.0
0.0
0.0
0.0
0.010196
0.026344000000000003
0.050360999999999996
0.139776
0.15904300000000002
0.15699100000000002
0.209534
0.130965
0.074734
0.022983
0.0
0.0
0.0
0.0
0.0
0.0
0.0
0.0
0.0
0.0
0.0
0.0
0.0
0.0
0.097109
0.29693400000000003
0.412514
0.40055399999999997
0.378868
0.54159
0.506675
0.365863
0.173352
0.017235
0.0
0.0
0.0
0.0
0.0
0.0
0.0
0.0
0.0
0.0
0.0
0.0
0.0
0.0
0.139472
0.28456400000000004
0.46868200000000004
0.532738
0.55649
0.5436749999999999
0.471613
0.367273
0.16991399999999998
0.016307
0.0
0.0
0.0
0.0
0.0
0.0
0.0
0.0
0.0
0.0
0.0
0.0
0.0
0.0
0.091889
0.270557
0.423341
0.506806
0.554299
0.53792
0.467954
0.35605000000000003
0.158336
0.015033
0.0
0.0
0.0
0.0
0.0
0.0
0.0
0.0
0.0
0.0
0.0
0.0
0.0
0.0
0.08720699999999999
0.274017
0.43238099999999996
0.5157390000000001
0.528162
0.524354
0.46544
0.348642
0.148156
0.011398
0.0
0.0
0.0
0.0
0.0
0.0
0.0
0.0
0.0
0.0
0.0
0.0
0.0
0.0
0.059967
0.25382499999999997
0.26446499999999995
0.51493
0.571882
0.462276
0.28970100000000004
0.210758
0.105595
0.023739999999999997
0.0
0.0
0.0
0.0
0.0
0.0
0.0
0.0
0.0
0.0
0.0
0.0
0.0
0.0
0.078046
0.200223
0.37544900000000003
0.501972
0.5323640000000001
0.5133540000000001
0.448818
0.338548
0.13353700000000002
0.009696999999999999
0.0
0.0
0.0
0.0
0.0
0.0
0.0
0.0
0.0
0.0
0.0
0.0
0.0
0.0
0.129286
0.122994
0.118449
0.292682
0.323847
0.283283
0.18782400000000002
0.07675499999999999
0.038299999999999994
0.007961000000000001
0.0
0.0
0.0
0.0
0.0
0.0
0.0
0.0
0.0
0.0
0.0
0.0
0.0
0.0
0.01923
0.046594000000000003
0.073692
0.073119
0.072976
0.048447000000000004
0.057623
0.035101999999999994
0.017336999999999998
0.0
0.0
0.0
0.0
0.0
0.0
0.0
0.0
0.0
0.0
0.0
0.0
0.0
0.0
0.0
0.008494999999999999
0.026375
0.13525800000000002
0.239031
0.23743999999999998
0.186856
0.467409
0.34012
0.119172
0.006942
0.0
0.0
0.0
0.0
0.0
0.0
0.0
0.0
0.0
0.0
0.0
0.0
0.0
0.0
0.026803
0.241899
0.32605599999999996
0.5211169999999999
0.532048
0.515002
0.452552
0.33152800000000004
0.109631
0.006196
0.0
0.0
0.0
0.0
0.0
0.0
0.0
0.0
0.0
0.0
0.0
0.0
0.0
0.0
0.08741800000000001
0.254654
0.411981
0.513983
0.53771
0.512512
0.44549099999999997
0.32804500000000003
0.10813299999999999
0.006458
0.0
0.0
0.0
0.0
0.0
0.0
0.0
0.0
0.0
0.0
0.0
0.0
0.0
0.0
0.07724500000000001
0.248548
0.41262099999999996
0.485604
0.513141
0.500746
0.431469
0.31335199999999996
0.097359
0.006225
0.0
0.0
0.0
0.0
0.0
0.0
0.0
0.0
0.0
0.0
0.0
0.0
0.0
0.0
0.08593200000000001
0.225133
0.382166
0.49395100000000003
0.5121979999999999
0.494134
0.438402
0.315191
0.099255
0.006182
0.0
0.0
0.0
0.0
0.0
0.0
0.0
0.0
0.0
0.0
0.0
0.0
0.0
0.0
0.054172
0.215021
0.377798
0.491269
0.502511
0.484626
0.426428
0.29903399999999997
0.0886
0.004847000000000001
0.0
0.0
0.0
0.0
0.0
0.0
0.0
0.0
0.0
0.0
0.0
0.0
0.0
0.0
0.049636
0.217045
0.374376
0.46856
0.501352
0.48858100000000004
0.386491
0.31581099999999995
0.106438
0.0
0.0
0.0
0.0
0.0
0.0
0.0
0.0
0.0
0.0
0.0
0.0
0.0
0.0
0.0
0.046006
0.119416
0.275781
0.218755
0.396596
0.502751
0.429488
0.301606
0.029602
0.003847
0.0
0.0
0.0
0.0
0.0
0.0
0.0
0.0
0.0
0.0
0.0
0.0
0.0
0.0
0.037007
0.216585
0.390198
0.488488
0.5143300000000001
0.484921
0.41086399999999995
0.287803
0.021781
0.0006770000000000001
0.0
0.0
0.0
0.0
0.0
0.0
0.0
0.0
0.0
0.0
0.0
0.0
0.0
0.0
0.020914000000000002
0.054051
0.105235
0.135249
0.228994
0.507798
0.431818
0.30122000000000004
0.025467
0.001811
0.0
0.0
0.0
0.0
0.0
0.0
0.0
0.0
0.0
0.0
0.0
0.0
0.0
0.0
0.021089
0.15461000000000003
0.329078
0.473555
0.499668
0.48262900000000003
0.409661
0.280156
0.023137
0.001174
0.0
0.0
0.0
0.0
0.0
0.0
0.0
0.0
0.0
0.0
0.0
0.0
0.0
0.0
0.030425999999999998
0.199609
0.352911
0.468645
0.47667200000000004
0.47174299999999997
0.400096
0.271308
0.019183
6.7e-05
0.0
0.0
0.0
0.0
0.0
0.0
0.0
0.0
0.0
0.0
0.0
0.0
0.0
0.0
0.025323000000000002
0.172743
0.332432
0.45735899999999996
0.51552
0.48720800000000003
0.422716
0.286999
0.027968
0.00014399999999999998
0.0
0.0
0.0
0.0
0.0
0.0
0.0
0.0
0.0
0.0
0.0
0.0
0.0
0.0
0.022147
0.178737
0.326695
0.455866
0.500615
0.48506900000000003
0.40474200000000005
0.268139
0.021611000000000002
0.0
0.0
0.0
0.0
0.0
0.0
0.0
0.0
0.0
0.0
0.0
0.0
0.0
0.0
0.0
0.032213
0.10602800000000001
0.203014
0.198903
0.187266
0.193881
0.14023500000000003
0.15192599999999998
0.06005
9.4e-05
0.0
0.0
0.0
0.0
0.0
0.0
0.0
0.0
0.0
0.0
0.0
0.0
0.0
0.0
0.008131000000000001
0.07472799999999999
0.173038
0.218171
0.336168
0.31191599999999997
0.149475
0.11169799999999999
0.025097
0.0
0.0
0.0
0.0
0.0
0.0
0.0
0.0
0.0
0.0
0.0
0.0
0.0
0.0
0.0
0.0
0.016891
0.057640000000000004
0.019089
0.029219000000000002
0.045034
0.040269
0.025456
0.0015149999999999999
0.0
0.0
0.0
0.0
0.0
0.0
0.0
0.0
0.0
0.0
0.0
0.0
0.0
0.0
0.0
0.003085
0.038278
0.069405
0.055823
0.060723
0.077678
0.09224299999999999
0.07465000000000001
0.026668
0.0
0.0
0.0
0.0
0.0
0.0
0.0
0.0
0.0
0.0
0.0
0.0
0.0
0.0
0.0
0.021396000000000002
0.261121
0.390878
0.458836
0.5181330000000001
0.458582
0.40469700000000003
0.252795
0.0
0.0
0.0
0.0
0.0
0.0
0.0
0.0
0.0
0.0
0.0
0.0
0.0
0.0
0.0
0.0
0.011526999999999999
0.194986
0.39248
0.477889
0.506705
0.478342
0.401577
0.25216900000000003
0.015674
0.0
0.0
0.0
0.0
0.0
0.0
0.0
0.0
0.0
0.0
0.0
0.0
0.0
0.0
0.0
0.009443
0.175951
0.34101
0.34829000000000004
0.30857799999999996
0.269489
0.161886
0.11965
0.041712000000000006
0.0
0.0
0.0
0.0
0.0
0.0
0.0
0.0
0.0
0.0
0.0
0.0
0.0
0.0
0.0
0.0076100000000000004
0.152392
0.202564
0.14811000000000002
0.1349
0.147395
0.211565
0.289394
0.020812
0.0
0.0
0.0
0.0
0.0
0.0
0.0
0.0
0.0
0.0
0.0
0.0
0.0
0.0
0.0
0.000214
0.023715
0.056565
0.072274
0.089327
0.11531
0.046259
0.01731
0.00011300000000000001
0.0
0.0
0.0
0.0
0.0
0.0
0.0
0.0
0.0
0.0
0.0
0.0
0.0
0.0
0.0
0.0
0.006335
0.017403
0.021232
0.028314
0.023515
0.023541
0.021137
0.016260999999999998
0.0
0.0
0.0
0.0
0.0
0.0
0.0
0.0
0.0
0.0
0.0
0.0
0.0
0.0
0.0
0.001056
0.136409
0.26754500000000003
0.396442
0.482685
0.46592700000000004
0.38446800000000003
0.23877299999999999
0.017433
0.0
0.0
0.0
0.0
0.0
0.0
0.0
0.0
0.0
0.0
0.0
0.0
0.0
0.0
0.0
0.0
0.019463
0.025896000000000002
0.021062
0.017079
0.006346
0.001795
0.004046
0.009415
0.0
0.0
0.0
0.0
0.0
0.0
0.0
0.0
0.0
0.0
0.0
0.0
0.0
0.0
0.0
0.0
0.050404000000000004
0.08181699999999999
0.189136
0.27027300000000004
0.256324
0.123711
0.072643
0.014035
0.0
0.0
0.0
0.0
0.0
0.0
0.0
0.0
0.0
0.0
0.0
0.0
0.0
0.0
0.0
0.0
0.026114000000000002
0.037866
0.061651000000000004
0.07839499999999999
0.09988899999999999
0.094564
0.07943399999999999
0.037107
0.0
0.0
0.0
0.0
0.0
0.0
0.0
0.0
0.0
0.0
0.0
0.0
0.0
0.0
0.0
0.0
0.054803
0.08658
0.196732
0.188725
0.188455
0.12049800000000001
0.06809399999999999
0.011892
0.0
0.0
0.0
0.0
0.0
0.0
0.0
0.0
0.0
0.0
0.0
0.0
0.0
0.0
0.0
0.0
0.034151
0.06923399999999999
0.146292
0.190771
0.14926
0.125028
0.05717
0.019872
0.0
0.0
0.0
0.0
0.0
0.0
0.0
0.0
0.0
0.0
0.0
0.0
0.0
0.0
0.0
0.001792
0.18648599999999999
0.368705
0.461462
0.5079750000000001
0.43739
0.265395
0.16664500000000002
0.052139000000000005
0.0
0.0
0.0
0.0
0.0
0.0
0.0
0.0
0.0
0.0
0.0
0.0
0.0
0.0
0.0
0.0
0.076281
0.182708
0.282682
0.353585
0.342356
0.24481299999999998
0.173819
0.050014
0.0
0.0
0.0
0.0
0.0
0.0
0.0
0.0
0.0
0.0
0.0
0.0
0.0
0.0
0.0
0.0
0.037393
0.06124
0.089911
0.160371
0.133956
0.077964
0.032941000000000005
0.013852999999999999
0.0
0.0
0.0
0.0
0.0
0.0
0.0
0.0
0.0
0.0
0.0
0.0
0.0
0.0
0.0
0.0
0.042915
0.097045
0.175733
0.261971
0.488318
0.399235
0.237768
0.022183
0.0
0.0
0.0
0.0
0.0
0.0
0.0
0.0
0.0
0.0
0.0
0.0
0.0
0.0
0.0
0.0
0.217501
0.32439
0.456895
0.493037
0.460592
0.35018900000000003
0.169589
0.006335
0.0
0.0
0.0
0.0
0.0
0.0
0.0
0.0
0.0
0.0
0.0
0.0
0.0
0.0
0.0
0.0
0.124258
0.309216
0.43280599999999997
0.45377300000000004
0.433567
0.35791199999999995
0.20112799999999997
0.014324
0.0
0.0
0.0
0.0
0.0
0.0
0.0
0.0
0.0
0.0
0.0
0.0
0.0
0.0
0.0
0.0
0.116101
0.201587
0.383096
0.504733
0.480635
0.393129
0.230756
0.022291000000000002
0.0
0.0
0.0
0.0
0.0
0.0
0.0
0.0
0.0
0.0
0.0
0.0
0.0
0.0
0.0
0.0
0.123592
0.217768
0.303349
0.311288
0.426739
0.348194
0.20037100000000002
0.014893
0.0
0.0
0.0
0.0
0.0
0.0
0.0
0.0
0.0
0.0
0.0
0.0
0.0
0.0
0.0
0.0
0.11856
0.29022000000000003
0.427614
0.502449
0.441569
0.36551999999999996
0.20321
0.021432
0.0
0.0
0.0
0.0
0.0
0.0
0.0
0.0
0.0
0.0
0.0
0.0
0.0
0.0
0.0
0.0
0.097219
0.27161900000000005
0.42437
0.45332
0.432564
0.360834
0.220883
0.031420000000000003
0.0
0.0
0.0
0.0
0.0
0.0
0.0
0.0
0.0
0.0
0.0
0.0
0.0
0.0
0.0
0.0
0.030012
0.051192999999999995
0.047077
0.141759
0.107386
0.06485500000000001
0.052342
0.024811
0.0
0.0
0.0
0.0
0.0
0.0
0.0
0.0
0.0
0.0
0.0
0.0
0.0
0.0
0.0
0.0
0.06256199999999999
0.11461700000000001
0.219833
0.32888799999999996
0.454352
0.365663
0.202406
0.018236000000000002
0.0
0.0
0.0
0.0
0.0
0.0
0.0
0.0
0.0
0.0
0.0
0.0
0.0
0.0
0.0
0.0
0.014837999999999999
0.074447
0.13084
0.1384
0.139814
0.094053
0.049775
0.007304000000000001
0.0
0.0
0.0
0.0
0.0
0.0
0.0
0.0
0.0
0.0
0.0
0.0
0.0
0.0
0.0
0.0
0.036586
0.178133
0.161086
0.16029300000000002
0.12420300000000001
0.102722
0.069992
0.016413
0.0
0.0
0.0
0.0
0.0
0.0
0.0
0.0
0.0
0.0
0.0
0.0
0.0
0.0
0.0
0.0
0.019634
0.08011499999999999
0.138434
0.140195
0.140042
0.109367
0.06774899999999999
0.019483
0.0
0.0
0.0
0.0
0.0
0.0
0.0
0.0
0.0
0.0
0.0
0.0
0.0
0.0
0.0
0.0
0.050525
0.14846
0.24103899999999998
0.26547899999999997
0.224603
0.19111
0.108964
0.039353
0.0
0.0
0.0
0.0
0.0
0.0
0.0
0.0
0.0
0.0
0.0
0.0
0.0
0.0
0.0
0.0
0.032655
0.131399
0.270899
0.22100299999999998
0.243877
0.285897
0.191909
0.020454999999999997
0.0
0.0
0.0
0.0
0.0
0.0
0.0
0.0
0.0
0.0
0.0
0.0
0.0
0.0
0.0
0.0
0.140587
0.30935700000000005
0.394287
0.435829
0.420697
0.35778699999999997
0.186218
0.009852
0.0
0.0
0.0
0.0
0.0
0.0
0.0
0.0
0.0
0.0
0.0
0.0
0.0
0.0
0.0
0.0
0.017727
0.110709
0.23830500000000002
0.463217
0.455155
0.389737
0.19283
0.012267
0.0
0.0
0.0
0.0
0.0
0.0
0.0
0.0
0.0
0.0
0.0
0.0
0.0
0.0
0.0
0.0
0.09778700000000001
0.292283
0.423856
0.450897
0.42863799999999996
0.35200099999999995
0.191216
0.012709
0.0
0.0
0.0
0.0
0.0
0.0
0.0
0.0
0.0
0.0
0.0
0.0
0.0
0.0
0.0
0.0
0.081592
0.278088
0.421116
0.444457
0.431838
0.361238
0.191766
0.015587
0.0
0.0
0.0
0.0
0.0
0.0
0.0
0.0
0.0
0.0
0.0
0.0
0.0
0.0
0.0
0.0
0.072177
0.229077
0.41176100000000004
0.452945
0.466919
0.24023
0.202221
0.012679000000000001
0.0
0.0
0.0
0.0
0.0
0.0
0.0
0.0
0.0
0.0
0.0
0.0
0.0
0.0
0.0
0.0
0.03489
0.16307
0.265803
0.29202100000000003
0.311575
0.151951
0.110194
0.013571999999999999
0.0
0.0
0.0
0.0
0.0
0.0
0.0
0.0
0.0
0.0
0.0
0.0
0.0
0.0
0.0
0.0
0.019871
0.064068
0.132273
0.1732
0.16794
0.089316
0.061347
0.021911
0.0
0.0
0.0
0.0
0.0
0.0
0.0
0.0
0.0
0.0
0.0
0.0
0.0
0.0
0.0
0.0
0.028510999999999998
0.075861
0.174322
0.235794
0.333718
0.352313
0.19647399999999998
0.010485
0.0
0.0
0.0
0.0
0.0
0.0
0.0
0.0
0.0
0.0
0.0
0.0
0.0
0.0
0.0
0.0
0.054339
0.217756
0.29438200000000003
0.361856
0.335053
0.323727
0.22522499999999998
0.098118
0.0
0.0
0.0
0.0
0.0
0.0
0.0
0.0
0.0
0.0
0.0
0.0
0.0
0.0
0.0
0.0
0.103798
0.314342
0.412954
0.443952
0.41936399999999996
0.35539800000000005
0.189547
0.00893
0.0
0.0
0.0
0.0
0.0
0.0
0.0
0.0
0.0
0.0
0.0
0.0
0.0
0.0
0.0
0.0
0.069931
0.201511
0.40268099999999996
0.330394
0.27510700000000005
0.223971
0.12808
0.032523
0.0
0.0
0.0
0.0
0.0
0.0
0.0
0.0
0.0
0.0
0.0
0.0
0.0
0.0
0.0
0.0
0.008255
0.061445
0.14184
0.125298
0.122287
0.123292
0.068746
0.020222999999999998
0.0
0.0
0.0
0.0
0.0
0.0
0.0
0.0
0.0
0.0
0.0
0.0
0.0
0.0
0.0
0.0
0.076571
0.27520999999999995
0.42905
0.451553
0.438456
0.36660000000000004
0.20380099999999998
0.009789999999999998
0.0
0.0
0.0
0.0
0.0
0.0
0.0
0.0
0.0
0.0
0.0
0.0
0.0
0.0
0.0
0.0
0.063913
0.25237200000000004
0.38484199999999996
0.476014
0.447738
0.378276
0.214232
0.014921
0.0
0.0
0.0
0.0
0.0
0.0
0.0
0.0
0.0
0.0
0.0
0.0
0.0
0.0
0.0
0.0
0.051747999999999995
0.177851
0.32983999999999997
0.403478
0.436647
0.360267
0.20743799999999998
0.01089
0.0
0.0
0.0
0.0
0.0
0.0
0.0
0.0
0.0
0.0
0.0
0.0
0.0
0.0
0.0
0.0
0.069236
0.243356
0.390169
0.460775
0.442521
0.35965199999999997
0.20616
0.011465999999999999
0.0
0.0
0.0
0.0
0.0
0.0
0.0
0.0
0.0
0.0
0.0
0.0
0.0
0.0
0.0
0.0
0.077901
0.22156399999999998
0.400254
0.447834
0.473387
0.35945499999999997
0.211754
0.010739
0.0
0.0
0.0
0.0
0.0
0.0
0.0
0.0
0.0
0.0
0.0
0.0
0.0
0.0
0.0
0.0
0.10865699999999999
0.252036
0.32359899999999997
0.388928
0.45854500000000004
0.333637
0.2305
0.011398
0.0
0.0
0.0
0.0
0.0
0.0
0.0
0.0
0.0
0.0
0.0
0.0
0.0
0.0
0.0
0.0
0.020309
0.058165
0.09627200000000001
0.125495
0.07758499999999999
0.060621
0.043601999999999995
0.014316
0.0
0.0
0.0
0.0
0.0
