0.0
0.0
0.0
0.0
0.0
0.0
0.0
0.0
0.0
0.059083
0.27624200000000004
0.461212
0.458197
0.401121
0.275877
0.081055
0.0
0.0
0.0
0.0
0.0
0.0
0.0
0.0
0.0
0.0
0.0
0.0
0.0
0.0
0.0
0.0
0.0
0.066194
0.327079
0.47609199999999996
0.47025599999999995
0.410479
0.281536
0.068298
0.0
0.0
0.0
0.0
0.0
0.0
0.0
0.0
0.0
0.0
0.0
0.0
0.0
0.0
0.0
0.0
0.0
0.07525
0.319722
0.477228
0.469474
0.405709
0.27813499999999997
0.07071599999999999
0.0
0.0
0.0
0.0
0.0
0.0
0.0
0.0
0.0
0.0
0.0
0.0
0.0
0.0
0.0
0.0
0.0
0.016524
0.150847
0.392816
0.199357
0.107033
0.053363999999999995
0.007042
0.0
0.0
0.0
0.0
0.0
0.0
0.0
0.0
0.0
0.0
0.0
0.0
0.0
0.0
0.0
0.0
0.0
0.102363
0.396513
0.456199
0.457731
0.404766
0.305207
0.07621299999999999
0.0
0.0
0.0
0.0
0.0
0.0
0.0
0.0
0.0
0.0
0.0
0.0
0.0
0.0
0.0
0.0
0.0
0.115018
0.400038
0.44598200000000005
0.448073
0.39217399999999997
0.29144
0.077601
0.0
0.0
0.0
0.0
0.0
0.0
0.0
0.0
0.0
0.0
0.0
0.0
0.0
0.0
0.0
0.0
0.0
0.091789
0.34060700000000005
0.477743
0.45408699999999996
0.403745
0.287202
0.081111
0.0
0.0
0.0
0.0
0.0
0.0
0.0
0.0
0.0
0.0
0.0
0.0
0.0
0.0
0.0
0.0
0.0
0.065905
0.327357
0.48756299999999997
0.475264
0.411271
0.294507
0.091192
0.0
0.0
0.0
0.0
0.0
0.0
0.0
0.0
0.0
0.0
0.0
0.0
0.0
0.0
0.0
0.0
0.0
0.044476999999999996
0.30234
0.47812400000000005
0.463063
0.41200400000000004
0.284335
0.08670399999999999
0.0
0.0
0.0
0.0
0.0
0.0
0.0
0.0
0.0
0.0
0.0
0.0
0.0
0.0
0.0
0.0
0.0
0.048671
0.279118
0.397521
0.484192
0.409404
0.290156
0.090407
0.0
0.0
0.0
0.0
0.0
0.0
0.0
0.0
0.0
0.0
0.0
0.0
0.0
0.0
0.0
0.0
0.0
0.06839
0.325973
0.49498000000000003
0.477028
0.415207
0.29020100000000004
0.093756
0.0
0.0
0.0
0.0
0.0
0.0
0.0
0.0
0.0
0.0
0.0
0.0
0.0
0.0
0.0
0.0
0.0
0.08484799999999999
0.339811
0.481155
0.45404300000000003
0.401654
0.292551
0.099205
0.0
0.0
0.0
0.0
0.0
0.0
0.0
0.0
0.0
0.0
0.0
0.0
0.0
0.0
0.0
0.0
0.0
0.061595
0.062012
0.075424
0.10761
0.14287899999999998
0.129965
0.224055
0.0
0.0
0.0
0.0
0.0
0.0
0.0
0.0
0.0
0.0
0.0
0.0
0.0
0.0
0.0
0.0
0.0
0.023254999999999998
0.204387
0.491644
0.483313
0.427427
0.313687
0.115315
0.0
0.0
0.0
0.0
0.0
0.0
0.0
0.0
0.0
0.0
0.0
0.0
0.0
0.0
0.0
0.0
0.0
0.084092
0.34113499999999997
0.504293
0.499517
0.44079399999999996
0.322678
0.124769
0.0
0.0
0.0
0.0
0.0
0.0
0.0
0.0
0.0
0.0
0.0
0.0
0.0
0.0
0.0
0.0
0.0
0.074489
0.309338
0.430853
0.492037
0.4737
0.366999
0.13008699999999998
0.0
0.0
0.0
0.0
0.0
0.0
0.0
0.0
0.0
0.0
0.0
0.0
0.0
0.0
0.0
0.0
0.0
0.073257
0.33872
0.508892
0.49761500000000003
0.442269
0.32583999999999996
0.13569900000000001
0.0
0.0
0.0
0.0
0.0
0.0
0.0
0.0
0.0
0.0
0.0
0.0
0.0
0.0
0.0
0.0
0.0
0.08362
0.3376
0.504225
0.49110000000000004
0.439483
0.327214
0.1402
0.0
0.0
0.0
0.0
0.0
0.0
0.0
0.0
0.0
0.0
0.0
0.0
0.0
0.0
0.0
0.0
0.0
0.090688
0.34172399999999997
0.520183
0.501192
0.440985
0.337933
0.146483
0.0
0.0
0.0
0.0
0.0
0.0
0.0
0.0
0.0
0.0
0.0
0.0
0.0
0.0
0.0
0.0
0.0
0.09524200000000001
0.342976
0.490128
0.49220400000000003
0.500866
0.37431
0.193296
0.0
0.0
0.0
0.0
0.0
0.0
0.0
0.0
0.0
0.0
0.0
0.0
0.0
0.0
0.0
0.0
0.0
0.09450700000000001
0.35174900000000003
0.49613799999999997
0.510694
0.44871
0.339106
0.168055
0.0
0.0
0.0
0.0
0.0
0.0
0.0
0.0
0.0
0.0
0.0
0.0
0.0
0.0
0.0
0.0
0.0
0.093715
0.327824
0.511709
0.493247
0.45392899999999997
0.344634
0.168377
0.0
0.0
0.0
0.0
0.0
0.0
0.0
0.0
0.0
0.0
0.0
0.0
0.0
0.0
0.0
0.0
0.0
0.016616
0.213955
0.42727
0.5467690000000001
0.490794
0.382545
0.187316
0.0
0.0
0.0
0.0
0.0
0.0
0.0
0.0
0.0
0.0
0.0
0.0
0.0
0.0
0.0
0.0
0.0
0.038853
0.24534299999999998
0.466532
0.5611900000000001
0.517689
0.279061
0.108435
0.022701
0.0
0.0
0.0
0.0
0.0
0.0
0.0
0.0
0.0
0.0
0.0
0.0
0.0
0.0
0.0
0.0
0.056046
0.314573
0.446644
0.529314
0.485653
0.39027
0.201933
0.0
0.0
0.0
0.0
0.0
0.0
0.0
0.0
0.0
0.0
0.0
0.0
0.0
0.0
0.0
0.0
0.0
0.048064
0.245077
0.45005700000000004
0.544078
0.48759199999999997
0.38181
0.20088
0.0
0.0
0.0
0.0
0.0
0.0
0.0
0.0
0.0
0.0
0.0
0.0
0.0
0.0
0.0
0.0
0.0
0.032604999999999995
0.251642
0.439183
0.552326
0.49211200000000005
0.374485
0.19963499999999998
0.0
0.0
0.0
0.0
0.0
0.0
0.0
0.0
0.0
0.0
0.0
0.0
0.0
0.0
0.0
0.0
0.0
0.03792
0.251435
0.459627
0.555568
0.49485700000000005
0.403264
0.229952
0.0
0.0
0.0
0.0
0.0
0.0
0.0
0.0
0.0
0.0
0.0
0.0
0.0
0.0
0.0
0.0
0.0
0.044125
0.27358899999999997
0.456808
0.586303
0.5338999999999999
0.420161
0.22846100000000003
0.0
0.0
0.0
0.0
0.0
0.0
0.0
0.0
0.0
0.0
0.0
0.0
0.0
0.0
0.0
0.0
0.0
0.046549999999999994
0.278957
0.480305
0.5837169999999999
0.528456
0.418147
0.227571
0.0
0.0
0.0
0.0
0.0
0.0
0.0
0.0
0.0
0.0
0.0
0.0
0.0
0.0
0.0
0.0
0.0
0.049097999999999996
0.264598
0.475717
0.577557
0.5252
0.418219
0.237257
0.0
0.0
0.0
0.0
0.0
0.0
0.0
0.0
0.0
0.0
0.0
0.0
0.0
0.0
0.0
0.0
0.0039889999999999995
0.134086
0.270257
0.481779
0.537728
0.471422
0.37713
0.219066
0.0
0.0
0.0
0.0
0.0
0.0
0.0
0.0
0.0
0.0
0.0
0.0
0.0
0.0
0.0
0.0
0.0042910000000000005
0.13723
0.365565
0.5562619999999999
0.540668
0.483239
0.384125
0.223202
0.0
0.0
0.0
0.0
0.0
0.0
0.0
0.0
0.0
0.0
0.0
0.0
0.0
0.0
0.0
0.0
0.006599
0.138707
0.364502
0.547088
0.541224
0.49206
0.38805
0.228852
0.0
0.0
0.0
0.0
0.0
0.0
0.0
0.0
0.0
0.0
0.0
0.0
0.0
0.0
0.0
0.0
0.006658000000000001
0.148061
0.377023
0.551809
0.544299
0.48654899999999995
0.38804500000000003
0.228214
0.0
0.0
0.0
0.0
0.0
0.0
0.0
0.0
0.0
0.0
0.0
0.0
0.0
0.0
0.0
0.0
0.004811
0.104387
0.394884
0.5484009999999999
0.538489
0.4824
0.37565899999999997
0.23356800000000003
0.0
0.0
0.0
0.0
0.0
0.0
0.0
0.0
0.0
0.0
0.0
0.0
0.0
0.0
0.0
0.0
0.010407999999999999
0.162206
0.38470299999999996
0.5507759999999999
0.5366810000000001
0.49089499999999997
0.38897899999999996
0.24107499999999998
0.0
0.0
0.0
0.0
0.0
0.0
0.0
0.0
0.0
0.0
0.0
0.0
0.0
0.0
0.0
0.0
0.010277
0.17016
0.38059699999999996
0.54937
0.540184
0.49119
0.394128
0.247307
0.0
0.0
0.0
0.0
0.0
0.0
0.0
0.0
0.0
0.0
0.0
0.0
0.0
0.0
0.0
0.0
0.015808
0.095535
0.196289
0.548431
0.553411
0.504748
0.412335
0.253399
0.0
0.0
0.0
0.0
0.0
0.0
0.0
0.0
0.0
0.0
0.0
0.0
0.0
0.0
0.0
0.0
0.013448
0.173976
0.401807
0.557093
0.5512910000000001
0.496707
0.39054099999999997
0.257138
0.0
0.0
0.0
0.0
0.0
0.0
0.0
0.0
0.0
0.0
0.0
0.0
0.0
0.0
0.0
0.0
0.015655
0.167275
0.370398
0.548762
0.522477
0.554121
0.44564499999999996
0.288213
0.0
0.0
0.0
0.0
0.0
0.0
0.0
0.0
0.0
0.0
0.0
0.0
0.0
0.0
0.0
0.0
0.012867000000000002
0.12918000000000002
0.37900599999999995
0.565772
0.588659
0.52191
0.416065
0.27105799999999997
0.049375
0.0
0.0
0.0
0.0
0.0
0.0
0.0
0.0
0.0
0.0
0.0
0.0
0.0
0.0
0.0
0.018283
0.173254
0.387256
0.567507
0.5637920000000001
0.5122190000000001
0.41040699999999997
0.275249
0.052476999999999996
0.0
0.0
0.0
0.0
0.0
0.0
0.0
0.0
0.0
0.0
0.0
0.0
0.0
0.0
0.0
0.009143
0.07584099999999999
0.192041
0.266921
0.497983
0.594997
0.497036
0.379075
0.06675400000000001
0.0
0.0
0.0
0.0
0.0
0.0
0.0
0.0
0.0
0.0
0.0
0.0
0.0
0.0
0.0
0.022626
0.19463999999999998
0.400011
0.578948
0.549869
0.531905
0.429447
0.327255
0.059071
0.0
0.0
0.0
0.0
0.0
0.0
0.0
0.0
0.0
0.0
0.0
0.0
0.0
0.0
0.0
0.025604
0.20286
0.41958999999999996
0.582422
0.616738
0.46907499999999996
0.33003
0.25363399999999997
0.073387
0.0
0.0
0.0
0.0
0.0
0.0
0.0
0.0
0.0
0.0
0.0
0.0
0.0
0.0
0.0
0.028066
0.203224
0.422582
0.587073
0.5533250000000001
0.542851
0.427341
0.296721
0.06601900000000001
0.0
0.0
0.0
0.0
0.0
0.0
0.0
0.0
0.0
0.0
0.0
0.0
0.0
0.0
0.0
0.025608
0.204672
0.40363499999999997
0.54752
0.564357
0.54548
0.44665
0.308877
0.07111100000000001
0.0
0.0
0.0
0.0
0.0
0.0
0.0
0.0
0.0
0.0
0.0
0.0
0.0
0.0
0.0010429999999999999
0.018713999999999998
0.123863
0.265778
0.533631
0.566954
0.557855
0.466106
0.30927699999999997
0.07534600000000001
0.0
0.0
0.0
0.0
0.0
0.0
0.0
0.0
0.0
0.0
0.0
0.0
0.0
0.0
0.001972
0.030928999999999998
0.173896
0.371673
0.52777
0.569563
0.61915
0.494634
0.357085
0.17803
0.010603
0.0
0.0
0.0
0.0
0.0
0.0
0.0
0.0
0.0
0.0
0.0
0.0
0.0
0.000255
0.03528
0.209929
0.423531
0.600955
0.581332
0.514993
0.495762
0.420904
0.088527
0.0
0.0
0.0
0.0
0.0
0.0
0.0
0.0
0.0
0.0
0.0
0.0
0.0
0.0
0.0
0.028728999999999998
0.15620599999999998
0.21858699999999998
0.27149599999999996
0.33446
0.327305
0.361122
0.28063
0.227549
0.021045
0.0
0.0
0.0
0.0
0.0
0.0
0.0
0.0
0.0
0.0
0.0
0.0
0.0
0.0
0.03498
0.217089
0.435104
0.6029479999999999
0.60591
0.6344650000000001
0.51658
0.477923
0.237307
0.028239
0.0
0.0
0.0
0.0
0.0
0.0
0.0
0.0
0.0
0.0
0.0
0.0
0.0
0.0
0.052125
0.247267
0.43107799999999996
0.580022
0.570078
0.529989
0.47298700000000005
0.310094
0.10796599999999999
0.0
0.0
0.0
0.0
0.0
0.0
0.0
0.0
0.0
0.0
0.0
0.0
0.0
0.0
0.0
0.036326
0.194729
0.32641000000000003
0.602496
0.590212
0.537771
0.440298
0.319383
0.132643
0.0
0.0
0.0
0.0
0.0
0.0
0.0
0.0
0.0
0.0
0.0
0.0
0.0
0.0
0.0
0.040646999999999996
0.092903
0.274241
0.612895
0.574579
0.620788
0.487723
0.42409800000000003
0.121194
0.0
0.0
0.0
0.0
0.0
0.0
0.0
0.0
0.0
0.0
0.0
0.0
0.0
0.0
0.0
0.041036
0.135575
0.31734199999999996
0.335218
0.5017269999999999
0.34535899999999997
0.39907
0.23989
0.13112000000000001
0.061634999999999995
0.0
0.0
0.0
0.0
0.0
0.0
0.0
0.0
0.0
0.0
0.0
0.0
0.0
0.0
0.08743899999999999
0.26521100000000003
0.507773
0.585115
0.609967
0.603478
0.533219
0.372587
0.23381100000000002
0.067677
0.0
0.0
0.0
0.0
0.0
0.0
0.0
0.0
0.0
0.0
0.0
0.0
0.0
0.0
0.070201
0.274459
0.473537
0.61418
0.643537
0.594138
0.487058
0.428828
0.228648
0.075482
0.0
0.0
0.0
0.0
0.0
0.0
0.0
0.0
0.0
0.0
0.0
0.0
0.0
0.0
0.072491
0.264732
0.4477
0.5901900000000001
0.587448
0.5429930000000001
0.47852999999999996
0.36419999999999997
0.155858
0.066871
0.0
0.0
0.0
0.0
0.0
0.0
0.0
0.0
0.0
0.0
0.0
0.0
0.0
0.0
0.049637
0.254299
0.434765
0.609443
0.612422
0.557958
0.573648
0.290143
0.227877
0.0
0.0
0.0
0.0
0.0
0.0
0.0
0.0
0.0
0.0
0.0
0.0
0.0
0.0
0.0
0.074822
0.292115
0.491784
0.6038640000000001
0.624039
0.5770109999999999
0.479802
0.385587
0.162273
0.0
0.0
0.0
0.0
0.0
0.0
0.0
0.0
0.0
0.0
0.0
0.0
0.0
0.0
0.0
0.087211
0.279538
0.480294
0.628722
0.612108
0.5692619999999999
0.476812
0.344028
0.154554
0.0
0.0
0.0
0.0
0.0
0.0
0.0
0.0
0.0
0.0
0.0
0.0
0.0
0.0
0.0
0.09931100000000001
0.29768900000000004
0.48379700000000003
0.583525
0.6095309999999999
0.56749
0.471657
0.345519
0.158703
0.0
0.0
0.0
0.0
0.0
0.0
0.0
0.0
0.0
0.0
0.0
0.0
0.0
0.0
6.2e-05
0.09221599999999999
0.30814600000000003
0.504253
0.5737960000000001
0.585216
0.542946
0.44891000000000003
0.330832
0.160779
0.0
0.0
0.0
0.0
0.0
0.0
0.0
0.0
0.0
0.0
0.0
0.0
0.0
0.0
0.000126
0.116498
0.28195600000000004
0.43144099999999996
0.593468
0.637436
0.546581
0.464853
0.339424
0.16116
0.0
0.0
0.0
0.0
0.0
0.0
0.0
0.0
0.0
0.0
0.0
0.0
0.0
0.0
0.0
0.063515
0.20009100000000002
0.23936000000000002
0.299002
0.24492
0.197829
0.174324
0.091935
0.025875
0.028053
0.0
0.0
0.0
0.0
0.0
0.0
0.0
0.0
0.0
0.0
0.0
0.0
0.0
0.00013800000000000002
0.029204
0.080363
0.310448
0.45965300000000003
0.314698
0.384149
0.41533600000000004
0.29787
0.209279
0.0
0.0
0.0
0.0
0.0
0.0
0.0
0.0
0.0
0.0
0.0
0.0
0.0
0.0
0.000308
0.074182
0.23783500000000002
0.428105
0.5687340000000001
0.637879
0.591465
0.502298
0.374681
0.177051
0.0
0.0
0.0
0.0
0.0
0.0
0.0
0.0
0.0
0.0
0.0
0.0
0.0
0.0
0.007979
0.111094
0.211783
0.24906899999999998
0.226605
0.16972700000000002
0.187654
0.214397
0.17427600000000001
0.116092
0.050226999999999994
0.0
0.0
0.0
0.0
0.0
0.0
0.0
0.0
0.0
0.0
0.0
0.0
0.0
0.033241
0.262393
0.164821
0.434142
0.638282
0.629528
0.581954
0.49344499999999997
0.367563
0.189988
0.0
0.0
0.0
0.0
0.0
0.0
0.0
0.0
0.0
0.0
0.0
0.0
0.0
0.0
0.010688000000000001
0.127897
0.259407
0.337075
0.51524
0.662369
0.5930829999999999
0.494103
0.365104
0.188036
0.0
0.0
0.0
0.0
0.0
0.0
0.0
0.0
0.0
0.0
0.0
0.0
0.0
0.0
0.000368
0.07814499999999999
0.30883999999999995
0.485473
0.660669
0.668906
0.631159
0.526811
0.395538
0.254589
0.0
0.0
0.0
0.0
0.0
0.0
0.0
0.0
0.0
0.0
0.0
0.0
0.0
0.0
0.000456
0.013553
0.051337
0.10847799999999999
0.132686
0.102799
0.022242
0.0
0.0
0.0
0.0
0.0
0.0
0.0
0.0
0.0
0.0
0.0
0.0
0.0
0.0
0.0
0.0
0.0
0.0
0.0
0.0
0.097979
0.580742
0.741694
0.733668
0.535236
0.398204
0.21734399999999998
0.0
0.0
0.0
0.0
0.0
0.0
0.0
0.0
0.0
0.0
0.0
0.0
0.0
0.0
0.013007
0.104499
0.375935
0.596321
0.652241
0.6887559999999999
0.6580900000000001
0.558556
0.395326
0.244527
0.0
0.0
0.0
0.0
0.0
0.0
0.0
0.0
0.0
0.0
0.0
0.0
0.0
0.0
0.010718
0.175632
0.396083
0.594897
0.642448
0.645962
0.6061599999999999
0.517786
0.392177
0.217886
0.0
0.0
0.0
0.0
0.0
0.0
0.0
0.0
0.0
0.0
0.0
0.0
0.0
0.0
0.024818
0.182862
0.368888
0.497184
0.63598
0.6629120000000001
0.690886
0.5013179999999999
0.29603500000000005
0.253755
0.0
0.0
0.0
0.0
0.0
0.0
0.0
0.0
0.0
0.0
0.0
0.0
0.0
0.0
0.027513000000000003
0.18570599999999998
0.393594
0.576942
0.6536900000000001
0.493147
0.699958
0.540193
0.394329
0.22546000000000002
0.0
0.0
0.0
0.0
0.0
0.0
0.0
0.0
0.0
0.0
0.0
0.0
0.0
0.0
0.032418999999999996
0.19556800000000002
0.399177
0.580228
0.6413479999999999
0.611509
0.600121
0.519703
0.398278
0.231411
0.0
0.0
0.0
0.0
0.0
0.0
0.0
0.0
0.0
0.0
0.0
0.0
0.0
0.0
0.013640000000000001
0.114699
0.32162799999999997
0.449791
0.68408
0.65796
0.6208899999999999
0.532143
0.40569
0.242281
0.0
0.0
0.0
0.0
0.0
0.0
0.0
0.0
0.0
0.0
0.0
0.0
0.0
0.0
0.040386000000000005
0.19931100000000002
0.409808
0.577627
0.6504800000000001
0.662602
0.600485
0.537602
0.365068
0.23824700000000001
0.039735
0.0
0.0
0.0
0.0
0.0
0.0
0.0
0.0
0.0
0.0
0.0
0.0
0.0
0.018451000000000002
0.127987
0.301987
0.382464
0.6724840000000001
0.6756960000000001
0.6068239999999999
0.5302859999999999
0.399635
0.237156
0.027898
0.0
0.0
0.0
0.0
0.0
0.0
0.0
0.0
0.0
0.0
0.0
0.0
0.0
0.066929
0.080705
0.177951
0.193251
0.219352
0.630415
0.6164959999999999
0.345066
0.5325829999999999
0.29277499999999995
0.079941
0.0
0.0
0.0
0.0
0.0
0.0
0.0
0.0
0.0
0.0
0.0
0.0
0.0
0.045357999999999996
0.208362
0.410105
0.606197
0.5449489999999999
0.403508
0.506237
0.5892200000000001
0.517812
0.33095800000000003
0.077981
0.0
0.0
0.0
0.0
0.0
0.0
0.0
0.0
0.0
0.0
0.0
0.0
0.0
0.051563000000000005
0.219583
0.41576100000000005
0.589901
0.6502319999999999
0.630543
0.610521
0.513423
0.403111
0.24049299999999998
0.032093
0.0
0.0
0.0
0.0
0.0
0.0
0.0
0.0
0.0
0.0
0.0
0.0
0.0
0.023546
0.094814
0.160532
0.235647
0.318476
0.38564299999999996
0.402599
0.418643
0.209302
0.222413
0.165432
0.011704
0.0
0.0
0.0
0.0
0.0
0.0
0.0
0.0
0.0
0.0
0.0
0.0
0.056371000000000004
0.21628299999999998
0.417841
0.602657
0.657168
0.6611699999999999
0.619735
0.58754
0.481962
0.243621
0.050925
0.0
0.0
0.0
0.0
0.0
0.0
0.0
0.0
0.0
0.0
0.0
0.0
0.0
0.064482
0.224329
0.380795
0.22534200000000001
0.342612
0.472069
0.40551
0.410623
0.526832
0.259733
0.038735
0.0
0.0
0.0
0.0
0.0
0.0
0.0
0.0
0.0
0.0
0.0
0.0
0.0
0.048781
0.232184
0.41950099999999996
0.599563
0.540418
0.695831
0.320945
0.320184
0.132524
0.184752
0.106509
0.0
0.0
0.0
0.0
0.0
0.0
0.0
0.0
0.0
0.0
0.0
0.0
0.0
0.07623300000000001
0.249416
0.44755700000000004
0.622278
0.6564
0.659932
0.615044
0.529475
0.420267
0.259215
0.044404000000000006
0.0
0.0
0.0
0.0
0.0
0.0
0.0
0.0
0.0
0.0
0.0
0.0
0.0
0.088037
0.26462
0.48351
0.626064
0.663814
0.715175
0.670904
0.657257
0.566919
0.368181
0.157412
0.0
0.0
0.0
0.0
0.0
0.0
0.0
0.0
0.0
0.0
0.0
0.0
0.0
0.034201999999999996
0.23835900000000002
0.45328199999999996
0.619347
0.6559640000000001
0.6526259999999999
0.612414
0.5293260000000001
0.411568
0.259009
0.050326
0.0
0.0
0.0
0.0
0.0
0.0
0.0
0.0
0.0
0.0
0.0
0.0
0.0
0.089369
0.27410399999999996
0.455484
0.614303
0.638542
0.645894
0.5895589999999999
0.5259349999999999
0.409092
0.257324
0.053382
0.0
0.0
0.0
0.0
0.0
0.0
0.0
0.0
0.0
0.0
0.0
0.0
0.0
0.085127
0.248734
0.44249900000000003
0.579256
0.639934
0.6345149999999999
0.601283
0.518169
0.44645100000000004
0.28296899999999997
0.064515
0.0
0.0
0.0
0.0
0.0
0.0
0.0
0.0
0.0
0.0
0.0
0.0
0.0
0.012733000000000001
0.055529
0.0018009999999999999
0.11626399999999999
0.11363899999999999
0.0
0.0
0.0
0.0
0.0
0.0
0.0
0.0
0.0
0.0
0.0
0.0
0.0
0.0
0.0
0.0
0.0
0.0
0.0
0.074457
0.132512
0.370301
0.53195
0.675904
0.742523
0.700532
0.49007799999999996
0.381344
0.293
0.08837300000000001
0.008724
0.0
0.0
0.0
0.0
0.0
0.0
0.0
0.0
0.0
0.0
0.0
0.0
0.06528400000000001
0.157235
0.24607300000000001
0.170344
0.356056
0.704603
0.737082
0.522632
0.42078699999999997
0.337849
0.108877
0.0
0.0
0.0
0.0
0.0
0.0
0.0
0.0
0.0
0.0
0.0
0.0
0.00013000000000000002
0.0
0.055593000000000004
0.170633
0.300281
0.5202859999999999
0.463959
0.655065
0.6571670000000001
0.513363
0.347412
0.127893
0.0
0.0
0.0
0.0
0.0
0.0
0.0
0.0
0.0
0.0
0.0
0.0
0.0
0.052562
0.24025200000000002
0.443443
0.35659500000000005
0.36178899999999997
0.243925
0.35276
0.090342
0.153733
0.35212
0.098118
0.005573000000000001
0.0
0.0
0.0
0.0
0.0
0.0
0.0
0.0
0.0
0.0
0.0
0.0042060000000000005
0.105851
0.252438
0.444959
0.599537
0.67099
0.6516029999999999
0.6129560000000001
0.5505
0.43787200000000004
0.28039800000000004
0.082425
0.0
0.0
0.0
0.0
0.0
0.0
0.0
0.0
0.0
0.0
0.0
0.0
0.0
0.08859099999999999
0.257671
0.437864
0.574255
0.625866
0.6881520000000001
0.45439100000000004
0.386865
0.260604
0.383123
0.136084
0.017157
0.0
0.0
0.0
0.0
0.0
0.0
0.0
0.0
0.0
0.0
0.0
0.000308
0.097593
0.261158
0.44197000000000003
0.563978
0.617109
0.609217
0.612146
0.5827129999999999
0.47688200000000003
0.297573
0.08246099999999999
0.0
0.0
0.0
0.0
0.0
0.0
0.0
0.0
0.0
0.0
0.0
0.0
0.0038309999999999998
0.095011
0.246013
0.433288
0.6110399999999999
0.6649299999999999
0.669744
0.631281
0.5502480000000001
0.449757
0.34243799999999996
0.151303
0.012171
0.0
0.0
0.0
0.0
0.0
0.0
0.0
0.0
0.0
0.0
0.0
0.0
0.0125
0.08343099999999999
0.174289
0.38073599999999996
0.5536319999999999
0.739553
0.7250800000000001
0.417498
0.28262200000000004
0.22140600000000002
0.080813
0.0
0.0
0.0
0.0
0.0
0.0
0.0
0.0
0.0
0.0
0.0
0.0
0.0
0.023960000000000002
0.09416500000000001
0.14634899999999998
0.30165
0.260291
0.333998
0.40063099999999996
0.557995
0.486179
0.333918
0.172452
0.00937
0.0
0.0
0.0
0.0
0.0
0.0
0.0
0.0
0.0
0.0
0.0
0.0
0.106128
0.234655
0.194586
0.176531
0.216561
0.259113
0.352947
0.247846
0.425328
0.081122
0.059633000000000005
0.008041
0.0
0.0
0.0
0.0
0.0
0.0
0.0
0.0
0.0
0.0
0.0
0.0
0.0
0.0
0.0
0.0
0.006089000000000001
0.088878
0.116577
0.132438
0.12186
0.047899000000000004
0.0
0.0
0.0
0.0
0.0
0.0
0.0
0.0
0.0
0.0
0.0
0.0
0.0
0.00023899999999999998
0.046216
0.130498
0.35245800000000005
0.239686
0.671881
0.39715
0.41055200000000003
0.401382
0.322498
0.229018
0.155634
0.0
0.0
0.0
0.0
0.0
0.0
0.0
0.0
0.0
0.0
0.0
0.0
0.0
0.048186
0.2127
0.310787
0.364553
0.156153
0.142427
0.137368
0.515772
0.521982
0.318517
0.100209
0.0
0.0
0.0
0.0
0.0
0.0
0.0
0.0
0.0
0.0
0.0
0.0
0.0
0.032598
0.19986600000000002
0.352215
0.426205
0.5210159999999999
0.5924919999999999
0.492998
0.543931
0.452137
0.254217
0.121041
0.02432
0.0
0.0
0.0
0.0
0.0
0.0
0.0
0.0
0.0
0.0
0.0
0.0
0.04983
0.238164
0.38566
0.468132
0.659792
0.682577
0.6269
0.5674389999999999
0.465822
0.330808
0.16759200000000002
0.026621
0.0
0.0
0.0
0.0
0.0
0.0
0.0
0.0
0.0
0.0
0.0
0.0
0.008511
0.12046899999999999
0.178566
0.307168
0.384427
0.395873
0.344782
0.420865
0.39111900000000005
0.140066
0.20667
0.027396999999999998
0.0
0.0
0.0
0.0
0.0
0.0
0.0
0.0
0.0
0.0
0.0
0.025729
0.06556100000000001
0.37537200000000004
0.425894
0.626469
0.699745
0.683083
0.6407849999999999
0.5658150000000001
0.44509699999999996
0.296566
0.10599599999999999
0.0
0.0
0.0
0.0
0.0
0.0
0.0
0.0
0.0
0.0
0.0
0.0
0.024411000000000002
0.126987
0.29195800000000005
0.46057600000000004
0.589956
0.6094360000000001
0.659539
0.6731889999999999
0.5771470000000001
0.467881
0.34672699999999995
0.17143799999999998
0.033305999999999995
0.0
0.0
0.0
0.0
0.0
0.0
0.0
0.0
0.0
0.0
0.0
0.001871
0.111461
0.27028800000000003
0.391483
0.5264690000000001
0.675106
0.722752
0.420646
0.350706
0.179304
0.270368
0.0
0.007762
0.0
0.0
0.0
0.0
0.0
0.0
0.0
0.0
0.0
0.0
0.0
0.025837
0.104052
0.231074
0.30002
0.44076600000000005
0.612318
0.631617
0.6490990000000001
0.615574
0.504223
0.35650099999999996
0.193773
0.018501
0.0
0.0
0.0
0.0
0.0
0.0
0.0
0.0
0.0
0.0
0.0
0.016573
0.077515
0.192655
0.279115
0.34252999999999995
0.475678
0.5608479999999999
0.477765
0.46286900000000003
0.259116
0.15921100000000002
0.07673999999999999
0.033259
0.0
0.0
0.0
0.0
0.0
0.0
0.0
0.0
0.0
0.0
0.0
0.012236
0.068978
0.185516
0.325686
0.475868
0.552948
0.6074400000000001
0.5380170000000001
0.372944
0.312577
0.273414
0.130356
0.007511
0.0
0.0
0.0
0.0
0.0
0.0
0.0
0.0
0.0
0.0
0.0
0.0
0.001567
0.011696999999999999
0.09517300000000001
0.20422800000000002
0.410877
0.381856
0.444199
0.451182
0.347219
0.147392
0.0
0.0
0.0
0.0
0.0
0.0
0.0
0.0
0.0
0.0
0.0
0.0
0.0
0.054576
0.17263599999999998
0.353267
0.5201870000000001
0.6301209999999999
0.66571
0.657591
0.607705
0.541981
0.43978300000000004
0.30124
0.120813
0.0
0.0
0.0
0.0
0.0
0.0
0.0
0.0
0.0
0.0
0.0
0.0
0.021456
0.144258
0.317074
0.435423
0.5705180000000001
0.46911200000000003
0.43730399999999997
0.38324400000000003
0.436608
0.550559
0.306714
0.137155
0.004148
0.0
0.0
0.0
0.0
0.0
0.0
0.0
0.0
0.0
0.0
0.0
0.054968
0.171433
0.35294099999999995
0.517062
0.655107
0.692468
0.6918150000000001
0.649645
0.571742
0.452474
0.307475
0.13961500000000002
0.0
0.0
0.0
0.0
0.0
0.0
0.0
0.0
0.0
0.0
0.0
0.0
0.054167
0.1751
0.348988
0.523161
0.63801
0.6772659999999999
0.668529
0.621322
0.5594
0.464783
0.300691
0.124935
0.0
0.0
0.0
0.0
0.0
0.0
0.0
0.0
0.0
0.0
0.0
0.0
0.048124
0.150636
0.310299
0.468758
0.5650320000000001
0.203912
0.503433
0.426665
0.444953
0.553303
0.311393
0.140838
0.0
0.0
0.0
0.0
0.0
0.0
0.0
0.0
0.0
0.0
0.0
0.0
0.056280000000000004
0.149858
0.311024
0.46412
0.5951420000000001
0.676626
0.6683640000000001
0.626851
0.5721689999999999
0.46342
0.32081099999999996
0.155885
0.0
0.0
0.0
0.0
0.0
0.0
0.0
0.0
0.0
0.0
0.0
0.0
0.038924999999999994
0.168545
0.324918
0.466096
0.6300800000000001
0.670611
0.666347
0.631321
0.6509109999999999
0.478213
0.39176
0.288266
0.077762
0.01595
0.0
0.0
0.0
0.0
0.0
0.0
0.0
0.0
0.0
0.0
0.008444
0.048858
0.079633
0.209239
0.20656
0.21903299999999998
0.218149
0.45927100000000004
0.674489
0.429604
0.371919
0.134153
0.00272
0.0
0.0
0.0
0.0
0.0
0.0
0.0
0.0
0.0
0.0
0.0
0.061941
0.175533
0.328624
0.485682
0.63544
0.643691
0.730169
0.520281
0.640983
0.542683
0.37476299999999996
0.208893
0.042809
0.0
0.0
0.0
0.0
0.0
0.0
0.0
0.0
0.0
0.0
0.0
0.062509
0.181089
0.349226
0.48041
0.597752
0.655054
0.568546
0.426405
0.130082
0.22156499999999998
0.16243000000000002
0.116634
0.01007
0.0
0.0
0.0
0.0
0.0
0.0
0.0
0.0
0.0
0.0
0.0
0.038617
0.155361
0.209226
0.251819
0.254262
0.406406
0.30835
0.49588099999999996
0.193137
0.045929000000000005
0.023853000000000003
0.011685000000000001
0.005775000000000001
0.0
0.0
0.0
0.0
0.0
0.0
0.0
0.0
0.0
0.0
0.0
0.027947
0.084985
0.14938200000000001
0.282649
0.346109
0.394808
0.380172
0.328555
0.223326
0.14954599999999998
0.10509099999999999
0.06915900000000001
0.060326
0.0
0.0
0.0
0.0
0.0
0.0
0.0
0.0
0.0
0.0
0.0
0.066483
0.19090700000000002
0.356388
0.5005419999999999
0.6073500000000001
0.636741
0.645836
0.5982820000000001
0.552689
0.47143799999999997
0.35812
0.181827
0.023801
0.0
0.0
0.0
0.0
0.0
0.0
0.0
0.0
0.0
0.0
0.0
0.014566
0.03143
0.052383000000000006
0.155303
0.422131
0.668326
0.685584
0.6353479999999999
0.568652
0.451912
0.317235
0.144875
0.005575999999999999
0.0
0.0
0.0
0.0
0.0
0.0
0.0
0.0
0.0
0.0
0.0
0.065699
0.187265
0.35930900000000005
0.520678
0.64143
0.716058
0.695769
0.728284
0.637161
0.511722
0.32483300000000004
0.145768
0.0061849999999999995
0.0
0.0
0.0
0.0
0.0
0.0
0.0
0.0
0.0
0.0
0.005627
0.07127800000000001
0.137869
0.157792
0.27294
0.3679
0.6347809999999999
0.307957
0.045274999999999996
0.0
0.099233
0.018515999999999998
0.0
0.012048999999999999
0.0
0.0
0.0
0.0
0.0
0.0
0.0
0.0
0.0
0.0
0.0
0.024007999999999998
0.100836
0.11570399999999999
0.10577800000000001
0.116245
0.11131100000000001
0.126573
0.254932
0.42674
0.538146
9.7e-05
0.100736
0.060888
0.0021360000000000003
0.0
0.0
0.0
0.0
0.0
0.0
0.0
0.0
0.0
0.0034590000000000003
0.069297
0.185089
0.34447300000000003
0.466981
0.553212
0.694228
0.191239
0.145171
0.65449
0.136197
0.27599900000000005
0.19762000000000002
0.038409
0.0
0.0
0.0
0.0
0.0
0.0
0.0
0.0
0.0
0.0
0.001327
0.06924899999999999
0.1675
0.322447
0.497092
0.467685
0.394976
0.290516
0.35050099999999995
0.257386
0.231524
0.15295699999999998
0.171375
0.056247
0.0
0.0
0.0
0.0
0.0
0.0
0.0
0.0
0.0
0.0
0.0035259999999999996
0.070648
0.189055
0.34637599999999996
0.49063
0.594094
0.62674
0.5719529999999999
0.473579
0.617971
0.48238099999999995
0.37137
0.176968
0.010252
0.0
0.0
0.0
0.0
0.0
0.0
0.0
0.0
0.0
0.0
0.001305
0.06859
0.157899
0.34226
0.456032
0.598054
0.694386
0.683568
0.682902
0.5448569999999999
0.431296
0.342785
0.192802
0.14368999999999998
0.019364999999999997
0.0
0.0
0.0
0.0
0.0
0.0
0.0
0.0
0.0
0.0
0.040218000000000004
0.099506
0.013826
0.29586399999999996
0.42638099999999995
0.592482
0.701385
0.5186029999999999
0.295663
0.24065999999999999
0.20068
0.034935
0.011628999999999999
0.001471
0.0
0.0
0.0
0.0
0.0
0.0
0.0
0.0
0.0
0.0
0.038363999999999995
0.116101
0.322563
0.343344
0.506189
0.681079
0.676571
0.658537
0.592135
0.47264100000000003
0.33843799999999996
0.185787
0.023114
0.004764
0.0
0.0
0.0
0.0
0.0
0.0
0.0
0.0
0.0
0.003612
0.049424
0.173034
0.340644
0.494906
0.633892
0.674894
0.657866
0.6316
0.5535599999999999
0.453314
0.315466
0.161296
0.018242
0.0
0.0
0.0
0.0
0.0
0.0
0.0
0.0
0.0
0.0
0.005485
0.070924
0.14934
0.143351
0.32129800000000003
0.497727
0.25009
0.138176
0.6857559999999999
0.5723469999999999
0.468404
0.424892
0.25939100000000004
0.058622999999999995
0.02518
0.0
0.0
0.0
0.0
0.0
0.0
0.0
0.0
0.0
0.007924
0.074385
0.199469
0.361348
0.5196799999999999
0.635193
0.713007
0.656343
0.281148
0.33952
0.129475
0.08154600000000001
0.244534
0.038429000000000005
0.0
0.0
0.0
0.0
0.0
0.0
0.0
0.0
0.0
0.0
0.0
0.042058
0.148725
0.356055
0.559159
0.674685
0.431247
0.717194
0.64737
0.5666950000000001
0.452723
0.330807
0.168784
0.016927
0.0
0.0
0.0
0.0
0.0
0.0
0.0
0.0
0.0
0.0
0.007922
0.074007
0.192845
0.34997300000000003
0.492991
0.576078
0.543572
0.530993
0.575035
0.495579
0.445712
0.34874099999999997
0.192203
0.048826999999999995
0.0053230000000000005
0.0
0.0
0.0
0.0
0.0
0.0
0.0
0.0
0.0
0.005089000000000001
0.068228
0.171574
0.308313
0.434864
0.52324
0.595465
0.66242
0.619448
0.565883
0.467733
0.35334899999999997
0.205915
0.058304
0.000458
0.0
0.0
0.0
0.0
0.0
0.0
0.0
0.0
0.0
0.001288
0.033479999999999996
0.121546
0.131048
0.17044900000000002
0.16553700000000002
0.06496299999999999
0.236288
0.5350689999999999
0.589937
0.486079
0.392424
0.209815
0.08794199999999999
0.029190999999999998
0.0
0.0
0.0
0.0
0.0
0.0
0.0
0.0
0.0
0.0
0.035366
0.087483
0.171566
0.272266
0.371574
0.5461950000000001
0.7247899999999999
0.677415
0.6592530000000001
0.327852
0.257474
0.229543
0.128328
0.031136
0.0
0.0
0.0
0.0
0.0
0.0
0.0
0.0
0.0
0.001478
0.07621299999999999
0.188384
0.34007299999999996
0.462483
0.5984550000000001
0.6433
0.642428
0.584254
0.405853
0.517899
0.356979
0.204569
0.079329
0.005762
0.0
0.0
0.0
0.0
0.0
0.0
0.0
0.0
0.0
0.005677
0.075876
0.190135
0.34125599999999995
0.479733
0.6060059999999999
0.679615
0.7012480000000001
0.634976
0.569272
0.46815300000000004
0.33669499999999997
0.244925
0.078969
0.0
0.0
0.0
0.0
0.0
0.0
0.0
0.0
0.0
0.0
0.015779
0.075954
0.17613499999999999
0.318486
0.47024
0.576181
0.632967
0.623319
0.5859070000000001
0.53944
0.45000799999999996
0.36033
0.291242
0.110903
0.008832000000000001
0.0
0.0
0.0
0.0
0.0
0.0
0.0
0.0
0.0
0.001286
0.067635
0.17502099999999998
0.330238
0.462198
0.61082
0.661091
0.662943
0.670436
0.436946
0.200041
0.409171
0.195282
0.120434
0.021916
0.0
0.0
0.0
0.0
0.0
0.0
0.0
0.0
0.0
0.0
0.04469
0.117838
0.164439
0.330365
0.5329729999999999
0.6444439999999999
0.656236
0.503011
0.568627
0.22616
0.07428
0.090093
0.141641
0.023754
0.0
0.0
0.0
0.0
0.0
0.0
0.0
0.0
0.0
0.0
0.034610999999999996
0.082074
0.117952
0.43335500000000005
0.6269210000000001
0.572274
0.689407
0.710878
0.556789
0.570945
0.44222
0.046047
0.0866
0.011571
0.0
0.0
0.0
0.0
0.0
0.0
0.0
0.0
0.0
0.0
0.001578
0.047886000000000005
0.034843000000000006
0.038227
0.034465
0.075682
0.090906
0.100153
0.094289
0.128298
0.210195
0.18846700000000002
0.136539
0.015389
0.0
0.0
0.0
0.0
0.0
0.0
0.0
0.0
0.0
0.009356
0.078291
0.195606
0.348078
0.49477899999999997
0.6151660000000001
0.652087
0.647818
0.627776
0.556688
0.45900799999999997
0.35131
0.180036
0.029373999999999997
0.0
0.0
0.0
0.0
0.0
0.0
0.0
0.0
0.0
0.0
0.004974
0.076829
0.245772
0.306927
0.326534
0.373085
0.270515
0.35075599999999996
0.312132
0.269383
0.188321
0.118373
0.086551
0.039471
0.00683
0.0
0.0
0.0
0.0
0.0
0.0
0.0
0.0
0.0
0.0
0.0
0.0
0.0
0.0
0.0
0.0
0.0
0.0
0.0
0.0
0.0
0.0
0.0
0.0
0.0
0.0
0.0
0.0
0.0
0.0
0.0
0.0
0.0
0.0
0.0
0.0
0.0
0.0
0.0
0.0
0.0
0.0
0.0
0.0
0.0
0.00011
0.00015
0.0
0.0
0.0
0.0
0.0
0.0
0.0
0.0
0.0
0.0
0.001417
0.025008
0.047953
0.051958
0.123169
0.126188
0.11719199999999999
0.123136
0.19428499999999999
0.181869
0.106532
0.20874700000000002
0.13986500000000002
0.082138
0.024848
0.0
0.0
0.0
0.0
0.0
0.0
0.0
0.0
0.0
0.0
0.022550999999999998
0.057059
0.10129099999999999
0.12345199999999999
0.211946
0.236589
0.316631
0.23769800000000002
0.254136
0.269276
0.253268
0.132761
0.067551
0.031374
0.0
0.0
0.0
0.0
0.0
0.0
0.0
0.0
0.0
0.011637
0.079817
0.199853
0.32693700000000003
0.49136799999999997
0.579602
0.17925
0.364437
0.564408
0.22943
0.41368400000000005
0.334984
0.202572
0.069821
0.012214000000000001
0.0
0.0
0.0
0.0
0.0
0.0
0.0
0.0
0.0
0.011596
0.078441
0.19148500000000002
0.33992700000000003
0.476425
0.57862
0.625331
0.621316
0.667258
0.342012
0.476921
0.43547399999999997
0.24140299999999998
0.049398000000000004
0.0
0.0
0.0
0.0
0.0
0.0
0.0
0.0
0.0
0.0
0.009311
0.078791
0.181651
0.321591
0.443318
0.582757
0.629424
0.632019
0.5977720000000001
0.354947
0.0
0.0
0.009179
0.084866
0.015564999999999999
0.0
0.0
0.0
0.0
0.0
0.0
0.0
0.0
0.0
0.007755
0.07954699999999999
0.17832699999999999
0.17684899999999998
0.479699
0.580119
0.47196899999999997
0.0
0.037738
0.427789
0.12339499999999999
0.25035
0.168388
0.059823
0.00039
0.0
0.0
0.0
0.0
0.0
0.0
0.0
0.0
0.0
0.009082000000000002
0.07801000000000001
0.19372399999999998
0.328276
0.455223
0.560729
0.604487
0.581921
0.35094099999999995
0.42477499999999996
0.27136
0.19742500000000002
0.259906
0.066178
0.0
0.0
0.0
0.0
0.0
0.0
0.0
0.0
0.0
0.0
0.0
0.018317
0.037168999999999994
0.007783
0.0
0.0
0.0
0.0
0.0
0.0
0.01923
0.110616
0.07509600000000001
0.043155
0.017769
0.0
0.0
0.0
0.0
0.0
0.0
0.0
0.0
0.0
0.005696
0.07831199999999999
0.1926
0.336675
0.47450099999999995
0.6063310000000001
0.652605
0.6493099999999999
0.6364930000000001
0.614831
0.384197
0.40513
0.26424000000000003
0.094567
0.01815
0.0
0.0
0.0
0.0
0.0
0.0
0.0
0.0
0.0
0.006355
0.03185
0.071025
0.099105
0.17073500000000003
0.135416
0.06462000000000001
0.09246599999999999
0.066243
0.06708599999999999
0.084233
0.07460800000000001
0.038612
0.016107
0.0053289999999999995
0.0
0.0
0.0
0.0
0.0
0.0
0.0
0.0
0.0
0.002748
0.039439
0.066873
0.057729
0.117581
0.17543899999999998
0.210105
0.14424700000000001
0.08871599999999999
0.094712
0.048509000000000004
0.034569
0.032805
0.026940000000000002
0.008944
0.0
0.0
0.0
0.0
0.0
0.0
0.0
0.0
0.0
0.0
0.052948
0.17935900000000002
0.297719
0.40892399999999995
0.328718
0.44542899999999996
0.381834
0.692462
0.6381870000000001
0.519777
0.40494600000000003
0.223124
0.125773
0.041584
0.0
0.0
0.0
0.0
0.0
0.0
0.0
0.0
0.0
0.009314
0.102949
0.16254
0.20253200000000002
0.388493
0.574566
0.6556810000000001
0.61136
0.213638
0.217955
0.289348
0.33204500000000003
0.255072
0.09042
0.017478999999999998
0.0
0.0
0.0
0.0
0.0
0.0
0.0
0.0
0.0
0.007964
0.07825
0.187318
0.330769
0.450161
0.598973
0.659865
0.689894
0.6679149999999999
0.627469
0.507781
0.434724
0.241523
0.036134
0.0
0.0
0.0
0.0
0.0
0.0
0.0
0.0
0.0
0.0
0.007873
0.077523
0.188012
0.33788999999999997
0.467814
0.600934
0.644675
0.622799
0.60449
0.547848
0.456226
0.340296
0.187268
0.035819000000000004
0.0
0.0
0.0
0.0
0.0
0.0
0.0
0.0
0.0
0.0
0.001355
0.07579999999999999
0.18024
0.300899
0.452885
0.5455990000000001
0.412954
0.365234
0.6436649999999999
0.56502
0.452003
0.335109
0.20709
0.040566000000000005
0.05343
0.0
0.0
0.0
0.0
0.0
0.0
0.0
0.0
0.0
0.0
0.026382000000000003
0.050982
0.256615
0.32155399999999995
0.48174
0.538241
0.6482680000000001
0.5641849999999999
0.536884
0.309427
0.218037
0.182081
0.09467400000000001
0.035418
0.0
0.0
0.0
0.0
0.0
0.0
0.0
0.0
0.0
0.0
0.060662999999999995
0.140376
0.28383600000000003
0.44138499999999997
0.580262
0.642072
0.641827
0.626469
0.558514
0.46619900000000003
0.386418
0.19087600000000002
0.050838999999999995
0.014992
0.0
0.0
0.0
0.0
0.0
0.0
0.0
0.0
0.0
0.0
0.042671
0.127198
0.259409
0.384344
0.489533
0.6360159999999999
0.673037
0.6489320000000001
0.613812
0.529944
0.429202
0.126044
0.085093
0.042273000000000005
0.0
0.0
0.0
0.0
0.0
0.0
0.0
0.0
0.0
0.005183
0.062917
0.163499
0.23877600000000002
0.333699
0.224126
0.09360500000000001
0.185825
0.658377
0.595949
0.278903
0.40060399999999996
0.134986
0.061454999999999996
0.016152
0.0
0.0
0.0
0.0
0.0
0.0
0.0
0.0
0.0
0.0054210000000000005
0.07317
0.17762899999999998
0.332234
0.470982
0.591635
0.619201
0.621454
0.66
0.5306040000000001
0.453317
0.333541
0.186616
0.093626
0.016991
0.0
0.0
0.0
0.0
0.0
0.0
0.0
0.0
0.0
0.0
0.026685
0.057844
0.093336
0.13228299999999998
0.118809
0.286254
0.619097
0.613924
0.5529700000000001
0.460176
0.327779
0.255187
0.08742100000000001
0.0
0.0
0.0
0.0
0.0
0.0
0.0
0.0
0.0
0.0
0.001184
0.07115600000000001
0.15351599999999999
0.31234100000000004
0.43344600000000005
0.542968
0.6294379999999999
0.625659
0.6721280000000001
0.427829
0.251357
0.19229300000000002
0.189218
0.062512
0.0
0.0
0.0
0.0
0.0
0.0
0.0
0.0
0.0
0.0
0.001153
0.044954
0.164086
0.320361
0.267515
0.363789
0.499113
0.495353
0.543529
0.59333
0.51736
0.374979
0.222472
0.036177
0.0
0.0
0.0
0.0
0.0
0.0
0.0
0.0
0.0
0.0
0.003337
0.07312
0.170798
0.316744
0.450992
0.5657960000000001
0.5468
0.5624170000000001
0.6198400000000001
0.6156119999999999
0.46634699999999996
0.375531
0.19661
0.042939
0.0
0.0
0.0
0.0
0.0
0.0
0.0
0.0
0.0
0.0
0.003263
0.0716
0.16856000000000002
0.314301
0.436479
0.563416
0.612709
0.613615
0.598503
0.51201
0.43393400000000004
0.326755
0.186251
0.036499000000000004
0.0
0.0
0.0
0.0
0.0
0.0
0.0
0.0
0.0
0.0
0.001193
0.071934
0.162966
0.306729
0.434067
0.527258
0.5927100000000001
0.592528
0.6020059999999999
0.537772
0.442481
0.337188
0.191592
0.08609
0.052424
0.0
0.0
0.0
0.0
0.0
0.0
0.0
0.0
0.0
0.005208999999999999
0.03445
0.167441
0.256877
0.32837900000000003
0.22598400000000002
0.33064299999999996
0.475713
0.447651
0.528901
0.147734
0.181285
0.189435
0.10181699999999999
0.033176000000000004
0.0
0.0
0.0
0.0
0.0
0.0
0.0
0.0
0.0
0.0011439999999999998
0.067206
0.15962
0.311137
0.402822
0.518595
0.6379239999999999
0.5889070000000001
0.5555410000000001
0.5503830000000001
0.431894
0.33952
0.184898
0.039166
0.0
0.0
0.0
0.0
0.0
0.0
0.0
0.0
0.0
0.0
0.0
0.025832
0.08564
0.21245
0.21990600000000002
0.30211200000000005
0.492719
0.495064
0.453825
0.393897
0.06563899999999999
0.0
0.013359999999999999
0.042759
0.023183
0.0
0.0
0.0
0.0
0.0
0.0
0.0
0.0
0.0
0.0
0.03261
0.08826099999999999
0.200774
0.209593
0.567693
0.6293150000000001
0.6671609999999999
0.586609
0.329975
0.243112
0.16250499999999998
0.015641
0.047003
0.0
0.0
0.0
0.0
0.0
0.0
0.0
0.0
0.0
0.0
0.004624
0.034784999999999996
0.155371
0.285917
0.335382
0.45302800000000004
0.31153699999999995
0.346722
0.158072
0.18765
0.492318
0.319324
0.107087
0.07197100000000001
0.012531
0.0
0.0
0.0
0.0
0.0
0.0
0.0
0.0
0.0
0.0
0.0014039999999999999
0.027806
0.034101
0.045786
0.049942
0.091833
0.107512
0.181159
0.107548
0.164834
0.092059
0.055197
0.019376
0.003006
0.0
0.0
0.0
0.0
0.0
0.0
0.0
0.0
0.0
0.002448
0.054721
0.17835499999999999
0.30476
0.451507
0.5483429999999999
0.636559
0.603742
0.439983
0.343029
0.132657
0.357107
0.180107
0.053202
0.013560000000000001
0.0
0.0
0.0
0.0
0.0
0.0
0.0
0.0
0.0
0.0
0.028850999999999998
0.139159
0.22125899999999998
0.241794
0.27074400000000004
0.343068
0.369612
0.580564
0.416339
0.403285
0.43529199999999996
0.233593
0.049196
0.0
0.0
0.0
0.0
0.0
0.0
0.0
0.0
0.0
0.0
0.0
0.020741
0.065731
0.14663800000000002
0.31501799999999996
0.40370100000000003
0.229882
0.671404
0.667312
0.465065
0.480549
0.254162
0.10928
0.056932
0.018398
0.0
0.0
0.0
0.0
0.0
0.0
0.0
0.0
0.0
0.0
0.021702000000000003
0.085976
0.16316399999999998
0.254509
0.477929
0.48786900000000005
0.5817380000000001
0.32988
0.0
0.008711
0.126717
0.081375
0.071438
0.027136
0.0
0.0
0.0
0.0
0.0
0.0
0.0
0.0
0.0
0.0
0.021832999999999998
0.027786
0.251667
0.247351
0.253923
0.298056
0.532785
0.504951
0.525411
0.32954700000000003
0.384532
0.078595
0.08548
0.0
0.0
0.0
0.0
0.0
0.0
0.0
0.0
0.0
0.0
0.0
0.065134
0.153528
0.302115
0.450686
0.580005
0.64439
0.6526879999999999
0.624435
0.554646
0.457226
0.338435
0.182073
0.029064
0.0
0.0
0.0
0.0
0.0
0.0
0.0
0.0
0.0
0.0
0.0
0.041545
0.152334
0.30038299999999996
0.405995
0.471951
0.597232
0.674826
0.6353949999999999
0.6059009999999999
0.362008
0.41124700000000003
0.05293
0.038403
0.0
0.0
0.0
0.0
0.0
0.0
0.0
0.0
0.0
0.0
0.0
0.012621
0.13542099999999999
0.292817
0.42887200000000003
0.5517369999999999
0.633519
0.32060700000000003
0.018582
0.279247
0.5445570000000001
0.370996
0.243625
0.027224
0.0
0.0
0.0
0.0
0.0
0.0
0.0
0.0
0.0
0.0
0.0
0.061831000000000004
0.128193
0.2291
0.27765100000000004
0.556766
0.605803
0.386889
0.375698
0.036884
0.338852
0.15140199999999998
0.0
0.016325
0.003983
0.0
0.0
0.0
0.0
0.0
0.0
0.0
0.0
0.0
0.0
0.046479
0.063552
0.11851
0.238072
0.370123
0.443492
0.684472
0.43482
0.101824
0.17899
0.420922
0.13369499999999998
0.06903000000000001
0.0
0.0
0.0
0.0
0.0
0.0
0.0
0.0
0.0
0.0
0.0
0.057466
0.115853
0.250323
0.422374
0.558278
0.6530940000000001
0.650578
0.620206
0.554492
0.44469200000000003
0.343187
0.18762
0.035324
0.001664
0.0
0.0
0.0
0.0
0.0
0.0
0.0
0.0
0.0
0.0
0.042961
0.13250499999999998
0.258408
0.385872
0.564735
0.511526
0.609259
0.619442
0.563044
0.46787799999999996
0.34289299999999995
0.18488300000000002
0.026001
0.0
0.0
0.0
0.0
0.0
0.0
0.0
0.0
0.0
0.0
0.0
0.038768000000000004
0.131995
0.27012200000000003
0.40122800000000003
0.515596
0.5912569999999999
0.60301
0.576864
0.546516
0.44964
0.33916
0.329535
0.171511
0.00183
0.0
0.0
0.0
0.0
0.0
0.0
0.0
0.0
0.0
0.0
0.042913
0.133357
0.269688
0.41438200000000003
0.537814
0.635752
0.629363
0.597448
0.5438529999999999
0.448377
0.32483999999999996
0.173367
0.019476
0.0
0.0
0.0
0.0
0.0
0.0
0.0
0.0
0.0
0.0
0.0
0.007041
0.057669
0.139161
0.326229
0.490604
0.571981
0.7021000000000001
0.656485
0.6021920000000001
0.470003
0.33684
0.17065
0.018796
0.0
0.0
0.0
0.0
0.0
0.0
0.0
0.0
0.0
0.0
0.0
0.0
0.0
0.0
0.0
0.0
0.11260200000000001
0.213238
0.30384300000000003
0.492621
0.503161
0.283001
0.088093
0.0
0.001279
0.0
0.0
0.0
0.0
0.0
0.0
0.0
0.0
0.0
0.0
0.01348
0.029809000000000002
0.079096
0.171236
0.402962
0.444583
0.6295729999999999
0.581761
0.542293
0.173727
0.18120599999999998
0.217995
0.016196000000000002
0.0
0.0
0.0
0.0
0.0
0.0
0.0
0.0
0.0
0.0
0.0
0.049158
0.009538
0.115246
0.12259199999999999
0.082438
0.07721299999999999
0.184607
0.157079
0.23702299999999998
0.286754
0.27521300000000004
0.122219
0.038225
0.0
0.0
0.0
0.0
0.0
0.0
0.0
0.0
0.0
0.0
0.0
0.02816
0.049566000000000006
0.057203000000000004
0.08069499999999999
0.12268000000000001
0.17597100000000002
0.411242
0.550172
0.6399
0.453312
0.384104
0.182034
0.013711000000000001
0.0
0.0
0.0
0.0
0.0
0.0
0.0
0.0
0.0
0.0
0.001472
0.053917
0.157465
0.314685
0.464363
0.599212
0.617664
0.631816
0.6345839999999999
0.534868
0.462263
0.314512
0.157088
0.012225
0.0
0.0
0.0
0.0
0.0
0.0
0.0
0.0
0.0
0.0
0.001571
0.055265
0.099286
0.12040000000000001
0.194126
0.218478
0.621445
0.6871970000000001
0.361327
0.33631599999999995
0.11676900000000001
0.169109
0.17069
0.070994
0.010707000000000001
0.0
0.0
0.0
0.0
0.0
0.0
0.0
0.0
0.0
0.0
0.02179
0.098194
0.123212
0.161915
0.217334
0.489473
0.609707
0.687013
0.5560309999999999
0.41025900000000004
0.36979
0.22476300000000002
0.138215
0.008773999999999999
0.0
0.0
0.0
0.0
0.0
0.0
0.0
0.0
0.0
2e-06
0.026387
0.10207
0.15342
0.166902
0.20968199999999998
0.261351
0.354344
0.373196
0.38258800000000004
0.37327
0.381771
0.328867
0.016169
0.0
0.0
0.0
0.0
0.0
0.0
0.0
0.0
0.0
0.0
9.2e-05
0.050021
0.13996199999999998
0.276031
0.41113099999999997
0.54123
0.634779
0.647183
0.63313
0.556332
0.454341
0.328661
0.14999600000000002
0.00799
0.0
0.0
0.0
0.0
0.0
0.0
0.0
0.0
0.0
0.0
0.0
0.049821
0.135386
0.280426
0.425697
0.5362680000000001
0.59746
0.642709
0.599817
0.541046
0.440992
0.312865
0.145564
0.007061
0.0
0.0
0.0
0.0
0.0
0.0
0.0
0.0
0.0
0.0
0.0
0.04852600000000001
0.148984
0.249644
0.352026
0.45468000000000003
0.422862
0.5525979999999999
0.376925
0.277508
0.27506400000000003
0.189501
0.093257
0.054819
0.0
0.0
0.0
0.0
0.0
0.0
0.0
0.0
0.0
0.0
0.0
0.027986999999999998
0.043427
0.11373
0.148094
0.190938
0.415917
0.617439
0.572903
0.543539
0.49685199999999996
0.32755900000000004
0.18684800000000001
0.005583
0.0
0.0
0.0
0.0
0.0
0.0
0.0
0.0
0.0
0.0
0.0
0.043629
0.111356
0.23976599999999998
0.35815499999999995
0.40756
0.6109289999999999
0.511892
0.32513099999999995
0.21104499999999998
0.15732300000000002
0.14635800000000002
0.072601
0.045109
0.0
0.0
0.0
0.0
0.0
0.0
0.0
0.0
0.0
0.0
0.0
0.043970999999999996
0.10613500000000001
0.25091800000000003
0.21359999999999998
0.183282
0.261278
0.183232
0.20397800000000002
0.21334999999999998
0.548505
0.37909899999999996
0.13742400000000002
0.004099
0.0
0.0
0.0
0.0
0.0
0.0
0.0
0.0
0.0
0.0
0.0
0.044326
0.09932200000000001
0.154864
0.230869
0.43410000000000004
0.524342
0.5834969999999999
0.5610259999999999
0.492279
0.50645
0.39829000000000003
0.211583
0.008990999999999999
0.0
0.0
0.0
0.0
0.0
0.0
0.0
0.0
0.0
0.0
0.0
0.039703
0.10490000000000001
0.176467
0.44811599999999996
0.513596
0.634682
0.620247
0.618062
0.520204
0.41723000000000005
0.297192
0.174238
0.008161
0.0
0.0
0.0
0.0
0.0
0.0
0.0
0.0
0.0
0.0
0.0
0.036463999999999996
0.141411
0.302301
0.412931
0.573086
0.6460309999999999
0.631605
0.646201
0.593055
0.532476
0.266485
0.178939
0.00116
0.0
0.0
0.0
0.0
0.0
0.0
0.0
0.0
0.0
0.0
0.0
0.039112
0.13665799999999997
0.283293
0.368288
0.476219
0.5430929999999999
0.484467
0.466377
0.306079
0.037094999999999996
0.19525399999999998
0.144058
0.014643000000000002
0.0
0.0
0.0
0.0
0.0
0.0
0.0
0.0
0.0
0.0
0.0
0.039041
0.139536
0.279112
0.387031
0.551756
0.531901
0.424951
0.691517
0.5406449999999999
0.533394
0.289174
0.123211
0.0
0.0
0.0
0.0
0.0
0.0
0.0
0.0
0.0
0.0
0.0
0.0
0.012480999999999999
0.138264
0.239841
0.438395
0.537593
0.5913579999999999
0.587986
0.59203
0.509741
0.415252
0.288664
0.119478
0.0
0.0
0.0
0.0
0.0
0.0
0.0
0.0
0.0
0.0
0.0
0.0
0.038844000000000004
0.125199
0.275546
0.421199
0.543785
0.6553859999999999
0.682298
0.6751180000000001
0.386321
0.356148
0.441072
0.276772
0.001119
0.0
0.0
0.0
0.0
0.0
0.0
0.0
0.0
0.0
0.0
0.0
0.031892
0.06890399999999999
0.123349
0.226061
0.17994
0.222699
0.27287700000000004
0.319653
0.40119299999999997
0.343911
0.29467899999999997
0.192663
0.009405
0.0
0.0
0.0
0.0
0.0
0.0
0.0
0.0
0.0
0.0
0.0
0.0
0.042673
0.075879
0.16924899999999998
0.28713299999999997
0.235046
0.31579
0.43643200000000004
0.5550879999999999
0.381964
0.34950200000000003
0.153184
0.0
0.0
0.0
0.0
0.0
0.0
0.0
0.0
0.0
0.0
0.0
0.0
0.026654
0.124146
0.285689
0.43332
0.5316470000000001
0.620228
0.62682
0.589485
0.526942
0.44193400000000005
0.319034
0.105747
0.0
0.0
0.0
0.0
0.0
0.0
0.0
0.0
0.0
0.0
0.0
0.0
0.017475
0.040223999999999996
0.095125
0.159476
0.438986
0.61215
0.6609360000000001
0.621466
0.520258
0.41476100000000005
0.275981
0.102247
0.0
0.0
0.0
0.0
0.0
0.0
0.0
0.0
0.0
0.0
0.0
0.0
0.023964
0.096718
0.101837
0.067755
0.061293
0.064477
0.151845
0.17387200000000003
0.32861900000000005
0.496165
0.294311
0.100544
0.021429
0.0
0.0
0.0
0.0
0.0
0.0
0.0
0.0
0.0
0.0
0.0
0.027879
0.116085
0.279327
0.387262
0.545876
0.514081
0.388745
0.586828
0.570938
0.529601
0.33304700000000004
0.121184
0.0
0.0
0.0
0.0
0.0
0.0
0.0
0.0
0.0
0.0
0.0
0.0
0.017546
0.08581100000000001
0.192305
0.30991
0.398192
0.497048
0.5601889999999999
0.544079
0.5410929999999999
0.45784199999999997
0.333715
0.126879
0.0
0.0
0.0
0.0
0.0
0.0
0.0
0.0
0.0
0.0
0.0
0.0
0.022036
0.097023
0.237846
0.370908
0.495602
0.589213
0.628173
0.585866
0.489907
0.414762
0.27648700000000004
0.089316
0.0
0.0
0.0
0.0
0.0
0.0
0.0
0.0
0.0
0.0
0.0
0.0
0.020893000000000002
0.09106
0.230619
0.38565
0.507402
0.620718
0.6218319999999999
0.580557
0.512887
0.44483999999999996
0.311
0.09504699999999999
0.0
0.0
0.0
0.0
0.0
0.0
0.0
0.0
0.0
0.0
0.0
0.0
0.023452
0.104152
0.24007699999999998
0.382317
0.486798
0.60865
0.6065499999999999
0.586468
0.5191939999999999
0.412497
0.271975
0.0843
0.0
0.0
0.0
0.0
0.0
0.0
0.0
0.0
0.0
0.0
0.0
0.0
0.012546
0.08574599999999999
0.24601800000000001
0.39185899999999996
0.515113
0.578995
0.6163569999999999
0.588015
0.5163949999999999
0.405279
0.224459
0.14421899999999999
0.003946
0.0
0.0
0.0
0.0
0.0
0.0
0.0
0.0
0.0
0.0
0.0
0.017737
0.09369499999999999
0.24329900000000002
0.390642
0.507337
0.5791430000000001
0.6040599999999999
0.590256
0.512803
0.453431
0.28444200000000003
0.078566
0.0
0.0
0.0
0.0
0.0
0.0
0.0
0.0
0.0
0.0
0.0
0.0
0.0
0.049219
0.127897
0.133413
0.363418
0.290482
0.309159
0.48757799999999996
0.471541
0.298248
0.210214
0.029280999999999998
0.0
0.0
0.0
0.0
0.0
0.0
0.0
0.0
0.0
0.0
0.0
0.0
0.0
0.0862
0.23475
0.42044600000000004
0.58453
0.6404500000000001
0.6354339999999999
0.588673
0.539515
0.432833
0.293401
0.066056
0.0
0.0
0.0
0.0
0.0
0.0
0.0
0.0
0.0
0.0
0.0
0.0
0.007815
0.09904500000000001
0.247375
0.421508
0.575966
0.623512
0.632386
0.654172
0.552822
0.431529
0.245243
0.061697
0.0
0.0
0.0
0.0
0.0
0.0
0.0
0.0
0.0
0.0
0.0
0.0
0.007758
0.101415
0.269512
0.440601
0.575666
0.624815
0.6261950000000001
0.585317
0.52274
0.44465499999999997
0.27815100000000004
0.056273000000000004
0.0
0.0
0.0
0.0
0.0
0.0
0.0
0.0
0.0
0.0
0.0
0.0
0.0
0.0
0.0
0.030588
0.535284
0.47138
0.25953699999999996
0.34741500000000003
0.5311119999999999
0.327729
0.33801400000000004
0.077314
0.0
0.0
0.0
0.0
0.0
0.0
0.0
0.0
0.0
0.0
0.0
0.0
0.003247
0.048448
0.180068
0.26330200000000004
0.5083179999999999
0.617096
0.6211369999999999
0.575437
0.49992899999999996
0.38629
0.233109
0.047106
0.0
0.0
0.0
0.0
0.0
0.0
0.0
0.0
0.0
0.0
0.0
0.0
0.003334
0.094373
0.259793
0.43188099999999996
0.573036
0.621803
0.618195
0.574898
0.500333
0.381478
0.229245
0.041881
0.0
0.0
0.0
0.0
0.0
0.0
0.0
0.0
0.0
0.0
0.0
0.0
0.003241
0.081829
0.188879
0.40040699999999996
0.41127199999999997
0.445556
0.5303869999999999
0.373562
0.29375
0.259403
0.218682
0.129329
0.0
0.0
0.0
0.0
0.0
0.0
0.0
0.0
0.0
0.0
0.0
0.0
0.0
0.036109999999999996
0.24531299999999998
0.268402
0.531221
0.62182
0.660186
0.58925
0.490028
0.384504
0.262407
0.034595999999999995
0.0
0.0
0.0
0.0
0.0
0.0
0.0
0.0
0.0
0.0
0.0
0.0
0.0
0.054657
0.10535599999999999
0.147363
0.19719399999999998
0.27385899999999996
0.294538
0.502084
0.12414
0.48606299999999997
0.37598000000000004
0.044406999999999995
0.0
0.0
0.0
0.0
0.0
0.0
0.0
0.0
0.0
0.0
0.0
0.0
0.0009360000000000001
0.085665
0.248803
0.428752
0.581952
0.621955
0.619754
0.58135
0.502741
0.38070600000000004
0.213763
0.027188
0.0
0.0
0.0
0.0
0.0
0.0
0.0
0.0
0.0
0.0
0.0
0.0
0.0
0.084103
0.251593
0.415719
0.526138
0.490607
0.641725
0.5933189999999999
0.54741
0.427839
0.270849
0.024297999999999997
0.0
0.0
0.0
0.0
0.0
0.0
0.0
0.0
0.0
0.0
0.0
0.0
0.0
0.083528
0.257541
0.441053
0.5141910000000001
0.61541
0.621119
0.5704779999999999
0.494131
0.37063799999999997
0.211787
0.023001999999999998
0.0
0.0
0.0
0.0
0.0
0.0
0.0
0.0
0.0
0.0
0.0
0.0
0.0
0.081966
0.252386
0.431565
0.547351
0.6065969999999999
0.587131
0.5595800000000001
0.476088
0.36087400000000003
0.19893799999999998
0.019961
0.0
0.0
0.0
0.0
0.0
0.0
0.0
0.0
0.0
0.0
0.0
0.0
0.0
0.066665
0.124122
0.117287
0.33812200000000003
0.596048
0.610814
0.5404589999999999
0.47969799999999996
0.383584
0.26102499999999995
0.0
0.0
0.0
0.0
0.0
0.0
0.0
0.0
0.0
0.0
0.0
0.0
0.0
0.0
0.07445399999999999
0.232263
0.41736399999999996
0.527181
0.6116240000000001
0.59992
0.565427
0.47622000000000003
0.360849
0.190059
0.0
0.0
0.0
0.0
0.0
0.0
0.0
0.0
0.0
0.0
0.0
0.0
0.0
0.0
0.07006
0.165152
0.322926
0.549061
0.566222
0.561258
0.5490130000000001
0.468296
0.351801
0.187416
0.0
0.0
0.0
0.0
0.0
0.0
0.0
0.0
0.0
0.0
0.0
0.0
0.0
0.0
0.06607299999999999
0.227693
0.398642
0.515715
0.567135
0.5939650000000001
0.542526
0.46636500000000003
0.350673
0.18984800000000002
0.0
0.0
0.0
0.0
0.0
0.0
0.0
0.0
0.0
0.0
0.0
0.0
0.0
0.0
0.066248
0.19788399999999998
0.367418
0.490056
0.598884
0.593649
0.544119
0.49038099999999996
0.351877
0.110098
0.006509
0.0
0.0
0.0
0.0
0.0
0.0
0.0
0.0
0.0
0.0
0.0
0.0
0.0
0.055238
0.203059
0.369453
0.494462
0.587504
0.599622
0.5579339999999999
0.46890899999999996
0.35673
0.187772
0.00046899999999999996
0.0
0.0
0.0
0.0
0.0
0.0
0.0
0.0
0.0
0.0
0.0
0.0
0.0
0.014495
0.06773399999999999
0.275911
0.452051
0.578437
0.600953
0.563909
0.49646300000000004
0.393677
0.194168
0.005162
0.0
0.0
0.0
0.0
0.0
0.0
0.0
0.0
0.0
0.0
0.0
0.0
0.0
0.008171
0.044099
0.093274
0.30063999999999996
0.33549799999999996
0.453807
0.485248
0.5431900000000001
0.36499000000000004
0.22251400000000002
0.088644
0.0
0.0
0.0
0.0
0.0
0.0
0.0
0.0
0.0
0.0
0.0
0.0
0.0
0.0
0.006102000000000001
0.020460000000000002
0.028724
0.0
0.0
0.0
0.0
0.0
0.0
0.0
0.0
0.0
0.0
0.0
0.0
0.0
0.0
0.0
0.0
0.0
0.0
0.0
0.0
0.0
0.0
0.0
0.0
0.0
0.008197
0.038185000000000004
0.033679
0.001678
0.0
0.0
0.0
0.0
0.0
0.0
0.0
0.0
0.0
0.0
0.0
0.0
0.0
0.0
0.0
0.0
0.0
0.0
0.0
0.044531
0.042159
0.059531999999999995
0.058127000000000005
0.047436
0.0
0.016329
0.0
0.0
0.0
0.0
0.0
0.0
0.0
0.0
0.0
0.0
0.0
0.0
0.0
0.012235
0.070154
0.14999700000000002
0.260146
0.40578800000000004
0.651081
0.534822
0.433099
0.325121
0.14912999999999998
0.0
0.0
0.0
0.0
0.0
0.0
0.0
0.0
0.0
0.0
0.0
0.0
0.0
0.0
0.046493
0.19672800000000001
0.367969
0.503913
0.573198
0.555508
0.569685
0.456774
0.329593
0.144079
0.021022
0.0
0.0
0.0
0.0
0.0
0.0
0.0
0.0
0.0
0.0
0.0
0.0
0.0
0.029443
0.175065
0.361224
0.477806
0.600223
0.5890839999999999
0.543119
0.45465300000000003
0.324003
0.161942
0.0
0.0
0.0
0.0
0.0
0.0
0.0
0.0
0.0
0.0
0.0
0.0
0.0
0.0
0.04158
0.19858099999999998
0.372645
0.5175299999999999
0.5848300000000001
0.595024
0.527008
0.47781599999999996
0.383675
0.194298
0.105022
0.0
0.0
0.0
0.0
0.0
0.0
0.0
0.0
0.0
0.0
0.0
0.0
0.0
0.014055
0.137295
0.18928399999999998
0.267063
0.5809249999999999
0.5970460000000001
0.611312
0.431307
0.356117
0.205792
0.07153
0.0
0.0
0.0
0.0
0.0
0.0
0.0
0.0
0.0
0.0
0.0
0.0
0.0
0.023161
0.184481
0.375474
0.545375
0.5971900000000001
0.5947250000000001
0.551833
0.46146499999999996
0.32388
0.117023
0.013658
0.0
0.0
0.0
0.0
0.0
0.0
0.0
0.0
0.0
0.0
0.0
0.0
0.0
0.008493
0.040798
0.036109999999999996
0.07862699999999999
0.185951
0.238254
0.127975
0.18267
0.37602300000000005
0.193174
0.014465
0.0
0.0
0.0
0.0
0.0
0.0
0.0
0.0
0.0
0.0
0.0
0.0
0.0
0.026024000000000002
0.177143
0.368861
0.505238
0.563722
0.5839529999999999
0.532678
0.444983
0.336842
0.17699
0.059155
0.0
0.0
0.0
0.0
0.0
0.0
0.0
0.0
0.0
0.0
0.0
0.0
0.0
0.009576000000000001
0.051718
0.129616
0.268736
0.455856
0.631205
0.594602
0.28082999999999997
0.18850399999999998
0.157777
0.0
0.0
0.0
0.0
0.0
0.0
0.0
0.0
0.0
0.0
0.0
0.0
0.0
0.0
0.02354
0.18071700000000002
0.366906
0.5129020000000001
0.557253
0.576272
0.52934
0.44812
0.305643
0.09142600000000001
0.0
0.0
0.0
0.0
0.0
0.0
0.0
0.0
0.0
0.0
0.0
0.0
0.0
0.0
0.014658
0.157234
0.321944
0.463991
0.542295
0.6040359999999999
0.31765499999999997
0.182498
0.09508499999999999
0.02026
0.0
0.0
0.0
0.0
0.0
0.0
0.0
0.0
0.0
0.0
0.0
0.0
0.0
0.0
0.0
0.0
0.022675999999999998
0.090973
0.024684
0.056523000000000004
0.052205
0.120619
0.124038
0.13791
0.00651
0.0
0.0
0.0
0.0
0.0
0.0
0.0
0.0
0.0
0.0
0.0
0.0
0.0
0.016848
0.142708
0.267291
0.5508460000000001
0.605364
0.5801660000000001
0.523068
0.42572899999999997
0.283968
0.065938
0.0
0.0
0.0
0.0
0.0
0.0
0.0
0.0
0.0
0.0
0.0
0.0
0.0
0.0
0.029669
0.20073500000000002
0.344029
0.486327
0.611029
0.603384
0.50871
0.41701900000000003
0.284673
0.065232
0.0
0.0
0.0
0.0
0.0
0.0
0.0
0.0
0.0
0.0
0.0
0.0
0.0
0.0
0.00608
0.034516
0.051637999999999996
0.229546
0.5387799999999999
0.5564819999999999
0.580222
0.428645
0.285262
0.055346
0.0
0.0
0.0
0.0
0.0
0.0
0.0
0.0
0.0
0.0
0.0
0.0
0.0
0.0
0.014728999999999999
0.177969
0.381144
0.5193840000000001
0.602579
0.587074
0.545336
0.43237400000000004
0.27442099999999997
0.051606
0.0
0.0
0.0
0.0
0.0
0.0
0.0
0.0
0.0
0.0
0.0
0.0
0.0
0.0
0.010077
0.167439
0.375353
0.547846
0.58645
0.580794
0.526732
0.426514
0.274312
0.046972
0.0
0.0
0.0
0.0
0.0
0.0
0.0
0.0
0.0
0.0
0.0
0.0
0.0
0.0
0.008497
0.157734
0.352366
0.51886
0.585077
0.5723959999999999
0.524014
0.423939
0.269759
0.042801
0.0
0.0
0.0
0.0
0.0
0.0
0.0
0.0
0.0
0.0
0.0
0.0
0.0
0.0
0.001686
0.15796100000000002
0.359118
0.46479000000000004
0.577596
0.566226
0.488904
0.41995299999999997
0.332683
0.040161
0.0
0.0
0.0
0.0
0.0
0.0
0.0
0.0
0.0
0.0
0.0
0.0
0.0
0.0
0.006438
0.158816
0.358253
0.5273329999999999
0.577573
0.562317
0.5164930000000001
0.40483800000000003
0.25475200000000003
0.0
0.0
0.0
0.0
0.0
0.0
0.0
0.0
0.0
0.0
0.0
0.0
0.0
0.0
0.0
9.800000000000001e-05
0.137869
0.32640199999999997
0.483175
0.586518
0.481557
0.535252
0.491081
0.313514
0.046854999999999994
0.0
0.0
0.0
0.0
0.0
0.0
0.0
0.0
0.0
0.0
0.0
0.0
0.0
0.0
0.003911
0.15628399999999998
0.368498
0.5460900000000001
0.582759
0.5701
0.511818
0.40630299999999997
0.242674
0.0
0.0
0.0
0.0
0.0
0.0
0.0
0.0
0.0
0.0
0.0
0.0
0.0
0.0
0.0
0.0
0.065928
0.24672300000000003
0.26176699999999997
0.536314
0.486925
0.329198
0.224406
0.15481999999999999
0.17074
0.014628
0.0
0.0
0.0
0.0
0.0
0.0
0.0
0.0
0.0
0.0
0.0
0.0
0.0
0.0
0.029963
0.15684399999999998
0.158765
0.504685
0.545562
0.50975
0.41122000000000003
0.268336
0.0
0.0
0.0
0.0
0.0
0.0
0.0
0.0
0.0
0.0
0.0
0.0
0.0
0.0
0.0
0.000164
0.131541
0.263567
0.270215
0.27275
0.30705
0.45005900000000004
0.459766
0.317019
0.026718
0.0
0.0
0.0
0.0
0.0
0.0
0.0
0.0
0.0
0.0
0.0
0.0
0.0
0.0
7.4e-05
0.135215
0.33980200000000005
0.5176130000000001
0.5622780000000001
0.551433
0.49546100000000004
0.389947
0.22554
0.0
0.0
0.0
0.0
0.0
0.0
0.0
0.0
0.0
0.0
0.0
0.0
0.0
0.0
0.0
0.00015900000000000002
0.123369
0.31967599999999996
0.408808
0.519522
0.550871
0.499087
0.39706400000000003
0.274265
0.013086
0.0
0.0
0.0
0.0
0.0
0.0
0.0
0.0
0.0
0.0
0.0
0.0
0.0
0.0
0.0
0.10050100000000001
0.289435
0.458295
0.536712
0.23809200000000003
0.122892
0.178428
0.16627799999999998
0.056009
0.0
0.0
0.0
0.0
0.0
0.0
0.0
0.0
0.0
0.0
0.0
0.0
0.0
0.0
0.0
0.09086
0.312664
0.499834
0.558345
0.5540879999999999
0.493305
0.38797899999999996
0.211355
0.0
0.0
0.0
0.0
0.0
0.0
0.0
0.0
0.0
0.0
0.0
0.0
0.0
0.0
0.0
0.0
0.131424
0.342805
0.527014
0.5652809999999999
0.554511
0.494442
0.387882
0.20769300000000002
0.0
0.0
0.0
0.0
0.0
0.0
0.0
0.0
0.0
0.0
0.0
0.0
0.0
0.0
0.0
0.0
0.12296
0.32561900000000005
0.499251
0.544356
0.5353049999999999
0.480823
0.369631
0.19282
0.0
0.0
0.0
0.0
0.0
0.0
0.0
0.0
0.0
0.0
0.0
0.0
0.0
0.0
0.0
0.0
0.11354600000000001
0.318149
0.471613
0.5228780000000001
0.509176
0.457335
0.367645
0.193159
0.0
0.0
0.0
0.0
0.0
0.0
0.0
0.0
0.0
0.0
0.0
0.0
0.0
0.0
0.0
0.0
0.103162
0.304351
0.47866899999999996
0.54745
0.533576
0.475425
0.36465499999999995
0.182106
0.0
0.0
0.0
0.0
0.0
0.0
0.0
0.0
0.0
0.0
0.0
0.0
0.0
0.0
0.0
0.0
0.10375
0.305905
0.480055
0.540222
0.529317
0.46439299999999994
0.358101
0.17818
0.0
0.0
0.0
0.0
0.0
0.0
0.0
0.0
0.0
0.0
0.0
0.0
0.0
0.0
0.0
0.0
0.026536
0.111812
0.29740300000000003
0.5218379999999999
0.568864
0.457694
0.40701299999999996
0.190269
0.032996000000000004
0.0
0.0
0.0
0.0
0.0
0.0
0.0
0.0
0.0
0.0
0.0
0.0
0.0
0.0
0.0
0.08427599999999999
0.284491
0.452276
0.500754
0.520886
0.456583
0.352366
0.168525
0.0
0.0
0.0
0.0
0.0
0.0
0.0
0.0
0.0
0.0
0.0
0.0
0.0
0.0
0.0
0.0
0.00182
0.008808999999999999
0.028585
0.050276
0.061607
0.09367
0.072696
0.032744999999999996
0.013708
0.0
0.0
0.0
0.0
0.0
0.0
0.0
0.0
0.0
0.0
0.0
0.0
0.0
0.0
0.0
0.075947
0.28488600000000003
0.37399400000000005
0.495869
0.526374
0.46562400000000004
0.363014
0.20168899999999998
0.028027999999999997
0.0
0.0
0.0
0.0
0.0
0.0
0.0
0.0
0.0
0.0
0.0
0.0
0.0
0.0
0.0
0.090366
0.306975
0.492396
0.5294099999999999
0.5345
0.455668
0.34774700000000003
0.153089
0.0
0.0
0.0
0.0
0.0
0.0
0.0
0.0
0.0
0.0
0.0
0.0
0.0
0.0
0.0
0.0
0.09628
0.18340399999999998
0.202213
0.212678
0.234071
0.303841
0.200987
0.123536
0.039417
0.0
0.0
0.0
0.0
0.0
0.0
0.0
0.0
0.0
0.0
0.0
0.0
0.0
0.0
0.0
0.098065
0.360473
0.466286
0.522458
0.525199
0.432234
0.326315
0.156409
0.0
0.0
0.0
0.0
0.0
0.0
0.0
0.0
0.0
0.0
0.0
0.0
0.0
0.0
0.0
0.0
0.026629
0.16233799999999998
0.35256099999999996
0.527445
0.515477
0.45151600000000003
0.335331
0.133128
0.0
0.0
0.0
0.0
0.0
0.0
0.0
0.0
0.0
0.0
0.0
0.0
0.0
0.0
0.0
0.0
0.06531699999999999
0.28831799999999996
0.491028
0.527675
0.511568
0.45140399999999997
0.333551
0.128203
0.00313
0.0
0.0
0.0
0.0
0.0
0.0
0.0
0.0
0.0
0.0
0.0
0.0
0.0
0.0
0.0
0.09088500000000001
0.309256
0.47243799999999997
0.509424
0.496964
0.442625
0.332186
0.17821
0.00549
0.0
0.0
0.0
0.0
0.0
0.0
0.0
0.0
0.0
0.0
0.0
0.0
0.0
0.0
0.0
0.097047
0.309793
0.44990199999999997
0.48932
0.47932400000000003
0.43223700000000004
0.32793900000000004
0.123567
0.0
0.0
0.0
0.0
0.0
0.0
0.0
0.0
0.0
0.0
0.0
0.0
0.0
0.0
0.0
0.0
0.059141
0.269357
0.42448899999999995
0.48853500000000005
0.493197
0.42508999999999997
0.315432
0.10932599999999999
0.0
0.0
0.0
0.0
0.0
0.0
0.0
0.0
0.0
0.0
0.0
0.0
0.0
0.0
0.0
0.0
0.05706
0.253353
0.443909
0.492358
0.477557
0.422529
0.310149
0.10517900000000001
0.0
0.0
0.0
0.0
0.0
0.0
0.0
0.0
0.0
0.0
0.0
0.0
0.0
0.0
0.0
0.0
0.009163000000000001
0.06694499999999999
0.118184
0.139663
0.193492
0.235882
0.200466
0.158507
0.075781
0.0
0.0
0.0
0.0
0.0
0.0
0.0
0.0
0.0
0.0
0.0
0.0
0.0
0.0
0.0
0.016739
0.147165
0.22739099999999998
0.22797499999999998
0.26958499999999996
0.19914099999999998
0.193728
0.18591999999999997
0.0
0.0
0.0
0.0
0.0
0.0
0.0
0.0
0.0
0.0
0.0
0.0
0.0
0.0
0.0
0.0
0.011604
0.178418
0.1752
0.392401
0.392808
0.286086
0.365387
0.18471600000000002
0.0005110000000000001
0.0
0.0
0.0
0.0
0.0
0.0
0.0
0.0
0.0
0.0
0.0
0.0
0.0
0.0
0.0
0.008718
0.057589
0.112675
0.453839
0.527835
0.510009
0.310862
0.13960499999999998
0.00195
0.0
0.0
0.0
0.0
0.0
0.0
0.0
0.0
0.0
0.0
0.0
0.0
0.0
0.0
0.0
0.038511000000000004
0.255946
0.460023
0.49237200000000003
0.479058
0.41492599999999996
0.28895499999999996
0.073584
0.0
0.0
0.0
0.0
0.0
0.0
0.0
0.0
0.0
0.0
0.0
0.0
0.0
0.0
0.0
0.0
0.02657
0.227327
0.426392
0.49932
0.414402
0.481684
0.29395499999999997
0.109617
0.007043
0.0
0.0
0.0
0.0
0.0
0.0
0.0
0.0
0.0
0.0
0.0
0.0
0.0
0.0
0.0
0.015102
0.097181
0.377262
0.485927
0.474752
0.41364100000000004
0.29483
0.078373
0.0
0.0
0.0
0.0
0.0
0.0
0.0
0.0
0.0
0.0
0.0
0.0
0.0
0.0
0.0
0.0
0.020347999999999998
0.201595
0.359302
0.33067
0.479607
0.44263600000000003
0.33214299999999997
0.13474
0.016745999999999997
0.0
0.0
0.0
0.0
0.0
0.0
0.0
0.0
0.0
0.0
0.0
0.0
0.0
0.0
0.0
0.0
0.0
0.0
0.0
0.0
0.190654
0.102807
0.0
0.0
0.0
0.0
0.0
0.0
0.0
0.0
0.0
0.0
0.0
0.0
0.0
0.0
0.0
0.0
0.0
0.004264
0.122893
0.423525
0.48173
0.477674
0.407964
0.275901
0.063226
0.0
0.0
0.0
0.0
0.0
0.0
0.0
0.0
0.0
0.0
0.0
0.0
0.0
0.0
0.0
0.0
0.018164000000000003
0.229653
0.449332
0.48716899999999996
0.469791
0.404049
0.275708
0.064599
1e-06
0.0
0.0
0.0
0.0
0.0
0.0
0.0
0.0
0.0
0.0
0.0
0.0
0.0
0.0
0.0
0.0005420000000000001
0.043957
0.277608
0.491022
0.464572
0.403055
0.271907
0.06112
0.0
0.0
0.0
0.0
0.0
0.0
0.0
0.0
0.0
0.0
0.0
0.0
0.0
0.0
0.0
0.0
0.010784
0.180172
0.40139400000000003
0.478431
0.47027199999999997
0.40189600000000003
0.270712
0.058716000000000004
0.0
0.0
0.0
0.0
0.0
0.0
0.0
0.0
0.0
0.0
0.0
0.0
0.0
0.0
0.0
0.0
0.013630000000000001
0.20937999999999998
0.42937200000000003
0.48727499999999996
0.491419
0.452197
0.28779000000000005
0.101272
0.000704
0.0
0.0
0.0
0.0
0.0
0.0
0.0
0.0
0.0
0.0
0.0
0.0
0.0
0.0
0.0
0.006945000000000001
0.20472900000000002
0.417145
0.494212
0.46533199999999997
0.401523
0.280077
0.113618
0.024771
0.0
0.0
0.0
0.0
0.0
0.0
0.0
0.0
0.0
0.0
0.0
0.0
0.0
0.0
0.0
0.006945000000000001
0.079136
0.190582
0.22093000000000002
0.338109
0.48104399999999997
0.27795299999999995
0.10018200000000001
0.02687
0.0
0.0
0.0
0.0
0.0
0.0
0.0
0.0
0.0
0.0
0.0
0.0
0.0
0.0
0.0
0.0
0.034855
0.084221
0.115327
0.130212
0.121057
0.078414
0.006856
0.000603
0.0
0.0
0.0
0.0
0.0
0.0
0.0
0.0
0.0
0.0
0.0
0.0
0.0
0.0
0.0
0.006355
0.174293
0.388122
0.48568
0.471844
0.406492
0.269511
0.0
0.0
0.0
0.0
0.0
0.0
0.0
0.0
0.0
0.0
0.0
0.0
0.0
0.0
0.0
0.0
0.0
0.000345
0.146781
0.188025
0.25091
0.23189500000000002
0.20638900000000002
0.304205
0.156736
0.022243
0.0
0.0
0.0
0.0
0.0
0.0
0.0
0.0
0.0
0.0
0.0
0.0
0.0
0.0
0.0
0.0
0.062926
0.28525799999999996
0.362468
0.281115
0.482536
0.312137
0.0
0.0
0.0
0.0
0.0
0.0
0.0
0.0
0.0
0.0
0.0
0.0
0.0
0.0
0.0
0.0
0.0
0.001593
0.147803
0.336026
0.48603199999999996
0.468841
0.404243
0.268772
0.0
0.0
0.0
0.0
0.0
0.0
0.0
0.0
0.0
0.0
0.0
0.0
0.0
0.0
0.0
0.0
0.0
0.001453
0.146298
0.356142
0.482534
0.470041
0.404118
0.267343
0.0
0.0
0.0
0.0
0.0
0.0
0.0
0.0
0.0
0.0
0.0
0.0
0.0
0.0
0.0
0.0
0.0
1.4999999999999999e-05
0.15192
0.368631
0.477704
0.463357
0.39509500000000003
0.253929
0.0
0.0
0.0
0.0
0.0
0.0
0.0
0.0
0.0
0.0
0.0
0.0
0.0
0.0
0.0
0.0
0.0
0.0
0.14597200000000002
0.265824
0.46454500000000004
0.456163
0.38854099999999997
0.260916
0.0
0.0
0.0
0.0
0.0
0.0
0.0
0.0
0.0
0.0
0.0
0.0
0.0
0.0
0.0
0.0
0.0
0.0
0.025432
0.066156
0.062001
0.0
0.0
0.0
0.0
0.0
0.0
0.0
0.0
0.0
0.0
0.0
0.0
0.0
0.0
0.0
0.0
0.0
0.0
0.0
0.0
0.0
0.108807
0.302645
0.474952
0.47569799999999995
0.422281
0.172503
0.098036
0.010478999999999999
0.0
0.0
0.0
0.0
0.0
0.0
0.0
0.0
0.0
0.0
0.0
0.0
0.0
0.0
0.0
0.0
0.01309
0.048299999999999996
0.09550499999999999
0.168638
0.13502699999999998
0.092719
0.0354
0.0
0.0
0.0
0.0
0.0
0.0
0.0
0.0
0.0
0.0
0.0
0.0
0.0
0.0
0.0
0.0
0.0
0.056280000000000004
0.37285700000000005
0.459647
0.45931599999999995
0.387219
0.25525200000000003
0.0032949999999999998
0.0
0.0
0.0
0.0
0.0
0.0
0.0
0.0
0.0
0.0
0.0
0.0
0.0
0.0
0.0
0.0
0.0
0.013323999999999999
0.046164000000000004
0.093002
0.159113
0.182043
0.187478
0.173376
0.010657999999999999
0.0
0.0
0.0
0.0
0.0
0.0
0.0
0.0
0.0
0.0
0.0
0.0
0.0
0.0
0.0
0.0
0.025441
0.0006630000000000001
0.408517
0.461912
0.398774
0.256695
0.004312
0.0
0.0
0.0
0.0
0.0
0.0
0.0
0.0
0.0
0.0
0.0
0.0
0.0
0.0
0.0
0.0
0.0
0.098568
0.16259700000000002
0.298285
0.20463800000000001
0.463468
0.264255
0.0
0.0
0.0
0.0
0.0
0.0
0.0
0.0
0.0
0.0
0.0
0.0
0.0
0.0
0.0
0.0
0.0
0.0
0.094846
0.328651
0.49136799999999997
0.46793799999999997
0.372454
0.28830500000000003
0.002875
0.0
0.0
0.0
0.0
0.0
0.0
0.0
0.0
0.0
0.0
0.0
0.0
0.0
0.0
0.0
0.0
0.0
0.087643
0.19445500000000002
0.275822
0.5401269999999999
0.38836200000000004
0.341718
0.140747
0.009504
0.0
0.0
0.0
0.0
0.0
0.0
0.0
0.0
0.0
0.0
0.0
0.0
0.0
0.0
0.0
0.0
0.091408
0.32028300000000004
0.48379500000000003
0.470397
0.39766500000000005
0.25775200000000004
0.0
0.0
0.0
0.0
0.0
0.0
0.0
0.0
0.0
0.0
0.0
0.0
0.0
0.0
0.0
0.0
0.0
0.0
0.09542
0.409024
0.483479
0.466099
0.396566
0.257156
0.0
0.0
0.0
0.0
0.0
0.0
0.0
0.0
0.0
0.0
0.0
0.0
0.0
0.0
0.0
0.0
0.0
0.0
0.08652599999999999
0.32267
0.48418
0.46175499999999997
0.387334
0.25799
0.0
0.0
0.0
0.0
0.0
0.0
0.0
0.0
0.0
0.0
0.0
0.0
0.0
0.0
0.0
0.0
0.0
0.0
0.08553400000000001
0.316198
0.479659
0.46276799999999996
0.396842
0.25614499999999996
0.0
0.0
0.0
0.0
0.0
0.0
0.0
0.0
0.0
0.0
0.0
0.0
0.0
0.0
0.0
0.0
0.0
0.0
0.11143
0.272353
0.32489100000000004
0.284183
0.46144
0.190391
0.124541
0.008521
0.0
0.0
0.0
0.0
0.0
0.0
0.0
0.0
0.0
0.0
0.0
0.0
0.0
0.0
0.0
0.0
0.066083
0.064098
0.438721
0.491593
0.394796
0.26142899999999997
0.01914
0.0
0.0
0.0
0.0
0.0
0.0
0.0
0.0
0.0
0.0
0.0
0.0
0.0
0.0
0.0
0.0
0.0
0.028413
0.099025
0.26758699999999996
0.457086
0.394407
0.30499
0.0
0.0
0.0
0.0
0.0
0.0
0.0
0.0
0.0
0.0
0.0
0.0
0.0
0.0
0.0
0.0
0.0
0.004236
0.092903
0.073449
0.123239
0.14008099999999998
0.16759100000000002
0.133936
0.117851
0.0
0.0
0.0
0.0
0.0
0.0
0.0
0.0
0.0
0.0
0.0
0.0
0.0
0.0
0.0
0.0
0.0
0.027756
0.084544
0.13899799999999998
0.12168300000000001
0.16127699999999998
0.16755
0.101195
0.0
0.0
0.0
0.0
0.0
0.0
0.0
0.0
0.0
0.0
0.0
0.0
0.0
0.0
0.0
0.0
0.0
0.057363
0.269238
0.476704
0.4681
0.402616
0.265685
0.0
0.0
0.0
0.0
0.0
0.0
0.0
0.0
0.0
0.0
0.0
0.0
0.0
0.0
0.0
0.0
0.0
0.0
0.057683
0.28554199999999996
0.474665
0.45996499999999996
0.399549
0.264204
0.015889
0.0
0.0
0.0
0.0
0.0
0.0
0.0
0.0
0.0
0.0
0.0
0.0
0.0
0.0
0.0
0.0
0.0
0.058427999999999994
0.197783
0.460157
0.511009
0.467247
0.325731
0.038595
0.0
0.0
0.0
0.0
0.0
0.0
0.0
0.0
0.0
0.0
0.0
0.0
0.0
0.0
0.0
0.0
0.0
0.0581
0.279857
0.471661
0.467705
0.40349
0.273221
0.0
0.0
0.0
0.0
0.0
0.0
0.0
0.0
0.0
0.0
0.0
0.0
0.0
0.0
0.0
0.0
0.0
0.0
0.059456
0.282501
0.453185
0.47750099999999995
0.398672
0.274185
0.059812
0.0
0.0
0.0
0.0
0.0
0.0
0.0
0.0
0.0
0.0
0.0
0.0
0.0
0.0
0.0
0.0
0.0
0.025475
0.120676
0.26443
0.37914299999999995
0.430868
0.27192
0.059192999999999996
0.0
0.0
0.0
0.0
0.0
0.0
0.0
0.0
0.0
0.0
0.0
0.0
0.0
0.0
0.0
0.0
0.0
0.051077
0.27584699999999995
0.465705
0.483173
0.448729
0.30670800000000004
0.064404
0.0
0.0
0.0
0.0
0.0
0.0
0.0
0.0
0.0
0.0
0.0
0.0
0.0
0.0
0.0
0.0
0.0
0.057125
0.278611
0.46273000000000003
0.472947
0.412949
0.283945
0.062522
0.0
0.0
0.0
0.0
0.0
0.0
0.0
0.0
