0.0
0.0
0.0
0.0
0.0
0.0
0.0
0.0
0.154306
0.090252
0.522715
0.143818
0.135916
0.105
0.22671
0.004864
0.0
0.0
0.0
0.0
0.0
0.0
0.0
0.0
0.0
0.0
0.0
0.0
0.0
0.0
0.0
0.0
0.135462
0.130728
0.183286
0.548177
0.194515
0.40335000000000004
0.178373
0.003108
0.0
0.0
0.0
0.0
0.0
0.0
0.0
0.0
0.0
0.0
0.0
0.0
0.0
0.0
0.0
0.0
0.028417
0.065107
0.093571
0.106414
0.100253
0.077232
0.042853
0.003424
0.0
0.0
0.0
0.0
0.0
0.0
0.0
0.0
0.0
0.0
0.0
0.0
0.0
0.0
0.0
0.0
0.028414000000000002
0.066497
0.09553199999999999
0.107752
0.102711
0.079197
0.043153
0.004543
0.0
0.0
0.0
0.0
0.0
0.0
0.0
0.0
0.0
0.0
0.0
0.0
0.0
0.0
0.0
0.0
0.06506
0.151571
0.21986
0.08499599999999999
0.273822
0.248369
0.033602
0.0030830000000000002
0.0
0.0
0.0
0.0
0.0
0.0
0.0
0.0
0.0
0.0
0.0
0.0
0.0
0.0
0.0
0.0
0.161434
0.215446
0.483633
0.382459
0.485831
0.382079
0.177595
0.000841
0.0
0.0
0.0
0.0
0.0
0.0
0.0
0.0
0.0
0.0
0.0
0.0
0.0
0.0
0.0
0.0
0.162199
0.38258600000000004
0.31192899999999996
0.507548
0.47720100000000004
0.369286
0.179813
0.0009419999999999999
0.0
0.0
0.0
0.0
0.0
0.0
0.0
0.0
0.0
0.0
0.0
0.0
0.0
0.0
0.0
0.0
0.086968
0.371116
0.303634
0.481005
0.386297
0.365738
0.184701
0.001663
0.0
0.0
0.0
0.0
0.0
0.0
0.0
0.0
0.0
0.0
0.0
0.0
0.0
0.0
0.0
0.0
0.22825499999999999
0.279084
0.15658699999999998
0.464911
0.16533
0.130006
0.076602
0.014499
0.0
0.0
0.0
0.0
0.0
0.0
0.0
0.0
0.0
0.0
0.0
0.0
0.0
0.0
0.0
0.0
0.169413
0.39370499999999997
0.491781
0.5262469999999999
0.414009
0.397951
0.195062
0.00156
0.0
0.0
0.0
0.0
0.0
0.0
0.0
0.0
0.0
0.0
0.0
0.0
0.0
0.0
0.0
0.0
0.036402000000000004
0.257138
0.10823
0.12198300000000001
0.440693
0.414854
0.051771
0.015292
0.0
0.0
0.0
0.0
0.0
0.0
0.0
0.0
0.0
0.0
0.0
0.0
0.0
0.0
0.0
0.0
0.040444
0.085098
0.116658
0.13037100000000001
0.5785750000000001
0.095915
0.29872699999999996
0.011663
0.0
0.0
0.0
0.0
0.0
0.0
0.0
0.0
0.0
0.0
0.0
0.0
0.0
0.0
0.0
0.0
0.14959899999999998
0.340279
0.491496
0.565509
0.503384
0.408187
0.23647200000000002
0.020568000000000003
0.0
0.0
0.0
0.0
0.0
0.0
0.0
0.0
0.0
0.0
0.0
0.0
0.0
0.0
0.0
0.0
0.187951
0.226136
0.502523
0.539254
0.413777
0.415725
0.224873
0.0033740000000000003
0.0
0.0
0.0
0.0
0.0
0.0
0.0
0.0
0.0
0.0
0.0
0.0
0.0
0.0
0.0
0.0
0.160017
0.352763
0.49842000000000003
0.533198
0.506884
0.413067
0.22652799999999998
0.003339
0.0
0.0
0.0
0.0
0.0
0.0
0.0
0.0
0.0
0.0
0.0
0.0
0.0
0.0
0.0
0.0
0.160685
0.31318599999999996
0.482527
0.514562
0.499563
0.434046
0.084584
0.022358
0.0
0.0
0.0
0.0
0.0
0.0
0.0
0.0
0.0
0.0
0.0
0.0
0.0
0.0
0.0
0.0
0.188248
0.222634
0.5003380000000001
0.535978
0.511254
0.419273
0.231631
0.0033889999999999997
0.0
0.0
0.0
0.0
0.0
0.0
0.0
0.0
0.0
0.0
0.0
0.0
0.0
0.0
0.0
0.0
0.16923
0.356505
0.492788
0.528959
0.504718
0.415798
0.23935499999999998
0.003352
0.0
0.0
0.0
0.0
0.0
0.0
0.0
0.0
0.0
0.0
0.0
0.0
0.0
0.0
0.0
0.000611
0.08058799999999999
0.363267
0.482745
0.545545
0.49117700000000003
0.407972
0.258732
0.004203999999999999
0.0
0.0
0.0
0.0
0.0
0.0
0.0
0.0
0.0
0.0
0.0
0.0
0.0
0.0
0.0
0.001646
0.227413
0.336245
0.527435
0.54743
0.198221
0.157775
0.28709500000000004
0.030056999999999997
0.0
0.0
0.0
0.0
0.0
0.0
0.0
0.0
0.0
0.0
0.0
0.0
0.0
0.0
0.0
0.0
0.232071
0.227386
0.321866
0.381393
0.560288
0.46439299999999994
0.27904500000000004
0.009156000000000001
0.0
0.0
0.0
0.0
0.0
0.0
0.0
0.0
0.0
0.0
0.0
0.0
0.0
0.0
0.0
0.00010899999999999999
0.201326
0.411425
0.50931
0.545712
0.5225599999999999
0.399594
0.26488999999999996
0.004375
0.0
0.0
0.0
0.0
0.0
0.0
0.0
0.0
0.0
0.0
0.0
0.0
0.0
0.0
0.0
0.00039
0.11455599999999999
0.40834
0.494902
0.528762
0.507773
0.381822
0.26603699999999997
0.005997
0.0
0.0
0.0
0.0
0.0
0.0
0.0
0.0
0.0
0.0
0.0
0.0
0.0
0.0
0.0
0.004618000000000001
0.086967
0.367762
0.49285700000000005
0.525678
0.53575
0.42566899999999996
0.27451299999999995
0.005867
0.0
0.0
0.0
0.0
0.0
0.0
0.0
0.0
0.0
0.0
0.0
0.0
0.0
0.0
0.0
0.005624
0.217828
0.408582
0.495488
0.529102
0.535525
0.18218700000000002
0.114842
0.011354
0.0
0.0
0.0
0.0
0.0
0.0
0.0
0.0
0.0
0.0
0.0
0.0
0.0
0.0
0.0
0.008645
0.14837999999999998
0.0876
0.117571
0.130298
0.437499
0.3977
0.34647500000000003
0.020962
0.0
0.0
0.0
0.0
0.0
0.0
0.0
0.0
0.0
0.0
0.0
0.0
0.0
0.0
0.0
0.003213
0.045468
0.084468
0.11367000000000001
0.12592
0.11991500000000001
0.096594
0.060514000000000005
0.020550000000000002
0.0
0.0
0.0
0.0
0.0
0.0
0.0
0.0
0.0
0.0
0.0
0.0
0.0
0.0
0.0
0.0038599999999999997
0.047236
0.087161
0.117217
0.131024
0.124932
0.099926
0.062838
0.021985
0.0
0.0
0.0
0.0
0.0
0.0
0.0
0.0
0.0
0.0
0.0
0.0
0.0
0.0
0.0
0.004435
0.049336
0.08914100000000001
0.118929
0.13237700000000002
0.125002
0.10098900000000001
0.064169
0.023439
0.0
0.0
0.0
0.0
0.0
0.0
0.0
0.0
0.0
0.0
0.0
0.0
0.0
0.0
0.0
0.00601
0.258697
0.469552
0.326064
0.617365
0.399658
0.506766
0.317869
0.009361000000000001
0.0
0.0
0.0
0.0
0.0
0.0
0.0
0.0
0.0
0.0
0.0
0.0
0.0
0.0
0.0
0.008984
0.217158
0.419534
0.538607
0.5776570000000001
0.5567300000000001
0.475174
0.31672100000000003
0.008622999999999999
0.0
0.0
0.0
0.0
0.0
0.0
0.0
0.0
0.0
0.0
0.0
0.0
0.0
0.0
0.0
0.011102
0.231431
0.430211
0.32408800000000004
0.598484
0.573693
0.49129199999999995
0.338322
0.079536
0.0
0.0
0.0
0.0
0.0
0.0
0.0
0.0
0.0
0.0
0.0
0.0
0.0
0.0
0.0
0.019593
0.061968
0.278474
0.37695100000000004
0.433005
0.44167399999999996
0.41491300000000003
0.07778600000000001
0.030629
0.0
0.0
0.0
0.0
0.0
0.0
0.0
0.0
0.0
0.0
0.0
0.0
0.0
0.0
0.0
0.013451000000000001
0.236897
0.435028
0.559584
0.600797
0.39155599999999996
0.495771
0.345447
0.085437
0.0
0.0
0.0
0.0
0.0
0.0
0.0
0.0
0.0
0.0
0.0
0.0
0.0
0.0
0.0
0.035316
0.264582
0.46948700000000004
0.630322
0.213185
0.202954
0.16554
0.109488
0.046386000000000004
0.0
0.0
0.0
0.0
0.0
0.0
0.0
0.0
0.0
0.0
0.0
0.0
0.0
0.0
0.0
0.027822
0.26205599999999996
0.366646
0.20694900000000002
0.566943
0.625985
0.550172
0.116262
0.113346
0.0
0.0
0.0
0.0
0.0
0.0
0.0
0.0
0.0
0.0
0.0
0.0
0.0
0.0
0.0
0.027396
0.071468
0.297439
0.39395600000000003
0.450418
0.46683800000000003
0.43013
0.086184
0.12554
0.0
0.0
0.0
0.0
0.0
0.0
0.0
0.0
0.0
0.0
0.0
0.0
0.0
0.0
0.0
0.036442999999999996
0.223311
0.14274
0.18281899999999998
0.198904
0.5873039999999999
0.547136
0.430185
0.14189
0.0
0.0
0.0
0.0
0.0
0.0
0.0
0.0
0.0
0.0
0.0
0.0
0.0
0.0
0.0
0.040927
0.107809
0.399823
0.5754
0.636685
0.6391180000000001
0.5655309999999999
0.398138
0.117116
0.0
0.0
0.0
0.0
0.0
0.0
0.0
0.0
0.0
0.0
0.0
0.0
0.0
0.0
0.0
0.048648000000000004
0.368693
0.404066
0.233383
0.254899
0.243285
0.199992
0.426894
0.062512
0.0
0.0
0.0
0.0
0.0
0.0
0.0
0.0
0.0
0.0
0.0
0.0
0.0
0.0
0.0
0.103285
0.094391
0.152285
0.740136
0.213028
0.20296799999999998
0.166654
0.112906
0.052271
0.001895
0.0
0.0
0.0
0.0
0.0
0.0
0.0
0.0
0.0
0.0
0.0
0.0
0.0
0.0
0.062454
0.11692100000000001
0.418943
0.6134850000000001
0.657098
0.66424
0.582864
0.138951
0.155052
0.0
0.0
0.0
0.0
0.0
0.0
0.0
0.0
0.0
0.0
0.0
0.0
0.0
0.0
0.0
0.043174
0.319204
0.27513299999999996
0.617242
0.658293
0.6390170000000001
0.409885
0.361914
0.143664
0.0
0.0
0.0
0.0
0.0
0.0
0.0
0.0
0.0
0.0
0.0
0.0
0.0
0.0
0.0
0.046192
0.304591
0.280099
0.604471
0.6459579999999999
0.626655
0.419502
0.403626
0.15643700000000002
0.0
0.0
0.0
0.0
0.0
0.0
0.0
0.0
0.0
0.0
0.0
0.0
0.0
0.0
0.0
0.07939199999999999
0.126964
0.439966
0.587211
0.626947
0.608798
0.532818
0.397219
0.15742699999999998
0.000321
0.0
0.0
0.0
0.0
0.0
0.0
0.0
0.0
0.0
0.0
0.0
0.0
0.0
0.0
0.095013
0.078227
0.124121
0.157464
0.171489
0.16406700000000002
0.592164
0.49321800000000005
0.23194900000000002
0.002935
0.0
0.0
0.0
0.0
0.0
0.0
0.0
0.0
0.0
0.0
0.0
0.0
0.0
0.0
0.11337699999999999
0.085701
0.132637
0.166554
0.18029499999999998
0.17228
0.654908
0.522106
0.049699
0.010529
0.0
0.0
0.0
0.0
0.0
0.0
0.0
0.0
0.0
0.0
0.0
0.0
0.0
0.0
0.060912
0.167289
0.27123
0.119772
0.39642200000000005
0.126694
0.106304
0.296653
0.037202
0.003758
0.0
0.0
0.0
0.0
0.0
0.0
0.0
0.0
0.0
0.0
0.0
0.0
0.0
0.0
0.097189
0.14252299999999998
0.218515
0.62728
0.6640929999999999
0.683593
0.5672619999999999
0.423703
0.206204
0.0009080000000000001
0.0
0.0
0.0
0.0
0.0
0.0
0.0
0.0
0.0
0.0
0.0
0.0
0.0
0.0
0.056741
0.29655000000000004
0.489378
0.613446
0.654606
0.637631
0.406366
0.423487
0.19780699999999998
0.001684
0.0
0.0
0.0
0.0
0.0
0.0
0.0
0.0
0.0
0.0
0.0
0.0
0.0
0.0
0.10323
0.29344400000000004
0.218417
0.6211960000000001
0.65852
0.6796960000000001
0.564625
0.427495
0.219441
0.016284
0.0
0.0
0.0
0.0
0.0
0.0
0.0
0.0
0.0
0.0
0.0
0.0
0.0
0.0
0.050885
0.116677
0.5762820000000001
0.220359
0.238297
0.228269
0.721784
0.13703800000000002
0.283163
0.013564999999999999
0.0
0.0
0.0
0.0
0.0
0.0
0.0
0.0
0.0
0.0
0.0
0.0
0.0
0.0
0.10123099999999999
0.28876799999999997
0.467792
0.5912029999999999
0.6289600000000001
0.612881
0.54403
0.421456
0.20797
0.001712
0.0
0.0
0.0
0.0
0.0
0.0
0.0
0.0
0.0
0.0
0.0
0.0
0.0
0.0
0.12128499999999999
0.18196700000000002
0.524512
0.6170059999999999
0.655192
0.637426
0.424225
0.42999
0.209756
0.001646
0.0
0.0
0.0
0.0
0.0
0.0
0.0
0.0
0.0
0.0
0.0
0.0
0.0
0.0
0.16586199999999998
0.404188
0.17122
0.21134
0.22833699999999998
0.833333
0.184589
0.132613
0.07240300000000001
0.016866
0.0
0.0
0.0
0.0
0.0
0.0
0.0
0.0
0.0
0.0
0.0
0.0
0.0
0.0
0.14454
0.387496
0.447994
0.25947000000000003
0.65977
0.26962400000000003
0.614606
0.467814
0.251279
0.022489000000000002
0.0
0.0
0.0
0.0
0.0
0.0
0.0
0.0
0.0
0.0
0.0
0.0
0.0
0.00149
0.04338
0.095058
0.141666
0.621707
0.18864799999999998
0.181602
0.154036
0.535098
0.32706799999999997
0.015939000000000002
0.0
0.0
0.0
0.0
0.0
0.0
0.0
0.0
0.0
0.0
0.0
0.0
0.0
0.0
0.136186
0.329658
0.517909
0.6599109999999999
0.702236
0.684429
0.643903
0.189256
0.107574
0.030140999999999998
0.0
0.0
0.0
0.0
0.0
0.0
0.0
0.0
0.0
0.0
0.0
0.0
0.0
0.0
0.127466
0.321092
0.502006
0.624525
0.6656420000000001
0.65063
0.579176
0.484909
0.104921
0.009768
0.0
0.0
0.0
0.0
0.0
0.0
0.0
0.0
0.0
0.0
0.0
0.0
0.0
0.001436
0.161239
0.378834
0.425274
0.24924000000000002
0.266667
0.601888
0.593172
0.502923
0.09408799999999999
0.015364000000000001
0.0
0.0
0.0
0.0
0.0
0.0
0.0
0.0
0.0
0.0
0.0
0.0
0.0
0.0
0.141516
0.358252
0.495815
0.576252
0.6091230000000001
0.5941369999999999
0.530996
0.42030599999999996
0.2327
0.00174
0.0
0.0
0.0
0.0
0.0
0.0
0.0
0.0
0.0
0.0
0.0
0.0
0.0
0.0
0.017217
0.037198999999999996
0.055002
0.06781000000000001
0.07434
0.071735
0.060965000000000005
0.044441
0.024874
0.006292
0.0
0.0
0.0
0.0
0.0
0.0
0.0
0.0
0.0
0.0
0.0
0.0
0.0
0.000116
0.13325499999999998
0.327067
0.500954
0.6177469999999999
0.656671
0.642989
0.5756950000000001
0.452275
0.26036000000000004
0.006309
0.0
0.0
0.0
0.0
0.0
0.0
0.0
0.0
0.0
0.0
0.0
0.0
0.0
0.000703
0.143454
0.35008300000000003
0.534375
0.627451
0.66489
0.648215
0.5744170000000001
0.448261
0.25850599999999996
0.005557
0.0
0.0
0.0
0.0
0.0
0.0
0.0
0.0
0.0
0.0
0.0
0.0
0.0
0.0
0.018706
0.038651000000000005
0.057273000000000004
0.06999
0.075575
0.073192
0.062904
0.046803
0.027138000000000002
0.008156
0.0
0.0
0.0
0.0
0.0
0.0
0.0
0.0
0.0
0.0
0.0
0.0
0.0
0.001421
0.031736
0.061949
0.08992499999999999
0.109878
0.118795
0.114274
0.09819199999999999
0.073049
0.043505
0.014766
0.0
0.0
0.0
0.0
0.0
0.0
0.0
0.0
0.0
0.0
0.0
0.0
0.0
0.007498
0.165987
0.385551
0.541828
0.629096
0.6662899999999999
0.651111
0.583047
0.464908
0.27582
0.0044080000000000005
0.0
0.0
0.0
0.0
0.0
0.0
0.0
0.0
0.0
0.0
0.0
0.0
0.0
0.008427
0.17697
0.40910399999999997
0.540794
0.6255170000000001
0.66151
0.647011
0.579544
0.459729
0.276563
0.0036509999999999997
0.0
0.0
0.0
0.0
0.0
0.0
0.0
0.0
0.0
0.0
0.0
0.0
0.0
0.009865
0.17873599999999998
0.40496
0.537468
0.619734
0.654906
0.638864
0.571327
0.454498
0.274843
0.004415
0.0
0.0
0.0
0.0
0.0
0.0
0.0
0.0
0.0
0.0
0.0
0.0
0.0
0.010471
0.179827
0.40332799999999996
0.536625
0.6186
0.652125
0.635202
0.5686209999999999
0.45549700000000004
0.278079
0.0050869999999999995
0.0
0.0
0.0
0.0
0.0
0.0
0.0
0.0
0.0
0.0
0.0
0.0
0.0
0.013052
0.180342
0.381074
0.518706
0.5924149999999999
0.622895
0.610466
0.552827
0.469451
0.292034
0.051249
0.0
0.0
0.0
0.0
0.0
0.0
0.0
0.0
0.0
0.0
0.0
0.0
0.0
0.017377
0.19554400000000002
0.417746
0.5436989999999999
0.624568
0.65803
0.640454
0.574585
0.45808
0.283731
0.048965
0.0
0.0
0.0
0.0
0.0
0.0
0.0
0.0
0.0
0.0
0.0
0.0
0.0
0.020573
0.19328299999999998
0.415251
0.5372939999999999
0.618058
0.6521359999999999
0.637747
0.5735220000000001
0.455197
0.28508300000000003
0.052459000000000006
0.0
0.0
0.0
0.0
0.0
0.0
0.0
0.0
0.0
0.0
0.0
0.0
0.0
0.022775
0.18660400000000002
0.40647000000000005
0.5480280000000001
0.6287630000000001
0.66253
0.645754
0.579955
0.453957
0.28973899999999997
0.056282
0.0
0.0
0.0
0.0
0.0
0.0
0.0
0.0
0.0
0.0
0.0
0.0
0.0
0.03243
0.103812
0.17838800000000002
0.488322
0.716817
0.674601
0.301815
0.6497240000000001
0.554199
0.130927
0.057877000000000005
0.0
0.0
0.0
0.0
0.0
0.0
0.0
0.0
0.0
0.0
0.0
0.0
0.0
0.029073
0.199533
0.399666
0.519737
0.587834
0.615974
0.6022540000000001
0.545891
0.44401799999999997
0.290325
0.061047
0.0
0.0
0.0
0.0
0.0
0.0
0.0
0.0
0.0
0.0
0.0
0.0
0.0
0.045306
0.108825
0.421191
0.255089
0.7483529999999999
0.32436200000000004
0.8185359999999999
0.734769
0.208399
0.380963
0.061905999999999996
0.0
0.0
0.0
0.0
0.0
0.0
0.0
0.0
0.0
0.0
0.0
0.0
0.0
0.03377
0.21393700000000002
0.424913
0.543184
0.6204850000000001
0.652645
0.637473
0.574648
0.46598
0.30262900000000004
0.06628
0.0
0.0
0.0
0.0
0.0
0.0
0.0
0.0
0.0
0.0
0.0
0.0
0.0
0.041976
0.22192900000000002
0.407571
0.582082
0.662906
0.74048
0.35614100000000004
0.650906
0.497942
0.348757
0.080553
0.0
0.0
0.0
0.0
0.0
0.0
0.0
0.0
0.0
0.0
0.0
0.0
0.0
0.038847
0.218335
0.429272
0.543868
0.617839
0.648713
0.633235
0.5721710000000001
0.473291
0.310553
0.07506
0.0
0.0
0.0
0.0
0.0
0.0
0.0
0.0
0.0
0.0
0.0
0.0
0.0
0.046710999999999996
0.104563
0.173209
0.467549
0.275389
0.294235
0.64312
0.734183
0.495134
0.387183
0.11956399999999999
0.002564
0.0
0.0
0.0
0.0
0.0
0.0
0.0
0.0
0.0
0.0
0.0
0.0
0.008551999999999999
0.028458999999999998
0.049606000000000004
0.06710200000000001
0.08067400000000001
0.08611
0.08350400000000001
0.072982
0.056292
0.037221
0.016948
0.0
0.0
0.0
0.0
0.0
0.0
0.0
0.0
0.0
0.0
0.0
0.0
0.0
0.073627
0.254095
0.455765
0.23655299999999999
0.774473
0.298868
0.289296
0.254005
0.199245
0.452505
0.161746
0.0057599999999999995
0.0
0.0
0.0
0.0
0.0
0.0
0.0
0.0
0.0
0.0
0.0
0.0
0.052555
0.118812
0.36967500000000003
0.545668
0.677725
0.755305
0.740341
0.6971649999999999
0.583124
0.364751
0.13078
0.000156
0.0
0.0
0.0
0.0
0.0
0.0
0.0
0.0
0.0
0.0
0.0
0.0
0.051874
0.230971
0.44094099999999997
0.58099
0.658845
0.6903360000000001
0.6733250000000001
0.607784
0.496222
0.334814
0.10392900000000001
0.0
0.0
0.0
0.0
0.0
0.0
0.0
0.0
0.0
0.0
0.0
0.0
0.0
0.033037
0.22888499999999998
0.412751
0.54723
0.613457
0.639208
0.625321
0.570192
0.489045
0.332902
0.110001
0.0
0.0
0.0
0.0
0.0
0.0
0.0
0.0
0.0
0.0
0.0
0.0
0.0
0.011226000000000002
0.031913
0.051835
0.069065
0.081611
0.087737
0.085115
0.074585
0.058366
0.039236
0.019121
0.001194
0.0
0.0
0.0
0.0
0.0
0.0
0.0
0.0
0.0
0.0
0.0
0.0
0.058796
0.23997300000000002
0.44582
0.57125
0.644456
0.673601
0.6569640000000001
0.593708
0.488033
0.331856
0.11381000000000001
0.0
0.0
0.0
0.0
0.0
0.0
0.0
0.0
0.0
0.0
0.0
0.0
0.0
0.060973
0.227226
0.412082
0.577905
0.690418
0.722146
0.703557
0.636226
0.38488900000000004
0.362009
0.128143
0.001297
0.0
0.0
0.0
0.0
0.0
0.0
0.0
0.0
0.0
0.0
0.0
0.0
0.034423
0.16873
0.125035
0.391649
0.193373
0.513006
0.514629
0.176957
0.409333
0.322206
0.181901
0.010692
0.0
0.0
0.0
0.0
0.0
0.0
0.0
0.0
0.0
0.0
0.0
0.0
0.044969999999999996
0.053477
0.19123500000000002
0.258382
0.310273
0.336972
0.137295
0.12154300000000001
0.25422100000000003
0.194293
0.1316
0.011897
0.0
0.0
0.0
0.0
0.0
0.0
0.0
0.0
0.0
0.0
0.0
0.0
0.14824299999999999
0.223631
0.382857
0.269154
0.313465
0.33274400000000004
0.32293
0.28522699999999995
0.228291
0.15859399999999998
0.08610599999999999
0.021488
0.0
0.0
0.0
0.0
0.0
0.0
0.0
0.0
0.0
0.0
0.0
0.0
0.070643
0.235852
0.22084499999999999
0.565858
0.691546
0.721863
0.702905
0.6355069999999999
0.526868
0.39113400000000004
0.144228
0.00352
0.0
0.0
0.0
0.0
0.0
0.0
0.0
0.0
0.0
0.0
0.0
0.0
0.051518999999999995
0.189909
0.327007
0.446886
0.539025
0.276707
0.598977
0.560895
0.6050420000000001
0.38590199999999997
0.183945
0.013210000000000001
0.0
0.0
0.0
0.0
0.0
0.0
0.0
0.0
0.0
0.0
0.0
0.0
0.07488299999999999
0.244273
0.42488600000000004
0.5669890000000001
0.68322
0.753163
0.696238
0.635448
0.565581
0.174881
0.166526
0.004409
0.0
0.0
0.0
0.0
0.0
0.0
0.0
0.0
0.0
0.0
0.0
0.0
0.078884
0.24585300000000002
0.423478
0.540005
0.705818
0.720572
0.73397
0.28981999999999997
0.569822
0.377307
0.173986
0.010910999999999999
0.0
0.0
0.0
0.0
0.0
0.0
0.0
0.0
0.0
0.0
0.0
0.002195
0.048628
0.099824
0.15126900000000001
0.195393
0.227042
0.23998599999999998
0.23287200000000002
0.207476
0.16656
0.11835599999999999
0.067016
0.020104
0.0
0.0
0.0
0.0
0.0
0.0
0.0
0.0
0.0
0.0
0.0
0.0032949999999999998
0.082051
0.08481699999999999
0.129268
0.42679300000000003
0.509155
0.552297
0.201221
0.178645
0.143507
0.332039
0.219571
0.01716
0.0
0.0
0.0
0.0
0.0
0.0
0.0
0.0
0.0
0.0
0.0
0.000157
0.069398
0.23352699999999998
0.388644
0.683739
0.644156
0.33412000000000003
0.721833
0.710219
0.5932430000000001
0.16529400000000002
0.094738
0.014871
0.0
0.0
0.0
0.0
0.0
0.0
0.0
0.0
0.0
0.0
0.0
0.006072
0.101968
0.09065300000000001
0.38206799999999996
0.508118
0.20603
0.21782400000000002
0.21161600000000003
0.605343
0.151985
0.108238
0.24337899999999998
0.020451
0.0
0.0
0.0
0.0
0.0
0.0
0.0
0.0
0.0
0.0
0.0
0.001259
0.108363
0.23925200000000002
0.387837
0.27008
0.627518
0.77019
0.750856
0.65887
0.234304
0.167667
0.098481
0.016659
0.0
0.0
0.0
0.0
0.0
0.0
0.0
0.0
0.0
0.0
0.0
0.011668
0.056078
0.107903
0.487817
0.205568
0.236955
0.24951900000000002
0.8173279999999999
0.21665199999999998
0.178104
0.5391520000000001
0.075082
0.042024
0.0
0.0
0.0
0.0
0.0
0.0
0.0
0.0
0.0
0.0
0.0
0.000624
0.052020000000000004
0.251662
0.223112
0.554393
0.6666369999999999
0.7323930000000001
0.41291
0.66502
0.551975
0.394453
0.18347999999999998
0.011619999999999998
0.0
0.0
0.0
0.0
0.0
0.0
0.0
0.0
0.0
0.0
0.0
0.014240000000000001
0.046202
0.087542
0.129529
0.484417
0.190197
0.200053
0.194356
0.564472
0.487639
0.103164
0.258743
0.022591
0.0
0.0
0.0
0.0
0.0
0.0
0.0
0.0
0.0
0.0
0.0
0.011272
0.039286
0.07492700000000001
0.255427
0.140779
0.397197
0.42907799999999996
0.168153
0.40186099999999997
0.12107599999999999
0.256729
0.174996
0.028599
0.0
0.0
0.0
0.0
0.0
0.0
0.0
0.0
0.0
0.0
0.0
0.012279
0.055859
0.10428100000000001
0.152889
0.194265
0.22389799999999999
0.23535499999999998
0.228374
0.204003
0.165346
0.11909
0.071706
0.027198
0.0
0.0
0.0
0.0
0.0
0.0
0.0
0.0
0.0
0.0
0.0
0.012908
0.055542
0.103533
0.15093199999999998
0.192632
0.222046
0.23546199999999998
0.229624
0.205647
0.169463
0.122809
0.074318
0.028635
0.0
0.0
0.0
0.0
0.0
0.0
0.0
0.0
0.0
0.0
0.0
0.010513
0.069184
0.21557300000000001
0.183661
0.45533999999999997
0.542327
0.591172
0.59739
0.640693
0.557143
0.389441
0.20878200000000002
0.01716
0.0
0.0
0.0
0.0
0.0
0.0
0.0
0.0
0.0
0.0
0.0
0.010551999999999999
0.082128
0.248214
0.501946
0.523427
0.30997199999999997
0.326621
0.687683
0.69399
0.5781130000000001
0.432193
0.10473
0.042944
0.0
0.0
0.0
0.0
0.0
0.0
0.0
0.0
0.0
0.0
0.0
0.021174
0.077582
0.324467
0.198983
0.646505
0.28744600000000003
0.303426
0.827173
0.26483
0.650614
0.157921
0.097637
0.041079
0.0
0.0
0.0
0.0
0.0
0.0
0.0
0.0
0.0
0.0
0.0
0.02495
0.073696
0.13106700000000002
0.18731
0.235583
0.269283
0.283148
0.819261
0.768683
0.20430299999999998
0.508286
0.273009
0.039728
0.0
0.0
0.0
0.0
0.0
0.0
0.0
0.0
0.0
0.0
0.0
0.034175
0.0683
0.368244
0.172078
0.215942
0.24578
0.257908
0.833333
0.223402
0.183922
0.543879
0.083438
0.035773000000000006
0.0
0.0
0.0
0.0
0.0
0.0
0.0
0.0
0.0
0.0
0.0
0.031124
0.06970399999999999
0.121529
0.172016
0.216513
0.748855
0.25988
0.807901
0.22653600000000002
0.185638
0.136251
0.279618
0.049996
0.0
0.0
0.0
0.0
0.0
0.0
0.0
0.0
0.0
0.0
0.0
0.018895
0.043177999999999994
0.16071700000000003
0.10832299999999999
0.303794
0.360587
0.387587
0.158411
0.36213999999999996
0.121392
0.249048
0.170977
0.046164000000000004
0.0
0.0
0.0
0.0
0.0
0.0
0.0
0.0
0.0
0.0
0.0
0.02425
0.073209
0.265892
0.404392
0.224913
0.628557
0.679816
0.261578
0.637306
0.191927
0.14161
0.089241
0.040265
0.0
0.0
0.0
0.0
0.0
0.0
0.0
0.0
0.0
0.0
0.0
0.014334
0.10803700000000001
0.253637
0.388348
0.265656
0.615925
0.67431
0.72465
0.6601589999999999
0.536424
0.39250799999999997
0.221685
0.027278
0.0
0.0
0.0
0.0
0.0
0.0
0.0
0.0
0.0
0.0
0.0
0.019106
0.07915000000000001
0.22855099999999998
0.485017
0.45344999999999996
0.745933
0.581495
0.27603500000000003
0.248349
0.48402
0.152181
0.23701
0.042366
0.000819
0.0
0.0
0.0
0.0
0.0
0.0
0.0
0.0
0.0
0.0
0.021376000000000003
0.061062
0.103784
0.146226
0.18073599999999998
0.205112
0.215781
0.21223699999999998
0.193698
0.16243100000000002
0.122203
0.078556
0.036295
0.000539
0.0
0.0
0.0
0.0
0.0
0.0
0.0
0.0
0.0
0.0
0.018756000000000002
0.135076
0.299599
0.453803
0.484471
0.701039
0.6210410000000001
0.6284109999999999
0.265156
0.218113
0.16281800000000002
0.231625
0.049546999999999994
0.0
0.0
0.0
0.0
0.0
0.0
0.0
0.0
0.0
0.0
0.0
0.036772
0.135075
0.095326
0.134024
0.16588999999999998
0.5665410000000001
0.198586
0.193521
0.564982
0.145895
0.109796
0.27372199999999997
0.072598
0.000736
0.0
0.0
0.0
0.0
0.0
0.0
0.0
0.0
0.0
0.0
0.010336999999999999
0.12303700000000001
0.287891
0.450003
0.588012
0.648822
0.670292
0.651987
0.5933120000000001
0.498801
0.367353
0.193536
0.022999
0.0
0.0
0.0
0.0
0.0
0.0
0.0
0.0
0.0
0.0
0.0
0.023628
0.247528
0.247131
0.383772
0.26294
0.298858
0.647817
0.30659800000000004
0.618475
0.23064400000000002
0.17263399999999998
0.112035
0.050255
0.004405999999999999
0.0
0.0
0.0
0.0
0.0
0.0
0.0
0.0
0.0
0.0
0.026313
0.054126
0.175205
0.258851
0.33087
0.17347800000000002
0.414967
0.414072
0.384156
0.323238
0.255211
0.064192
0.031132999999999997
0.001123
0.0
0.0
0.0
0.0
0.0
0.0
0.0
0.0
0.0
0.0
0.019768
0.097569
0.262565
0.22150899999999998
0.517674
0.634076
0.692609
0.674249
0.6247140000000001
0.539413
0.403782
0.222673
0.035415
0.0
0.0
0.0
0.0
0.0
0.0
0.0
0.0
0.0
0.0
0.0
0.039375999999999994
0.123097
0.280577
0.39273899999999995
0.267033
0.303564
0.664629
0.734587
0.667815
0.528475
0.396781
0.223342
0.040502
0.0
0.0
0.0
0.0
0.0
0.0
0.0
0.0
0.0
0.0
0.0
0.064024
0.074537
0.417469
0.6106079999999999
0.21001
0.23787200000000003
0.249148
0.24244
0.219495
0.181358
0.13652099999999998
0.35581999999999997
0.045357999999999996
0.009734999999999999
0.0
0.0
0.0
0.0
0.0
0.0
0.0
0.0
0.0
0.0
0.023918
0.072655
0.129369
0.184179
0.23227
0.267173
0.283903
0.281721
0.114261
0.096687
0.18143199999999998
0.123139
0.061832
0.003243
0.0
0.0
0.0
0.0
0.0
0.0
0.0
0.0
0.0
0.0
0.016404
0.129005
0.284541
0.4357
0.571932
0.6498339999999999
0.671048
0.6522720000000001
0.594485
0.504174
0.373388
0.206899
0.034633000000000004
0.0
0.0
0.0
0.0
0.0
0.0
0.0
0.0
0.0
0.0
0.0
0.023372
0.145529
0.26708800000000005
0.47051299999999996
0.5307649999999999
0.31529599999999997
0.682689
0.32320699999999997
0.656325
0.5528500000000001
0.412302
0.24574600000000002
0.047098999999999995
0.000283
0.0
0.0
0.0
0.0
0.0
0.0
0.0
0.0
0.0
0.0
0.037776000000000004
0.08612099999999999
0.231404
0.362404
0.474094
0.560156
0.611835
0.5790510000000001
0.585361
0.47601299999999996
0.15598099999999998
0.264779
0.05378
0.002299
0.0
0.0
0.0
0.0
0.0
0.0
0.0
0.0
0.0
0.0
0.018862999999999998
0.127277
0.27213299999999996
0.40480099999999997
0.525799
0.618556
0.6505209999999999
0.633675
0.579321
0.5017780000000001
0.37471499999999996
0.21174199999999999
0.041269
0.0
0.0
0.0
0.0
0.0
0.0
0.0
0.0
0.0
0.0
0.0
0.028485
0.122371
0.14661600000000002
0.198409
0.241203
0.5314059999999999
0.70265
0.6944640000000001
0.544121
0.210191
0.39584199999999997
0.239489
0.057542
0.004714
0.0
0.0
0.0
0.0
0.0
0.0
0.0
0.0
0.0
0.0
0.018908
0.130193
0.27518200000000004
0.413087
0.534522
0.6110829999999999
0.626381
0.607778
0.556002
0.475323
0.35850299999999996
0.204945
0.040961
0.0
0.0
0.0
0.0
0.0
0.0
0.0
0.0
0.0
0.0
0.0
0.020093
0.124976
0.260142
0.388601
0.5034730000000001
0.591844
0.6446219999999999
0.6296369999999999
0.5755800000000001
0.49548200000000003
0.37171499999999996
0.212959
0.046287999999999996
0.0
0.0
0.0
0.0
0.0
0.0
0.0
0.0
0.0
0.0
0.0
0.028027
0.074946
0.13053700000000001
0.087286
0.233957
0.270685
0.12848099999999998
0.28858300000000003
0.2677
0.231172
0.074161
0.126415
0.06599200000000001
0.008959
0.0
0.0
0.0
0.0
0.0
0.0
0.0
0.0
0.0
0.0
0.029397
0.07851699999999999
0.136646
0.089645
0.110443
0.28347100000000003
0.30299400000000004
0.301181
0.117188
0.23896
0.190749
0.13120099999999998
0.027332000000000002
0.009935000000000001
0.0
0.0
0.0
0.0
0.0
0.0
0.0
0.0
0.0
0.000425
0.019774
0.09006399999999999
0.153718
0.216312
0.112951
0.128037
0.332552
0.330394
0.307039
0.101206
0.078348
0.053125
0.028236
0.012240000000000001
0.0
0.0
0.0
0.0
0.0
0.0
0.0
0.0
0.0
0.000449
0.0335
0.086295
0.147906
0.20829599999999998
0.11367400000000001
0.302587
0.322731
0.320072
0.11860899999999999
0.0995
0.076423
0.139452
0.027992999999999997
0.00662
0.0
0.0
0.0
0.0
0.0
0.0
0.0
0.0
0.0
0.000497
0.026105
0.10150100000000001
0.086492
0.11735899999999999
0.321412
0.371608
0.39791899999999997
0.16457
0.367524
0.317896
0.252566
0.066248
0.093207
0.010145
0.0
0.0
0.0
0.0
0.0
0.0
0.0
0.0
0.0
0.0
0.023156
0.13307
0.273922
0.411676
0.534686
0.631546
0.668732
0.6510819999999999
0.595838
0.504997
0.381167
0.22340700000000002
0.054577
0.0
0.0
0.0
0.0
0.0
0.0
0.0
0.0
0.0
0.0
0.0
0.026312000000000002
0.127782
0.247705
0.378556
0.484705
0.567295
0.589909
0.28306400000000004
0.5677089999999999
0.51642
0.39568200000000003
0.237203
0.064405
0.002505
0.0
0.0
0.0
0.0
0.0
0.0
0.0
0.0
0.0
0.0014190000000000001
0.025151
0.051702
0.08059999999999999
0.249171
0.13097999999999999
0.147512
0.391303
0.15179900000000002
0.362889
0.310948
0.248078
0.17478200000000002
0.093199
0.009686
0.0
0.0
0.0
0.0
0.0
0.0
0.0
0.0
0.0
0.001785
0.021241
0.044732999999999995
0.069304
0.196846
0.113676
0.284578
0.303716
0.307754
0.284884
0.241931
0.19053299999999998
0.052635
0.069858
0.008154
0.0
0.0
0.0
0.0
0.0
0.0
0.0
0.0
0.0
0.0
0.026702
0.131766
0.260959
0.38355900000000004
0.287829
0.579459
0.630139
0.643732
0.595924
0.500324
0.38379399999999997
0.231868
0.063605
0.001117
0.0
0.0
0.0
0.0
0.0
0.0
0.0
0.0
0.0
0.0
0.0242
0.131531
0.262189
0.402429
0.521239
0.614639
0.648913
0.632124
0.578459
0.484929
0.36874900000000005
0.220584
0.057741999999999995
0.0
0.0
0.0
0.0
0.0
0.0
0.0
0.0
0.0
0.0
0.0
0.024675
0.125105
0.247014
0.369526
0.47412400000000005
0.5545
0.6033970000000001
0.616147
0.568183
0.495349
0.379166
0.229219
0.063244
0.00040500000000000003
0.0
0.0
0.0
0.0
0.0
0.0
0.0
0.0
0.0
0.0
0.027519
0.12812600000000002
0.252404
0.37297
0.478496
0.32231
0.6083959999999999
0.618993
0.5911280000000001
0.507824
0.387653
0.23566399999999998
0.06643500000000001
0.002306
0.0
0.0
0.0
0.0
0.0
0.0
0.0
0.0
0.0
0.0
0.024699000000000002
0.12545
0.246244
0.368424
0.473302
0.553569
0.601075
0.602472
0.553552
0.486701
0.37038
0.224271
0.062301999999999996
0.0
0.0
0.0
0.0
0.0
0.0
0.0
0.0
0.0
0.0
0.0
0.028065
0.125134
0.244397
0.36042799999999997
0.463218
0.5200560000000001
0.27717200000000003
0.570354
0.569255
0.514518
0.40549799999999997
0.248666
0.083401
0.003146
0.0
0.0
0.0
0.0
0.0
0.0
0.0
0.0
0.0
0.000559
0.046379
0.090726
0.222478
0.420567
0.407349
0.471431
0.662919
0.516411
0.229078
0.447949
0.15578899999999998
0.26354099999999997
0.06306199999999999
0.010381
0.0
0.0
0.0
0.0
0.0
0.0
0.0
0.0
0.0
0.005731
0.057887
0.175256
0.131814
0.44383
0.55976
0.236588
0.693513
0.241092
0.220808
0.188826
0.147977
0.103699
0.060471
0.021588
0.0
0.0
0.0
0.0
0.0
0.0
0.0
0.0
0.0
0.006332
0.04615
0.053477
0.189356
0.267471
0.13396
0.15031999999999998
0.158308
0.418978
0.390923
0.120946
0.273083
0.06651900000000001
0.038548
0.021126000000000002
0.0
0.0
0.0
0.0
0.0
0.0
0.0
0.0
0.0
0.0
0.025804999999999998
0.14188
0.281972
0.42702999999999997
0.551256
0.608854
0.627263
0.610542
0.561063
0.473371
0.363847
0.222966
0.062834
0.0
0.0
0.0
0.0
0.0
0.0
0.0
0.0
0.0
0.0
0.0
0.052924
0.127388
0.252399
0.366287
0.466598
0.516439
0.28010399999999996
0.5670940000000001
0.540753
0.496032
0.38809899999999997
0.24524100000000001
0.079378
0.003205
0.0
0.0
0.0
0.0
0.0
0.0
0.0
0.0
0.0
0.0
0.0248
0.14421199999999998
0.290325
0.426214
0.527922
0.576376
0.593721
0.579072
0.53362
0.460429
0.353071
0.215417
0.061137000000000004
0.0
0.0
0.0
0.0
0.0
0.0
0.0
0.0
0.0
0.0
0.0
0.026294
0.13383799999999998
0.264399
0.389912
0.502455
0.589371
0.6237140000000001
0.609165
0.560148
0.478411
0.36806099999999997
0.22722499999999998
0.068461
0.0
0.0
0.0
0.0
0.0
0.0
0.0
0.0
0.0
0.0
0.004777
0.025965
0.050194
0.07598099999999999
0.100315
0.121632
0.136376
0.142964
0.13975800000000002
0.127501
0.107988
0.084295
0.058728
0.034565
0.012148999999999998
0.0
0.0
0.0
0.0
0.0
0.0
0.0
0.0
0.0
0.007533000000000001
0.040500999999999995
0.043085
0.149945
0.206533
0.25575899999999996
0.11490500000000001
0.309273
0.309844
0.110034
0.094342
0.074128
0.05274
0.02997
0.010589000000000001
0.0
0.0
0.0
0.0
0.0
0.0
0.0
0.0
0.0
0.006929
0.031829
0.110984
0.090037
0.26120299999999996
0.32369
0.369183
0.164402
0.396352
0.149673
0.333106
0.10241700000000001
0.194296
0.104809
0.015929
0.0
0.0
0.0
0.0
0.0
0.0
0.0
0.0
0.0
0.000805
0.030333
0.122909
0.235464
0.326993
0.222463
0.485859
0.5594560000000001
0.567751
0.540106
0.47407699999999997
0.358508
0.108456
0.099167
0.009476
0.0
0.0
0.0
0.0
0.0
0.0
0.0
0.0
0.0
0.012583
0.039057
0.072855
0.10919
0.14426
0.173807
0.632374
0.20325200000000002
0.198966
0.18224100000000001
0.5317970000000001
0.119504
0.31650599999999995
0.147146
0.019587
0.0
0.0
0.0
0.0
0.0
0.0
0.0
0.0
0.0
0.007497
0.033561
0.06339399999999999
0.095058
0.126077
0.152173
0.16977
0.176758
0.17321799999999998
0.15864799999999998
0.13605
0.107156
0.07601000000000001
0.04521
0.017247
0.0
0.0
0.0
0.0
0.0
0.0
0.0
0.0
0.0
0.003532
0.036875
0.129357
0.24034
0.294811
0.373986
0.518353
0.5619500000000001
0.47146899999999997
0.20761600000000002
0.392395
0.138597
0.098039
0.058115
0.013121
0.0
0.0
0.0
0.0
0.0
0.0
0.0
0.0
0.0
0.008432
0.026066
0.049707999999999995
0.07427500000000001
0.22834700000000002
0.117488
0.33014499999999997
0.136828
0.34919900000000004
0.12259099999999999
0.279616
0.22394999999999998
0.159021
0.034207999999999995
0.012421
0.0
0.0
0.0
0.0
0.0
0.0
0.0
0.0
0.0
0.0
0.025725
0.132025
0.262365
0.3792
0.485445
0.566763
0.600796
0.588463
0.543408
0.479397
0.370969
0.23383299999999999
0.07642499999999999
0.0
0.0
0.0
0.0
0.0
0.0
0.0
0.0
0.0
0.0
0.0
0.026552
0.123379
0.241052
0.35508
0.457173
0.535652
0.583322
0.5943780000000001
0.568009
0.492253
0.382501
0.24379900000000002
0.083063
0.001071
0.0
0.0
0.0
0.0
0.0
0.0
0.0
0.0
0.0
0.001732
0.047202
0.11360200000000001
0.129402
0.300917
0.39106599999999997
0.443377
0.495339
0.502886
0.480115
0.42850099999999997
0.353999
0.24210900000000002
0.09691
0.005961
0.0
0.0
0.0
0.0
0.0
0.0
0.0
0.0
0.0
0.010635
0.067372
0.076291
0.30526400000000004
0.148503
0.178977
0.617597
0.207583
0.659828
0.185288
0.156999
0.12285299999999999
0.087127
0.052026
0.020772
0.0
0.0
0.0
0.0
0.0
0.0
0.0
0.0
0.0
0.0
0.025018000000000002
0.13225
0.26473
0.387065
0.497798
0.5841369999999999
0.6087670000000001
0.5949690000000001
0.5484829999999999
0.478703
0.370636
0.234137
0.077021
0.0
0.0
0.0
0.0
0.0
0.0
0.0
0.0
0.0
0.0
0.005502
0.026573
0.049866999999999995
0.074602
0.097614
0.1179
0.131915
0.138892
0.136223
0.125464
0.107436
0.084592
0.060212
0.035499
0.013343
0.0
0.0
0.0
0.0
0.0
0.0
0.0
0.0
0.0
0.0
0.025842
0.125389
0.247286
0.36141
0.46254500000000004
0.540507
0.586985
0.5973849999999999
0.5651029999999999
0.486977
0.380641
0.243978
0.08453000000000001
0.00046899999999999996
0.0
0.0
0.0
0.0
0.0
0.0
0.0
0.0
0.0
0.0017549999999999998
0.046814999999999996
0.087552
0.208567
0.17086400000000002
0.38598200000000005
0.481116
0.521246
0.4895
0.501949
0.40562400000000004
0.363111
0.264281
0.100675
0.010813000000000001
0.0
0.0
0.0
0.0
0.0
0.0
0.0
0.0
0.0
0.0
0.028122
0.127045
0.24809
0.36282400000000004
0.46619499999999997
0.547418
0.343783
0.607955
0.580234
0.5045930000000001
0.392721
0.252925
0.089964
0.001772
0.0
0.0
0.0
0.0
0.0
0.0
0.0
0.0
0.0
0.005234
0.019036
0.037763
0.056768
0.15316
0.19045099999999998
0.218267
0.232316
0.230358
0.212911
0.18293500000000001
0.061787
0.102514
0.056964
0.008628
0.0
0.0
0.0
0.0
0.0
0.0
0.0
0.0
0.0
0.0
0.024182
0.126035
0.251677
0.37117500000000003
0.477744
0.5595800000000001
0.608491
0.6116779999999999
0.562966
0.482929
0.375413
0.239678
0.08315900000000001
0.0
0.0
0.0
0.0
0.0
0.0
0.0
0.0
0.0
0.0
0.0
0.022911
0.13063399999999997
0.263481
0.386172
0.496986
0.5769829999999999
0.5964790000000001
0.583572
0.540042
0.46731
0.36284500000000003
0.23137200000000002
0.078197
0.0
0.0
0.0
0.0
0.0
0.0
0.0
0.0
0.0
0.0
0.0
0.023229
0.125726
0.252958
0.37309800000000004
0.480702
0.5637989999999999
0.613928
0.6009869999999999
0.554371
0.46980700000000003
0.365973
0.235759
0.081719
0.0
0.0
0.0
0.0
0.0
0.0
0.0
0.0
0.0
0.0
0.007932
0.047817
0.059558
0.08865
0.116575
0.348605
0.398528
0.425298
0.15878899999999999
0.398772
0.12452500000000001
0.09808199999999999
0.07015600000000001
0.041847
0.021919
0.0
0.0
0.0
0.0
0.0
0.0
0.0
0.0
0.0
0.0
0.022761
0.120772
0.24160900000000002
0.35966899999999996
0.463234
0.542899
0.59085
0.6016760000000001
0.559238
0.475803
0.371591
0.240478
0.084366
0.0
0.0
0.0
0.0
0.0
0.0
0.0
0.0
0.0
0.0
7.5e-05
0.025324000000000003
0.117988
0.233774
0.340915
0.43691199999999997
0.511614
0.5562590000000001
0.545833
0.241044
0.459493
0.397108
0.259819
0.10361100000000001
0.003163
0.0
0.0
0.0
0.0
0.0
0.0
0.0
0.0
0.0
0.0
0.020579
0.135178
0.279973
0.416197
0.520553
0.5721849999999999
0.591598
0.578801
0.534243
0.45883999999999997
0.357411
0.22789099999999998
0.07657800000000001
0.0
0.0
0.0
0.0
0.0
0.0
0.0
0.0
0.0
0.0
0.006668
0.028565999999999998
0.104974
0.08255599999999999
0.247887
0.30995100000000003
0.14772900000000003
0.15410200000000002
0.37999700000000003
0.137837
0.31008300000000005
0.248668
0.177194
0.038657
0.019626
0.0
0.0
0.0
0.0
0.0
0.0
0.0
0.0
0.0
0.011949999999999999
0.078987
0.083141
0.385268
0.163554
0.196707
0.220065
0.229822
0.224576
0.205174
0.174787
0.5567329999999999
0.375083
0.057000999999999996
0.022495
0.0
0.0
0.0
0.0
0.0
0.0
0.0
0.0
0.0
0.0
0.022278
0.117434
0.233491
0.348794
0.447444
0.524453
0.571176
0.582937
0.555793
0.479677
0.374331
0.242668
0.085995
0.00037
0.0
0.0
0.0
0.0
0.0
0.0
0.0
0.0
0.0
0.0
0.021925
0.11791
0.236813
0.349656
0.448581
0.524089
0.568765
0.57941
0.55064
0.477474
0.375756
0.24382900000000002
0.086163
0.000305
0.0
0.0
0.0
0.0
0.0
0.0
0.0
0.0
0.0
0.005431
0.031052
0.060270000000000004
0.09105500000000001
0.11981699999999999
0.33981599999999995
0.388426
0.41537799999999997
0.41707
0.15123699999999998
0.344626
0.10150100000000001
0.07194
0.042003
0.019381
0.0
0.0
0.0
0.0
0.0
0.0
0.0
0.0
0.0
0.0
0.02496
0.12424800000000001
0.24748900000000001
0.36751999999999996
0.471029
0.513347
0.601778
0.5639310000000001
0.249046
0.21115299999999998
0.38893
0.263091
0.09611700000000001
0.00372
0.0
0.0
0.0
0.0
0.0
0.0
0.0
0.0
0.0
0.0
0.020288
0.11723099999999999
0.239544
0.35618900000000003
0.45942500000000003
0.538815
0.587446
0.5991960000000001
0.5613440000000001
0.490359
0.381569
0.2445
0.08579
0.000296
0.0
0.0
0.0
0.0
0.0
0.0
0.0
0.0
0.0
0.0
0.019861
0.11970900000000001
0.24744
0.365725
0.472123
0.554539
0.604505
0.606112
0.5604589999999999
0.489497
0.381221
0.244897
0.084611
0.0
0.0
0.0
0.0
0.0
0.0
0.0
0.0
0.0
0.0
0.0
0.019403
0.11683
0.238161
0.35839800000000005
0.460537
0.5397759999999999
0.588524
0.5902820000000001
0.546276
0.47083800000000003
0.367417
0.236896
0.08224899999999999
0.0
0.0
0.0
0.0
0.0
0.0
0.0
0.0
0.0
0.0
0.0
0.019134
0.115883
0.237753
0.354456
0.458627
0.539399
0.5881900000000001
0.597105
0.55202
0.481356
0.372606
0.237798
0.081699
0.0
0.0
0.0
0.0
0.0
0.0
0.0
0.0
0.0
0.0
0.0
0.01979
0.10598099999999999
0.21363200000000002
0.32282299999999997
0.413097
0.483132
0.524473
0.533063
0.510099
0.46525
0.38477100000000003
0.253249
0.08295
0.0021579999999999998
0.0
0.0
0.0
0.0
0.0
0.0
0.0
0.0
0.0
0.000319
0.06968200000000001
0.107959
0.454719
0.293162
0.199226
0.223266
0.468676
0.22972800000000002
0.45255399999999996
0.182386
0.142935
0.23551
0.057595999999999994
0.012131
0.0
0.0
0.0
0.0
0.0
0.0
0.0
0.0
0.0
0.0
0.018935
0.110921
0.228858
0.33751
0.434822
0.508828
0.5528160000000001
0.561586
0.5378269999999999
0.489224
0.395326
0.253878
0.088909
0.001656
0.0
0.0
0.0
0.0
0.0
0.0
0.0
0.0
0.0
0.0
0.020066
0.11450199999999999
0.236854
0.345236
0.441572
0.5168780000000001
0.561526
0.5713550000000001
0.545663
0.284057
0.396903
0.255727
0.086747
0.00229
0.0
0.0
0.0
0.0
0.0
0.0
0.0
0.0
0.0
0.0
0.017252
0.115471
0.24412
0.364192
0.472158
0.555462
0.605274
0.613056
0.5674009999999999
0.483414
0.377804
0.241935
0.081982
0.0
0.0
0.0
0.0
0.0
0.0
0.0
0.0
0.0
0.0
0.00157
0.038813
0.142678
0.258965
0.162803
0.487848
0.5641799999999999
0.230888
0.225051
0.568528
0.172421
0.133315
0.09286499999999999
0.052936
0.018315
0.0
0.0
0.0
0.0
0.0
0.0
0.0
0.0
0.0
0.005535
0.030558
0.062756
0.096959
0.13090000000000002
0.160361
0.180701
0.190029
0.185816
0.16910499999999998
0.5897749999999999
0.47518099999999996
0.34105399999999997
0.042935
0.013849
0.0
0.0
0.0
0.0
0.0
0.0
0.0
0.0
0.0
0.0
0.023190000000000002
0.119717
0.21578299999999997
0.32691699999999996
0.225266
0.252714
0.530138
0.610869
0.5057
0.5150990000000001
0.361361
0.271588
0.094878
0.005083
0.0
0.0
0.0
0.0
0.0
0.0
0.0
0.0
0.0
0.0
0.020094
0.115407
0.240884
0.356839
0.257007
0.5431459999999999
0.591226
0.600336
0.314684
0.50737
0.415041
0.265527
0.083682
0.003716
0.0
0.0
0.0
0.0
0.0
0.0
0.0
0.0
0.0
0.000639
0.02159
0.04574
0.160039
0.097429
0.11882599999999999
0.331415
0.141345
0.362429
0.336144
0.291587
0.082853
0.056127
0.085618
0.015164
0.0
0.0
0.0
0.0
0.0
0.0
0.0
0.0
0.0
0.004702
0.030265
0.063038
0.098975
0.13317199999999998
0.161941
0.18136000000000002
0.7652340000000001
0.184749
0.16927199999999998
0.144862
0.527974
0.076558
0.043161
0.012934
0.0
0.0
0.0
0.0
0.0
0.0
0.0
0.0
0.0
0.0013720000000000002
0.03271
0.06837
0.10573199999999999
0.38673599999999997
0.173643
0.562104
0.20553200000000002
0.202843
0.18604400000000001
0.5139969999999999
0.41452100000000003
0.083995
0.046732
0.013758
0.0
0.0
0.0
0.0
0.0
0.0
0.0
0.0
0.0
0.004525
0.038130000000000004
0.226613
0.127872
0.172848
0.210438
0.833333
0.247334
0.24124199999999998
0.219983
0.186535
0.144829
0.09957099999999999
0.158237
0.026784
0.0
0.0
0.0
0.0
0.0
0.0
0.0
0.0
0.0
0.0
0.028377
0.107086
0.211286
0.177434
0.404477
0.24458000000000002
0.516285
0.5217609999999999
0.680998
0.43342899999999995
0.14729499999999998
0.24734399999999998
0.098915
0.007809
0.0
0.0
0.0
0.0
0.0
0.0
0.0
0.0
0.0
0.0
0.016415
0.107694
0.137803
0.33102
0.435249
0.5140779999999999
0.559804
0.554245
0.5414
0.479547
0.392154
0.263916
0.084399
0.002422
0.0
0.0
0.0
0.0
0.0
0.0
0.0
0.0
0.0
0.0
0.018085
0.106976
0.137297
0.322743
0.458258
0.485728
0.582352
0.53243
0.50352
0.451582
0.153131
0.261457
0.08382200000000001
0.0029649999999999998
0.0
0.0
0.0
0.0
0.0
0.0
0.0
0.0
0.0
0.0
0.012182
0.110618
0.244876
0.37866500000000003
0.49380799999999997
0.581519
0.6157630000000001
0.6053339999999999
0.561469
0.49598000000000003
0.38399900000000003
0.238238
0.069608
0.0
0.0
0.0
0.0
0.0
0.0
0.0
0.0
0.0
0.0
0.0
0.028699000000000002
0.086354
0.158386
0.23091399999999998
0.30048899999999995
0.155115
0.376409
0.375497
0.348769
0.121909
0.236692
0.062361
0.032962000000000005
0.009968999999999999
0.0
0.0
0.0
0.0
0.0
0.0
0.0
0.0
0.0
0.0
0.039176
0.088268
0.287498
0.191362
0.234095
0.6383479999999999
0.690076
0.27048500000000003
0.6624009999999999
0.209985
0.160864
0.309282
0.104807
0.014616
0.0
0.0
0.0
0.0
0.0
0.0
0.0
0.0
0.0
0.0
0.028437999999999998
0.132188
0.248429
0.145179
0.47418099999999996
0.553473
0.213332
0.209482
0.190095
0.498811
0.121151
0.08065699999999999
0.042135
0.009702
0.0
0.0
0.0
0.0
0.0
0.0
0.0
0.0
0.0
0.0
0.04246
0.07654999999999999
0.12295600000000001
0.421858
0.5341549999999999
0.227936
0.653691
0.233
0.211665
0.178233
0.13689099999999998
0.091771
0.048993
0.013699999999999999
0.0
0.0
0.0
0.0
0.0
0.0
0.0
0.0
0.0
0.0
0.014912000000000002
0.103632
0.13402799999999998
0.331907
0.463231
0.54899
0.559363
0.6055839999999999
0.575287
0.46692500000000003
0.154084
0.266538
0.076128
0.002285
0.0
0.0
0.0
0.0
0.0
0.0
0.0
0.0
0.0
0.0
0.012379
0.10778700000000001
0.24435400000000002
0.37417500000000004
0.488697
0.576901
0.630554
0.634759
0.58741
0.50504
0.25902600000000003
0.237691
0.06501900000000001
0.0
0.0
0.0
0.0
0.0
0.0
0.0
0.0
0.0
0.0
0.0
0.020432
0.063522
0.116146
0.165397
0.10387099999999999
0.241788
0.258138
0.25676499999999997
0.236726
0.20751599999999998
0.164115
0.110235
0.056261000000000005
0.0027069999999999998
0.0
0.0
0.0
0.0
0.0
0.0
0.0
0.0
0.0
0.0
0.022532
0.038679000000000005
0.064369
0.190438
0.243534
0.281992
0.131941
0.298491
0.274119
0.23442
0.071409
0.12326000000000001
0.062212
0.002645
0.0
0.0
0.0
0.0
0.0
0.0
0.0
0.0
0.0
0.0
0.023551
0.25223
0.099616
0.13939500000000002
0.173867
0.19895
0.209793
0.20663800000000002
0.18771600000000002
0.833333
0.118507
0.077753
0.039277
0.006006999999999999
0.0
0.0
0.0
0.0
0.0
0.0
0.0
0.0
0.0
0.0
0.037188000000000006
0.108544
0.41036700000000004
0.35542399999999996
0.248637
0.280596
0.29394600000000004
0.5991960000000001
0.25969600000000004
0.50317
0.16533099999999998
0.265791
0.05496
0.002417
0.0
0.0
0.0
0.0
0.0
0.0
0.0
0.0
0.0
0.0
0.013054
0.037176
0.063012
0.08864100000000001
0.109806
0.125927
0.132364
0.129154
0.11621200000000001
0.097322
0.07212099999999999
0.046686
0.022509
0.001111
0.0
0.0
0.0
0.0
0.0
0.0
0.0
0.0
0.0
0.0
0.014936999999999999
0.091163
0.211572
0.327095
0.431261
0.510212
0.5497000000000001
0.566416
0.524988
0.475833
0.387139
0.251701
0.047534999999999994
0.000834
0.0
0.0
0.0
0.0
0.0
0.0
0.0
0.0
0.0
0.0
0.018133
0.099145
0.430515
0.315662
0.217393
0.48008100000000004
0.25800799999999996
0.251091
0.49066699999999996
0.43744900000000003
0.144755
0.094351
0.069953
0.004524
0.0
0.0
0.0
0.0
0.0
0.0
0.0
0.0
0.0
0.0
0.023582000000000002
0.058963
0.20560599999999998
0.138487
0.392073
0.45762200000000003
0.20563800000000002
0.202203
0.47809199999999996
0.410928
0.32729
0.226542
0.035473
0.002057
0.0
0.0
0.0
0.0
0.0
0.0
0.0
0.0
0.0
0.0
0.015796
0.118666
0.21765700000000002
0.18787600000000002
0.442414
0.265387
0.57143
0.718999
0.6607029999999999
0.481175
0.15362
0.260893
0.047689999999999996
0.0
0.0
0.0
0.0
0.0
0.0
0.0
0.0
0.0
0.0
0.0
0.005934999999999999
0.102619
0.254651
0.402008
0.5330159999999999
0.615925
0.638816
0.624916
0.5744
0.48974900000000005
0.371042
0.21237
0.039765
0.0
0.0
0.0
0.0
0.0
0.0
0.0
0.0
0.0
0.0
0.0
0.010275000000000001
0.096621
0.23140100000000002
0.37295100000000003
0.49393200000000004
0.583557
0.6384099999999999
0.63997
0.6108060000000001
0.540802
0.38022300000000003
0.23267
0.050254
0.0
0.0
0.0
0.0
0.0
0.0
0.0
0.0
0.0
0.0
0.0
0.012003
0.133909
0.23055099999999998
0.202417
0.47788400000000003
0.28745
0.30211
0.6247
0.649181
0.524361
0.419903
0.243979
0.048723
0.0
0.0
0.0
0.0
0.0
0.0
0.0
0.0
0.0
0.0
0.0
0.00314
0.098887
0.244219
0.387623
0.511825
0.607384
0.648868
0.635068
0.584067
0.498928
0.270839
0.212927
0.034686999999999996
0.0
0.0
0.0
0.0
0.0
0.0
0.0
0.0
0.0
0.0
0.0
0.003626
0.104532
0.25699099999999997
0.229766
0.548775
0.640267
0.665186
0.410374
0.5951810000000001
0.500815
0.372483
0.20649
0.032136000000000005
0.0
0.0
0.0
0.0
0.0
0.0
0.0
0.0
0.0
0.0
0.0
0.002511
0.10228
0.263704
0.426311
0.32780200000000004
0.632455
0.654544
0.642693
0.594135
0.505135
0.379053
0.208235
0.028867
0.0
0.0
0.0
0.0
0.0
0.0
0.0
0.0
0.0
0.0
0.0
0.014681
0.039819
0.13932
0.206401
0.267428
0.146018
0.34331
0.340844
0.314496
0.275363
0.210485
0.050296
0.047728
0.0
0.0
0.0
0.0
0.0
0.0
0.0
0.0
0.0
0.0
0.0
0.013380000000000001
0.065312
0.13380099999999998
0.10091599999999999
0.26660199999999995
0.320575
0.346798
0.345683
0.319456
0.27362200000000003
0.08336299999999999
0.144004
0.046692
0.0
0.0
0.0
0.0
0.0
0.0
0.0
0.0
0.0
0.0
0.0
0.008666
0.034966000000000004
0.063734
0.09287000000000001
0.118024
0.135607
0.143361
0.139223
0.124871
0.102551
0.074385
0.045508
0.018463
0.0
0.0
0.0
0.0
0.0
0.0
0.0
0.0
0.0
0.0
0.0
0.007917
0.033531
0.062505
0.09137999999999999
0.116179
0.134115
0.14139
0.138159
0.123788
0.10009
0.07353
0.044503999999999995
0.017221
0.0
0.0
0.0
0.0
0.0
0.0
0.0
0.0
0.0
0.0
0.0
0.007904
0.035999
0.067486
0.098427
0.12565600000000002
0.14535900000000002
0.153592
0.149583
0.13421799999999998
0.109766
0.079358
0.047575000000000006
0.018631
0.0
0.0
0.0
0.0
0.0
0.0
0.0
0.0
0.0
0.0
0.0
0.004946
0.089947
0.23613399999999998
0.216022
0.517679
0.6285510000000001
0.657788
0.641923
0.587426
0.489147
0.364402
0.190168
0.020424
0.0
0.0
0.0
0.0
0.0
0.0
0.0
0.0
0.0
0.0
0.0
0.0
0.08961100000000001
0.245588
0.403406
0.543997
0.6152110000000001
0.638347
0.622838
0.5693630000000001
0.472785
0.347587
0.17681
0.004044
0.0
0.0
0.0
0.0
0.0
0.0
0.0
0.0
0.0
0.0
0.0
0.005649
0.110059
0.283851
0.45698500000000003
0.6069249999999999
0.5768490000000001
0.306072
0.29729099999999997
0.266938
0.5372680000000001
0.397113
0.21132800000000002
0.036867
0.0
0.0
0.0
0.0
0.0
0.0
0.0
0.0
0.0
0.0
0.0
0.010372
0.07137600000000001
0.304428
0.198905
0.6349880000000001
0.7468049999999999
0.304813
0.29654
0.267411
0.6076119999999999
0.160827
0.097278
0.029067
0.0
0.0
0.0
0.0
0.0
0.0
0.0
0.0
0.0
0.0
0.0
0.009077
0.06762900000000001
0.146421
0.225229
0.297008
0.350187
0.153065
0.149157
0.133149
0.299584
0.227368
0.044921
0.015343
0.0
0.0
0.0
0.0
0.0
0.0
0.0
0.0
0.0
0.0
0.0
0.0
0.09176000000000001
0.256966
0.425394
0.5789880000000001
0.386442
0.699746
0.681024
0.618383
0.356538
0.370475
0.170662
0.0074340000000000005
0.0
0.0
0.0
0.0
0.0
0.0
0.0
0.0
0.0
0.0
0.0
0.003021
0.030088999999999998
0.060433
0.091295
0.11831699999999999
0.137578
0.145848
0.141431
0.125329
0.100605
0.070476
0.040208
0.013035999999999999
0.0
0.0
0.0
0.0
0.0
0.0
0.0
0.0
0.0
0.0
0.0
0.00901
0.045626
0.090659
0.135917
0.515374
0.6110220000000001
0.215559
0.209741
0.615264
0.15149100000000001
0.10848000000000001
0.063127
0.021184
0.0
0.0
0.0
0.0
0.0
0.0
0.0
0.0
0.0
0.0
0.0
0.005328
0.08158199999999999
0.192418
0.306923
0.165377
0.484011
0.524451
0.196882
0.175226
0.413566
0.101227
0.057558
0.023929
0.0
0.0
0.0
0.0
0.0
0.0
0.0
0.0
0.0
0.0
0.0
0.0
0.078405
0.229887
0.373605
0.502175
0.593999
0.613253
0.5959679999999999
0.545477
0.338032
0.27200799999999997
0.15322999999999998
0.004988
0.0
0.0
0.0
0.0
0.0
0.0
0.0
0.0
0.0
0.0
0.0
0.000256
0.031776
0.068119
0.104836
0.137409
0.161119
0.17275
0.16872800000000002
0.15033600000000003
0.12072100000000001
0.084851
0.048131
0.013482
0.0
0.0
0.0
0.0
0.0
0.0
0.0
0.0
0.0
0.0
0.0
0.0
0.08294499999999999
0.252643
0.430045
0.550783
0.328312
0.7294299999999999
0.666378
0.601576
0.490978
0.367931
0.095697
0.008015000000000001
0.0
0.0
0.0
0.0
0.0
0.0
0.0
0.0
0.0
0.0
0.0
0.0
0.07942400000000001
0.139069
0.37494
0.549658
0.606749
0.654798
0.316216
0.587979
0.48782
0.364814
0.14427600000000002
0.004528
0.0
0.0
0.0
0.0
0.0
0.0
0.0
0.0
0.0
0.0
0.0
0.0
0.055203
0.202003
0.35923200000000005
0.45153699999999997
0.592383
0.6527419999999999
0.606896
0.246998
0.490551
0.351213
0.146792
0.010558
0.0
0.0
0.0
0.0
0.0
0.0
0.0
0.0
0.0
0.0
0.0
0.0017439999999999999
0.043629
0.27448500000000003
0.448647
0.189797
0.221744
0.234971
0.228168
0.71794
0.16322499999999998
0.11307500000000001
0.21329800000000002
0.015283
0.0
0.0
0.0
0.0
0.0
0.0
0.0
0.0
0.0
0.0
0.0
0.0
0.06992100000000001
0.242308
0.344754
0.241474
0.280703
0.626448
0.6842509999999999
0.596834
0.511311
0.36918599999999996
0.149977
0.0061600000000000005
0.0
0.0
0.0
0.0
0.0
0.0
0.0
0.0
0.0
0.0
0.0
0.0
0.038219
0.086222
0.134969
0.177422
0.20812999999999998
0.222069
0.21607200000000001
0.191424
0.15212799999999999
0.105619
0.0569
0.012422
0.0
0.0
0.0
0.0
0.0
0.0
0.0
0.0
0.0
0.0
0.0
0.0
0.070695
0.13166399999999998
0.413851
0.576237
0.4008
0.671041
0.649966
0.584824
0.47668299999999997
0.325106
0.117009
0.001484
0.0
0.0
0.0
0.0
0.0
0.0
0.0
0.0
0.0
0.0
0.0
0.0
0.048469
0.372107
0.175666
0.23192500000000002
0.27271300000000004
0.290007
0.28230900000000003
0.248722
0.67477
0.13467099999999999
0.213951
0.014045
0.0
0.0
0.0
0.0
0.0
0.0
0.0
0.0
0.0
0.0
0.0
0.0
0.057506999999999996
0.133249
0.205
0.5167630000000001
0.31522500000000003
0.673098
0.628812
0.568765
0.48485
0.341466
0.08361700000000001
0.00349
0.0
0.0
0.0
0.0
0.0
0.0
0.0
0.0
0.0
0.0
0.0
0.0
0.02367
0.057959000000000004
0.093484
0.313405
0.37814
0.411697
0.409381
0.13426
0.104889
0.070214
0.13938
0.0039889999999999995
0.0
0.0
0.0
0.0
0.0
0.0
0.0
0.0
0.0
0.0
0.0
0.0
0.089651
0.252147
0.421238
0.17456200000000002
0.675539
0.217084
0.211105
0.18742699999999998
0.14963300000000002
0.102255
0.051851999999999995
0.005822
0.0
0.0
0.0
0.0
0.0
0.0
0.0
0.0
0.0
0.0
0.0
0.0
0.034566
0.21484899999999998
0.372014
0.303431
0.609891
0.62934
0.608516
0.54822
0.464141
0.30617099999999997
0.089269
0.0
0.0
0.0
0.0
0.0
0.0
0.0
0.0
0.0
0.0
0.0
0.0
0.0
0.016867
0.044717
0.074051
0.100305
0.119635
0.12810300000000002
0.124132
0.109226
0.084991
0.056393
0.027112999999999998
0.00027100000000000003
0.0
0.0
0.0
0.0
0.0
0.0
0.0
0.0
0.0
0.0
0.0
0.0
0.060774999999999996
0.125693
0.205732
0.5528390000000001
0.32605700000000004
0.736579
0.337464
0.6322490000000001
0.497761
0.153442
0.087911
0.0011149999999999999
0.0
0.0
0.0
0.0
0.0
0.0
0.0
0.0
0.0
0.0
0.0
0.0
0.031015
0.206451
0.375529
0.305599
0.624672
0.645218
0.621836
0.5552079999999999
0.437207
0.282068
0.06779099999999999
0.0
0.0
0.0
0.0
0.0
0.0
0.0
0.0
0.0
0.0
0.0
0.0
0.0
0.050972
0.194343
0.356162
0.502976
0.618662
0.637308
0.28236399999999995
0.611272
0.462658
0.316488
0.069414
0.0
0.0
0.0
0.0
0.0
0.0
0.0
0.0
0.0
0.0
0.0
0.0
0.0
0.016634
0.049055999999999995
0.082994
0.113788
0.135367
0.145464
0.141651
0.123851
0.09590900000000001
0.062713
0.028469
0.0
0.0
0.0
0.0
0.0
0.0
0.0
0.0
0.0
0.0
0.0
0.0
0.0
0.049824
0.10795099999999999
0.34751499999999996
0.492159
0.290122
0.673119
0.300913
0.631013
0.207944
0.137018
0.075333
0.000503
0.0
0.0
0.0
0.0
0.0
0.0
0.0
0.0
0.0
0.0
0.0
0.0
0.020317
0.060682
0.10333
0.141821
0.16985
0.182678
0.176927
0.154171
0.119347
0.076432
0.034415
0.0
0.0
0.0
0.0
0.0
0.0
0.0
0.0
0.0
0.0
0.0
0.0
0.0
0.025837
0.20224199999999998
0.375992
0.5330860000000001
0.623797
0.6445339999999999
0.423466
0.552659
0.354128
0.272188
0.052115
0.0
0.0
0.0
0.0
0.0
0.0
0.0
0.0
0.0
0.0
0.0
0.0
0.0
0.044072
0.0994
0.330275
0.231783
0.27616199999999996
0.641909
0.28563900000000003
0.249254
0.49858800000000003
0.318953
0.032096
0.0
0.0
0.0
0.0
0.0
0.0
0.0
0.0
0.0
0.0
0.0
0.0
0.0
0.058386
0.06414199999999999
0.11243399999999999
0.155107
0.185357
0.710148
0.19191399999999997
0.655872
0.128723
0.082606
0.036012
0.0
0.0
0.0
0.0
0.0
0.0
0.0
0.0
0.0
0.0
0.0
0.0
0.0
0.053242
0.100495
0.175867
0.627597
0.289949
0.310664
0.752312
0.666336
0.204792
0.317654
0.057629
0.0
0.0
0.0
0.0
0.0
0.0
0.0
0.0
0.0
0.0
0.0
0.0
0.0
0.038524
0.093221
0.325075
0.2286
0.27459100000000003
0.294116
0.284933
0.614642
0.504194
0.311985
0.029023
0.0
0.0
0.0
0.0
0.0
0.0
0.0
0.0
0.0
0.0
0.0
0.0
0.0
0.037482999999999995
0.2028
0.351881
0.24555000000000002
0.632634
0.654837
0.6276849999999999
0.582434
0.20284100000000002
0.258149
0.011913
0.0
0.0
0.0
0.0
0.0
0.0
0.0
0.0
0.0
0.0
0.0
0.0
0.0
0.039328
0.173496
0.332173
0.19644499999999998
0.581302
0.640688
0.242597
0.606362
0.160174
0.10022199999999999
0.032424
0.0
0.0
0.0
0.0
0.0
0.0
0.0
0.0
0.0
0.0
0.0
0.0
0.0
0.035124
0.061314999999999995
0.299039
0.155418
0.525473
0.199451
0.5790789999999999
0.165009
0.45618400000000003
0.076977
0.029713
0.0
0.0
0.0
0.0
0.0
0.0
0.0
0.0
0.0
0.0
0.0
0.0
0.0
0.016356000000000002
0.195173
0.214409
0.5689919999999999
0.638922
0.659616
0.470918
0.549501
0.414091
0.21587
0.009394
0.0
0.0
0.0
0.0
0.0
0.0
0.0
0.0
0.0
0.0
0.0
0.0
0.0
0.015467
0.176581
0.36127699999999996
0.532919
0.6089249999999999
0.43256
0.598844
0.52408
0.40095299999999995
0.212036
0.007677
0.0
0.0
0.0
0.0
0.0
0.0
0.0
0.0
0.0
0.0
0.0
0.0
0.0
0.006454
0.037034
0.07005700000000001
0.099584
0.121047
0.13073500000000002
0.12587600000000002
0.108811
0.08250700000000001
0.04998
0.017145
0.0
0.0
0.0
0.0
0.0
0.0
0.0
0.0
0.0
0.0
0.0
0.0
0.0
0.022518
0.16906200000000002
0.358025
0.533064
0.5966520000000001
0.614133
0.585017
0.508145
0.382394
0.18845699999999999
0.003333
0.0
0.0
0.0
0.0
0.0
0.0
0.0
0.0
0.0
0.0
0.0
0.0
0.0
0.011654
0.191562
0.207459
0.5551090000000001
0.398625
0.640148
0.465017
0.528934
0.39863
0.197597
0.007513
0.0
0.0
0.0
0.0
0.0
0.0
0.0
0.0
0.0
0.0
0.0
0.0
0.0
0.02186
0.085346
0.332907
0.492828
0.28123899999999996
0.691091
0.29217200000000004
0.252353
0.18798900000000002
0.214122
0.01899
0.0
0.0
0.0
0.0
0.0
0.0
0.0
0.0
0.0
0.0
0.0
0.0
0.0
0.019265
0.258338
0.31264400000000003
0.597074
0.5946130000000001
0.289137
0.277708
0.238667
0.178337
0.20919100000000002
0.034792000000000003
0.0
0.0
0.0
0.0
0.0
0.0
0.0
0.0
0.0
0.0
0.0
0.0
0.0
0.016059
0.154316
0.299281
0.20758500000000002
0.568785
0.654966
0.623131
0.5677949999999999
0.420163
0.10105
0.012454
0.0
0.0
0.0
0.0
0.0
0.0
0.0
0.0
0.0
0.0
0.0
0.0
0.0
0.006876999999999999
0.15135200000000001
0.339657
0.51847
0.588817
0.6052150000000001
0.575468
0.49587200000000003
0.36964400000000003
0.16305799999999998
0.0025150000000000003
0.0
0.0
0.0
0.0
0.0
0.0
0.0
0.0
0.0
0.0
0.0
0.0
0.0
0.0053289999999999995
0.147253
0.32819400000000004
0.496576
0.566767
0.58256
0.552879
0.47713
0.346619
0.149711
0.001514
0.0
0.0
0.0
0.0
0.0
0.0
0.0
0.0
0.0
0.0
0.0
0.0
0.0
0.019145
0.051132
0.426784
0.620135
0.18944
0.204397
0.196102
0.167588
0.123655
0.07069
0.038168999999999995
0.0
0.0
0.0
0.0
0.0
0.0
0.0
0.0
0.0
0.0
0.0
0.0
0.0
0.0
0.017098
0.038585
0.057475
0.071998
0.07818000000000001
0.075215
0.063787
0.046388
0.025486
0.004141
0.0
0.0
0.0
0.0
0.0
0.0
0.0
0.0
0.0
0.0
0.0
0.0
0.0
0.001645
0.133402
0.31382299999999996
0.488798
0.571553
0.58721
0.553613
0.47247100000000003
0.339814
0.12939799999999999
0.000108
0.0
0.0
0.0
0.0
0.0
0.0
0.0
0.0
0.0
0.0
0.0
0.0
0.0
0.0
0.016852
0.038286
0.057899
0.07307
0.079589
0.076557
0.06467700000000001
0.046653
0.024994
0.002019
0.0
0.0
0.0
0.0
0.0
0.0
0.0
0.0
0.0
0.0
0.0
0.0
0.0
2e-05
0.130691
0.180957
0.49297399999999997
0.597643
0.613487
0.579499
0.493879
0.350048
0.123824
6.1e-05
0.0
0.0
0.0
0.0
0.0
0.0
0.0
0.0
0.0
0.0
0.0
0.0
0.0
0.0031869999999999997
0.171873
0.120859
0.18174500000000002
0.225119
0.792412
0.235017
0.200083
0.48178699999999997
0.0814
0.012468
0.0
0.0
0.0
0.0
0.0
0.0
0.0
0.0
0.0
0.0
0.0
0.0
0.0
0.0
0.224303
0.261635
0.409111
0.528601
0.251745
0.243209
0.588548
0.149559
0.14556899999999998
0.010326
0.0
0.0
0.0
0.0
0.0
0.0
0.0
0.0
0.0
0.0
0.0
0.0
0.0
0.0
0.12307699999999999
0.315416
0.502463
0.586671
0.603352
0.569105
0.48063
0.333863
0.094976
0.0
0.0
0.0
0.0
0.0
0.0
0.0
0.0
0.0
0.0
0.0
0.0
0.0
0.0
0.0
0.105399
0.25515899999999997
0.134376
0.167792
0.182271
0.5778909999999999
0.540864
0.105693
0.149524
0.007198
0.0
0.0
0.0
0.0
0.0
0.0
0.0
0.0
0.0
0.0
0.0
0.0
0.0
0.0
0.105747
0.12114
0.424616
0.586413
0.607939
0.568612
0.477226
0.350007
0.076666
0.000834
0.0
0.0
0.0
0.0
0.0
0.0
0.0
0.0
0.0
0.0
0.0
0.0
0.0
0.0
0.019059
0.047606
0.075072
0.096058
0.104958
0.10114
0.085465
0.059941
0.030459
0.000753
0.0
0.0
0.0
0.0
0.0
0.0
0.0
0.0
0.0
0.0
0.0
0.0
0.0
0.0
0.011843
0.033350000000000005
0.052062
0.06679900000000001
0.073033
0.069794
0.058851999999999995
0.040914
0.020042
0.0
0.0
0.0
0.0
0.0
0.0
0.0
0.0
0.0
0.0
0.0
0.0
0.0
0.0
0.0
0.047258
0.054729
0.20557
0.268265
0.31361700000000003
0.317137
0.290237
0.25717599999999996
0.106194
0.000879
0.0
0.0
0.0
0.0
0.0
0.0
0.0
0.0
0.0
0.0
0.0
0.0
0.0
0.0
0.104628
0.30032400000000004
0.495121
0.565778
0.580318
0.54325
0.451913
0.29688600000000004
0.064663
0.0
0.0
0.0
0.0
0.0
0.0
0.0
0.0
0.0
0.0
0.0
0.0
0.0
0.0
0.0
0.057425
0.280279
0.457344
0.55148
0.570247
0.535274
0.44802600000000004
0.295511
0.011459
0.0
0.0
0.0
0.0
0.0
0.0
0.0
0.0
0.0
0.0
0.0
0.0
0.0
0.0
0.0
0.06942400000000001
0.19356800000000002
0.11517400000000001
0.410163
0.465007
0.155416
0.44822199999999995
0.088782
0.049513
0.000615
0.0
0.0
0.0
0.0
0.0
0.0
0.0
0.0
0.0
0.0
0.0
0.0
0.0
0.0
0.07037099999999999
0.08876
0.334138
0.499988
0.502466
0.582389
0.49509800000000004
0.334455
0.054691000000000004
0.0
0.0
0.0
0.0
0.0
0.0
0.0
0.0
0.0
0.0
0.0
0.0
0.0
0.0
0.0
0.08667799999999999
0.11332099999999999
0.413231
0.513578
0.531334
0.499925
0.419194
0.27814
0.010346
0.0
0.0
0.0
0.0
0.0
0.0
0.0
0.0
0.0
0.0
0.0
0.0
0.0
0.0
0.0
0.007721
0.028294
0.047102
0.061021
0.067297
0.063981
0.052842
0.035586
0.014846999999999999
0.0
0.0
0.0
0.0
0.0
0.0
0.0
0.0
0.0
0.0
0.0
0.0
0.0
0.0
0.0
0.021396000000000002
0.065423
0.10856199999999999
0.141148
0.15626900000000002
0.149534
0.124586
0.084482
0.038291
0.0
0.0
0.0
0.0
0.0
0.0
0.0
0.0
0.0
0.0
0.0
0.0
0.0
0.0
0.0
0.09961
0.077649
0.12914799999999999
0.660525
0.185521
0.178215
0.148147
0.405723
0.046851
0.0
0.0
0.0
0.0
0.0
0.0
0.0
0.0
0.0
0.0
0.0
0.0
0.0
0.0
0.0
0.00733
0.026756
0.045996
0.060416
0.067166
0.063999
0.052616
0.034762
0.013938
0.0
0.0
0.0
0.0
0.0
0.0
0.0
0.0
0.0
0.0
0.0
0.0
0.0
0.0
0.0
0.054482
0.180971
0.10512
0.405384
0.46681900000000004
0.146176
0.45536200000000004
0.08083499999999999
0.034561
0.0
0.0
0.0
0.0
0.0
0.0
0.0
0.0
0.0
0.0
0.0
0.0
0.0
0.0
0.0
0.03707
0.244283
0.42394099999999996
0.568693
0.5858519999999999
0.54516
0.380806
0.262551
0.009003
0.0
0.0
0.0
0.0
0.0
0.0
0.0
0.0
0.0
0.0
0.0
0.0
0.0
0.0
0.0
0.062132
0.252323
0.379386
0.568355
0.587602
0.5737279999999999
0.179591
0.121663
0.019579
0.0
0.0
0.0
0.0
0.0
0.0
0.0
0.0
0.0
0.0
0.0
0.0
0.0
0.0
0.0
0.040594
0.048297
0.084596
0.339626
0.123114
0.39433100000000004
0.36434500000000003
0.06282800000000001
0.038583
0.0
0.0
0.0
0.0
0.0
0.0
0.0
0.0
0.0
0.0
0.0
0.0
0.0
0.0
0.0
0.054603
0.228721
0.36532299999999995
0.196702
0.5802050000000001
0.533748
0.43041
0.262976
0.011532
0.0
0.0
0.0
0.0
0.0
0.0
0.0
0.0
0.0
0.0
0.0
0.0
0.0
0.0
0.0
0.030225000000000002
0.262043
0.218722
0.5507369999999999
0.347752
0.527377
0.357067
0.247165
0.009311999999999999
0.0
0.0
0.0
0.0
0.0
0.0
0.0
0.0
0.0
0.0
0.0
0.0
0.0
0.0
0.0
0.033408
0.040858
0.073768
0.322653
0.110452
0.105922
0.35669799999999996
0.300595
0.020640000000000002
0.0
0.0
0.0
0.0
0.0
0.0
0.0
0.0
0.0
0.0
0.0
0.0
0.0
0.0
0.0
0.047740000000000005
0.218449
0.39473899999999995
0.542175
0.576391
0.204813
0.441089
0.227413
0.009123
0.0
0.0
0.0
0.0
0.0
0.0
0.0
0.0
0.0
0.0
0.0
0.0
0.0
0.0
0.0
0.025176999999999998
0.119838
0.403352
0.30154000000000003
0.541347
0.500514
0.40046499999999996
0.218776
0.008254
0.0
0.0
0.0
0.0
0.0
0.0
0.0
0.0
0.0
0.0
0.0
0.0
0.0
0.0
0.0
0.01948
0.09851399999999999
0.179146
0.08899800000000001
0.287288
0.292394
0.076424
0.25581899999999996
0.02311
0.0
0.0
0.0
0.0
0.0
0.0
0.0
0.0
0.0
0.0
0.0
0.0
0.0
0.0
0.0
0.032291
0.14835800000000002
0.097766
0.378938
0.438249
0.453625
0.11191
0.244807
0.022386
0.0
0.0
0.0
0.0
0.0
0.0
0.0
0.0
0.0
0.0
0.0
0.0
0.0
0.0
0.0
0.033211
0.18875999999999998
0.34977800000000003
0.444172
0.52116
0.492497
0.41768500000000003
0.097997
0.011919
0.0
0.0
0.0
0.0
0.0
0.0
0.0
0.0
0.0
0.0
0.0
0.0
0.0
0.0
0.0
0.017935
0.20760900000000002
0.212372
0.548692
0.569366
0.527962
0.416254
0.201206
0.006855000000000001
0.0
0.0
0.0
0.0
0.0
0.0
0.0
0.0
0.0
0.0
0.0
0.0
0.0
0.0
0.0
0.031002
0.074318
0.353827
0.557177
0.5848540000000001
0.532956
0.439756
0.104302
0.03428199999999999
0.0
0.0
0.0
0.0
0.0
0.0
0.0
0.0
0.0
0.0
0.0
0.0
0.0
0.0
0.0
0.014814
0.215551
0.215031
0.532735
0.359277
0.508603
0.398894
0.195545
0.005487
0.0
0.0
0.0
0.0
0.0
0.0
0.0
0.0
0.0
0.0
0.0
0.0
0.0
0.0
0.0
0.013463
0.11016500000000001
0.444244
0.549014
0.358695
0.383724
0.412366
0.19900299999999999
0.0039380000000000005
0.0
0.0
0.0
0.0
0.0
0.0
0.0
0.0
0.0
0.0
0.0
0.0
0.0
0.0
0.0
0.023454
0.31284100000000004
0.339658
0.477945
0.209064
0.199079
0.160679
0.100775
0.027457000000000002
0.0
0.0
0.0
0.0
0.0
0.0
0.0
0.0
0.0
0.0
0.0
0.0
0.0
0.0
0.0
0.045326
0.054078
0.485135
0.14368899999999998
0.161661
0.15486699999999998
0.123766
0.07654000000000001
0.017487
0.0
0.0
0.0
0.0
0.0
0.0
0.0
0.0
0.0
0.0
0.0
0.0
0.0
0.0
0.0
0.017103
0.044823
0.08953799999999999
0.123583
0.505059
0.5267609999999999
0.107269
0.226826
0.012989
0.0
0.0
0.0
0.0
0.0
0.0
0.0
0.0
0.0
0.0
0.0
0.0
0.0
0.0
0.0
0.006809999999999999
0.100153
0.463059
0.28010199999999996
0.560169
0.35450099999999996
0.353634
0.177998
0.001445
0.0
0.0
0.0
0.0
0.0
0.0
0.0
0.0
0.0
0.0
0.0
0.0
0.0
0.0
0.0
0.017914000000000003
0.051548000000000004
0.10450799999999999
0.583693
0.16114599999999998
0.154735
0.124239
0.246032
0.013612
0.0
0.0
0.0
0.0
0.0
0.0
0.0
0.0
0.0
0.0
0.0
0.0
0.0
0.0
0.0
0.004006
0.089322
0.18206
0.08293500000000001
0.310745
0.089561
0.29782400000000003
0.04192
0.010695
0.0
0.0
0.0
0.0
0.0
0.0
0.0
0.0
0.0
0.0
0.0
0.0
0.0
0.0
0.0
0.013946
0.24001
0.089184
0.12472899999999999
0.140181
0.13327799999999998
0.106707
0.26517599999999997
0.030879
0.0
0.0
0.0
0.0
0.0
0.0
0.0
0.0
0.0
0.0
0.0
0.0
0.0
0.0
0.0
0.004618000000000001
0.133281
0.084451
0.118052
0.458385
0.48432600000000003
0.101154
0.196471
0.009131
0.0
0.0
0.0
0.0
0.0
0.0
0.0
0.0
0.0
0.0
0.0
0.0
0.0
0.0
0.0
0.00362
0.156515
0.37823700000000005
0.457978
0.191586
0.5378
0.392731
0.163571
0.002483
0.0
0.0
0.0
0.0
0.0
0.0
0.0
0.0
0.0
0.0
0.0
0.0
0.0
0.0
0.0
1.7999999999999997e-05
0.181634
0.379535
0.520398
0.539212
0.378448
0.376189
0.136693
0.001451
0.0
0.0
0.0
0.0
0.0
0.0
0.0
0.0
0.0
0.0
0.0
0.0
0.0
0.0
0.0
0.005559000000000001
0.064109
0.49529
0.186667
0.210105
0.201084
0.43775200000000003
0.097157
0.015114
0.0
0.0
0.0
0.0
0.0
0.0
0.0
0.0
0.0
0.0
0.0
0.0
0.0
0.0
0.0
0.0
0.206999
0.310142
0.538298
0.530851
0.17712999999999998
0.14029499999999998
0.155599
0.012608000000000001
0.0
0.0
0.0
0.0
0.0
0.0
0.0
0.0
0.0
0.0
0.0
0.0
0.0
0.0
0.0
0.0
0.052154000000000006
0.11106999999999999
0.155549
0.17565999999999998
0.5026809999999999
0.386173
0.166096
0.0045190000000000004
0.0
0.0
0.0
0.0
0.0
0.0
0.0
0.0
0.0
0.0
0.0
0.0
0.0
0.0
0.0
0.0
0.058573
0.125089
0.478842
0.5403089999999999
0.502814
0.14947
0.141238
0.0018520000000000001
0.0
0.0
0.0
0.0
0.0
0.0
0.0
0.0
0.0
0.0
0.0
0.0
0.0
0.0
0.0
0.0
0.164559
0.07789499999999999
0.10992400000000001
0.125142
0.5803659999999999
0.093064
0.053342
0.015731
0.0
0.0
0.0
0.0
0.0
0.0
0.0
0.0
0.0
0.0
0.0
0.0
0.0
0.0
0.0
0.0
0.16916
0.17726499999999998
0.5187670000000001
0.538003
0.338928
0.37220600000000004
0.125898
0.001463
0.0
0.0
0.0
0.0
0.0
0.0
0.0
0.0
0.0
0.0
0.0
0.0
0.0
0.0
0.0
0.0
0.263969
0.28605
0.153439
0.498595
0.16656100000000001
0.397789
0.149411
0.006982
0.0
0.0
0.0
0.0
0.0
0.0
0.0
0.0
0.0
0.0
0.0
0.0
0.0
0.0
0.0
0.0
0.05403
0.119822
0.469229
0.523738
0.47904199999999997
0.380787
0.124807
0.0015129999999999998
0.0
0.0
0.0
0.0
0.0
0.0
0.0
0.0
0.0
0.0
0.0
0.0
0.0
0.0
0.0
0.0
0.146598
0.33768200000000004
0.462269
0.513694
0.47095499999999996
0.376896
0.082449
0.0015249999999999999
0.0
0.0
0.0
0.0
0.0
0.0
0.0
0.0
0.0
0.0
0.0
0.0
0.0
0.0
0.0
0.0
0.056944
0.042595999999999995
0.183982
0.216695
0.067855
0.213264
0.152051
0.0010069999999999999
0.0
0.0
0.0
0.0
0.0
0.0
0.0
0.0
0.0
0.0
0.0
0.0
0.0
0.0
0.0
0.0
0.175428
0.081489
0.115834
0.652749
0.127168
0.09900199999999999
0.056433
0.004972000000000001
0.0
0.0
0.0
0.0
0.0
0.0
0.0
0.0
0.0
0.0
0.0
0.0
0.0
0.0
0.0
0.0
0.134565
0.111868
0.44468799999999997
0.511463
0.468811
0.37194299999999997
0.120926
0.000968
0.0
0.0
0.0
0.0
0.0
0.0
0.0
0.0
0.0
0.0
0.0
0.0
0.0
0.0
0.0
0.0
0.08090800000000001
0.373853
0.494085
0.334943
0.47369900000000004
0.334413
0.120397
0.0
0.0
0.0
0.0
0.0
0.0
0.0
0.0
0.0
0.0
0.0
0.0
0.0
0.0
0.0
0.0
0.0
0.138996
0.12006
0.17113499999999998
0.545002
0.184705
0.14457599999999998
0.134744
0.003585
0.0
0.0
0.0
0.0
0.0
0.0
0.0
0.0
0.0
0.0
0.0
0.0
0.0
0.0
0.0
0.0
0.127839
0.109371
0.43669
0.509322
0.49124599999999996
0.34739
0.129182
0.006274
0.0
0.0
0.0
0.0
0.0
0.0
0.0
0.0
0.0
0.0
0.0
0.0
0.0
0.0
0.0
0.0
0.078671
0.363151
0.4806
0.337198
0.464474
0.34585899999999997
0.110795
0.0
0.0
0.0
0.0
0.0
0.0
0.0
0.0
0.0
0.0
0.0
0.0
0.0
0.0
0.0
0.0
0.0
0.116551
0.27013400000000004
0.40065100000000003
0.513224
0.492419
0.368382
0.066834
0.005582
0.0
0.0
0.0
0.0
0.0
0.0
0.0
0.0
0.0
0.0
0.0
0.0
0.0
0.0
0.0
0.0
0.057256999999999995
0.12770600000000001
0.18806299999999998
0.23273
0.24051
0.224509
0.029054
0.002023
0.0
0.0
0.0
0.0
0.0
0.0
0.0
0.0
0.0
0.0
0.0
0.0
0.0
0.0
0.0
0.0
0.118733
0.284802
0.14996199999999998
0.502648
0.485175
0.369868
0.07094400000000001
0.001331
0.0
0.0
0.0
0.0
0.0
0.0
0.0
0.0
0.0
0.0
0.0
0.0
0.0
0.0
0.0
0.0
0.154925
0.105122
0.15168199999999998
0.593406
0.16228499999999998
0.414389
0.071077
0.006234
0.0
0.0
0.0
0.0
0.0
0.0
0.0
0.0
0.0
0.0
0.0
0.0
0.0
0.0
0.0
0.0
0.064818
0.155347
0.06439199999999999
0.073323
0.068463
0.25829
0.152808
0.00418
0.0
0.0
0.0
0.0
0.0
0.0
0.0
0.0
0.0
0.0
0.0
0.0
0.0
0.0
0.0
0.0
0.040818
0.099998
0.14745
0.173964
0.18601499999999999
0.171874
0.135443
0.0013640000000000002
0.0
0.0
0.0
0.0
0.0
0.0
0.0
0.0
0.0
0.0
0.0
0.0
0.0
0.0
0.0
0.0
0.203838
0.089779
0.129715
0.14872
0.14093
0.109363
0.060111
0.005021
0.0
0.0
0.0
0.0
0.0
0.0
0.0
0.0
0.0
0.0
0.0
0.0
0.0
0.0
0.0
0.0
0.18194200000000002
0.10079300000000001
0.616171
0.163207
0.15465700000000002
0.11877800000000001
0.06589400000000001
0.009998
0.0
0.0
0.0
0.0
0.0
0.0
0.0
0.0
0.0
0.0
0.0
0.0
0.0
0.0
0.0
0.0
0.112638
0.277156
0.14643299999999998
0.489933
0.485674
0.351065
0.124917
0.00123
0.0
0.0
0.0
0.0
0.0
0.0
0.0
0.0
0.0
0.0
0.0
0.0
0.0
0.0
0.0
0.0
0.13599
0.098221
0.484801
0.5849460000000001
0.152226
0.116831
0.065613
0.004621
0.0
0.0
0.0
0.0
0.0
0.0
0.0
0.0
0.0
0.0
0.0
0.0
0.0
0.0
0.0
0.0
0.17225800000000002
0.088197
0.125812
0.142713
0.5950529999999999
0.104628
0.058155
0.004677
0.0
0.0
0.0
0.0
0.0
0.0
0.0
0.0
0.0
0.0
0.0
0.0
0.0
0.0
0.0
0.0
0.119348
0.308971
0.457324
0.48812700000000003
0.482743
0.341144
0.133731
0.006613000000000001
0.0
0.0
0.0
0.0
0.0
0.0
0.0
0.0
0.0
0.0
0.0
0.0
0.0
0.0
0.0
0.0
0.04796
0.11708299999999999
0.17311500000000002
0.205249
0.21798900000000002
0.049576999999999996
0.025979
0.002516
0.0
0.0
0.0
0.0
0.0
0.0
0.0
0.0
0.0
0.0
0.0
0.0
0.0
0.0
0.0
0.0
0.07735500000000001
0.195446
0.48527
0.517514
0.47944
0.348723
0.136286
0.0
0.0
0.0
0.0
0.0
0.0
0.0
0.0
0.0
0.0
0.0
0.0
0.0
0.0
0.0
0.0
0.0
0.076575
0.35541500000000004
0.47264
0.501353
0.367902
0.356403
0.132845
0.0
0.0
0.0
0.0
0.0
0.0
0.0
0.0
0.0
0.0
0.0
0.0
0.0
0.0
0.0
0.0
0.0
0.117387
0.110661
0.155669
0.513192
0.472084
0.363253
0.136941
0.00079
0.0
0.0
0.0
0.0
0.0
0.0
0.0
0.0
0.0
0.0
0.0
0.0
0.0
0.0
0.0
0.0
0.120988
0.321435
0.44041699999999995
0.49749099999999996
0.463784
0.38221499999999997
0.076295
0.001453
0.0
0.0
0.0
0.0
0.0
0.0
0.0
0.0
0.0
0.0
0.0
0.0
0.0
0.0
0.0
0.0
0.052861
0.295867
0.454733
0.508026
0.452229
0.350489
0.151982
0.008422
0.0
0.0
0.0
0.0
0.0
0.0
0.0
0.0
0.0
0.0
0.0
0.0
0.0
0.0
0.0
0.0
0.045555
0.322321
0.140131
0.557686
0.150002
0.44235
0.06597599999999999
0.006974
0.0
0.0
0.0
0.0
0.0
0.0
0.0
0.0
