0.0
0.0
0.0
0.0
0.0
0.0
0.0
0.0
0.0
0.018568
0.038782
0.051586
0.124087
0.10834300000000001
0.069838
0.062905
0.0
0.0
0.0
0.0
0.0
0.0
0.0
0.0
0.0
0.0
0.0
0.0
0.0
0.0
0.0
0.0
0.002034
0.043087
0.038258
0.115551
0.123224
0.106529
0.067456
0.02105
0.0
0.0
0.0
0.0
0.0
0.0
0.0
0.0
0.0
0.0
0.0
0.0
0.0
0.0
0.0
0.0
0.008539999999999999
0.169721
0.236678
0.281263
0.353306
0.38261399999999995
0.293474
0.11264300000000001
0.0
0.0
0.0
0.0
0.0
0.0
0.0
0.0
0.0
0.0
0.0
0.0
0.0
0.0
0.0
0.0
0.0
0.01918
0.188471
0.296958
0.42003500000000005
0.427803
0.274463
0.023285
0.0
0.0
0.0
0.0
0.0
0.0
0.0
0.0
0.0
0.0
0.0
0.0
0.0
0.0
0.0
0.0
0.00505
0.11398900000000001
0.325378
0.46335899999999997
0.47236
0.340243
0.258756
0.046769
0.0
0.0
0.0
0.0
0.0
0.0
0.0
0.0
0.0
0.0
0.0
0.0
0.0
0.0
0.0
0.0
0.002554
0.019
0.039813
0.052597
0.055998
0.048049999999999995
0.032028
0.009928000000000001
0.0
0.0
0.0
0.0
0.0
0.0
0.0
0.0
0.0
0.0
0.0
0.0
0.0
0.0
0.0
0.0
0.004844
0.113152
0.158444
0.12109
0.129019
0.199883
0.20138999999999999
0.102862
0.0
0.0
0.0
0.0
0.0
0.0
0.0
0.0
0.0
0.0
0.0
0.0
0.0
0.0
0.0
0.0
0.0
0.020281
0.094756
0.055317
0.131663
0.116937
0.034392000000000006
0.011868
0.0
0.0
0.0
0.0
0.0
0.0
0.0
0.0
0.0
0.0
0.0
0.0
0.0
0.0
0.0
0.0
0.0
0.020152999999999997
0.041157
0.054926
0.058076
0.051168
0.034279000000000004
0.012584
0.0
0.0
0.0
0.0
0.0
0.0
0.0
0.0
0.0
0.0
0.0
0.0
0.0
0.0
0.0
0.0
0.0
0.020819
0.041519
0.055512
0.058942
0.051847000000000004
0.034817999999999995
0.012478999999999999
0.0
0.0
0.0
0.0
0.0
0.0
0.0
0.0
0.0
0.0
0.0
0.0
0.0
0.0
0.0
0.0
0.0
0.020196000000000002
0.040602
0.054248
0.057614
0.050949
0.034398000000000005
0.013117
0.0
0.0
0.0
0.0
0.0
0.0
0.0
0.0
0.0
0.0
0.0
0.0
0.0
0.0
0.0
0.0
0.006019999999999999
0.10108
0.09516200000000001
0.22116
0.23865199999999998
0.117941
0.15094300000000002
0.058522
0.00033600000000000004
0.0
0.0
0.0
0.0
0.0
0.0
0.0
0.0
0.0
0.0
0.0
0.0
0.0
0.0
0.0
0.0
0.021396000000000002
0.042169
0.056813
0.060043
0.053049
0.036012999999999996
0.013845000000000001
0.0
0.0
0.0
0.0
0.0
0.0
0.0
0.0
0.0
0.0
0.0
0.0
0.0
0.0
0.0
0.0
0.003431
0.097071
0.180228
0.364528
0.24234899999999998
0.11902
0.15442699999999998
0.033763
0.0
0.0
0.0
0.0
0.0
0.0
0.0
0.0
0.0
0.0
0.0
0.0
0.0
0.0
0.0
0.0
0.003545
0.022
0.09910899999999999
0.057129
0.061547
0.12303499999999999
0.087718
0.067148
0.002417
0.0
0.0
0.0
0.0
0.0
0.0
0.0
0.0
0.0
0.0
0.0
0.0
0.0
0.0
0.0
0.004266
0.109488
0.101465
0.327376
0.141036
0.127832
0.038792
0.016486
0.0
0.0
0.0
0.0
0.0
0.0
0.0
0.0
0.0
0.0
0.0
0.0
0.0
0.0
0.0
0.0
0.000319
0.023369
0.046193
0.060847
0.064243
0.057271999999999997
0.040826999999999995
0.01753
0.0
0.0
0.0
0.0
0.0
0.0
0.0
0.0
0.0
0.0
0.0
0.0
0.0
0.0
0.0
0.0
0.004961999999999999
0.058472
0.104691
0.13553
0.14335599999999998
0.057527
0.041063
0.018026
0.0
0.0
0.0
0.0
0.0
0.0
0.0
0.0
0.0
0.0
0.0
0.0
0.0
0.0
0.0
0.0
0.000251
0.023126999999999998
0.102862
0.14147200000000001
0.15041
0.055709
0.039618
0.017255
0.0
0.0
0.0
0.0
0.0
0.0
0.0
0.0
0.0
0.0
0.0
0.0
0.0
0.0
0.0
0.0
0.030775
0.191613
0.39702699999999996
0.326969
0.418288
0.316025
0.32936
0.182342
0.0035139999999999998
0.0
0.0
0.0
0.0
0.0
0.0
0.0
0.0
0.0
0.0
0.0
0.0
0.0
0.0
0.0
0.035745
0.219002
0.40348399999999995
0.395101
0.260322
0.234436
0.177339
0.08072
0.005864
0.0
0.0
0.0
0.0
0.0
0.0
0.0
0.0
0.0
0.0
0.0
0.0
0.0
0.0
0.0
0.007216
0.06479399999999999
0.108658
0.137404
0.14695
0.369627
0.358688
0.188746
0.009488
0.0
0.0
0.0
0.0
0.0
0.0
0.0
0.0
0.0
0.0
0.0
0.0
0.0
0.0
0.0
0.002222
0.025951000000000002
0.048076999999999995
0.063131
0.06738200000000001
0.060426
0.0434
0.020719
0.0
0.0
0.0
0.0
0.0
0.0
0.0
0.0
0.0
0.0
0.0
0.0
0.0
0.0
0.0
0.0
0.008429
0.06877899999999999
0.113745
0.143503
0.15256999999999998
0.138273
0.104782
0.050717
0.0
0.0
0.0
0.0
0.0
0.0
0.0
0.0
0.0
0.0
0.0
0.0
0.0
0.0
0.0
0.0
0.00959
0.028279
0.115465
0.147029
0.157213
0.143631
0.109461
0.054371
0.0
0.0
0.0
0.0
0.0
0.0
0.0
0.0
0.0
0.0
0.0
0.0
0.0
0.0
0.0
0.0
0.017623
0.074381
0.118098
0.148915
0.159357
0.146073
0.111486
0.056286
0.007541
0.0
0.0
0.0
0.0
0.0
0.0
0.0
0.0
0.0
0.0
0.0
0.0
0.0
0.0
0.0
0.059565
0.26064499999999996
0.442976
0.50877
0.530905
0.49072899999999997
0.39023599999999997
0.23064099999999998
0.032701999999999995
0.0
0.0
0.0
0.0
0.0
0.0
0.0
0.0
0.0
0.0
0.0
0.0
0.0
0.0
0.0
0.004477999999999999
0.030458
0.12108100000000001
0.152282
0.27909500000000004
0.259974
0.336495
0.156331
0.017651
0.0
0.0
0.0
0.0
0.0
0.0
0.0
0.0
0.0
0.0
0.0
0.0
0.0
0.0
0.0
0.013553
0.07068600000000001
0.126002
0.156338
0.166765
0.152982
0.118699
0.062733
0.01256
0.0
0.0
0.0
0.0
0.0
0.0
0.0
0.0
0.0
0.0
0.0
0.0
0.0
0.0
0.0
0.015089
0.072206
0.160404
0.22659200000000002
0.268572
0.163718
0.117907
0.062514
0.0088
0.0
0.0
0.0
0.0
0.0
0.0
0.0
0.0
0.0
0.0
0.0
0.0
0.0
0.0
0.0
0.015699
0.07169400000000001
0.126117
0.15643
0.166738
0.152774
0.119713
0.064149
0.009684
0.0
0.0
0.0
0.0
0.0
0.0
0.0
0.0
0.0
0.0
0.0
0.0
0.0
0.0
0.0
0.021269
0.11460899999999999
0.193942
0.258642
0.47868
0.255649
0.11211199999999999
0.101271
0.024391
0.0
0.0
0.0
0.0
0.0
0.0
0.0
0.0
0.0
0.0
0.0
0.0
0.0
0.0
0.0
0.005229
0.031204
0.054238999999999996
0.069188
0.07428
0.068608
0.051631
0.027652
0.002771
0.0
0.0
0.0
0.0
0.0
0.0
0.0
0.0
0.0
0.0
0.0
0.0
0.0
0.0
0.0
0.024965
0.16608099999999998
0.403068
0.526916
0.5574479999999999
0.515009
0.411372
0.22932
0.025435
0.0
0.0
0.0
0.0
0.0
0.0
0.0
0.0
0.0
0.0
0.0
0.0
0.0
0.0
0.0
0.016509
0.12358799999999999
0.21887600000000001
0.269688
0.180117
0.15299000000000001
0.119172
0.065591
0.011632
0.0
0.0
0.0
0.0
0.0
0.0
0.0
0.0
0.0
0.0
0.0
0.0
0.0
0.0
0.0
0.01782
0.071907
0.123192
0.158526
0.17714
0.26540800000000003
0.118938
0.114158
0.020396
0.0
0.0
0.0
0.0
0.0
0.0
0.0
0.0
0.0
0.0
0.0
0.0
0.0
0.0
0.0
0.066844
0.250877
0.297636
0.162158
0.07974500000000001
0.07309600000000001
0.056483
0.031747
0.005143
0.0
0.0
0.0
0.0
0.0
0.0
0.0
0.0
0.0
0.0
0.0
0.0
0.0
0.0
0.0
0.020431
0.13012100000000001
0.225498
0.17308400000000002
0.08147
0.075351
0.058472
0.072958
0.015997
0.0
0.0
0.0
0.0
0.0
0.0
0.0
0.0
0.0
0.0
0.0
0.0
0.0
0.0
0.0
0.009305999999999998
0.036524
0.061863
0.078097
0.179822
0.075656
0.058703000000000005
0.033741
0.017489
0.0
0.0
0.0
0.0
0.0
0.0
0.0
0.0
0.0
0.0
0.0
0.0
0.0
0.0
0.0
0.010116
0.153348
0.139246
0.17049899999999998
0.181313
0.078128
0.061181
0.035752
0.007730000000000001
0.0
0.0
0.0
0.0
0.0
0.0
0.0
0.0
0.0
0.0
0.0
0.0
0.0
0.0
0.0
0.063212
0.039178
0.141641
0.174294
0.18615
0.172461
0.136075
0.080988
0.021254000000000002
0.0
0.0
0.0
0.0
0.0
0.0
0.0
0.0
0.0
0.0
0.0
0.0
0.0
0.0
0.0
0.011835
0.039913
0.065228
0.081086
0.086762
0.07984999999999999
0.063072
0.037168
0.009300000000000001
0.0
0.0
0.0
0.0
0.0
0.0
0.0
0.0
0.0
0.0
0.0
0.0
0.0
0.0
0.0
0.11876099999999999
0.094461
0.461166
0.5925
0.6155689999999999
0.576978
0.476921
0.296319
0.095286
0.0
0.0
0.0
0.0
0.0
0.0
0.0
0.0
0.0
0.0
0.0
0.0
0.0
0.0
0.0
0.055427
0.30315499999999995
0.474634
0.5852419999999999
0.62391
0.5879650000000001
0.49129500000000004
0.319668
0.100481
0.0
0.0
0.0
0.0
0.0
0.0
0.0
0.0
0.0
0.0
0.0
0.0
0.0
0.0
0.001266
0.09937900000000001
0.324446
0.49001999999999996
0.591399
0.622289
0.587438
0.491046
0.324046
0.10268000000000001
0.0
0.0
0.0
0.0
0.0
0.0
0.0
0.0
0.0
0.0
0.0
0.0
0.0
0.0
0.0
0.036558
0.238739
0.259928
0.317496
0.43417500000000003
0.309557
0.160952
0.155812
0.11515900000000001
0.0
0.0
0.0
0.0
0.0
0.0
0.0
0.0
0.0
0.0
0.0
0.0
0.0
0.0
0.0
0.072245
0.238917
0.074071
0.091075
0.555264
0.5904170000000001
0.446227
0.22318000000000002
0.054047
0.0
0.0
0.0
0.0
0.0
0.0
0.0
0.0
0.0
0.0
0.0
0.0
0.0
0.0
0.0
0.018154
0.10686799999999999
0.484657
0.612216
0.643875
0.6109020000000001
0.507155
0.342415
0.12447799999999999
0.001075
0.0
0.0
0.0
0.0
0.0
0.0
0.0
0.0
0.0
0.0
0.0
0.0
0.0
0.0
0.0425
0.050764000000000004
0.34690699999999997
0.581041
0.65504
0.623211
0.518577
0.349833
0.130684
0.0015860000000000002
0.0
0.0
0.0
0.0
0.0
0.0
0.0
0.0
0.0
0.0
0.0
0.0
0.0
0.0
0.019751
0.19559200000000002
0.175444
0.325382
0.604741
0.60409
0.512181
0.348217
0.13190000000000002
0.001535
0.0
0.0
0.0
0.0
0.0
0.0
0.0
0.0
0.0
0.0
0.0
0.0
0.0
0.0052569999999999995
0.14588800000000002
0.357217
0.526424
0.6243569999999999
0.653405
0.604719
0.501468
0.34869799999999995
0.13002
0.00261
0.0
0.0
0.0
0.0
0.0
0.0
0.0
0.0
0.0
0.0
0.0
0.0
0.0
0.005631000000000001
0.14858600000000002
0.354125
0.517916
0.614875
0.629409
0.5952820000000001
0.4619
0.177118
0.065153
0.000296
0.0
0.0
0.0
0.0
0.0
0.0
0.0
0.0
0.0
0.0
0.0
0.0
0.0
0.0
0.021758
0.052281999999999995
0.078309
0.202201
0.21012999999999998
0.195767
0.262994
0.31308199999999997
0.138901
0.003663
0.0
0.0
0.0
0.0
0.0
0.0
0.0
0.0
0.0
0.0
0.0
0.0
0.0
0.0
0.023901
0.055013
0.081988
0.098403
0.103145
0.09682299999999999
0.079224
0.051027
0.020114999999999997
0.0
0.0
0.0
0.0
0.0
0.0
0.0
0.0
0.0
0.0
0.0
0.0
0.0
0.0
0.0
0.024108
0.054769
0.081911
0.098076
0.217555
0.09568800000000001
0.07839199999999999
0.052106
0.020701
0.0
0.0
0.0
0.0
0.0
0.0
0.0
0.0
0.0
0.0
0.0
0.0
0.0
0.0
0.0
0.025067
0.056553
0.082508
0.099427
0.104802
0.097871
0.169819
0.11359999999999999
0.021483000000000002
0.0
0.0
0.0
0.0
0.0
0.0
0.0
0.0
0.0
0.0
0.0
0.0
0.0
0.0
0.0
0.025795000000000002
0.057193
0.084228
0.09999
0.221479
0.205862
0.170208
0.25075200000000003
0.048875
0.0
0.0
0.0
0.0
0.0
0.0
0.0
0.0
0.0
0.0
0.0
0.0
0.0
0.0
0.0
0.027361
0.12590600000000002
0.085588
0.102102
0.10796
0.100965
0.083106
0.05534
0.023114
0.0
0.0
0.0
0.0
0.0
0.0
0.0
0.0
0.0
0.0
0.0
0.0
0.0
0.0
0.000273
0.028170999999999998
0.229326
0.30112
0.351902
0.630602
0.6265320000000001
0.494324
0.200247
0.112773
0.006455
0.0
0.0
0.0
0.0
0.0
0.0
0.0
0.0
0.0
0.0
0.0
0.0
0.0
0.023124
0.218213
0.427296
0.571564
0.57304
0.285007
0.22570199999999999
0.18913999999999997
0.131309
0.02826
0.0032389999999999997
0.0
0.0
0.0
0.0
0.0
0.0
0.0
0.0
0.0
0.0
0.0
0.0
0.0
0.0029
0.033704
0.06714400000000001
0.093905
0.1097
0.115765
0.22804400000000002
0.188645
0.217738
0.100828
0.0
0.0
0.0
0.0
0.0
0.0
0.0
0.0
0.0
0.0
0.0
0.0
0.0
0.0
0.003673
0.035045
0.06792000000000001
0.09408899999999999
0.23036099999999998
0.2388
0.225781
0.189713
0.133
0.06395
0.00017
0.0
0.0
0.0
0.0
0.0
0.0
0.0
0.0
0.0
0.0
0.0
0.0
0.0
0.004399
0.035476
0.06803000000000001
0.19944399999999998
0.369787
0.236514
0.528888
0.46401600000000004
0.39166
0.211021
0.018523
0.0
0.0
0.0
0.0
0.0
0.0
0.0
0.0
0.0
0.0
0.0
0.0
0.0
0.005091999999999999
0.035612000000000005
0.068161
0.093905
0.108171
0.11216
0.221712
0.186021
0.132994
0.065035
0.006131999999999999
0.0
0.0
0.0
0.0
0.0
0.0
0.0
0.0
0.0
0.0
0.0
0.0
0.0
0.042872
0.20981
0.23728100000000002
0.297336
0.471029
0.359197
0.341152
0.196477
0.13886099999999998
0.06651900000000001
0.006327
0.0
0.0
0.0
0.0
0.0
0.0
0.0
0.0
0.0
0.0
0.0
0.0
0.0
0.006706999999999999
0.03841
0.07152299999999999
0.097058
0.25479599999999997
0.26159699999999997
0.229434
0.092006
0.065138
0.032325
0.001915
0.0
0.0
0.0
0.0
0.0
0.0
0.0
0.0
0.0
0.0
0.0
0.0
0.0
0.007613000000000001
0.040247
0.072575
0.099168
0.114706
0.119973
0.113343
0.09507800000000001
0.067647
0.033649
0.0027730000000000003
0.0
0.0
0.0
0.0
0.0
0.0
0.0
0.0
0.0
0.0
0.0
0.0
0.0
0.008407999999999999
0.040854
0.07401
0.099314
0.115408
0.120083
0.11347499999999999
0.09469899999999999
0.067684
0.034054
0.00352
0.0
0.0
0.0
0.0
0.0
0.0
0.0
0.0
0.0
0.0
0.0
0.0
0.0
0.009205
0.042519
0.075486
0.10093
0.257983
0.251989
0.252596
0.199402
0.15143600000000002
0.07477299999999999
0.011519999999999999
0.0
0.0
0.0
0.0
0.0
0.0
0.0
0.0
0.0
0.0
0.0
0.0
0.0
0.009968999999999999
0.04324
0.0761
0.10192100000000001
0.11756100000000001
0.122348
0.11507099999999999
0.096731
0.069985
0.036549
0.004368
0.0
0.0
0.0
0.0
0.0
0.0
0.0
0.0
0.0
0.0
0.0
0.0
0.0
0.011597
0.045079999999999995
0.078459
0.104896
0.12026
0.12503
0.117662
0.099552
0.071587
0.037658000000000004
0.005199
0.0
0.0
0.0
0.0
0.0
0.0
0.0
0.0
0.0
0.0
0.0
0.0
0.0
0.012414
0.045916
0.079925
0.10535800000000001
0.121416
0.125044
0.117925
0.09992
0.071887
0.038225
0.005942
0.0
0.0
0.0
0.0
0.0
0.0
0.0
0.0
0.0
0.0
0.0
0.0
0.0
0.029966999999999997
0.100345
0.177386
0.218529
0.248751
0.257625
0.11773900000000001
0.098975
0.071691
0.131706
0.016300000000000002
0.0
0.0
0.0
0.0
0.0
0.0
0.0
0.0
0.0
0.0
0.0
0.0
0.0
0.013953
0.103446
0.080306
0.237303
0.268364
0.277335
0.245809
0.334584
0.32174200000000003
0.167763
0.027353000000000002
0.0
0.0
0.0
0.0
0.0
0.0
0.0
0.0
0.0
0.0
0.0
0.0
0.0
0.015695999999999998
0.050149
0.08305
0.10830500000000001
0.602033
0.7058490000000001
0.684074
0.592622
0.44932799999999995
0.251073
0.054869
0.0
0.0
0.0
0.0
0.0
0.0
0.0
0.0
0.0
0.0
0.0
0.0
0.000983
0.092741
0.302936
0.499356
0.631089
0.690845
0.719423
0.663802
0.585792
0.44282
0.25369200000000003
0.056601
0.0
0.0
0.0
0.0
0.0
0.0
0.0
0.0
0.0
0.0
0.0
0.0
0.001443
0.098417
0.29307900000000003
0.414696
0.456997
0.506967
0.5473450000000001
0.589445
0.556423
0.448955
0.246881
0.056584
0.0
0.0
0.0
0.0
0.0
0.0
0.0
0.0
0.0
0.0
0.0
0.0
0.002615
0.10912000000000001
0.320552
0.492149
0.62146
0.698006
0.734308
0.693414
0.599966
0.45861799999999997
0.2607
0.060621
0.0
0.0
0.0
0.0
0.0
0.0
0.0
0.0
0.0
0.0
0.0
0.0
0.0
0.04253199999999999
0.113063
0.180568
0.244006
0.521956
0.616752
0.6408809999999999
0.569191
0.427448
0.259894
0.06430200000000001
0.0
0.0
0.0
0.0
0.0
0.0
0.0
0.0
0.0
0.0
0.0
0.0
0.0
0.020387
0.056504
0.089427
0.116038
0.13145199999999999
0.13532
0.127256
0.10918699999999999
0.080266
0.045774999999999996
0.011582
0.0
0.0
0.0
0.0
0.0
0.0
0.0
0.0
0.0
0.0
0.0
0.0
0.0
0.07468300000000001
0.122351
0.198013
0.23932900000000001
0.27092200000000005
0.415203
0.26072500000000004
0.223413
0.38251
0.244929
0.068078
0.0
0.0
0.0
0.0
0.0
0.0
0.0
0.0
0.0
0.0
0.0
0.0
0.000248
0.022979
0.058967
0.09247
0.117062
0.131448
0.13520400000000002
0.126372
0.107195
0.07927200000000001
0.045232999999999995
0.011890000000000001
0.0
0.0
0.0
0.0
0.0
0.0
0.0
0.0
0.0
0.0
0.0
0.0
0.000749
0.023509
0.059109
0.09251300000000001
0.117697
0.131993
0.135411
0.274033
0.235137
0.080207
0.046014000000000006
0.028957
0.0
0.0
0.0
0.0
0.0
0.0
0.0
0.0
0.0
0.0
0.0
0.0
0.0029449999999999997
0.053403
0.127432
0.205716
0.247462
0.417823
0.56123
0.6172709999999999
0.615673
0.274835
0.101301
0.031324000000000005
0.0
0.0
0.0
0.0
0.0
0.0
0.0
0.0
0.0
0.0
0.0
0.0
0.003555
0.122619
0.33496499999999996
0.5251079999999999
0.650288
0.718333
0.7386269999999999
0.621362
0.6119640000000001
0.480346
0.2879
0.078905
0.0
0.0
0.0
0.0
0.0
0.0
0.0
0.0
0.0
0.0
0.0
0.0
0.009427
0.145911
0.359195
0.458866
0.262398
0.13556
0.137746
0.280029
0.24072900000000003
0.17824500000000001
0.101562
0.047937
0.0
0.0
0.0
0.0
0.0
0.0
0.0
0.0
0.0
0.0
0.0
0.0
0.010734
0.148396
0.34199799999999997
0.500182
0.614789
0.6736380000000001
0.640401
0.513356
0.34961000000000003
0.17555
0.076166
0.01495
0.0
0.0
0.0
0.0
0.0
0.0
0.0
0.0
0.0
0.0
0.0
0.0
0.000236
0.061661
0.13663399999999998
0.212071
0.266241
0.549526
0.303241
0.420385
0.3485
0.272785
0.163942
0.06481999999999999
0.0
0.0
0.0
0.0
0.0
0.0
0.0
0.0
0.0
0.0
0.0
0.0
0.005051
0.06528700000000001
0.14682900000000002
0.219162
0.26071
0.591273
0.689842
0.6409389999999999
0.379134
0.361057
0.247668
0.055411
0.0
0.0
0.0
0.0
0.0
0.0
0.0
0.0
0.0
0.0
0.0
0.0
0.014778000000000001
0.158109
0.354087
0.404548
0.515895
0.6534679999999999
0.6765410000000001
0.6916749999999999
0.547736
0.46119600000000005
0.270675
0.083648
0.001031
0.0
0.0
0.0
0.0
0.0
0.0
0.0
0.0
0.0
0.0
0.0
0.014877000000000001
0.12709499999999999
0.212905
0.210316
0.263667
0.135697
0.29921499999999995
0.282202
0.231072
0.173981
0.158041
0.037216
0.0
0.0
0.0
0.0
0.0
0.0
0.0
0.0
0.0
0.0
0.0
0.0
0.013146000000000001
0.098248
0.214445
0.46299599999999996
0.637005
0.649486
0.6730470000000001
0.637981
0.5510430000000001
0.347017
0.27632100000000004
0.08534399999999999
0.002093
0.0
0.0
0.0
0.0
0.0
0.0
0.0
0.0
0.0
0.0
0.0
0.023558
0.16806200000000002
0.37405099999999997
0.543446
0.667384
0.726737
0.712212
0.692443
0.60872
0.47421800000000003
0.28245800000000004
0.091379
0.002588
0.0
0.0
0.0
0.0
0.0
0.0
0.0
0.0
0.0
0.0
0.0
0.024779
0.133411
0.275238
0.308631
0.383926
0.27338999999999997
0.292549
0.406962
0.352067
0.253898
0.203612
0.080951
0.002456
0.0
0.0
0.0
0.0
0.0
0.0
0.0
0.0
0.0
0.0
0.0
0.024512
0.168637
0.366236
0.525116
0.619598
0.6935800000000001
0.646002
0.418605
0.22906
0.181651
0.108194
0.074474
0.001441
0.0
0.0
0.0
0.0
0.0
0.0
0.0
0.0
0.0
0.0
0.0
0.030166000000000002
0.17926599999999998
0.359524
0.32314299999999996
0.252917
0.431042
0.286961
0.283991
0.24471700000000002
0.388834
0.17052099999999998
0.020776
0.0
0.0
0.0
0.0
0.0
0.0
0.0
0.0
0.0
0.0
0.0
0.0
0.028616
0.193903
0.408556
0.568718
0.686902
0.75179
0.725487
0.719251
0.63291
0.488894
0.275532
0.08014
0.0037229999999999997
0.0
0.0
0.0
0.0
0.0
0.0
0.0
0.0
0.0
0.0
0.0
0.006489
0.038585999999999995
0.074781
0.10655200000000001
0.13071100000000002
0.14480099999999999
0.14774500000000002
0.137588
0.119044
0.091862
0.057078000000000004
0.022177
8.8e-05
0.0
0.0
0.0
0.0
0.0
0.0
0.0
0.0
0.0
0.0
0.0
0.018892
0.083732
0.155379
0.22858699999999998
0.279414
0.308289
0.313416
0.139536
0.119604
0.092178
0.05747699999999999
0.022031
0.000587
0.0
0.0
0.0
0.0
0.0
0.0
0.0
0.0
0.0
0.0
0.0
0.008186
0.04143
0.077149
0.10967400000000001
0.13416399999999998
0.14801499999999998
0.150894
0.14193
0.121949
0.093596
0.059787
0.050401
0.0022949999999999997
0.0
0.0
0.0
0.0
0.0
0.0
0.0
0.0
0.0
0.0
0.0
0.022057
0.088274
0.16157400000000002
0.504599
0.6771
0.458632
0.6845249999999999
0.687225
0.619658
0.4761
0.29744299999999996
0.10648300000000001
0.003186
0.0
0.0
0.0
0.0
0.0
0.0
0.0
0.0
0.0
0.0
0.0
0.009906
0.04435
0.081224
0.11327200000000001
0.138632
0.151348
0.31347
0.297302
0.25452
0.196202
0.12962100000000001
0.07517499999999999
0.007736
0.0
0.0
0.0
0.0
0.0
0.0
0.0
0.0
0.0
0.0
0.0
0.025385
0.092367
0.082235
0.11402899999999999
0.290106
0.320581
0.309653
0.44480200000000003
0.565115
0.205179
0.125137
0.053131
0.00173
0.0
0.0
0.0
0.0
0.0
0.0
0.0
0.0
0.0
0.0
0.0
0.038348
0.211298
0.413076
0.360072
0.41840499999999997
0.590386
0.487693
0.701704
0.568525
0.505481
0.31585599999999997
0.118742
0.009422
0.0
0.0
0.0
0.0
0.0
0.0
0.0
0.0
0.0
0.0
0.0
0.012979
0.047738
0.179527
0.11627599999999999
0.295891
0.309673
0.31511399999999995
0.313251
0.271401
0.30606
0.28404700000000005
0.110765
0.0
0.0
0.0
0.0
0.0
0.0
0.0
0.0
0.0
0.0
0.0
0.0
0.030225000000000002
0.09879900000000001
0.171421
0.244702
0.29444400000000004
0.309029
0.31429399999999996
0.148124
0.126977
0.09926900000000001
0.064506
0.027967
0.0
0.0
0.0
0.0
0.0
0.0
0.0
0.0
0.0
0.0
0.0
0.00020899999999999998
0.063539
0.235236
0.385582
0.565577
0.608836
0.756308
0.769475
0.7285560000000001
0.662716
0.517653
0.32590800000000003
0.12497499999999999
0.012639
0.0
0.0
0.0
0.0
0.0
0.0
0.0
0.0
0.0
0.0
0.0
0.061859000000000004
0.24447
0.45093700000000003
0.615848
0.724842
0.761679
0.621619
0.749637
0.65549
0.483556
0.331731
0.128449
0.014093999999999999
0.0
0.0
0.0
0.0
0.0
0.0
0.0
0.0
0.0
0.0
0.0
0.057762
0.22783699999999998
0.439046
0.604294
0.72297
0.787972
0.805292
0.759832
0.66201
0.5159130000000001
0.326125
0.129268
0.016086
0.0
0.0
0.0
0.0
0.0
0.0
0.0
0.0
0.0
0.0
0.0019010000000000001
0.075234
0.24559
0.43614600000000003
0.591878
0.7011609999999999
0.752323
0.729503
0.6915359999999999
0.6029
0.428261
0.23840899999999998
0.100925
0.015068
0.0
0.0
0.0
0.0
0.0
0.0
0.0
0.0
0.0
0.0
0.002301
0.075121
0.245334
0.437201
0.582048
0.6898
0.757614
0.777242
0.738007
0.646087
0.50774
0.325852
0.129829
0.017157
0.0
0.0
0.0
0.0
0.0
0.0
0.0
0.0
0.0
0.0
0.002908
0.069595
0.21433600000000003
0.326804
0.426849
0.405223
0.433592
0.303013
0.282449
0.262141
0.204093
0.131801
0.061609000000000004
0.001777
0.0
0.0
0.0
0.0
0.0
0.0
0.0
0.0
0.0
0.0
0.000625
0.054897
0.10757299999999999
0.427302
0.597008
0.43183499999999997
0.306591
0.313169
0.29621
0.12911799999999998
0.10113899999999999
0.067042
0.031171
0.002677
0.0
0.0
0.0
0.0
0.0
0.0
0.0
0.0
0.0
0.0
0.0
0.020642
0.116717
0.095444
0.265595
0.30367700000000003
0.32631
0.331764
0.46774400000000005
0.26910700000000004
0.21374100000000001
0.14716100000000001
0.096096
0.015527
0.0
0.0
0.0
0.0
0.0
0.0
0.0
0.0
0.0
0.0
0.004842
0.080729
0.26605399999999996
0.45747000000000004
0.536241
0.445912
0.479178
0.333672
0.467177
0.6473730000000001
0.533163
0.34312400000000004
0.142518
0.023757
0.0
0.0
0.0
0.0
0.0
0.0
0.0
0.0
0.0
0.0
0.0
0.02219
0.058876
0.095976
0.12856399999999998
0.151656
0.164536
0.165436
0.1554
0.13635
0.106703
0.14347900000000002
0.131938
0.024167
0.0
0.0
0.0
0.0
0.0
0.0
0.0
0.0
0.0
0.0
0.002478
0.06111
0.271023
0.472356
0.542584
0.69667
0.770331
0.5133949999999999
0.32265699999999997
0.271642
0.214422
0.071284
0.034561
0.012242000000000001
0.0
0.0
0.0
0.0
0.0
0.0
0.0
0.0
0.0
0.0
0.0
0.023954999999999997
0.061682
0.197899
0.262839
0.453486
0.34942399999999996
0.5135810000000001
0.332895
0.6062799999999999
0.330913
0.149482
0.146803
0.027341
0.0
0.0
0.0
0.0
0.0
0.0
0.0
0.0
0.0
0.0
0.00431
0.051984999999999996
0.269227
0.214149
0.495674
0.31792899999999996
0.335177
0.336697
0.317556
0.409323
0.32179199999999997
0.149532
0.07429000000000001
0.014275
0.0
0.0
0.0
0.0
0.0
0.0
0.0
0.0
0.0
0.0
0.002091
0.025138999999999998
0.061338000000000004
0.297536
0.258529
0.152419
0.165602
0.167071
0.157122
0.137187
0.108163
0.07324299999999999
0.036714
0.005874
0.0
0.0
0.0
0.0
0.0
0.0
0.0
0.0
0.0
0.0
0.0
0.02686
0.063196
0.100145
0.131548
0.154855
0.16772900000000002
0.168845
0.15934700000000002
0.13809200000000002
0.109597
0.153872
0.037198
0.016252
0.0
0.0
0.0
0.0
0.0
0.0
0.0
0.0
0.0
0.0
0.0037749999999999997
0.06806100000000001
0.255231
0.362399
0.379266
0.452423
0.344477
0.333934
0.314469
0.275818
0.317216
0.271088
0.142235
0.029845
0.0
0.0
0.0
0.0
0.0
0.0
0.0
0.0
0.0
0.0
0.014176
0.11020999999999999
0.274502
0.412531
0.545096
0.646273
0.76736
0.7631
0.732644
0.641505
0.5171169999999999
0.344584
0.151665
0.027803
0.0
0.0
0.0
0.0
0.0
0.0
0.0
0.0
0.0
0.0
0.008652
0.056769
0.125154
0.192781
0.37068599999999996
0.42242799999999997
0.454715
0.462858
0.440326
0.267366
0.220439
0.14772300000000002
0.07670099999999999
0.018094000000000002
0.0
0.0
0.0
0.0
0.0
0.0
0.0
0.0
0.0
0.0
0.015219
0.10709099999999999
0.272852
0.46573200000000003
0.536029
0.437702
0.31824
0.315047
0.636826
0.277854
0.224172
0.11524899999999999
0.039585999999999996
0.019482
0.0
0.0
0.0
0.0
0.0
0.0
0.0
0.0
0.0
0.0
0.006947
0.028723
0.065016
0.20595
0.269375
0.304188
0.32796499999999995
0.330646
0.310836
0.136858
0.222905
0.15191200000000002
0.039039000000000004
0.019941
0.0
0.0
0.0
0.0
0.0
0.0
0.0
0.0
0.0
0.0
0.00213
0.029858
0.06641
0.210701
0.26704
0.310837
0.50727
0.507243
0.47263499999999997
0.609423
0.512096
0.363664
0.16596
0.040309
0.0
0.0
0.0
0.0
0.0
0.0
0.0
0.0
0.0
0.0
0.014054
0.063329
0.133105
0.253693
0.382706
0.317965
0.165579
0.167614
0.157806
0.13917400000000002
0.111239
0.077095
0.040665
0.009536
0.0
0.0
0.0
0.0
0.0
0.0
0.0
0.0
0.0
0.0
0.009278
0.062707
0.131962
0.201556
0.131084
0.15368700000000002
0.16661099999999998
0.34417899999999996
0.311241
0.283204
0.226918
0.27057400000000004
0.136821
0.037511
0.0
0.0
0.0
0.0
0.0
0.0
0.0
0.0
0.0
0.0
0.022995
0.08781900000000001
0.189948
0.201548
0.130196
0.312664
0.485213
0.48423700000000003
0.460175
0.6179410000000001
0.397582
0.157227
0.041921
0.01055
0.0
0.0
0.0
0.0
0.0
0.0
0.0
0.0
0.0
0.0
0.024556
0.124929
0.308322
0.494592
0.6362089999999999
0.5698300000000001
0.6184529999999999
0.714577
0.672603
0.667756
0.544466
0.36673700000000004
0.170337
0.043827
0.0
0.0
0.0
0.0
0.0
0.0
0.0
0.0
0.0
0.0
0.025442
0.126416
0.304392
0.48732
0.61911
0.726717
0.763338
0.6901079999999999
0.46012400000000003
0.272445
0.225526
0.27216199999999996
0.168614
0.043676
0.0
0.0
0.0
0.0
0.0
0.0
0.0
0.0
0.0
0.0
0.026668
0.126584
0.30090300000000003
0.477615
0.620503
0.6688569999999999
0.7188110000000001
0.732465
0.721601
0.640345
0.521908
0.35817899999999997
0.168483
0.044724
0.0
0.0
0.0
0.0
0.0
0.0
0.0
0.0
0.0
0.0
0.026543
0.128269
0.302103
0.47317200000000004
0.602427
0.682422
0.666892
0.673884
0.639481
0.608127
0.517355
0.35502100000000003
0.171873
0.044796
0.0
0.0
0.0
0.0
0.0
0.0
0.0
0.0
0.0
0.0
0.027261
0.126583
0.300587
0.470493
0.607109
0.714486
0.762787
0.763242
0.722917
0.637327
0.514473
0.355976
0.17018799999999998
0.046244999999999994
0.0
0.0
0.0
0.0
0.0
0.0
0.0
0.0
0.0
0.0
0.028488
0.128652
0.29446
0.454324
0.593472
0.6768310000000001
0.708577
0.7577619999999999
0.71041
0.6406900000000001
0.5156470000000001
0.354389
0.169324
0.043554999999999996
0.0
0.0
0.0
0.0
0.0
0.0
0.0
0.0
0.0
0.0
0.026904
0.118233
0.23285
0.416802
0.537821
0.5500929999999999
0.588605
0.482175
0.302379
0.27828800000000004
0.224445
0.154968
0.11825
0.0386
0.0
0.0
0.0
0.0
0.0
0.0
0.0
0.0
0.0
0.0
0.027916
0.09379699999999999
0.23169599999999999
0.429776
0.580333
0.6782630000000001
0.72674
0.732248
0.682067
0.600448
0.479724
0.306875
0.118809
0.028326
0.0
0.0
0.0
0.0
0.0
0.0
0.0
0.0
0.0
0.0
0.023023
0.06890099999999999
0.137578
0.364597
0.470599
0.44446800000000003
0.477656
0.596672
0.459098
0.40008
0.325655
0.334464
0.158237
0.049209
0.000915
0.0
0.0
0.0
0.0
0.0
0.0
0.0
0.0
0.0
0.031317
0.131822
0.280449
0.289053
0.2562
0.299743
0.321706
0.47047100000000003
0.695748
0.586284
0.315767
0.15645699999999998
0.08951600000000001
0.042155
0.000462
0.0
0.0
0.0
0.0
0.0
0.0
0.0
0.0
0.0
0.016640000000000002
0.07072
0.138887
0.20685800000000001
0.26455399999999996
0.314054
0.478436
0.484054
0.311033
0.28087799999999996
0.400625
0.15807
0.12357699999999999
0.049428
0.000945
0.0
0.0
0.0
0.0
0.0
0.0
0.0
0.0
0.0
0.032889
0.124935
0.237861
0.364504
0.463
0.438397
0.317135
0.32457100000000005
0.455562
0.272794
0.21903299999999998
0.159202
0.090522
0.031691
0.0
0.0
0.0
0.0
0.0
0.0
0.0
0.0
0.0
0.0
0.007183
0.035692
0.141006
0.207876
0.26424000000000003
0.45126799999999995
0.5958490000000001
0.5836910000000001
0.5616319999999999
0.40201
0.222555
0.161709
0.09175900000000001
0.031658
0.0
0.0
0.0
0.0
0.0
0.0
0.0
0.0
0.0
0.0
0.00728
0.036182
0.145824
0.213136
0.280264
0.31377499999999997
0.336851
0.339539
0.48125
0.414529
0.34369700000000003
0.29449400000000003
0.156221
0.052518999999999996
0.0011020000000000001
0.0
0.0
0.0
0.0
0.0
0.0
0.0
0.0
0.0
0.031116
0.128542
0.241725
0.45405399999999996
0.47031
0.5439210000000001
0.584112
0.677748
0.695367
0.6433540000000001
0.516152
0.371805
0.187083
0.058205
0.0031230000000000003
0.0
0.0
0.0
0.0
0.0
0.0
0.0
0.0
0.0
0.028848
0.142327
0.31531400000000004
0.49074900000000005
0.633057
0.727092
0.7776879999999999
0.774933
0.737376
0.6512530000000001
0.528479
0.368245
0.185797
0.054909999999999994
0.002974
0.0
0.0
0.0
0.0
0.0
0.0
0.0
0.0
0.0
0.02854
0.135794
0.30930799999999997
0.477833
0.608056
0.708545
0.756032
0.7726839999999999
0.7051620000000001
0.627221
0.505031
0.355235
0.17996399999999999
0.057344
0.003319
0.0
0.0
0.0
0.0
0.0
0.0
0.0
0.0
0.0
0.007796
0.036673000000000004
0.070729
0.103962
0.132075
0.151256
0.163292
0.342442
0.45793599999999995
0.400032
0.224498
0.162874
0.09523000000000001
0.034652
0.0
0.0
0.0
0.0
0.0
0.0
0.0
0.0
0.0
0.0
0.008737
0.075751
0.14317
0.304844
0.38913400000000004
0.54407
0.669888
0.5994400000000001
0.661515
0.647362
0.532091
0.371505
0.19239799999999999
0.062702
0.004174000000000001
0.0
0.0
0.0
0.0
0.0
0.0
0.0
0.0
0.0
0.030149000000000002
0.13966800000000001
0.318218
0.497322
0.642829
0.7350549999999999
0.79671
0.807059
0.766439
0.679762
0.544855
0.38069200000000003
0.194268
0.063553
0.004123
0.0
0.0
0.0
0.0
0.0
0.0
0.0
0.0
0.0
0.030108
0.138329
0.308485
0.47374700000000003
0.596185
0.677041
0.72068
0.734074
0.6931069999999999
0.6221369999999999
0.507928
0.362413
0.187304
0.059298000000000003
0.0047859999999999995
0.0
0.0
0.0
0.0
0.0
0.0
0.0
0.0
0.0
0.023083
0.149178
0.31564299999999995
0.474225
0.586813
0.33876100000000003
0.679603
0.5955739999999999
0.573729
0.50132
0.234574
0.168472
0.050879
0.018573
0.0
0.0
0.0
0.0
0.0
0.0
0.0
0.0
0.0
0.0
0.009471
0.039802
0.074742
0.108436
0.137787
0.158233
0.169636
0.513145
0.46604500000000004
0.5170929999999999
0.23999600000000001
0.243977
0.16599799999999998
0.069685
0.005141
0.0
0.0
0.0
0.0
0.0
0.0
0.0
0.0
0.0
0.033320999999999996
0.134083
0.284767
0.309453
0.485296
0.46217899999999995
0.335208
0.34236900000000003
0.16511699999999999
0.148064
0.121056
0.088191
0.052421
0.019643
0.001256
0.0
0.0
0.0
0.0
0.0
0.0
0.0
0.0
0.0
0.010476000000000001
0.040238
0.211644
0.218757
0.28244400000000003
0.31417700000000004
0.33507299999999995
0.34053
0.322158
0.291693
0.243821
0.172829
0.104459
0.057728
0.005083
0.0
0.0
0.0
0.0
0.0
0.0
0.0
0.0
0.0
0.034467
0.081955
0.150172
0.109487
0.139172
0.160409
0.172943
0.174655
0.166263
0.298832
0.427607
0.34775900000000004
0.105335
0.043147
0.002062
0.0
0.0
0.0
0.0
0.0
0.0
0.0
0.0
0.0
0.024179
0.10714
0.25215899999999997
0.37674599999999997
0.541473
0.45650599999999997
0.333591
0.172867
0.164935
0.14771299999999998
0.244493
0.24775899999999998
0.202058
0.07086100000000001
0.007303
0.0
0.0
0.0
0.0
0.0
0.0
0.0
0.0
0.0
0.037729
0.081542
0.151198
0.21862399999999999
0.282353
0.318287
0.34278699999999995
0.34596899999999997
0.16616
0.14752099999999999
0.121809
0.180728
0.107649
0.044181
0.002222
0.0
0.0
0.0
0.0
0.0
0.0
0.0
0.0
0.0
0.04101
0.147324
0.32183999999999996
0.437368
0.5683619999999999
0.6529349999999999
0.617106
0.50536
0.46810199999999996
0.531486
0.482191
0.371139
0.20671
0.07280400000000001
0.010047
0.0
0.0
0.0
0.0
0.0
0.0
0.0
0.0
0.0
0.035115
0.109196
0.282584
0.457488
0.473399
0.5547190000000001
0.606641
0.737874
0.7042809999999999
0.613158
0.526289
0.382084
0.204362
0.072037
0.009937
0.0
0.0
0.0
0.0
0.0
0.0
0.0
0.0
0.00011
0.040712000000000005
0.147127
0.298027
0.416987
0.47582100000000005
0.624622
0.713407
0.651809
0.713576
0.6460370000000001
0.530259
0.384668
0.202612
0.066735
0.008531
0.0
0.0
0.0
0.0
0.0
0.0
0.0
0.0
3e-06
0.024398
0.07875199999999999
0.07371899999999999
0.107329
0.134898
0.155389
0.167819
0.344128
0.32146800000000003
0.495847
0.238804
0.172344
0.10412600000000001
0.04394
0.002787
0.0
0.0
0.0
0.0
0.0
0.0
0.0
0.0
0.0
0.041184
0.079293
0.242008
0.441319
0.533569
0.551794
0.669274
0.687549
0.571246
0.49482600000000004
0.33518400000000004
0.293696
0.20613
0.070377
0.011463
0.0
0.0
0.0
0.0
0.0
0.0
0.0
0.0
0.0
0.040477
0.139274
0.203944
0.212332
0.277749
0.31108300000000005
0.334431
0.33705900000000005
0.325562
0.297919
0.245792
0.177153
0.108634
0.045768
0.0037040000000000003
0.0
0.0
0.0
0.0
0.0
0.0
0.0
0.0
0.0
0.038024
0.146403
0.310227
0.476977
0.59221
0.689077
0.761367
0.494276
0.456024
0.407698
0.34122
0.246305
0.14560599999999999
0.045357999999999996
0.003577
0.0
0.0
0.0
0.0
0.0
0.0
0.0
0.0
9.4e-05
0.041264
0.135958
0.27521100000000004
0.40783600000000003
0.512346
0.540709
0.48466899999999996
0.46074400000000004
0.314113
0.283058
0.23903200000000002
0.24668600000000002
0.14548
0.044933999999999995
0.004165
0.0
0.0
0.0
0.0
0.0
0.0
0.0
0.0
0.0
0.037854
0.124641
0.298262
0.460295
0.550673
0.646166
0.608566
0.610718
0.6689740000000001
0.5940890000000001
0.527485
0.30808199999999997
0.176206
0.07127800000000001
0.011768
0.0
0.0
0.0
0.0
0.0
0.0
0.0
0.0
0.0006450000000000001
0.041720999999999994
0.123656
0.149452
0.37087
0.475115
0.543475
0.5879220000000001
0.47783499999999995
0.31927999999999995
0.285615
0.11882
0.088988
0.108234
0.063579
0.007711
0.0
0.0
0.0
0.0
0.0
0.0
0.0
0.0
0.0
0.034013
0.079352
0.14501
0.20902500000000002
0.37450599999999995
0.301271
0.33795400000000003
0.331128
0.31715499999999996
0.29005200000000003
0.241535
0.174112
0.10735299999999999
0.045829999999999996
0.00425
0.0
0.0
0.0
0.0
0.0
0.0
0.0
0.0
0.000549
0.035502000000000006
0.141186
0.30617700000000003
0.47180500000000003
0.38876499999999997
0.306274
0.338173
0.343189
0.466119
0.637696
0.5411670000000001
0.392483
0.213321
0.076399
0.012314
0.0
0.0
0.0
0.0
0.0
0.0
0.0
0.0
0.0
0.040057
0.12323999999999999
0.244455
0.365144
0.383228
0.43673700000000004
0.474448
0.610536
0.701331
0.572316
0.33949
0.301597
0.145019
0.07056399999999999
0.013493999999999999
0.0
0.0
0.0
0.0
0.0
0.0
0.0
0.0
0.0
0.039039000000000004
0.136572
0.27630200000000005
0.299894
0.26008
0.305783
0.6729160000000001
0.599024
0.5564
0.491898
0.469966
0.245901
0.10838800000000001
0.047087000000000004
0.0050490000000000005
0.0
0.0
0.0
0.0
0.0
0.0
0.0
0.0
0.0
0.02343
0.10242
0.197209
0.292489
0.26110300000000003
0.307105
0.330326
0.334721
0.319052
0.281305
0.333524
0.172327
0.106629
0.046618
0.00039
0.0
0.0
0.0
0.0
0.0
0.0
0.0
0.0
0.0
0.010285
0.039113
0.074924
0.108719
0.137564
0.159422
0.172112
0.342817
0.165548
0.147898
0.121613
0.090547
0.056350000000000004
0.023249
0.000497
0.0
0.0
0.0
0.0
0.0
0.0
0.0
0.0
0.0
0.010221000000000001
0.038798
0.073282
0.106784
0.135486
0.156812
0.169063
0.17141399999999998
0.163834
0.146664
0.120619
0.088862
0.054927
0.022890999999999998
0.000438
0.0
0.0
0.0
0.0
0.0
0.0
0.0
0.0
0.0
0.037198999999999996
0.127606
0.198569
0.43956
0.5916889999999999
0.545224
0.339295
0.58815
0.62615
0.507742
0.47672899999999996
0.370671
0.205485
0.074729
0.014827
0.0
0.0
0.0
0.0
0.0
0.0
0.0
0.0
0.000128
0.036943
0.13641
0.294257
0.44967399999999996
0.576758
0.6662659999999999
0.7157290000000001
0.7116
0.630268
0.401671
0.465392
0.338082
0.17249199999999998
0.045630000000000004
0.004896
0.0
0.0
0.0
0.0
0.0
0.0
0.0
0.0
0.0
0.031488
0.11220699999999999
0.236397
0.360006
0.457808
0.433359
0.46113
0.328464
0.450154
0.401746
0.415165
0.338004
0.204047
0.07490300000000001
0.01541
0.0
0.0
0.0
0.0
0.0
0.0
0.0
0.0
0.0
0.00939
0.037966
0.07242799999999999
0.106105
0.13467300000000001
0.156303
0.168703
0.17321799999999998
0.16517300000000001
0.300682
0.247393
0.179684
0.11154
0.074211
0.00873
0.0
0.0
0.0
0.0
0.0
0.0
0.0
0.0
0.0
0.033610999999999995
0.076211
0.1407
0.20578
0.5507759999999999
0.604559
0.5325
0.327519
0.514703
0.5708329999999999
0.509116
0.385909
0.213255
0.07919499999999999
0.014468
0.0
0.0
0.0
0.0
0.0
0.0
0.0
0.0
0.0
0.021335999999999997
0.075132
0.141603
0.207287
0.385056
0.30492
0.327672
0.338364
0.326758
0.29157299999999997
0.237072
0.174931
0.108626
0.063686
0.008392
0.0
0.0
0.0
0.0
0.0
0.0
0.0
0.0
0.0
0.020076
0.072267
0.068221
0.101164
0.129558
0.149314
0.161859
0.33782799999999996
0.556396
0.13969700000000002
0.41074900000000003
0.344067
0.14636500000000002
0.04647
0.00035
0.0
0.0
0.0
0.0
0.0
0.0
0.0
0.0
0.0
0.008607
0.036372
0.19813
0.366751
0.475283
0.626133
0.673609
0.724227
0.751502
0.64661
0.518916
0.337943
0.17599700000000001
0.06318
0.004924
0.0
0.0
0.0
0.0
0.0
0.0
0.0
0.0
0.0
0.028908999999999997
0.127854
0.235324
0.209896
0.133957
0.156469
0.16969900000000002
0.172874
0.33656200000000003
0.293177
0.248415
0.17957800000000002
0.11081300000000001
0.07280500000000001
0.014646000000000001
0.0
0.0
0.0
0.0
0.0
0.0
0.0
0.0
0.0
0.019181999999999998
0.073017
0.193531
0.296183
0.378176
0.443804
0.484815
0.330022
0.316334
0.28577199999999997
0.240884
0.174009
0.108262
0.046218
0.004308
0.0
0.0
0.0
0.0
0.0
0.0
0.0
0.0
0.0
0.032977
0.127139
0.28833499999999995
0.45914699999999997
0.593444
0.685307
0.7406609999999999
0.753996
0.7306309999999999
0.610701
0.408613
0.29617899999999997
0.17528
0.06926900000000001
0.007514
0.0
0.0
0.0
0.0
0.0
0.0
0.0
0.0
0.0
0.031821
0.070187
0.06870699999999999
0.102277
0.132803
0.315046
0.659117
0.763817
0.7354700000000001
0.6259600000000001
0.5323060000000001
0.38968200000000003
0.211285
0.075006
0.013454
0.0
0.0
0.0
0.0
0.0
0.0
0.0
0.0
0.0
0.031047
0.069352
0.184464
0.198123
0.36621800000000004
0.42544099999999996
0.468642
0.477246
0.458523
0.14240899999999998
0.239751
0.248444
0.175644
0.061625
0.004227000000000001
0.0
0.0
0.0
0.0
0.0
0.0
0.0
0.0
0.0
0.017361
0.06922299999999999
0.133899
0.1008
0.264925
0.447067
0.5988020000000001
0.6621509999999999
0.65638
0.5819930000000001
0.512145
0.37177499999999997
0.204903
0.078138
0.012621
0.0
0.0
0.0
0.0
0.0
0.0
0.0
0.0
0.0
0.031646
0.123139
0.27416199999999996
0.432086
0.368805
0.6494930000000001
0.5836870000000001
0.487799
0.318935
0.41666899999999996
0.236344
0.302296
0.14627600000000002
0.073827
0.008925
0.0
0.0
0.0
0.0
0.0
0.0
0.0
0.0
0.0
0.01585
0.089556
0.222883
0.341249
0.44132
0.521334
0.6823579999999999
0.695721
0.685995
0.630342
0.5264260000000001
0.378459
0.20956899999999998
0.072077
0.011852
0.0
0.0
0.0
0.0
0.0
0.0
0.0
0.0
0.0
0.031827
0.119863
0.277962
0.442953
0.573476
0.666321
0.7243229999999999
0.72692
0.6924210000000001
0.6480739999999999
0.5380839999999999
0.361143
0.186888
0.076116
0.010175
0.0
0.0
0.0
0.0
0.0
0.0
0.0
0.0
0.0
0.014958
0.066025
0.130743
0.195273
0.253947
0.304499
0.32955900000000005
0.47336900000000004
0.5635399999999999
0.417363
0.232226
0.171783
0.10470600000000001
0.043332999999999997
0.0027530000000000002
0.0
0.0
0.0
0.0
0.0
0.0
0.0
0.0
0.0
0.021693999999999998
0.089343
0.263496
0.443175
0.448789
0.429185
0.317199
0.473277
0.44564299999999996
0.396236
0.32694799999999996
0.236573
0.10137
0.042196
0.0025310000000000003
0.0
0.0
0.0
0.0
0.0
0.0
0.0
0.0
0.0
0.004811
0.031405
0.065753
0.20197800000000002
0.266365
0.15201800000000001
0.502634
0.7069679999999999
0.7310890000000001
0.672355
0.529547
0.388583
0.215661
0.07540000000000001
0.009661
0.0
0.0
0.0
0.0
0.0
0.0
0.0
0.0
0.0
0.004916
0.031759
0.132326
0.100145
0.267769
0.153376
0.167118
0.35113099999999997
0.323859
0.28950400000000004
0.245869
0.310835
0.208851
0.04324
0.0020510000000000003
0.0
0.0
0.0
0.0
0.0
0.0
0.0
0.0
0.0
0.004940000000000001
0.06429699999999999
0.065881
0.100295
0.26594
0.15218299999999998
0.34091000000000005
0.16837200000000002
0.16340100000000002
0.14490199999999998
0.11955500000000001
0.087767
0.052575000000000004
0.020135999999999998
0.0
0.0
0.0
0.0
0.0
0.0
0.0
0.0
0.0
0.0
0.012166999999999999
0.063087
0.129155
0.286782
0.465451
0.633472
0.5983350000000001
0.492639
0.459434
0.28243799999999997
0.11667
0.08586400000000001
0.051752
0.019278
0.0
0.0
0.0
0.0
0.0
0.0
0.0
0.0
0.0
0.0
0.011996
0.101255
0.242315
0.393046
0.258681
0.5430929999999999
0.337608
0.336951
0.57394
0.29039800000000004
0.418336
0.171059
0.10241
0.056617
0.001116
0.0
0.0
0.0
0.0
0.0
0.0
0.0
0.0
0.0
0.011271000000000002
0.061172
0.177901
0.427036
0.45492200000000005
0.541183
0.5860879999999999
0.682034
0.647399
0.307005
0.234506
0.167486
0.137849
0.039255000000000005
0.0009469999999999999
0.0
0.0
0.0
0.0
0.0
0.0
0.0
0.0
0.0
0.024347
0.108192
0.261306
0.419686
0.5170750000000001
0.645543
0.706449
0.7582190000000001
0.724419
0.646803
0.5254070000000001
0.37765
0.200905
0.067356
0.005672
0.0
0.0
0.0
0.0
0.0
0.0
0.0
0.0
0.0
0.023483
0.102461
0.232431
0.33185000000000003
0.350329
0.408391
0.441236
0.452581
0.557431
0.491553
0.320943
0.284685
0.132269
0.03683
0.0
0.0
0.0
0.0
0.0
0.0
0.0
0.0
0.0
0.0
0.02187
0.102675
0.259033
0.42413
0.35081599999999996
0.409238
0.45612400000000003
0.630659
0.641039
0.614401
0.5088980000000001
0.365162
0.19164799999999999
0.060416
0.0032389999999999997
0.0
0.0
0.0
0.0
0.0
0.0
0.0
0.0
0.0
0.02077
0.098134
0.25728300000000004
0.41999000000000003
0.5496019999999999
0.644668
0.692326
0.6595890000000001
0.691178
0.615505
0.50705
0.366103
0.189507
0.059594
0.003691
0.0
0.0
0.0
0.0
0.0
0.0
0.0
0.0
0.0
0.020231000000000002
0.09661499999999999
0.25544900000000004
0.426004
0.350252
0.586821
0.462765
0.460882
0.5379729999999999
0.278203
0.113763
0.082183
0.048472
0.016624
0.0
0.0
0.0
0.0
0.0
0.0
0.0
0.0
0.0
0.0
0.020633
0.096196
0.260378
0.441141
0.583899
0.692317
0.750202
0.77173
0.731213
0.651428
0.530473
0.375668
0.195311
0.060948
0.003383
0.0
0.0
0.0
0.0
0.0
0.0
0.0
0.0
0.0
0.019759
0.09420999999999999
0.25005299999999997
0.409011
0.561646
0.659512
0.7125370000000001
0.721487
0.704447
0.633119
0.5165639999999999
0.365002
0.189399
0.06039
0.0032229999999999997
0.0
0.0
0.0
0.0
0.0
0.0
0.0
0.0
0.0
0.013300000000000001
0.052191
0.057869
0.09185
0.12084600000000001
0.144269
0.15746000000000002
0.162217
0.153226
0.136376
0.111148
0.159606
0.129371
0.034025
0.0
0.0
0.0
0.0
0.0
0.0
0.0
0.0
0.0
0.0
0.01785
0.092442
0.25708800000000004
0.42027
0.575627
0.6711929999999999
0.7526609999999999
0.765462
0.734499
0.659867
0.536427
0.377572
0.19261099999999998
0.058039
0.002412
0.0
0.0
0.0
0.0
0.0
0.0
0.0
0.0
0.0
0.012150000000000001
0.087593
0.237587
0.427819
0.575093
0.6805589999999999
0.74287
0.7490330000000001
0.6994170000000001
0.274778
0.109553
0.07990699999999999
0.045499000000000005
0.014446
0.0
0.0
0.0
0.0
0.0
0.0
0.0
0.0
0.0
0.0
0.013609
0.090809
0.251855
0.411019
0.504475
0.6009690000000001
0.6581670000000001
0.70468
0.686361
0.621719
0.48708999999999997
0.359271
0.14986000000000002
0.053929000000000005
0.00141
0.0
0.0
0.0
0.0
0.0
0.0
0.0
0.0
0.0
0.013534000000000001
0.09190000000000001
0.249618
0.429691
0.585896
0.684747
0.7095370000000001
0.719117
0.6777770000000001
0.5530579999999999
0.44846600000000003
0.317364
0.121333
0.049839
0.000304
0.0
0.0
0.0
0.0
0.0
0.0
0.0
0.0
0.0
0.004281
0.04802
0.055674999999999995
0.08993300000000001
0.119643
0.289337
0.307565
0.31744799999999995
0.44252800000000003
0.266138
0.443091
0.158472
0.087851
0.029315
0.0
0.0
0.0
0.0
0.0
0.0
0.0
0.0
0.0
0.0
0.012966
0.086232
0.244348
0.411636
0.548234
0.653888
0.71454
0.699471
0.667999
0.605861
0.498921
0.349999
0.17600100000000002
0.050744
0.001238
0.0
0.0
0.0
0.0
0.0
0.0
0.0
0.0
0.0
0.011455
0.082885
0.237817
0.409846
0.561705
0.676213
0.732838
0.74188
0.709405
0.634692
0.512572
0.35571800000000003
0.17493
0.048767000000000005
0.000712
0.0
0.0
0.0
0.0
0.0
0.0
0.0
0.0
0.0
0.009760999999999999
0.076727
0.225182
0.391617
0.488539
0.5057780000000001
0.6261599999999999
0.696036
0.6167870000000001
0.585967
0.499915
0.344479
0.17250800000000002
0.047796
0.0
0.0
0.0
0.0
0.0
0.0
0.0
0.0
0.0
0.0
0.001964
0.044494
0.053523
0.087858
0.117173
0.292728
0.318321
0.322786
0.307514
0.26466199999999995
0.215931
0.218465
0.117089
0.026008
0.0
0.0
0.0
0.0
0.0
0.0
0.0
0.0
0.0
0.0
0.008333
0.081526
0.24046
0.418871
0.5743210000000001
0.6851609999999999
0.734572
0.743261
0.714146
0.638306
0.5159239999999999
0.35228899999999996
0.171682
0.046028
0.0
0.0
0.0
0.0
0.0
0.0
0.0
0.0
0.0
0.0
0.007314
0.079879
0.235989
0.40866699999999995
0.5243239999999999
0.657543
0.72524
0.734232
0.691847
0.616995
0.504697
0.346457
0.166906
0.04417
0.0
0.0
0.0
0.0
0.0
0.0
0.0
0.0
0.0
0.0
0.000877
0.041279
0.105806
0.17295500000000003
0.116066
0.138542
0.151508
0.15593
0.148561
0.26610300000000003
0.30307799999999996
0.209531
0.160432
0.042022
0.0
0.0
0.0
0.0
0.0
0.0
0.0
0.0
0.0
0.0
0.005195
0.07704699999999999
0.232846
0.414707
0.562359
0.669125
0.722817
0.69702
0.692472
0.612769
0.496264
0.336792
0.163166
0.041064
0.0
0.0
0.0
0.0
0.0
0.0
0.0
0.0
0.0
0.0
0.004064
0.072233
0.21493299999999999
0.24652600000000002
0.332561
0.39497699999999997
0.438587
0.651711
0.657193
0.598445
0.41436399999999995
0.143194
0.036225
0.008151
0.0
0.0
0.0
0.0
0.0
0.0
0.0
0.0
0.0
0.0
0.004156
0.072842
0.224692
0.40073000000000003
0.513726
0.628558
0.6883360000000001
0.6992809999999999
0.677243
0.606186
0.49301100000000003
0.33563099999999996
0.103541
0.019298
0.0
0.0
0.0
0.0
0.0
0.0
0.0
0.0
0.0
0.0
0.0
0.01738
0.049149
0.083018
0.112595
0.13619900000000001
0.151205
0.322726
0.30297
0.259884
0.208482
0.14431899999999998
0.075583
0.0076040000000000005
0.0
0.0
0.0
0.0
0.0
0.0
0.0
0.0
0.0
0.0
0.0
0.016908000000000003
0.049894
0.08438899999999999
0.114694
0.137484
0.15156299999999998
0.319707
0.43048000000000003
0.373118
0.417788
0.314099
0.13782
0.031525
0.0
0.0
0.0
0.0
0.0
0.0
0.0
0.0
0.0
0.0
0.000514
0.050783999999999996
0.210642
0.39584600000000003
0.508645
0.538404
0.447613
0.44941899999999996
0.42847500000000005
0.467474
0.421851
0.322808
0.15117599999999998
0.033753
0.0
0.0
0.0
0.0
0.0
0.0
0.0
0.0
0.0
0.0
0.0026939999999999998
0.069517
0.222302
0.400401
0.547885
0.63242
0.6866680000000001
0.337139
0.278997
0.25620499999999996
0.19637100000000002
0.134076
0.068382
0.014837999999999999
0.0
0.0
0.0
0.0
0.0
0.0
0.0
0.0
0.0
0.0
0.002043
0.065628
0.21172
0.29442599999999997
0.227362
0.39528199999999997
0.626351
0.624235
0.648309
0.528787
0.292151
0.190642
0.06692000000000001
0.025589999999999998
0.0
0.0
0.0
0.0
0.0
0.0
0.0
0.0
0.0
0.0
0.000429
0.061880000000000004
0.092914
0.07906300000000001
0.110207
0.28567000000000004
0.307116
0.626278
0.64698
0.592041
0.47309199999999996
0.302726
0.137335
0.019594
0.0
0.0
0.0
0.0
0.0
0.0
0.0
0.0
0.0
0.0
0.0
0.050398000000000005
0.165352
0.366144
0.521668
0.6239819999999999
0.684663
0.6939740000000001
0.524241
0.254337
0.195252
0.131781
0.06490800000000001
0.01235
0.0
0.0
0.0
0.0
0.0
0.0
0.0
0.0
0.0
0.0
0.001014
0.06024
0.213414
0.39529899999999996
0.5141939999999999
0.653768
0.6263569999999999
0.310425
0.42836799999999997
0.123067
0.09699200000000001
0.191886
0.064314
0.017323
0.0
0.0
0.0
0.0
0.0
0.0
0.0
0.0
0.0
0.0
0.0
0.043518999999999995
0.134382
0.239217
0.48454899999999995
0.65054
0.6965990000000001
0.5699740000000001
0.43329
0.585129
0.298846
0.13581200000000002
0.10902500000000001
0.019999
0.0
0.0
0.0
0.0
0.0
0.0
0.0
0.0
0.0
0.0
0.0
0.049018
0.19947700000000002
0.372307
0.5475829999999999
0.6529170000000001
0.710063
0.695025
0.652395
0.45797000000000004
0.365525
0.269488
0.086188
0.021120999999999997
0.0
0.0
0.0
0.0
0.0
0.0
0.0
0.0
0.0
0.0
0.0
0.045822
0.193488
0.38605399999999995
0.549164
0.6646340000000001
0.726012
0.737169
0.698616
0.61062
0.476551
0.302353
0.122656
0.012936999999999999
0.0
0.0
0.0
0.0
0.0
0.0
0.0
0.0
0.0
0.0
0.0
0.027106
0.042686999999999996
0.077379
0.109383
0.132628
0.147089
0.151249
0.14237200000000003
0.26132900000000003
0.292039
0.269049
0.10050400000000001
0.012249000000000001
0.0
0.0
0.0
0.0
0.0
0.0
0.0
0.0
0.0
0.0
0.0
0.026898
0.08875
0.156512
0.21668600000000002
0.261895
0.286729
0.14744300000000002
0.14081100000000002
0.259905
0.193595
0.061721
0.05788
0.006691
0.0
0.0
0.0
0.0
0.0
0.0
0.0
0.0
0.0
0.0
0.0
0.011038000000000001
0.042738
0.163888
0.473705
0.57356
0.5497799999999999
0.6346849999999999
0.602799
0.365574
0.352351
0.179255
0.055003
0.0057
0.0
0.0
0.0
0.0
0.0
0.0
0.0
0.0
0.0
0.0
0.0
0.03604
0.124372
0.226988
0.403094
0.554149
0.665439
0.65851
0.614896
0.545607
0.385478
0.27169099999999996
0.09912900000000001
0.009858
0.0
0.0
0.0
0.0
0.0
0.0
0.0
0.0
0.0
0.0
0.0
0.01017
0.0855
0.07620199999999999
0.106933
0.131009
0.144763
0.14779599999999998
0.138796
0.11910899999999999
0.092279
0.12048099999999999
0.051802
0.003469
0.0
0.0
0.0
0.0
0.0
0.0
0.0
0.0
0.0
0.0
0.0
0.022989000000000002
0.041159
0.159002
0.106166
0.129405
0.14383600000000002
0.145208
0.136516
0.11763599999999999
0.091409
0.058231000000000005
0.024207999999999997
0.0
0.0
0.0
0.0
0.0
0.0
0.0
0.0
0.0
0.0
0.0
0.0
0.022532
0.08386
0.154898
0.329947
0.26470800000000005
0.291293
0.450733
0.605874
0.5406810000000001
0.281377
0.171854
0.08484799999999999
0.007809999999999999
0.0
0.0
0.0
0.0
0.0
0.0
0.0
0.0
0.0
0.0
0.0
0.044656
0.191829
0.384534
0.484832
0.5065149999999999
0.65761
0.713774
0.619582
0.46141899999999997
0.279674
0.168714
0.057342
0.000941
0.0
0.0
0.0
0.0
0.0
0.0
0.0
0.0
0.0
0.0
0.0
0.020117999999999997
0.08101699999999999
0.150552
0.407285
0.626363
0.697064
0.560977
0.531676
0.35832400000000003
0.424714
0.264118
0.094515
0.005791999999999999
0.0
0.0
0.0
0.0
0.0
0.0
0.0
0.0
0.0
0.0
0.0
0.044155
0.186393
0.375369
0.516839
0.383865
0.531322
0.614808
0.6206889999999999
0.431497
0.18037
0.107844
0.041839
0.0
0.0
0.0
0.0
0.0
0.0
0.0
0.0
0.0
0.0
0.0
0.0
0.018093
0.077488
0.145324
0.20527099999999998
0.124631
0.137638
0.140707
0.131257
0.112069
0.08476500000000001
0.051864
0.019004999999999998
0.0
0.0
0.0
0.0
0.0
0.0
0.0
0.0
0.0
0.0
0.0
0.0
0.0072380000000000005
0.03766
0.072337
0.10377299999999999
0.12709900000000002
0.14126
0.143181
0.281887
0.24190299999999998
0.08568200000000001
0.052176
0.018778
0.0
0.0
0.0
0.0
0.0
0.0
0.0
0.0
0.0
0.0
0.0
0.0
0.0065
0.036844999999999996
0.071166
0.102203
0.12579300000000002
0.138703
0.14145500000000003
0.131887
0.11341899999999999
0.085122
0.050766
0.01801
0.0
0.0
0.0
0.0
0.0
0.0
0.0
0.0
0.0
0.0
0.0
0.0
0.005779
0.036035
0.070216
0.100991
0.261093
0.42352300000000004
0.533791
0.38802800000000004
0.347311
0.399752
0.25058600000000003
0.080039
0.002099
0.0
0.0
0.0
0.0
0.0
0.0
0.0
0.0
0.0
0.0
0.0
0.03431
0.073533
0.337959
0.522156
0.6504719999999999
0.705035
0.7056180000000001
0.6813170000000001
0.58304
0.438596
0.25077099999999997
0.077494
0.001494
0.0
0.0
0.0
0.0
0.0
0.0
0.0
0.0
0.0
0.0
0.0
0.033956
0.174549
0.36307799999999996
0.528184
0.6533049999999999
0.7139800000000001
0.72768
0.679644
0.542443
0.405266
0.248584
0.07435299999999999
0.001008
0.0
0.0
0.0
0.0
0.0
0.0
0.0
0.0
0.0
0.0
0.0
0.032098999999999996
0.17290799999999998
0.369771
0.531783
0.636707
0.695909
0.680043
0.664996
0.567732
0.42943400000000004
0.24115299999999998
0.06963899999999999
0.00044
0.0
0.0
0.0
0.0
0.0
0.0
0.0
0.0
0.0
0.0
0.0
0.030032
0.147012
0.352371
0.514946
0.592394
0.280189
0.283043
0.38953899999999997
0.329612
0.233159
0.13475700000000002
0.041465
0.0
0.0
0.0
0.0
0.0
0.0
0.0
0.0
0.0
0.0
0.0
0.0
0.025604
0.06725700000000001
0.204454
0.47101299999999996
0.589615
0.39761900000000006
0.403412
0.24481
0.318838
0.226746
0.087566
0.026633
0.0
0.0
0.0
0.0
0.0
0.0
0.0
0.0
0.0
0.0
0.0
0.0
0.010706
0.15964099999999998
0.348344
0.508114
0.5905349999999999
0.649606
0.596241
0.47886399999999996
0.408115
0.288423
0.162282
0.045024999999999996
0.0
0.0
0.0
0.0
0.0
0.0
0.0
0.0
0.0
0.0
0.0
0.0
0.009766
0.064565
0.278452
0.473032
0.358359
0.39839800000000003
0.263961
0.246442
0.520617
0.397875
0.220561
0.054979
0.0
0.0
0.0
0.0
0.0
0.0
0.0
0.0
0.0
0.0
0.0
0.0
0.00898
0.03027
0.248208
0.419605
0.247649
0.254927
0.257564
0.118497
0.099023
0.07108400000000001
0.039302
0.009076
0.0
0.0
0.0
0.0
0.0
0.0
0.0
0.0
0.0
0.0
0.0
0.0
0.008157
0.06139
0.129299
0.092899
0.363862
0.260564
0.26799599999999996
0.383863
0.206072
0.229601
0.08097599999999999
0.03019
0.0
0.0
0.0
0.0
0.0
0.0
0.0
0.0
0.0
0.0
0.0
0.0
0.0073479999999999995
0.060452
0.061616
0.202464
0.115316
0.127506
0.129256
0.11934399999999999
0.099758
0.071565
0.038085
0.007852
0.0
0.0
0.0
0.0
0.0
0.0
0.0
0.0
0.0
0.0
0.0
0.0
0.006509
0.058699
0.125397
0.18656899999999998
0.230767
0.499817
0.589942
0.544192
0.525361
0.382454
0.17907599999999999
0.039195999999999995
0.0
0.0
0.0
0.0
0.0
0.0
0.0
0.0
0.0
0.0
0.0
0.0
0.017157
0.145324
0.323837
0.477277
0.495631
0.551577
0.631243
0.6064890000000001
0.511431
0.364219
0.18448699999999998
0.038
0.0
0.0
0.0
0.0
0.0
0.0
0.0
0.0
0.0
0.0
0.0
0.0
0.015160999999999999
0.142107
0.316805
0.467118
0.584893
0.651396
0.661771
0.615741
0.518676
0.36981400000000003
0.18003
0.035337
0.0
0.0
0.0
0.0
0.0
0.0
0.0
0.0
0.0
0.0
0.0
0.0
0.013516
0.139162
0.318527
0.470284
0.588164
0.646635
0.647313
0.604236
0.5112289999999999
0.361445
0.170211
0.029672
0.0
0.0
0.0
0.0
0.0
0.0
0.0
0.0
0.0
0.0
0.0
0.0
0.011713
0.135013
0.176623
0.46355799999999997
0.5712079999999999
0.642506
0.6218859999999999
0.572732
0.481339
0.358631
0.170879
0.028902
0.0
0.0
0.0
0.0
0.0
0.0
0.0
0.0
0.0
0.0
0.0
0.0
0.0023799999999999997
0.0509
0.116553
0.17591800000000002
0.22049700000000003
0.5723550000000001
0.6381950000000001
0.609097
0.511181
0.356708
0.166952
0.025837
0.0
0.0
0.0
0.0
0.0
0.0
0.0
0.0
0.0
0.0
0.0
0.0
0.0
0.022941
0.11562399999999999
0.441339
0.5904550000000001
0.6303529999999999
0.644529
0.607811
0.505072
0.348441
0.161183
0.023792999999999998
0.0
0.0
0.0
0.0
0.0
0.0
0.0
0.0
0.0
0.0
0.0
0.0
0.0
0.022936
0.114704
0.37197199999999997
0.43049
0.602457
0.5613579999999999
0.5142
0.42210899999999996
0.188616
0.08842900000000001
0.0069759999999999996
0.0
0.0
0.0
0.0
0.0
0.0
0.0
0.0
0.0
0.0
0.0
0.0
0.0
0.022414
0.113168
0.17206
0.216798
0.240421
0.117908
0.107991
0.08767
0.0591
0.027577
0.001026
0.0
0.0
0.0
0.0
0.0
0.0
0.0
0.0
0.0
0.0
0.0
0.0
0.0
0.021487
0.053081
0.082155
0.103534
0.114912
0.117297
0.105727
0.08607200000000001
0.058261
0.025901
0.000262
0.0
0.0
0.0
0.0
0.0
0.0
0.0
0.0
0.0
0.0
0.0
0.0
0.0
0.021100999999999998
0.05319
0.083271
0.105284
0.116551
0.254353
0.231993
0.08618
0.05717
0.02546
0.000183
0.0
0.0
0.0
0.0
0.0
0.0
0.0
0.0
0.0
0.0
0.0
0.0
0.0
0.020163
0.052103000000000003
0.082197
0.104593
0.116479
0.117133
0.107732
0.08671
0.057527999999999996
0.025204
0.0025150000000000003
0.0
0.0
0.0
0.0
0.0
0.0
0.0
0.0
0.0
0.0
0.0
0.0
0.0
0.020663
0.052369
0.082771
0.10512600000000001
0.117059
0.11752800000000001
0.107199
0.08543600000000001
0.05594
0.023648
0.0
0.0
0.0
0.0
0.0
0.0
0.0
0.0
0.0
0.0
0.0
0.0
0.0
0.0
0.019719
0.051308
0.08175700000000001
0.10357
0.11550400000000001
0.252393
0.229009
0.084178
0.054809
0.049276
0.0025150000000000003
0.0
0.0
0.0
0.0
0.0
0.0
0.0
0.0
0.0
0.0
0.0
0.0
0.003971
0.096161
0.255867
0.40175
0.545375
0.5644199999999999
0.38029700000000005
0.216424
0.083057
0.05391
0.021841000000000003
0.0
0.0
0.0
0.0
0.0
0.0
0.0
0.0
0.0
0.0
0.0
0.0
0.0
0.0
0.015645
0.045889000000000006
0.074881
0.097026
0.10842700000000001
0.108856
0.098483
0.077096
0.048851
0.017863
0.0
0.0
0.0
0.0
0.0
0.0
0.0
0.0
0.0
0.0
0.0
0.0
0.0
0.0
0.014984
0.045119
0.073845
0.094806
0.10581600000000001
0.106518
0.09524200000000001
0.074056
0.098073
0.036826
0.0025299999999999997
0.0
0.0
0.0
0.0
0.0
0.0
0.0
0.0
0.0
0.0
0.0
0.0
0.0
0.031675
0.091387
0.233937
0.194018
0.215535
0.227957
0.30881000000000003
0.230166
0.093606
0.081062
0.0008900000000000001
0.0
0.0
0.0
0.0
0.0
0.0
0.0
0.0
0.0
0.0
0.0
0.0
0.001116
0.082197
0.25253
0.412929
0.499948
0.5496989999999999
0.539798
0.490086
0.411996
0.241398
0.076844
0.001388
0.0
0.0
0.0
0.0
0.0
0.0
0.0
0.0
0.0
0.0
0.0
0.0
0.0005470000000000001
0.081979
0.253487
0.427151
0.5448099999999999
0.607635
0.61177
0.536235
0.417632
0.26634500000000005
0.084994
0.00138
0.0
0.0
0.0
0.0
0.0
0.0
0.0
0.0
0.0
0.0
0.0
0.0
0.0
0.012356
0.040947000000000004
0.069036
0.091042
0.10201600000000001
0.228436
0.190395
0.149637
0.14058600000000002
0.056659999999999995
0.000514
0.0
0.0
0.0
0.0
0.0
0.0
0.0
0.0
0.0
0.0
0.0
0.0
0.000127
0.077283
0.25415
0.414934
0.53388
0.576441
0.579035
0.523873
0.415617
0.25728500000000004
0.07881
0.00047299999999999995
0.0
0.0
0.0
0.0
0.0
0.0
0.0
0.0
0.0
0.0
0.0
0.0
0.0
0.074541
0.25468999999999997
0.39724
0.450065
0.571976
0.433068
0.30264800000000003
0.144697
0.085025
0.026556999999999997
0.0
0.0
0.0
0.0
0.0
0.0
0.0
0.0
0.0
0.0
0.0
0.0
0.0
0.0
0.011038000000000001
0.039233
0.06780800000000001
0.08921
0.224379
0.100553
0.202569
0.1438
0.039261000000000004
0.011104
0.0
0.0
0.0
0.0
0.0
0.0
0.0
0.0
0.0
0.0
0.0
0.0
0.0
0.0
0.035387999999999996
0.207624
0.277763
0.284725
0.47989800000000005
0.5418010000000001
0.509389
0.391238
0.241258
0.06719599999999999
0.0
0.0
0.0
0.0
0.0
0.0
0.0
0.0
0.0
0.0
0.0
0.0
0.0
0.0
0.022164000000000003
0.079433
0.136678
0.18151699999999998
0.20672100000000002
0.206475
0.182411
0.06586
0.079777
0.022501
0.0
0.0
0.0
0.0
0.0
0.0
0.0
0.0
0.0
0.0
0.0
0.0
0.0
0.0
0.032961
0.07925199999999999
0.138913
0.297842
0.316878
0.31715699999999997
0.33252699999999996
0.27819299999999997
0.077418
0.020679
0.0
0.0
0.0
0.0
0.0
0.0
0.0
0.0
0.0
0.0
0.0
0.0
0.0
0.0
0.06153
0.23702299999999998
0.389382
0.475903
0.52967
0.525401
0.46489800000000003
0.375045
0.217648
0.051344
0.0
0.0
0.0
0.0
0.0
0.0
0.0
0.0
0.0
0.0
0.0
0.0
0.0
0.0
0.051189
0.21865700000000002
0.377911
0.44937400000000005
0.531005
0.49818599999999996
0.456113
0.35310199999999997
0.208677
0.046845
0.0
0.0
0.0
0.0
0.0
0.0
0.0
0.0
0.0
0.0
0.0
0.0
0.0
0.0
0.017466000000000002
0.07205
0.131191
0.083143
0.213645
0.198706
0.414569
0.346722
0.20917
0.04635
0.0
0.0
0.0
0.0
0.0
0.0
0.0
0.0
0.0
0.0
0.0
0.0
0.0
0.0
0.017166
0.071687
0.128819
0.17128100000000002
0.19278
0.191278
0.165796
0.122237
0.06668
0.01458
0.0
0.0
0.0
0.0
0.0
0.0
0.0
0.0
0.0
0.0
0.0
0.0
0.0
0.0
0.016399
0.070581
0.128613
0.172655
0.19944399999999998
0.19700399999999998
0.080266
0.12700799999999998
0.067198
0.013854
0.0
0.0
0.0
0.0
0.0
0.0
0.0
0.0
0.0
0.0
0.0
0.0
0.0
0.0
0.022771999999999997
0.149224
0.26661900000000005
0.42297500000000005
0.31528300000000004
0.298988
0.26036000000000004
0.193997
0.097065
0.019012
0.0
0.0
0.0
0.0
0.0
0.0
0.0
0.0
0.0
0.0
0.0
0.0
0.0
0.0
0.037311
0.196726
0.349832
0.272503
0.289872
0.185846
0.161773
0.11591800000000001
0.060693
0.010384000000000001
0.0
0.0
0.0
0.0
0.0
0.0
0.0
0.0
0.0
0.0
0.0
0.0
0.0
0.0
0.012176
0.029543
0.056084
0.075969
0.196799
0.183629
0.075031
0.11609699999999999
0.058639000000000004
0.009746000000000001
0.0
0.0
0.0
0.0
0.0
0.0
0.0
0.0
0.0
0.0
0.0
0.0
0.0
0.0
0.00432
0.029428999999999997
0.056329000000000004
0.07749299999999999
0.202398
0.186042
0.162311
0.185305
0.059042000000000004
0.013548
0.0
0.0
0.0
0.0
0.0
0.0
0.0
0.0
0.0
0.0
0.0
0.0
0.0
0.0
0.034191
0.19813999999999998
0.367724
0.496075
0.571718
0.5684
0.497966
0.35299400000000003
0.17994900000000003
0.023382
0.0
0.0
0.0
0.0
0.0
0.0
0.0
0.0
0.0
0.0
0.0
0.0
0.0
0.0
0.03163
0.193209
0.347049
0.475854
0.5618500000000001
0.56486
0.449864
0.31365499999999996
0.170927
0.020065000000000003
0.0
0.0
0.0
0.0
0.0
0.0
0.0
0.0
0.0
0.0
0.0
0.0
0.0
0.0
0.026143
0.16418100000000002
0.34698
0.471511
0.517485
0.49934300000000004
0.392053
0.235254
0.109311
0.012230000000000001
0.0
0.0
0.0
0.0
0.0
0.0
0.0
0.0
0.0
0.0
0.0
0.0
0.0
0.0
0.024921
0.186508
0.34926799999999997
0.479435
0.5469729999999999
0.542938
0.46919099999999997
0.342267
0.16821799999999998
0.014791
0.0
0.0
0.0
0.0
0.0
0.0
0.0
0.0
0.0
0.0
0.0
0.0
0.0
0.0
0.006946
0.054317
0.180587
0.323418
0.171942
0.359724
0.147194
0.104821
0.048695999999999996
0.003404
0.0
0.0
0.0
0.0
0.0
0.0
0.0
0.0
0.0
0.0
0.0
0.0
0.0
0.0
0.018849
0.169078
0.345065
0.462249
0.517718
0.516547
0.434321
0.31754899999999997
0.150797
0.010083
0.0
0.0
0.0
0.0
0.0
0.0
0.0
0.0
0.0
0.0
0.0
0.0
0.0
0.0
0.016841000000000002
0.164012
0.335279
0.45896
0.524482
0.47773200000000005
0.401532
0.257896
0.114566
0.0075049999999999995
0.0
0.0
0.0
0.0
0.0
0.0
0.0
0.0
0.0
0.0
0.0
0.0
0.0
0.0
0.014063
0.157329
0.315957
0.44781400000000005
0.511096
0.496353
0.414119
0.161139
0.043499
0.0012900000000000001
0.0
0.0
0.0
0.0
0.0
0.0
0.0
0.0
0.0
0.0
0.0
0.0
0.0
0.0
0.0
0.021632000000000002
0.047214
0.067548
0.078091
0.07732599999999999
0.06578
0.044713
0.019221
0.0
0.0
0.0
0.0
0.0
0.0
0.0
0.0
0.0
0.0
0.0
0.0
0.0
0.0
0.0
0.0
0.020897
0.167347
0.144965
0.42104
0.274673
0.064433
0.043815
0.018378
0.0
0.0
0.0
0.0
0.0
0.0
0.0
0.0
0.0
0.0
0.0
0.0
0.0
0.0
0.0
0.002779
0.05057
0.10548
0.14747300000000002
0.171717
0.17056100000000002
0.146415
0.166447
0.105832
0.004358
0.0
0.0
0.0
0.0
0.0
0.0
0.0
0.0
0.0
0.0
0.0
0.0
0.0
0.0
0.002316
0.049037
0.104071
0.146511
0.170643
0.169745
0.14459899999999998
0.098783
0.04345
0.005038
0.0
0.0
0.0
0.0
0.0
0.0
0.0
0.0
0.0
0.0
0.0
0.0
0.0
0.0
0.001911
0.049079
0.047719000000000004
0.067094
0.077594
0.076609
0.0655
0.044133000000000006
0.018478
0.0
0.0
0.0
0.0
0.0
0.0
0.0
0.0
0.0
0.0
0.0
0.0
0.0
0.0
0.0
0.001282
0.021054
0.046076
0.14588800000000002
0.36920800000000004
0.480511
0.390692
0.21718600000000002
0.040614
0.0
0.0
0.0
0.0
0.0
0.0
0.0
0.0
0.0
0.0
0.0
0.0
0.0
0.0
0.0
0.0
0.045651000000000004
0.10029
0.155047
0.164506
0.16502
0.139756
0.157148
0.039481
0.0047
0.0
0.0
0.0
0.0
0.0
0.0
0.0
0.0
0.0
0.0
0.0
0.0
0.0
0.0
0.0
0.043951000000000004
0.097247
0.228878
0.276945
0.163048
0.13749899999999998
0.271638
0.038204
0.0
0.0
0.0
0.0
0.0
0.0
0.0
0.0
0.0
0.0
0.0
0.0
0.0
0.0
0.0
0.0
0.019006
0.044406999999999995
0.140963
0.358209
0.46163299999999996
0.443651
0.253168
0.125174
0.0
0.0
0.0
0.0
0.0
0.0
0.0
0.0
0.0
0.0
0.0
0.0
0.0
0.0
0.0
0.0
0.072494
0.16137100000000001
0.141732
0.161448
0.16053299999999998
0.135276
0.089942
0.054389
0.002456
0.0
0.0
0.0
0.0
0.0
0.0
0.0
0.0
0.0
0.0
0.0
0.0
0.0
0.0
0.00487
0.039998
0.093807
0.353661
0.49284300000000003
0.524085
0.45260500000000004
0.30630799999999997
0.125966
0.002395
0.0
0.0
0.0
0.0
0.0
0.0
0.0
0.0
0.0
0.0
0.0
0.0
0.0
0.0
0.004282
0.130551
0.30159600000000003
0.376267
0.420923
0.404468
0.294907
0.206427
0.049897
0.0
0.0
0.0
0.0
0.0
0.0
0.0
0.0
0.0
0.0
0.0
0.0
0.0
0.0
0.0
0.0
0.035051
0.086524
0.127578
0.151014
0.067643
0.136176
0.081346
0.012580000000000001
0.0
0.0
0.0
0.0
0.0
0.0
0.0
0.0
0.0
0.0
0.0
0.0
0.0
0.0
0.0
0.001206
0.059765
0.282414
0.218549
0.337041
0.250068
0.123976
0.080093
0.028748000000000003
0.0
0.0
0.0
0.0
0.0
0.0
0.0
0.0
0.0
0.0
0.0
0.0
0.0
0.0
0.0
0.0
0.031596
0.267959
0.42858999999999997
0.488513
0.46974400000000005
0.401676
0.271303
0.109279
0.0008100000000000001
0.0
0.0
0.0
0.0
0.0
0.0
0.0
0.0
0.0
0.0
0.0
0.0
0.0
0.0
0.0
0.030911
0.081483
0.055241
0.066214
0.064946
0.053929000000000005
0.034618
0.010985
0.0
0.0
0.0
0.0
0.0
0.0
0.0
0.0
0.0
0.0
0.0
0.0
0.0
0.0
0.0
0.0
0.011840999999999999
0.035551
0.054372
0.06535200000000001
0.064303
0.053491
0.076598
0.025412
0.0
0.0
0.0
0.0
0.0
0.0
0.0
0.0
0.0
0.0
0.0
0.0
0.0
0.0
0.0
0.000879
0.08583400000000001
0.246994
0.38427100000000003
0.43376299999999995
0.429384
0.129172
0.21702000000000002
0.06311
0.0
0.0
0.0
0.0
0.0
0.0
0.0
0.0
0.0
0.0
0.0
0.0
0.0
0.0
0.0
0.0
0.025782
0.07397799999999999
0.115152
0.241118
0.22286699999999998
0.18981299999999998
0.071791
0.022899
0.0
0.0
0.0
0.0
0.0
0.0
0.0
0.0
0.0
0.0
0.0
0.0
0.0
0.0
0.0
0.0
0.024111999999999998
0.07356499999999999
0.113986
0.23913800000000002
0.136716
0.11339
0.071149
0.036086
0.0
0.0
0.0
0.0
0.0
0.0
0.0
0.0
0.0
0.0
0.0
0.0
0.0
0.0
0.0
0.0
0.009651999999999999
0.032750999999999995
0.051389000000000004
0.153895
0.139348
0.052009
0.032227
0.008893
0.0
0.0
0.0
0.0
0.0
0.0
0.0
0.0
0.0
0.0
0.0
0.0
0.0
0.0
0.0
0.0
0.022085999999999998
0.07096899999999999
0.112301
0.13586
0.23252899999999999
0.10908499999999999
0.119432
0.032945999999999996
0.0
0.0
0.0
0.0
0.0
0.0
0.0
0.0
0.0
0.0
0.0
0.0
0.0
0.0
0.0
0.0
0.008929
0.031355
0.051441
0.060707000000000004
0.060762000000000004
0.050084000000000004
0.031331
0.008157
0.0
0.0
0.0
0.0
0.0
0.0
0.0
0.0
0.0
0.0
0.0
0.0
0.0
0.0
0.0
0.0
0.008237999999999999
0.030776
0.049589
0.060591
0.060541
0.049634
0.030705
0.008175
0.0
0.0
0.0
0.0
0.0
0.0
0.0
0.0
0.0
0.0
0.0
0.0
0.0
0.0
0.0
0.0
0.018896
0.068081
0.27312000000000003
0.41768299999999997
0.31522
0.186254
0.11790300000000001
0.041107
0.0
0.0
0.0
0.0
0.0
0.0
0.0
0.0
0.0
0.0
0.0
0.0
0.0
0.0
0.0
0.0
0.045623
0.06832099999999999
0.10967
0.131932
0.230602
0.3267
0.16272999999999999
0.045846
0.0
0.0
0.0
0.0
0.0
0.0
0.0
0.0
0.0
0.0
0.0
0.0
0.0
0.0
0.0
0.0
0.006779
0.06589199999999999
0.107908
0.12941
0.129797
0.10867
0.065703
0.017728999999999998
0.0
0.0
0.0
0.0
0.0
0.0
0.0
0.0
0.0
0.0
0.0
0.0
0.0
0.0
0.0
0.0
0.016215
0.121889
0.338748
0.455024
0.455526
0.388053
0.22699100000000003
0.08122700000000001
0.0
0.0
0.0
0.0
0.0
0.0
0.0
0.0
0.0
0.0
0.0
0.0
0.0
0.0
0.0
0.0
0.005901
0.027694
0.046707
0.057724
0.057582999999999995
0.047319
0.028440999999999998
0.006625
0.0
0.0
0.0
0.0
0.0
0.0
0.0
0.0
0.0
0.0
0.0
0.0
0.0
0.0
0.0
0.0
0.005113
0.027643
0.0456
0.056732
0.056685
0.046463000000000004
0.028412
0.006612
0.0
0.0
0.0
0.0
0.0
0.0
0.0
0.0
0.0
0.0
0.0
0.0
0.0
0.0
0.0
0.0
0.005065
0.026867000000000002
0.045737
0.055776000000000006
0.056658
0.046562
0.062987
0.005834
0.0
0.0
0.0
0.0
0.0
0.0
0.0
0.0
0.0
0.0
0.0
0.0
0.0
0.0
0.0
0.0
0.004311
0.026173
0.045121
0.056216999999999996
0.126775
0.106082
0.062719
0.01582
0.0
0.0
0.0
0.0
0.0
0.0
0.0
0.0
0.0
0.0
0.0
0.0
0.0
0.0
0.0
0.0
0.002901
0.0241
0.097063
0.122005
0.12262
0.044433999999999994
0.026406
0.005186
0.0
0.0
0.0
0.0
0.0
0.0
0.0
0.0
0.0
0.0
0.0
0.0
0.0
0.0
0.0
0.0
0.009223
0.053045
0.094273
0.119311
0.12020399999999999
0.098204
0.025042000000000002
0.004275999999999999
0.0
0.0
0.0
0.0
0.0
0.0
0.0
0.0
0.0
0.0
0.0
0.0
0.0
0.0
0.0
0.0
0.0019219999999999999
0.022638000000000002
0.040448
0.051245
0.052046999999999996
0.042142000000000006
0.025070000000000002
0.004271
0.0
0.0
0.0
0.0
0.0
0.0
0.0
0.0
0.0
0.0
0.0
0.0
0.0
0.0
0.0
0.0
0.0018839999999999998
0.02197
0.040629
0.051405
0.05226
0.042290999999999995
0.025127
0.004275
0.0
0.0
0.0
0.0
0.0
0.0
0.0
0.0
0.0
0.0
0.0
0.0
0.0
0.0
0.0
0.0
0.0018440000000000002
0.022099
0.040119999999999996
0.050851999999999994
0.051512999999999996
0.042262
0.025204999999999998
0.004297
0.0
0.0
0.0
0.0
0.0
0.0
0.0
0.0
0.0
0.0
0.0
0.0
0.0
0.0
0.0
0.0
0.001118
0.022251
0.16488999999999998
0.20465899999999998
0.206701
0.17144399999999999
0.024460000000000003
0.004284
0.0
0.0
0.0
0.0
0.0
0.0
0.0
0.0
0.0
0.0
0.0
0.0
0.0
0.0
0.0
0.0
0.0056029999999999995
0.144537
0.088785
0.11456100000000001
0.114099
0.170544
0.107313
0.029739
0.0
0.0
0.0
0.0
0.0
0.0
0.0
0.0
0.0
0.0
0.0
0.0
0.0
0.0
0.0
0.0
0.000902
0.021411000000000003
0.03953
0.113467
0.116203
0.041581
0.055909999999999994
0.011555
0.0
0.0
0.0
0.0
0.0
0.0
0.0
0.0
0.0
0.0
0.0
0.0
0.0
0.0
0.0
0.0
0.01165
0.046542
0.08718600000000001
0.188277
0.189938
0.092574
0.054625
0.004077
0.0
0.0
0.0
0.0
0.0
0.0
0.0
0.0
0.0
0.0
0.0
0.0
0.0
0.0
0.0
0.0
0.004198
0.019518999999999998
0.038109000000000004
0.11265399999999999
0.049451
0.041116
0.024013000000000003
0.004112
0.0
0.0
0.0
0.0
0.0
0.0
0.0
0.0
0.0
0.0
0.0
0.0
0.0
0.0
0.0
0.0
0.0
0.043465000000000004
0.155036
0.26733999999999997
0.269642
0.157831
0.095504
0.017858
0.0
0.0
0.0
0.0
0.0
0.0
0.0
0.0
0.0
0.0
0.0
0.0
0.0
0.0
0.0
0.0
0.01834
0.17174899999999999
0.34586
0.415648
0.416691
0.36551100000000003
0.238933
0.058059
0.0
0.0
0.0
0.0
0.0
0.0
0.0
0.0
0.0
0.0
0.0
0.0
0.0
0.0
0.0
0.0
0.0
0.018783
0.037467
0.048364
0.050109
0.040841
0.024485
0.004223
0.0
0.0
0.0
0.0
0.0
0.0
0.0
0.0
0.0
0.0
0.0
0.0
0.0
0.0
0.0
0.0
0.0
0.018708
0.036662
0.048302
0.049845999999999994
0.040447000000000004
0.024107
0.004102000000000001
0.0
0.0
0.0
0.0
0.0
0.0
0.0
0.0
0.0
0.0
0.0
0.0
0.0
0.0
0.0
0.0
0.002427
0.018715
0.08329099999999999
0.107453
0.199336
0.091977
0.024147
0.00414
0.0
0.0
0.0
0.0
0.0
0.0
0.0
0.0
0.0
0.0
0.0
0.0
0.0
0.0
0.0
0.0
0.002441
0.017817
0.036442
0.046822
0.048479999999999995
0.040356
0.024154
0.004171
0.0
0.0
0.0
0.0
0.0
0.0
0.0
0.0
0.0
0.0
0.0
0.0
0.0
0.0
0.0
0.0
0.002385
0.076695
0.15729400000000002
0.183838
0.283999
0.093033
0.054318
0.019129999999999998
0.0
0.0
0.0
0.0
0.0
0.0
0.0
0.0
0.0
0.0
0.0
0.0
0.0
0.0
0.0
0.0
0.0024660000000000003
0.0412
0.08144199999999999
0.106152
0.109837
0.089872
0.054143000000000004
0.012001
0.0
0.0
0.0
0.0
0.0
0.0
0.0
0.0
0.0
0.0
0.0
0.0
0.0
0.0
0.0
0.0
0.0
0.017154
0.0359
0.047387
0.049243
0.040789
0.102681
0.020541
0.0
0.0
0.0
0.0
0.0
0.0
0.0
0.0
0.0
0.0
0.0
0.0
0.0
0.0
0.0
0.0
0.010074
0.131614
0.335543
0.37998000000000004
0.199555
0.17036199999999999
0.098274
0.020317
0.0
0.0
0.0
0.0
0.0
0.0
0.0
0.0
0.0
0.0
0.0
0.0
0.0
0.0
0.0
0.0
0.0
0.016957
0.035256
0.046733
0.04838
0.093694
0.023977000000000002
0.004925
0.0
0.0
0.0
0.0
0.0
0.0
0.0
0.0
0.0
0.0
0.0
0.0
0.0
0.0
0.0
0.0
0.0018939999999999999
0.118835
0.296684
0.267655
0.39514699999999997
0.358938
0.245522
0.071072
0.0
0.0
0.0
0.0
0.0
0.0
0.0
0.0
0.0
0.0
0.0
0.0
0.0
0.0
0.0
0.0
0.004318
0.041076999999999995
0.155151
0.339481
0.38572300000000004
0.381522
0.191863
0.051035
0.0
0.0
0.0
0.0
0.0
0.0
0.0
0.0
0.0
0.0
0.0
0.0
0.0
0.0
0.0
0.0
0.009529999999999999
0.127859
0.284943
0.355396
0.392688
0.331424
0.19739400000000001
0.059482
0.0
0.0
0.0
0.0
0.0
0.0
0.0
0.0
0.0
0.0
0.0
0.0
0.0
0.0
0.0
0.0
0.0
0.017303000000000002
0.036204
0.04784
0.050384
0.042561999999999996
0.026125
0.005854
0.0
0.0
0.0
0.0
0.0
0.0
0.0
0.0
0.0
0.0
0.0
0.0
0.0
0.0
0.0
0.0
0.0013779999999999999
0.095734
0.14219800000000002
0.37361
0.41478899999999996
0.373309
0.258178
0.078033
0.0
0.0
0.0
0.0
0.0
0.0
0.0
0.0
0.0
0.0
0.0
0.0
0.0
0.0
0.0
0.0
0.001474
0.040159
0.084205
0.112596
0.118247
0.043962
0.027359
0.006056
0.0
0.0
0.0
0.0
0.0
0.0
0.0
0.0
0.0
0.0
0.0
0.0
0.0
0.0
0.0
0.0
0.0
0.017431000000000002
0.03651
0.049119
0.05165
0.043912999999999994
0.027273
0.006809999999999999
0.0
0.0
0.0
0.0
0.0
0.0
0.0
0.0
0.0
0.0
0.0
0.0
0.0
0.0
0.0
0.0
0.0
0.017475
0.037382
0.049232
0.052639000000000005
0.044003
0.028198
0.006846
0.0
0.0
0.0
0.0
0.0
0.0
0.0
0.0
0.0
0.0
0.0
0.0
0.0
0.0
0.0
0.0
0.0
0.041209
0.085142
0.114702
0.12099299999999999
0.103437
0.064859
0.007672
0.0
0.0
0.0
0.0
0.0
0.0
0.0
0.0
0.0
0.0
0.0
0.0
0.0
0.0
0.0
0.0
0.0
0.102456
0.225964
0.380533
0.439632
0.356571
0.287664
0.10352599999999999
0.0
0.0
0.0
0.0
0.0
0.0
0.0
0.0
