0.0
0.0
0.0
0.0
0.0
0.0
0.0
0.0
0.0
0.002306
0.021321000000000003
0.037333
0.045439999999999994
0.044397
0.034124
0.017346
0.0
0.0
0.0
0.0
0.0
0.0
0.0
0.0
0.0
0.0
0.0
0.0
0.0
0.0
0.0
0.0
0.0
0.002417
0.02166
0.037741
0.046903
0.045067
0.035244
0.017587
0.0
0.0
0.0
0.0
0.0
0.0
0.0
0.0
0.0
0.0
0.0
0.0
0.0
0.0
0.0
0.0
0.0
0.002439
0.021786
0.038020000000000005
0.047020000000000006
0.046223
0.035529000000000005
0.018459
0.0
0.0
0.0
0.0
0.0
0.0
0.0
0.0
0.0
0.0
0.0
0.0
0.0
0.0
0.0
0.0
0.0
0.008663
0.048997
0.08404900000000001
0.103703
0.102247
0.078038
0.041201999999999996
0.003177
0.0
0.0
0.0
0.0
0.0
0.0
0.0
0.0
0.0
0.0
0.0
0.0
0.0
0.0
0.0
0.0
0.008624
0.048438
0.08293500000000001
0.102122
0.099577
0.077881
0.040589
0.002372
0.0
0.0
0.0
0.0
0.0
0.0
0.0
0.0
0.0
0.0
0.0
0.0
0.0
0.0
0.0
0.0
0.008447
0.047826
0.082235
0.102095
0.10020399999999999
0.07851999999999999
0.041318
0.002625
0.0
0.0
0.0
0.0
0.0
0.0
0.0
0.0
0.0
0.0
0.0
0.0
0.0
0.0
0.0
0.0
0.008346
0.079285
0.184651
0.285208
0.333339
0.297815
0.187838
0.024342
0.0
0.0
0.0
0.0
0.0
0.0
0.0
0.0
0.0
0.0
0.0
0.0
0.0
0.0
0.0
0.0
0.008534
0.048388
0.08222700000000001
0.101382
0.11829
0.12232699999999999
0.07482
0.007306
0.0
0.0
0.0
0.0
0.0
0.0
0.0
0.0
0.0
0.0
0.0
0.0
0.0
0.0
0.0
0.0
0.0030459999999999997
0.030515999999999998
0.068503
0.102911
0.10179600000000001
0.079166
0.043311
0.005721
0.0
0.0
0.0
0.0
0.0
0.0
0.0
0.0
0.0
0.0
0.0
0.0
0.0
0.0
0.0
0.0
0.0030859999999999998
0.021907
0.038577
0.048287
0.047478
0.037799
0.020301
0.0014910000000000001
0.0
0.0
0.0
0.0
0.0
0.0
0.0
0.0
0.0
0.0
0.0
0.0
0.0
0.0
0.0
0.0
0.009382
0.050308
0.08551399999999999
0.105771
0.085535
0.052893
0.021299
0.003592
0.0
0.0
0.0
0.0
0.0
0.0
0.0
0.0
0.0
0.0
0.0
0.0
0.0
0.0
0.0
0.0
0.016499
0.07085899999999999
0.10143
0.104907
0.104556
0.08313899999999999
0.046912999999999996
0.009723
0.0
0.0
0.0
0.0
0.0
0.0
0.0
0.0
0.0
0.0
0.0
0.0
0.0
0.0
0.0
0.0
0.003946
0.023726
0.040542
0.050355
0.068251
0.07037
0.048049999999999995
0.01132
0.0
0.0
0.0
0.0
0.0
0.0
0.0
0.0
0.0
0.0
0.0
0.0
0.0
0.0
0.0
0.0
0.052207
0.22587200000000002
0.354406
0.40830299999999997
0.40560199999999996
0.34409100000000004
0.217372
0.043052
0.0
0.0
0.0
0.0
0.0
0.0
0.0
0.0
0.0
0.0
0.0
0.0
0.0
0.0
0.0
0.0
0.044104
0.19973
0.303453
0.33663299999999996
0.319552
0.282903
0.170389
0.030553999999999998
0.0
0.0
0.0
0.0
0.0
0.0
0.0
0.0
0.0
0.0
0.0
0.0
0.0
0.0
0.0
0.0
0.046871
0.216923
0.34396
0.415194
0.40891500000000003
0.333389
0.22812100000000002
0.051366
0.0
0.0
0.0
0.0
0.0
0.0
0.0
0.0
0.0
0.0
0.0
0.0
0.0
0.0
0.0
0.0
0.005045
0.02609
0.043906
0.054083
0.054034
0.043937
0.025986000000000002
0.005033
0.0
0.0
0.0
0.0
0.0
0.0
0.0
0.0
0.0
0.0
0.0
0.0
0.0
0.0
0.0
0.0
0.005039
0.026763000000000002
0.044700000000000004
0.054869
0.054791
0.044676
0.026751
0.005084
0.0
0.0
0.0
0.0
0.0
0.0
0.0
0.0
0.0
0.0
0.0
0.0
0.0
0.0
0.0
0.0
0.013904999999999999
0.047710999999999996
0.061625
0.055314999999999996
0.070632
0.070721
0.050171999999999994
0.014613
0.0
0.0
0.0
0.0
0.0
0.0
0.0
0.0
0.0
0.0
0.0
0.0
0.0
0.0
0.0
0.0
0.005961
0.027948
0.046024999999999996
0.057067
0.057018
0.046725
0.027801
0.006718
0.0
0.0
0.0
0.0
0.0
0.0
0.0
0.0
0.0
0.0
0.0
0.0
0.0
0.0
0.0
0.0
0.061702
0.23227199999999998
0.358436
0.439416
0.441156
0.373251
0.247309
0.06651399999999999
0.0
0.0
0.0
0.0
0.0
0.0
0.0
0.0
0.0
0.0
0.0
0.0
0.0
0.0
0.0
0.0
0.016281
0.060859
0.10003000000000001
0.12141400000000001
0.099383
0.06553700000000001
0.028883
0.007344000000000001
0.0
0.0
0.0
0.0
0.0
0.0
0.0
0.0
0.0
0.0
0.0
0.0
0.0
0.0
0.0
0.0
0.006564
0.028829
0.04754
0.057525
0.057516
0.047270000000000006
0.0297
0.009595000000000001
0.0
0.0
0.0
0.0
0.0
0.0
0.0
0.0
0.0
0.0
0.0
0.0
0.0
0.0
0.0
0.0
0.041979
0.131191
0.149477
0.124822
0.12465000000000001
0.10285899999999999
0.064217
0.014035
0.0
0.0
0.0
0.0
0.0
0.0
0.0
0.0
0.0
0.0
0.0
0.0
0.0
0.0
0.0
0.0
0.018225
0.05331
0.06844199999999999
0.061279
0.061350999999999996
0.051084000000000004
0.031989000000000004
0.009194
0.0
0.0
0.0
0.0
0.0
0.0
0.0
0.0
0.0
0.0
0.0
0.0
0.0
0.0
0.0
0.0
0.008515
0.031597
0.051723
0.063013
0.063917
0.052656999999999995
0.034175
0.010209
0.0
0.0
0.0
0.0
0.0
0.0
0.0
0.0
0.0
0.0
0.0
0.0
0.0
0.0
0.0
0.0
0.009353
0.032434
0.052451
0.063415
0.063251
0.05289
0.033682000000000004
0.015409
0.0
0.0
0.0
0.0
0.0
0.0
0.0
0.0
0.0
0.0
0.0
0.0
0.0
0.0
0.0
0.0
0.09309999999999999
0.26581299999999997
0.413949
0.467619
0.47275599999999995
0.378813
0.273257
0.088563
0.0
0.0
0.0
0.0
0.0
0.0
0.0
0.0
0.0
0.0
0.0
0.0
0.0
0.0
0.0
0.0
0.022511
0.070655
0.112363
0.13396100000000002
0.135034
0.113714
0.074259
0.041389
0.0
0.0
0.0
0.0
0.0
0.0
0.0
0.0
0.0
0.0
0.0
0.0
0.0
0.0
0.0
0.0
0.077273
0.272444
0.40904199999999996
0.491493
0.498101
0.432163
0.292423
0.116403
0.00116
0.0
0.0
0.0
0.0
0.0
0.0
0.0
0.0
0.0
0.0
0.0
0.0
0.0
0.0
0.0
0.081619
0.280221
0.417528
0.505991
0.510258
0.447014
0.315839
0.12285599999999999
0.001633
0.0
0.0
0.0
0.0
0.0
0.0
0.0
0.0
0.0
0.0
0.0
0.0
0.0
0.0
0.0
0.032779
0.067157
0.04996
0.14049
0.10666800000000001
0.071851
0.034092
0.0119
0.0
0.0
0.0
0.0
0.0
0.0
0.0
0.0
0.0
0.0
0.0
0.0
0.0
0.0
0.0
0.0
0.034615
0.09360500000000001
0.130928
0.13224100000000003
0.10946299999999999
0.073608
0.034924
0.018008
0.0
0.0
0.0
0.0
0.0
0.0
0.0
0.0
0.0
0.0
0.0
0.0
0.0
0.0
0.0
0.0
0.010499000000000001
0.033597
0.052972
0.063542
0.064271
0.054081000000000004
0.035472000000000004
0.023184999999999997
0.0
0.0
0.0
0.0
0.0
0.0
0.0
0.0
0.0
0.0
0.0
0.0
0.0
0.0
0.0
0.0
0.011228
0.034376
0.053519
0.063921
0.088214
0.09443
0.075504
0.029541
0.0
0.0
0.0
0.0
0.0
0.0
0.0
0.0
0.0
0.0
0.0
0.0
0.0
0.0
0.0
0.0
0.025737
0.072824
0.113489
0.138922
0.22662700000000002
0.26192000000000004
0.211107
0.083935
0.00198
0.0
0.0
0.0
0.0
0.0
0.0
0.0
0.0
0.0
0.0
0.0
0.0
0.0
0.0
0.0
0.011927
0.035685
0.054744
0.066233
0.067043
0.056939000000000003
0.038496999999999997
0.014891
0.0
0.0
0.0
0.0
0.0
0.0
0.0
0.0
0.0
0.0
0.0
0.0
0.0
0.0
0.0
0.0
0.028216
0.089877
0.155976
0.231294
0.20343899999999998
0.14308500000000002
0.083538
0.053495
0.001967
0.0
0.0
0.0
0.0
0.0
0.0
0.0
0.0
0.0
0.0
0.0
0.0
0.0
0.0
0.0
0.044433999999999994
0.106077
0.144563
0.147436
0.213141
0.22030699999999998
0.18288900000000002
0.086247
0.003375
0.0
0.0
0.0
0.0
0.0
0.0
0.0
0.0
0.0
0.0
0.0
0.0
0.0
0.0
0.00257
0.124473
0.27560700000000005
0.383201
0.426782
0.407057
0.329289
0.195319
0.11358499999999999
0.004884
0.0
0.0
0.0
0.0
0.0
0.0
0.0
0.0
0.0
0.0
0.0
0.0
0.0
0.0
0.00067
0.033360999999999995
0.083399
0.127889
0.150588
0.215078
0.225506
0.18831299999999998
0.06751900000000001
0.001957
0.0
0.0
0.0
0.0
0.0
0.0
0.0
0.0
0.0
0.0
0.0
0.0
0.0
0.0
0.0
0.034457
0.08408700000000001
0.126665
0.150955
0.152968
0.132188
0.090879
0.041773000000000005
0.001342
0.0
0.0
0.0
0.0
0.0
0.0
0.0
0.0
0.0
0.0
0.0
0.0
0.0
0.0
0.003512
0.145142
0.296428
0.42911099999999996
0.5301440000000001
0.5417150000000001
0.473883
0.334638
0.158032
0.010823000000000001
0.0
0.0
0.0
0.0
0.0
0.0
0.0
0.0
0.0
0.0
0.0
0.0
0.0
0.0
0.004705
0.129425
0.316672
0.444701
0.541813
0.5443819999999999
0.44049099999999997
0.328976
0.160116
0.012289
0.0
0.0
0.0
0.0
0.0
0.0
0.0
0.0
0.0
0.0
0.0
0.0
0.0
0.0
0.005254
0.131976
0.31188099999999996
0.447228
0.546683
0.5532619999999999
0.48649000000000003
0.339719
0.167637
0.013499
0.0
0.0
0.0
0.0
0.0
0.0
0.0
0.0
0.0
0.0
0.0
0.0
0.0
0.0
0.005763
0.136291
0.31520499999999996
0.44627
0.538519
0.552662
0.487396
0.341088
0.172263
0.01642
0.0
0.0
0.0
0.0
0.0
0.0
0.0
0.0
0.0
0.0
0.0
0.0
0.0
0.0
0.001379
0.103894
0.26466500000000004
0.45153899999999997
0.546554
0.5511889999999999
0.494714
0.346155
0.176451
0.018453
0.0
0.0
0.0
0.0
0.0
0.0
0.0
0.0
0.0
0.0
0.0
0.0
0.0
0.0
0.009278
0.151606
0.31378300000000003
0.45255700000000004
0.548472
0.55395
0.495339
0.349329
0.181034
0.021876
0.0
0.0
0.0
0.0
0.0
0.0
0.0
0.0
0.0
0.0
0.0
0.0
0.0
0.0
0.012542999999999999
0.153312
0.336445
0.47336
0.557703
0.568255
0.504853
0.358589
0.187664
0.02629
0.0
0.0
0.0
0.0
0.0
0.0
0.0
0.0
0.0
0.0
0.0
0.0
0.0
0.0
0.013925
0.159029
0.345686
0.485477
0.568583
0.574153
0.509962
0.36361
0.192811
0.02925
0.0
0.0
0.0
0.0
0.0
0.0
0.0
0.0
0.0
0.0
0.0
0.0
0.0
0.0
0.000535
0.024612
0.07067
0.123997
0.171036
0.316191
0.370591
0.33460700000000004
0.141111
0.016497
0.0
0.0
0.0
0.0
0.0
0.0
0.0
0.0
0.0
0.0
0.0
0.0
0.0
0.0
0.015522000000000001
0.138377
0.21820699999999998
0.239397
0.176391
0.176912
0.155522
0.11452
0.060016
0.010825
0.0
0.0
0.0
0.0
0.0
0.0
0.0
0.0
0.0
0.0
0.0
0.0
0.0
0.0
0.006969
0.054843
0.09150499999999999
0.101983
0.087551
0.087907
0.076655
0.056087000000000005
0.029710999999999998
0.004353
0.0
0.0
0.0
0.0
0.0
0.0
0.0
0.0
0.0
0.0
0.0
0.0
0.0
0.0
0.002069
0.027309999999999997
0.073601
0.128303
0.178209
0.150287
0.105723
0.057631
0.030372
0.0050739999999999995
0.0
0.0
0.0
0.0
0.0
0.0
0.0
0.0
0.0
0.0
0.0
0.0
0.0
0.0
0.002904
0.028536000000000002
0.0571
0.079625
0.092321
0.093027
0.081199
0.060342
0.032572000000000004
0.006019999999999999
0.0
0.0
0.0
0.0
0.0
0.0
0.0
0.0
0.0
0.0
0.0
0.0
0.0
0.0
0.003715
0.029407
0.058176
0.08045699999999999
0.093158
0.093784
0.08297
0.061377
0.033386000000000006
0.006051
0.0
0.0
0.0
0.0
0.0
0.0
0.0
0.0
0.0
0.0
0.0
0.0
0.0
0.0
0.004495
0.031058
0.059633000000000005
0.082053
0.093469
0.094075
0.083348
0.061835
0.034145
0.006824
0.0
0.0
0.0
0.0
0.0
0.0
0.0
0.0
0.0
0.0
0.0
0.0
0.0
0.0
0.0052439999999999995
0.031786
0.060316
0.082401
0.094808
0.094769
0.084107
0.063239
0.034682000000000004
0.0075049999999999995
0.0
0.0
0.0
0.0
0.0
0.0
0.0
0.0
0.0
0.0
0.0
0.0
0.0
0.0
0.005972000000000001
0.032329000000000004
0.060554000000000004
0.08268600000000001
0.095333
0.09603
0.08517100000000001
0.063908
0.03627300000000001
0.008279
0.0
0.0
0.0
0.0
0.0
0.0
0.0
0.0
0.0
0.0
0.0
0.0
0.0
0.0
0.01882
0.095491
0.172113
0.205237
0.203019
0.190477
0.169319
0.12817900000000002
0.07001
0.018031
0.0
0.0
0.0
0.0
0.0
0.0
0.0
0.0
0.0
0.0
0.0
0.0
0.0
0.0
0.015015
0.065724
0.121004
0.167951
0.188306
0.19035
0.16909200000000002
0.126875
0.071264
0.018729
0.0
0.0
0.0
0.0
0.0
0.0
0.0
0.0
0.0
0.0
0.0
0.0
0.0
0.0
0.048790999999999994
0.212053
0.37277899999999997
0.494977
0.593394
0.601035
0.507265
0.385019
0.21882200000000002
0.053588000000000004
0.0
0.0
0.0
0.0
0.0
0.0
0.0
0.0
0.0
0.0
0.0
0.0
0.0
0.0
0.050254
0.210105
0.349742
0.433691
0.461262
0.364827
0.26297000000000004
0.129708
0.096589
0.034383000000000004
0.0
0.0
0.0
0.0
0.0
0.0
0.0
0.0
0.0
0.0
0.0
0.0
0.0
0.0
0.048769
0.22610400000000003
0.364334
0.406178
0.304212
0.423894
0.45447899999999997
0.37742200000000004
0.233815
0.063937
0.0
0.0
0.0
0.0
0.0
0.0
0.0
0.0
0.0
0.0
0.0
0.0
0.0
0.0
0.024436
0.07533
0.13234700000000002
0.17563399999999998
0.201206
0.20264400000000002
0.179868
0.13508799999999999
0.078405
0.024148
0.0
0.0
0.0
0.0
0.0
0.0
0.0
0.0
0.0
0.0
0.0
0.0
0.0
0.0
0.029376000000000003
0.113431
0.183891
0.203278
0.199629
0.16844599999999998
0.118702
0.066838
0.053061
0.020973
0.0
0.0
0.0
0.0
0.0
0.0
0.0
0.0
0.0
0.0
0.0
0.0
0.0
0.0
0.068022
0.242696
0.410264
0.534628
0.598811
0.5958709999999999
0.519836
0.413054
0.246384
0.074393
0.0
0.0
0.0
0.0
0.0
0.0
0.0
0.0
0.0
0.0
0.0
0.0
0.0
0.0
0.011535
0.040172
0.264469
0.486117
0.603829
0.6042430000000001
0.514404
0.368498
0.226222
0.068327
0.0
0.0
0.0
0.0
0.0
0.0
0.0
0.0
0.0
0.0
0.0
0.0
0.0
0.0
0.015368999999999999
0.041858
0.070938
0.09305500000000001
0.340478
0.499552
0.536766
0.435539
0.261012
0.083705
0.0005470000000000001
0.0
0.0
0.0
0.0
0.0
0.0
0.0
0.0
0.0
0.0
0.0
0.0
0.0
0.013141
0.042593000000000006
0.072157
0.093283
0.105945
0.142131
0.15609399999999998
0.143987
0.134226
0.056360999999999994
0.000535
0.0
0.0
0.0
0.0
0.0
0.0
0.0
0.0
0.0
0.0
0.0
0.0
0.0
0.025474
0.08923
0.299097
0.5110830000000001
0.621469
0.6305499999999999
0.566761
0.43849
0.26427100000000003
0.08805500000000001
0.001379
0.0
0.0
0.0
0.0
0.0
0.0
0.0
0.0
0.0
0.0
0.0
0.0
0.001589
0.098482
0.26792
0.438359
0.505451
0.427349
0.35237
0.260775
0.14599600000000001
0.102862
0.042220999999999995
0.0
0.0
0.0
0.0
0.0
0.0
0.0
0.0
0.0
0.0
0.0
0.0
0.0
0.0
0.038578
0.092096
0.149205
0.19231700000000002
0.227529
0.227993
0.196011
0.152459
0.09294799999999999
0.033607
0.0
0.0
0.0
0.0
0.0
0.0
0.0
0.0
0.0
0.0
0.0
0.0
0.0
0.0
0.023774999999999998
0.047673
0.076592
0.09925400000000001
0.11147
0.149255
0.166643
0.155115
0.09567700000000001
0.035521000000000004
0.0
0.0
0.0
0.0
0.0
0.0
0.0
0.0
0.0
0.0
0.0
0.0
0.0
0.0026030000000000003
0.075291
0.151797
0.349892
0.538216
0.625938
0.638113
0.567453
0.423209
0.27002800000000005
0.09933499999999999
0.002852
0.0
0.0
0.0
0.0
0.0
0.0
0.0
0.0
0.0
0.0
0.0
0.0
0.0
0.019132000000000003
0.049795
0.078536
0.10033700000000001
0.111305
0.11112999999999999
0.099054
0.076538
0.048170000000000004
0.017872
0.0
0.0
0.0
0.0
0.0
0.0
0.0
0.0
0.0
0.0
0.0
0.0
0.0
0.0
0.027228000000000002
0.049963
0.106142
0.169298
0.222831
0.186453
0.13425700000000002
0.07765999999999999
0.048693
0.018535
0.0
0.0
0.0
0.0
0.0
0.0
0.0
0.0
0.0
0.0
0.0
0.0
0.0
0.0
0.035819000000000004
0.103935
0.16159700000000002
0.21569999999999998
0.238524
0.23849
0.213979
0.16021000000000002
0.10143200000000001
0.040540999999999994
0.000184
0.0
0.0
0.0
0.0
0.0
0.0
0.0
0.0
0.0
0.0
0.0
0.0
0.00023999999999999998
0.037718
0.106084
0.13757
0.13940799999999998
0.11488
0.15418600000000002
0.171893
0.161582
0.102562
0.04233
0.0010580000000000001
0.0
0.0
0.0
0.0
0.0
0.0
0.0
0.0
0.0
0.0
0.0
0.0
0.007292
0.076762
0.169546
0.25955
0.322836
0.355645
0.31860000000000005
0.244135
0.16554
0.106999
0.044237
0.001312
0.0
0.0
0.0
0.0
0.0
0.0
0.0
0.0
0.0
0.0
0.0
0.0
0.007599
0.09612699999999999
0.262949
0.38164600000000004
0.466994
0.473417
0.473224
0.442243
0.33825
0.208488
0.086464
0.006141
0.0
0.0
0.0
0.0
0.0
0.0
0.0
0.0
0.0
0.0
0.0
0.0
0.005487
0.052232999999999995
0.11441
0.17308
0.22784000000000001
0.250843
0.197727
0.142602
0.084136
0.054174
0.022771
0.0
0.0
0.0
0.0
0.0
0.0
0.0
0.0
0.0
0.0
0.0
0.0
0.0
0.006266
0.053653
0.117123
0.17528
0.230815
0.252762
0.25412
0.227902
0.17299199999999998
0.094378
0.032784999999999995
0.0
0.0
0.0
0.0
0.0
0.0
0.0
0.0
0.0
0.0
0.0
0.0
0.0
0.020943999999999997
0.129769
0.24273
0.336497
0.373162
0.373834
0.372596
0.33699
0.27132999999999996
0.14980000000000002
0.05907
0.00395
0.0
0.0
0.0
0.0
0.0
0.0
0.0
0.0
0.0
0.0
0.0
0.0
0.021762
0.10581600000000001
0.12670099999999998
0.18931800000000001
0.229497
0.252016
0.288109
0.304473
0.272532
0.222584
0.112496
0.01488
0.0
0.0
0.0
0.0
0.0
0.0
0.0
0.0
0.0
0.0
0.0
0.0
0.0030299999999999997
0.030962
0.063867
0.094384
0.11598900000000001
0.126026
0.125052
0.112511
0.088842
0.078398
0.04444
0.005465
0.0
0.0
0.0
0.0
0.0
0.0
0.0
0.0
0.0
0.0
0.0
0.0
0.01115
0.092675
0.255121
0.42222899999999997
0.555849
0.64447
0.627297
0.541663
0.417204
0.266221
0.118135
0.016565999999999997
0.0
0.0
0.0
0.0
0.0
0.0
0.0
0.0
0.0
0.0
0.0
0.0
0.027774999999999998
0.12148600000000001
0.198896
0.288284
0.347498
0.372676
0.372944
0.33432
0.275699
0.183818
0.080264
0.011359
0.0
0.0
0.0
0.0
0.0
0.0
0.0
0.0
0.0
0.0
0.0
0.0
0.011053
0.076889
0.199327
0.27360399999999996
0.319034
0.32494
0.287811
0.244172
0.18211000000000002
0.123261
0.057174
0.007736
0.0
0.0
0.0
0.0
0.0
0.0
0.0
0.0
0.0
0.0
0.0
0.0
0.00594
0.034192
0.068125
0.12958699999999998
0.19762200000000002
0.256513
0.292478
0.31556799999999996
0.27494
0.142893
0.048917999999999996
0.002812
0.0
0.0
0.0
0.0
0.0
0.0
0.0
0.0
0.0
0.0
0.0
0.0
0.020806
0.102595
0.235018
0.377454
0.503212
0.594908
0.52977
0.410941
0.277606
0.199464
0.09768399999999999
0.018959
0.0
0.0
0.0
0.0
0.0
0.0
0.0
0.0
0.0
0.0
0.0
0.0
0.011237
0.061054000000000004
0.139376
0.226952
0.32466199999999995
0.395657
0.35352100000000003
0.267861
0.185821
0.144505
0.077653
0.016084
0.0
0.0
0.0
0.0
0.0
0.0
0.0
0.0
0.0
0.0
0.0
0.0
0.038207
0.09767100000000001
0.071133
0.101522
0.122931
0.13308
0.17622100000000002
0.197156
0.18773099999999998
0.12745399999999998
0.061654
0.010945
0.0
0.0
0.0
0.0
0.0
0.0
0.0
0.0
0.0
0.0
0.0
0.0
0.024662
0.10094299999999999
0.215538
0.367433
0.505616
0.608816
0.498603
0.351412
0.190183
0.209333
0.127357
0.029196000000000003
0.0
0.0
0.0
0.0
0.0
0.0
0.0
0.0
0.0
0.0
0.0
0.0
0.054640999999999995
0.207975
0.396096
0.553187
0.6577000000000001
0.662474
0.653355
0.5898479999999999
0.47016
0.27375700000000003
0.099735
0.012392
0.0
0.0
0.0
0.0
0.0
0.0
0.0
0.0
0.0
0.0
0.0
0.0
0.053496
0.17514
0.271108
0.345774
0.33114699999999997
0.265095
0.22133699999999998
0.16164099999999998
0.097259
0.066428
0.032015
0.005031
0.0
0.0
0.0
0.0
0.0
0.0
0.0
0.0
0.0
0.0
0.0
0.0
0.025204
0.083176
0.14895599999999998
0.23765
0.333204
0.395644
0.352203
0.26991899999999996
0.191327
0.130811
0.06571500000000001
0.013715999999999999
0.0
0.0
0.0
0.0
0.0
0.0
0.0
0.0
0.0
0.0
0.0
0.0
0.044731
0.13367500000000002
0.220318
0.367905
0.504175
0.60303
0.541751
0.409563
0.28346499999999997
0.196629
0.09554900000000001
0.022405
0.0
0.0
0.0
0.0
0.0
0.0
0.0
0.0
0.0
0.0
0.0
0.000546
0.06669199999999999
0.223189
0.40286500000000003
0.567129
0.686295
0.740458
0.729666
0.666211
0.5332870000000001
0.354117
0.169701
0.039740000000000004
0.0
0.0
0.0
0.0
0.0
0.0
0.0
0.0
0.0
0.0
0.0
0.001028
0.06913599999999999
0.221878
0.375608
0.534336
0.657524
0.725305
0.725312
0.6436580000000001
0.516659
0.344945
0.164108
0.038345
0.0
0.0
0.0
0.0
0.0
0.0
0.0
0.0
0.0
0.0
0.0
0.0014930000000000002
0.070979
0.224398
0.39841000000000004
0.5424840000000001
0.639664
0.6996420000000001
0.68335
0.596839
0.452732
0.31023
0.150125
0.036113
0.0
0.0
0.0
0.0
0.0
0.0
0.0
0.0
0.0
0.0
0.0
0.002027
0.069865
0.145565
0.079886
0.144288
0.213461
0.27187900000000004
0.283312
0.253667
0.19940799999999997
0.11643600000000001
0.049064
0.007996
0.0
0.0
0.0
0.0
0.0
0.0
0.0
0.0
0.0
0.0
0.0
0.002555
0.080402
0.237843
0.394247
0.5177630000000001
0.559782
0.541946
0.456738
0.337401
0.20385599999999998
0.141071
0.07500799999999999
0.019472999999999997
0.0
0.0
0.0
0.0
0.0
0.0
0.0
0.0
0.0
0.0
0.0
0.001591
0.059878999999999995
0.155832
0.24229599999999998
0.337904
0.400441
0.413468
0.36707799999999996
0.28275599999999995
0.203241
0.119717
0.050365
0.008461999999999999
0.0
0.0
0.0
0.0
0.0
0.0
0.0
0.0
0.0
0.0
0.0
8.2e-05
0.037488999999999995
0.10006399999999999
0.167604
0.25724400000000003
0.352645
0.42977499999999996
0.417228
0.389825
0.315953
0.168937
0.066297
0.009928000000000001
0.0
0.0
0.0
0.0
0.0
0.0
0.0
0.0
0.0
0.0
0.0
0.005973
0.078298
0.18962299999999999
0.250556
0.36711099999999997
0.461149
0.555471
0.547338
0.48035300000000003
0.391097
0.27657
0.143072
0.040722
0.0
0.0
0.0
0.0
0.0
0.0
0.0
0.0
0.0
0.0
0.0
0.003307
0.057675
0.150531
0.251253
0.260821
0.225698
0.146215
0.145411
0.130943
0.10707699999999999
0.075112
0.040525
0.010555
0.0
0.0
0.0
0.0
0.0
0.0
0.0
0.0
0.0
0.0
0.0
0.001456
0.041326
0.10291700000000001
0.167305
0.222298
0.26161599999999996
0.28019499999999997
0.275895
0.259426
0.21299600000000002
0.214253
0.141702
0.048479999999999995
0.0
0.0
0.0
0.0
0.0
0.0
0.0
0.0
0.0
0.0
0.0
0.0
0.020322
0.052987
0.08715099999999999
0.115626
0.135542
0.14475
0.142665
0.128748
0.105146
0.07498600000000001
0.040899
0.010955999999999999
0.0
0.0
0.0
0.0
0.0
0.0
0.0
0.0
0.0
0.0
0.0
0.003092
0.044635
0.10794100000000001
0.174108
0.45989800000000003
0.65631
0.733034
0.7293769999999999
0.667941
0.549217
0.381461
0.199334
0.058685
0.00040300000000000004
0.0
0.0
0.0
0.0
0.0
0.0
0.0
0.0
0.0
0.0
0.009637
0.087627
0.235602
0.407451
0.5398869999999999
0.634075
0.6720259999999999
0.657188
0.6271230000000001
0.521159
0.374832
0.191462
0.055602
0.000314
0.0
0.0
0.0
0.0
0.0
0.0
0.0
0.0
0.0
0.0
0.011071
0.077346
0.17361600000000002
0.258361
0.262487
0.225456
0.14652500000000002
0.29248399999999997
0.384467
0.393973
0.26083300000000004
0.131637
0.039542
0.0
0.0
0.0
0.0
0.0
0.0
0.0
0.0
0.0
0.0
0.0
0.0013009999999999999
0.023674
0.057322000000000005
0.091741
0.120073
0.14002
0.148709
0.239891
0.30592
0.309055
0.219267
0.121218
0.040443
0.0
0.0
0.0
0.0
0.0
0.0
0.0
0.0
0.0
0.0
0.0
0.006223
0.050239
0.113985
0.178142
0.37805099999999997
0.563356
0.692389
0.672732
0.618304
0.5062
0.37647800000000003
0.204396
0.064103
0.001619
0.0
0.0
0.0
0.0
0.0
0.0
0.0
0.0
0.0
0.0
0.006936
0.051533
0.114815
0.179244
0.197349
0.184203
0.147945
0.19275399999999998
0.21985300000000002
0.212697
0.19687200000000002
0.133359
0.053023
0.001247
0.0
0.0
0.0
0.0
0.0
0.0
0.0
0.0
0.0
0.0
0.007667
0.06765
0.181674
0.333205
0.44659
0.516938
0.547644
0.49600700000000003
0.417196
0.31101100000000004
0.196536
0.10069
0.030667000000000003
0.0
0.0
0.0
0.0
0.0
0.0
0.0
0.0
0.0
0.0
0.0
0.008575
0.070063
0.18774000000000002
0.3419
0.418391
0.451369
0.440496
0.425185
0.394327
0.325885
0.201284
0.10407899999999999
0.032059
0.0
0.0
0.0
0.0
0.0
0.0
0.0
0.0
0.0
0.0
0.0
0.002852
0.037823999999999997
0.10226
0.18678999999999998
0.242321
0.28082100000000004
0.298359
0.338225
0.358991
0.33597699999999997
0.296871
0.18835
0.070509
0.002516
0.0
0.0
0.0
0.0
0.0
0.0
0.0
0.0
0.0
0.0
0.010986000000000001
0.081943
0.223531
0.39925
0.502537
0.5510660000000001
0.562569
0.5842240000000001
0.546852
0.488693
0.296114
0.135018
0.034969
0.00134
0.0
0.0
0.0
0.0
0.0
0.0
0.0
0.0
0.0
0.0
0.028117
0.119307
0.244032
0.348875
0.394269
0.377681
0.299879
0.225876
0.13777099999999998
0.114105
0.08274200000000001
0.048138
0.016437
0.0
0.0
0.0
0.0
0.0
0.0
0.0
0.0
0.0
0.0
0.0
0.032943
0.150448
0.334563
0.501589
0.638674
0.7323099999999999
0.77918
0.7587889999999999
0.687492
0.579203
0.416433
0.21914699999999998
0.066615
0.004915
0.0
0.0
0.0
0.0
0.0
0.0
0.0
0.0
0.0
0.0
0.034029000000000004
0.149231
0.32942899999999997
0.496527
0.631943
0.720283
0.762026
0.7457140000000001
0.65947
0.5264759999999999
0.352116
0.178691
0.056926000000000004
0.003986
0.0
0.0
0.0
0.0
0.0
0.0
0.0
0.0
0.0
0.0
0.016019
0.05947
0.094221
0.105244
0.133106
0.151692
0.160945
0.259881
0.318729
0.34877800000000003
0.23106200000000002
0.12437000000000001
0.044039999999999996
0.005874
0.0
0.0
0.0
0.0
0.0
0.0
0.0
0.0
0.0
0.0
0.037332000000000004
0.14538399999999999
0.261926
0.302159
0.38431
0.423566
0.443671
0.435875
0.398597
0.344187
0.252465
0.152431
0.061914000000000004
0.006534
0.0
0.0
0.0
0.0
0.0
0.0
0.0
0.0
0.0
0.0
0.026503
0.092387
0.162996
0.205715
0.296248
0.39369400000000004
0.46457600000000004
0.40619099999999997
0.320727
0.23433400000000001
0.25443899999999997
0.191925
0.082675
0.010157
0.0
0.0
0.0
0.0
0.0
0.0
0.0
0.0
0.0
0.0
0.019194
0.07415300000000001
0.139099
0.20236600000000002
0.28862400000000005
0.376776
0.427607
0.35381799999999997
0.231322
0.119241
0.08966500000000001
0.056478
0.023124
0.00369
0.0
0.0
0.0
0.0
0.0
0.0
0.0
0.0
0.0
0.0
0.037877
0.123033
0.167463
0.107251
0.135363
0.1546
0.163125
0.319731
0.421686
0.443905
0.309423
0.173709
0.067887
0.01013
0.0
0.0
0.0
0.0
0.0
0.0
0.0
0.0
0.0
0.0
0.030813
0.098878
0.16866399999999998
0.20933600000000002
0.348129
0.475553
0.5823769999999999
0.5712160000000001
0.521418
0.440472
0.25865499999999997
0.113515
0.023882
0.00722
0.0
0.0
0.0
0.0
0.0
0.0
0.0
0.0
0.0
0.0
0.031981
0.099382
0.169296
0.20918899999999999
0.298332
0.39292200000000005
0.469797
0.443704
0.40631799999999996
0.34987999999999997
0.233673
0.128141
0.049235
0.0050940000000000004
0.0
0.0
0.0
0.0
0.0
0.0
0.0
0.0
0.0
0.0
0.021995
0.065696
0.09833499999999999
0.105995
0.132905
0.15035300000000001
0.157924
0.206057
0.232382
0.240446
0.14912899999999998
0.075736
0.023981000000000002
0.0023740000000000002
0.0
0.0
0.0
0.0
0.0
0.0
0.0
0.0
0.0
0.0
0.034226999999999994
0.102227
0.170573
0.210285
0.299031
0.390786
0.46403500000000003
0.438514
0.395837
0.349613
0.233686
0.129652
0.050621
0.00657
0.0
0.0
0.0
0.0
0.0
0.0
0.0
0.0
0.0
0.0
0.047363
0.163179
0.32161
0.44314600000000004
0.582086
0.683065
0.7339629999999999
0.736294
0.6879919999999999
0.5881040000000001
0.43738
0.25995999999999997
0.10273399999999999
0.019037
0.0
0.0
0.0
0.0
0.0
0.0
0.0
0.0
0.0
0.0
0.010831
0.069007
0.169146
0.305709
0.38255900000000004
0.422719
0.445673
0.406007
0.323591
0.240687
0.18709399999999998
0.117681
0.054100999999999996
0.014761
0.0
0.0
0.0
0.0
0.0
0.0
0.0
0.0
0.0
6.500000000000001e-05
0.04859599999999999
0.15191
0.28011
0.39249700000000004
0.461173
0.480068
0.465815
0.451052
0.412076
0.35895499999999997
0.270671
0.16770400000000002
0.07596800000000001
0.018701
0.0
0.0
0.0
0.0
0.0
0.0
0.0
0.0
0.0
0.0
0.026966
0.07207
0.105469
0.112531
0.228056
0.35856
0.47294600000000003
0.548575
0.554749
0.517744
0.382305
0.236935
0.100371
0.021459
0.0
0.0
0.0
0.0
0.0
0.0
0.0
0.0
0.0
8.400000000000001e-05
0.028149
0.08618899999999999
0.151476
0.213572
0.225249
0.206042
0.16330099999999997
0.16040000000000001
0.147202
0.12455200000000001
0.126781
0.101492
0.055711
0.013282
0.0
0.0
0.0
0.0
0.0
0.0
0.0
0.0
0.0
0.0
0.028432
0.071765
0.102351
0.108878
0.178535
0.246871
0.30463999999999997
0.301131
0.275656
0.233435
0.180438
0.116945
0.055225
0.011521
0.0
0.0
0.0
0.0
0.0
0.0
0.0
0.0
0.0
0.0
0.028488
0.084839
0.150719
0.210195
0.260532
0.293117
0.304234
0.30413799999999996
0.279644
0.24526499999999998
0.188703
0.11939
0.056799999999999996
0.010199999999999999
0.0
0.0
0.0
0.0
0.0
0.0
0.0
0.0
0.0
0.0
0.013967
0.044731
0.079076
0.10963200000000001
0.136078
0.152064
0.158799
0.254139
0.313827
0.345567
0.30270400000000003
0.21327000000000002
0.101732
0.025635
0.0
0.0
0.0
0.0
0.0
0.0
0.0
0.0
0.0
0.0
0.013718999999999999
0.058485
0.12673
0.214361
0.264266
0.297182
0.311156
0.30600299999999997
0.281152
0.23130099999999998
0.178092
0.11778799999999999
0.057388
0.011619999999999998
0.0
0.0
0.0
0.0
0.0
0.0
0.0
0.0
0.0
0.0
0.046878
0.14804599999999998
0.27363099999999996
0.396223
0.49435500000000004
0.560745
0.5896699999999999
0.579741
0.532068
0.453551
0.29953199999999996
0.160745
0.060924
0.012598000000000002
0.0
0.0
0.0
0.0
0.0
0.0
0.0
0.0
0.0
0.0
0.045088
0.131781
0.259187
0.39467899999999995
0.460033
0.491887
0.466265
0.48849400000000004
0.497751
0.441244
0.33221100000000003
0.21107599999999999
0.096846
0.024203
0.0
0.0
0.0
0.0
0.0
0.0
0.0
0.0
0.0
0.0022519999999999997
0.057072000000000005
0.179416
0.336474
0.473294
0.520005
0.460495
0.315045
0.341933
0.36578
0.33522
0.264612
0.173383
0.083651
0.018058
0.0
0.0
0.0
0.0
0.0
0.0
0.0
0.0
0.0
0.001875
0.060069000000000004
0.17697200000000002
0.30996300000000004
0.40238999999999997
0.430711
0.40249599999999996
0.316712
0.36857999999999996
0.38054899999999997
0.362363
0.301315
0.205583
0.103347
0.031236
0.0
0.0
0.0
0.0
0.0
0.0
0.0
0.0
0.0
0.002847
0.060939
0.18056899999999998
0.342815
0.488836
0.616768
0.702057
0.747579
0.736193
0.6533260000000001
0.53334
0.375513
0.214529
0.085762
0.026914999999999998
0.0
0.0
0.0
0.0
0.0
0.0
0.0
0.0
0.0
0.0037099999999999998
0.062683
0.18646000000000001
0.345592
0.48294099999999995
0.5603790000000001
0.588465
0.559682
0.516166
0.442134
0.343839
0.32764800000000005
0.24449600000000002
0.120796
0.031082000000000002
0.0
0.0
0.0
0.0
0.0
0.0
0.0
0.0
0.0
0.003661
0.060020000000000004
0.176999
0.347177
0.511901
0.6395810000000001
0.719293
0.7507619999999999
0.684845
0.5009
0.254013
0.19006499999999998
0.12776099999999999
0.064932
0.01272
0.0
0.0
0.0
0.0
0.0
0.0
0.0
0.0
0.0
0.004256
0.064389
0.189607
0.354553
0.497762
0.609231
0.675572
0.682956
0.635135
0.537082
0.413416
0.28675900000000004
0.16122
0.06832099999999999
0.022663
0.0
0.0
0.0
0.0
0.0
0.0
0.0
0.0
0.0
0.004022
0.052301
0.132026
0.23140100000000002
0.330849
0.397466
0.447898
0.46453500000000003
0.457608
0.427284
0.374623
0.35802100000000003
0.26166
0.13199
0.036156
0.0
0.0
0.0
0.0
0.0
0.0
0.0
0.0
0.0
0.006058
0.067328
0.19010400000000002
0.326659
0.40252699999999997
0.461217
0.493685
0.47767000000000004
0.504022
0.505045
0.462906
0.332103
0.20353100000000002
0.094654
0.026169
0.0
0.0
0.0
0.0
0.0
0.0
0.0
0.0
0.0
0.006954
0.067366
0.190732
0.342754
0.461792
0.49424900000000005
0.454814
0.322474
0.317173
0.29364
0.25995999999999997
0.223836
0.17152199999999998
0.09564700000000001
0.021735
0.0
0.0
0.0
0.0
0.0
0.0
0.0
0.0
0.0
0.0028580000000000003
0.038689999999999995
0.09720000000000001
0.162196
0.222957
0.272329
0.30515699999999996
0.323129
0.31669400000000003
0.292845
0.259369
0.168114
0.092914
0.035933
0.012128
0.0
0.0
0.0
0.0
0.0
0.0
0.0
0.0
0.0
0.0010580000000000001
0.038060000000000004
0.09594799999999999
0.160669
0.219699
0.22692099999999998
0.20778899999999997
0.165949
0.267235
0.332052
0.364259
0.281472
0.187536
0.096637
0.028635
0.0
0.0
0.0
0.0
0.0
0.0
0.0
0.0
0.0
0.002954
0.038945999999999995
0.09643399999999999
0.160408
0.221138
0.26946499999999995
0.310149
0.326783
0.371301
0.380492
0.361465
0.307042
0.217185
0.113206
0.033881999999999995
0.0
0.0
0.0
0.0
0.0
0.0
0.0
0.0
0.0
0.001841
0.039198000000000004
0.11156100000000001
0.211029
0.320116
0.403966
0.455083
0.475881
0.472693
0.43629399999999996
0.370192
0.286388
0.19102699999999997
0.10034
0.030658
0.0
0.0
0.0
0.0
0.0
0.0
0.0
0.0
0.0
0.00903
0.070326
0.193154
0.306358
0.317767
0.373695
0.423498
0.447762
0.407134
0.340723
0.256445
0.202172
0.138909
0.074547
0.025706
0.0
0.0
0.0
0.0
0.0
0.0
0.0
0.0
0.0
0.003262
0.040375
0.145832
0.31851999999999997
0.507116
0.552164
0.494234
0.33888799999999997
0.380332
0.394786
0.378392
0.26333
0.159054
0.075833
0.025966999999999997
0.0
0.0
0.0
0.0
0.0
0.0
0.0
0.0
0.0
0.004664
0.056146
0.135981
0.233106
0.326389
0.390246
0.434456
0.459984
0.37055
0.247582
0.13306
0.171871
0.158977
0.10314799999999999
0.039352
0.0
0.0
0.0
0.0
0.0
0.0
0.0
0.0
0.0
0.00391
0.055338
0.15232099999999998
0.295909
0.4501
0.518258
0.5127670000000001
0.46923200000000004
0.49572000000000005
0.506521
0.45822399999999996
0.37507
0.259084
0.13124100000000002
0.041599
0.0
0.0
0.0
0.0
0.0
0.0
0.0
0.0
0.0
0.009766
0.066056
0.202309
0.37444299999999997
0.520654
0.643525
0.71101
0.7143769999999999
0.681038
0.6048129999999999
0.508579
0.399712
0.263309
0.128963
0.042012999999999995
0.0
0.0
0.0
0.0
0.0
0.0
0.0
0.0
0.0
0.009630000000000001
0.064093
0.200652
0.37329
0.519135
0.639364
0.700365
0.7018949999999999
0.6841670000000001
0.6429210000000001
0.557352
0.44832299999999997
0.30162700000000003
0.140927
0.041399
0.00022600000000000002
0.0
0.0
0.0
0.0
0.0
0.0
0.0
0.0
0.000132
0.01909
0.082482
0.18585400000000002
0.317564
0.505865
0.6641090000000001
0.750133
0.749487
0.698704
0.603407
0.43351
0.247649
0.102127
0.037006
0.0
0.0
0.0
0.0
0.0
0.0
0.0
0.0
0.0
0.0026379999999999997
0.04022
0.09801
0.161615
0.220733
0.391389
0.5499339999999999
0.664652
0.576385
0.43061200000000005
0.254603
0.17186400000000002
0.09653400000000001
0.039465
0.015816
0.0
0.0
0.0
0.0
0.0
0.0
0.0
0.0
0.0
0.010563000000000001
0.064369
0.185632
0.26962400000000003
0.220952
0.346277
0.45743
0.547856
0.530706
0.479805
0.425962
0.362442
0.25720299999999996
0.13278299999999998
0.042067
0.000691
0.0
0.0
0.0
0.0
0.0
0.0
0.0
0.0
0.010319
0.064036
0.19344
0.359515
0.504144
0.583596
0.560627
0.45600999999999997
0.535314
0.545418
0.519726
0.438855
0.303053
0.144019
0.042817999999999995
0.000203
0.0
0.0
0.0
0.0
0.0
0.0
0.0
0.0
0.009342000000000001
0.063382
0.168617
0.313886
0.45069
0.514092
0.50874
0.461935
0.497096
0.49713999999999997
0.45078199999999996
0.347719
0.23404499999999998
0.121436
0.044536
0.000247
0.0
0.0
0.0
0.0
0.0
0.0
0.0
0.0
0.005296
0.020079999999999997
0.051005
0.084596
0.11554900000000001
0.18639599999999998
0.25801999999999997
0.31439100000000003
0.370529
0.385358
0.37030399999999997
0.397807
0.30414800000000003
0.14979900000000002
0.044825000000000004
0.001221
0.0
0.0
0.0
0.0
0.0
0.0
0.0
0.0
0.009930999999999999
0.068172
0.203028
0.37980200000000003
0.5390349999999999
0.661144
0.742752
0.775279
0.772547
0.714722
0.615358
0.478896
0.31556900000000004
0.14952600000000002
0.044700000000000004
0.001193
0.0
0.0
0.0
0.0
0.0
0.0
0.0
0.0
0.0039900000000000005
0.020028999999999998
0.123639
0.293786
0.491831
0.626027
0.721438
0.7652749999999999
0.751764
0.708269
0.6105309999999999
0.48068099999999997
0.31948000000000004
0.152086
0.045677999999999996
0.001194
0.0
0.0
0.0
0.0
0.0
0.0
0.0
0.0
0.003935
0.040453
0.09853400000000001
0.163406
0.222464
0.39661799999999997
0.5470130000000001
0.664156
0.673452
0.6443730000000001
0.5769569999999999
0.449877
0.30007999999999996
0.146341
0.046437
0.001193
0.0
0.0
0.0
0.0
0.0
0.0
0.0
0.0
0.010512
0.066922
0.196279
0.364289
0.515664
0.627058
0.6969869999999999
0.717354
0.69196
0.617888
0.522976
0.37291199999999997
0.227109
0.106163
0.033996000000000005
0.0
0.0
0.0
0.0
0.0
0.0
0.0
0.0
0.0
0.009663999999999999
0.062473
0.196303
0.361754
0.493606
0.5750449999999999
0.5516319999999999
0.444444
0.445804
0.41559500000000005
0.358433
0.30727499999999996
0.224295
0.12681699999999999
0.045445
0.001111
0.0
0.0
0.0
0.0
0.0
0.0
0.0
0.0
0.009458
0.06338300000000001
0.194906
0.366454
0.513598
0.62348
0.695395
0.698828
0.670387
0.578736
0.45425
0.332493
0.216129
0.108464
0.043886
0.000292
0.0
0.0
0.0
0.0
0.0
0.0
0.0
0.0
0.009687
0.069334
0.199763
0.375289
0.5264260000000001
0.639632
0.703639
0.734124
0.700268
0.633927
0.536179
0.43427699999999997
0.298336
0.14790899999999998
0.046325000000000005
0.00029
0.0
0.0
0.0
0.0
0.0
0.0
0.0
0.0
0.006991
0.061072
0.143683
0.207501
0.225929
0.30656900000000004
0.40172399999999997
0.472448
0.418088
0.352036
0.259854
0.176197
0.099787
0.041826999999999996
0.012921
0.0
0.0
0.0
0.0
0.0
0.0
0.0
0.0
0.0
0.001267
0.019176
0.049978
0.084201
0.115182
0.140683
0.15793100000000002
0.16666999999999998
0.166276
0.153442
0.134906
0.141608
0.122182
0.080871
0.027702
0.0
0.0
0.0
0.0
0.0
0.0
0.0
0.0
0.0
1e-06
0.019072
0.049755
0.082827
0.113605
0.139339
0.158168
0.166329
0.164386
0.152681
0.133977
0.10599299999999999
0.074514
0.041533
0.012759
0.0
0.0
0.0
0.0
0.0
0.0
0.0
0.0
0.0
0.0
0.018302
0.049758000000000004
0.082783
0.113528
0.182645
0.252538
0.310704
0.4535
0.5186660000000001
0.516652
0.37724799999999997
0.23122
0.109345
0.044537999999999994
0.00074
0.0
0.0
0.0
0.0
0.0
0.0
0.0
0.0
0.0
0.018233
0.048662
0.08133599999999999
0.11117700000000001
0.18098
0.250268
0.30780399999999997
0.413034
0.458796
0.456181
0.377469
0.26840600000000003
0.140534
0.047552
0.000246
0.0
0.0
0.0
0.0
0.0
0.0
0.0
0.0
0.002764
0.037579999999999995
0.093216
0.15512399999999998
0.213578
0.262529
0.29828899999999997
0.31445999999999996
0.446704
0.51609
0.5210309999999999
0.391091
0.254266
0.125899
0.045575000000000004
0.000246
0.0
0.0
0.0
0.0
0.0
0.0
0.0
0.0
0.005051
0.057326999999999996
0.137131
0.197626
0.217387
0.260441
0.305641
0.32219600000000004
0.362433
0.381072
0.37077899999999997
0.261857
0.160174
0.07894899999999999
0.022659
0.0
0.0
0.0
0.0
0.0
0.0
0.0
0.0
0.0
0.006749
0.06016
0.179727
0.337797
0.475161
0.6073419999999999
0.69982
0.741562
0.716806
0.671618
0.579881
0.412493
0.223636
0.077628
0.033925
0.0
0.0
0.0
0.0
0.0
0.0
0.0
0.0
0.0
0.007038
0.058665999999999996
0.186421
0.352742
0.48989499999999997
0.603875
0.6747519999999999
0.7121409999999999
0.6701130000000001
0.585777
0.43969600000000003
0.340149
0.234555
0.122601
0.04418
0.00098
0.0
0.0
0.0
0.0
0.0
0.0
0.0
0.0
0.0044080000000000005
0.057935
0.172685
0.342323
0.499141
0.6124059999999999
0.6752440000000001
0.6771079999999999
0.687517
0.6528999999999999
0.561956
0.44653
0.299548
0.145969
0.045896
0.0011140000000000002
0.0
0.0
0.0
0.0
0.0
0.0
0.0
0.0
0.006168
0.058496
0.18750899999999998
0.354793
0.510825
0.629201
0.713207
0.747556
0.7418250000000001
0.693138
0.602904
0.46921300000000005
0.308218
0.146642
0.044106
0.000619
0.0
0.0
0.0
0.0
0.0
0.0
0.0
0.0
0.001992
0.042895
0.091016
0.11634900000000001
0.109071
0.176232
0.248797
0.309464
0.455409
0.5236810000000001
0.524907
0.335504
0.161602
0.040850000000000004
0.012676
0.0
0.0
0.0
0.0
0.0
0.0
0.0
0.0
0.0
0.0
0.016827
0.047408
0.080774
0.110872
0.17951
0.24912299999999998
0.313606
0.323316
0.30348899999999995
0.25758
0.267909
0.220424
0.13091999999999998
0.043862000000000005
0.0
0.0
0.0
0.0
0.0
0.0
0.0
0.0
0.0
0.003052
0.049078000000000004
0.12554300000000002
0.220445
0.30833
0.34962099999999996
0.356051
0.31802600000000003
0.268218
0.20425
0.134319
0.14267
0.123157
0.081109
0.027704999999999997
0.0
0.0
0.0
0.0
0.0
0.0
0.0
0.0
0.0
0.0
0.034939
0.091694
0.154908
0.215982
0.224522
0.204716
0.166805
0.163275
0.15026
0.13216
0.141495
0.121847
0.080788
0.027181999999999998
0.0
0.0
0.0
0.0
0.0
0.0
0.0
0.0
0.0
0.002271
0.048313
0.115027
0.176565
0.21608000000000002
0.265424
0.306581
0.32504
0.558029
0.647632
0.613386
0.478165
0.313819
0.148435
0.045028
0.001194
0.0
0.0
0.0
0.0
0.0
0.0
0.0
0.0
0.001817
0.04795
0.13239099999999998
0.25486600000000004
0.38694799999999996
0.418143
0.401113
0.31681400000000004
0.266874
0.20211500000000002
0.13332400000000003
0.105718
0.07414
0.04079
0.026151
0.0
0.0
0.0
0.0
0.0
0.0
0.0
0.0
0.0
0.001297
0.044887
0.136505
0.229896
0.301651
0.348058
0.336845
0.307668
0.31516500000000003
0.299325
0.251144
0.198857
0.140904
0.07857800000000001
0.030095
0.0
0.0
0.0
0.0
0.0
0.0
0.0
0.0
0.0
0.0
0.015294
0.045817000000000004
0.078875
0.108741
0.13316399999999998
0.15315600000000001
0.16211099999999998
0.16211
0.150235
0.13148300000000002
0.234913
0.230751
0.14143899999999998
0.044975
0.000718
0.0
0.0
0.0
0.0
0.0
0.0
0.0
0.0
0.0027519999999999997
0.055441000000000004
0.175343
0.34248500000000004
0.49384100000000003
0.587033
0.5391509999999999
0.320591
0.32147699999999996
0.300841
0.255033
0.17080099999999998
0.097224
0.039799
0.029493
0.0
0.0
0.0
0.0
0.0
0.0
0.0
0.0
0.0
0.002781
0.050686999999999996
0.166015
0.28470100000000004
0.30009800000000003
0.36950700000000003
0.41141500000000003
0.442936
0.542292
0.5981000000000001
0.520208
0.345463
0.19454
0.076575
0.02462
0.0
0.0
0.0
0.0
0.0
0.0
0.0
0.0
0.0
0.0
0.042182000000000004
0.115669
0.203143
0.283671
0.395127
0.483868
0.519837
0.559793
0.568119
0.506225
0.41479000000000005
0.287636
0.13936199999999999
0.041326999999999996
0.000174
0.0
0.0
0.0
0.0
0.0
0.0
0.0
0.0
0.0016719999999999999
0.049034999999999995
0.159773
0.323689
0.476135
0.593431
0.6576810000000001
0.676524
0.678924
0.632506
0.548314
0.450932
0.304894
0.143595
0.040469
0.000134
0.0
0.0
0.0
0.0
0.0
0.0
0.0
0.0
0.0007009999999999999
0.02868
0.102294
0.222499
0.361276
0.5305850000000001
0.6625789999999999
0.734928
0.729913
0.673461
0.567299
0.434303
0.282875
0.133712
0.040097
0.0
0.0
0.0
0.0
0.0
0.0
0.0
0.0
0.0
0.0012980000000000001
0.050078000000000004
0.158955
0.303499
0.433065
0.5286259999999999
0.566458
0.576255
0.5998819999999999
0.5931259999999999
0.536372
0.453622
0.316334
0.150718
0.042997
0.0
0.0
0.0
0.0
0.0
0.0
0.0
0.0
0.0
0.0013779999999999999
0.050413
0.168667
0.34108
0.5023179999999999
0.602693
0.630993
0.580592
0.534869
0.46375099999999997
0.365225
0.29522899999999996
0.195717
0.104625
0.040487999999999996
0.0
0.0
0.0
0.0
0.0
0.0
0.0
0.0
0.0
0.0013759999999999998
0.049460000000000004
0.164652
0.33038799999999996
0.491747
0.592896
0.665356
0.63586
0.6427809999999999
0.638663
0.567033
0.403157
0.234883
0.10118300000000001
0.02846
0.0
0.0
0.0
0.0
0.0
0.0
0.0
0.0
0.0
0.0
0.026826
0.091861
0.185305
0.28772000000000003
0.398709
0.487573
0.5580040000000001
0.575031
0.5674239999999999
0.518591
0.41804399999999997
0.28515300000000005
0.13525299999999998
0.037784
0.0
0.0
0.0
0.0
0.0
0.0
0.0
0.0
0.0
0.0
0.038142
0.11717100000000001
0.18356899999999998
0.20705600000000002
0.370405
0.506711
0.638058
0.5803740000000001
0.47828899999999996
0.34485899999999997
0.27719099999999997
0.18712700000000002
0.098454
0.027017
0.0
0.0
0.0
0.0
0.0
0.0
0.0
0.0
0.0
0.0
0.036187
0.10166599999999999
0.163844
0.204709
0.302162
0.384474
0.453792
0.535389
0.560663
0.5351889999999999
0.36195499999999997
0.195072
0.074757
0.017081
0.0
0.0
0.0
0.0
0.0
0.0
0.0
0.0
0.0
0.0
0.046118
0.16
0.304649
0.376465
0.530668
0.646754
0.720967
0.722264
0.679192
0.581767
0.46298
0.30738499999999996
0.139937
0.037823999999999997
0.0
0.0
0.0
0.0
0.0
0.0
0.0
0.0
0.0
0.0
0.039067
0.115834
0.185718
0.209098
0.218363
0.20027
0.16066
0.15946000000000002
0.14912999999999998
0.128248
0.135413
0.114048
0.071294
0.025244
0.0
0.0
0.0
0.0
0.0
0.0
0.0
0.0
0.0
0.0
0.03602
0.113903
0.18214
0.20725100000000002
0.251645
0.297255
0.303666
0.410144
0.45326900000000003
0.447312
0.38613099999999995
0.27259300000000003
0.12968100000000002
0.033372
0.0
0.0
0.0
0.0
0.0
0.0
0.0
0.0
0.0
0.0
0.02204
0.075893
0.13893799999999998
0.19793
0.324219
0.44983100000000004
0.5497150000000001
0.539616
0.495072
0.436694
0.339606
0.22307300000000002
0.10917199999999999
0.031282
0.0
0.0
0.0
0.0
0.0
0.0
0.0
0.0
0.0
0.0
0.038005000000000004
0.14812299999999998
0.315779
0.470155
0.554183
0.535672
0.438392
0.43085199999999996
0.383166
0.348136
0.24474
0.14476599999999998
0.065833
0.028297999999999997
0.0
0.0
0.0
0.0
0.0
0.0
0.0
0.0
0.0
0.0
0.030298
0.093879
0.156449
0.197672
0.247755
0.294067
0.311997
0.502245
0.580683
0.56799
0.439625
0.285803
0.127547
0.030303999999999998
0.0
0.0
0.0
0.0
0.0
0.0
0.0
0.0
0.0
0.0
0.037701
0.150568
0.318428
0.47537599999999997
0.6042390000000001
0.687425
0.7279260000000001
0.7249629999999999
0.675329
0.5837530000000001
0.455486
0.29487
0.128976
0.028895
0.0
0.0
0.0
0.0
0.0
0.0
0.0
0.0
0.0
0.0
0.033045000000000005
0.11977299999999999
0.239854
0.363954
0.465918
0.5334930000000001
0.5644560000000001
0.489643
0.382198
0.24396299999999999
0.196516
0.129585
0.066203
0.015056
0.0
0.0
0.0
0.0
0.0
0.0
0.0
0.0
0.0
0.0
0.030806
0.14085499999999998
0.292206
0.429544
0.544806
0.621151
0.659428
0.671747
0.6502100000000001
0.573739
0.431832
0.26883999999999997
0.119427
0.029734000000000003
0.0
0.0
0.0
0.0
0.0
0.0
0.0
0.0
0.0
0.0
0.036645000000000004
0.14949600000000002
0.326591
0.48542599999999997
0.5900080000000001
0.6244679999999999
0.556508
0.6220950000000001
0.614278
0.5640299999999999
0.450604
0.294903
0.126994
0.02622
0.0
0.0
0.0
0.0
0.0
0.0
0.0
0.0
0.0
0.0
0.035379
0.143791
0.309684
0.446218
0.49505099999999996
0.458998
0.311012
0.307672
0.286164
0.23889500000000002
0.185901
0.12529200000000001
0.063048
0.024120000000000003
0.0
0.0
0.0
0.0
0.0
0.0
0.0
0.0
0.0
0.0
0.033119
0.14178
0.30923500000000004
0.47694600000000004
0.595525
0.649316
0.674087
0.6745829999999999
0.627345
0.539239
0.40043599999999996
0.257217
0.108954
0.025279
0.0
0.0
0.0
0.0
0.0
0.0
0.0
0.0
0.0
0.0
0.031248
0.131272
0.242315
0.277506
0.400852
0.52061
0.611754
0.6295
0.583
0.5361699999999999
0.361178
0.185975
0.058941
0.015021000000000001
0.0
0.0
0.0
0.0
0.0
0.0
0.0
0.0
0.0
0.0
0.015272
0.066735
0.128918
0.18959
0.236517
0.28470999999999996
0.302906
0.340486
0.359894
0.33432100000000003
0.26411599999999996
0.170392
0.080493
0.015996
0.0
0.0
0.0
0.0
0.0
0.0
0.0
0.0
0.0
0.0
0.029498
0.12551099999999998
0.273912
0.39765300000000003
0.410246
0.326669
0.153368
0.200686
0.22829
0.239904
0.154005
0.083593
0.029359000000000003
0.005824
0.0
0.0
0.0
0.0
0.0
0.0
0.0
0.0
0.0
0.0
0.028181
0.128902
0.266219
0.342524
0.39996699999999996
0.459243
0.438339
0.387981
0.30746100000000004
0.24029499999999998
0.290077
0.23398
0.109472
0.020704999999999998
0.0
0.0
0.0
0.0
0.0
0.0
0.0
0.0
0.0
0.0
0.02757
0.132814
0.294528
0.43732600000000005
0.579681
0.677721
0.73184
0.704206
0.6673669999999999
0.573741
0.436755
0.27860199999999996
0.10963200000000001
0.019451
0.0
0.0
0.0
0.0
0.0
0.0
0.0
0.0
0.0
0.0
0.018902000000000002
0.081199
0.146484
0.186405
0.235511
0.27036200000000005
0.29843200000000003
0.346986
0.35994600000000004
0.332312
0.303867
0.214893
0.10083
0.018148
0.0
0.0
0.0
0.0
0.0
0.0
0.0
0.0
0.0
0.0
0.018233
0.08053199999999999
0.145892
0.189788
0.239179
0.28624700000000003
0.304225
0.304378
0.272716
0.233731
0.17974
0.116586
0.054089
0.006666
0.0
0.0
0.0
0.0
0.0
0.0
0.0
0.0
0.0
0.0
0.021175999999999997
0.102562
0.225494
0.343611
0.35531
0.412524
0.439942
0.513485
0.533507
0.498749
0.342814
0.19233799999999998
0.07313800000000001
0.013002000000000001
0.0
0.0
0.0
0.0
0.0
0.0
0.0
0.0
0.0
0.0
0.010091
0.060261
0.12494799999999999
0.185068
0.276797
0.361603
0.43086599999999997
0.344758
0.227349
0.11758
0.119865
0.096191
0.051621
0.005051999999999999
0.0
0.0
0.0
0.0
0.0
0.0
0.0
0.0
0.0
0.0
0.022751999999999998
0.124333
0.294717
0.46399
0.5964149999999999
0.683033
0.72885
0.704893
0.6205900000000001
0.493516
0.342408
0.186464
0.06858199999999999
0.008381
0.0
0.0
0.0
0.0
0.0
0.0
0.0
0.0
0.0
0.0
0.021599
0.122938
0.296478
0.47136399999999995
0.603702
0.696769
0.73914
0.718275
0.6259600000000001
0.483808
0.36894299999999997
0.22281600000000001
0.085321
0.010097
0.0
0.0
0.0
0.0
0.0
0.0
0.0
0.0
0.0
0.0
0.012615
0.072706
0.138292
0.183688
0.200965
0.184525
0.148688
0.355255
0.478199
0.488073
0.314134
0.154714
0.047254
0.003021
0.0
0.0
0.0
0.0
0.0
0.0
0.0
0.0
0.0
0.0
0.007888
0.057381
0.121589
0.183381
0.380027
0.5670729999999999
0.6775829999999999
0.624105
0.497
0.33554199999999995
0.226438
0.123908
0.045875
0.003626
0.0
0.0
0.0
0.0
0.0
0.0
0.0
0.0
0.0
0.0
0.017635
0.116346
0.29157
0.468024
0.5884349999999999
0.6695059999999999
0.699305
0.6865549999999999
0.6365839999999999
0.5415789999999999
0.42150400000000005
0.252246
0.08885
0.005985000000000001
0.0
0.0
0.0
0.0
0.0
0.0
0.0
0.0
0.0
0.0
0.016774
0.112271
0.281185
0.442583
0.538725
0.573809
0.526317
0.49788499999999997
0.409399
0.316724
0.279785
0.189129
0.077331
0.003657
0.0
0.0
0.0
0.0
0.0
0.0
0.0
0.0
0.0
0.0
0.008737
0.084992
0.22425
0.377289
0.467015
0.512289
0.514795
0.5978300000000001
0.6084400000000001
0.540782
0.408921
0.241273
0.082611
0.004046999999999999
0.0
0.0
0.0
0.0
0.0
0.0
0.0
0.0
0.0
0.0
0.0146
0.111569
0.284948
0.457272
0.585702
0.666682
0.702652
0.6909930000000001
0.636826
0.5431309999999999
0.405805
0.23586000000000001
0.079059
0.003621
0.0
0.0
0.0
0.0
0.0
0.0
0.0
0.0
0.0
0.0
0.006956
0.096988
0.2796
0.461578
0.591675
0.667092
0.6725030000000001
0.6842290000000001
0.636223
0.550344
0.412651
0.23655400000000001
0.077549
0.00333
0.0
0.0
0.0
0.0
0.0
0.0
0.0
0.0
0.0
0.0
0.011824
0.10999500000000001
0.284331
0.45538999999999996
0.581813
0.667947
0.6964349999999999
0.703098
0.6511290000000001
0.547823
0.415026
0.236674
0.07582699999999999
0.002872
0.0
0.0
0.0
0.0
0.0
0.0
0.0
0.0
0.0
0.0
0.005364
0.088033
0.255689
0.435673
0.57167
0.653864
0.6944170000000001
0.678615
0.613822
0.5179389999999999
0.397094
0.230877
0.072367
0.002395
0.0
0.0
0.0
0.0
0.0
0.0
0.0
0.0
0.0
0.0
0.002056
0.056733
0.14938300000000002
0.257121
0.302793
0.315162
0.276411
0.22944499999999998
0.172654
0.107857
0.10757699999999999
0.080301
0.034569
0.0
0.0
0.0
0.0
0.0
0.0
0.0
0.0
0.0
0.0
0.0
0.0
0.022489000000000002
0.055026000000000005
0.08681399999999999
0.15154900000000002
0.217895
0.274795
0.283892
0.247235
0.20923599999999998
0.20764500000000002
0.145976
0.05496
0.000669
0.0
0.0
0.0
0.0
0.0
0.0
0.0
0.0
0.0
0.0
0.0007109999999999999
0.046473999999999994
0.110079
0.17286400000000002
0.224836
0.262561
0.279973
0.31214600000000003
0.339968
0.323044
0.276075
0.177846
0.062167
0.000768
0.0
0.0
0.0
0.0
0.0
0.0
0.0
0.0
0.0
0.0
0.005072
0.099095
0.27423200000000003
0.449036
0.5790299999999999
0.62637
0.623579
0.63883
0.614933
0.52739
0.387185
0.219672
0.064086
0.000768
0.0
0.0
0.0
0.0
0.0
0.0
0.0
0.0
0.0
0.0
0.001883
0.063823
0.159061
0.25088900000000003
0.300188
0.31098200000000004
0.274292
0.378092
0.40796
0.400632
0.282827
0.16112700000000002
0.049233
0.0
0.0
0.0
0.0
0.0
0.0
0.0
0.0
0.0
0.0
0.0
0.0
0.050216000000000004
0.141525
0.248448
0.48569
0.6393049999999999
0.702739
0.697467
0.630645
0.529916
0.390717
0.211321
0.056756999999999995
0.0
0.0
0.0
0.0
0.0
0.0
0.0
0.0
0.0
0.0
0.0
0.001258
0.053576
0.120474
0.167036
0.184191
0.17193899999999998
0.137543
0.13559100000000002
0.123465
0.102965
0.075687
0.042485
0.011964
0.0
0.0
0.0
0.0
0.0
0.0
0.0
0.0
0.0
0.0
0.0
0.0
0.041582999999999995
0.10422100000000001
0.16835499999999998
0.42289
0.61649
0.694525
0.6833769999999999
0.596445
0.448395
0.271519
0.117603
0.023343
0.0
0.0
0.0
0.0
0.0
0.0
0.0
0.0
0.0
0.0
0.0
0.0
0.039975000000000004
0.102088
0.165238
0.215364
0.249567
0.264727
0.261453
0.237133
0.196387
0.14158600000000002
0.079484
0.02214
0.0
0.0
0.0
0.0
0.0
0.0
0.0
0.0
0.0
0.0
0.0
0.0
0.01889
0.05122
0.083746
0.11090699999999999
0.12956700000000002
0.13896799999999998
0.28224400000000005
0.37277
0.389427
0.32874000000000003
0.18468299999999999
0.045839
0.0
0.0
0.0
0.0
0.0
0.0
0.0
0.0
0.0
0.0
0.0
0.0
0.038265
0.100512
0.164186
0.216096
0.250357
0.263673
0.261679
0.239052
0.198036
0.14248
0.058962
0.00825
0.0
0.0
0.0
0.0
0.0
0.0
0.0
0.0
0.0
0.0
0.0
0.000851
0.056981000000000004
0.128416
0.162556
0.477694
0.262806
0.518686
0.5144690000000001
0.46813299999999997
0.384623
0.141654
0.11155200000000001
0.034005
0.0
0.0
0.0
0.0
0.0
0.0
0.0
0.0
0.0
0.0
0.0
0.000891
0.06931699999999999
0.194236
0.30356
0.356451
0.33786
0.265893
0.26133999999999996
0.23616
0.215639
0.17280299999999998
0.097306
0.02504
0.0
0.0
0.0
0.0
0.0
0.0
0.0
0.0
0.0
0.0
0.0
0.0
0.016701
0.048390999999999997
0.121617
0.209935
0.245449
0.26090399999999997
0.25649500000000003
0.231869
0.18967599999999998
0.223862
0.147451
0.034235
0.0
0.0
0.0
0.0
0.0
0.0
0.0
0.0
0.0
0.0
0.0
0.0
0.034053
0.09599099999999999
0.159237
0.21160900000000002
0.18912700000000002
0.13415100000000002
0.273581
0.177905
0.09615800000000001
0.16118000000000002
0.12135800000000001
0.02887
0.0
0.0
0.0
0.0
0.0
0.0
0.0
0.0
0.0
0.0
0.0
0.0
0.032155
0.093334
0.078376
0.218609
0.243234
0.259369
0.25440999999999997
0.399991
0.426385
0.305369
0.146347
0.023912
0.0
0.0
0.0
0.0
0.0
0.0
0.0
0.0
0.0
0.0
0.0
0.00034300000000000004
0.06543600000000001
0.19570400000000002
0.296053
0.219535
0.242864
0.400775
0.502992
0.534868
0.484921
0.284952
0.10852500000000001
0.011326000000000001
0.0
0.0
0.0
0.0
0.0
0.0
0.0
0.0
0.0
0.0
0.0
0.0
0.030384
0.092339
0.156272
0.210053
0.245423
0.274305
0.26141899999999996
0.117372
0.18978399999999998
0.130052
0.064952
0.010063
0.0
0.0
0.0
0.0
0.0
0.0
0.0
0.0
0.0
0.0
0.0
0.0
0.030035
0.122512
0.256531
0.401515
0.5224160000000001
0.6138579999999999
0.274212
0.24600999999999998
0.094913
0.202329
0.137721
0.01774
0.0
0.0
0.0
0.0
0.0
0.0
0.0
0.0
0.0
0.0
0.0
0.0
0.013362
0.045787
0.079326
0.224222
0.262058
0.279585
0.27913499999999997
0.268029
0.241648
0.174194
0.085111
0.011794
0.0
0.0
0.0
0.0
0.0
0.0
0.0
0.0
0.0
0.0
0.0
0.0
0.059503999999999994
0.160105
0.156689
0.21862299999999998
0.256978
0.27325299999999997
0.5908490000000001
0.240364
0.286696
0.18861699999999998
0.087827
0.009954000000000001
0.0
0.0
0.0
0.0
0.0
0.0
0.0
0.0
0.0
0.0
0.0
0.0
0.057915999999999995
0.08893000000000001
0.15239599999999998
0.21569
0.122304
0.130517
0.26741000000000004
0.228052
0.17963900000000002
0.213174
0.124637
0.012362
0.0
0.0
0.0
0.0
0.0
0.0
0.0
0.0
0.0
0.0
0.0
0.0
0.025637
0.13103399999999998
0.293902
0.441084
0.560207
0.505282
0.38866199999999995
0.223287
0.180211
0.119245
0.055137
0.00728
0.0
0.0
0.0
0.0
0.0
0.0
0.0
0.0
0.0
0.0
0.0
0.0
0.053002
0.19850700000000002
0.289373
0.47615199999999996
0.5685180000000001
0.267098
0.260835
0.230564
0.403532
0.28095800000000004
0.115305
0.008358
0.0
0.0
0.0
0.0
0.0
0.0
0.0
0.0
0.0
0.0
0.0
0.0
0.059784
0.228409
0.403605
0.545944
0.637309
0.678235
0.659824
0.592155
0.476115
0.311242
0.122977
0.006965
0.0
0.0
0.0
0.0
0.0
0.0
0.0
0.0
0.0
0.0
0.0
0.0
0.055383
0.209961
0.334756
0.49669
0.610274
0.674076
0.657947
0.590521
0.471754
0.31528100000000003
0.12899100000000002
0.006525
0.0
0.0
0.0
0.0
0.0
0.0
0.0
0.0
0.0
0.0
0.0
0.0
0.047491
0.159531
0.216341
0.327199
0.412281
0.481863
0.521299
0.517919
0.44564499999999996
0.301438
0.123697
0.0053170000000000005
0.0
0.0
0.0
0.0
0.0
0.0
0.0
0.0
0.0
0.0
0.0
0.0
0.053924999999999994
0.225096
0.402471
0.503269
0.541627
0.48288
0.477125
0.426853
0.332935
0.210233
0.083527
0.002555
0.0
0.0
0.0
0.0
0.0
0.0
0.0
0.0
0.0
0.0
0.0
0.0
0.052164999999999996
0.223714
0.409833
0.55441
0.643386
0.676279
0.653363
0.571944
0.442956
0.29073899999999997
0.115855
0.003976
0.0
0.0
0.0
0.0
0.0
0.0
0.0
0.0
0.0
0.0
0.0
0.0
0.049978
0.220234
0.400686
0.541945
0.629216
0.663341
0.647318
0.5796699999999999
0.461452
0.29357
0.11062000000000001
0.002948
0.0
0.0
0.0
0.0
0.0
0.0
0.0
0.0
0.0
0.0
0.0
0.0
0.017045
0.07442
0.27311
0.382393
0.44567399999999996
0.471916
0.6095750000000001
0.21241900000000002
0.15450299999999997
0.098913
0.037312
0.0
0.0
0.0
0.0
0.0
0.0
0.0
0.0
0.0
0.0
0.0
0.0
0.0
0.030693
0.173647
0.358599
0.459335
0.494809
0.464515
0.349055
0.19683099999999998
0.133226
0.07127700000000001
0.021138999999999998
0.0
0.0
0.0
0.0
0.0
0.0
0.0
0.0
0.0
0.0
0.0
0.0
0.0
0.014581
0.071181
0.099123
0.090672
0.108242
0.115426
0.170329
0.198898
0.075964
0.094814
0.034168
0.0
0.0
0.0
0.0
0.0
0.0
0.0
0.0
0.0
0.0
0.0
0.0
0.0
0.008904
0.041834
0.065342
0.091306
0.109284
0.11618899999999999
0.603381
0.393758
0.075181
0.09394799999999999
0.09046
0.0
0.0
0.0
0.0
0.0
0.0
0.0
0.0
0.0
0.0
0.0
0.0
0.0
0.008752000000000001
0.06814100000000001
0.13000299999999998
0.180321
0.215052
0.229064
0.220113
0.453386
0.15799100000000002
0.090208
0.029977
0.0
0.0
0.0
0.0
0.0
0.0
0.0
0.0
0.0
0.0
0.0
0.0
0.0
0.011481
0.066728
0.129328
0.17910900000000002
0.213275
0.22661099999999998
0.219471
0.190358
0.146727
0.073837
0.018632000000000003
0.0
0.0
0.0
0.0
0.0
0.0
0.0
0.0
0.0
0.0
0.0
0.0
0.0
0.032146
0.151631
0.128584
0.403775
0.523278
0.560705
0.535762
0.458218
0.368135
0.218496
0.064342
0.0
0.0
0.0
0.0
0.0
0.0
0.0
0.0
0.0
0.0
0.0
0.0
0.0
0.028049
0.185899
0.372809
0.507145
0.5818150000000001
0.599371
0.558797
0.46948399999999996
0.345815
0.206206
0.058183
0.0
0.0
0.0
0.0
0.0
0.0
0.0
0.0
0.0
0.0
0.0
0.0
0.0
0.004359
0.050811999999999996
0.121924
0.170368
0.205263
0.21942799999999998
0.211425
0.18377600000000002
0.13742
0.079773
0.022223
0.0
0.0
0.0
0.0
0.0
0.0
0.0
0.0
0.0
0.0
0.0
0.0
0.0
0.003491
0.049253
0.121413
0.17074199999999998
0.219028
0.23481100000000002
0.178726
0.123002
0.068199
0.052717
0.017295
0.0
0.0
0.0
0.0
0.0
0.0
0.0
0.0
0.0
0.0
0.0
0.0
0.0
0.020151
0.165357
0.316701
0.39225299999999996
0.39122
0.34326999999999996
0.347782
0.287308
0.216781
0.155452
0.043164
0.0
0.0
0.0
0.0
0.0
0.0
0.0
0.0
0.0
0.0
0.0
0.0
0.0
0.01912
0.185804
0.38101
0.532456
0.617953
0.6420650000000001
0.603777
0.497127
0.34936
0.186321
0.039133
0.0
0.0
0.0
0.0
0.0
0.0
0.0
0.0
0.0
0.0
0.0
0.0
0.0
0.0043479999999999994
0.05761
0.118847
0.171558
0.205937
0.230896
0.221703
0.183054
0.134972
0.09877
0.027677
0.0
0.0
0.0
0.0
0.0
0.0
0.0
0.0
0.0
0.0
0.0
0.0
0.0
0.009517
0.08928799999999999
0.119464
0.195626
0.278621
0.33264299999999997
0.285567
0.205863
0.130878
0.07177700000000001
0.01477
0.0
0.0
0.0
0.0
0.0
0.0
0.0
0.0
0.0
0.0
0.0
0.0
0.0
0.011984
0.151848
0.291755
0.421982
0.475521
0.5194529999999999
0.48028
0.392316
0.256442
0.14378
0.027042
0.0
0.0
0.0
0.0
0.0
0.0
0.0
0.0
0.0
0.0
0.0
0.0
0.0
0.009881000000000001
0.160795
0.356265
0.506313
0.595074
0.6324690000000001
0.604537
0.524054
0.387675
0.20580199999999998
0.037625
0.0
0.0
0.0
0.0
0.0
0.0
0.0
0.0
0.0
0.0
0.0
0.0
0.0
0.008788
0.144318
0.284178
0.368267
0.368647
0.327989
0.300507
0.257408
0.188368
0.125911
0.021654
0.0
0.0
0.0
0.0
0.0
0.0
0.0
0.0
0.0
0.0
0.0
0.0
0.0
0.003684
0.124464
0.325516
0.457532
0.529448
0.54279
0.48658999999999997
0.387229
0.247135
0.094712
0.008
0.0
0.0
0.0
0.0
0.0
0.0
0.0
0.0
0.0
0.0
0.0
0.0
0.0
0.004697
0.086425
0.105249
0.27297699999999997
0.433029
0.539573
0.472374
0.338723
0.187581
0.093007
0.010905
0.0
0.0
0.0
0.0
0.0
0.0
0.0
0.0
0.0
0.0
0.0
0.0
0.0
0.006454
0.144191
0.34506099999999995
0.49657999999999997
0.582037
0.612549
0.589949
0.511928
0.375054
0.193246
0.023359
0.0
0.0
0.0
0.0
0.0
0.0
0.0
0.0
0.0
0.0
0.0
0.0
0.0
0.005473
0.140882
0.337692
0.469556
0.559301
0.5798260000000001
0.555836
0.483106
0.356945
0.183279
0.018493
0.0
0.0
0.0
0.0
0.0
0.0
0.0
0.0
0.0
0.0
0.0
0.0
0.0
0.004338
0.133543
0.32158499999999995
0.467957
0.543871
0.569058
0.552419
0.481801
0.35531999999999997
0.17868199999999998
0.015188
0.0
0.0
0.0
0.0
0.0
0.0
0.0
0.0
0.0
0.0
0.0
0.0
0.0
0.003234
0.076494
0.047377
0.09679900000000001
0.149904
0.194161
0.18358000000000002
0.156047
0.108601
0.05129
0.0025259999999999996
0.0
0.0
0.0
0.0
0.0
0.0
0.0
0.0
0.0
0.0
0.0
0.0
0.0
0.0
0.018965
0.047839
0.100162
0.153209
0.196025
0.356043
0.412554
0.052603000000000004
0.02417
0.0
0.0
0.0
0.0
0.0
0.0
0.0
0.0
0.0
0.0
0.0
0.0
0.0
0.0
0.00107
0.05708
0.097709
0.150531
0.183567
0.195285
0.277781
0.30393200000000004
0.26316300000000004
0.137902
0.006984
0.0
0.0
0.0
0.0
0.0
0.0
0.0
0.0
0.0
0.0
0.0
0.0
0.0
0.0
0.036526
0.09355500000000001
0.11719700000000001
0.11429900000000001
0.089434
0.08610899999999999
0.071883
0.048818
0.021443
0.0
0.0
0.0
0.0
0.0
0.0
0.0
0.0
0.0
0.0
0.0
0.0
0.0
0.0
0.0
0.016376
0.043948
0.068763
0.084426
0.090455
0.0856
0.071247
0.047155
0.019917
0.0
0.0
0.0
0.0
0.0
0.0
0.0
0.0
0.0
0.0
0.0
0.0
0.0
0.0
0.0
0.045292
0.08972100000000001
0.231303
0.371876
0.472469
0.458022
0.38840199999999997
0.274281
0.130282
0.004736
0.0
0.0
0.0
0.0
0.0
0.0
0.0
0.0
0.0
0.0
0.0
0.0
0.0
0.0
0.019622
0.040784
0.064607
0.08044799999999999
0.086765
0.081872
0.067459
0.044337
0.06499200000000001
0.003098
0.0
0.0
0.0
0.0
0.0
0.0
0.0
0.0
0.0
0.0
0.0
0.0
0.0
0.0
0.035539
0.108134
0.193713
0.25172
0.286993
0.245506
0.161882
0.094301
0.051698999999999995
0.000887
0.0
0.0
0.0
0.0
0.0
0.0
0.0
0.0
0.0
0.0
0.0
0.0
0.0
0.0
0.034119
0.039694
0.063696
0.080508
0.08595
0.081834
0.066463
0.04337
0.036156999999999995
0.000431
0.0
0.0
0.0
0.0
0.0
0.0
0.0
0.0
0.0
0.0
0.0
0.0
0.0
0.0
0.027171
0.08292400000000001
0.13119
0.166186
0.178081
0.240037
0.253989
0.196759
0.09726800000000001
0.0014370000000000001
0.0
0.0
0.0
0.0
0.0
0.0
0.0
0.0
0.0
0.0
0.0
0.0
0.0
0.0
0.026669
0.081858
0.130492
0.16567400000000002
0.178397
0.23977500000000002
0.252012
0.19434800000000002
0.062824
0.0
0.0
0.0
0.0
0.0
0.0
0.0
0.0
0.0
0.0
0.0
0.0
0.0
0.0
0.0
0.025033
0.079727
0.128831
0.163406
0.175108
0.165215
0.134427
0.08568899999999999
0.031495
0.0
0.0
0.0
0.0
0.0
0.0
0.0
0.0
0.0
0.0
0.0
0.0
0.0
0.0
0.0
0.091539
0.28324099999999997
0.430173
0.505948
0.515842
0.505174
0.430579
0.294392
0.08691
0.0
0.0
0.0
0.0
0.0
0.0
0.0
0.0
0.0
0.0
0.0
0.0
0.0
0.0
0.0
0.013944000000000002
0.03566299999999999
0.059838
0.07625799999999999
0.081808
0.076724
0.061933999999999996
0.039117
0.01233
0.0
0.0
0.0
0.0
0.0
0.0
0.0
0.0
0.0
0.0
0.0
0.0
0.0
0.0
0.0
0.020132999999999998
0.07135899999999999
0.098098
0.09879600000000001
0.078224
0.073497
0.059031
0.03675
0.011266
0.0
0.0
0.0
0.0
0.0
0.0
0.0
0.0
0.0
0.0
0.0
0.0
0.0
0.0
0.0
0.018385000000000002
0.06951900000000001
0.11791
0.148141
0.15889699999999998
0.124969
0.079645
0.035962
0.015529
0.0
0.0
0.0
0.0
0.0
0.0
0.0
0.0
0.0
0.0
0.0
0.0
0.0
0.0
0.0
0.014955999999999999
0.07001900000000001
0.204431
0.33853
0.43471699999999996
0.419352
0.33381
0.23334200000000002
0.062353
0.0
0.0
0.0
0.0
0.0
0.0
0.0
0.0
0.0
0.0
0.0
0.0
0.0
0.0
0.0
0.010522
0.032814
0.076299
0.122482
0.161309
0.176687
0.18110300000000001
0.137461
0.076457
0.0
0.0
0.0
0.0
0.0
0.0
0.0
0.0
0.0
0.0
0.0
0.0
0.0
0.0
0.0
0.069323
0.257837
0.41174400000000005
0.47613
0.446268
0.346157
0.210168
0.074912
0.07123
0.0
0.0
0.0
0.0
0.0
0.0
0.0
0.0
0.0
0.0
0.0
0.0
0.0
0.0
0.0
0.074724
0.25974200000000003
0.428139
0.5212019999999999
0.551531
0.523106
0.43733999999999995
0.291604
0.098353
0.0
0.0
0.0
0.0
0.0
0.0
0.0
0.0
0.0
0.0
0.0
0.0
0.0
0.0
0.0
0.06973
0.254843
0.42043200000000003
0.507768
0.53404
0.511469
0.429322
0.284823
0.094915
0.0
0.0
0.0
0.0
0.0
0.0
0.0
0.0
0.0
0.0
0.0
0.0
0.0
0.0
0.0
0.018788
0.030727
0.05371
0.070242
0.075914
0.07064100000000001
0.05687
0.03376
0.008021
0.0
0.0
0.0
0.0
0.0
0.0
0.0
0.0
0.0
0.0
0.0
0.0
0.0
0.0
0.0
0.004064
0.029864
0.052908000000000004
0.06962900000000001
0.075178
0.070023
0.055981
0.032939
0.007227
0.0
0.0
0.0
0.0
0.0
0.0
0.0
0.0
0.0
0.0
0.0
0.0
0.0
0.0
0.0
0.004014
0.029283999999999998
0.052535
0.06830599999999999
0.074946
0.069711
0.054418999999999995
0.032140999999999996
0.007167
0.0
0.0
0.0
0.0
0.0
0.0
0.0
0.0
0.0
0.0
0.0
0.0
0.0
0.0
0.0
0.003111
0.027291
0.050935
0.066576
0.072045
0.066803
0.052728000000000004
0.029931
0.006181
0.0
0.0
0.0
0.0
0.0
0.0
0.0
0.0
0.0
0.0
0.0
0.0
0.0
0.0
0.0
0.002156
0.026057
0.048491
0.064274
0.06969299999999999
0.065697
0.05093
0.029058
0.005365
0.0
0.0
0.0
0.0
0.0
0.0
0.0
0.0
0.0
0.0
0.0
0.0
0.0
0.0
0.0
0.008324
0.054904
0.083527
0.086726
0.06891599999999999
0.064831
0.049936999999999995
0.028904
0.007268
0.0
0.0
0.0
0.0
0.0
0.0
0.0
0.0
0.0
0.0
0.0
0.0
0.0
0.0
0.0
0.023351
0.18260900000000002
0.316005
0.376408
0.344745
0.26234199999999996
0.158872
0.061446
0.028103000000000003
0.0
0.0
0.0
0.0
0.0
0.0
0.0
0.0
0.0
0.0
0.0
0.0
0.0
0.0
0.0
0.008231
0.023535
0.079541
0.166157
0.247369
0.218359
0.179253
0.11287699999999999
0.028031
0.0
0.0
0.0
0.0
0.0
0.0
0.0
0.0
0.0
0.0
0.0
0.0
0.0
0.0
0.0
0.024333999999999998
0.192185
0.369623
0.460805
0.499993
0.45632999999999996
0.348837
0.197576
0.035667000000000004
0.0
0.0
0.0
0.0
0.0
0.0
0.0
0.0
0.0
0.0
0.0
0.0
0.0
0.0
0.0
0.002576
0.022438
0.045204
0.061143
0.06693600000000001
0.062682
0.048451
0.026219000000000003
0.002899
0.0
0.0
0.0
0.0
0.0
0.0
0.0
0.0
0.0
0.0
0.0
0.0
0.0
0.0
0.0
0.008208
0.173249
0.32587700000000003
0.41336700000000004
0.451864
0.4076
0.329512
0.20999299999999999
0.042152
0.0
0.0
0.0
0.0
0.0
0.0
0.0
0.0
0.0
0.0
0.0
0.0
0.0
0.0
0.0
0.008381999999999999
0.142741
0.24228899999999998
0.260472
0.232982
0.323346
0.32908800000000005
0.211704
0.031923
0.0
0.0
0.0
0.0
0.0
0.0
0.0
0.0
0.0
0.0
0.0
0.0
0.0
0.0
0.0
0.005099
0.117369
0.180105
0.17309
0.131398
0.14138399999999998
0.14091700000000001
0.098213
0.010272
0.0
0.0
0.0
0.0
0.0
0.0
0.0
0.0
0.0
0.0
0.0
0.0
0.0
0.0
0.0
0.0
0.018951
0.040451999999999995
0.055969
0.061308999999999995
0.100331
0.12032
0.089063
0.008490000000000001
0.0
0.0
0.0
0.0
0.0
0.0
0.0
0.0
0.0
0.0
0.0
0.0
0.0
0.0
0.0
0.004698000000000001
0.041006999999999995
0.08594700000000001
0.121082
0.133143
0.124082
0.095093
0.050448
0.005019
0.0
0.0
0.0
0.0
0.0
0.0
0.0
0.0
0.0
0.0
0.0
0.0
0.0
0.0
0.0
0.000571
0.038959
0.154275
0.29072699999999996
0.382935
0.296419
0.16747599999999999
0.048539
0.003957
0.0
0.0
0.0
0.0
0.0
0.0
0.0
0.0
0.0
0.0
0.0
0.0
0.0
0.0
0.0
0.0
0.016555
0.038221
0.052887
0.059565
0.055384
0.042098
0.021289000000000002
0.0
0.0
0.0
0.0
0.0
0.0
0.0
0.0
0.0
0.0
0.0
0.0
0.0
0.0
0.0
0.0
0.000154
0.035637999999999996
0.082041
0.114329
0.130046
0.122409
0.09148
0.047574
0.0030009999999999998
0.0
0.0
0.0
0.0
0.0
0.0
0.0
0.0
0.0
0.0
0.0
0.0
0.0
0.0
0.0
0.000594
0.034891
0.080035
0.11404900000000001
0.12913999999999998
0.096712
0.0569
0.020581
0.0
0.0
0.0
0.0
0.0
0.0
0.0
0.0
0.0
0.0
0.0
0.0
0.0
0.0
0.0
0.0
0.0
0.015385
0.036637
0.052833
0.059362000000000005
0.055149000000000004
0.041546999999999994
0.021064
0.0
0.0
0.0
0.0
0.0
0.0
0.0
0.0
0.0
0.0
0.0
0.0
0.0
0.0
0.0
0.0
0.0
0.014269
0.035141
0.050876
0.056686999999999994
0.053373
0.040028
0.019802
0.0
0.0
0.0
0.0
0.0
0.0
0.0
0.0
0.0
0.0
0.0
0.0
0.0
0.0
0.0
0.0
0.0
0.030134
0.090207
0.15945099999999998
0.215838
0.167716
0.102615
0.042664
0.001045
0.0
0.0
0.0
0.0
0.0
0.0
0.0
0.0
0.0
0.0
0.0
0.0
0.0
0.0
0.0
0.0
0.029358000000000002
0.073059
0.106988
0.121974
0.11268500000000001
0.08484
0.042908
0.002059
0.0
0.0
0.0
0.0
0.0
0.0
0.0
0.0
0.0
0.0
0.0
0.0
0.0
0.0
0.0
0.001345
0.108883
0.16855199999999998
0.21454499999999999
0.216809
0.189165
0.145982
0.074224
0.00352
0.0
0.0
0.0
0.0
0.0
0.0
0.0
0.0
0.0
0.0
0.0
0.0
0.0
0.0
0.0
0.0
0.026931999999999998
0.127696
0.26219400000000004
0.347155
0.41139299999999995
0.350469
0.201367
0.012060000000000001
0.0
0.0
0.0
0.0
0.0
0.0
0.0
0.0
0.0
0.0
0.0
0.0
0.0
0.0
0.0
0.0
0.08838299999999999
0.224659
0.332597
0.35908100000000004
0.338477
0.26658499999999996
0.111372
0.003868
0.0
0.0
0.0
0.0
0.0
0.0
0.0
0.0
0.0
0.0
0.0
0.0
0.0
0.0
0.0
0.0
0.006395
0.024343
0.038623
0.044802
0.04143
0.029611000000000002
0.012308999999999999
0.0
0.0
0.0
0.0
0.0
0.0
0.0
0.0
0.0
0.0
0.0
0.0
0.0
0.0
0.0
0.0
0.0
0.054374000000000006
0.143266
0.153701
0.09521500000000001
0.087741
0.06397800000000001
0.027742999999999997
7.8e-05
0.0
0.0
0.0
0.0
0.0
0.0
0.0
0.0
0.0
0.0
0.0
0.0
0.0
0.0
0.0
0.0
0.005615
0.032284
0.066804
0.096479
0.090589
0.06504900000000001
0.028149
0.0
0.0
0.0
0.0
0.0
0.0
0.0
0.0
0.0
0.0
0.0
0.0
0.0
0.0
0.0
0.0
0.0
0.005282
0.060164999999999996
0.185312
0.2887
0.303216
0.224679
0.098245
0.003005
0.0
0.0
0.0
0.0
0.0
0.0
0.0
0.0
0.0
0.0
0.0
0.0
0.0
0.0
0.0
0.0
0.013452
0.050162
0.081369
0.094849
0.088342
0.063377
0.027233
0.0
0.0
0.0
0.0
0.0
0.0
0.0
0.0
0.0
0.0
0.0
0.0
0.0
0.0
0.0
0.0
0.0
0.025001000000000002
0.090444
0.105589
0.091237
0.14649299999999998
0.141354
0.073807
0.0024609999999999996
0.0
0.0
0.0
0.0
0.0
0.0
0.0
0.0
0.0
0.0
0.0
0.0
0.0
0.0
0.0
0.0
0.011659000000000001
0.047616
0.077196
0.09142600000000001
0.084998
0.061715000000000006
0.026075
0.0
0.0
0.0
0.0
0.0
0.0
0.0
0.0
0.0
0.0
0.0
0.0
0.0
0.0
0.0
0.0
0.0
0.011468
0.046634999999999996
0.076149
0.091306
0.070507
0.039234000000000005
0.011211
0.0
0.0
0.0
0.0
0.0
0.0
0.0
0.0
0.0
0.0
0.0
0.0
0.0
0.0
0.0
0.0
0.0
0.0035670000000000003
0.021796
0.036377
0.042781999999999994
0.040428
0.029089
0.011394999999999999
0.0
0.0
0.0
0.0
0.0
0.0
0.0
0.0
0.0
0.0
0.0
0.0
0.0
0.0
0.0
0.0
0.0
0.0035619999999999996
0.021074000000000002
0.035496
0.042843000000000006
0.040377
0.029065999999999998
0.011342000000000001
0.0
0.0
0.0
0.0
0.0
0.0
0.0
0.0
0.0
0.0
0.0
0.0
0.0
0.0
0.0
0.0
0.0
0.0026179999999999997
0.027325
0.06003
0.086878
0.11454
0.113418
0.058582999999999996
0.001981
0.0
0.0
0.0
0.0
0.0
0.0
0.0
0.0
0.0
0.0
0.0
0.0
0.0
0.0
0.0
0.0
0.009087
0.069272
0.176976
0.268276
0.241905
0.154665
0.059441
0.001
0.0
0.0
0.0
0.0
0.0
0.0
0.0
0.0
0.0
0.0
0.0
0.0
0.0
0.0
0.0
0.0
0.002645
0.019873000000000002
0.034265000000000004
0.040492
0.038066
0.027709
0.011113
0.0
0.0
0.0
0.0
0.0
0.0
0.0
0.0
0.0
0.0
0.0
0.0
0.0
0.0
0.0
0.0
0.0
0.021063
0.09840600000000001
0.123836
0.087373
0.067948
0.037496
0.011138
0.0
0.0
0.0
0.0
0.0
0.0
0.0
0.0
0.0
0.0
0.0
0.0
0.0
0.0
0.0
0.0
0.0
0.007524
0.041085
0.071295
0.085339
0.181424
0.18043199999999998
0.089524
0.002399
0.0
0.0
0.0
0.0
0.0
0.0
0.0
0.0
0.0
0.0
0.0
0.0
0.0
0.0
0.0
0.0
0.027331
0.169388
0.281233
0.301962
0.29034899999999997
0.234227
0.096167
0.0029089999999999997
0.0
0.0
0.0
0.0
0.0
0.0
0.0
0.0
0.0
0.0
0.0
0.0
0.0
0.0
0.0
0.0
0.010823000000000001
0.053621
0.08204
0.08415500000000001
0.06593600000000001
0.036838
0.010923
0.0
0.0
0.0
0.0
0.0
0.0
0.0
0.0
0.0
0.0
0.0
0.0
0.0
0.0
0.0
0.0
0.0
0.006477
0.038668999999999995
0.06879600000000001
0.082701
0.093631
0.078435
0.037822
0.00095
0.0
0.0
0.0
0.0
0.0
0.0
0.0
0.0
0.0
0.0
0.0
0.0
0.0
0.0
0.0
0.0
0.005749
0.037721
0.06785
0.082823
0.0648
0.036785
0.010916
0.0
0.0
0.0
0.0
0.0
0.0
0.0
0.0
0.0
0.0
0.0
0.0
0.0
0.0
0.0
0.0
0.0
0.00113
0.01759
0.032784
0.039930999999999994
0.038203
0.027836
0.011219
0.0
0.0
0.0
0.0
0.0
0.0
0.0
0.0
0.0
0.0
0.0
0.0
0.0
0.0
0.0
0.0
0.0
0.001129
0.017692
0.032985
0.040213
0.038626
0.028144
0.011337
0.000594
0.0
0.0
0.0
0.0
0.0
0.0
0.0
0.0
0.0
0.0
0.0
0.0
0.0
0.0
0.0
0.0
0.005968
0.068274
0.191158
0.308995
0.222747
0.115721
0.026462
0.0
0.0
0.0
0.0
0.0
0.0
0.0
0.0
0.0
0.0
0.0
0.0
0.0
0.0
0.0
0.0
0.0
0.005148
0.031385
0.044677999999999995
0.040201
0.038617
0.028120000000000003
0.012147
0.0
0.0
0.0
0.0
0.0
0.0
0.0
0.0
0.0
0.0
0.0
0.0
0.0
0.0
0.0
0.0
0.0
0.0011519999999999998
0.018057
0.033557000000000003
0.040813
0.03911
0.029329
0.012353
0.0
0.0
0.0
0.0
0.0
0.0
0.0
0.0
0.0
0.0
0.0
0.0
0.0
0.0
0.0
0.0
0.0
0.0011799999999999998
0.018148
0.033745
0.041966
0.040316000000000005
0.029622
0.012480999999999999
0.0
0.0
0.0
0.0
0.0
0.0
0.0
0.0
0.0
0.0
0.0
0.0
0.0
0.0
0.0
0.0
0.0
0.001212
0.046968
0.15341
0.26498200000000005
0.29912900000000003
0.238764
0.10959300000000001
0.004823
0.0
0.0
0.0
0.0
0.0
0.0
0.0
0.0
0.0
0.0
0.0
0.0
0.0
0.0
0.0
0.0
0.018186
0.164668
0.285209
0.35538
0.315572
0.26782
0.109535
0.00474
0.0
0.0
0.0
0.0
0.0
0.0
0.0
0.0
0.0
0.0
0.0
0.0
0.0
0.0
0.0
0.0
0.018334
0.166618
0.286538
0.355235
0.312631
0.268374
0.11161700000000001
0.005365
0.0
0.0
0.0
0.0
0.0
0.0
0.0
0.0
0.0
0.0
0.0
0.0
0.0
0.0
0.0
0.0
0.018383
0.165746
0.28363900000000003
0.353272
0.31511700000000004
0.267491
0.11668300000000001
0.005354
0.0
0.0
0.0
0.0
0.0
0.0
0.0
0.0
0.0
0.0
0.0
0.0
0.0
0.0
0.0
0.0
0.005272000000000001
0.039534999999999994
0.072468
0.090237
0.087535
0.066372
0.031405
0.000232
0.0
0.0
0.0
0.0
0.0
0.0
0.0
