0.0
0.0
0.0
0.0
0.0
0.0
0.0
0.0
0.0
0.0
0.055189
0.236651
0.401952
0.45795800000000003
0.387815
0.282789
0.122078
0.011034
0.0
0.0
0.0
0.0
0.0
0.0
0.0
0.0
0.0
0.0
0.0
0.0
0.0
0.0
0.0
0.0
0.0192
0.160405
0.320474
0.44435800000000003
0.466669
0.409766
0.27251400000000003
0.040619
0.0
0.0
0.0
0.0
0.0
0.0
0.0
0.0
0.0
0.0
0.0
0.0
0.0
0.0
0.0
0.0
0.019562
0.137845
0.189243
0.22110400000000002
0.217411
0.178014
0.093636
0.009896
0.0
0.0
0.0
0.0
0.0
0.0
0.0
0.0
0.0
0.0
0.0
0.0
0.0
0.0
0.0
0.0
0.029303
0.16894399999999998
0.193193
0.203196
0.21711000000000003
0.179687
0.095464
0.010725
0.0
0.0
0.0
0.0
0.0
0.0
0.0
0.0
0.0
0.0
0.0
0.0
0.0
0.0
0.0
0.0
0.066051
0.26213200000000003
0.431756
0.484525
0.485285
0.418786
0.273495
0.058261
0.0
0.0
0.0
0.0
0.0
0.0
0.0
0.0
0.0
0.0
0.0
0.0
0.0
0.0
0.0
0.0
0.020956
0.13832
0.189371
0.221912
0.298601
0.318809
0.260521
0.053935000000000004
0.0
0.0
0.0
0.0
0.0
0.0
0.0
0.0
0.0
0.0
0.0
0.0
0.0
0.0
0.0
0.0
0.02078
0.13765799999999997
0.190137
0.22432400000000002
0.223107
0.18568600000000002
0.114418
0.012541
0.0
0.0
0.0
0.0
0.0
0.0
0.0
0.0
0.0
0.0
0.0
0.0
0.0
0.0
0.0
0.0
0.022959
0.141899
0.19324000000000002
0.22550499999999998
0.223851
0.18712
0.114601
0.044192
0.0
0.0
0.0
0.0
0.0
0.0
0.0
0.0
0.0
0.0
0.0
0.0
0.0
0.0
0.0
0.0
0.022414
0.13887100000000002
0.19345400000000001
0.228982
0.227416
0.189923
0.11876600000000001
0.023461
0.0
0.0
0.0
0.0
0.0
0.0
0.0
0.0
0.0
0.0
0.0
0.0
0.0
0.0
0.0
0.0
0.075337
0.258915
0.407532
0.42395299999999997
0.45131099999999996
0.40303300000000003
0.278142
0.07427800000000001
0.0
0.0
0.0
0.0
0.0
0.0
0.0
0.0
0.0
0.0
0.0
0.0
0.0
0.0
0.0
0.0
0.032435000000000005
0.157458
0.207477
0.234964
0.234313
0.19744499999999998
0.123874
0.01964
0.0
0.0
0.0
0.0
0.0
0.0
0.0
0.0
0.0
0.0
0.0
0.0
0.0
0.0
0.0
0.0
0.026515999999999998
0.159232
0.219922
0.30979399999999996
0.292541
0.249037
0.165483
0.07158199999999999
0.0
0.0
0.0
0.0
0.0
0.0
0.0
0.0
0.0
0.0
0.0
0.0
0.0
0.0
0.0
0.0
0.074559
0.21266200000000002
0.274032
0.23109
0.237426
0.20216599999999998
0.130106
0.030626999999999998
0.0
0.0
0.0
0.0
0.0
0.0
0.0
0.0
0.0
0.0
0.0
0.0
0.0
0.0
0.0
0.0
0.029155999999999998
0.14929800000000001
0.203132
0.23835699999999999
0.321806
0.346429
0.29348
0.10328799999999999
0.0
0.0
0.0
0.0
0.0
0.0
0.0
0.0
0.0
0.0
0.0
0.0
0.0
0.0
0.0
0.0
0.031085
0.15247300000000003
0.28076100000000004
0.368581
0.410998
0.38652
0.28625599999999995
0.098096
0.0
0.0
0.0
0.0
0.0
0.0
0.0
0.0
0.0
0.0
0.0
0.0
0.0
0.0
0.0
0.0
0.046310000000000004
0.188078
0.261903
0.30213799999999996
0.30377499999999996
0.264111
0.17931899999999998
0.04987
0.0
0.0
0.0
0.0
0.0
0.0
0.0
0.0
0.0
0.0
0.0
0.0
0.0
0.0
0.0
0.0
0.033314
0.132149
0.20799299999999998
0.242567
0.244421
0.21016100000000001
0.13981100000000002
0.057374
0.0
0.0
0.0
0.0
0.0
0.0
0.0
0.0
0.0
0.0
0.0
0.0
0.0
0.0
0.0
0.0
0.103333
0.339737
0.468997
0.519772
0.514162
0.446812
0.31388099999999997
0.12984700000000002
0.0
0.0
0.0
0.0
0.0
0.0
0.0
0.0
0.0
0.0
0.0
0.0
0.0
0.0
0.0
0.0
0.08662900000000001
0.30398899999999995
0.45225299999999996
0.530678
0.474863
0.311757
0.144597
0.055356999999999996
0.0
0.0
0.0
0.0
0.0
0.0
0.0
0.0
0.0
0.0
0.0
0.0
0.0
0.0
0.0
0.0
0.103534
0.298065
0.391256
0.390156
0.444321
0.449301
0.350251
0.145371
0.0
0.0
0.0
0.0
0.0
0.0
0.0
0.0
0.0
0.0
0.0
0.0
0.0
0.0
0.0
0.0
0.098393
0.26621300000000003
0.296573
0.253227
0.270044
0.24854400000000001
0.209925
0.117463
0.0
0.0
0.0
0.0
0.0
0.0
0.0
0.0
0.0
0.0
0.0
0.0
0.0
0.0
0.0
0.0
0.10935800000000001
0.32455900000000004
0.459304
0.521948
0.513126
0.44293099999999996
0.30757799999999996
0.15166
0.0
0.0
0.0
0.0
0.0
0.0
0.0
0.0
0.0
0.0
0.0
0.0
0.0
0.0
0.0
0.0
0.050042
0.14772200000000002
0.226888
0.261985
0.265593
0.233459
0.162139
0.055263
0.0
0.0
0.0
0.0
0.0
0.0
0.0
0.0
0.0
0.0
0.0
0.0
0.0
0.0
0.0
0.0
0.056809
0.172965
0.256793
0.325343
0.32685899999999996
0.28782
0.20505600000000002
0.075697
0.0
0.0
0.0
0.0
0.0
0.0
0.0
0.0
0.0
0.0
0.0
0.0
0.0
0.0
0.0
0.0
0.134438
0.34986399999999995
0.462502
0.451986
0.424723
0.337002
0.21591
0.13523500000000002
0.0014650000000000002
0.0
0.0
0.0
0.0
0.0
0.0
0.0
0.0
0.0
0.0
0.0
0.0
0.0
0.0
0.0
0.113713
0.321372
0.46210700000000005
0.527985
0.5225339999999999
0.449995
0.32072500000000004
0.132119
0.000753
0.0
0.0
0.0
0.0
0.0
0.0
0.0
0.0
0.0
0.0
0.0
0.0
0.0
0.0
0.00013000000000000002
0.148362
0.323206
0.33357
0.26959500000000003
0.27765300000000004
0.24426599999999998
0.175119
0.08218500000000001
0.000759
0.0
0.0
0.0
0.0
0.0
0.0
0.0
0.0
0.0
0.0
0.0
0.0
0.0
0.0
6.900000000000001e-05
0.139399
0.321219
0.41360199999999997
0.400754
0.449315
0.462483
0.37187400000000004
0.180073
0.003485
0.0
0.0
0.0
0.0
0.0
0.0
0.0
0.0
0.0
0.0
0.0
0.0
0.0
0.0
0.0
0.063375
0.21488200000000002
0.354728
0.465999
0.462608
0.412048
0.308091
0.188378
0.004866
0.0
0.0
0.0
0.0
0.0
0.0
0.0
0.0
0.0
0.0
0.0
0.0
0.0
0.0
0.0007379999999999999
0.138483
0.28179000000000004
0.318631
0.276717
0.281895
0.247275
0.179566
0.07335
0.001999
0.0
0.0
0.0
0.0
0.0
0.0
0.0
0.0
0.0
0.0
0.0
0.0
0.0
0.0
0.0
0.066899
0.157859
0.24241
0.279813
0.308205
0.274329
0.241843
0.15351900000000002
0.005343
0.0
0.0
0.0
0.0
0.0
0.0
0.0
0.0
0.0
0.0
0.0
0.0
0.0
0.0
0.000699
0.121048
0.313322
0.49579
0.573571
0.598026
0.55134
0.427859
0.23409100000000002
0.007837
0.0
0.0
0.0
0.0
0.0
0.0
0.0
0.0
0.0
0.0
0.0
0.0
0.0
0.0
0.0
0.04501
0.122901
0.182055
0.211847
0.214475
0.188024
0.13541399999999998
0.060918999999999994
0.001806
0.0
0.0
0.0
0.0
0.0
0.0
0.0
0.0
0.0
0.0
0.0
0.0
0.0
0.0
0.0006
0.098388
0.162911
0.245445
0.282383
0.356031
0.373334
0.337049
0.216328
0.01021
0.0
0.0
0.0
0.0
0.0
0.0
0.0
0.0
0.0
0.0
0.0
0.0
0.0
0.0
0.001278
0.10185899999999999
0.254068
0.44356599999999996
0.57797
0.59461
0.518289
0.39087299999999997
0.172247
0.006625
0.0
0.0
0.0
0.0
0.0
0.0
0.0
0.0
0.0
0.0
0.0
0.0
0.0
0.0
0.001299
0.084027
0.148262
0.200566
0.22249100000000002
0.25713400000000003
0.247669
0.183938
0.179053
0.012785
0.0
0.0
0.0
0.0
0.0
0.0
0.0
0.0
0.0
0.0
0.0
0.0
0.0
0.0
0.003533
0.151073
0.24846100000000002
0.319504
0.350288
0.383695
0.363179
0.31917
0.16625800000000002
0.011531000000000001
0.0
0.0
0.0
0.0
0.0
0.0
0.0
0.0
0.0
0.0
0.0
0.0
0.0
0.0
0.003391
0.150877
0.222056
0.322787
0.360031
0.359422
0.294048
0.189792
0.123264
0.010648
0.0
0.0
0.0
0.0
0.0
0.0
0.0
0.0
0.0
0.0
0.0
0.0
0.0
0.0
0.005436
0.107492
0.262788
0.346117
0.373897
0.371147
0.30058100000000004
0.194866
0.24456999999999998
0.030978000000000002
0.0
0.0
0.0
0.0
0.0
0.0
0.0
0.0
0.0
0.0
0.0
0.0
0.0
0.0
0.0068449999999999995
0.119583
0.31405500000000003
0.515597
0.627672
0.643122
0.579584
0.449346
0.27153
0.03462
0.0
0.0
0.0
0.0
0.0
0.0
0.0
0.0
0.0
0.0
0.0
0.0
0.0
0.0
0.010277
0.19113
0.38641699999999995
0.436747
0.447481
0.411713
0.30873
0.213393
0.118843
0.010452
0.0
0.0
0.0
0.0
0.0
0.0
0.0
0.0
0.0
0.0
0.0
0.0
0.0
0.0
0.00526
0.11042199999999999
0.201686
0.27205
0.309214
0.339584
0.33567
0.282721
0.15644999999999998
0.017693999999999998
0.0
0.0
0.0
0.0
0.0
0.0
0.0
0.0
0.0
0.0
0.0
0.0
0.0
0.0
0.013814
0.199984
0.386364
0.42701
0.441722
0.423122
0.364028
0.28246899999999997
0.157899
0.019571
0.0
0.0
0.0
0.0
0.0
0.0
0.0
0.0
0.0
0.0
0.0
0.0
0.0
0.0
0.010814
0.11861
0.21125
0.282314
0.32194
0.33702
0.313501
0.252082
0.149651
0.022119
0.0
0.0
0.0
0.0
0.0
0.0
0.0
0.0
0.0
0.0
0.0
0.0
0.0
0.0
0.013058
0.119282
0.291753
0.48318700000000003
0.6157050000000001
0.65784
0.61807
0.501379
0.315161
0.069713
0.0
0.0
0.0
0.0
0.0
0.0
0.0
0.0
0.0
0.0
0.0
0.0
0.0
0.0
0.015874
0.21420699999999998
0.389127
0.411377
0.396112
0.389294
0.353243
0.28542399999999996
0.21728899999999998
0.054016
0.0
0.0
0.0
0.0
0.0
0.0
0.0
0.0
0.0
0.0
0.0
0.0
0.0
0.0
0.017292000000000002
0.17332
0.31699900000000003
0.40295800000000004
0.439577
0.430805
0.378788
0.30111200000000005
0.153577
0.025939
0.0
0.0
0.0
0.0
0.0
0.0
0.0
0.0
0.0
0.0
0.0
0.0
0.0
0.0
0.030007000000000002
0.228679
0.45877100000000004
0.586519
0.650524
0.6715990000000001
0.62615
0.513695
0.330579
0.08906900000000001
0.0
0.0
0.0
0.0
0.0
0.0
0.0
0.0
0.0
0.0
0.0
0.0
0.0
0.0
0.044003999999999995
0.253524
0.461052
0.555783
0.5378379999999999
0.498462
0.415966
0.29842599999999997
0.185121
0.043527
0.0
0.0
0.0
0.0
0.0
0.0
0.0
0.0
0.0
0.0
0.0
0.0
0.0
0.0
0.047494999999999996
0.23772900000000002
0.462266
0.5917039999999999
0.658982
0.6690839999999999
0.6173690000000001
0.506757
0.324699
0.086273
0.0
0.0
0.0
0.0
0.0
0.0
0.0
0.0
0.0
0.0
0.0
0.0
0.0
0.0
0.054755000000000005
0.260898
0.481292
0.6129020000000001
0.6724829999999999
0.7045929999999999
0.665633
0.55847
0.361822
0.107554
0.0
0.0
0.0
0.0
0.0
0.0
0.0
0.0
0.0
0.0
0.0
0.0
0.0
0.0
0.054935000000000005
0.19411099999999998
0.340868
0.433924
0.481719
0.462791
0.402968
0.298433
0.17083
0.042308
0.0
0.0
0.0
0.0
0.0
0.0
0.0
0.0
0.0
0.0
0.0
0.0
0.0
0.0
0.064663
0.27807
0.46131900000000003
0.5745929999999999
0.62582
0.633715
0.587557
0.48067200000000004
0.335068
0.114669
0.0
0.0
0.0
0.0
0.0
0.0
0.0
0.0
0.0
0.0
0.0
0.0
0.0
0.0
0.052682
0.166035
0.27469
0.337472
0.353584
0.354341
0.323657
0.25849099999999997
0.161795
0.045682
0.0
0.0
0.0
0.0
0.0
0.0
0.0
0.0
0.0
0.0
0.0
0.0
0.0
0.0
0.054303
0.24649100000000002
0.360319
0.420471
0.413056
0.414784
0.378106
0.30396300000000004
0.21157900000000002
0.06845
0.0
0.0
0.0
0.0
0.0
0.0
0.0
0.0
0.0
0.0
0.0
0.0
0.0
0.0
0.034518
0.14474700000000001
0.24643299999999999
0.36806700000000003
0.41580900000000004
0.418655
0.381923
0.316106
0.249446
0.09836
0.0
0.0
0.0
0.0
0.0
0.0
0.0
0.0
0.0
0.0
0.0
0.0
0.0
0.0
0.08727299999999999
0.311116
0.490863
0.598877
0.648308
0.65115
0.599553
0.49116699999999996
0.33482100000000004
0.12349299999999999
0.0
0.0
0.0
0.0
0.0
0.0
0.0
0.0
0.0
0.0
0.0
0.0
0.0
0.0
0.041138
0.14855000000000002
0.256798
0.326036
0.363734
0.363641
0.32820699999999997
0.262438
0.170475
0.055624
0.0
0.0
0.0
0.0
0.0
0.0
0.0
0.0
0.0
0.0
0.0
0.0
0.0
0.0
0.050155
0.160246
0.256642
0.320911
0.352945
0.355012
0.323836
0.262063
0.226382
0.10742600000000001
0.000565
0.0
0.0
0.0
0.0
0.0
0.0
0.0
0.0
0.0
0.0
0.0
0.0
0.0
0.103577
0.31529
0.496224
0.619452
0.6838869999999999
0.68421
0.630319
0.525785
0.36527
0.143941
0.0019790000000000003
0.0
0.0
0.0
0.0
0.0
0.0
0.0
0.0
0.0
0.0
0.0
0.0
0.0
0.083643
0.163576
0.26383300000000004
0.374882
0.426971
0.419117
0.365097
0.27726999999999996
0.20180099999999998
0.08344
0.0012430000000000002
0.0
0.0
0.0
0.0
0.0
0.0
0.0
0.0
0.0
0.0
0.0
0.0
0.0
0.122205
0.34206200000000003
0.517189
0.626403
0.68065
0.59469
0.44432900000000003
0.268928
0.18097300000000002
0.06527200000000001
0.000512
0.0
0.0
0.0
0.0
0.0
0.0
0.0
0.0
0.0
0.0
0.0
0.0
0.0
0.051084000000000004
0.166657
0.263581
0.329266
0.364332
0.36583499999999997
0.334612
0.272945
0.129196
0.049116999999999994
0.0
0.0
0.0
0.0
0.0
0.0
0.0
0.0
0.0
0.0
0.0
0.0
0.0
0.0013469999999999999
0.116012
0.291998
0.401391
0.450824
0.43018900000000004
0.416445
0.363298
0.277794
0.185112
0.06928100000000001
0.0010229999999999998
0.0
0.0
0.0
0.0
0.0
0.0
0.0
0.0
0.0
0.0
0.0
0.0
0.0
0.049263
0.132913
0.221088
0.315532
0.371233
0.393692
0.425807
0.38008600000000003
0.29932600000000004
0.128605
0.00425
0.0
0.0
0.0
0.0
0.0
0.0
0.0
0.0
0.0
0.0
0.0
0.0
0.0033380000000000003
0.134069
0.385084
0.554135
0.6639790000000001
0.711372
0.719461
0.6668630000000001
0.5453060000000001
0.321752
0.10510599999999999
0.0023769999999999998
0.0
0.0
0.0
0.0
0.0
0.0
0.0
0.0
0.0
0.0
0.0
0.0
0.002682
0.113971
0.184472
0.299163
0.43601999999999996
0.515007
0.47484
0.368141
0.26786200000000004
0.19212700000000002
0.078387
0.002963
0.0
0.0
0.0
0.0
0.0
0.0
0.0
0.0
0.0
0.0
0.0
0.0
0.003192
0.113923
0.23234
0.358709
0.455882
0.516134
0.522786
0.47437999999999997
0.391563
0.28734899999999997
0.132438
0.006465
0.0
0.0
0.0
0.0
0.0
0.0
0.0
0.0
0.0
0.0
0.0
0.0
0.005176999999999999
0.125773
0.332509
0.454618
0.5445720000000001
0.588427
0.534485
0.45652699999999996
0.32498200000000005
0.278559
0.128338
0.0076100000000000004
0.0
0.0
0.0
0.0
0.0
0.0
0.0
0.0
0.0
0.0
0.0
0.0
0.00584
0.116576
0.187433
0.306757
0.39355900000000005
0.447869
0.42023
0.37624
0.290767
0.198411
0.084392
0.004182
0.0
0.0
0.0
0.0
0.0
0.0
0.0
0.0
0.0
0.0
0.0
0.0
0.008704
0.161809
0.39090600000000003
0.5512999999999999
0.644401
0.700901
0.6759189999999999
0.606364
0.46180200000000005
0.299848
0.127469
0.006969
0.0
0.0
0.0
0.0
0.0
0.0
0.0
0.0
0.0
0.0
0.0
0.0
0.005131
0.10941200000000001
0.234683
0.390949
0.507042
0.5921029999999999
0.578902
0.501618
0.402225
0.377475
0.199283
0.013730000000000001
0.0
0.0
0.0
0.0
0.0
0.0
0.0
0.0
0.0
0.0
0.0
0.0
0.01239
0.179715
0.414263
0.568661
0.65692
0.689637
0.6390309999999999
0.532809
0.40253300000000003
0.262027
0.108116
0.006755
0.0
0.0
0.0
0.0
0.0
0.0
0.0
0.0
0.0
0.0
0.0
0.0
0.006378
0.09913899999999999
0.212097
0.302558
0.367776
0.387252
0.384666
0.361774
0.29436599999999996
0.208474
0.095118
0.007397
0.0
0.0
0.0
0.0
0.0
0.0
0.0
0.0
0.0
0.0
0.0
0.0
0.006736
0.099731
0.20865799999999998
0.293292
0.354235
0.37164400000000003
0.372207
0.35311000000000003
0.29321499999999995
0.206598
0.095432
0.008054
0.0
0.0
0.0
0.0
0.0
0.0
0.0
0.0
0.0
0.0
0.0
0.0
0.010157999999999999
0.12362999999999999
0.235648
0.319649
0.369878
0.372485
0.373565
0.344237
0.29584699999999997
0.20994
0.097906
0.009061999999999999
0.0
0.0
0.0
0.0
0.0
0.0
0.0
0.0
0.0
0.0
0.0
0.0
0.007609
0.097005
0.198857
0.314387
0.38663099999999995
0.438366
0.421145
0.363038
0.298007
0.21049299999999999
0.099647
0.009943
0.0
0.0
0.0
0.0
0.0
0.0
0.0
0.0
0.0
0.0
0.0
0.0
0.011571999999999999
0.11171299999999999
0.22127000000000002
0.384453
0.529871
0.646969
0.699745
0.66862
0.581308
0.411585
0.191099
0.020822
0.0
0.0
0.0
0.0
0.0
0.0
0.0
0.0
0.0
0.0
0.0
0.0
0.014549
0.134564
0.257346
0.382729
0.48194099999999995
0.5326960000000001
0.511163
0.45332100000000003
0.365888
0.25640300000000005
0.127578
0.015781
0.0
0.0
0.0
0.0
0.0
0.0
0.0
0.0
0.0
0.0
0.0
0.0
0.018108
0.14494200000000002
0.292991
0.427601
0.543559
0.613727
0.593362
0.5231
0.42060899999999996
0.306964
0.163798
0.020375
0.0
0.0
0.0
0.0
0.0
0.0
0.0
0.0
0.0
0.0
0.0
0.0
0.019677
0.128404
0.25799500000000003
0.366447
0.436663
0.492807
0.487173
0.435728
0.366039
0.29588600000000004
0.172476
0.026289
0.0
0.0
0.0
0.0
0.0
0.0
0.0
0.0
0.0
0.0
0.0
0.0
0.0349
0.19028899999999999
0.32068599999999997
0.45099
0.562327
0.6213970000000001
0.599186
0.526449
0.42275599999999997
0.29669799999999996
0.143989
0.021945
0.0
0.0
0.0
0.0
0.0
0.0
0.0
0.0
0.0
0.0
0.0
0.0
0.025502
0.136766
0.26556799999999997
0.36094
0.423152
0.458635
0.46108499999999997
0.42815800000000004
0.368232
0.26957400000000004
0.13964500000000002
0.024106000000000002
0.0
0.0
0.0
0.0
0.0
0.0
0.0
0.0
0.0
0.0
0.0
0.0
0.030581
0.161508
0.32854300000000003
0.39686099999999996
0.408392
0.39362400000000003
0.39637900000000004
0.36616899999999997
0.31748000000000004
0.230435
0.118732
0.021809000000000002
0.0
0.0
0.0
0.0
0.0
0.0
0.0
0.0
0.0
0.0
0.0
0.0
0.049862000000000004
0.22309700000000002
0.364216
0.501897
0.6033529999999999
0.6518970000000001
0.645182
0.5938239999999999
0.48875
0.39766399999999996
0.21679099999999998
0.040208
0.0
0.0
0.0
0.0
0.0
0.0
0.0
0.0
0.0
0.0
0.0
0.0
0.047668
0.213788
0.369853
0.5134489999999999
0.630197
0.685629
0.697542
0.655719
0.559392
0.42141
0.224677
0.042084
0.0
0.0
0.0
0.0
0.0
0.0
0.0
0.0
0.0
0.0
0.0
0.0
0.061623
0.26366500000000004
0.471686
0.6036090000000001
0.675921
0.690981
0.654781
0.565681
0.44520800000000005
0.348294
0.20069900000000002
0.042081
0.0
0.0
0.0
0.0
0.0
0.0
0.0
0.0
0.0
0.0
0.0
0.0
0.053862
0.17585599999999998
0.248894
0.3885
0.5203139999999999
0.618122
0.636367
0.626957
0.544431
0.40646699999999997
0.217681
0.043831
0.0
0.0
0.0
0.0
0.0
0.0
0.0
0.0
0.0
0.0
0.0
0.0
0.057461
0.235226
0.437318
0.593767
0.700252
0.761962
0.722384
0.631583
0.491339
0.38505
0.221167
0.048618
0.0
0.0
0.0
0.0
0.0
0.0
0.0
0.0
0.0
0.0
0.0
0.0
0.04918
0.18179900000000002
0.345037
0.46670100000000003
0.5717920000000001
0.6256799999999999
0.624948
0.5814020000000001
0.482396
0.325306
0.15508000000000002
0.032293999999999996
0.0
0.0
0.0
0.0
0.0
0.0
0.0
0.0
0.0
0.0
0.0
0.0
0.045237
0.146488
0.252484
0.33538799999999996
0.382688
0.411156
0.430782
0.423244
0.388503
0.28106200000000003
0.156588
0.038992
0.0
0.0
0.0
0.0
0.0
0.0
0.0
0.0
0.0
0.0
0.0
0.000423
0.06767100000000001
0.227937
0.35575
0.450804
0.497562
0.488572
0.46296
0.397578
0.328112
0.25769400000000003
0.15169
0.040723
0.0
0.0
0.0
0.0
0.0
0.0
0.0
0.0
0.0
0.0
0.0
0.0
0.050308
0.15245699999999998
0.257631
0.32784800000000003
0.379408
0.40378699999999995
0.40189600000000003
0.371724
0.323711
0.241474
0.134041
0.037031999999999995
0.0
0.0
0.0
0.0
0.0
0.0
0.0
0.0
0.0
0.0
0.0
0.0
0.053829999999999996
0.15668600000000002
0.262551
0.335263
0.391994
0.419432
0.42689
0.403114
0.35822899999999996
0.270586
0.157136
0.043546999999999995
0.0
0.0
0.0
0.0
0.0
0.0
0.0
0.0
0.0
0.0
0.0
0.00086
0.070747
0.225905
0.38559699999999997
0.544953
0.674052
0.760828
0.657734
0.505697
0.318013
0.243929
0.136742
0.040269
0.0
0.0
0.0
0.0
0.0
0.0
0.0
0.0
0.0
0.0
0.0
0.002264
0.07061
0.184296
0.26392200000000005
0.332914
0.389383
0.417186
0.415553
0.385443
0.326819
0.249365
0.140227
0.0425
0.0
0.0
0.0
0.0
0.0
0.0
0.0
0.0
0.0
0.0
0.0
0.003746
0.094357
0.305592
0.51939
0.672787
0.75624
0.772045
0.710704
0.602721
0.455926
0.314924
0.161365
0.044158
0.0
0.0
0.0
0.0
0.0
0.0
0.0
0.0
0.0
0.0
0.0
0.0052439999999999995
0.103806
0.316625
0.5309579999999999
0.6794629999999999
0.768412
0.7940470000000001
0.754
0.6605789999999999
0.513341
0.40493900000000005
0.247876
0.06577200000000001
0.000843
0.0
0.0
0.0
0.0
0.0
0.0
0.0
0.0
0.0
0.0
0.006444
0.107319
0.31601799999999997
0.507559
0.6484099999999999
0.747778
0.7964070000000001
0.804089
0.755534
0.650235
0.48908999999999997
0.277988
0.070086
0.001451
0.0
0.0
0.0
0.0
0.0
0.0
0.0
0.0
0.0
0.0
0.008096
0.116486
0.318861
0.486496
0.5668110000000001
0.572759
0.506603
0.479887
0.41171199999999997
0.32893700000000003
0.252923
0.14629499999999998
0.049066000000000005
0.0
0.0
0.0
0.0
0.0
0.0
0.0
0.0
0.0
0.0
0.0
0.003827
0.07118300000000001
0.179227
0.276386
0.34519099999999997
0.396926
0.42135700000000004
0.416031
0.381594
0.322606
0.25089
0.15018700000000001
0.050578000000000005
0.0
0.0
0.0
0.0
0.0
0.0
0.0
0.0
0.0
0.0
0.0
0.004422
0.073666
0.17815899999999998
0.27268400000000004
0.33822800000000003
0.387638
0.40860199999999997
0.40538799999999997
0.375034
0.31870499999999996
0.248438
0.14975
0.050851999999999994
1.2e-05
0.0
0.0
0.0
0.0
0.0
0.0
0.0
0.0
0.0
0.0
0.008484
0.106598
0.277949
0.44572
0.598069
0.702476
0.7616219999999999
0.7528060000000001
0.694159
0.592157
0.449826
0.259772
0.075265
0.002951
0.0
0.0
0.0
0.0
0.0
0.0
0.0
0.0
0.0
0.0
0.007352
0.08837600000000001
0.21012999999999998
0.317005
0.399749
0.46217899999999995
0.492516
0.46949599999999997
0.406195
0.326496
0.252523
0.15197
0.052694000000000005
0.000498
0.0
0.0
0.0
0.0
0.0
0.0
0.0
0.0
0.0
0.0
0.009958
0.118633
0.305801
0.478329
0.6125879999999999
0.6910729999999999
0.726168
0.703133
0.618227
0.514015
0.396257
0.241394
0.07717
0.004178
0.0
0.0
0.0
0.0
0.0
0.0
0.0
0.0
0.0
0.0
0.010839
0.131502
0.322924
0.487968
0.61858
0.706847
0.746644
0.751085
0.707465
0.6154149999999999
0.46524200000000004
0.27582799999999996
0.081562
0.005254
0.0
0.0
0.0
0.0
0.0
0.0
0.0
0.0
0.0
0.0
0.009913
0.084569
0.189153
0.28166800000000003
0.347284
0.394816
0.418041
0.5688759999999999
0.648924
0.606923
0.469796
0.277061
0.083802
0.005654
0.0
0.0
0.0
0.0
0.0
0.0
0.0
0.0
0.0
0.0
0.014707000000000001
0.116729
0.27655599999999997
0.427747
0.561494
0.660523
0.7062050000000001
0.655292
0.5645950000000001
0.448401
0.364925
0.23380199999999998
0.07862000000000001
0.005602
0.0
0.0
0.0
0.0
0.0
0.0
0.0
0.0
0.0
0.0
0.016491
0.11794
0.256113
0.36329700000000004
0.447502
0.478594
0.476107
0.462844
0.398852
0.32406799999999997
0.252934
0.15650999999999998
0.060643999999999997
0.003941
0.0
0.0
0.0
0.0
0.0
0.0
0.0
0.0
0.0
0.0
0.01833
0.12387000000000001
0.300252
0.482566
0.611324
0.6784260000000001
0.684053
0.68613
0.643412
0.55565
0.42544099999999996
0.250352
0.084118
0.006628
0.0
0.0
0.0
0.0
0.0
0.0
0.0
0.0
0.0
0.0
0.016486
0.09231600000000001
0.196138
0.288731
0.354887
0.40425
0.427979
0.421748
0.387409
0.32918000000000003
0.257463
0.16006700000000001
0.06306300000000001
0.0050750000000000005
0.0
0.0
0.0
0.0
0.0
0.0
0.0
0.0
0.0
0.0
0.02207
0.13488
0.30942899999999995
0.466654
0.566313
0.620266
0.623775
0.592195
0.51764
0.420296
0.286793
0.16894499999999998
0.064013
0.003227
0.0
0.0
0.0
0.0
0.0
0.0
0.0
0.0
0.0
0.0
0.021027
0.123817
0.316745
0.525474
0.665504
0.749852
0.782243
0.699688
0.525477
0.336655
0.281785
0.18634
0.075974
0.007452
0.0
0.0
0.0
0.0
0.0
0.0
0.0
0.0
0.0
0.0
0.024423999999999998
0.137231
0.24650999999999998
0.292046
0.449421
0.593869
0.70845
0.617005
0.488507
0.344979
0.27809300000000003
0.183161
0.07642499999999999
0.007418
0.0
0.0
0.0
0.0
0.0
0.0
0.0
0.0
0.0
0.0
0.024404
0.11463899999999999
0.243845
0.386189
0.502683
0.589994
0.648092
0.680866
0.6614289999999999
0.5866140000000001
0.4233
0.23889
0.085438
0.008988
0.0
0.0
0.0
0.0
0.0
0.0
0.0
0.0
0.0
0.0
0.025710999999999998
0.105392
0.206967
0.289439
0.378661
0.45504500000000003
0.505047
0.488604
0.443149
0.389356
0.280794
0.169874
0.070039
0.009022
0.0
0.0
0.0
0.0
0.0
0.0
0.0
0.0
0.0
0.0
0.026593
0.104651
0.203224
0.28193599999999996
0.352206
0.403069
0.427515
0.42333800000000005
0.40492399999999995
0.347425
0.25865499999999997
0.16623400000000002
0.0711
0.00928
0.0
0.0
0.0
0.0
0.0
0.0
0.0
0.0
0.0
0.0
0.027104
0.11743300000000001
0.251521
0.399771
0.474655
0.504935
0.494435
0.475932
0.426983
0.350285
0.253982
0.159988
0.07006100000000001
0.006766
0.0
0.0
0.0
0.0
0.0
0.0
0.0
0.0
0.0
0.0
0.026711
0.10306
0.205862
0.311224
0.385316
0.433904
0.451715
0.445673
0.409784
0.349928
0.259116
0.15709399999999998
0.067803
0.007904
0.0
0.0
0.0
0.0
0.0
0.0
0.0
0.0
0.0
0.0
0.037802
0.168593
0.35487799999999997
0.534106
0.61537
0.6252000000000001
0.5992820000000001
0.52316
0.404962
0.287826
0.257851
0.189335
0.090517
0.011574999999999998
0.0
0.0
0.0
0.0
0.0
0.0
0.0
0.0
0.0
0.0
0.038153
0.184172
0.396846
0.5780879999999999
0.716247
0.805004
0.833333
0.8166530000000001
0.739716
0.616561
0.48573500000000003
0.307262
0.109909
0.014884999999999999
0.0
0.0
0.0
0.0
0.0
0.0
0.0
0.0
0.0
0.0
0.037898
0.18372300000000003
0.37407999999999997
0.519458
0.63919
0.71926
0.7514
0.744321
0.6952820000000001
0.6063379999999999
0.478175
0.30410000000000004
0.11100199999999999
0.01515
0.0
0.0
0.0
0.0
0.0
0.0
0.0
0.0
0.0
7.199999999999999e-05
0.039784999999999994
0.16975800000000002
0.31478100000000003
0.411933
0.45981299999999997
0.468711
0.437936
0.42662700000000003
0.396546
0.342617
0.26795800000000003
0.17669100000000001
0.079712
0.012237
0.0
0.0
0.0
0.0
0.0
0.0
0.0
0.0
0.0
0.000644
0.040812
0.188811
0.384397
0.542548
0.6684
0.753419
0.791101
0.782559
0.728315
0.6284420000000001
0.486314
0.306231
0.113134
0.016885999999999998
0.0
0.0
0.0
0.0
0.0
0.0
0.0
0.0
0.0
0.000669
0.060105
0.194017
0.388988
0.5301330000000001
0.639927
0.70604
0.731996
0.746425
0.7077490000000001
0.618933
0.479967
0.297056
0.112717
0.019544
0.0
0.0
0.0
0.0
0.0
0.0
0.0
0.0
0.0
0.0011719999999999999
0.061047
0.189742
0.367944
0.496392
0.551526
0.545175
0.487102
0.46027300000000004
0.411591
0.340683
0.256202
0.169243
0.07798300000000001
0.016029
0.0
0.0
0.0
0.0
0.0
0.0
0.0
0.0
0.0
0.001692
0.058046999999999994
0.161765
0.259514
0.29685500000000004
0.36438
0.41091300000000003
0.43056900000000004
0.427899
0.397741
0.340499
0.287731
0.198615
0.094625
0.019638000000000003
0.0
0.0
0.0
0.0
0.0
0.0
0.0
0.0
0.0
0.0005729999999999999
0.035857999999999994
0.168292
0.360332
0.510811
0.622644
0.609336
0.461335
0.420283
0.367553
0.29513
0.24828
0.175706
0.088393
0.021981999999999998
0.0
0.0
0.0
0.0
0.0
0.0
0.0
0.0
0.0
0.001324
0.043828000000000006
0.161499
0.326464
0.4982
0.578782
0.606847
0.592072
0.569442
0.501915
0.411554
0.30483699999999997
0.189811
0.08695900000000001
0.022129000000000003
0.0
0.0
0.0
0.0
0.0
0.0
0.0
0.0
0.0
0.000449
0.038192
0.113531
0.209475
0.307151
0.38183999999999996
0.413166
0.427939
0.42213
0.390478
0.34574900000000003
0.273069
0.178704
0.086128
0.022674
0.0
0.0
0.0
0.0
0.0
0.0
0.0
0.0
0.0
0.001595
0.049738
0.161323
0.29593200000000003
0.409922
0.502321
0.568375
0.59861
0.613874
0.5947530000000001
0.54171
0.399067
0.24915
0.10893699999999999
0.024678000000000002
0.0
0.0
0.0
0.0
0.0
0.0
0.0
0.0
0.0
0.002047
0.045225
0.140594
0.23718199999999998
0.303902
0.369862
0.413489
0.428145
0.426332
0.398349
0.345087
0.270855
0.181613
0.090122
0.025914000000000003
0.0
0.0
0.0
0.0
0.0
0.0
0.0
0.0
0.0
0.004044
0.053774999999999996
0.182107
0.343036
0.47824900000000004
0.533513
0.533788
0.49066699999999996
0.49129700000000004
0.462776
0.414854
0.317776
0.21485300000000002
0.104457
0.026133
0.0
0.0
0.0
0.0
0.0
0.0
0.0
0.0
0.0
0.001549
0.045267
0.130342
0.22397999999999998
0.312358
0.399865
0.464644
0.506031
0.485225
0.432543
0.35786
0.277764
0.182143
0.089843
0.026158
0.0
0.0
0.0
0.0
0.0
0.0
0.0
0.0
0.0
0.005082
0.061262
0.200103
0.377193
0.5169819999999999
0.567495
0.548817
0.469508
0.5929289999999999
0.651189
0.612482
0.48299400000000003
0.31290300000000004
0.130056
0.022283999999999998
0.0
0.0
0.0
0.0
0.0
0.0
0.0
0.0
0.0
0.006178
0.061442000000000004
0.191436
0.35057
0.48073
0.612589
0.71864
0.7740009999999999
0.69529
0.5763659999999999
0.409554
0.310141
0.198702
0.09516200000000001
0.027855
0.0
0.0
0.0
0.0
0.0
0.0
0.0
0.0
0.0
0.003229
0.054003
0.145249
0.231721
0.30374900000000005
0.374898
0.41424700000000003
0.435847
0.43198899999999996
0.401706
0.355764
0.280856
0.187781
0.094873
0.026321
0.0
0.0
0.0
0.0
0.0
0.0
0.0
0.0
0.0
0.00636
0.072235
0.22531299999999999
0.422813
0.577845
0.69471
0.758681
0.776284
0.748195
0.6614690000000001
0.55571
0.45011599999999996
0.304582
0.134011
0.029304
0.0
0.0
0.0
0.0
0.0
0.0
0.0
0.0
0.0
0.008044
0.072741
0.222988
0.40597000000000005
0.533548
0.6024360000000001
0.623158
0.6049329999999999
0.6512380000000001
0.6728
0.621802
0.456518
0.282067
0.126218
0.035038
0.0
0.0
0.0
0.0
0.0
0.0
0.0
0.0
0.0
0.003952
0.053344
0.14147800000000002
0.235574
0.310455
0.372019
0.412571
0.42927699999999996
0.506155
0.5163329999999999
0.49133499999999997
0.40943599999999997
0.278921
0.12748099999999998
0.033265
0.0
0.0
0.0
0.0
0.0
0.0
0.0
0.0
0.0
0.006727
0.061673
0.171309
0.281395
0.37579
0.45264800000000005
0.49007100000000003
0.509533
0.5009
0.463429
0.410019
0.325704
0.218135
0.108864
0.033261000000000006
0.0
0.0
0.0
0.0
0.0
0.0
0.0
0.0
0.0
0.005708
0.054820999999999995
0.15829
0.286623
0.42919
0.505865
0.535139
0.539805
0.50834
0.449411
0.356911
0.28987599999999997
0.203261
0.109087
0.03519
0.0
0.0
0.0
0.0
0.0
0.0
0.0
0.0
0.0
0.008762
0.074351
0.189875
0.286899
0.33231099999999997
0.401971
0.447415
0.46299900000000005
0.552175
0.569126
0.541829
0.40889
0.26143500000000003
0.12400499999999999
0.036635
0.0
0.0
0.0
0.0
0.0
0.0
0.0
0.0
0.0
0.005485
0.057225
0.147256
0.242565
0.316758
0.390672
0.440911
0.464702
0.459279
0.427196
0.370271
0.292265
0.202264
0.108207
0.036039
0.0
0.0
0.0
0.0
0.0
0.0
0.0
0.0
0.0
0.006208
0.057863
0.144208
0.237141
0.31132299999999996
0.372602
0.410217
0.420968
0.422118
0.395368
0.35346
0.294932
0.21022
0.116051
0.039549
0.000365
0.0
0.0
0.0
0.0
0.0
0.0
0.0
0.0
0.010097
0.074199
0.221321
0.397951
0.520909
0.637888
0.7129909999999999
0.732028
0.688359
0.598724
0.470147
0.35984
0.23488
0.11934900000000001
0.03628
0.0
0.0
0.0
0.0
0.0
0.0
0.0
0.0
0.0
0.0063159999999999996
0.05435
0.140124
0.22823
0.308652
0.359986
0.397381
0.41115199999999996
0.389989
0.34376999999999996
0.27138
0.250822
0.192899
0.11335200000000001
0.039661999999999996
0.000268
0.0
0.0
0.0
0.0
0.0
0.0
0.0
0.0
0.008935
0.062472
0.15860300000000002
0.260363
0.352375
0.411356
0.454187
0.472605
0.46648700000000004
0.43669
0.391478
0.30335500000000004
0.202869
0.10502
0.037098
0.0
0.0
0.0
0.0
0.0
0.0
0.0
0.0
0.0
0.009821
0.063891
0.160025
0.264157
0.357973
0.426967
0.480572
0.506151
0.511645
0.483538
0.435271
0.34203500000000003
0.22776400000000002
0.117488
0.038786
0.0
0.0
0.0
0.0
0.0
0.0
0.0
0.0
0.0
0.011566
0.063361
0.169537
0.28187599999999996
0.38533
0.45307400000000003
0.50524
0.5291699999999999
0.501478
0.44249
0.364798
0.293536
0.20385599999999998
0.111921
0.042759
0.0020800000000000003
0.0
0.0
0.0
0.0
0.0
0.0
0.0
0.0
0.013895
0.08331100000000001
0.214608
0.333823
0.376164
0.438178
0.455322
0.43447199999999997
0.440102
0.41867000000000004
0.377956
0.283753
0.18341
0.097314
0.042226999999999994
0.000978
0.0
0.0
0.0
0.0
0.0
0.0
0.0
0.0
0.013788
0.068888
0.17472
0.293299
0.406875
0.49650900000000003
0.5650599999999999
0.603446
0.631116
0.611817
0.554318
0.453569
0.314425
0.150841
0.034097
0.003743
0.0
0.0
0.0
0.0
0.0
0.0
0.0
0.0
0.013917
0.077007
0.203025
0.35791300000000004
0.48838099999999995
0.61165
0.703013
0.7539049999999999
0.68188
0.5718920000000001
0.41462400000000005
0.339983
0.23561
0.12628799999999998
0.043474
0.0013180000000000002
0.0
0.0
0.0
0.0
0.0
0.0
0.0
0.0
0.013646
0.07027599999999999
0.181975
0.28724299999999997
0.37793400000000005
0.42835500000000004
0.454903
0.453075
0.469804
0.45663
0.42307100000000003
0.321903
0.213959
0.11549
0.041558
0.00139
0.0
0.0
0.0
0.0
0.0
0.0
0.0
0.0
0.011371000000000001
0.06676900000000001
0.16602699999999998
0.29762700000000003
0.436256
0.505333
0.541123
0.534523
0.5046080000000001
0.44728199999999996
0.371291
0.316288
0.23230099999999998
0.134553
0.046738
0.001999
0.0
0.0
0.0
0.0
0.0
0.0
0.0
0.0
0.015513
0.069539
0.210204
0.38239999999999996
0.5323089999999999
0.6393759999999999
0.707328
0.729188
0.74511
0.71005
0.631211
0.49985700000000005
0.338712
0.159213
0.035942
0.005318
0.0
0.0
0.0
0.0
0.0
0.0
0.0
0.0
0.014842000000000001
0.068643
0.22529
0.40234699999999995
0.5312680000000001
0.642197
0.7070299999999999
0.730081
0.723555
0.67728
0.5935710000000001
0.47281
0.32289
0.15457400000000002
0.035795
0.005143
0.0
0.0
0.0
0.0
0.0
0.0
0.0
0.0
0.014698000000000001
0.068439
0.225916
0.387339
0.492422
0.558587
0.586447
0.570149
0.551751
0.501718
0.424203
0.33954399999999996
0.234847
0.129878
0.047630000000000006
0.004014
0.0
0.0
0.0
0.0
0.0
0.0
0.0
0.0
0.015033
0.067807
0.22506800000000002
0.399735
0.535851
0.646236
0.7218300000000001
0.756181
0.734448
0.674154
0.574492
0.4363
0.287586
0.140987
0.046274
0.002372
0.0
0.0
0.0
0.0
0.0
0.0
0.0
0.0
0.012505
0.06556000000000001
0.14643
0.231108
0.309476
0.364066
0.41457299999999997
0.43509
0.433786
0.412539
0.374676
0.302236
0.212945
0.122572
0.047811
0.0026309999999999997
0.0
0.0
0.0
0.0
0.0
0.0
0.0
0.0
0.016146999999999998
0.071034
0.216005
0.370714
0.493584
0.591232
0.655142
0.6785460000000001
0.662862
0.6093390000000001
0.523361
0.441329
0.308851
0.164698
0.049475
0.004352
0.0
0.0
0.0
0.0
0.0
0.0
0.0
0.0
0.013116
0.068021
0.15224100000000002
0.241822
0.32690800000000003
0.383606
0.42732
0.447442
0.44241699999999995
0.413989
0.370342
0.3388
0.270719
0.158781
0.043142
0.006573000000000001
0.0
0.0
0.0
0.0
0.0
0.0
0.0
0.0
0.016137000000000002
0.074182
0.17037200000000002
0.266231
0.351811
0.40276
0.437337
0.446299
0.440782
0.410165
0.367287
0.315525
0.235274
0.142307
0.052776
0.004979
0.0
0.0
0.0
0.0
0.0
0.0
0.0
0.0
0.016401
0.06933199999999999
0.23086099999999998
0.40499799999999997
0.528369
0.61964
0.6722870000000001
0.693021
0.723482
0.696866
0.619392
0.49636399999999997
0.34275900000000004
0.170744
0.042765
0.006991
0.0
0.0
0.0
0.0
0.0
0.0
0.0
0.0
0.015962
0.06828000000000001
0.21328
0.361075
0.46766599999999997
0.587447
0.6832699999999999
0.732066
0.7162000000000001
0.660584
0.5681470000000001
0.44917599999999996
0.30456599999999995
0.152221
0.042649
0.0066500000000000005
0.0
0.0
0.0
0.0
0.0
0.0
0.0
0.0
0.016039
0.06674899999999999
0.14672
0.23041
0.308983
0.36367099999999997
0.4065
0.42680799999999997
0.424377
0.397389
0.357556
0.28978899999999996
0.204791
0.119571
0.049933
0.004522
0.0
0.0
0.0
0.0
0.0
0.0
0.0
0.0
0.015168
0.06877
0.152596
0.24627600000000002
0.33501600000000004
0.388851
0.427499
0.441368
0.440355
0.415582
0.373424
0.36773500000000003
0.298075
0.16613
0.051947
0.004743000000000001
0.0
0.0
0.0
0.0
0.0
0.0
0.0
0.0
0.012558
0.068748
0.154887
0.247252
0.335747
0.37679700000000005
0.396565
0.374911
0.371955
0.348334
0.316664
0.255704
0.183838
0.110778
0.046779
0.002693
0.0
0.0
0.0
0.0
0.0
0.0
0.0
0.0
0.013865
0.06815
0.152822
0.242975
0.32881900000000003
0.383032
0.42213
0.433983
0.469341
0.46713299999999996
0.441187
0.35663799999999996
0.251797
0.144533
0.055177
0.0049429999999999995
0.0
0.0
0.0
0.0
0.0
0.0
0.0
0.0
0.015074
0.068229
0.14893299999999998
0.23506100000000002
0.315116
0.398125
0.46730700000000003
0.51474
0.535153
0.516064
0.46922699999999995
0.411961
0.310376
0.170578
0.048767000000000005
0.005916
0.0
0.0
0.0
0.0
0.0
0.0
0.0
0.0
0.016277999999999997
0.074397
0.183388
0.31098200000000004
0.420478
0.48884
0.525201
0.522989
0.495788
0.440216
0.366848
0.30104899999999996
0.21527000000000002
0.12860400000000002
0.052796
0.007098
0.0
0.0
0.0
0.0
0.0
0.0
0.0
0.0
0.016418
0.06748399999999999
0.21565700000000002
0.378184
0.50097
0.595606
0.655037
0.679963
0.685041
0.657455
0.5884170000000001
0.44042000000000003
0.279303
0.13709100000000002
0.049714
0.004037
0.0
0.0
0.0
0.0
0.0
0.0
0.0
0.0
0.015681
0.069742
0.191321
0.330192
0.43703699999999995
0.521304
0.575194
0.5987709999999999
0.5596369999999999
0.493468
0.39889199999999997
0.32162
0.22120099999999998
0.12356199999999999
0.050878
0.003527
0.0
0.0
0.0
0.0
0.0
0.0
0.0
0.0
0.011181
0.063392
0.147058
0.234509
0.315832
0.38881299999999996
0.42562700000000003
0.448406
0.4214
0.369964
0.29326100000000005
0.246793
0.179988
0.108934
0.04934
0.003692
0.0
0.0
0.0
0.0
0.0
0.0
0.0
0.0
0.009315
0.058997999999999995
0.124246
0.191913
0.249224
0.33704199999999995
0.402188
0.449695
0.438711
0.406789
0.348203
0.29089800000000005
0.21343
0.126939
0.050674
0.003089
0.0
0.0
0.0
0.0
0.0
0.0
0.0
0.0
0.009186
0.058587
0.13190100000000002
0.221449
0.316098
0.379107
0.417414
0.42769799999999997
0.432351
0.409798
0.36139299999999996
0.290259
0.210191
0.125894
0.051368000000000004
0.004149
0.0
0.0
0.0
0.0
0.0
0.0
0.0
0.0
0.011694000000000001
0.062204
0.157183
0.282539
0.410505
0.517821
0.5754199999999999
0.601932
0.59696
0.562988
0.499631
0.42080900000000004
0.308325
0.164268
0.049423
0.0072050000000000005
0.0
0.0
0.0
0.0
0.0
0.0
0.0
0.0
0.013724
0.064955
0.210904
0.38111900000000004
0.507902
0.5911069999999999
0.635983
0.6363110000000001
0.608754
0.52736
0.411111
0.320791
0.218632
0.122484
0.050448
0.004006999999999999
0.0
0.0
0.0
0.0
0.0
0.0
0.0
0.0
0.014806
0.066152
0.187748
0.335625
0.46108899999999997
0.557432
0.639562
0.679078
0.670192
0.6217870000000001
0.537073
0.38857600000000003
0.24512
0.12291500000000001
0.050871
0.00405
0.0
0.0
0.0
0.0
0.0
0.0
0.0
0.0
0.008246
0.056104
0.12679300000000002
0.21241300000000002
0.29932600000000004
0.36935
0.41539
0.439382
0.43451799999999996
0.40495600000000004
0.347483
0.27302699999999996
0.190629
0.110669
0.048490000000000005
0.003027
0.0
0.0
0.0
0.0
0.0
0.0
0.0
0.0
0.010993000000000001
0.060495
0.141569
0.22637200000000002
0.30406900000000003
0.37362599999999996
0.41941300000000004
0.442452
0.47253300000000004
0.462823
0.413497
0.350865
0.263002
0.149647
0.052471
0.006252
0.0
0.0
0.0
0.0
0.0
0.0
0.0
0.0
0.014079000000000001
0.065372
0.156863
0.241415
0.311507
0.411519
0.504749
0.567493
0.5253450000000001
0.447781
0.351903
0.296116
0.212446
0.125635
0.050756
0.0034879999999999998
0.0
0.0
0.0
0.0
0.0
0.0
0.0
0.0
0.007516
0.052020000000000004
0.119395
0.186667
0.253874
0.32671300000000003
0.390806
0.443716
0.428164
0.398706
0.353456
0.323023
0.256707
0.15185900000000002
0.056957
0.006269
0.0
0.0
0.0
0.0
0.0
0.0
0.0
0.0
0.012596999999999999
0.06371500000000001
0.159674
0.25558000000000003
0.340874
0.39280200000000004
0.426334
0.436036
0.5185339999999999
0.539297
0.523846
0.426276
0.299999
0.159744
0.046948000000000004
0.007799
0.0
0.0
0.0
0.0
0.0
0.0
0.0
0.0
0.012699
0.072333
0.20107
0.370969
0.511404
0.617707
0.6876599999999999
0.711835
0.7061499999999999
0.662372
0.58263
0.43648000000000003
0.280745
0.140695
0.055424
0.0063360000000000005
0.0
0.0
0.0
0.0
0.0
0.0
0.0
0.0
0.01192
0.063321
0.18131999999999998
0.341579
0.49581200000000003
0.568046
0.599302
0.5814940000000001
0.622321
0.616488
0.577183
0.39037299999999997
0.21638300000000002
0.137087
0.052837
0.003954
0.0
0.0
0.0
0.0
0.0
0.0
0.0
0.0
0.007772
0.058751
0.162148
0.322824
0.494008
0.529533
0.501582
0.423361
0.418566
0.397868
0.36265499999999995
0.29663799999999996
0.21225
0.125264
0.050214
0.003436
0.0
0.0
0.0
0.0
0.0
0.0
0.0
0.0
0.005736
0.052276
0.11881699999999999
0.189438
0.255339
0.297998
0.33026
0.344421
0.379303
0.379058
0.361456
0.312028
0.234686
0.144369
0.050126
0.007453
0.0
0.0
0.0
0.0
0.0
0.0
0.0
0.0
0.006984
0.056091
0.13899199999999998
0.226518
0.31095999999999996
0.369021
0.41449
0.436513
0.432983
0.406585
0.36562
0.314472
0.23555600000000002
0.143144
0.055041
0.005804
0.0
0.0
0.0
0.0
0.0
0.0
0.0
0.0
0.009626
0.059069
0.154275
0.263505
0.36779700000000004
0.439112
0.49494900000000003
0.5241420000000001
0.499669
0.444941
0.371281
0.32758699999999996
0.250769
0.143487
0.055274000000000004
0.006218
0.0
0.0
0.0
0.0
0.0
0.0
0.0
0.0
0.009702
0.06619
0.191871
0.35857
0.486502
0.591677
0.659972
0.688788
0.614114
0.499508
0.357499
0.371309
0.311368
0.17424199999999998
0.044741
0.006573000000000001
0.0
0.0
0.0
0.0
0.0
0.0
0.0
0.0
0.00836
0.057545
0.170377
0.337667
0.502185
0.594106
0.629089
0.624464
0.566473
0.472845
0.359626
0.31477499999999997
0.234078
0.14082499999999998
0.048558
0.004605000000000001
0.0
0.0
0.0
0.0
0.0
0.0
0.0
0.0
0.007828
0.063425
0.198543
0.37836000000000003
0.523435
0.6254059999999999
0.682284
0.697923
0.686041
0.637659
0.559446
0.445514
0.304559
0.153893
0.04974
0.0033439999999999998
0.0
0.0
0.0
0.0
0.0
0.0
0.0
0.0
0.00797
0.062484000000000005
0.18687700000000002
0.358531
0.504398
0.599441
0.649947
0.658005
0.614643
0.527323
0.408089
0.318005
0.214323
0.117497
0.04678499999999999
0.00228
0.0
0.0
0.0
0.0
0.0
0.0
0.0
0.0
0.0041459999999999995
0.050279000000000004
0.140435
0.263941
0.39587
0.524384
0.625371
0.695767
0.642682
0.5437000000000001
0.41566899999999996
0.324523
0.220575
0.121934
0.046937
0.001868
0.0
0.0
0.0
0.0
0.0
0.0
0.0
0.0
0.004723
0.053405
0.14666200000000001
0.251089
0.349553
0.42540300000000003
0.488755
0.515619
0.516076
0.47383800000000004
0.429273
0.34532
0.239294
0.13609800000000002
0.048465
0.002311
0.0
0.0
0.0
0.0
0.0
0.0
0.0
0.0
0.003564
0.050268
0.153703
0.272464
0.37511500000000003
0.454941
0.507202
0.534843
0.5516660000000001
0.528983
0.473211
0.346834
0.22818100000000002
0.11737900000000001
0.045834
0.001784
0.0
0.0
0.0
0.0
0.0
0.0
0.0
0.0
0.005826
0.058436999999999996
0.18002500000000002
0.352852
0.500394
0.5916140000000001
0.631103
0.631555
0.590758
0.508443
0.402284
0.313726
0.21215
0.115618
0.046064
0.004593
0.0
0.0
0.0
0.0
0.0
0.0
0.0
0.0
0.002532
0.044703
0.117805
0.218386
0.32907600000000004
0.432022
0.530461
0.5935069999999999
0.5521889999999999
0.470189
0.367953
0.368493
0.298688
0.162853
0.041078
0.004719999999999999
0.0
0.0
0.0
0.0
0.0
0.0
0.0
0.0
0.0026219999999999998
0.044378999999999995
0.12695499999999998
0.217555
0.30450299999999997
0.393795
0.462678
0.509965
0.535818
0.5221720000000001
0.47699
0.414312
0.306513
0.16385
0.039316000000000004
0.005135
0.0
0.0
0.0
0.0
0.0
0.0
0.0
0.0
0.006528
0.057119
0.190049
0.366334
0.504578
0.619812
0.700252
0.740341
0.7380990000000001
0.694674
0.612461
0.501526
0.352373
0.169943
0.036476999999999996
0.0046040000000000005
0.0
0.0
0.0
0.0
0.0
0.0
0.0
0.0
0.005951
0.054975
0.184865
0.361707
0.5056080000000001
0.626015
0.70853
0.749769
0.74286
0.698658
0.607244
0.459369
0.295938
0.14118
0.043629
0.001232
0.0
0.0
0.0
0.0
0.0
0.0
0.0
0.0
0.003593
0.048021
0.173267
0.355352
0.50917
0.5773809999999999
0.5366599999999999
0.413586
0.414451
0.39191899999999996
0.33946699999999996
0.29686599999999996
0.220726
0.131229
0.041495
0.00123
0.0
0.0
0.0
0.0
0.0
0.0
0.0
0.0
0.001906
0.044338999999999996
0.133251
0.22001099999999998
0.294784
0.302688
0.31794
0.336882
0.335765
0.326113
0.28518099999999996
0.228465
0.18710400000000002
0.115581
0.044736
0.001353
0.0
0.0
0.0
0.0
0.0
0.0
0.0
0.0
0.003639
0.041692
0.148423
0.261818
0.337971
0.421596
0.46864
0.502632
0.49676
0.464192
0.414219
0.33569
0.231208
0.12562900000000002
0.041530000000000004
0.000116
0.0
0.0
0.0
0.0
0.0
0.0
0.0
0.0
0.0
0.037735
0.102754
0.181804
0.259893
0.325794
0.38578199999999996
0.411537
0.447523
0.44263600000000003
0.395259
0.336486
0.250047
0.137514
0.042131
0.001117
0.0
0.0
0.0
0.0
0.0
0.0
0.0
0.0
0.000653
0.037606
0.12056
0.219057
0.31917
0.401403
0.457766
0.492926
0.469888
0.416649
0.346872
0.295872
0.215917
0.12387999999999999
0.043371
0.00117
0.0
0.0
0.0
0.0
0.0
0.0
0.0
0.0
0.001355
0.042415999999999995
0.131888
0.229775
0.32017599999999996
0.38402600000000003
0.411811
0.422908
0.5120800000000001
0.537945
0.527672
0.448522
0.322974
0.160751
0.032608
0.0018939999999999999
0.0
0.0
0.0
0.0
0.0
0.0
0.0
0.0
0.0
0.035675
0.098503
0.16824
0.23196899999999998
0.332964
0.42889499999999997
0.49806599999999995
0.474295
0.424344
0.354686
0.288472
0.200943
0.110998
0.036933999999999995
0.0
0.0
0.0
0.0
0.0
0.0
0.0
0.0
0.0
0.0
0.035121
0.105203
0.19583699999999998
0.29495499999999997
0.384193
0.455657
0.506599
0.575951
0.6002240000000001
0.567054
0.447257
0.298557
0.14121
0.043278
0.000873
0.0
0.0
0.0
0.0
0.0
0.0
0.0
0.0
0.0
0.032457
0.112645
0.20253200000000002
0.29068
0.36411200000000005
0.415594
0.44215
0.442107
0.40276100000000004
0.353385
0.28456400000000004
0.197178
0.107652
0.034104
0.0
0.0
0.0
0.0
0.0
0.0
0.0
0.0
0.0
0.0
0.036015
0.122196
0.236
0.357244
0.45773899999999995
0.5348310000000001
0.5830960000000001
0.582941
0.546432
0.480713
0.387806
0.26747699999999996
0.132607
0.036025
0.0
0.0
0.0
0.0
0.0
0.0
0.0
0.0
0.0
0.0
0.034476999999999994
0.12627
0.26741899999999996
0.42638
0.476617
0.473841
0.43534300000000004
0.41970999999999997
0.392564
0.351685
0.29806099999999996
0.21396500000000002
0.118868
0.037594
0.0
0.0
0.0
0.0
0.0
0.0
0.0
0.0
0.0
0.00047999999999999996
0.041081000000000006
0.158197
0.33473
0.488556
0.600095
0.6727519999999999
0.7060019999999999
0.690183
0.627182
0.5239400000000001
0.38881400000000005
0.248917
0.117684
0.033531
0.0
0.0
0.0
0.0
0.0
0.0
0.0
0.0
0.0
0.0
0.031932
0.113573
0.220489
0.325668
0.45904700000000004
0.575013
0.650281
0.593678
0.449064
0.274864
0.244731
0.179441
0.101961
0.030427
0.0
0.0
0.0
0.0
0.0
0.0
0.0
0.0
0.0
0.0
0.030699999999999998
0.111701
0.219636
0.32113099999999994
0.377443
0.416982
0.410298
0.440532
0.423014
0.397974
0.284377
0.17532599999999998
0.082968
0.026074
0.0
0.0
0.0
0.0
0.0
0.0
0.0
0.0
0.0
0.0
0.030509
0.105436
0.196553
0.28669
0.37568
0.44497699999999996
0.488723
0.557187
0.5827129999999999
0.5521240000000001
0.465911
0.317861
0.134545
0.02388
0.0
0.0
0.0
0.0
0.0
0.0
0.0
0.0
0.0
0.0
0.031890999999999996
0.14610900000000002
0.310053
0.449606
0.501203
0.490142
0.422451
0.40955
0.383216
0.344061
0.273534
0.183879
0.09473000000000001
0.027028
0.0
0.0
0.0
0.0
0.0
0.0
0.0
0.0
0.0
0.0
0.031251
0.145369
0.307444
0.433095
0.5334009999999999
0.596253
0.6253569999999999
0.587266
0.52551
0.427918
0.372408
0.268197
0.129422
0.022269999999999998
0.0
0.0
0.0
0.0
0.0
0.0
0.0
0.0
0.0
0.0
0.028195
0.153626
0.339551
0.493644
0.6002799999999999
0.6542830000000001
0.645895
0.634144
0.582684
0.499316
0.380392
0.243685
0.112415
0.025698000000000002
0.0
0.0
0.0
0.0
0.0
0.0
0.0
0.0
0.0
0.0
0.026221
0.10248399999999999
0.20985900000000002
0.315784
0.41094600000000003
0.460535
0.494426
0.466656
0.419099
0.317242
0.261954
0.17792
0.089744
0.023026
0.0
0.0
0.0
0.0
0.0
0.0
0.0
0.0
0.0
0.0
0.028487
0.120843
0.226016
0.31128500000000003
0.37442000000000003
0.422362
0.420437
0.404437
0.380092
0.340174
0.26898099999999997
0.178207
0.089782
0.021815
0.0
0.0
0.0
0.0
0.0
0.0
0.0
0.0
0.0
0.0
0.027273
0.119699
0.24637399999999998
0.35853500000000005
0.452737
0.515817
0.549804
0.563581
0.551169
0.499072
0.407952
0.273198
0.119252
0.021792000000000002
0.0
0.0
0.0
0.0
0.0
0.0
0.0
0.0
0.0
0.0
0.027163
0.134716
0.28332100000000005
0.408708
0.478582
0.5133920000000001
0.5010439999999999
0.47848599999999997
0.427471
0.353981
0.28543999999999997
0.20073500000000002
0.101187
0.022966999999999998
0.0
0.0
0.0
0.0
0.0
0.0
0.0
0.0
0.0
0.0
0.024155000000000003
0.09686
0.18933699999999998
0.282485
0.354209
0.39295800000000003
0.41790499999999997
0.47029000000000004
0.482377
0.44353699999999996
0.32255399999999995
0.198821
0.08601
0.020824000000000002
0.0
0.0
0.0
0.0
0.0
0.0
0.0
0.0
0.0
0.0
0.023645
0.153131
0.351555
0.524081
0.651811
0.732304
0.767758
0.75364
0.691375
0.59066
0.45175400000000004
0.28482
0.113001
0.01771
0.0
0.0
0.0
0.0
0.0
0.0
0.0
0.0
0.0
0.0
0.024422
0.120754
0.249047
0.34445299999999995
0.40864999999999996
0.425305
0.41777800000000004
0.407479
0.39304
0.341674
0.272978
0.18947999999999998
0.092246
0.015976
0.0
0.0
0.0
0.0
0.0
0.0
0.0
0.0
0.0
0.0
0.016161000000000002
0.078758
0.16183
0.245273
0.329712
0.37971499999999997
0.414653
0.413428
0.39710199999999996
0.343444
0.25778300000000004
0.16983099999999998
0.078094
0.01334
0.0
0.0
0.0
0.0
0.0
0.0
0.0
0.0
0.0
0.0
0.021202000000000002
0.11770699999999999
0.277625
0.43200299999999997
0.562958
0.655302
0.702375
0.695481
0.638987
0.543022
0.385188
0.22235
0.086122
0.014241
0.0
0.0
0.0
0.0
0.0
0.0
0.0
0.0
0.0
0.0
0.019721
0.123804
0.251
0.309742
0.39057200000000003
0.457935
0.47075799999999995
0.544
0.5712889999999999
0.5372250000000001
0.38429
0.220622
0.08393099999999999
0.011710000000000002
0.0
0.0
0.0
0.0
0.0
0.0
0.0
0.0
0.0
0.0
0.018682999999999998
0.135467
0.321272
0.468548
0.57886
0.647076
0.670365
0.675994
0.638188
0.557754
0.40516399999999997
0.235796
0.087271
0.010898
0.0
0.0
0.0
0.0
0.0
0.0
0.0
0.0
0.0
0.0
0.017486
0.118924
0.27043
0.38011700000000004
0.44909899999999997
0.47844099999999995
0.459443
0.45810500000000004
0.443669
0.384368
0.359226
0.26089999999999997
0.09510500000000001
0.009483
0.0
0.0
0.0
0.0
0.0
0.0
0.0
0.0
0.0
0.0
0.017483000000000002
0.112888
0.254152
0.35951799999999995
0.496104
0.601448
0.675034
0.623331
0.522805
0.389239
0.285313
0.174232
0.07042799999999999
0.005458
0.0
0.0
0.0
0.0
0.0
0.0
0.0
0.0
0.0
0.0
0.015464
0.100535
0.23604499999999998
0.36400299999999997
0.468
0.535267
0.564969
0.5769569999999999
0.559323
0.495576
0.354599
0.208467
0.07709300000000001
0.006517
0.0
0.0
0.0
0.0
0.0
0.0
0.0
0.0
0.0
0.0
0.014927
0.107492
0.23145400000000002
0.311364
0.354985
0.350971
0.309166
0.34361200000000003
0.347934
0.316524
0.24091200000000002
0.15544300000000003
0.064666
0.004261999999999999
0.0
0.0
0.0
0.0
0.0
0.0
0.0
0.0
0.0
0.0
0.010368
0.078621
0.170317
0.254622
0.3533
0.42757
0.47257
0.4671
0.44949
0.386185
0.283947
0.179475
0.071608
0.004085
0.0
0.0
0.0
0.0
0.0
0.0
0.0
0.0
0.0
0.0
0.009404
0.078566
0.174637
0.264071
0.36499400000000004
0.443092
0.486898
0.478173
0.44031
0.37328300000000003
0.27049900000000004
0.16333099999999998
0.061433
0.003659
0.0
0.0
0.0
0.0
0.0
0.0
0.0
0.0
0.0
0.0
0.011437
0.101426
0.25309899999999996
0.402599
0.5419700000000001
0.642285
0.695546
0.696234
0.652236
0.562322
0.411933
0.235413
0.076067
0.005293999999999999
0.0
0.0
0.0
0.0
0.0
0.0
0.0
0.0
0.0
0.0
0.006854
0.075667
0.16809200000000002
0.253303
0.33391699999999996
0.38171
0.391217
0.401032
0.37113
0.315829
0.232756
0.145412
0.056485
0.001368
0.0
0.0
0.0
0.0
0.0
0.0
0.0
0.0
0.0
0.0
0.008693
0.098115
0.248493
0.388036
0.369702
0.43184100000000003
0.457431
0.458413
0.429154
0.369399
0.258932
0.15109299999999998
0.053218
0.001893
0.0
0.0
0.0
0.0
0.0
0.0
0.0
0.0
0.0
0.0
0.005589
0.07120099999999999
0.161686
0.24253
0.321581
0.36937400000000004
0.392238
0.389863
0.361114
0.307444
0.22394
0.137887
0.051179999999999996
0.000749
0.0
0.0
0.0
0.0
0.0
0.0
0.0
0.0
0.0
0.0
0.006105
0.080781
0.19221700000000003
0.296048
0.458386
0.600836
0.6964980000000001
0.679142
0.616641
0.512147
0.38292899999999996
0.226165
0.06645999999999999
0.002417
0.0
0.0
0.0
0.0
0.0
0.0
0.0
0.0
0.0
0.0
0.008801999999999999
0.108508
0.27984699999999996
0.41505000000000003
0.517158
0.564832
0.563832
0.5302039999999999
0.459857
0.350929
0.262278
0.15781299999999998
0.052944000000000005
0.00075
0.0
0.0
0.0
0.0
0.0
0.0
0.0
0.0
0.0
0.0
0.006091
0.085196
0.204929
0.317484
0.399036
0.444334
0.458332
0.42339800000000005
0.371966
0.297235
0.21547
0.131517
0.044156
0.0
0.0
0.0
0.0
0.0
0.0
0.0
0.0
0.0
0.0
0.0
0.004399
0.074756
0.179835
0.266475
0.346459
0.38666
0.39815300000000003
0.401984
0.375438
0.319523
0.22997599999999999
0.13949
0.045047
0.0
0.0
0.0
0.0
0.0
0.0
0.0
0.0
0.0
0.0
0.0
0.002238
0.054791
0.13399
0.19936600000000002
0.268904
0.30954899999999996
0.327957
0.323264
0.280582
0.236911
0.176697
0.10547799999999999
0.034723
0.0
0.0
0.0
0.0
0.0
0.0
0.0
0.0
0.0
0.0
0.0
0.004189
0.075226
0.18456999999999998
0.274674
0.358798
0.40139600000000003
0.41308
0.43082600000000004
0.416483
0.37315499999999996
0.311317
0.19589099999999998
0.054594000000000004
0.0
0.0
0.0
0.0
0.0
0.0
0.0
0.0
0.0
0.0
0.0
0.004766
0.079954
0.195647
0.288516
0.42389499999999997
0.5255850000000001
0.605314
0.580159
0.506354
0.40989800000000004
0.341061
0.204131
0.052651
0.0
0.0
0.0
0.0
0.0
0.0
0.0
0.0
0.0
0.0
0.0
0.005860000000000001
0.095604
0.26569600000000004
0.40148700000000004
0.475433
0.480288
0.435262
0.42442
0.372736
0.297213
0.208549
0.121881
0.033863
0.0
0.0
0.0
0.0
0.0
0.0
0.0
0.0
0.0
0.0
0.0
0.0015429999999999999
0.057741
0.15207900000000002
0.240928
0.32554700000000003
0.375712
0.39948700000000004
0.39429899999999996
0.36052
0.301082
0.225323
0.134908
0.036768999999999996
0.0
0.0
0.0
0.0
0.0
0.0
0.0
0.0
0.0
0.0
0.0
0.0009649999999999999
0.056895
0.154959
0.240815
0.32677300000000004
0.37592000000000003
0.398026
0.394307
0.361053
0.287978
0.208567
0.117452
0.029283
0.0
0.0
0.0
0.0
0.0
0.0
0.0
0.0
0.0
0.0
0.0
0.0040279999999999995
0.089867
0.271734
0.441753
0.560781
0.6343970000000001
0.664869
0.649467
0.591876
0.491044
0.398957
0.204565
0.038916
0.0
0.0
0.0
0.0
0.0
0.0
0.0
0.0
0.0
0.0
0.0
0.003441
0.08903799999999999
0.275502
0.451625
0.57369
0.64604
0.669181
0.657068
0.603688
0.504791
0.352371
0.1736
0.033595999999999994
0.0
0.0
0.0
0.0
0.0
0.0
0.0
0.0
0.0
0.0
0.0
0.002821
0.090732
0.283119
0.461754
0.590476
0.669586
0.698356
0.687804
0.630165
0.519164
0.37661700000000004
0.189032
0.033881
0.0
0.0
0.0
0.0
0.0
0.0
0.0
0.0
0.0
0.0
0.0
0.0
0.05805
0.197853
0.36189699999999997
0.45889800000000003
0.508771
0.508605
0.481753
0.421859
0.32048000000000004
0.22747499999999998
0.12078900000000001
0.023431999999999998
0.0
0.0
0.0
0.0
0.0
0.0
0.0
0.0
0.0
0.0
0.0
0.0
0.048398000000000004
0.140203
0.231546
0.300201
0.32035399999999997
0.299157
0.337313
0.334264
0.277001
0.196773
0.105049
0.019157
0.0
0.0
0.0
0.0
0.0
0.0
0.0
0.0
0.0
0.0
0.0
0.0
0.04819
0.14202199999999998
0.232388
0.319102
0.355514
0.377841
0.411589
0.428124
0.399029
0.321347
0.16676
0.026565000000000002
0.0
0.0
0.0
0.0
0.0
0.0
0.0
0.0
0.0
0.0
0.0
0.0007790000000000001
0.072869
0.234725
0.365459
0.461608
0.503846
0.496084
0.49106599999999995
0.434759
0.329266
0.22985
0.116221
0.017418
0.0
0.0
0.0
0.0
0.0
0.0
0.0
0.0
0.0
0.0
0.0
0.000126
0.070429
0.251477
0.430178
0.495031
0.468111
0.37944
0.395832
0.37745100000000004
0.316894
0.221749
0.111733
0.014352
0.0
0.0
0.0
0.0
0.0
0.0
0.0
0.0
0.0
0.0
0.0
0.0
0.053217
0.180226
0.32461
0.396346
0.40260199999999996
0.374307
0.38357100000000005
0.331424
0.272294
0.258313
0.14891900000000002
0.017981999999999998
0.0
0.0
0.0
0.0
0.0
0.0
0.0
0.0
0.0
0.0
0.0
0.0
0.062585
0.22734200000000002
0.40008499999999997
0.524517
0.595774
0.620721
0.601831
0.530053
0.415175
0.289259
0.135469
0.012846999999999999
0.0
0.0
0.0
0.0
0.0
0.0
0.0
0.0
0.0
0.0
0.0
0.0
0.0736
0.264635
0.44958800000000004
0.577235
0.66253
0.697838
0.685342
0.625349
0.515993
0.36050400000000005
0.15793700000000002
0.012688000000000001
0.0
0.0
0.0
0.0
0.0
0.0
0.0
0.0
0.0
0.0
0.0
0.0
0.049279
0.195079
0.365194
0.512161
0.620448
0.675164
0.618319
0.511703
0.365251
0.240398
0.099055
0.006483
0.0
0.0
0.0
0.0
0.0
0.0
0.0
0.0
0.0
0.0
0.0
0.0
0.06414
0.24094
0.424988
0.546667
0.624017
0.648312
0.5806509999999999
0.45040399999999997
0.302487
0.253037
0.128413
0.009868
0.0
0.0
0.0
0.0
0.0
0.0
0.0
0.0
0.0
0.0
0.0
0.0
0.040661
0.14998
0.25699400000000006
0.33400799999999997
0.402874
0.415928
0.382297
0.32782
0.239373
0.16059600000000002
0.071851
0.003636
0.0
0.0
0.0
0.0
0.0
0.0
0.0
0.0
0.0
0.0
0.0
0.0
0.059982999999999995
0.239399
0.421676
0.5437369999999999
0.6178429999999999
0.640528
0.572229
0.44098899999999996
0.29351799999999995
0.191394
0.083631
0.004127
0.0
0.0
0.0
0.0
0.0
0.0
0.0
0.0
0.0
0.0
0.0
0.0
0.040451
0.17704599999999998
0.32674200000000003
0.453224
0.553905
0.615863
0.619509
0.574269
0.482402
0.336353
0.13809100000000002
0.00744
0.0
0.0
0.0
0.0
0.0
0.0
0.0
0.0
0.0
0.0
0.0
0.0
0.054744
0.215528
0.342543
0.421067
0.457952
0.423938
0.5292060000000001
0.5412319999999999
0.4725
0.328152
0.133153
0.006255
0.0
0.0
0.0
0.0
0.0
0.0
0.0
0.0
0.0
0.0
0.0
0.0
0.055463
0.237196
0.373712
0.447035
0.45966399999999996
0.39681299999999997
0.385318
0.321704
0.241238
0.156415
0.061857999999999996
0.00149
0.0
0.0
0.0
0.0
0.0
0.0
0.0
0.0
0.0
0.0
0.0
0.0
0.049857
0.215264
0.368453
0.47224
0.533266
0.5469120000000001
0.495741
0.40342700000000004
0.28377800000000003
0.173028
0.062130000000000005
0.000898
0.0
0.0
0.0
0.0
0.0
0.0
0.0
0.0
0.0
0.0
0.0
0.0
0.027573
0.12995500000000001
0.21893600000000002
0.284298
0.33449
0.33726799999999996
0.35158
0.326449
0.275163
0.177948
0.06728400000000001
0.0010049999999999998
0.0
0.0
0.0
0.0
0.0
0.0
0.0
0.0
0.0
0.0
0.0
0.0
0.037704999999999995
0.192037
0.351785
0.47035899999999997
0.5414650000000001
0.5620069999999999
0.526223
0.444242
0.324711
0.180724
0.060295
0.0
0.0
0.0
0.0
0.0
0.0
0.0
0.0
0.0
0.0
0.0
0.0
0.0
0.03699
0.195982
0.35304199999999997
0.448819
0.523203
0.5310119999999999
0.531085
0.482438
0.39575499999999997
0.246145
0.078801
0.0
0.0
0.0
0.0
0.0
0.0
0.0
0.0
0.0
0.0
0.0
0.0
0.0
0.017818999999999998
0.111296
0.201912
0.287754
0.339354
0.346645
0.336748
0.308485
0.236933
0.137953
0.041868
0.0
0.0
0.0
0.0
0.0
0.0
0.0
0.0
0.0
0.0
0.0
0.0
0.0
0.028253
0.195053
0.383875
0.5367730000000001
0.6309349999999999
0.675079
0.6608379999999999
0.5897129999999999
0.469948
0.288571
0.08439
0.0
0.0
0.0
0.0
0.0
0.0
0.0
0.0
0.0
0.0
0.0
0.0
0.0
0.029795000000000002
0.203514
0.40988
0.56212
0.650216
0.691611
0.670727
0.5915710000000001
0.46667000000000003
0.28730399999999995
0.081243
0.0
0.0
0.0
0.0
0.0
0.0
0.0
0.0
0.0
0.0
0.0
0.0
0.0
0.023524999999999997
0.196916
0.403351
0.5565359999999999
0.645758
0.686939
0.6683680000000001
0.597135
0.468585
0.284784
0.076299
0.0
0.0
0.0
0.0
0.0
0.0
0.0
0.0
0.0
0.0
0.0
0.0
0.0
0.020461
0.16409100000000001
0.27425499999999997
0.34914999999999996
0.34039299999999995
0.31945999999999997
0.34838
0.323656
0.25873700000000005
0.14070500000000002
0.031987
0.0
0.0
0.0
0.0
0.0
0.0
0.0
0.0
0.0
0.0
0.0
0.0
0.0
0.007906
0.096329
0.191559
0.256033
0.300591
0.313924
0.303595
0.264719
0.201432
0.115515
0.026885000000000003
0.0
0.0
0.0
0.0
0.0
0.0
0.0
0.0
0.0
0.0
0.0
0.0
0.0
0.005822
0.099282
0.216435
0.306421
0.387651
0.434057
0.387818
0.294314
0.197596
0.113351
0.024482
0.0
0.0
0.0
0.0
0.0
0.0
0.0
0.0
0.0
0.0
0.0
0.0
0.0
0.004812
0.09606
0.18348699999999998
0.250457
0.297611
0.325649
0.322986
0.28932100000000005
0.224517
0.132267
0.028144
0.0
0.0
0.0
0.0
0.0
0.0
0.0
0.0
0.0
0.0
0.0
0.0
0.0
0.005431
0.08916800000000001
0.183034
0.248428
0.293666
0.311614
0.301313
0.261274
0.19651
0.10693000000000001
0.020141
0.0
0.0
0.0
0.0
0.0
0.0
0.0
0.0
0.0
0.0
0.0
0.0
0.0
0.01025
0.162137
0.380927
0.519521
0.57396
0.52678
0.45702
0.31775200000000003
0.201421
0.10889
0.018702000000000003
0.0
0.0
0.0
0.0
0.0
0.0
0.0
0.0
0.0
0.0
0.0
0.0
0.0
0.010308999999999999
0.155306
0.30834300000000003
0.38384500000000005
0.36647199999999996
0.317173
0.31773599999999996
0.275402
0.203525
0.10302599999999999
0.016170999999999998
0.0
0.0
0.0
0.0
0.0
0.0
0.0
0.0
0.0
0.0
0.0
0.0
0.0
0.004338
0.09639700000000001
0.209061
0.352555
0.46082999999999996
0.541683
0.483394
0.39275
0.273673
0.162163
0.027325
0.0
0.0
0.0
0.0
0.0
0.0
0.0
0.0
0.0
0.0
0.0
0.0
0.0
0.0042450000000000005
0.08546
0.16697700000000001
0.24896000000000001
0.334846
0.367973
0.34987999999999997
0.301616
0.216959
0.10321999999999999
0.011484
0.0
0.0
0.0
0.0
0.0
0.0
0.0
0.0
0.0
0.0
0.0
0.0
0.0
0.00365
0.084895
0.17416
0.26470499999999997
0.366685
0.41970100000000005
0.422632
0.386013
0.299614
0.177741
0.019603000000000002
0.0
0.0
0.0
0.0
0.0
0.0
0.0
0.0
0.0
0.0
0.0
0.0
0.0
0.0035800000000000003
0.103177
0.19734100000000002
0.347872
0.460296
0.543783
0.5495869999999999
0.483831
0.366361
0.19411
0.01871
0.0
0.0
0.0
0.0
0.0
0.0
0.0
0.0
0.0
0.0
0.0
0.0
0.0
0.0055439999999999994
0.133407
0.332623
0.45836
0.5244030000000001
0.5361739999999999
0.433444
0.308709
0.172963
0.08466599999999999
0.006385
0.0
0.0
0.0
0.0
0.0
0.0
0.0
0.0
0.0
0.0
0.0
0.0
0.0
0.001142
0.060191
0.118353
0.189873
0.252899
0.29635700000000004
0.302219
0.294236
0.261787
0.139167
0.009964
0.0
0.0
0.0
0.0
0.0
0.0
0.0
0.0
0.0
0.0
0.0
0.0
0.0
0.003698
0.10868699999999999
0.31047
0.400963
0.449887
0.45432100000000003
0.485643
0.477863
0.369411
0.191666
0.012322
0.0
0.0
0.0
0.0
0.0
0.0
0.0
0.0
0.0
0.0
0.0
0.0
0.0
0.0032949999999999998
0.11144799999999999
0.346588
0.49612900000000004
0.58556
0.617949
0.5936939999999999
0.517127
0.38188
0.188308
0.009932999999999999
0.0
0.0
0.0
0.0
0.0
0.0
0.0
0.0
0.0
0.0
0.0
0.0
0.0
0.0026469999999999996
0.102518
0.317213
0.396583
0.426651
0.403109
0.361334
0.307904
0.197209
0.11391
0.0072050000000000005
0.0
0.0
0.0
0.0
0.0
0.0
0.0
0.0
0.0
0.0
0.0
0.0
0.0
0.0
0.061703
0.14412899999999998
0.22656800000000002
0.273834
0.282566
0.29797
0.26735000000000003
0.192012
0.079925
0.0028490000000000004
0.0
0.0
0.0
0.0
0.0
0.0
0.0
0.0
0.0
0.0
0.0
0.0
0.0
0.0
0.057414
0.137083
0.21974700000000003
0.263415
0.279947
0.26788
0.22603399999999998
0.15792799999999999
0.065254
0.002186
0.0
0.0
0.0
0.0
0.0
0.0
0.0
0.0
0.0
0.0
0.0
0.0
0.0
0.0
0.033646999999999996
0.098589
0.17775899999999997
0.24399600000000002
0.28858999999999996
0.24810200000000002
0.1918
0.110734
0.045274999999999996
0.00048699999999999997
0.0
0.0
0.0
0.0
0.0
0.0
0.0
0.0
0.0
0.0
0.0
0.0
0.0
0.0
0.039162999999999996
0.13492500000000002
0.21825899999999998
0.266577
0.285724
0.271891
0.227046
0.156218
0.070865
0.0023639999999999998
0.0
0.0
0.0
0.0
0.0
0.0
0.0
0.0
0.0
0.0
0.0
0.0
0.0
0.0
0.117438
0.33100999999999997
0.47836
0.552041
0.550366
0.482626
0.362269
0.226463
0.081524
0.001202
0.0
0.0
0.0
0.0
0.0
0.0
0.0
0.0
0.0
0.0
0.0
0.0
0.0
0.0
0.045482
0.127714
0.225865
0.31401100000000004
0.390766
0.404433
0.363573
0.27741699999999997
0.131438
0.003023
0.0
0.0
0.0
0.0
0.0
0.0
0.0
0.0
0.0
0.0
0.0
0.0
0.0
0.0
0.043406
0.148375
0.24671
0.31120600000000004
0.335512
0.306022
0.240216
0.14165
0.074381
0.0013440000000000001
0.0
0.0
0.0
0.0
0.0
0.0
0.0
0.0
0.0
0.0
0.0
0.0
0.0
0.0
0.053318
0.157249
0.238324
0.27693
0.273701
0.25899
0.21741
0.14615199999999998
0.050244
0.0
0.0
0.0
0.0
0.0
0.0
0.0
0.0
0.0
0.0
0.0
0.0
0.0
0.0
0.0
0.028921
0.088321
0.163632
0.22800800000000002
0.268966
0.25466300000000003
0.212061
0.13561
0.051254
0.0
0.0
0.0
0.0
0.0
0.0
0.0
0.0
0.0
0.0
0.0
0.0
0.0
0.0
0.0
0.056267000000000005
0.191976
0.278472
0.315842
0.321892
0.379472
0.378013
0.309171
0.118025
0.000125
0.0
0.0
0.0
0.0
0.0
0.0
0.0
0.0
0.0
0.0
0.0
0.0
0.0
0.0
0.067591
0.23349799999999998
0.370743
0.485966
0.524989
0.511828
0.43923399999999996
0.30096
0.11441899999999999
0.0
0.0
0.0
0.0
0.0
0.0
0.0
0.0
0.0
0.0
0.0
0.0
0.0
0.0
0.0
0.047728
0.155366
0.233647
0.273089
0.27129899999999996
0.258574
0.215702
0.143882
0.048205
0.0
0.0
0.0
0.0
0.0
0.0
0.0
0.0
0.0
0.0
0.0
0.0
0.0
0.0
0.0
0.08293
0.277472
0.44939100000000004
0.544523
0.5753619999999999
0.554948
0.471283
0.326171
0.131242
0.0
0.0
0.0
0.0
0.0
0.0
0.0
0.0
0.0
0.0
0.0
0.0
0.0
0.0
0.0
0.029053000000000002
0.117103
0.20171799999999998
0.25054499999999996
0.268947
0.25635800000000003
0.212649
0.139678
0.043716
0.0
0.0
0.0
0.0
0.0
0.0
0.0
0.0
0.0
0.0
0.0
0.0
0.0
0.0
0.0
0.039707
0.18777000000000002
0.314545
0.38705
0.419854
0.37528100000000003
0.287215
0.161822
0.08801099999999999
0.0
0.0
0.0
0.0
0.0
0.0
0.0
0.0
0.0
0.0
0.0
0.0
0.0
0.0
0.0
0.022449
0.11511400000000001
0.20167500000000002
0.250363
0.267158
0.27572800000000003
0.230368
0.165493
0.057191000000000006
0.0
0.0
0.0
0.0
0.0
0.0
0.0
0.0
0.0
0.0
0.0
0.0
0.0
0.0
0.0
0.018061
0.110379
0.175289
0.204784
0.203367
0.173848
0.15195
0.094358
0.025286000000000003
0.0
0.0
0.0
0.0
0.0
0.0
0.0
0.0
0.0
0.0
0.0
0.0
0.0
0.0
0.0
0.013018
0.10386
0.15249000000000001
0.22474
0.260854
0.24271299999999998
0.198086
0.124624
0.033388
0.0
0.0
0.0
0.0
0.0
0.0
0.0
0.0
0.0
0.0
0.0
0.0
0.0
0.0
0.0
0.011009999999999999
0.09566
0.134847
0.160355
0.173324
0.16463
0.14397
0.08875799999999999
0.021321000000000003
0.0
0.0
0.0
0.0
0.0
0.0
0.0
0.0
0.0
0.0
0.0
0.0
0.0
0.0
0.0
0.01334
0.112797
0.183605
0.232961
0.250076
0.23721899999999999
0.193424
0.12132599999999999
0.023648
0.0
0.0
0.0
0.0
0.0
0.0
0.0
0.0
0.0
0.0
0.0
0.0
0.0
0.0
0.0
0.016252
0.148468
0.31714600000000004
0.445943
0.5186069999999999
0.40356000000000003
0.231584
0.07916
0.01878
0.0
0.0
0.0
0.0
0.0
0.0
0.0
0.0
0.0
0.0
0.0
0.0
0.0
0.0
0.0
0.009744
0.106192
0.176206
0.22520099999999998
0.241882
0.218155
0.150793
0.076379
0.016756
0.0
0.0
0.0
0.0
0.0
0.0
0.0
0.0
0.0
0.0
0.0
0.0
0.0
0.0
0.0
0.006156
0.08502599999999999
0.127837
0.15559800000000001
0.169715
0.16061799999999998
0.137687
0.08148999999999999
0.015971
0.0
0.0
0.0
0.0
0.0
0.0
0.0
0.0
0.0
0.0
0.0
0.0
0.0
0.0
0.0
0.008331
0.133635
0.22217699999999999
0.31712
0.362504
0.314501
0.21624100000000002
0.109319
0.026658
0.0
0.0
0.0
0.0
0.0
0.0
0.0
0.0
0.0
0.0
0.0
0.0
0.0
0.0
0.0
0.015189999999999999
0.145036
0.289496
0.335986
0.362372
0.346039
0.28387599999999996
0.178103
0.039209
0.0
0.0
0.0
0.0
0.0
0.0
0.0
0.0
0.0
0.0
0.0
0.0
0.0
0.0
0.0
0.010936999999999999
0.10383400000000001
0.181012
0.234656
0.255227
0.241231
0.194988
0.11643200000000001
0.032039
0.0
0.0
0.0
0.0
0.0
0.0
0.0
0.0
0.0
0.0
0.0
0.0
0.0
0.0
0.0
0.016436
0.19922700000000002
0.400066
0.502773
0.54901
0.427045
0.275656
0.107004
0.014138
0.0
0.0
0.0
0.0
0.0
0.0
0.0
0.0
0.0
0.0
0.0
0.0
0.0
0.0
0.0
0.006085
0.113501
0.17637799999999998
0.230149
0.250381
0.236327
0.190287
0.112234
0.02231
0.0
0.0
0.0
0.0
0.0
0.0
0.0
0.0
0.0
0.0
0.0
0.0
0.0
0.0
0.0
0.004038
0.109766
0.157629
0.17920599999999998
0.184148
0.157084
0.134056
0.075641
0.008942
0.0
0.0
0.0
0.0
0.0
0.0
0.0
0.0
0.0
0.0
0.0
0.0
0.0
0.0
0.0
0.0034
0.10600799999999999
0.15563
0.219196
0.238017
0.195162
0.142332
0.065213
0.011936
0.0
0.0
0.0
0.0
0.0
0.0
0.0
0.0
0.0
0.0
0.0
0.0
0.0
0.0
0.0
0.004739
0.149968
0.196076
0.275478
0.29086
0.248964
0.185409
0.095709
0.009427
0.0
0.0
0.0
0.0
0.0
0.0
0.0
0.0
0.0
0.0
0.0
0.0
0.0
0.0
0.0
0.001408
0.063929
0.111286
0.151558
0.154631
0.15844
0.124489
0.068856
0.007095
0.0
0.0
0.0
0.0
0.0
0.0
0.0
0.0
0.0
0.0
0.0
0.0
0.0
0.0
0.0
0.001526
0.060219
0.108389
0.149279
0.152672
0.156143
0.121602
0.066454
0.0063869999999999994
0.0
0.0
0.0
0.0
0.0
0.0
0.0
0.0
0.0
0.0
0.0
0.0
0.0
0.0
0.0
0.001539
0.089049
0.140824
0.20336400000000002
0.223528
0.20616900000000002
0.145801
0.077087
0.006437
0.0
0.0
0.0
0.0
0.0
0.0
0.0
0.0
0.0
0.0
0.0
0.0
0.0
0.0
0.0
0.000312
0.056566000000000005
0.120694
0.17960800000000002
0.214834
0.218286
0.17395500000000003
0.09733199999999999
0.009179
0.0
0.0
0.0
0.0
0.0
0.0
0.0
0.0
0.0
0.0
0.0
0.0
0.0
0.0
0.0
0.00034399999999999996
0.053988999999999995
0.105211
0.146215
0.16220099999999998
0.15249600000000002
0.118807
0.063872
0.005272000000000001
0.0
0.0
0.0
0.0
0.0
0.0
0.0
0.0
0.0
0.0
0.0
0.0
0.0
0.0
0.0
0.001657
0.083952
0.217081
0.285466
0.262492
0.233843
0.174633
0.084532
0.007522
0.0
0.0
0.0
0.0
0.0
0.0
0.0
0.0
0.0
0.0
0.0
0.0
0.0
0.0
0.0
0.0
0.079779
0.136542
0.20111099999999998
0.220017
0.18177600000000002
0.131487
0.05664
0.0053
0.0
0.0
0.0
0.0
0.0
0.0
0.0
0.0
0.0
0.0
0.0
0.0
0.0
0.0
0.0
0.0
0.0756
0.134125
0.202137
0.224739
0.18284
0.130423
0.056198
0.008532
0.0
0.0
0.0
0.0
0.0
0.0
0.0
0.0
0.0
0.0
0.0
0.0
0.0
0.0
0.0
0.0005620000000000001
0.078391
0.17907
0.261956
0.28572699999999995
0.275808
0.223605
0.11537900000000001
0.011999000000000001
0.0
0.0
0.0
0.0
0.0
0.0
0.0
0.0
0.0
0.0
0.0
0.0
0.0
0.0
0.0
0.0
0.07488
0.224772
0.340158
0.404824
0.435738
0.379231
0.232314
0.01284
0.0
0.0
0.0
0.0
0.0
0.0
0.0
0.0
0.0
0.0
0.0
0.0
0.0
0.0
0.0
0.0
0.030611
0.105869
0.164909
0.20002699999999998
0.204789
0.161893
0.078717
0.006318
0.0
0.0
0.0
0.0
0.0
0.0
0.0
0.0
0.0
0.0
0.0
0.0
0.0
0.0
0.0
0.0
0.046115
0.224365
0.28524700000000003
0.316427
0.318616
0.237167
0.10574599999999999
0.006372
0.0
0.0
0.0
0.0
0.0
0.0
0.0
0.0
0.0
0.0
0.0
0.0
0.0
0.0
0.0
0.0
0.044911
0.127158
0.195418
0.21578899999999998
0.214263
0.182227
0.105344
0.010147999999999999
0.0
0.0
0.0
0.0
0.0
0.0
0.0
0.0
0.0
0.0
0.0
0.0
0.0
0.0
0.0
0.0
0.043622
0.146478
0.217768
0.291956
0.306068
0.26264800000000005
0.13927199999999998
0.0065780000000000005
0.0
0.0
0.0
0.0
0.0
0.0
0.0
0.0
0.0
0.0
0.0
0.0
0.0
0.0
0.0
0.0
0.040739
0.122159
0.193336
0.218151
0.208201
0.164112
0.07732699999999999
0.004949
0.0
0.0
0.0
0.0
0.0
0.0
0.0
0.0
0.0
0.0
0.0
0.0
0.0
0.0
0.0
0.0
0.10019199999999999
0.24959
0.341921
0.332078
0.34928
0.323441
0.19863499999999998
0.011005000000000001
0.0
0.0
0.0
0.0
0.0
0.0
0.0
0.0
0.0
0.0
0.0
0.0
0.0
0.0
0.0
0.0
0.037517
0.11871599999999999
0.187771
0.21089
0.209196
0.17747900000000003
0.101718
0.005655
0.0
0.0
0.0
0.0
0.0
0.0
0.0
0.0
0.0
0.0
0.0
0.0
0.0
0.0
0.0
0.0
0.022874
0.09798399999999999
0.158387
0.19506800000000002
0.201159
0.159458
0.075567
0.0074340000000000005
0.0
0.0
0.0
0.0
0.0
0.0
0.0
0.0
0.0
0.0
0.0
0.0
0.0
0.0
0.0
0.0
0.034345
0.13409700000000002
0.204739
0.245872
0.255459
0.20474799999999999
0.09984699999999999
0.00828
0.0
0.0
0.0
0.0
0.0
0.0
0.0
0.0
0.0
0.0
0.0
0.0
0.0
0.0
0.0
0.0
0.020885
0.09628
0.156925
0.195001
0.202202
0.159703
0.07540000000000001
0.006527
0.0
0.0
0.0
0.0
0.0
0.0
0.0
0.0
0.0
0.0
0.0
0.0
0.0
0.0
0.0
0.0
0.030884
0.112137
0.183647
0.208421
0.199606
0.15737
0.07442700000000001
0.0042910000000000005
0.0
0.0
0.0
0.0
0.0
0.0
0.0
0.0
0.0
0.0
0.0
0.0
0.0
0.0
0.0
0.0
0.030125
0.11433700000000001
0.18464699999999998
0.210323
0.208593
0.175328
0.099647
0.007503
0.0
0.0
0.0
0.0
0.0
0.0
0.0
0.0
0.0
0.0
0.0
0.0
0.0
0.0
0.0
0.0
0.027906
0.111018
0.18091200000000002
0.206617
0.198693
0.157349
0.073472
0.006631000000000001
0.0
0.0
0.0
0.0
0.0
0.0
0.0
0.0
0.0
0.0
0.0
0.0
0.0
0.0
0.0
0.0
0.026565000000000002
0.154557
0.21844
0.373662
0.337375
0.23880500000000002
0.099775
0.0056749999999999995
0.0
0.0
0.0
0.0
0.0
0.0
0.0
0.0
0.0
0.0
0.0
0.0
0.0
0.0
0.0
0.0
0.068275
0.192358
0.289082
0.27148500000000003
0.321595
0.302731
0.210978
0.010564
0.0
0.0
0.0
0.0
0.0
0.0
0.0
0.0
0.0
0.0
0.0
0.0
0.0
0.0
0.0
0.0
0.08005899999999999
0.260135
0.418723
0.46650200000000003
0.373366
0.236362
0.077765
0.004450999999999999
0.0
0.0
0.0
0.0
0.0
0.0
0.0
0.0
0.0
0.0
0.0
0.0
0.0
0.0
0.0
0.0
0.024829999999999998
0.163619
0.254772
0.329489
0.365036
0.347229
0.225878
0.011422
0.0
0.0
0.0
0.0
0.0
0.0
0.0
0.0
0.0
0.0
0.0
0.0
0.0
0.0
0.0
0.0
0.035212
0.181855
0.338909
0.442268
0.45596499999999995
0.398934
0.240392
0.01246
0.0
0.0
0.0
0.0
0.0
0.0
0.0
0.0
0.0
0.0
0.0
0.0
0.0
0.0
0.0
0.0
0.022724
0.135515
0.183171
0.211807
0.205124
0.163156
0.07798999999999999
0.0045320000000000004
0.0
0.0
0.0
0.0
0.0
0.0
0.0
0.0
0.0
0.0
0.0
0.0
0.0
0.0
0.0
0.0
0.03236
0.183542
0.232303
0.265869
0.300611
0.26256599999999997
0.141109
0.008716
0.0
0.0
0.0
0.0
0.0
0.0
0.0
0.0
0.0
0.0
0.0
0.0
0.0
0.0
0.0
0.0
0.032014
0.16256299999999999
0.189528
0.195429
0.204685
0.16378700000000002
0.079359
0.005171
0.0
0.0
0.0
0.0
0.0
0.0
0.0
0.0
0.0
0.0
0.0
0.0
0.0
0.0
0.0
0.0
0.013365
0.100399
0.153712
0.194939
0.204643
0.163524
0.078814
0.005872
0.0
0.0
0.0
0.0
0.0
0.0
0.0
0.0
0.0
0.0
0.0
0.0
0.0
0.0
0.0
0.0
0.01213
0.110766
0.126185
0.14930000000000002
0.145003
0.113681
0.057488
0.005093
0.0
0.0
0.0
0.0
0.0
0.0
0.0
0.0
0.0
0.0
0.0
0.0
0.0
0.0
0.0
0.0
0.011911
0.096583
0.14790799999999998
0.18831
0.19974799999999998
0.161085
0.078973
0.005684
0.0
0.0
0.0
0.0
0.0
0.0
0.0
0.0
0.0
0.0
0.0
0.0
0.0
0.0
0.0
0.0
0.028780999999999998
0.155806
0.18475899999999998
0.193075
0.204039
0.16524
0.081783
0.010189
0.0
0.0
0.0
0.0
0.0
0.0
0.0
0.0
0.0
0.0
0.0
0.0
0.0
0.0
0.0
0.0
0.038247
0.162989
0.24035499999999999
0.23819300000000002
0.219804
0.165552
0.079401
0.007248
0.0
0.0
0.0
0.0
0.0
0.0
0.0
0.0
0.0
0.0
0.0
0.0
0.0
0.0
0.0
0.0
0.026987999999999998
0.14874700000000002
0.28558100000000003
0.347814
0.287214
0.19051400000000002
0.083661
0.007427
0.0
0.0
0.0
0.0
0.0
0.0
0.0
0.0
0.0
0.0
0.0
0.0
0.0
0.0
0.0
0.0
0.016194
0.12475
0.173715
0.201373
0.198096
0.161688
0.081702
0.006207
0.0
0.0
0.0
0.0
0.0
0.0
0.0
0.0
0.0
0.0
0.0
0.0
0.0
0.0
0.0
0.0
0.010636
0.105372
0.12392700000000001
0.14641900000000002
0.143935
0.1114
0.059395
0.008636
0.0
0.0
0.0
0.0
0.0
0.0
0.0
0.0
0.0
0.0
0.0
0.0
0.0
0.0
0.0
0.0
0.01679
0.17760900000000002
0.280177
0.384729
0.421268
0.36549400000000004
0.231211
0.024843
0.0
0.0
0.0
0.0
0.0
0.0
0.0
0.0
0.0
0.0
0.0
0.0
0.0
0.0
0.0
0.0
0.061293
0.25331200000000004
0.421305
0.476103
0.38964299999999996
0.253466
0.09179000000000001
0.010081
0.0
0.0
0.0
0.0
0.0
0.0
