0.0
0.0
0.0
0.0
0.0
0.0
0.0
0.0
0.0
0.0027559999999999998
0.035455
0.06349199999999999
0.07586
0.081086
0.071835
0.021649
0.0
0.0
0.0
0.0
0.0
0.0
0.0
0.0
0.0
0.0
0.0
0.0
0.0
0.0
0.0
0.0
0.0
0.005463
0.107045
0.147945
0.18579099999999998
0.191836
0.137903
0.039333
0.0
0.0
0.0
0.0
0.0
0.0
0.0
0.0
0.0
0.0
0.0
0.0
0.0
0.0
0.0
0.0
0.0
0.020640000000000002
0.15332400000000002
0.343543
0.39646800000000004
0.378758
0.284656
0.118919
0.0
0.0
0.0
0.0
0.0
0.0
0.0
0.0
0.0
0.0
0.0
0.0
0.0
0.0
0.0
0.0
0.0
0.030735
0.174247
0.368996
0.413897
0.39561599999999997
0.301106
0.134127
0.0
0.0
0.0
0.0
0.0
0.0
0.0
0.0
0.0
0.0
0.0
0.0
0.0
0.0
0.0
0.0
0.0
0.031058
0.163328
0.313668
0.294935
0.261337
0.19353299999999998
0.094858
0.0
0.0
0.0
0.0
0.0
0.0
0.0
0.0
0.0
0.0
0.0
0.0
0.0
0.0
0.0
0.0
0.0
0.003476
0.039541
0.071306
0.08525400000000001
0.119223
0.117398
0.055246
0.0
0.0
0.0
0.0
0.0
0.0
0.0
0.0
0.0
0.0
0.0
0.0
0.0
0.0
0.0
0.0
0.0
0.003821
0.039754
0.06938
0.084188
0.11864799999999999
0.117831
0.058425
0.0
0.0
0.0
0.0
0.0
0.0
0.0
0.0
0.0
0.0
0.0
0.0
0.0
0.0
0.0
0.0
0.0
0.0357
0.184921
0.378105
0.417828
0.408264
0.32240199999999997
0.158024
0.000656
0.0
0.0
0.0
0.0
0.0
0.0
0.0
0.0
0.0
0.0
0.0
0.0
0.0
0.0
0.0
0.0
0.004477999999999999
0.041256
0.072612
0.087417
0.081512
0.056608
0.021945
0.0
0.0
0.0
0.0
0.0
0.0
0.0
0.0
0.0
0.0
0.0
0.0
0.0
0.0
0.0
0.0
0.0
0.004167
0.039804
0.06994700000000001
0.084497
0.091783
0.086338
0.040081000000000006
0.0
0.0
0.0
0.0
0.0
0.0
0.0
0.0
0.0
0.0
0.0
0.0
0.0
0.0
0.0
0.0
0.0
0.00414
0.040635
0.071198
0.085203
0.080682
0.056945
0.023196
0.0
0.0
0.0
0.0
0.0
0.0
0.0
0.0
0.0
0.0
0.0
0.0
0.0
0.0
0.0
0.0
0.0
0.005174000000000001
0.041749
0.0734
0.087924
0.082297
0.059592
0.024284
0.0
0.0
0.0
0.0
0.0
0.0
0.0
0.0
0.0
0.0
0.0
0.0
0.0
0.0
0.0
0.0
0.0
0.0074589999999999995
0.051791
0.0876
0.104863
0.09971899999999999
0.07199599999999999
0.030286
0.0
0.0
0.0
0.0
0.0
0.0
0.0
0.0
0.0
0.0
0.0
0.0
0.0
0.0
0.0
0.0
0.0
0.053011
0.205033
0.400698
0.452632
0.441176
0.359771
0.198363
0.004435
0.0
0.0
0.0
0.0
0.0
0.0
0.0
0.0
0.0
0.0
0.0
0.0
0.0
0.0
0.0
0.0
0.059975
0.213337
0.398227
0.445726
0.357346
0.308039
0.157836
0.003248
0.0
0.0
0.0
0.0
0.0
0.0
0.0
0.0
0.0
0.0
0.0
0.0
0.0
0.0
0.0
0.0
0.009757
0.13781800000000002
0.227502
0.328882
0.317601
0.23669
0.109554
0.00213
0.0
0.0
0.0
0.0
0.0
0.0
0.0
0.0
0.0
0.0
0.0
0.0
0.0
0.0
0.0
0.0
0.009944000000000001
0.053381
0.087336
0.103791
0.09997199999999999
0.074584
0.034681
0.000421
0.0
0.0
0.0
0.0
0.0
0.0
0.0
0.0
0.0
0.0
0.0
0.0
0.0
0.0
0.0
0.0
0.0109
0.053593
0.087745
0.105262
0.09952899999999999
0.0747
0.035088999999999995
0.00085
0.0
0.0
0.0
0.0
0.0
0.0
0.0
0.0
0.0
0.0
0.0
0.0
0.0
0.0
0.0
0.0
0.010617000000000001
0.050533999999999996
0.08390500000000001
0.098807
0.093939
0.070352
0.034454
0.002132
0.0
0.0
0.0
0.0
0.0
0.0
0.0
0.0
0.0
0.0
0.0
0.0
0.0
0.0
0.0
0.0
0.011719
0.052626
0.086119
0.10244400000000001
0.097809
0.074492
0.03706
0.001237
0.0
0.0
0.0
0.0
0.0
0.0
0.0
0.0
0.0
0.0
0.0
0.0
0.0
0.0
0.0
0.0
0.012711
0.053339
0.08725100000000001
0.102328
0.099826
0.076438
0.038196
0.0017829999999999999
0.0
0.0
0.0
0.0
0.0
0.0
0.0
0.0
0.0
0.0
0.0
0.0
0.0
0.0
0.0
0.0
0.013888
0.055198
0.08976
0.106313
0.103372
0.07936499999999999
0.040208
0.0022930000000000003
0.0
0.0
0.0
0.0
0.0
0.0
0.0
0.0
0.0
0.0
0.0
0.0
0.0
0.0
0.0
0.0
0.015071
0.057365
0.091736
0.108509
0.105214
0.081883
0.042248
0.002819
0.0
0.0
0.0
0.0
0.0
0.0
0.0
0.0
0.0
0.0
0.0
0.0
0.0
0.0
0.0
0.0
0.015936
0.057774
0.09296800000000001
0.108528
0.104959
0.081679
0.043453000000000006
0.003196
0.0
0.0
0.0
0.0
0.0
0.0
0.0
0.0
0.0
0.0
0.0
0.0
0.0
0.0
0.0
0.0
0.017169
0.060736
0.09627200000000001
0.111372
0.108044
0.083805
0.045329
0.003663
0.0
0.0
0.0
0.0
0.0
0.0
0.0
0.0
0.0
0.0
0.0
0.0
0.0
0.0
0.0
0.0
0.017462
0.059442999999999996
0.094308
0.110332
0.12124800000000001
0.12430100000000001
0.07969499999999999
0.026587
0.0
0.0
0.0
0.0
0.0
0.0
0.0
0.0
0.0
0.0
0.0
0.0
0.0
0.0
0.0
0.0
0.019353000000000002
0.060677999999999996
0.09569799999999999
0.112918
0.110086
0.086978
0.047551
0.006422
0.0
0.0
0.0
0.0
0.0
0.0
0.0
0.0
0.0
0.0
0.0
0.0
0.0
0.0
0.0
0.0
0.020428
0.063101
0.09911700000000001
0.11684399999999999
0.11318
0.090237
0.050919
0.007843
0.0
0.0
0.0
0.0
0.0
0.0
0.0
0.0
0.0
0.0
0.0
0.0
0.0
0.0
0.0
0.0
0.022701
0.06723900000000001
0.103547
0.12184
0.11815099999999999
0.094515
0.05416
0.009991
0.0
0.0
0.0
0.0
0.0
0.0
0.0
0.0
0.0
0.0
0.0
0.0
0.0
0.0
0.0
6.1e-05
0.129392
0.312077
0.405694
0.42984500000000003
0.409843
0.332306
0.20639
0.068873
0.0
0.0
0.0
0.0
0.0
0.0
0.0
0.0
0.0
0.0
0.0
0.0
0.0
0.0
0.0
0.0
0.10583799999999999
0.277269
0.429291
0.497193
0.47932100000000005
0.40630700000000003
0.26982799999999996
0.089487
0.0
0.0
0.0
0.0
0.0
0.0
0.0
0.0
0.0
0.0
0.0
0.0
0.0
0.0
0.0
0.0
0.028512
0.07643000000000001
0.113376
0.131309
0.127336
0.10342
0.061850999999999996
0.014256999999999999
0.0
0.0
0.0
0.0
0.0
0.0
0.0
0.0
0.0
0.0
0.0
0.0
0.0
0.0
0.0
0.0
0.028706
0.231846
0.415571
0.521657
0.510366
0.437713
0.299498
0.103181
0.0
0.0
0.0
0.0
0.0
0.0
0.0
0.0
0.0
0.0
0.0
0.0
0.0
0.0
0.0
0.00088
0.091811
0.300509
0.40610399999999997
0.45936099999999996
0.49756
0.44555900000000004
0.306988
0.11222700000000001
0.0
0.0
0.0
0.0
0.0
0.0
0.0
0.0
0.0
0.0
0.0
0.0
0.0
0.0
0.0
0.000443
0.076224
0.116676
0.13055
0.129626
0.145607
0.152029
0.108329
0.07308100000000001
0.0
0.0
0.0
0.0
0.0
0.0
0.0
0.0
0.0
0.0
0.0
0.0
0.0
0.0
0.0
0.002454
0.129609
0.18040899999999999
0.217339
0.232574
0.304933
0.31268599999999996
0.25390199999999996
0.09717700000000001
0.0
0.0
0.0
0.0
0.0
0.0
0.0
0.0
0.0
0.0
0.0
0.0
0.0
0.0
0.0
0.0
0.036833
0.08618200000000001
0.122828
0.137544
0.134358
0.112854
0.07128
0.026693
0.0
0.0
0.0
0.0
0.0
0.0
0.0
0.0
0.0
0.0
0.0
0.0
0.0
0.0
0.0
0.001342
0.084569
0.149291
0.20715899999999998
0.233104
0.230033
0.195323
0.129879
0.041682000000000004
0.0
0.0
0.0
0.0
0.0
0.0
0.0
0.0
0.0
0.0
0.0
0.0
0.0
0.0
0.0
0.006779
0.162017
0.371099
0.336942
0.1458
0.32370299999999996
0.389685
0.333853
0.116444
0.0
0.0
0.0
0.0
0.0
0.0
0.0
0.0
0.0
0.0
0.0
0.0
0.0
0.0
0.0
0.002765
0.092617
0.158008
0.21621
0.243931
0.199074
0.14921700000000002
0.078362
0.028347999999999998
0.0
0.0
0.0
0.0
0.0
0.0
0.0
0.0
0.0
0.0
0.0
0.0
0.0
0.0
0.0
0.001229
0.042112000000000004
0.092092
0.127813
0.143567
0.20378200000000002
0.220803
0.19692500000000002
0.113122
0.000867
0.0
0.0
0.0
0.0
0.0
0.0
0.0
0.0
0.0
0.0
0.0
0.0
0.0
0.0
0.001751
0.044138
0.094893
0.13108699999999998
0.14926499999999998
0.146131
0.126264
0.084358
0.038306
0.0
0.0
0.0
0.0
0.0
0.0
0.0
0.0
0.0
0.0
0.0
0.0
0.0
0.0
0.0
0.002606
0.051232999999999994
0.10391299999999999
0.138761
0.15581899999999999
0.152548
0.131386
0.089453
0.03578
0.0
0.0
0.0
0.0
0.0
0.0
0.0
0.0
0.0
0.0
0.0
0.0
0.0
0.0
0.0
0.006514
0.098702
0.194686
0.27167399999999997
0.349335
0.34301299999999996
0.29644299999999996
0.212124
0.08804600000000001
0.0013859999999999999
0.0
0.0
0.0
0.0
0.0
0.0
0.0
0.0
0.0
0.0
0.0
0.0
0.0
0.0
0.007995
0.129183
0.20090799999999998
0.206768
0.172644
0.225055
0.24771600000000002
0.222683
0.15193700000000002
0.004848
0.0
0.0
0.0
0.0
0.0
0.0
0.0
0.0
0.0
0.0
0.0
0.0
0.0
0.0
0.004216
0.063999
0.139237
0.207898
0.25762799999999997
0.310564
0.33744
0.288845
0.15488300000000002
0.005415
0.0
0.0
0.0
0.0
0.0
0.0
0.0
0.0
0.0
0.0
0.0
0.0
0.0
0.0
0.011726
0.136898
0.208089
0.21393399999999999
0.179543
0.232974
0.256397
0.232678
0.117839
0.004621
0.0
0.0
0.0
0.0
0.0
0.0
0.0
0.0
0.0
0.0
0.0
0.0
0.0
0.0
0.045753
0.23871799999999999
0.435714
0.533719
0.551798
0.545832
0.482106
0.363145
0.190183
0.007486
0.0
0.0
0.0
0.0
0.0
0.0
0.0
0.0
0.0
0.0
0.0
0.0
0.0
0.0
0.049222
0.182124
0.300525
0.357639
0.366046
0.34269299999999997
0.245954
0.166156
0.092244
0.005093
0.0
0.0
0.0
0.0
0.0
0.0
0.0
0.0
0.0
0.0
0.0
0.0
0.0
0.0
0.052081
0.203209
0.42296300000000003
0.546876
0.609998
0.587821
0.471027
0.287127
0.15865100000000001
0.008061
0.0
0.0
0.0
0.0
0.0
0.0
0.0
0.0
0.0
0.0
0.0
0.0
0.0
0.0
0.032271
0.16068700000000002
0.22979
0.282632
0.281511
0.231233
0.17661600000000002
0.102397
0.050258000000000004
0.002267
0.0
0.0
0.0
0.0
0.0
0.0
0.0
0.0
0.0
0.0
0.0
0.0
0.0
0.0
0.026275
0.16295199999999999
0.234
0.288246
0.288144
0.236641
0.18098599999999998
0.10537099999999999
0.052302
0.002731
0.0
0.0
0.0
0.0
0.0
0.0
0.0
0.0
0.0
0.0
0.0
0.0
0.0
0.0
0.01756
0.069201
0.12193899999999999
0.156851
0.174394
0.17172
0.148801
0.10929000000000001
0.054049
0.003206
0.0
0.0
0.0
0.0
0.0
0.0
0.0
0.0
0.0
0.0
0.0
0.0
0.0
0.0
0.016284
0.06906999999999999
0.136034
0.214573
0.265101
0.27701299999999995
0.24257599999999999
0.180411
0.09487000000000001
0.007295
0.0
0.0
0.0
0.0
0.0
0.0
0.0
0.0
0.0
0.0
0.0
0.0
0.0
0.0
0.020825
0.072272
0.121435
0.157024
0.174264
0.171072
0.14876699999999998
0.10944499999999999
0.065814
0.008601000000000001
0.0
0.0
0.0
0.0
0.0
0.0
0.0
0.0
0.0
0.0
0.0
0.0
0.0
0.0
0.028065
0.12295
0.184184
0.200577
0.180092
0.178316
0.156081
0.11519499999999999
0.060643
0.007789
0.0
0.0
0.0
0.0
0.0
0.0
0.0
0.0
0.0
0.0
0.0
0.0
0.0
0.0
0.032113
0.13012700000000002
0.222386
0.280667
0.30904899999999996
0.501026
0.5441330000000001
0.45171
0.259152
0.050991
0.0
0.0
0.0
0.0
0.0
0.0
0.0
0.0
0.0
0.0
0.0
0.0
0.0
0.0
0.11656399999999999
0.329412
0.507
0.6201639999999999
0.6733210000000001
0.660698
0.588416
0.456881
0.266838
0.052709000000000006
0.0
0.0
0.0
0.0
0.0
0.0
0.0
0.0
0.0
0.0
0.0
0.0
0.0
0.0
0.047924
0.09141800000000001
0.176011
0.246116
0.294935
0.261415
0.20333500000000002
0.12403700000000001
0.06983199999999999
0.012653000000000001
0.0
0.0
0.0
0.0
0.0
0.0
0.0
0.0
0.0
0.0
0.0
0.0
0.0
0.00023799999999999998
0.087771
0.095145
0.15002000000000001
0.186985
0.20572
0.243544
0.239456
0.215469
0.103158
0.016562
0.0
0.0
0.0
0.0
0.0
0.0
0.0
0.0
0.0
0.0
0.0
0.0
0.0
0.0
0.034577
0.09645999999999999
0.150356
0.187595
0.20386
0.46396699999999996
0.551547
0.466345
0.283058
0.067793
0.0
0.0
0.0
0.0
0.0
0.0
0.0
0.0
0.0
0.0
0.0
0.0
0.0
0.00047799999999999996
0.111455
0.338641
0.516335
0.5376230000000001
0.421465
0.328478
0.243816
0.134977
0.075361
0.017175
0.0
0.0
0.0
0.0
0.0
0.0
0.0
0.0
0.0
0.0
0.0
0.0
0.0
0.0026739999999999997
0.124539
0.362396
0.525741
0.61146
0.630934
0.623668
0.5645
0.455071
0.272009
0.06488200000000001
0.0
0.0
0.0
0.0
0.0
0.0
0.0
0.0
0.0
0.0
0.0
0.0
0.0
0.001183
0.096711
0.328297
0.510007
0.62294
0.672022
0.659408
0.5907190000000001
0.457745
0.224116
0.042843000000000006
0.0
0.0
0.0
0.0
0.0
0.0
0.0
0.0
0.0
0.0
0.0
0.0
0.0
0.0
0.039666
0.100172
0.15238
0.18957
0.207289
0.203211
0.178728
0.136177
0.07982399999999999
0.02141
0.0
0.0
0.0
0.0
0.0
0.0
0.0
0.0
0.0
0.0
0.0
0.0
0.0
0.0006580000000000001
0.050143
0.09873900000000001
0.169608
0.251059
0.30108999999999997
0.302342
0.26697699999999996
0.205626
0.12299299999999999
0.033174999999999996
0.0
0.0
0.0
0.0
0.0
0.0
0.0
0.0
0.0
0.0
0.0
0.0
0.0
0.000175
0.043069
0.10095900000000001
0.152258
0.186512
0.203371
0.456668
0.5392469999999999
0.45833999999999997
0.284808
0.085556
0.0
0.0
0.0
0.0
0.0
0.0
0.0
0.0
0.0
0.0
0.0
0.0
0.0
0.000633
0.044276
0.10212399999999999
0.152336
0.188466
0.204276
0.200752
0.177621
0.137368
0.095266
0.033811999999999995
0.0
0.0
0.0
0.0
0.0
0.0
0.0
0.0
0.0
0.0
0.0
0.0
0.0
0.0035369999999999998
0.098751
0.21569
0.31756
0.38443099999999997
0.41573899999999997
0.495768
0.515788
0.453955
0.240964
0.060072
0.0
0.0
0.0
0.0
0.0
0.0
0.0
0.0
0.0
0.0
0.0
0.0
0.0
0.010754
0.141568
0.23308
0.267109
0.26835899999999996
0.227746
0.287759
0.318487
0.293034
0.254307
0.094756
0.0
0.0
0.0
0.0
0.0
0.0
0.0
0.0
0.0
0.0
0.0
0.0
0.0
0.006730000000000001
0.145112
0.369732
0.544805
0.64766
0.692863
0.673356
0.59473
0.463543
0.271731
0.086279
0.0
0.0
0.0
0.0
0.0
0.0
0.0
0.0
0.0
0.0
0.0
0.0
0.0
0.016170999999999998
0.182622
0.40787799999999996
0.560431
0.658334
0.691981
0.632498
0.48837400000000003
0.309365
0.20777
0.07889700000000001
0.000296
0.0
0.0
0.0
0.0
0.0
0.0
0.0
0.0
0.0
0.0
0.0
0.0
0.006295
0.08130200000000001
0.179869
0.268111
0.312364
0.336412
0.373773
0.360479
0.299677
0.161967
0.044472000000000005
0.0
0.0
0.0
0.0
0.0
0.0
0.0
0.0
0.0
0.0
0.0
0.0
0.0
0.026558
0.192522
0.41302300000000003
0.551676
0.581211
0.495542
0.477721
0.412182
0.304202
0.211344
0.081071
0.0011120000000000001
0.0
0.0
0.0
0.0
0.0
0.0
0.0
0.0
0.0
0.0
0.0
0.0
0.014286
0.08721999999999999
0.123614
0.175107
0.209684
0.226947
0.22232
0.197609
0.154932
0.113452
0.049413
0.000182
0.0
0.0
0.0
0.0
0.0
0.0
0.0
0.0
0.0
0.0
0.0
0.0
0.033998
0.21040999999999999
0.426659
0.582724
0.6745789999999999
0.7125199999999999
0.6974640000000001
0.62649
0.502363
0.330749
0.12693000000000002
0.0036160000000000003
0.0
0.0
0.0
0.0
0.0
0.0
0.0
0.0
0.0
0.0
0.0
0.0
0.03309
0.166306
0.256714
0.349143
0.411994
0.453155
0.5158400000000001
0.534609
0.474302
0.314731
0.11976099999999999
0.004151
0.0
0.0
0.0
0.0
0.0
0.0
0.0
0.0
0.0
0.0
0.0
0.0
0.044702
0.228802
0.447147
0.594217
0.688485
0.730814
0.715438
0.640237
0.5055930000000001
0.29403500000000005
0.09505899999999999
0.001153
0.0
0.0
0.0
0.0
0.0
0.0
0.0
0.0
0.0
0.0
0.0
0.0
0.017306000000000002
0.096756
0.198251
0.27898700000000004
0.33029000000000003
0.349686
0.343333
0.31019
0.24707300000000001
0.1615
0.06559999999999999
0.001639
0.0
0.0
0.0
0.0
0.0
0.0
0.0
0.0
0.0
0.0
0.0
0.0
0.022609
0.122264
0.266787
0.301142
0.296317
0.234572
0.310605
0.331659
0.31999700000000003
0.289792
0.138264
0.006645
0.0
0.0
0.0
0.0
0.0
0.0
0.0
0.0
0.0
0.0
0.0
0.0
0.042105
0.132499
0.143277
0.28437599999999996
0.423765
0.525871
0.387747
0.210952
0.167388
0.253023
0.136743
0.007749
0.0
0.0
0.0
0.0
0.0
0.0
0.0
0.0
0.0
0.0
0.0
0.0
0.021922999999999998
0.082743
0.14422900000000002
0.19348400000000002
0.22577
0.238205
0.513562
0.572314
0.501306
0.344111
0.145484
0.007878
0.0
0.0
0.0
0.0
0.0
0.0
0.0
0.0
0.0
0.0
0.0
0.0
0.023466
0.084866
0.14619300000000002
0.195882
0.228946
0.242283
0.5224460000000001
0.583159
0.510578
0.32878500000000005
0.111092
0.0017230000000000001
0.0
0.0
0.0
0.0
0.0
0.0
0.0
0.0
0.0
0.0
0.0
0.0
0.026170000000000002
0.087557
0.149177
0.42508999999999997
0.638105
0.6944940000000001
0.684338
0.612534
0.497075
0.34476100000000004
0.14962799999999998
0.009545
0.0
0.0
0.0
0.0
0.0
0.0
0.0
0.0
0.0
0.0
0.0
0.0
0.027902
0.090264
0.1527
0.203458
0.238412
0.252941
0.414619
0.47526799999999997
0.452973
0.312613
0.145761
0.010180999999999999
0.0
0.0
0.0
0.0
0.0
0.0
0.0
0.0
0.0
0.0
0.0
0.0
0.080785
0.269322
0.465511
0.6050099999999999
0.700321
0.74076
0.724968
0.652432
0.5365449999999999
0.36860000000000004
0.161411
0.013472
0.0
0.0
0.0
0.0
0.0
0.0
0.0
0.0
0.0
0.0
0.0
0.000444
0.078258
0.20418799999999998
0.155649
0.20505199999999998
0.238587
0.25246999999999997
0.246417
0.22043600000000002
0.176288
0.119968
0.05693
0.004967
0.0
0.0
0.0
0.0
0.0
0.0
0.0
0.0
0.0
0.0
0.0
0.0
0.056065
0.14813300000000001
0.23472800000000002
0.30106
0.34758999999999995
0.368709
0.503074
0.5468200000000001
0.502004
0.35995699999999997
0.16278800000000002
0.017199000000000002
0.0
0.0
0.0
0.0
0.0
0.0
0.0
0.0
0.0
0.0
0.0
0.0
0.049912
0.138876
0.237292
0.324716
0.403368
0.47868900000000003
0.38831299999999996
0.29315199999999997
0.17979699999999998
0.161554
0.093659
0.013904999999999999
0.0
0.0
0.0
0.0
0.0
0.0
0.0
0.0
0.0
0.0
0.0
0.0027240000000000003
0.09433
0.292176
0.479286
0.6206029999999999
0.717518
0.757741
0.739724
0.668601
0.5454
0.37752199999999997
0.17155199999999998
0.02178
0.0
0.0
0.0
0.0
0.0
0.0
0.0
0.0
0.0
0.0
0.0
0.000647
0.061078
0.175791
0.304276
0.395611
0.470373
0.49801100000000004
0.410408
0.326154
0.269104
0.186735
0.09092499999999999
0.014025000000000001
0.0
0.0
0.0
0.0
0.0
0.0
0.0
0.0
0.0
0.0
0.0
0.00415
0.102892
0.30166899999999996
0.472594
0.586822
0.512672
0.26912400000000003
0.250238
0.225648
0.182386
0.126666
0.064466
0.010635
0.0
0.0
0.0
0.0
0.0
0.0
0.0
0.0
0.0
0.0
0.0
9.5e-05
0.042165
0.103752
0.163026
0.21390299999999998
0.25639
0.270592
0.264166
0.236383
0.183842
0.12784399999999999
0.06589
0.011484
0.0
0.0
0.0
0.0
0.0
0.0
0.0
0.0
0.0
0.0
0.0
0.006237
0.11119899999999999
0.264093
0.315801
0.379468
0.397806
0.386753
0.377782
0.339492
0.278173
0.194638
0.09797700000000001
0.019146
0.0
0.0
0.0
0.0
0.0
0.0
0.0
0.0
0.0
0.0
0.0
0.00111
0.053897
0.143757
0.246512
0.31582
0.358089
0.36886599999999997
0.36729500000000004
0.334641
0.27722
0.207339
0.109925
0.023222
0.0
0.0
0.0
0.0
0.0
0.0
0.0
0.0
0.0
0.0
0.0
0.006745
0.097358
0.175456
0.173847
0.250201
0.334336
0.386847
0.413416
0.40856200000000004
0.359132
0.22794499999999998
0.110388
0.022443
0.0
0.0
0.0
0.0
0.0
0.0
0.0
0.0
0.0
0.0
0.0
0.007867
0.13452699999999998
0.345089
0.537015
0.681874
0.787166
0.826196
0.8079729999999999
0.732478
0.598309
0.423276
0.20400800000000002
0.037278
0.0
0.0
0.0
0.0
0.0
0.0
0.0
0.0
0.0
0.0
0.0
0.010171
0.13363
0.327976
0.444994
0.60049
0.695554
0.747653
0.750447
0.70052
0.57657
0.41109500000000004
0.201304
0.038572
0.0
0.0
0.0
0.0
0.0
0.0
0.0
0.0
0.0
0.0
0.0
0.013057000000000001
0.13559100000000002
0.32489999999999997
0.48332400000000003
0.599445
0.667944
0.693039
0.712985
0.667147
0.5596369999999999
0.40004199999999995
0.198101
0.039341
0.0
0.0
0.0
0.0
0.0
0.0
0.0
0.0
0.0
0.0
0.0
0.016144
0.14075200000000002
0.338424
0.5159729999999999
0.648478
0.730596
0.7647670000000001
0.7459560000000001
0.676676
0.559123
0.3966
0.197829
0.041042999999999996
0.0
0.0
0.0
0.0
0.0
0.0
0.0
0.0
0.0
0.0
0.0
0.00936
0.073947
0.165434
0.26932100000000003
0.325652
0.368636
0.38577300000000003
0.344508
0.265544
0.19231399999999998
0.13919800000000002
0.076679
0.020899
0.0
0.0
0.0
0.0
0.0
0.0
0.0
0.0
0.0
0.0
0.0
0.008223000000000001
0.059899
0.120934
0.179464
0.23481100000000002
0.266394
0.278652
0.29172899999999996
0.30600299999999997
0.287925
0.216235
0.128002
0.036395000000000004
0.0
0.0
0.0
0.0
0.0
0.0
0.0
0.0
0.0
0.0
0.0
0.009828
0.069952
0.161226
0.261561
0.391027
0.496774
0.555063
0.47947300000000004
0.349666
0.19438399999999997
0.158413
0.099105
0.032515
0.0
0.0
0.0
0.0
0.0
0.0
0.0
0.0
0.0
0.0
0.0
0.01156
0.06462000000000001
0.129471
0.18651900000000002
0.23399199999999998
0.264666
0.276972
0.27011
0.244494
0.201185
0.14602
0.082381
0.024671
0.0
0.0
0.0
0.0
0.0
0.0
0.0
0.0
0.0
0.0
0.0
0.013170999999999999
0.066163
0.130659
0.18691300000000002
0.244757
0.278198
0.29116899999999996
0.283161
0.254778
0.200964
0.145201
0.082495
0.025705
0.0
0.0
0.0
0.0
0.0
0.0
0.0
0.0
0.0
0.0
0.0
0.02881
0.163971
0.360106
0.53379
0.663632
0.74273
0.77126
0.753229
0.683412
0.565378
0.383469
0.187898
0.048528
0.0
0.0
0.0
0.0
0.0
0.0
0.0
0.0
0.0
0.0
0.0
0.027175
0.120491
0.241817
0.357165
0.433679
0.48718
0.507144
0.492043
0.44363400000000003
0.36357999999999996
0.239955
0.12741
0.037581
0.0
0.0
0.0
0.0
0.0
0.0
0.0
0.0
0.0
0.0
0.0
0.024418
0.098363
0.192076
0.275697
0.36530900000000005
0.438945
0.5040439999999999
0.490762
0.443195
0.36477499999999996
0.264281
0.147098
0.046095
0.0
0.0
0.0
0.0
0.0
0.0
0.0
0.0
0.0
0.0
0.0
0.030073
0.108199
0.172951
0.18751400000000001
0.307512
0.422512
0.512867
0.423697
0.31609
0.197231
0.14440999999999998
0.08400400000000001
0.028371
0.0
0.0
0.0
0.0
0.0
0.0
0.0
0.0
0.0
0.0
0.0
0.034908
0.146471
0.310346
0.456523
0.589588
0.672194
0.712745
0.640463
0.521922
0.365572
0.256442
0.145278
0.047082
0.0
0.0
0.0
0.0
0.0
0.0
0.0
0.0
0.0
0.0
0.0
0.028404
0.100988
0.189052
0.267914
0.30571
0.291184
0.267469
0.27373000000000003
0.248012
0.204661
0.163419
0.10691500000000001
0.041915999999999995
0.0
0.0
0.0
0.0
0.0
0.0
0.0
0.0
0.0
0.0
0.0
0.034595
0.132654
0.274476
0.41126999999999997
0.48429700000000003
0.5102450000000001
0.49941199999999997
0.418613
0.31588499999999997
0.198747
0.147768
0.087291
0.032024000000000004
0.0
0.0
0.0
0.0
0.0
0.0
0.0
0.0
0.0
0.0
0.0
0.023399
0.12420199999999999
0.300933
0.494526
0.557063
0.518518
0.405549
0.395844
0.35812099999999997
0.295988
0.191356
0.099383
0.032307999999999996
0.0
0.0
0.0
0.0
0.0
0.0
0.0
0.0
0.0
0.0
0.0
0.024826
0.09843
0.21611000000000002
0.339992
0.431987
0.48759600000000003
0.5146430000000001
0.492663
0.44149700000000003
0.361907
0.261094
0.15362
0.053840000000000006
0.000766
0.0
0.0
0.0
0.0
0.0
0.0
0.0
0.0
0.0
0.0
0.038976
0.17941200000000002
0.37608400000000003
0.541119
0.6554099999999999
0.7255499999999999
0.747852
0.72163
0.6079629999999999
0.424529
0.3125
0.176412
0.06024
0.001506
0.0
0.0
0.0
0.0
0.0
0.0
0.0
0.0
0.0
0.0
0.036584000000000005
0.100149
0.16240700000000002
0.193815
0.246107
0.27462400000000003
0.285215
0.349423
0.38063600000000003
0.358918
0.327797
0.20966300000000002
0.066388
0.003887
0.0
0.0
0.0
0.0
0.0
0.0
0.0
0.0
0.0
0.000404
0.039317
0.13400499999999999
0.19437000000000001
0.19855899999999999
0.24219
0.27069099999999996
0.27988999999999997
0.272127
0.247377
0.20565799999999998
0.198099
0.140952
0.058158
0.003542
0.0
0.0
0.0
0.0
0.0
0.0
0.0
0.0
0.0
0.0019190000000000001
0.059616
0.20483099999999999
0.39547899999999997
0.557381
0.679818
0.753946
0.777111
0.7596069999999999
0.69243
0.576947
0.423814
0.232354
0.074107
0.004762
0.0
0.0
0.0
0.0
0.0
0.0
0.0
0.0
0.0
0.002342
0.061530999999999995
0.209601
0.404872
0.569665
0.6962229999999999
0.771617
0.797432
0.7777240000000001
0.707736
0.5909099999999999
0.437178
0.24369200000000002
0.078845
0.005885
0.0
0.0
0.0
0.0
0.0
0.0
0.0
0.0
0.0
0.003016
0.065414
0.210235
0.390289
0.5463600000000001
0.662659
0.733952
0.754891
0.673677
0.5434220000000001
0.37911
0.284757
0.166441
0.063095
0.00363
0.0
0.0
0.0
0.0
0.0
0.0
0.0
0.0
0.0
0.00041799999999999997
0.044196
0.121548
0.20926499999999998
0.297902
0.363983
0.40674
0.408912
0.518728
0.54127
0.507331
0.385976
0.227987
0.074976
0.007811
0.0
0.0
0.0
0.0
0.0
0.0
0.0
0.0
0.0
0.003743
0.06651699999999999
0.207203
0.380306
0.512676
0.642051
0.726443
0.763401
0.7424059999999999
0.676416
0.566767
0.418891
0.235693
0.080134
0.008861
0.0
0.0
0.0
0.0
0.0
0.0
0.0
0.0
0.0
0.004131999999999999
0.06637
0.18176900000000001
0.271904
0.27983800000000003
0.342099
0.365977
0.37737099999999996
0.378795
0.360194
0.303479
0.200823
0.110202
0.041982
0.0027660000000000002
0.0
0.0
0.0
0.0
0.0
0.0
0.0
0.0
0.0
0.0007840000000000001
0.047485
0.12282299999999999
0.207565
0.292027
0.409831
0.5171870000000001
0.5940080000000001
0.620548
0.603388
0.530197
0.371997
0.204268
0.07345499999999999
0.01078
0.0
0.0
0.0
0.0
0.0
0.0
0.0
0.0
0.0
0.0045590000000000006
0.069845
0.195973
0.325393
0.416568
0.48706499999999997
0.5149389999999999
0.499967
0.493905
0.44846800000000003
0.373347
0.269265
0.164246
0.06747
0.007443
0.0
0.0
0.0
0.0
0.0
0.0
0.0
0.0
0.0
0.00028100000000000005
0.037857
0.092377
0.150255
0.20711600000000002
0.252247
0.26983999999999997
0.280889
0.270625
0.25453
0.210772
0.155061
0.098322
0.043963
0.004607999999999999
0.0
0.0
0.0
0.0
0.0
0.0
0.0
0.0
0.0
0.006055
0.067717
0.188365
0.321301
0.425296
0.492117
0.517709
0.49875400000000003
0.45643
0.377373
0.292419
0.25834300000000004
0.175381
0.074249
0.010971999999999999
0.0
0.0
0.0
0.0
0.0
0.0
0.0
0.0
0.0
0.003368
0.051906999999999995
0.12651099999999998
0.210822
0.294211
0.355745
0.38136200000000003
0.395407
0.384613
0.36031
0.30174599999999996
0.21959800000000002
0.137422
0.060668999999999994
0.009260999999999998
0.0
0.0
0.0
0.0
0.0
0.0
0.0
0.0
0.0
0.00279
0.040515
0.094939
0.153591
0.205935
0.247112
0.27225099999999997
0.279943
0.36082600000000004
0.393648
0.374135
0.27441699999999997
0.170856
0.073477
0.015138
0.0
0.0
0.0
0.0
0.0
0.0
0.0
0.0
0.0
0.004212
0.054875
0.118703
0.173287
0.20546899999999998
0.278981
0.358225
0.407208
0.36324599999999996
0.28511200000000003
0.21291300000000002
0.161865
0.103282
0.047719000000000004
0.006283
0.0
0.0
0.0
0.0
0.0
0.0
0.0
0.0
0.0
0.00322
0.041939
0.09678400000000001
0.154421
0.211592
0.255164
0.272586
0.281966
0.30791
0.323501
0.305426
0.241781
0.162095
0.074225
0.011768
0.0
0.0
0.0
0.0
0.0
0.0
0.0
0.0
0.0
0.006669
0.04269
0.10851999999999999
0.19343100000000002
0.281899
0.375595
0.450052
0.5133690000000001
0.48957
0.432031
0.358637
0.240013
0.127074
0.047536
0.007631000000000001
0.0
0.0
0.0
0.0
0.0
0.0
0.0
0.0
0.0
0.006021
0.043635
0.123304
0.240955
0.373384
0.458339
0.491162
0.523566
0.470536
0.402127
0.304392
0.20969100000000002
0.11917900000000001
0.050012
0.016289
0.0
0.0
0.0
0.0
0.0
0.0
0.0
0.0
0.0
0.015934
0.08574899999999999
0.218225
0.338629
0.37721699999999997
0.484499
0.55767
0.599472
0.5515950000000001
0.473635
0.362794
0.280597
0.178809
0.080499
0.020956
0.0
0.0
0.0
0.0
0.0
0.0
0.0
0.0
0.0
0.009333000000000001
0.046594000000000003
0.116132
0.20954499999999998
0.30802999999999997
0.37739
0.402786
0.412603
0.451841
0.445593
0.405046
0.34738
0.232595
0.096881
0.02327
0.0
0.0
0.0
0.0
0.0
0.0
0.0
0.0
0.0
0.019039
0.090662
0.23796199999999998
0.414088
0.558755
0.62399
0.579893
0.436353
0.45379899999999995
0.443857
0.40065300000000004
0.279028
0.163691
0.072572
0.018328
0.0
0.0
0.0
0.0
0.0
0.0
0.0
0.0
0.0
0.019134
0.09193699999999999
0.23860900000000002
0.415205
0.566514
0.67076
0.719256
0.7021900000000001
0.630919
0.532601
0.390382
0.365602
0.24927000000000002
0.106187
0.026425
0.0
0.0
0.0
0.0
0.0
0.0
0.0
0.0
0.0
0.018564
0.066876
0.145785
0.23186099999999998
0.315869
0.38135800000000003
0.41157299999999997
0.427873
0.46056
0.43698200000000004
0.39609300000000003
0.351481
0.23990999999999998
0.105159
0.027104
0.0
0.0
0.0
0.0
0.0
0.0
0.0
0.0
0.0
0.022094000000000003
0.09324500000000001
0.24613200000000002
0.420848
0.568899
0.684468
0.755771
0.78384
0.761808
0.697704
0.587475
0.441596
0.266747
0.109983
0.027153
0.0
0.0
0.0
0.0
0.0
0.0
0.0
0.0
0.0
0.02129
0.094151
0.22947
0.36077800000000004
0.441887
0.511841
0.5378440000000001
0.520233
0.47777
0.39873000000000003
0.312228
0.348481
0.255082
0.108038
0.028480000000000002
0.0
0.0
0.0
0.0
0.0
0.0
0.0
0.0
0.0
0.017241
0.079004
0.211504
0.395195
0.5674020000000001
0.694547
0.7737
0.801198
0.78007
0.710779
0.596764
0.450005
0.272844
0.114326
0.030504999999999997
0.0
0.0
0.0
0.0
0.0
0.0
0.0
0.0
0.0
0.024271
0.096624
0.243027
0.367633
0.379543
0.459726
0.520201
0.534567
0.484524
0.414803
0.316249
0.267538
0.181351
0.092111
0.028808
0.0
0.0
0.0
0.0
0.0
0.0
0.0
0.0
0.0
0.023690000000000003
0.088931
0.185925
0.26065699999999997
0.297359
0.368836
0.40167899999999995
0.419543
0.40804700000000005
0.373121
0.32390199999999997
0.283029
0.202543
0.098824
0.030594
0.0
0.0
0.0
0.0
0.0
0.0
0.0
0.0
0.0
0.025165
0.09698699999999999
0.246302
0.4182
0.5603319999999999
0.6331140000000001
0.608368
0.536051
0.481362
0.41112
0.314959
0.23135
0.144307
0.070833
0.017177
0.0
0.0
0.0
0.0
0.0
0.0
0.0
0.0
0.0
0.021922999999999998
0.08851099999999999
0.22889500000000002
0.408578
0.562276
0.6790750000000001
0.732946
0.722478
0.641948
0.540929
0.381942
0.332442
0.226626
0.11035299999999999
0.031602
0.0
0.0
0.0
0.0
0.0
0.0
0.0
0.0
0.0
0.026283
0.100411
0.239725
0.39787599999999995
0.525039
0.631046
0.705995
0.73845
0.727367
0.671577
0.571601
0.416808
0.23329
0.09109300000000001
0.032325
0.0
0.0
0.0
0.0
0.0
0.0
0.0
0.0
0.0
0.024479
0.0818
0.176387
0.282546
0.38039999999999996
0.427419
0.441085
0.41403500000000004
0.444083
0.433736
0.397223
0.34625
0.24005500000000002
0.11078400000000001
0.030879
0.0
0.0
0.0
0.0
0.0
0.0
0.0
0.0
0.0
0.025684000000000002
0.092428
0.237598
0.399524
0.545862
0.6621509999999999
0.7369439999999999
0.767444
0.704816
0.586061
0.40046699999999996
0.34173200000000004
0.23396799999999998
0.116036
0.034974
0.0
0.0
0.0
0.0
0.0
0.0
0.0
0.0
0.0
0.024870999999999997
0.09819599999999999
0.240627
0.39319400000000004
0.505398
0.6377
0.732425
0.7759539999999999
0.771967
0.7107720000000001
0.600935
0.439561
0.257747
0.108127
0.034771
0.0
0.0
0.0
0.0
0.0
0.0
0.0
0.0
0.0
0.024078
0.10234399999999999
0.242007
0.39755399999999996
0.50674
0.543858
0.512692
0.413196
0.55234
0.604153
0.5509080000000001
0.42152
0.262233
0.11473
0.032114
0.0
0.0
0.0
0.0
0.0
0.0
0.0
0.0
0.0
0.026232
0.07065300000000001
0.16295500000000002
0.291097
0.426976
0.471082
0.458401
0.402779
0.360332
0.287151
0.226149
0.193448
0.147302
0.084247
0.024055
0.0
0.0
0.0
0.0
0.0
0.0
0.0
0.0
0.0
0.02554
0.098027
0.23529
0.384914
0.5066309999999999
0.612918
0.685373
0.716883
0.697554
0.637207
0.538437
0.398928
0.23848
0.105684
0.035597000000000004
0.0
0.0
0.0
0.0
0.0
0.0
0.0
0.0
0.0
0.028429
0.092166
0.201386
0.329263
0.441919
0.48386599999999996
0.47212099999999996
0.4148
0.5457609999999999
0.5962670000000001
0.5515220000000001
0.430236
0.277053
0.126045
0.040478
0.000361
0.0
0.0
0.0
0.0
0.0
0.0
0.0
0.0
0.030387
0.086855
0.174823
0.25700799999999996
0.318853
0.417852
0.494685
0.5437799999999999
0.6331760000000001
0.6326900000000001
0.5737899999999999
0.413706
0.248298
0.113158
0.040193
0.0007920000000000001
0.0
0.0
0.0
0.0
0.0
0.0
0.0
0.0
0.026373
0.101789
0.249714
0.421339
0.572039
0.6871079999999999
0.7668039999999999
0.795219
0.7762380000000001
0.7090069999999999
0.595936
0.452297
0.28138
0.128995
0.041915999999999995
0.0006919999999999999
0.0
0.0
0.0
0.0
0.0
0.0
0.0
0.0
0.027684999999999998
0.102714
0.245444
0.401061
0.5248229999999999
0.583164
0.581773
0.5255019999999999
0.533744
0.509399
0.45091000000000003
0.382815
0.25813200000000003
0.121549
0.039903
0.001003
0.0
0.0
0.0
0.0
0.0
0.0
0.0
0.0
0.027027000000000002
0.10586
0.24282900000000002
0.405675
0.548575
0.655927
0.724405
0.748648
0.724118
0.620953
0.45198
0.380644
0.260563
0.123967
0.040303
0.000979
0.0
0.0
0.0
0.0
0.0
0.0
0.0
0.0
0.029622
0.082376
0.16494
0.243186
0.301919
0.360856
0.401979
0.41868099999999997
0.404078
0.375259
0.30928300000000003
0.241364
0.162531
0.08657899999999999
0.039922
0.001117
0.0
0.0
0.0
0.0
0.0
0.0
0.0
0.0
0.029114
0.087021
0.17408099999999999
0.272283
0.353432
0.435392
0.49504000000000004
0.517124
0.501718
0.45012
0.378121
0.35388600000000003
0.253841
0.12167700000000001
0.038726
7.5e-05
0.0
0.0
0.0
0.0
0.0
0.0
0.0
0.0
0.02689
0.089249
0.208261
0.355246
0.488077
0.611632
0.691681
0.720701
0.666212
0.55018
0.381919
0.353192
0.251887
0.12172100000000001
0.041045000000000005
0.001262
0.0
0.0
0.0
0.0
0.0
0.0
0.0
0.0
0.028888
0.070642
0.141207
0.218035
0.28309300000000004
0.336537
0.37783999999999995
0.390681
0.395175
0.36717500000000003
0.30839999999999995
0.239175
0.160612
0.085638
0.027684
0.0
0.0
0.0
0.0
0.0
0.0
0.0
0.0
0.0
0.018460999999999998
0.072619
0.14522200000000002
0.22967400000000002
0.30796300000000004
0.36881200000000003
0.41567000000000004
0.429636
0.37596300000000005
0.298617
0.235154
0.228163
0.179037
0.106423
0.033921999999999994
0.0
0.0
0.0
0.0
0.0
0.0
0.0
0.0
0.0
0.018986
0.055640999999999996
0.136002
0.250754
0.384446
0.456172
0.504903
0.523906
0.612322
0.61156
0.553951
0.407563
0.249861
0.117938
0.045136
0.002093
0.0
0.0
0.0
0.0
0.0
0.0
0.0
0.0
0.028829
0.07533100000000001
0.168964
0.297948
0.435702
0.49976499999999996
0.5331710000000001
0.532142
0.49298000000000003
0.412829
0.319875
0.308488
0.232786
0.12420300000000001
0.044332
0.001603
0.0
0.0
0.0
0.0
0.0
0.0
0.0
0.0
0.025893
0.08633400000000001
0.158204
0.207706
0.219903
0.261184
0.28841100000000003
0.29861
0.29144099999999995
0.266223
0.233936
0.179364
0.12406
0.068759
0.023614
0.0
0.0
0.0
0.0
0.0
0.0
0.0
0.0
0.0
0.01453
0.055490000000000005
0.110044
0.167736
0.226886
0.296777
0.376437
0.426701
0.41492700000000005
0.38145100000000004
0.32720800000000005
0.350792
0.26700799999999997
0.134442
0.046823000000000004
0.002519
0.0
0.0
0.0
0.0
0.0
0.0
0.0
0.0
0.028730000000000002
0.107651
0.24614
0.411163
0.554137
0.661455
0.7188450000000001
0.724707
0.719554
0.669509
0.574385
0.44121
0.28369900000000003
0.13315000000000002
0.046518000000000004
0.002405
0.0
0.0
0.0
0.0
0.0
0.0
0.0
0.0
0.030156
0.098976
0.224185
0.383078
0.53099
0.640039
0.711056
0.731837
0.7166710000000001
0.6546219999999999
0.55449
0.426916
0.274877
0.13101400000000002
0.043004
0.0022930000000000003
0.0
0.0
0.0
0.0
0.0
0.0
0.0
0.0
0.025937
0.084746
0.169682
0.270933
0.36237
0.438465
0.488573
0.5169020000000001
0.48581599999999997
0.409068
0.320255
0.22809200000000002
0.13838399999999998
0.068438
0.040603
0.00204
0.0
0.0
0.0
0.0
0.0
0.0
0.0
0.0
0.030515999999999998
0.09362000000000001
0.222769
0.368229
0.498908
0.573465
0.608829
0.598897
0.603974
0.551723
0.453593
0.31673
0.189482
0.09076300000000001
0.035692999999999996
0.000662
0.0
0.0
0.0
0.0
0.0
0.0
0.0
0.0
0.026645
0.099483
0.226389
0.364408
0.46975599999999995
0.533263
0.5433859999999999
0.505531
0.5060790000000001
0.460304
0.393672
0.32585899999999995
0.222736
0.11852299999999999
0.047581000000000005
0.001972
0.0
0.0
0.0
0.0
0.0
0.0
0.0
0.0
0.026536
0.10022700000000001
0.225293
0.29368
0.21082599999999999
0.244188
0.269441
0.27953100000000003
0.31687
0.353684
0.325052
0.231803
0.140837
0.069262
0.024147
0.0
0.0
0.0
0.0
0.0
0.0
0.0
0.0
0.0
0.01343
0.053281
0.105822
0.162411
0.215188
0.28818900000000003
0.36984100000000003
0.423046
0.458243
0.456709
0.399286
0.308531
0.204057
0.107256
0.038618
0.000249
0.0
0.0
0.0
0.0
0.0
0.0
0.0
0.0
0.028555
0.096741
0.22464099999999998
0.381851
0.526697
0.6165470000000001
0.639419
0.600355
0.53886
0.43638299999999997
0.318096
0.266633
0.19195099999999998
0.108445
0.043711
0.001538
0.0
0.0
0.0
0.0
0.0
0.0
0.0
0.0
0.025838
0.09789199999999999
0.23137100000000002
0.393229
0.5360860000000001
0.645712
0.7095560000000001
0.729643
0.7145220000000001
0.656208
0.5583279999999999
0.430273
0.278507
0.133635
0.044382
0.00271
0.0
0.0
0.0
0.0
0.0
0.0
0.0
0.0
0.025485
0.094793
0.224302
0.382914
0.520614
0.626911
0.6927490000000001
0.7183350000000001
0.7103079999999999
0.658683
0.565529
0.43375400000000003
0.278571
0.133289
0.044056
0.002653
0.0
0.0
0.0
0.0
0.0
0.0
0.0
0.0
0.025248
0.09309300000000001
0.224161
0.38026
0.519218
0.6210910000000001
0.683367
0.706773
0.692932
0.6394059999999999
0.537218
0.417359
0.269139
0.129332
0.043314
0.0026320000000000002
0.0
0.0
0.0
0.0
0.0
0.0
0.0
0.0
0.027627
0.092512
0.220174
0.366913
0.48913
0.5992759999999999
0.674227
0.709422
0.6943680000000001
0.639577
0.538726
0.41295499999999996
0.26531
0.126904
0.042869
0.0025859999999999998
0.0
0.0
0.0
0.0
0.0
0.0
0.0
0.0
0.025945
0.075887
0.15350999999999998
0.22825800000000002
0.283092
0.338264
0.369674
0.375232
0.387096
0.36270600000000003
0.312021
0.224219
0.13756200000000002
0.068334
0.027611999999999998
0.0
0.0
0.0
0.0
0.0
0.0
0.0
0.0
0.0
0.026539999999999998
0.09444499999999999
0.2271
0.39244799999999996
0.538547
0.652846
0.718291
0.738468
0.725508
0.666621
0.568322
0.44043400000000005
0.285346
0.136153
0.045014000000000005
0.002794
0.0
0.0
0.0
0.0
0.0
0.0
0.0
0.0
0.026473
0.093253
0.22118100000000002
0.370527
0.493115
0.5865349999999999
0.6397160000000001
0.65464
0.658938
0.582437
0.45085000000000003
0.402567
0.277963
0.13463399999999998
0.044673000000000004
0.00229
0.0
0.0
0.0
0.0
0.0
0.0
0.0
0.0
0.016342
0.06616200000000001
0.14580600000000002
0.248575
0.359325
0.384351
0.35601900000000003
0.28636
0.281979
0.259809
0.222492
0.175625
0.121754
0.067938
0.023426
0.0
0.0
0.0
0.0
0.0
0.0
0.0
0.0
0.0
0.011167
0.047884
0.124075
0.234174
0.36376400000000003
0.452946
0.492211
0.51171
0.50245
0.461101
0.39070699999999997
0.318561
0.218661
0.11663899999999999
0.046348999999999994
0.001981
0.0
0.0
0.0
0.0
0.0
0.0
0.0
0.0
0.026044
0.09074299999999999
0.217748
0.37502199999999997
0.517303
0.622486
0.6482910000000001
0.583802
0.522073
0.41777
0.29988299999999996
0.240071
0.163382
0.09044799999999999
0.034908999999999996
0.000268
0.0
0.0
0.0
0.0
0.0
0.0
0.0
0.0
0.02582
0.084803
0.173042
0.224173
0.199693
0.240944
0.268128
0.281286
0.279419
0.261306
0.22627
0.17588900000000002
0.11945399999999999
0.06542400000000001
0.022221
0.0
0.0
0.0
0.0
0.0
0.0
0.0
0.0
0.0
0.021047
0.08172499999999999
0.18482400000000002
0.28182100000000004
0.35525799999999996
0.410099
0.434897
0.421512
0.686097
0.5728880000000001
0.38971
0.301137
0.200853
0.103654
0.043162
0.001575
0.0
0.0
0.0
0.0
0.0
0.0
0.0
0.0
0.026188
0.08817100000000001
0.21345
0.36836599999999997
0.50833
0.619148
0.6723830000000001
0.648799
0.602624
0.506251
0.384304
0.356166
0.25650799999999996
0.130757
0.043899
0.0014930000000000002
0.0
0.0
0.0
0.0
0.0
0.0
0.0
0.0
0.024178
0.086909
0.209198
0.349311
0.446649
0.546888
0.60924
0.639273
0.6266670000000001
0.5753550000000001
0.49394499999999997
0.395763
0.265729
0.129709
0.043698999999999995
0.001871
0.0
0.0
0.0
0.0
0.0
0.0
0.0
0.0
0.017300999999999997
0.05993
0.13622599999999999
0.236328
0.34496899999999997
0.472751
0.579821
0.6428339999999999
0.636674
0.5963200000000001
0.5267820000000001
0.384166
0.235504
0.109465
0.041076999999999995
0.001395
0.0
0.0
0.0
0.0
0.0
0.0
0.0
0.0
0.020276
0.073693
0.169863
0.28630099999999997
0.402097
0.545473
0.647226
0.704905
0.695667
0.642713
0.5471459999999999
0.398081
0.241031
0.109089
0.034874
0.0
0.0
0.0
0.0
0.0
0.0
0.0
0.0
0.0
0.008093999999999999
0.043245
0.106026
0.18895599999999999
0.285359
0.348709
0.389392
0.40483199999999997
0.398803
0.36717099999999997
0.31271699999999997
0.261494
0.18556999999999998
0.101706
0.039504
0.000664
0.0
0.0
0.0
0.0
0.0
0.0
0.0
0.0
0.022768999999999998
0.083285
0.204
0.351387
0.477587
0.5840599999999999
0.6619539999999999
0.693981
0.6573089999999999
0.6007910000000001
0.500653
0.39777300000000004
0.265657
0.127207
0.042585
0.001077
0.0
0.0
0.0
0.0
0.0
0.0
0.0
0.0
0.019469
0.077419
0.18101699999999998
0.260151
0.278063
0.36338299999999996
0.443955
0.506235
0.516745
0.497207
0.441036
0.320623
0.202467
0.09795699999999999
0.030452000000000003
0.0
0.0
0.0
0.0
0.0
0.0
0.0
0.0
0.0
0.009515000000000001
0.041548
0.10240300000000001
0.18241300000000002
0.276862
0.362507
0.44281099999999995
0.505644
0.510636
0.48678899999999997
0.425116
0.318837
0.204155
0.09890399999999999
0.040096
0.000671
0.0
0.0
0.0
0.0
0.0
0.0
0.0
0.0
0.019902999999999997
0.079762
0.199294
0.347043
0.469537
0.5881190000000001
0.672734
0.7172390000000001
0.689584
0.6238619999999999
0.521608
0.369534
0.21391300000000002
0.094515
0.038297
0.00057
0.0
0.0
0.0
0.0
0.0
0.0
0.0
0.0
0.018689
0.07760399999999999
0.197554
0.356238
0.500441
0.614581
0.687307
0.71634
0.703442
0.647884
0.550727
0.416225
0.252102
0.11210500000000001
0.037975
0.0005
0.0
0.0
0.0
0.0
0.0
0.0
0.0
0.0
0.015327
0.066965
0.175377
0.331426
0.48533
0.547018
0.511539
0.39042
0.32673599999999997
0.248804
0.212918
0.165643
0.11189199999999999
0.059061
0.025346
0.0
0.0
0.0
0.0
0.0
0.0
0.0
0.0
0.0
0.010506999999999999
0.051872
0.141821
0.27918200000000004
0.431185
0.484274
0.47491
0.39926799999999996
0.489165
0.5127569999999999
0.48543200000000003
0.371316
0.234563
0.110593
0.0351
0.0
0.0
0.0
0.0
0.0
0.0
0.0
0.0
0.0
0.0049889999999999995
0.036624000000000004
0.085924
0.14171899999999998
0.194412
0.305913
0.416126
0.502954
0.516869
0.494866
0.433798
0.355722
0.240353
0.116831
0.039043
0.0
0.0
0.0
0.0
0.0
0.0
0.0
0.0
0.0
0.012486
0.069354
0.181014
0.329124
0.46240699999999996
0.573602
0.6514800000000001
0.6881900000000001
0.6500779999999999
0.5933740000000001
0.49138600000000004
0.34724400000000005
0.20525200000000002
0.093762
0.032583
0.0
0.0
0.0
0.0
0.0
0.0
0.0
0.0
0.0
0.014459
0.071013
0.187597
0.338304
0.461806
0.571824
0.6431
0.673848
0.623045
0.5142599999999999
0.37295999999999996
0.24752600000000002
0.137967
0.057004
0.023333
0.0
0.0
0.0
0.0
0.0
0.0
0.0
0.0
0.0
0.012395
0.06483799999999999
0.13552
0.18465
0.185895
0.357166
0.517066
0.633381
0.650636
0.6249819999999999
0.540985
0.41297300000000003
0.260442
0.116975
0.037857999999999996
0.0
0.0
0.0
0.0
0.0
0.0
0.0
0.0
0.0
0.011590999999999999
0.063311
0.166939
0.319714
0.47777499999999995
0.5943120000000001
0.669577
0.698134
0.68944
0.6356280000000001
0.5367759999999999
0.374512
0.212567
0.086893
0.023338
0.0
0.0
0.0
0.0
0.0
0.0
0.0
0.0
0.0
0.006046
0.055354
0.150337
0.29269799999999996
0.44134300000000004
0.557845
0.633737
0.669447
0.678804
0.636651
0.544172
0.40204500000000004
0.24543500000000001
0.106839
0.033659999999999995
0.0
0.0
0.0
0.0
0.0
0.0
0.0
0.0
0.0
0.010401
0.06428700000000001
0.178881
0.334683
0.482674
0.5893630000000001
0.645492
0.645537
0.634013
0.5876079999999999
0.504035
0.39457600000000004
0.248221
0.110024
0.032011000000000005
0.0
0.0
0.0
0.0
0.0
0.0
0.0
0.0
0.0
0.006965
0.052968
0.11602599999999999
0.167402
0.185894
0.264413
0.33267399999999997
0.389546
0.343003
0.273125
0.20738499999999999
0.158864
0.105284
0.052491
0.013646
0.0
0.0
0.0
0.0
0.0
0.0
0.0
0.0
0.0
0.008228
0.062171
0.179361
0.33630099999999996
0.48374
0.6067619999999999
0.6854690000000001
0.716272
0.701431
0.639559
0.5366559999999999
0.393073
0.235838
0.10197
0.028183
0.0
0.0
0.0
0.0
0.0
0.0
0.0
0.0
0.0
0.007293999999999999
0.060929000000000004
0.174853
0.32527100000000003
0.47164100000000003
0.583682
0.647944
0.665408
0.6605829999999999
0.597607
0.513313
0.397953
0.249121
0.107246
0.031478
0.0
0.0
0.0
0.0
0.0
0.0
0.0
0.0
0.0
0.006881
0.059741999999999996
0.173144
0.32823
0.478917
0.588
0.613311
0.5503490000000001
0.491688
0.393401
0.277406
0.229917
0.15939599999999998
0.080114
0.025693
0.0
0.0
0.0
0.0
0.0
0.0
0.0
0.0
0.0
0.00584
0.058849
0.172709
0.326548
0.453737
0.574904
0.660854
0.7002240000000001
0.68565
0.626503
0.523595
0.397217
0.24510400000000002
0.104218
0.028652
0.0
0.0
0.0
0.0
0.0
0.0
0.0
0.0
0.0
0.004864
0.057017000000000005
0.158082
0.247423
0.261211
0.32470699999999997
0.36864199999999997
0.386416
0.423435
0.407899
0.36391500000000004
0.281586
0.18610300000000002
0.087904
0.022291000000000002
0.0
0.0
0.0
0.0
0.0
0.0
0.0
0.0
0.0
0.0
0.027121
0.088752
0.183023
0.299497
0.410342
0.516028
0.5797340000000001
0.543377
0.461796
0.36544
0.254978
0.147924
0.065178
0.012836
0.0
0.0
0.0
0.0
0.0
0.0
0.0
0.0
0.0
0.001638
0.047569
0.119524
0.198722
0.260272
0.344081
0.41895800000000005
0.45062
0.405805
0.311039
0.204577
0.166022
0.114341
0.05832
0.013488
0.0
0.0
0.0
0.0
0.0
0.0
0.0
0.0
0.0
0.0
0.026811
0.083547
0.161967
0.247316
0.30411
0.34247500000000003
0.35933699999999996
0.365286
0.336792
0.286496
0.233744
0.159562
0.07739499999999999
0.018931
0.0
0.0
0.0
0.0
0.0
0.0
0.0
0.0
0.0
0.0020169999999999997
0.052512
0.163844
0.31871
0.461843
0.578616
0.64613
0.665317
0.630823
0.547421
0.423512
0.348733
0.225739
0.096739
0.023619
0.0
0.0
0.0
0.0
0.0
0.0
0.0
0.0
0.0
0.002048
0.051243000000000004
0.150161
0.255058
0.32606799999999997
0.425722
0.5154829999999999
0.5595220000000001
0.674063
0.65986
0.525827
0.395505
0.238467
0.096047
0.022876
0.0
0.0
0.0
0.0
0.0
0.0
0.0
0.0
0.0
0.001177
0.044397
0.13736
0.25899900000000003
0.379885
0.45496
0.481505
0.49773700000000004
0.45665100000000003
0.366082
0.282439
0.189046
0.109234
0.044176
0.009737
0.0
0.0
0.0
0.0
0.0
0.0
0.0
0.0
0.0
0.001167
0.049353
0.162841
0.324243
0.477103
0.603935
0.683922
0.708868
0.686297
0.615572
0.504163
0.35795
0.20030099999999998
0.079004
0.014615
0.0
0.0
0.0
0.0
0.0
0.0
0.0
0.0
0.0
0.0
0.039871000000000004
0.11785
0.223417
0.322684
0.403185
0.459659
0.482482
0.47394
0.43373700000000004
0.363477
0.24841999999999997
0.142744
0.058682000000000005
0.010407
0.0
0.0
0.0
0.0
0.0
0.0
0.0
0.0
0.0
0.00075
0.046865000000000004
0.158082
0.316848
0.46360500000000004
0.5634450000000001
0.578452
0.49207999999999996
0.494957
0.481182
0.417025
0.297983
0.17699299999999998
0.07375100000000001
0.011729
0.0
0.0
0.0
0.0
0.0
0.0
0.0
0.0
0.0
0.000365
0.047256
0.15542699999999998
0.308676
0.44335399999999997
0.567545
0.632289
0.613636
0.568477
0.46995299999999995
0.347538
0.240566
0.138131
0.055145000000000007
0.010961
0.0
0.0
0.0
0.0
0.0
0.0
0.0
0.0
0.0
0.000312
0.043838999999999996
0.149091
0.26887099999999997
0.300497
0.322687
0.308307
0.249029
0.32600799999999996
0.351796
0.34383400000000003
0.262471
0.16602799999999998
0.069884
0.01115
0.0
0.0
0.0
0.0
0.0
0.0
0.0
0.0
0.0
0.0
0.033957999999999995
0.101797
0.181827
0.245837
0.270126
0.27591000000000004
0.254661
0.330788
0.35385500000000003
0.340517
0.23323500000000003
0.12903499999999998
0.050674
0.004312
0.0
0.0
0.0
0.0
0.0
0.0
0.0
0.0
0.0
0.0
0.025831
0.099233
0.220182
0.36049400000000004
0.45566500000000004
0.512473
0.53296
0.506017
0.425831
0.338796
0.24821700000000002
0.144868
0.058192999999999995
0.006642
0.0
0.0
0.0
0.0
0.0
0.0
0.0
0.0
0.0
0.0
0.031016
0.11754200000000001
0.258274
0.40469900000000003
0.495875
0.541226
0.528059
0.557685
0.528737
0.44966
0.352236
0.205143
0.074585
0.008749
0.0
0.0
0.0
0.0
0.0
0.0
0.0
0.0
0.0
0.0
0.038363
0.13764500000000002
0.24593399999999999
0.29694400000000004
0.320394
0.304701
0.253714
0.242886
0.222409
0.1866
0.15565600000000002
0.10435
0.046057
0.0024609999999999996
0.0
0.0
0.0
0.0
0.0
0.0
0.0
0.0
0.0
0.0
0.022874
0.110418
0.266454
0.435087
0.560013
0.6384500000000001
0.674314
0.600311
0.45327100000000003
0.263709
0.16963499999999998
0.09109300000000001
0.031211
0.00041
0.0
0.0
0.0
0.0
0.0
0.0
0.0
0.0
0.0
0.0
0.014785999999999999
0.058765
0.11441599999999999
0.169131
0.214851
0.24568600000000002
0.259992
0.25410900000000003
0.23108
0.19191999999999998
0.14008600000000002
0.083235
0.031998
0.0
0.0
0.0
0.0
0.0
0.0
0.0
0.0
0.0
0.0
0.0
0.014166999999999999
0.05841
0.11372499999999999
0.169073
0.253456
0.321978
0.373044
0.39404700000000004
0.39011900000000005
0.340457
0.26266
0.16139799999999999
0.059997999999999996
0.002833
0.0
0.0
0.0
0.0
0.0
0.0
0.0
0.0
0.0
0.0
0.033309
0.13300700000000001
0.25986000000000004
0.29979500000000003
0.357396
0.373116
0.376467
0.322715
0.26292899999999997
0.19052699999999997
0.151523
0.09835200000000001
0.040032
0.00019600000000000002
0.0
0.0
0.0
0.0
0.0
0.0
0.0
0.0
0.0
0.0
0.022834
0.116465
0.27861
0.446964
0.56835
0.640923
0.66603
0.642293
0.5178590000000001
0.323022
0.212785
0.11223999999999999
0.037034
0.0
0.0
0.0
0.0
0.0
0.0
0.0
0.0
0.0
0.0
0.0
0.028704999999999998
0.129679
0.285263
0.449507
0.5745030000000001
0.655192
0.6833469999999999
0.649861
0.564356
0.432936
0.33098
0.18618600000000002
0.059421
0.001546
0.0
0.0
0.0
0.0
0.0
0.0
0.0
0.0
0.0
0.0
0.029416
0.12889799999999998
0.281389
0.422971
0.5047200000000001
0.51427
0.45662
0.447844
0.404748
0.334306
0.306074
0.18149600000000002
0.057405
0.0011459999999999999
0.0
0.0
0.0
0.0
0.0
0.0
0.0
0.0
0.0
0.0
0.027257999999999998
0.120725
0.274733
0.437755
0.504437
0.43487400000000004
0.261034
0.253011
0.22723
0.178976
0.126379
0.070998
0.023510000000000003
0.0
0.0
0.0
0.0
0.0
0.0
0.0
0.0
0.0
0.0
0.0
0.018202000000000003
0.102645
0.259816
0.435902
0.568882
0.665053
0.706744
0.687793
0.613638
0.49106099999999997
0.317423
0.148253
0.038748
0.0
0.0
0.0
0.0
0.0
0.0
0.0
0.0
0.0
0.0
0.0
0.019837
0.09500499999999999
0.202625
0.28989499999999996
0.361702
0.38681099999999996
0.36603199999999997
0.476792
0.5116499999999999
0.46642
0.318629
0.161883
0.047747
0.0
0.0
0.0
0.0
0.0
0.0
0.0
0.0
0.0
0.0
0.0
0.024554
0.120384
0.272053
0.420346
0.5521119999999999
0.629994
0.633552
0.5941259999999999
0.495453
0.373895
0.253673
0.131039
0.039417
0.0
0.0
0.0
0.0
0.0
0.0
0.0
0.0
0.0
0.0
0.0
0.02246
0.11574
0.257957
0.370105
0.496522
0.587767
0.628004
0.609579
0.54643
0.440267
0.27781
0.127239
0.031363
0.0
0.0
0.0
0.0
0.0
0.0
0.0
0.0
0.0
0.0
0.0
0.013571
0.06839
0.125024
0.153453
0.28787599999999997
0.420837
0.5236470000000001
0.515077
0.462922
0.372113
0.239342
0.11449
0.030466
0.0
0.0
0.0
0.0
0.0
0.0
0.0
0.0
0.0
0.0
0.0
0.018792000000000003
0.107492
0.249868
0.377376
0.46101600000000004
0.485865
0.447021
0.47685
0.44772
0.36620600000000003
0.258227
0.13292099999999998
0.036612
0.0
0.0
0.0
0.0
0.0
0.0
0.0
0.0
0.0
0.0
0.0
0.017640999999999997
0.110544
0.26649
0.414213
0.520492
0.5644
0.538083
0.5879869999999999
0.56267
0.46352699999999997
0.32085
0.150742
0.03767
0.0
0.0
0.0
0.0
0.0
0.0
0.0
0.0
0.0
0.0
0.0
0.016267
0.10486
0.250344
0.389308
0.48502
0.49815
0.44068999999999997
0.509997
0.510148
0.42438
0.29412099999999997
0.139679
0.033756
0.0
0.0
0.0
0.0
0.0
0.0
0.0
0.0
0.0
0.0
0.0
0.013859999999999999
0.100466
0.246201
0.39323899999999995
0.510006
0.58657
0.6131570000000001
0.598505
0.539686
0.435265
0.292779
0.134394
0.031190000000000002
0.0
0.0
0.0
0.0
0.0
0.0
0.0
0.0
0.0
0.0
0.0
0.004867
0.055325000000000006
0.146396
0.262541
0.345571
0.40055399999999997
0.42206099999999996
0.48751799999999995
0.47836700000000004
0.412205
0.266483
0.118735
0.025719000000000002
0.0
0.0
0.0
0.0
0.0
0.0
0.0
0.0
0.0
0.0
0.0
0.0074800000000000005
0.068398
0.165852
0.25268
0.351147
0.407584
0.43051100000000003
0.41832400000000003
0.370058
0.27866
0.17317
0.07388800000000001
0.013295
0.0
0.0
0.0
0.0
0.0
0.0
0.0
0.0
0.0
0.0
0.0
0.001489
0.035
0.08762
0.14233600000000002
0.214023
0.275803
0.33531900000000003
0.327415
0.28809199999999996
0.21284299999999998
0.2065
0.109778
0.022531
0.0
0.0
0.0
0.0
0.0
0.0
0.0
0.0
0.0
0.0
0.0
0.007261
0.071733
0.14341800000000002
0.13982
0.209798
0.270298
0.330214
0.453655
0.481925
0.40399599999999997
0.26106599999999996
0.089048
0.006445
0.0
0.0
0.0
0.0
0.0
0.0
0.0
0.0
0.0
0.0
0.0
0.005664
0.078086
0.225571
0.387915
0.52313
0.61015
0.63789
0.569515
0.434243
0.272132
0.22364699999999998
0.10521599999999999
0.018205
0.0
0.0
0.0
0.0
0.0
0.0
0.0
0.0
0.0
0.0
0.0
0.004706
0.06634999999999999
0.159836
0.237495
0.36748200000000003
0.476851
0.53677
0.503194
0.425606
0.30715
0.18599700000000002
0.07272100000000001
0.010108
0.0
0.0
0.0
0.0
0.0
0.0
0.0
0.0
0.0
0.0
0.0
0.001874
0.045086
0.099354
0.131328
0.176567
0.207348
0.21816999999999998
0.215023
0.189291
0.145614
0.145089
0.076596
0.012705
0.0
0.0
0.0
0.0
0.0
0.0
0.0
0.0
0.0
0.0
0.0
0.002842
0.066857
0.172458
0.243427
0.357107
0.43784500000000004
0.49829399999999996
0.518944
0.493258
0.382776
0.233345
0.092251
0.011802
0.0
0.0
0.0
0.0
0.0
0.0
0.0
0.0
0.0
0.0
0.0
0.0
0.03617
0.11993300000000001
0.252446
0.343886
0.401668
0.422887
0.406463
0.353157
0.257349
0.16048099999999998
0.06350399999999999
0.006065
0.0
0.0
0.0
0.0
0.0
0.0
0.0
0.0
0.0
0.0
0.0
0.0
0.039943
0.116896
0.216552
0.303029
0.38188900000000003
0.416006
0.375229
0.29113799999999995
0.192332
0.118712
0.048570999999999996
0.00316
0.0
0.0
0.0
0.0
0.0
0.0
0.0
0.0
0.0
0.0
0.0
0.0
0.045398
0.179112
0.357284
0.480635
0.548972
0.533411
0.527781
0.449089
0.34298500000000004
0.18778399999999998
0.063252
0.0032069999999999998
0.0
0.0
0.0
0.0
0.0
0.0
0.0
0.0
0.0
0.0
0.0
0.00046800000000000005
0.055415
0.17886000000000002
0.332083
0.452152
0.520008
0.533061
0.513352
0.434918
0.327985
0.19969800000000001
0.07488500000000001
0.004309
0.0
0.0
0.0
0.0
0.0
0.0
0.0
0.0
0.0
0.0
0.0
0.0
0.029620999999999998
0.079516
0.123021
0.16724799999999998
0.19905899999999999
0.210839
0.201987
0.172298
0.129802
0.097891
0.043944000000000004
0.000742
0.0
0.0
0.0
0.0
0.0
0.0
0.0
0.0
0.0
0.0
0.0
0.00041799999999999997
0.052726
0.14845599999999998
0.22325399999999998
0.308168
0.378249
0.397471
0.319164
0.219352
0.129727
0.076438
0.027863
0.0
0.0
0.0
0.0
0.0
0.0
0.0
0.0
0.0
0.0
0.0
0.0
0.0
0.028258
0.07881300000000001
0.123171
0.22413999999999998
0.32117399999999996
0.395434
0.408559
0.34863
0.271206
0.14582599999999998
0.043336
0.0
0.0
0.0
0.0
0.0
0.0
0.0
0.0
0.0
0.0
0.0
0.0
8.599999999999999e-05
0.055824
0.187934
0.352282
0.47143999999999997
0.418111
0.208808
0.24983000000000002
0.268907
0.238811
0.149119
0.052388
0.000862
0.0
0.0
0.0
0.0
0.0
0.0
0.0
0.0
0.0
0.0
0.0
0.0
0.030126999999999998
0.106595
0.216872
0.257515
0.24034
0.200133
0.193207
0.16258099999999998
0.11920499999999999
0.06779600000000001
0.021838
0.0
0.0
0.0
0.0
0.0
0.0
0.0
0.0
0.0
0.0
0.0
0.0
0.0
0.01829
0.062138
0.113438
0.15851400000000002
0.189549
0.20027
0.188599
0.159329
0.11592400000000001
0.074669
0.026427
0.0
0.0
0.0
0.0
0.0
0.0
0.0
0.0
0.0
0.0
0.0
0.0
0.0
0.016817
0.060927
0.113068
0.158957
0.190558
0.201025
0.192186
0.16184
0.116336
0.11856
0.045624000000000005
0.0
0.0
0.0
0.0
0.0
0.0
0.0
0.0
0.0
0.0
0.0
0.0
0.0
0.04899
0.170493
0.314572
0.447749
0.537455
0.580966
0.5400689999999999
0.44953699999999996
0.33132
0.17430600000000002
0.048129
0.0
0.0
0.0
0.0
0.0
0.0
0.0
0.0
0.0
0.0
0.0
0.0
0.0
0.044021
0.164625
0.31323
0.43206599999999995
0.49789999999999995
0.515335
0.490499
0.41713900000000004
0.2935
0.158956
0.043033999999999996
0.0
0.0
0.0
0.0
0.0
0.0
0.0
0.0
0.0
0.0
0.0
0.0
0.0
0.014948000000000001
0.05755
0.107374
0.151346
0.181802
0.1923
0.202893
0.191288
0.157958
0.072686
0.017248
0.0
0.0
0.0
0.0
0.0
0.0
0.0
0.0
0.0
0.0
0.0
0.0
0.0
0.015104
0.069024
0.15302000000000002
0.20615899999999998
0.264546
0.280174
0.26508699999999996
0.219513
0.147596
0.070711
0.015804
0.0
0.0
0.0
0.0
0.0
0.0
0.0
0.0
0.0
0.0
0.0
0.0
0.0
0.012381999999999999
0.054128
0.104217
0.148195
0.179435
0.18845099999999998
0.179168
0.14844300000000002
0.103675
0.053847
0.013049
0.0
0.0
0.0
0.0
0.0
0.0
0.0
0.0
0.0
0.0
0.0
0.0
0.0
0.032921
0.149352
0.30668
0.442392
0.526139
0.552329
0.532543
0.447635
0.302657
0.147144
0.032229
0.0
0.0
0.0
0.0
0.0
0.0
0.0
0.0
0.0
0.0
0.0
0.0
0.0
0.030195
0.14376
0.29500299999999996
0.417097
0.435427
0.339942
0.306427
0.253293
0.178376
0.084497
0.018757000000000003
0.0
0.0
0.0
0.0
0.0
0.0
0.0
0.0
0.0
0.0
0.0
0.0
0.0
0.027548
0.117588
0.177507
0.22148099999999998
0.20805500000000002
0.172638
0.318595
0.35452100000000003
0.27415100000000003
0.115292
0.018777000000000002
0.0
0.0
0.0
0.0
0.0
0.0
0.0
0.0
0.0
0.0
0.0
0.0
0.0
0.023613
0.113934
0.2356
0.377181
0.478746
0.5171399999999999
0.46869
0.394806
0.263898
0.123866
0.022965
0.0
0.0
0.0
0.0
0.0
0.0
0.0
0.0
0.0
0.0
0.0
0.0
0.0
0.025144
0.132549
0.279977
0.413365
0.498635
0.513956
0.467314
0.284689
0.08772400000000001
0.08330599999999999
0.019236
0.0
0.0
0.0
0.0
0.0
0.0
0.0
0.0
0.0
0.0
0.0
0.0
0.0
0.016242999999999997
0.09970699999999999
0.234789
0.28865199999999996
0.310906
0.253272
0.20058199999999998
0.148437
0.087962
0.041128
0.0060019999999999995
0.0
0.0
0.0
0.0
0.0
0.0
0.0
0.0
0.0
0.0
0.0
0.0
0.0
0.022678999999999998
0.136398
0.293461
0.413358
0.43894
0.336287
0.326023
0.269498
0.17043
0.074416
0.01107
0.0
0.0
0.0
0.0
0.0
0.0
0.0
0.0
0.0
0.0
0.0
0.0
0.0
0.021135
0.131833
0.285024
0.391606
0.40804700000000005
0.32979
0.300545
0.214712
0.12469
0.056359
0.0067610000000000005
0.0
0.0
0.0
0.0
0.0
0.0
0.0
0.0
0.0
0.0
0.0
0.0
0.0
0.009352000000000001
0.060994
0.129968
0.20772300000000002
0.251292
0.26460500000000003
0.246454
0.20137100000000002
0.122308
0.058961
0.007322
0.0
0.0
0.0
0.0
0.0
0.0
0.0
0.0
0.0
0.0
0.0
0.0
0.0
0.013642
0.10912999999999999
0.27559
0.368919
0.385718
0.323032
0.33090499999999995
0.31160000000000004
0.222881
0.09465900000000001
0.009562
0.0
0.0
0.0
0.0
0.0
0.0
0.0
0.0
0.0
0.0
0.0
0.0
0.0
0.005559000000000001
0.051037
0.125685
0.165893
0.19175399999999998
0.167752
0.196429
0.203132
0.155304
0.061287
0.004495
0.0
0.0
0.0
0.0
0.0
0.0
0.0
0.0
0.0
0.0
0.0
0.0
0.0
0.01332
0.114215
0.260286
0.382689
0.45664
0.479662
0.445013
0.359661
0.236739
0.0851
0.005045
0.0
0.0
0.0
0.0
0.0
0.0
0.0
0.0
0.0
0.0
0.0
0.0
0.0
0.002315
0.035698999999999995
0.082322
0.123684
0.15195699999999998
0.160198
0.148132
0.117424
0.074739
0.029506
0.0
0.0
0.0
0.0
0.0
0.0
0.0
0.0
0.0
0.0
0.0
0.0
0.0
0.0
0.004671000000000001
0.053152
0.113785
0.17230199999999998
0.213335
0.23918199999999998
0.224093
0.167086
0.105573
0.041281
0.0
0.0
0.0
0.0
0.0
0.0
0.0
0.0
0.0
0.0
0.0
0.0
0.0
0.0
0.008279
0.10167
0.242035
0.349887
0.390868
0.363416
0.302774
0.204156
0.099998
0.037843
0.0
0.0
0.0
0.0
0.0
0.0
0.0
0.0
0.0
0.0
0.0
0.0
0.0
0.0
0.002662
0.052972
0.146174
0.207514
0.233161
0.211499
0.227496
0.192747
0.119989
0.04423
0.0
0.0
0.0
0.0
0.0
0.0
0.0
0.0
0.0
0.0
0.0
0.0
0.0
0.0
0.00156
0.042248
0.104745
0.160219
0.199005
0.226021
0.208279
0.154494
0.09381199999999999
0.036648
0.0
0.0
0.0
0.0
0.0
0.0
0.0
0.0
0.0
0.0
0.0
0.0
0.0
0.0
0.002926
0.063605
0.10317799999999999
0.160586
0.198625
0.225524
0.291283
0.272115
0.18609299999999998
0.06174
0.000428
0.0
0.0
0.0
0.0
0.0
0.0
0.0
0.0
0.0
0.0
0.0
0.0
0.0
0.0
0.039348
0.10103100000000001
0.155471
0.19334700000000002
0.217899
0.199637
0.145095
0.085756
0.028407
0.0
0.0
0.0
0.0
0.0
0.0
0.0
0.0
0.0
0.0
0.0
0.0
0.0
0.0
0.0
0.029913
0.069
0.108715
0.136359
0.14397
0.150395
0.131981
0.08600400000000001
0.032703
0.0
0.0
0.0
0.0
0.0
0.0
0.0
0.0
0.0
0.0
0.0
0.0
0.0
0.0
0.0
0.029502
0.068135
0.123679
0.17276499999999997
0.201756
0.279957
0.245848
0.16752699999999998
0.04863
0.0
0.0
0.0
0.0
0.0
0.0
0.0
0.0
0.0
0.0
0.0
0.0
0.0
0.0
0.0
0.023559
0.06417
0.10976000000000001
0.146373
0.163413
0.160274
0.129715
0.07726000000000001
0.0228
0.0
0.0
0.0
0.0
0.0
0.0
0.0
0.0
0.0
0.0
0.0
0.0
0.0
0.0
0.0
0.022728
0.062545
0.11461
0.160134
0.18937299999999999
0.201396
0.16596
0.095524
0.023815000000000003
0.0
0.0
0.0
0.0
0.0
0.0
0.0
0.0
0.0
0.0
0.0
0.0
0.0
0.0
0.0
0.021378
0.061542
0.100088
0.12609
0.134132
0.121987
0.092241
0.052009
0.014171
0.0
0.0
0.0
0.0
0.0
0.0
0.0
0.0
0.0
0.0
0.0
0.0
0.0
0.0
0.0
0.020785
0.061357
0.099218
0.125212
0.13127
0.136897
0.116217
0.070033
0.026420000000000003
0.0
0.0
0.0
0.0
0.0
0.0
0.0
0.0
0.0
0.0
0.0
0.0
0.0
0.0
0.0
0.024911000000000003
0.058665
0.110498
0.155688
0.182316
0.148401
0.09887399999999999
0.047255000000000005
0.013448
0.0
0.0
0.0
0.0
0.0
0.0
0.0
0.0
0.0
0.0
0.0
0.0
0.0
0.0
0.0
0.025649
0.08052
0.133369
0.168933
0.19206499999999999
0.173028
0.121113
0.064498
0.014912000000000002
0.0
0.0
0.0
0.0
0.0
0.0
0.0
0.0
0.0
0.0
0.0
0.0
0.0
0.0
0.0
0.026987999999999998
0.10707599999999999
0.182522
0.22678800000000002
0.24219
0.18476499999999998
0.10861799999999999
0.044315
0.011411
0.0
0.0
0.0
0.0
0.0
0.0
0.0
0.0
0.0
0.0
0.0
0.0
0.0
0.0
0.0
0.059624
0.17572100000000002
0.304407
0.369262
0.371687
0.307995
0.202503
0.079481
0.015127
0.0
0.0
0.0
0.0
0.0
0.0
0.0
0.0
0.0
0.0
0.0
0.0
0.0
0.0
0.0
0.052368000000000005
0.160281
0.266278
0.28934899999999997
0.253781
0.20793199999999998
0.126562
0.060587
0.011460000000000001
0.0
0.0
0.0
0.0
0.0
0.0
0.0
0.0
0.0
0.0
0.0
0.0
0.0
0.0
0.0
0.02071
0.07338800000000001
0.12595
0.162077
0.18395599999999998
0.16580799999999998
0.11345699999999999
0.0576
0.010529
0.0
0.0
0.0
0.0
0.0
0.0
0.0
0.0
0.0
0.0
0.0
0.0
0.0
0.0
0.0
0.022875
0.09187000000000001
0.225822
0.342858
0.390287
0.330495
0.203471
0.072864
0.015859
0.0
0.0
0.0
0.0
0.0
0.0
0.0
0.0
0.0
0.0
0.0
0.0
0.0
0.0
0.0
0.02644
0.069351
0.122339
0.174456
0.16781200000000002
0.134595
0.08613599999999999
0.037041
0.004671000000000001
0.0
0.0
0.0
0.0
0.0
0.0
0.0
0.0
0.0
0.0
0.0
0.0
0.0
0.0
0.0
0.014773
0.065511
0.119857
0.153399
0.174926
0.15729300000000002
0.104101
0.050316
0.0063869999999999994
0.0
0.0
0.0
0.0
0.0
0.0
0.0
0.0
0.0
0.0
0.0
0.0
0.0
0.0
0.0
0.023681999999999998
0.06322699999999999
0.115816
0.149815
0.172309
0.152872
0.100646
0.048113
0.005383
0.0
0.0
0.0
0.0
0.0
0.0
0.0
0.0
0.0
0.0
0.0
0.0
0.0
0.0
0.0
0.022515999999999998
0.139867
0.26632100000000003
0.346718
0.367601
0.337185
0.25523599999999996
0.11533
0.010044
0.0
0.0
0.0
0.0
0.0
0.0
0.0
0.0
0.0
0.0
0.0
0.0
0.0
0.0
0.0
0.027135000000000003
0.14614
0.273995
0.342789
0.360007
0.32556
0.245091
0.10953700000000001
0.008781
0.0
0.0
0.0
0.0
0.0
0.0
0.0
0.0
0.0
0.0
0.0
0.0
0.0
0.0
0.0
0.032693
0.153838
0.270916
0.297507
0.23408199999999998
0.211803
0.130442
0.051038
0.002857
0.0
0.0
0.0
0.0
0.0
0.0
0.0
0.0
0.0
0.0
0.0
0.0
0.0
0.0
0.0
0.009377
0.044599
0.082523
0.10692600000000001
0.113843
0.101573
0.072108
0.033561
0.0005759999999999999
0.0
0.0
0.0
0.0
0.0
0.0
0.0
0.0
0.0
0.0
0.0
0.0
0.0
0.0
0.0
0.0071600000000000006
0.043438000000000004
0.08217400000000001
0.106672
0.114703
0.101995
0.071741
0.032430999999999995
0.0006490000000000001
0.0
0.0
0.0
0.0
0.0
0.0
0.0
0.0
0.0
0.0
0.0
0.0
0.0
0.0
0.0
0.006167
0.042169
0.078723
0.10418999999999999
0.11124200000000001
0.099096
0.069634
0.031423
0.00015
0.0
0.0
0.0
0.0
0.0
0.0
0.0
0.0
0.0
0.0
0.0
0.0
0.0
0.0
0.0
0.005357
0.040655000000000004
0.07828199999999999
0.102613
0.109472
0.112731
0.090507
0.04381
0.002057
0.0
0.0
0.0
0.0
0.0
0.0
0.0
0.0
0.0
0.0
0.0
0.0
0.0
0.0
0.0
0.017081
0.159446
0.292485
0.34722000000000003
0.35871600000000003
0.327758
0.24630600000000002
0.10426600000000001
0.004118999999999999
0.0
0.0
0.0
0.0
0.0
0.0
0.0
0.0
0.0
0.0
0.0
0.0
0.0
0.0
0.0
0.014832000000000001
0.14286600000000002
0.29037999999999997
0.378548
0.36521499999999996
0.329453
0.24793199999999999
0.101604
0.003139
0.0
0.0
0.0
0.0
0.0
0.0
0.0
0.0
0.0
0.0
0.0
0.0
0.0
0.0
0.0
0.003278
0.038178
0.07530500000000001
0.09963899999999999
0.1062
0.09386499999999999
0.065041
0.026479
0.0
0.0
0.0
0.0
0.0
0.0
0.0
0.0
0.0
0.0
0.0
0.0
0.0
0.0
0.0
0.0
0.002129
0.036252
0.073411
0.09788200000000001
0.103949
0.092359
0.063594
0.025832
0.0
0.0
0.0
0.0
0.0
0.0
0.0
0.0
0.0
0.0
0.0
0.0
0.0
0.0
0.0
0.0
0.001398
0.034197000000000005
0.071458
0.096228
0.103848
0.090871
0.06285199999999999
0.024937
0.0
0.0
0.0
0.0
0.0
0.0
0.0
0.0
0.0
0.0
0.0
0.0
0.0
0.0
0.0
0.0
0.000852
0.033777
0.17980600000000002
0.32235199999999997
0.38516
0.31556799999999996
0.151923
0.022852
0.0
0.0
0.0
0.0
0.0
0.0
0.0
0.0
0.0
0.0
0.0
0.0
0.0
0.0
0.0
0.0
0.006243
0.123644
0.265265
0.307616
0.203687
0.153304
0.076859
0.021844000000000002
0.0
0.0
0.0
0.0
0.0
0.0
0.0
0.0
0.0
0.0
0.0
0.0
0.0
0.0
0.0
0.0
0.006174000000000001
0.10272
0.26023599999999997
0.369108
0.36488299999999996
0.318316
0.23886600000000002
0.083216
0.001237
0.0
0.0
0.0
0.0
0.0
0.0
0.0
0.0
0.0
0.0
0.0
0.0
0.0
0.0
0.0
0.005196
0.16064699999999998
0.228178
0.23267
0.20734
0.150372
0.074772
0.020309999999999998
0.0
0.0
0.0
0.0
0.0
0.0
0.0
0.0
0.0
0.0
0.0
0.0
0.0
0.0
0.0
0.0
0.001232
0.041813
0.093095
0.141025
0.155661
0.102074
0.054734000000000005
0.019317
0.0
0.0
0.0
0.0
0.0
0.0
0.0
0.0
0.0
0.0
0.0
0.0
0.0
0.0
0.0
0.0
0.0
0.025292000000000002
0.060049
0.084115
0.091001
0.07936199999999999
0.052596
0.017578
0.0
0.0
0.0
0.0
0.0
0.0
0.0
0.0
0.0
0.0
0.0
0.0
0.0
0.0
0.0
0.0
0.0
0.024295999999999998
0.058141
0.082361
0.088865
0.07866
0.051701000000000004
0.016678000000000002
0.0
0.0
0.0
0.0
0.0
0.0
0.0
0.0
0.0
0.0
0.0
0.0
0.0
0.0
0.0
0.0
0.0
0.023428
0.057228
0.080312
0.087742
0.076581
0.050735
0.015828
0.0
0.0
0.0
0.0
0.0
0.0
0.0
0.0
0.0
0.0
0.0
0.0
0.0
0.0
0.0
0.0
0.0
0.021759
0.055607
0.079759
0.087122
0.076049
0.050084000000000004
0.015851
0.0
0.0
0.0
0.0
0.0
0.0
0.0
0.0
0.0
0.0
0.0
0.0
0.0
0.0
0.0
0.0
0.0
0.021283
0.055462000000000004
0.079701
0.08577
0.075824
0.049718000000000005
0.015203
0.0
0.0
0.0
0.0
0.0
0.0
0.0
0.0
0.0
0.0
0.0
0.0
0.0
0.0
0.0
0.0
0.0
0.020687999999999998
0.055348
0.080207
0.088313
0.076112
0.049388
0.014523
0.0
0.0
0.0
0.0
0.0
0.0
0.0
0.0
0.0
0.0
0.0
0.0
0.0
0.0
0.0
0.0
0.0
0.030472000000000003
0.07977
0.12897399999999998
0.144788
0.126448
0.07341800000000001
0.021686
0.0
0.0
0.0
0.0
0.0
0.0
0.0
0.0
0.0
0.0
0.0
0.0
0.0
0.0
0.0
0.0
0.0
0.018373
0.059558
0.099267
0.136522
0.120359
0.06951
0.019175
0.0
0.0
0.0
0.0
0.0
0.0
0.0
0.0
0.0
0.0
0.0
0.0
0.0
0.0
0.0
0.0
0.0
0.017365
0.050134
0.073518
0.08103
0.07073900000000001
0.044545
0.012335
0.0
0.0
0.0
0.0
0.0
0.0
0.0
0.0
0.0
0.0
0.0
0.0
0.0
0.0
0.0
0.0
0.0
0.016874
0.06685200000000001
0.137418
0.189162
0.171693
0.103369
0.025158999999999997
0.0
0.0
0.0
0.0
0.0
0.0
0.0
0.0
0.0
0.0
0.0
0.0
0.0
0.0
0.0
0.0
0.0
0.016179
0.04956
0.073332
0.08187
0.07134099999999999
0.044637
0.011728
0.0
0.0
0.0
0.0
0.0
0.0
0.0
0.0
0.0
0.0
0.0
0.0
0.0
0.0
0.0
0.0
0.0
0.024414
0.066449
0.087304
0.08159000000000001
0.071262
0.045450000000000004
0.011151
0.0
0.0
0.0
0.0
0.0
0.0
0.0
0.0
0.0
0.0
0.0
0.0
0.0
0.0
0.0
0.0
0.0
0.014622999999999999
0.048292
0.07363299999999999
0.082055
0.072191
0.045058999999999995
0.011262000000000001
0.0
0.0
0.0
0.0
0.0
0.0
0.0
0.0
0.0
0.0
0.0
0.0
0.0
0.0
0.0
0.0
0.0
0.023093
0.068012
0.08805299999999999
0.08407200000000001
0.162549
0.16074100000000002
0.049985
0.0
0.0
0.0
0.0
0.0
0.0
0.0
0.0
0.0
0.0
0.0
0.0
0.0
0.0
0.0
0.0
0.0
0.014015000000000001
0.048417
0.07272100000000001
0.08134999999999999
0.070482
0.044145000000000004
0.010216
0.0
0.0
0.0
0.0
0.0
0.0
0.0
0.0
0.0
0.0
0.0
0.0
0.0
0.0
0.0
0.0
0.0
0.011468
0.042192
0.06695699999999999
0.074751
0.065478
0.04097
0.009006
0.0
0.0
0.0
0.0
0.0
0.0
0.0
0.0
0.0
0.0
0.0
0.0
0.0
0.0
0.0
0.0
0.0
0.011166
0.095283
0.22481600000000002
0.30087
0.252093
0.129069
0.018867000000000002
0.0
0.0
0.0
0.0
0.0
0.0
0.0
0.0
0.0
0.0
0.0
0.0
0.0
0.0
0.0
0.0
0.0
0.017364
0.085925
0.15143199999999998
0.179478
0.12896700000000003
0.056756
0.009089999999999999
0.0
0.0
0.0
0.0
0.0
0.0
0.0
0.0
0.0
0.0
0.0
0.0
0.0
0.0
0.0
0.0
0.0
0.010207
0.043421999999999995
0.068993
0.07728700000000001
0.068136
0.042662
0.00834
0.0
0.0
0.0
0.0
0.0
0.0
0.0
0.0
0.0
0.0
0.0
0.0
0.0
0.0
0.0
0.0
0.0
0.010585
0.045245
0.071522
0.082088
0.08437900000000001
0.059722000000000004
0.014267
0.0
0.0
0.0
0.0
0.0
0.0
0.0
0.0
0.0
0.0
0.0
0.0
0.0
0.0
0.0
0.0
0.0
0.029976
0.16303299999999998
0.19958199999999998
0.187571
0.134946
0.05823
0.008205
0.0
0.0
0.0
0.0
0.0
0.0
0.0
0.0
0.0
0.0
0.0
0.0
0.0
0.0
0.0
0.0
0.0
0.007769
0.039481
0.064591
0.073792
0.064634
0.039555
0.0076029999999999995
0.0
0.0
0.0
0.0
0.0
0.0
0.0
0.0
0.0
0.0
0.0
0.0
0.0
0.0
0.0
0.0
0.0
0.011676
0.071524
0.07426300000000001
0.071205
0.062616
0.03892
0.007303
0.0
0.0
0.0
0.0
0.0
0.0
0.0
0.0
0.0
0.0
0.0
0.0
0.0
0.0
0.0
0.0
0.0
0.031358000000000004
0.134263
0.323171
0.371419
0.33384800000000003
0.232891
0.058675
0.0
0.0
0.0
0.0
0.0
0.0
0.0
0.0
0.0
0.0
0.0
0.0
0.0
0.0
0.0
0.0
0.0
0.007511
0.148861
0.262598
0.359147
0.320483
0.20285599999999998
0.052649999999999995
0.0
0.0
0.0
0.0
0.0
0.0
0.0
0.0
0.0
0.0
0.0
0.0
0.0
0.0
0.0
0.0
0.0
0.006188
0.039726
0.065353
0.075686
0.066247
0.040532
0.007450999999999999
0.0
0.0
0.0
0.0
0.0
0.0
0.0
0.0
0.0
0.0
0.0
0.0
0.0
0.0
0.0
0.0
0.0
0.005718
0.073048
0.12796
0.185629
0.17185
0.105604
0.02109
0.0
0.0
0.0
0.0
0.0
0.0
0.0
0.0
0.0
0.0
0.0
0.0
0.0
0.0
0.0
0.0
0.0
0.005694
0.144186
0.259955
0.358059
0.312154
0.190333
0.03394
0.0
0.0
0.0
0.0
0.0
0.0
0.0
0.0
0.0
0.0
0.0
0.0
0.0
0.0
0.0
0.0
0.0
0.004362
0.120712
0.222472
0.308053
0.305828
0.201267
0.061763
0.0
0.0
0.0
0.0
0.0
0.0
0.0
0.0
0.0
0.0
0.0
0.0
0.0
0.0
0.0
0.0
0.0
0.00387
0.036302999999999995
0.061590000000000006
0.07234900000000001
0.063458
0.039030999999999996
0.007162
0.0
0.0
0.0
0.0
0.0
0.0
0.0
0.0
0.0
0.0
0.0
0.0
0.0
0.0
0.0
0.0
0.0
0.003298
0.035515
0.062083
0.07184399999999999
0.06407299999999999
0.039505000000000005
0.007329
0.0
0.0
0.0
0.0
0.0
0.0
0.0
0.0
0.0
0.0
0.0
0.0
0.0
0.0
0.0
0.0
0.0
0.003169
0.035021000000000004
0.060183
0.070938
0.062143000000000004
0.038964
0.0072
0.0
0.0
0.0
0.0
0.0
0.0
0.0
0.0
0.0
0.0
0.0
0.0
0.0
0.0
0.0
0.0
0.0
0.003216
0.034154000000000004
0.060378999999999995
0.071009
0.074394
0.054673
0.012712
0.0
0.0
0.0
0.0
0.0
0.0
0.0
0.0
0.0
0.0
0.0
0.0
0.0
0.0
0.0
0.0
0.0
0.0028599999999999997
0.034889
0.061465000000000006
0.07271599999999999
0.07534300000000001
0.055619
0.012912000000000002
0.0
0.0
0.0
0.0
0.0
0.0
0.0
0.0
0.0
0.0
0.0
0.0
0.0
0.0
0.0
0.0
0.0
0.0027930000000000003
0.034485
0.059537
0.071677
0.063517
0.040202
0.008089
0.0
0.0
0.0
0.0
0.0
0.0
0.0
0.0
0.0
0.0
0.0
0.0
0.0
0.0
0.0
0.0
0.0
0.0030870000000000003
0.098608
0.202369
0.286814
0.247629
0.150337
0.023996
0.0
0.0
0.0
0.0
0.0
0.0
0.0
0.0
0.0
0.0
0.0
0.0
0.0
0.0
0.0
0.0
0.0
0.0028439999999999997
0.033795
0.060289999999999996
0.072681
0.06470999999999999
0.040528
0.008388999999999999
0.0
0.0
0.0
0.0
0.0
0.0
0.0
0.0
0.0
0.0
0.0
0.0
0.0
0.0
0.0
0.0
0.0
0.004779
0.0706
0.102587
0.125498
0.09650199999999999
0.04678
0.008257
0.0
0.0
0.0
0.0
0.0
0.0
0.0
0.0
0.0
0.0
0.0
0.0
0.0
0.0
0.0
0.0
0.0
0.007422
0.08647
0.087713
0.068168
0.062016
0.0391
0.00821
0.0
0.0
0.0
0.0
0.0
0.0
0.0
0.0
0.0
0.0
0.0
0.0
0.0
0.0
0.0
0.0
0.0
0.0021190000000000002
0.038206000000000004
0.089605
0.12134099999999999
0.11319
0.070922
0.014222
0.0
0.0
0.0
0.0
0.0
0.0
0.0
0.0
0.0
0.0
0.0
0.0
0.0
0.0
0.0
0.0
0.0
0.002146
0.038485
0.091398
0.125491
0.13222
0.08404500000000001
0.019905000000000003
0.0
0.0
0.0
0.0
0.0
0.0
0.0
0.0
0.0
0.0
0.0
0.0
0.0
0.0
0.0
0.0
0.0
0.0023940000000000003
0.034051000000000005
0.061619
0.07425799999999999
0.067255
0.043606
0.010435
0.0
0.0
0.0
0.0
0.0
0.0
0.0
0.0
0.0
0.0
0.0
0.0
0.0
0.0
0.0
0.0
0.0
0.005043
0.074066
0.107074
0.138147
0.101897
0.050906
0.010502000000000001
0.0
0.0
0.0
0.0
0.0
0.0
0.0
0.0
0.0
0.0
0.0
0.0
0.0
0.0
0.0
0.0
0.0
0.002263
0.03343
0.060536
0.072937
0.065483
0.042656999999999994
0.011136
0.0
0.0
0.0
0.0
0.0
0.0
0.0
0.0
0.0
0.0
0.0
0.0
0.0
0.0
0.0
0.0
0.0
0.0021520000000000003
0.032865000000000005
0.059671
0.07148900000000001
0.08216
0.075186
0.018403
0.0
0.0
0.0
0.0
0.0
0.0
0.0
0.0
0.0
0.0
0.0
0.0
0.0
0.0
0.0
0.0
0.0
0.002098
0.039255000000000005
0.09282299999999999
0.128631
0.132971
0.107708
0.033899
0.0
0.0
0.0
0.0
0.0
0.0
0.0
0.0
