0.0
0.0
0.0
0.0
0.0
0.0
0.0
0.0
0.0
0.0
0.0
0.004808
0.008445000000000001
0.00477
0.0
0.0
0.0
0.0
0.0
0.0
0.0
0.0
0.0
0.0
0.0
0.0
0.0
0.0
0.0
0.0
0.0
0.0
0.0
0.0
0.00649
0.037094
0.055697
0.06465
0.005005
0.0
0.0
0.0
0.0
0.0
0.0
0.0
0.0
0.0
0.0
0.0
0.0
0.0
0.0
0.0
0.0
0.0
0.0
0.0
0.0
0.005859
0.009467
0.005769
0.0
0.0
0.0
0.0
0.0
0.0
0.0
0.0
0.0
0.0
0.0
0.0
0.0
0.0
0.0
0.0
0.0
0.0
0.0
0.0
0.0
0.005829
0.009441000000000001
0.005899
0.0
0.0
0.0
0.0
0.0
0.0
0.0
0.0
0.0
0.0
0.0
0.0
0.0
0.0
0.0
0.0
0.0
0.0
0.0
0.0
0.0
0.010494999999999999
0.021516999999999998
0.018144999999999998
0.0029049999999999996
0.0
0.0
0.0
0.0
0.0
0.0
0.0
0.0
0.0
0.0
0.0
0.0
0.0
0.0
0.0
0.0
0.0
0.0
0.0
0.0
0.006777999999999999
0.010313000000000001
0.006804
0.0
0.0
0.0
0.0
0.0
0.0
0.0
0.0
0.0
0.0
0.0
0.0
0.0
0.0
0.0
0.0
0.0
0.0
0.0
0.0
0.0
0.006979
0.011292
0.007787
0.0
0.0
0.0
0.0
0.0
0.0
0.0
0.0
0.0
0.0
0.0
0.0
0.0
0.0
0.0
0.0
0.0
0.0
0.0
0.0
0.0
0.007907
0.0123
0.008806
0.00297
0.0
0.0
0.0
0.0
0.0
0.0
0.0
0.0
0.0
0.0
0.0
0.0
0.0
0.0
0.0
0.0
0.0
0.0
0.0
0.014126
0.058052
0.113062
0.11431000000000001
0.022715
0.0
0.0
0.0
0.0
0.0
0.0
0.0
0.0
0.0
0.0
0.0
0.0
0.0
0.0
0.0
0.0
0.0
0.0
0.0
0.015385999999999999
0.061988999999999995
0.117503
0.119487
0.030792
0.0
0.0
0.0
0.0
0.0
0.0
0.0
0.0
0.0
0.0
0.0
0.0
0.0
0.0
0.0
0.0
0.0
0.0
0.0
0.009971
0.08350199999999999
0.06562
0.045579999999999996
0.006207
0.0
0.0
0.0
0.0
0.0
0.0
0.0
0.0
0.0
0.0
0.0
0.0
0.0
0.0
0.0
0.0
0.0
0.0
0.0
0.000745
0.009384
0.013558
0.010227
0.001218
0.0
0.0
0.0
0.0
0.0
0.0
0.0
0.0
0.0
0.0
0.0
0.0
0.0
0.0
0.0
0.0
0.0
0.0
0.0
0.017696999999999997
0.055869
0.069779
0.030441
0.004774
0.0
0.0
0.0
0.0
0.0
0.0
0.0
0.0
0.0
0.0
0.0
0.0
0.0
0.0
0.0
0.0
0.0
0.0
0.0
0.005411
0.032761000000000005
0.043891
0.033002000000000004
0.008291
0.0
0.0
0.0
0.0
0.0
0.0
0.0
0.0
0.0
0.0
0.0
0.0
0.0
0.0
0.0
0.0
0.0
0.0
0.0
0.001289
0.012018000000000001
0.016254
0.012932
0.0034289999999999998
0.0
0.0
0.0
0.0
0.0
0.0
0.0
0.0
0.0
0.0
0.0
0.0
0.0
0.0
0.0
0.0
0.0
0.0
0.0
0.006698000000000001
0.043815
0.048227
0.040917999999999996
0.011461
0.0
0.0
0.0
0.0
0.0
0.0
0.0
0.0
0.0
0.0
0.0
0.0
0.0
0.0
0.0
0.0
0.0
0.0
0.0
0.018927
0.085292
0.061535
0.042895
0.010088
0.0
0.0
0.0
0.0
0.0
0.0
0.0
0.0
0.0
0.0
0.0
0.0
0.0
0.0
0.0
0.0
0.0
0.0
0.0
0.0031509999999999997
0.013607
0.018547
0.015255000000000001
0.005001
0.0
0.0
0.0
0.0
0.0
0.0
0.0
0.0
0.0
0.0
0.0
0.0
0.0
0.0
0.0
0.0
0.0
0.0
0.0
0.003662
0.022683
0.040943
0.049703000000000004
0.012731999999999999
0.0
0.0
0.0
0.0
0.0
0.0
0.0
0.0
0.0
0.0
0.0
0.0
0.0
0.0
0.0
0.0
0.0
0.0
0.0
0.012841
0.055493
0.059433
0.052246
0.066316
0.0015249999999999999
0.0
0.0
0.0
0.0
0.0
0.0
0.0
0.0
0.0
0.0
0.0
0.0
0.0
0.0
0.0
0.0
0.0
0.0
0.005133
0.017507
0.022595
0.019198
0.008112
0.0
0.0
0.0
0.0
0.0
0.0
0.0
0.0
0.0
0.0
0.0
0.0
0.0
0.0
0.0
0.0
0.0
0.0
0.0
0.03778
0.09824
0.172761
0.159713
0.10431900000000001
0.003415
0.0
0.0
0.0
0.0
0.0
0.0
0.0
0.0
0.0
0.0
0.0
0.0
0.0
0.0
0.0
0.0
0.0
0.0
0.018968
0.056693
0.07252
0.06539400000000001
0.021216000000000002
0.000147
0.0
0.0
0.0
0.0
0.0
0.0
0.0
0.0
0.0
0.0
0.0
0.0
0.0
0.0
0.0
0.0
0.0
0.002
0.053348
0.175651
0.21996100000000002
0.216619
0.128417
0.007219000000000001
0.0
0.0
0.0
0.0
0.0
0.0
0.0
0.0
0.0
0.0
0.0
0.0
0.0
0.0
0.0
0.0
0.0
0.0
0.009097
0.022172
0.027486999999999998
0.023871
0.012662000000000001
0.0
0.0
0.0
0.0
0.0
0.0
0.0
0.0
0.0
0.0
0.0
0.0
0.0
0.0
0.0
0.0
0.0
0.0
0.0
0.008632999999999998
0.021092
0.02707
0.023575
0.012817
0.0
0.0
0.0
0.0
0.0
0.0
0.0
0.0
0.0
0.0
0.0
0.0
0.0
0.0
0.0
0.0
0.0
0.0
0.0
0.010634000000000001
0.023423
0.029755
0.026043
0.014192999999999999
0.00041799999999999997
0.0
0.0
0.0
0.0
0.0
0.0
0.0
0.0
0.0
0.0
0.0
0.0
0.0
0.0
0.0
0.0
0.0
0.0
0.011464
0.024215
0.030559
0.026852
0.015761
0.000389
0.0
0.0
0.0
0.0
0.0
0.0
0.0
0.0
0.0
0.0
0.0
0.0
0.0
0.0
0.0
0.0
0.0
0.0
0.012422
0.026053
0.032538
0.028774
0.016646
0.000894
0.0
0.0
0.0
0.0
0.0
0.0
0.0
0.0
0.0
0.0
0.0
0.0
0.0
0.0
0.0
0.0
0.0
0.0
0.013356
0.02702
0.033466
0.029672999999999998
0.017498
0.001409
0.0
0.0
0.0
0.0
0.0
0.0
0.0
0.0
0.0
0.0
0.0
0.0
0.0
0.0
0.0
0.0
0.0
0.0
0.014066
0.028643000000000002
0.035066
0.031319
0.01908
0.00268
0.0
0.0
0.0
0.0
0.0
0.0
0.0
0.0
0.0
0.0
0.0
0.0
0.0
0.0
0.0
0.0
0.0
0.023928
0.14040899999999998
0.294644
0.345703
0.333639
0.242186
0.096361
0.0
0.0
0.0
0.0
0.0
0.0
0.0
0.0
0.0
0.0
0.0
0.0
0.0
0.0
0.0
0.0
0.0
0.007244
0.09571299999999999
0.083523
0.064652
0.039633
0.025723
0.007077
0.0
0.0
0.0
0.0
0.0
0.0
0.0
0.0
0.0
0.0
0.0
0.0
0.0
0.0
0.0
0.0
0.0
0.001815
0.022131
0.037655
0.045003
0.041220999999999994
0.027441
0.008118
0.0
0.0
0.0
0.0
0.0
0.0
0.0
0.0
0.0
0.0
0.0
0.0
0.0
0.0
0.0
0.0
0.0
0.002371
0.0232
0.039854999999999995
0.047343
0.043595999999999996
0.029684000000000002
0.009326000000000001
0.0
0.0
0.0
0.0
0.0
0.0
0.0
0.0
0.0
0.0
0.0
0.0
0.0
0.0
0.0
0.0
0.0
0.00357
0.02523
0.041875
0.049290999999999995
0.044476
0.03056
0.011064000000000001
0.0
0.0
0.0
0.0
0.0
0.0
0.0
0.0
0.0
0.0
0.0
0.0
0.0
0.0
0.0
0.0
0.0
0.054490000000000004
0.169146
0.33482999999999996
0.36298899999999995
0.324211
0.23882
0.10306900000000001
8.599999999999999e-05
0.0
0.0
0.0
0.0
0.0
0.0
0.0
0.0
0.0
0.0
0.0
0.0
0.0
0.0
0.0
0.0
0.05814
0.163325
0.268712
0.23937799999999998
0.152325
0.155226
0.082807
0.0011899999999999999
0.0
0.0
0.0
0.0
0.0
0.0
0.0
0.0
0.0
0.0
0.0
0.0
0.0
0.0
0.0
0.0
0.076308
0.192828
0.362803
0.39643
0.374055
0.29638099999999995
0.160275
0.003381
0.0
0.0
0.0
0.0
0.0
0.0
0.0
0.0
0.0
0.0
0.0
0.0
0.0
0.0
0.0
0.0
0.080526
0.126823
0.194478
0.130457
0.054617
0.039174
0.016894
0.0
0.0
0.0
0.0
0.0
0.0
0.0
0.0
0.0
0.0
0.0
0.0
0.0
0.0
0.0
0.0
0.0
0.010007
0.032025
0.04943
0.05671
0.051923000000000004
0.038126
0.016814
0.0
0.0
0.0
0.0
0.0
0.0
0.0
0.0
0.0
0.0
0.0
0.0
0.0
0.0
0.0
0.0
0.0
0.010952
0.033802
0.050155
0.057429
0.053655
0.039926
0.01847
0.0
0.0
0.0
0.0
0.0
0.0
0.0
0.0
0.0
0.0
0.0
0.0
0.0
0.0
0.0
0.0
0.0
0.012483000000000001
0.034347
0.051649
0.058924
0.055229
0.041615
0.019292999999999998
0.0
0.0
0.0
0.0
0.0
0.0
0.0
0.0
0.0
0.0
0.0
0.0
0.0
0.0
0.0
0.0
0.0
0.031753
0.10775499999999999
0.15755000000000002
0.177361
0.167786
0.149022
0.103772
0.007019999999999999
0.0
0.0
0.0
0.0
0.0
0.0
0.0
0.0
0.0
0.0
0.0
0.0
0.0
0.0
0.0
0.001395
0.065057
0.180167
0.18432300000000001
0.13518100000000002
0.059063000000000004
0.045362
0.022724
0.000768
0.0
0.0
0.0
0.0
0.0
0.0
0.0
0.0
0.0
0.0
0.0
0.0
0.0
0.0
0.0
0.0
0.016062999999999997
0.039983
0.058383000000000004
0.065751
0.062091
0.047367
0.024651
0.001297
0.0
0.0
0.0
0.0
0.0
0.0
0.0
0.0
0.0
0.0
0.0
0.0
0.0
0.0
0.0
0.004639
0.114293
0.30043400000000003
0.391895
0.42998200000000003
0.410252
0.339214
0.208519
0.035281999999999994
0.0
0.0
0.0
0.0
0.0
0.0
0.0
0.0
0.0
0.0
0.0
0.0
0.0
0.0
0.0
0.0
0.019554
0.043822
0.062202
0.06947199999999999
0.065774
0.073989
0.059816
0.010263
0.0
0.0
0.0
0.0
0.0
0.0
0.0
0.0
0.0
0.0
0.0
0.0
0.0
0.0
0.0
0.006936
0.13071100000000002
0.31985199999999997
0.40974900000000003
0.43873700000000004
0.37956799999999996
0.343432
0.213838
0.054835999999999996
0.0
0.0
0.0
0.0
0.0
0.0
0.0
0.0
0.0
0.0
0.0
0.0
0.0
0.0
0.0
0.002448
0.117983
0.212081
0.34103100000000003
0.427913
0.421703
0.35085500000000003
0.223614
0.062243
0.0
0.0
0.0
0.0
0.0
0.0
0.0
0.0
0.0
0.0
0.0
0.0
0.0
0.0
0.0
0.011929
0.14125100000000002
0.325941
0.412806
0.449541
0.42970800000000003
0.36001299999999997
0.228659
0.064925
0.0
0.0
0.0
0.0
0.0
0.0
0.0
0.0
0.0
0.0
0.0
0.0
0.0
0.0
0.0
0.016298
0.144235
0.315368
0.40318200000000004
0.436238
0.415554
0.357848
0.22995500000000002
0.068801
0.0
0.0
0.0
0.0
0.0
0.0
0.0
0.0
0.0
0.0
0.0
0.0
0.0
0.0
0.0
0.02149
0.15340600000000001
0.340815
0.431082
0.464552
0.442276
0.370378
0.239323
0.07414
0.0
0.0
0.0
0.0
0.0
0.0
0.0
0.0
0.0
0.0
0.0
0.0
0.0
0.0
0.0
0.002303
0.028951
0.055396
0.106931
0.16534700000000002
0.20067
0.29159199999999996
0.24254499999999998
0.081401
0.0
0.0
0.0
0.0
0.0
0.0
0.0
0.0
0.0
0.0
0.0
0.0
0.0
0.0
0.0
0.021129000000000002
0.156366
0.353856
0.44482
0.474383
0.450635
0.38044
0.250487
0.085461
0.0
0.0
0.0
0.0
0.0
0.0
0.0
0.0
0.0
0.0
0.0
0.0
0.0
0.0
0.0
0.004866
0.030974
0.057115
0.076124
0.083182
0.078452
0.063086
0.038728
0.012093999999999999
0.0
0.0
0.0
0.0
0.0
0.0
0.0
0.0
0.0
0.0
0.0
0.0
0.0
0.0
0.0
0.052012
0.19486699999999998
0.367725
0.45152499999999995
0.485877
0.464159
0.394832
0.266544
0.098493
0.0
0.0
0.0
0.0
0.0
0.0
0.0
0.0
0.0
0.0
0.0
0.0
0.0
0.0
0.0
0.017941
0.092098
0.15807400000000002
0.216728
0.233535
0.221248
0.181499
0.117741
0.037895000000000005
0.0
0.0
0.0
0.0
0.0
0.0
0.0
0.0
0.0
0.0
0.0
0.0
0.0
0.0
0.0
0.012839
0.075209
0.159916
0.167329
0.132825
0.086158
0.10085
0.091109
0.040299
0.0
0.0
0.0
0.0
0.0
0.0
0.0
0.0
0.0
0.0
0.0
0.0
0.0
0.0
0.0
0.008211
0.036122
0.062345
0.081455
0.08966299999999999
0.085134
0.068786
0.044371
0.015781
0.0
0.0
0.0
0.0
0.0
0.0
0.0
0.0
0.0
0.0
0.0
0.0
0.0
0.0
0.0
0.018871
0.053975999999999996
0.06578700000000001
0.12048
0.184059
0.206906
0.18535
0.112532
0.039728
0.001017
0.0
0.0
0.0
0.0
0.0
0.0
0.0
0.0
0.0
0.0
0.0
0.0
0.0
0.0
0.016607
0.0745
0.16372399999999998
0.220332
0.240411
0.22893100000000002
0.189537
0.116122
0.042995
0.0
0.0
0.0
0.0
0.0
0.0
0.0
0.0
0.0
0.0
0.0
0.0
0.0
0.0
0.0
0.018366
0.077816
0.168753
0.22389599999999998
0.241017
0.228959
0.190979
0.11856100000000001
0.047024
0.001905
0.0
0.0
0.0
0.0
0.0
0.0
0.0
0.0
0.0
0.0
0.0
0.0
0.0
0.0
0.017556000000000002
0.061308999999999995
0.113687
0.173692
0.20906899999999998
0.235875
0.151244
0.071145
0.021707
0.0
0.0
0.0
0.0
0.0
0.0
0.0
0.0
0.0
0.0
0.0
0.0
0.0
0.0
0.0
0.014771000000000001
0.044781999999999995
0.07184
0.090613
0.09861199999999999
0.093015
0.076901
0.051896
0.022289
0.0
0.0
0.0
0.0
0.0
0.0
0.0
0.0
0.0
0.0
0.0
0.0
0.0
0.0
0.0
0.016504
0.046491
0.073152
0.130999
0.193642
0.217697
0.365433
0.268002
0.13150299999999998
0.0071719999999999996
0.0
0.0
0.0
0.0
0.0
0.0
0.0
0.0
0.0
0.0
0.0
0.0
0.0
0.0
0.01834
0.048636000000000006
0.076382
0.136243
0.198343
0.223189
0.29297500000000004
0.253054
0.128244
0.007149
0.0
0.0
0.0
0.0
0.0
0.0
0.0
0.0
0.0
0.0
0.0
0.0
0.0
0.000978
0.055250999999999995
0.120421
0.183625
0.240103
0.258351
0.245952
0.277349
0.23184800000000003
0.11823900000000001
0.008248
0.0
0.0
0.0
0.0
0.0
0.0
0.0
0.0
0.0
0.0
0.0
0.0
0.0
0.0
0.02174
0.052258000000000006
0.07995999999999999
0.098733
0.10672
0.101118
0.084992
0.058106000000000005
0.027371
0.001843
0.0
0.0
0.0
0.0
0.0
0.0
0.0
0.0
0.0
0.0
0.0
0.0
0.0
0.0
0.110202
0.2595
0.39949900000000005
0.502042
0.537492
0.513254
0.436373
0.310415
0.14631200000000003
0.017521000000000002
0.0
0.0
0.0
0.0
0.0
0.0
0.0
0.0
0.0
0.0
0.0
0.0
0.0
0.0027660000000000002
0.115787
0.25574199999999997
0.401841
0.507961
0.5448310000000001
0.520263
0.442406
0.315301
0.15012299999999998
0.019746
0.0
0.0
0.0
0.0
0.0
0.0
0.0
0.0
0.0
0.0
0.0
0.0
0.0
0.007784
0.105997
0.181125
0.191055
0.19414099999999998
0.153424
0.10487600000000001
0.088024
0.062485
0.031124
0.004026
0.0
0.0
0.0
0.0
0.0
0.0
0.0
0.0
0.0
0.0
0.0
0.0
0.0
0.001153
0.027127
0.058275
0.086533
0.10499599999999999
0.111979
0.10655500000000001
0.127707
0.112173
0.073923
0.009918
0.0
0.0
0.0
0.0
0.0
0.0
0.0
0.0
0.0
0.0
0.0
0.0
0.0
0.002246
0.040197000000000004
0.108307
0.202993
0.201649
0.158575
0.109017
0.130319
0.11478400000000001
0.07709999999999999
0.011605
0.0
0.0
0.0
0.0
0.0
0.0
0.0
0.0
0.0
0.0
0.0
0.0
0.0
0.009479
0.070389
0.14293
0.21882
0.279476
0.35412299999999997
0.37358800000000003
0.276084
0.183919
0.080414
0.022921
0.0
0.0
0.0
0.0
0.0
0.0
0.0
0.0
0.0
0.0
0.0
0.0
0.0
0.004216999999999999
0.032282
0.064431
0.092399
0.304944
0.445947
0.49859699999999996
0.388217
0.237877
0.083458
0.018168
0.0
0.0
0.0
0.0
0.0
0.0
0.0
0.0
0.0
0.0
0.0
0.0
0.0
0.005197
0.07707299999999999
0.231547
0.372101
0.485389
0.549964
0.5403020000000001
0.468646
0.345297
0.179429
0.040017000000000004
0.0
0.0
0.0
0.0
0.0
0.0
0.0
0.0
0.0
0.0
0.0
0.0
0.0
0.033427
0.163638
0.321316
0.452018
0.530747
0.556239
0.533978
0.464323
0.345765
0.183169
0.043658999999999996
0.0
0.0
0.0
0.0
0.0
0.0
0.0
0.0
0.0
0.0
0.0
0.0
0.0
0.038018
0.171013
0.333369
0.47063
0.553806
0.515926
0.277814
0.299663
0.270904
0.161495
0.03446
0.0
0.0
0.0
0.0
0.0
0.0
0.0
0.0
0.0
0.0
0.0
0.0
0.0
0.009115999999999999
0.038886000000000004
0.071837
0.099752
0.118017
0.123939
0.118622
0.102051
0.075
0.042105
0.0115
0.0
0.0
0.0
0.0
0.0
0.0
0.0
0.0
0.0
0.0
0.0
0.0
0.0
0.022664999999999998
0.08930400000000001
0.163803
0.23743899999999998
0.299102
0.372692
0.391729
0.292999
0.190489
0.095113
0.031694
0.0
0.0
0.0
0.0
0.0
0.0
0.0
0.0
0.0
0.0
0.0
0.0
0.0
0.054637
0.183232
0.338526
0.482493
0.5636059999999999
0.590703
0.566793
0.491116
0.36538400000000004
0.200441
0.056369999999999996
0.00028000000000000003
0.0
0.0
0.0
0.0
0.0
0.0
0.0
0.0
0.0
0.0
0.0
0.0
0.061196
0.195792
0.35536
0.496172
0.578744
0.6074729999999999
0.578861
0.505537
0.37794
0.208809
0.060731
0.0007930000000000001
0.0
0.0
0.0
0.0
0.0
0.0
0.0
0.0
0.0
0.0
0.0
0.00040500000000000003
0.057698
0.17615
0.30913799999999997
0.408207
0.476257
0.49912900000000004
0.474614
0.41093999999999997
0.31038499999999997
0.184378
0.048046
0.0
0.0
0.0
0.0
0.0
0.0
0.0
0.0
0.0
0.0
0.0
0.0
0.0
0.015681
0.047494
0.081201
0.10890699999999999
0.127133
0.133773
0.127825
0.110387
0.082552
0.049773000000000005
0.017177
0.0
0.0
0.0
0.0
0.0
0.0
0.0
0.0
0.0
0.0
0.0
0.0
0.0
0.016436
0.048922
0.082365
0.110762
0.12870099999999998
0.134768
0.129626
0.111738
0.084118
0.050581
0.018
0.0
0.0
0.0
0.0
0.0
0.0
0.0
0.0
0.0
0.0
0.0
0.0
0.0
0.017987
0.050587
0.08415900000000001
0.112746
0.130781
0.13688
0.131718
0.113668
0.08594299999999999
0.052323
0.019646999999999998
0.0
0.0
0.0
0.0
0.0
0.0
0.0
0.0
0.0
0.0
0.0
0.0
0.000799
0.041739
0.11611
0.20305
0.268972
0.46164
0.5778519999999999
0.605029
0.476319
0.305856
0.118323
0.043479
0.000809
0.0
0.0
0.0
0.0
0.0
0.0
0.0
0.0
0.0
0.0
0.0
0.003943
0.082178
0.216527
0.34938600000000003
0.439358
0.5318440000000001
0.6025170000000001
0.589842
0.515096
0.368818
0.22767400000000002
0.07847
0.004277
0.0
0.0
0.0
0.0
0.0
0.0
0.0
0.0
0.0
0.0
0.0
0.00032900000000000003
0.023352
0.079039
0.16877099999999998
0.263777
0.5155810000000001
0.6072029999999999
0.595148
0.523852
0.40069600000000005
0.236359
0.087228
0.005267
0.0
0.0
0.0
0.0
0.0
0.0
0.0
0.0
0.0
0.0
0.0
0.000368
0.026318
0.084303
0.175352
0.270309
0.428269
0.51503
0.5490389999999999
0.515105
0.40437900000000004
0.244498
0.094577
0.009074
0.0
0.0
0.0
0.0
0.0
0.0
0.0
0.0
0.0
0.0
0.0
0.001453
0.028131
0.063948
0.098521
0.126111
0.144662
0.14960400000000001
0.14327099999999998
0.124436
0.09677
0.062358
0.026995
0.001382
0.0
0.0
0.0
0.0
0.0
0.0
0.0
0.0
0.0
0.0
0.0
0.014289
0.10700799999999999
0.263894
0.419273
0.550169
0.623139
0.64542
0.615745
0.5421739999999999
0.417668
0.2531
0.102223
0.012709
0.0
0.0
0.0
0.0
0.0
0.0
0.0
0.0
0.0
0.0
0.0
0.016908000000000003
0.112943
0.26566300000000004
0.416608
0.542005
0.615355
0.6395069999999999
0.6121369999999999
0.539746
0.41762400000000005
0.256907
0.10487199999999999
0.013958
0.0
0.0
0.0
0.0
0.0
0.0
0.0
0.0
0.0
0.0
0.0
0.015932
0.033017000000000005
0.145035
0.316569
0.47428899999999996
0.533825
0.553393
0.5274030000000001
0.476548
0.373462
0.255004
0.096281
0.012906
0.0
0.0
0.0
0.0
0.0
0.0
0.0
0.0
0.0
0.0
0.0
0.022678999999999998
0.122079
0.274112
0.420849
0.5391549999999999
0.6170359999999999
0.649344
0.619851
0.5451050000000001
0.401609
0.22971100000000003
0.095293
0.015071
0.0
0.0
0.0
0.0
0.0
0.0
0.0
0.0
0.0
0.0
0.0
0.025384
0.125141
0.278329
0.426452
0.5520700000000001
0.6214059999999999
0.6456069999999999
0.612668
0.53977
0.418283
0.260204
0.111466
0.019917999999999998
0.0
0.0
0.0
0.0
0.0
0.0
0.0
0.0
0.0
0.0
0.0
0.02802
0.127592
0.276414
0.41972699999999996
0.5388590000000001
0.60175
0.611305
0.524969
0.436694
0.32917799999999997
0.192465
0.090772
0.01833
0.0
0.0
0.0
0.0
0.0
0.0
0.0
0.0
0.0
0.0
0.0
0.030829000000000002
0.13373
0.273254
0.35517000000000004
0.29085700000000003
0.313142
0.324687
0.313388
0.305093
0.27970100000000003
0.192638
0.076557
0.011918
0.0
0.0
0.0
0.0
0.0
0.0
0.0
0.0
0.0
0.0
0.0
0.029388
0.14067500000000002
0.299745
0.453971
0.583997
0.6580940000000001
0.676948
0.642128
0.526975
0.350361
0.15418700000000002
0.100205
0.025687
0.0
0.0
0.0
0.0
0.0
0.0
0.0
0.0
0.0
0.0
0.0
0.032625
0.147787
0.308751
0.46608
0.5988479999999999
0.677888
0.7011130000000001
0.669409
0.5876180000000001
0.462857
0.290737
0.132129
0.029619
0.0
0.0
0.0
0.0
0.0
0.0
0.0
0.0
0.0
0.0
0.0
0.035436
0.152825
0.313452
0.465565
0.595356
0.669693
0.685613
0.659687
0.578317
0.455915
0.28733
0.13123400000000002
0.03098
0.0
0.0
0.0
0.0
0.0
0.0
0.0
0.0
0.0
0.0
0.0
0.035264000000000004
0.121011
0.281204
0.440758
0.566644
0.634263
0.652978
0.6236970000000001
0.55888
0.447051
0.28730500000000003
0.13467500000000002
0.033335000000000004
0.0
0.0
0.0
0.0
0.0
0.0
0.0
0.0
0.0
0.0
0.000892
0.03907
0.144364
0.26960500000000004
0.36682299999999995
0.426726
0.43570600000000004
0.387455
0.327571
0.377919
0.350271
0.254665
0.130173
0.034872
0.0
0.0
0.0
0.0
0.0
0.0
0.0
0.0
0.0
0.0
0.001221
0.040664
0.14943299999999998
0.261033
0.321727
0.303828
0.28676100000000004
0.226062
0.158331
0.195334
0.190051
0.162445
0.082454
0.023876
0.0
0.0
0.0
0.0
0.0
0.0
0.0
0.0
0.0
0.0
0.0012410000000000001
0.042235
0.131231
0.286025
0.442886
0.5691660000000001
0.620574
0.5243390000000001
0.350368
0.297219
0.242665
0.16107400000000002
0.08305
0.025201
0.0
0.0
0.0
0.0
0.0
0.0
0.0
0.0
0.0
0.0
0.0
0.017686
0.050277999999999996
0.086575
0.120382
0.146291
0.16253
0.16814099999999998
0.16009299999999999
0.140964
0.11259699999999999
0.078846
0.042645
0.012591
0.0
0.0
0.0
0.0
0.0
0.0
0.0
0.0
0.0
0.0
0.0
0.018407
0.050906999999999994
0.087232
0.121262
0.148501
0.22333699999999998
0.303478
0.3392
0.486414
0.450049
0.305815
0.150794
0.043152
0.001063
0.0
0.0
0.0
0.0
0.0
0.0
0.0
0.0
0.0
0.000694
0.043457
0.14253100000000002
0.286968
0.43327899999999997
0.550539
0.539952
0.396197
0.160548
0.141471
0.11416
0.08022199999999999
0.075791
0.033177
0.00048699999999999997
0.0
0.0
0.0
0.0
0.0
0.0
0.0
0.0
0.0
0.002499
0.054339
0.166046
0.27725599999999995
0.327896
0.325529
0.523464
0.629071
0.640609
0.572006
0.455687
0.30634
0.154318
0.046519
0.0019270000000000001
0.0
0.0
0.0
0.0
0.0
0.0
0.0
0.0
0.0
0.007027
0.062548
0.18941999999999998
0.344588
0.485842
0.58478
0.619709
0.527543
0.35466699999999995
0.252104
0.15883
0.08168399999999999
0.047030999999999996
0.015985
0.0
0.0
0.0
0.0
0.0
0.0
0.0
0.0
0.0
0.0
0.000546
0.022956
0.056
0.092455
0.125345
0.15084899999999998
0.49393
0.645192
0.652248
0.584802
0.46897300000000003
0.314211
0.161883
0.052607999999999995
0.002921
0.0
0.0
0.0
0.0
0.0
0.0
0.0
0.0
0.0
0.002731
0.041743
0.11589
0.16651
0.17350100000000002
0.15328899999999998
0.17061099999999998
0.17531
0.16895500000000002
0.149597
0.121282
0.086904
0.050746
0.018135000000000002
0.0
0.0
0.0
0.0
0.0
0.0
0.0
0.0
0.0
0.0
0.00173
0.025816
0.060341
0.097966
0.13223500000000002
0.16001300000000002
0.17585800000000001
0.181848
0.173775
0.209122
0.209623
0.183013
0.102573
0.039472
0.001188
0.0
0.0
0.0
0.0
0.0
0.0
0.0
0.0
0.0
0.006860000000000001
0.038296
0.063609
0.101695
0.136483
0.163795
0.18107499999999999
0.185525
0.17856
0.158449
0.129409
0.093057
0.055301
0.021370999999999998
0.0
0.0
0.0
0.0
0.0
0.0
0.0
0.0
0.0
0.0
0.0035240000000000002
0.028683
0.06414199999999999
0.138316
0.237149
0.330453
0.364859
0.373539
0.357345
0.27182999999999996
0.174255
0.092408
0.055299
0.021859000000000003
0.0
0.0
0.0
0.0
0.0
0.0
0.0
0.0
0.0
0.0
0.00428
0.030100000000000002
0.065416
0.10265200000000001
0.13643
0.161898
0.17869900000000002
0.184094
0.176314
0.276878
0.303458
0.254029
0.143157
0.054394
0.006373
0.0
0.0
0.0
0.0
0.0
0.0
0.0
0.0
0.0
0.00498
0.030664
0.065959
0.103226
0.13742
0.16350399999999998
0.180345
0.18462399999999998
0.17671199999999998
0.157866
0.128447
0.09324299999999999
0.076811
0.039434
0.004812
0.0
0.0
0.0
0.0
0.0
0.0
0.0
0.0
0.0
0.008853999999999999
0.054121
0.134176
0.26877999999999996
0.42002100000000003
0.55186
0.5900599999999999
0.564173
0.505875
0.45466500000000004
0.36318
0.26159
0.174488
0.068437
0.011736
0.0
0.0
0.0
0.0
0.0
0.0
0.0
0.0
0.0
0.015769000000000002
0.065013
0.134785
0.21564599999999998
0.292202
0.334896
0.36593200000000004
0.373856
0.356452
0.274094
0.177678
0.095186
0.079314
0.042592
0.006659
0.0
0.0
0.0
0.0
0.0
0.0
0.0
0.0
0.0
0.020742999999999998
0.094693
0.223366
0.377525
0.5260199999999999
0.625352
0.6936180000000001
0.708031
0.67761
0.5919139999999999
0.462021
0.301495
0.183332
0.070257
0.01316
0.0
0.0
0.0
0.0
0.0
0.0
0.0
0.0
0.0
0.023593
0.093601
0.13562100000000002
0.33598
0.5059750000000001
0.624323
0.6828730000000001
0.695857
0.664394
0.594018
0.480524
0.337764
0.184977
0.06885200000000001
0.014288
0.0
0.0
0.0
0.0
0.0
0.0
0.0
0.0
0.0
0.023287
0.09307599999999999
0.20371799999999998
0.35882
0.501591
0.606545
0.665114
0.6805990000000001
0.652597
0.5823959999999999
0.46792500000000004
0.322897
0.17242500000000002
0.065462
0.012489
0.0
0.0
0.0
0.0
0.0
0.0
0.0
0.0
0.0
0.025182
0.101273
0.233856
0.38700799999999996
0.529304
0.630994
0.697653
0.710778
0.6757920000000001
0.599955
0.48383800000000005
0.32855599999999996
0.19184700000000002
0.074386
0.01759
0.0
0.0
0.0
0.0
0.0
0.0
0.0
0.0
0.0
0.025936
0.100613
0.235435
0.385721
0.521897
0.620247
0.678818
0.693134
0.663858
0.595684
0.48351
0.343937
0.192815
0.075487
0.019335
0.0
0.0
0.0
0.0
0.0
0.0
0.0
0.0
0.0
0.027469
0.104436
0.237998
0.388412
0.523135
0.621324
0.679613
0.6934400000000001
0.664055
0.586854
0.44760500000000003
0.268065
0.145864
0.060734
0.012266
0.0
0.0
0.0
0.0
0.0
0.0
0.0
0.0
0.0006580000000000001
0.028933
0.09934
0.191861
0.25095500000000004
0.252348
0.168182
0.327834
0.434161
0.514398
0.553295
0.498055
0.354142
0.204283
0.08481999999999999
0.023001999999999998
0.0
0.0
0.0
0.0
0.0
0.0
0.0
0.0
0.001239
0.027157
0.104941
0.14923599999999998
0.229575
0.29742799999999997
0.35131999999999997
0.38552499999999995
0.39314
0.376061
0.429888
0.408274
0.319969
0.197578
0.084911
0.02434
0.0
0.0
0.0
0.0
0.0
0.0
0.0
0.0
0.000634
0.03074
0.112349
0.250073
0.397984
0.540198
0.641981
0.7062200000000001
0.7192029999999999
0.686714
0.618582
0.507795
0.358569
0.20846
0.08710999999999999
0.024497
0.0
0.0
0.0
0.0
0.0
0.0
0.0
0.0
0.0
0.028029
0.081328
0.152588
0.23168
0.309139
0.36233499999999996
0.395274
0.403476
0.38553
0.28510399999999997
0.182881
0.102388
0.157392
0.08130899999999999
0.025511
0.0
0.0
0.0
0.0
0.0
0.0
0.0
0.0
0.0
0.03286
0.117926
0.259868
0.419122
0.5604819999999999
0.664196
0.730869
0.743752
0.711971
0.6382129999999999
0.519959
0.369351
0.217128
0.094221
0.028007
0.0
0.0
0.0
0.0
0.0
0.0
0.0
0.0
0.003255
0.030264
0.124621
0.25902499999999995
0.41040899999999997
0.541701
0.636053
0.700468
0.7159840000000001
0.687457
0.618872
0.507404
0.36261200000000005
0.213106
0.091067
0.025223
0.0
0.0
0.0
0.0
0.0
0.0
0.0
0.0
0.002176
0.033109
0.106196
0.20136500000000002
0.331914
0.447846
0.553117
0.635612
0.6844669999999999
0.6767089999999999
0.6109450000000001
0.500201
0.357538
0.212834
0.094341
0.029094000000000002
5.7e-05
0.0
0.0
0.0
0.0
0.0
0.0
0.0
0.0040620000000000005
0.039686
0.126196
0.257438
0.406577
0.537572
0.635538
0.6501950000000001
0.561396
0.38069
0.368375
0.358825
0.28312099999999996
0.17285
0.082668
0.027257
0.0
0.0
0.0
0.0
0.0
0.0
0.0
0.0
0.0
0.023283
0.07563500000000001
0.157947
0.23232
0.30885399999999996
0.362072
0.392777
0.398915
0.380967
0.34411200000000003
0.28636399999999995
0.20893199999999998
0.135156
0.06921899999999999
0.022746
0.0
0.0
0.0
0.0
0.0
0.0
0.0
0.0
0.005473
0.043356
0.105563
0.161015
0.198418
0.205643
0.17729
0.19395199999999999
0.197187
0.189226
0.170631
0.14291900000000002
0.108571
0.07276
0.037948
0.011101000000000001
0.0
0.0
0.0
0.0
0.0
0.0
0.0
0.0
0.0
0.026166000000000002
0.08081999999999999
0.166306
0.279885
0.395704
0.505529
0.505934
0.452249
0.386036
0.351553
0.294514
0.22452
0.14405199999999999
0.075421
0.025356
0.001052
0.0
0.0
0.0
0.0
0.0
0.0
0.0
0.004018
0.039064
0.095425
0.167472
0.247941
0.314824
0.367776
0.400749
0.410536
0.39572399999999996
0.355284
0.295823
0.22464099999999998
0.21021199999999998
0.109809
0.037909
0.002033
0.0
0.0
0.0
0.0
0.0
0.0
0.0
0.010307
0.044564
0.141093
0.282175
0.435397
0.5522229999999999
0.513404
0.5133819999999999
0.46019
0.39272
0.357265
0.299321
0.228453
0.147635
0.07887000000000001
0.027692
0.001057
0.0
0.0
0.0
0.0
0.0
0.0
0.0
0.005012
0.044128999999999995
0.1138
0.22394
0.308975
0.353168
0.364956
0.398872
0.40744600000000003
0.391701
0.446788
0.428101
0.34595
0.21126699999999998
0.100066
0.036246
0.0014910000000000001
0.0
0.0
0.0
0.0
0.0
0.0
0.0
0.012306
0.055012
0.136663
0.22531800000000002
0.309202
0.350997
0.360822
0.394515
0.403175
0.38795999999999997
0.301225
0.197689
0.113234
0.103003
0.06967
0.029966
0.00010899999999999999
0.0
0.0
0.0
0.0
0.0
0.0
0.0
0.001785
0.021335999999999997
0.052262
0.088044
0.12371
0.156232
0.180596
0.26271100000000003
0.346501
0.386884
0.362358
0.304057
0.226209
0.14955000000000002
0.080471
0.030616
0.001521
0.0
0.0
0.0
0.0
0.0
0.0
0.0
0.001846
0.022178
0.053334000000000006
0.089557
0.126063
0.158399
0.183718
0.26656799999999997
0.35344
0.395934
0.40972699999999995
0.38663099999999995
0.30979500000000004
0.228408
0.11265900000000001
0.042616
0.005804
0.0
0.0
0.0
0.0
0.0
0.0
0.0
0.008230000000000001
0.044641
0.099929
0.172632
0.24865700000000002
0.326677
0.381386
0.34415300000000004
0.27181599999999995
0.194594
0.36929199999999995
0.409983
0.35785199999999995
0.228773
0.115417
0.04208
0.006206000000000001
0.0
0.0
0.0
0.0
0.0
0.0
0.0
0.009005
0.050526
0.11883400000000001
0.229232
0.308089
0.364615
0.364723
0.451374
0.5177229999999999
0.534873
0.488773
0.40959500000000004
0.312198
0.199389
0.104004
0.042414
0.004849999999999999
0.0
0.0
0.0
0.0
0.0
0.0
0.0
0.0033799999999999998
0.033063
0.089287
0.17561600000000002
0.251828
0.32915
0.38475400000000004
0.419148
0.429739
0.414852
0.375627
0.315453
0.235118
0.13668
0.062551
0.017494
0.00017199999999999998
0.0
0.0
0.0
0.0
0.0
0.0
0.0
0.00347
0.024753
0.055941000000000005
0.09283799999999999
0.128251
0.16056700000000002
0.184972
0.267366
0.354634
0.398432
0.371428
0.312368
0.232411
0.155694
0.08668300000000001
0.035574
0.005966
0.0
0.0
0.0
0.0
0.0
0.0
0.0
0.017762
0.059219
0.13717
0.232847
0.39179
0.5455599999999999
0.666259
0.693057
0.604792
0.414996
0.454683
0.437313
0.35715199999999997
0.23727299999999998
0.122659
0.048034999999999994
0.008757
0.0
0.0
0.0
0.0
0.0
0.0
0.0
0.018649000000000002
0.061368
0.149573
0.290242
0.43327
0.546798
0.5835779999999999
0.651886
0.685225
0.6659919999999999
0.61919
0.530147
0.403694
0.250629
0.122444
0.045756
0.010086
0.0
0.0
0.0
0.0
0.0
0.0
0.0
0.012227
0.054340000000000006
0.124023
0.232504
0.390306
0.5293859999999999
0.625961
0.6543519999999999
0.594855
0.401678
0.453727
0.43685199999999996
0.365586
0.239818
0.124142
0.046717
0.010955999999999999
0.0
0.0
0.0
0.0
0.0
0.0
0.0
0.019833
0.059639000000000005
0.107282
0.092711
0.25847899999999996
0.436094
0.585317
0.619362
0.597869
0.536532
0.455287
0.34473200000000004
0.234703
0.158439
0.08926300000000001
0.038681
0.009006
0.0
0.0
0.0
0.0
0.0
0.0
0.0
0.020742999999999998
0.061918
0.14509899999999998
0.275534
0.412795
0.53771
0.6295599999999999
0.6815650000000001
0.6872229999999999
0.6431549999999999
0.594091
0.503657
0.38094799999999995
0.242288
0.11739
0.04665999999999999
0.012616
0.0
0.0
0.0
0.0
0.0
0.0
0.0
0.021584
0.061676
0.146154
0.279375
0.417608
0.543135
0.6379600000000001
0.69308
0.703071
0.655301
0.6127319999999999
0.518906
0.391001
0.248181
0.120711
0.048811
0.013484
0.0
0.0
0.0
0.0
0.0
0.0
0.0
0.022655
0.062695
0.149204
0.282311
0.41820999999999997
0.523926
0.5766100000000001
0.642974
0.674304
0.655946
0.5925860000000001
0.49595100000000003
0.372612
0.236033
0.1166
0.047578
0.012221
0.0
0.0
0.0
0.0
0.0
0.0
0.0
0.013309
0.053947
0.119223
0.220732
0.294988
0.34682
0.350949
0.381158
0.399675
0.37555
0.342038
0.290488
0.223996
0.172126
0.103101
0.04932
0.012622999999999999
0.0
0.0
0.0
0.0
0.0
0.0
0.0
0.0054269999999999995
0.058006999999999996
0.148148
0.2777
0.40972000000000003
0.52661
0.612163
0.662644
0.649539
0.515971
0.55291
0.503367
0.390288
0.25316
0.125386
0.051137999999999996
0.015807
0.0
0.0
0.0
0.0
0.0
0.0
0.0
0.02436
0.06510200000000001
0.144798
0.177126
0.356459
0.523201
0.637145
0.701653
0.719059
0.696305
0.629513
0.525582
0.39945299999999995
0.255299
0.12695
0.051959000000000005
0.016673999999999998
0.0
0.0
0.0
0.0
0.0
0.0
0.000207
0.02485
0.066201
0.152334
0.278716
0.4153
0.5404059999999999
0.631128
0.678351
0.672249
0.614351
0.5078820000000001
0.372398
0.23144399999999998
0.15837299999999999
0.092204
0.041504
0.01196
0.0
0.0
0.0
0.0
0.0
0.0
0.0
0.020039
0.060636
0.117431
0.178536
0.253517
0.329237
0.383457
0.467289
0.5198529999999999
0.549728
0.529248
0.46627199999999996
0.366117
0.25318199999999996
0.133327
0.057860999999999996
0.017951
0.0
0.0
0.0
0.0
0.0
0.0
0.000308
0.025571
0.070555
0.16063999999999998
0.293134
0.43565499999999996
0.557678
0.58941
0.587502
0.5392830000000001
0.417143
0.42303199999999996
0.40265300000000004
0.324056
0.258764
0.13891399999999998
0.058531
0.018963999999999998
0.0
0.0
0.0
0.0
0.0
0.0
0.000796
0.024989
0.071104
0.159612
0.271571
0.36762700000000004
0.408541
0.378533
0.41423899999999997
0.42358999999999997
0.409506
0.41476799999999997
0.397735
0.328392
0.233179
0.131908
0.058375
0.019189
0.0
0.0
0.0
0.0
0.0
0.0
0.00068
0.02488
0.071497
0.16184700000000002
0.295163
0.428956
0.518371
0.505401
0.505981
0.475614
0.410391
0.365469
0.312425
0.245422
0.189757
0.1161
0.057804
0.019014
0.0
0.0
0.0
0.0
0.0
0.0
0.000695
0.025147
0.07181699999999999
0.160123
0.271493
0.38033
0.464852
0.511455
0.509469
0.478265
0.410782
0.377204
0.320546
0.243159
0.187422
0.116009
0.057965
0.016165
0.0
0.0
0.0
0.0
0.0
0.0
0.0
0.01598
0.053988999999999995
0.109529
0.17884999999999998
0.25866300000000003
0.326656
0.380238
0.400494
0.410797
0.39781599999999995
0.375272
0.318502
0.241884
0.14515
0.07086400000000001
0.023949
0.004775000000000001
0.0
0.0
0.0
0.0
0.0
0.0
0.0
0.007095
0.028096
0.058676
0.09411
0.129112
0.162173
0.186884
0.200606
0.20531200000000002
0.198584
0.182976
0.156685
0.12338800000000001
0.088199
0.053042
0.024109000000000002
0.004813
0.0
0.0
0.0
0.0
0.0
0.0
0.0
0.021603
0.062719
0.117529
0.177592
0.28641300000000003
0.392113
0.500205
0.581405
0.618174
0.616143
0.5168579999999999
0.38223599999999996
0.239104
0.165017
0.097687
0.046174999999999994
0.018584
0.0
0.0
0.0
0.0
0.0
0.0
0.000541
0.026245
0.06600400000000001
0.142153
0.228221
0.36720800000000003
0.5039359999999999
0.6087400000000001
0.65561
0.6318819999999999
0.5511119999999999
0.464755
0.349607
0.23931899999999998
0.23681
0.137816
0.058533999999999996
0.021797999999999998
0.0
0.0
0.0
0.0
0.0
0.0
0.0005250000000000001
0.024866
0.06605200000000001
0.151294
0.282152
0.411882
0.522121
0.601538
0.6487269999999999
0.6537240000000001
0.611755
0.5178740000000001
0.38476299999999997
0.24098599999999998
0.216634
0.136626
0.056648000000000004
0.021112
0.0
0.0
0.0
0.0
0.0
0.0
0.000501
0.026021000000000002
0.066547
0.143767
0.22552799999999998
0.362831
0.500995
0.607889
0.6428010000000001
0.611955
0.53019
0.452673
0.344714
0.23783
0.225869
0.139566
0.058764000000000004
0.021629000000000002
0.0
0.0
0.0
0.0
0.0
0.0
0.000515
0.02619
0.067334
0.14514
0.17535900000000001
0.253203
0.320481
0.373958
0.340178
0.270274
0.194476
0.178642
0.153557
0.122039
0.18759299999999998
0.131029
0.058345
0.022083
0.0
0.0
0.0
0.0
0.0
0.0
0.000504
0.026158
0.067834
0.155174
0.291642
0.43520299999999995
0.5585359999999999
0.6504160000000001
0.697831
0.6964
0.63258
0.623378
0.5446449999999999
0.42168700000000003
0.27586700000000003
0.141839
0.060878
0.022703
0.0
0.0
0.0
0.0
0.0
0.0
0.000578
0.026541000000000002
0.067958
0.153442
0.282472
0.421753
0.542972
0.636342
0.6954819999999999
0.715828
0.695244
0.6361789999999999
0.536314
0.410494
0.263258
0.133085
0.056814
0.017848
0.0
0.0
0.0
0.0
0.0
0.0
0.0
0.015522000000000001
0.045244
0.076792
0.091992
0.12748099999999998
0.158482
0.184057
0.357959
0.48624599999999996
0.543415
0.575505
0.519371
0.40770999999999996
0.272539
0.141138
0.060689
0.022572
7.3e-05
0.0
0.0
0.0
0.0
0.0
0.000523
0.024197
0.063381
0.125681
0.176422
0.28412099999999996
0.391738
0.50231
0.509351
0.469598
0.405971
0.46036900000000003
0.444438
0.376938
0.23112100000000002
0.116356
0.048034
0.020126
0.0
0.0
0.0
0.0
0.0
0.0
0.0
0.015665
0.04561
0.076706
0.09205200000000001
0.172346
0.269656
0.366842
0.459864
0.5242870000000001
0.5448630000000001
0.46701299999999996
0.35579
0.246092
0.191159
0.120188
0.060491
0.022353
0.000124
0.0
0.0
0.0
0.0
0.0
0.0
0.015879
0.057387
0.123874
0.230096
0.320082
0.404729
0.455019
0.46210500000000004
0.466915
0.416892
0.459709
0.449121
0.378944
0.255859
0.140142
0.059859
0.021972000000000002
0.0
0.0
0.0
0.0
0.0
0.0
0.000528
0.025414000000000003
0.06545699999999999
0.14837
0.274113
0.374721
0.420709
0.36679199999999995
0.449622
0.517212
0.540001
0.461346
0.35151499999999997
0.243076
0.23202199999999998
0.144809
0.061287999999999995
0.022779
0.000107
0.0
0.0
0.0
0.0
0.0
0.0
0.020010999999999998
0.060076
0.114135
0.174991
0.24920799999999999
0.32462799999999997
0.37939100000000003
0.46124200000000004
0.527828
0.546716
0.467909
0.35589499999999996
0.245374
0.190757
0.11968000000000001
0.06007
0.018349
0.0
0.0
0.0
0.0
0.0
0.0
0.0
0.006354
0.03648
0.09164499999999999
0.17343899999999998
0.24485200000000001
0.317513
0.368955
0.39612200000000003
0.41024700000000003
0.39876
0.375218
0.318788
0.242491
0.169154
0.101664
0.048274
0.013266
0.0
0.0
0.0
0.0
0.0
0.0
0.0
0.014255
0.050496
0.10357999999999999
0.172088
0.244279
0.31856799999999996
0.37257999999999997
0.454571
0.520891
0.5425760000000001
0.499486
0.4244
0.328679
0.20647300000000002
0.10957299999999999
0.048568
0.01551
0.0
0.0
0.0
0.0
0.0
0.0
0.0
0.005568
0.025636
0.055258
0.090396
0.21434999999999998
0.357071
0.494705
0.579518
0.618922
0.619987
0.553544
0.444847
0.327882
0.219935
0.123366
0.05712
0.016818000000000003
0.0
0.0
0.0
0.0
0.0
0.0
0.000127
0.023681999999999998
0.063997
0.149677
0.283026
0.424673
0.547409
0.640683
0.6870539999999999
0.695123
0.657069
0.604841
0.51839
0.400646
0.272909
0.14189
0.060096
0.02259
0.0
0.0
0.0
0.0
0.0
0.0
0.0
0.013913
0.057771
0.14480099999999999
0.280569
0.422585
0.546573
0.639949
0.703717
0.726758
0.7093339999999999
0.647644
0.5507430000000001
0.425015
0.27847000000000005
0.143467
0.06056
0.022731
0.0
0.0
0.0
0.0
0.0
0.0
0.0
0.023937999999999997
0.063143
0.148593
0.285048
0.427042
0.5493640000000001
0.640098
0.695366
0.711022
0.6879500000000001
0.632094
0.5392530000000001
0.418914
0.274528
0.141006
0.058927
0.022082
0.0
0.0
0.0
0.0
0.0
0.0
0.0
0.005398
0.042773000000000005
0.110915
0.223739
0.330904
0.423937
0.497815
0.502725
0.463813
0.39936
0.368458
0.315364
0.241584
0.16885499999999998
0.100787
0.048132
0.01289
0.0
0.0
0.0
0.0
0.0
0.0
0.0
0.0045910000000000005
0.041703000000000004
0.108928
0.220296
0.358137
0.49679199999999996
0.608852
0.622634
0.552608
0.40409500000000004
0.35849000000000003
0.30738
0.240284
0.22007
0.139254
0.057061999999999995
0.019458
0.0
0.0
0.0
0.0
0.0
0.0
0.0
0.012336
0.041082
0.07218300000000001
0.087748
0.122517
0.153679
0.178527
0.194642
0.20032
0.195219
0.178284
0.15370699999999998
0.12276300000000001
0.08798399999999999
0.053316
0.024149999999999998
0.0045590000000000006
0.0
0.0
0.0
0.0
0.0
0.0
0.0
0.004597
0.03336
0.08716
0.168213
0.24011500000000002
0.308242
0.36052300000000004
0.33660700000000005
0.26882799999999996
0.19378800000000002
0.24019300000000002
0.261581
0.239896
0.166815
0.09886700000000001
0.046704
0.017623999999999997
0.0
0.0
0.0
0.0
0.0
0.0
0.0
0.018705
0.057493999999999996
0.131412
0.24614
0.373371
0.484405
0.569571
0.6394690000000001
0.670892
0.656492
0.586172
0.46961200000000003
0.327366
0.233067
0.133362
0.056052
0.020006
0.0
0.0
0.0
0.0
0.0
0.0
0.0
0.019225000000000003
0.057633000000000004
0.13697499999999999
0.247386
0.359628
0.452124
0.49445
0.6041960000000001
0.654073
0.659558
0.5773550000000001
0.463443
0.322046
0.238756
0.13231
0.055165
0.019471
0.0
0.0
0.0
0.0
0.0
0.0
0.0
0.018741
0.057072000000000005
0.13681200000000002
0.267019
0.402078
0.520046
0.6066280000000001
0.655963
0.6655420000000001
0.6368630000000001
0.5974790000000001
0.5196609999999999
0.40579899999999997
0.259016
0.125509
0.045427999999999996
0.010686999999999999
0.0
0.0
0.0
0.0
0.0
0.0
0.0
0.010138999999999999
0.038519
0.070029
0.086748
0.122298
0.155035
0.18088900000000002
0.197283
0.203266
0.197643
0.182334
0.156802
0.12466100000000001
0.088475
0.053772
0.023226
0.003957
0.0
0.0
0.0
0.0
0.0
0.0
0.0
0.0031230000000000003
0.02212
0.050726999999999994
0.08483
0.11987300000000001
0.151918
0.176748
0.333892
0.477903
0.538042
0.459332
0.349509
0.240748
0.166344
0.096854
0.044357999999999995
0.009998
0.0
0.0
0.0
0.0
0.0
0.0
0.0
0.002391
0.029597000000000002
0.082232
0.16203499999999998
0.234066
0.302411
0.355383
0.49585
0.5877279999999999
0.608309
0.545845
0.439017
0.32497699999999996
0.226941
0.126116
0.051802999999999995
0.015393
0.0
0.0
0.0
0.0
0.0
0.0
0.0
0.007833999999999999
0.036186
0.066827
0.084173
0.16092099999999998
0.257413
0.355114
0.396885
0.41010800000000003
0.395123
0.451237
0.434081
0.36571499999999996
0.231754
0.11838599999999999
0.052469
0.014492000000000001
0.0
0.0
0.0
0.0
0.0
0.0
0.0
0.014091
0.051366999999999996
0.12872399999999998
0.254021
0.39521100000000003
0.515608
0.606125
0.632345
0.568302
0.38062599999999996
0.468158
0.46289800000000003
0.381717
0.236035
0.11253700000000001
0.041142000000000005
0.010904
0.0
0.0
0.0
0.0
0.0
0.0
0.0
0.007027
0.039555
0.090613
0.15711699999999998
0.228786
0.295339
0.347391
0.432187
0.496369
0.513712
0.47610199999999997
0.409134
0.318441
0.247893
0.12850999999999999
0.050384
0.014957000000000002
0.0
0.0
0.0
0.0
0.0
0.0
0.0
0.012502000000000001
0.049767000000000006
0.125141
0.252946
0.395443
0.5169389999999999
0.6104210000000001
0.66422
0.670683
0.633244
0.579018
0.489605
0.375853
0.25082
0.124846
0.0497
0.013087
0.0
0.0
0.0
0.0
0.0
0.0
0.0
0.011566
0.047862
0.121897
0.24590199999999998
0.385592
0.504425
0.596124
0.659353
0.685491
0.669744
0.6113390000000001
0.515888
0.39497699999999997
0.253013
0.124561
0.048815
0.011769
0.0
0.0
0.0
0.0
0.0
0.0
0.0
0.000736
0.018097000000000002
0.045753999999999996
0.079609
0.114552
0.14577099999999998
0.170274
0.185547
0.19119
0.1849
0.392115
0.44141699999999995
0.38159
0.250617
0.123545
0.047060000000000005
0.011764
0.0
0.0
0.0
0.0
0.0
0.0
0.0
0.008411
0.045183
0.116178
0.228147
0.37330599999999997
0.505053
0.614563
0.6418550000000001
0.5654790000000001
0.387552
0.39183
0.37557999999999997
0.30417
0.202537
0.107739
0.047255000000000005
0.0070940000000000005
0.0
0.0
0.0
0.0
0.0
0.0
0.0
0.003606
0.030173
0.060615999999999996
0.078671
0.134426
0.204406
0.27115300000000003
0.32625
0.36662599999999995
0.39227
0.44471
0.42266000000000004
0.351262
0.24112799999999998
0.12027
0.045568
0.009463
0.0
0.0
0.0
0.0
0.0
0.0
0.0
0.003378
0.033537
0.083043
0.14988300000000002
0.254749
0.36062299999999997
0.469103
0.5170560000000001
0.533941
0.518067
0.500441
0.447613
0.35487799999999997
0.224656
0.111701
0.043908
0.006642
0.0
0.0
0.0
0.0
0.0
0.0
0.0
0.002489
0.034616
0.11077200000000001
0.23837899999999998
0.367134
0.45127
0.459279
0.475009
0.43678500000000003
0.371635
0.434245
0.416273
0.34924
0.20844900000000002
0.097568
0.034898000000000005
0.003334
0.0
0.0
0.0
0.0
0.0
0.0
0.0
0.001511
0.027011
0.057344
0.076363
0.111645
0.14335499999999998
0.167943
0.183722
0.188946
0.183614
0.168489
0.14410499999999998
0.11253400000000001
0.078212
0.044171
0.016488
0.000819
0.0
0.0
0.0
0.0
0.0
0.0
0.0
0.0
0.020135999999999998
0.068774
0.14444200000000001
0.24969999999999998
0.35496
0.46475900000000003
0.478129
0.437712
0.3697
0.287642
0.190851
0.10942
0.076058
0.042781
0.015527
0.0
0.0
0.0
0.0
0.0
0.0
0.0
0.0
0.0
0.013521
0.040518
0.07482299999999999
0.148611
0.243097
0.337903
0.478959
0.572341
0.603009
0.605639
0.514749
0.345331
0.238936
0.112683
0.040226
0.004745
0.0
0.0
0.0
0.0
0.0
0.0
0.0
0.003369
0.033021999999999996
0.106829
0.2301
0.373102
0.49573700000000004
0.5902329999999999
0.6466130000000001
0.662711
0.640338
0.586133
0.496112
0.372864
0.234241
0.11036499999999999
0.037619
0.003404
0.0
0.0
0.0
0.0
0.0
0.0
0.0
0.002868
0.031905
0.106835
0.224282
0.363243
0.494172
0.5942350000000001
0.6550929999999999
0.67169
0.650342
0.5953200000000001
0.498524
0.372962
0.233379
0.10858499999999999
0.036995
0.003427
0.0
0.0
0.0
0.0
0.0
0.0
0.0
0.002337
0.030934999999999997
0.10253799999999999
0.222191
0.366455
0.488858
0.582446
0.643327
0.6609539999999999
0.645721
0.5839249999999999
0.48749000000000003
0.36565
0.22854400000000002
0.10552500000000001
0.034862000000000004
0.002953
0.0
0.0
0.0
0.0
0.0
0.0
0.0
0.0018540000000000002
0.032317
0.100438
0.220465
0.365399
0.49366000000000004
0.586331
0.647817
0.6683429999999999
0.6474679999999999
0.590838
0.49642000000000003
0.372813
0.228969
0.104132
0.034000999999999997
0.002469
0.0
0.0
0.0
0.0
0.0
0.0
0.0
0.0013360000000000002
0.032617
0.09810899999999999
0.216963
0.361043
0.487469
0.581052
0.640904
0.660454
0.641768
0.5838150000000001
0.489683
0.36453399999999997
0.226056
0.102812
0.032921
0.002078
0.0
0.0
0.0
0.0
0.0
0.0
0.0
0.000431
0.029667000000000002
0.09646500000000001
0.21147
0.350874
0.47444200000000003
0.575491
0.6425789999999999
0.672219
0.6552469999999999
0.5922419999999999
0.487849
0.356616
0.222757
0.102675
0.034466000000000004
0.00122
0.0
0.0
0.0
0.0
0.0
0.0
0.0
0.00061
0.027017
0.095138
0.21370699999999998
0.358405
0.485097
0.5795410000000001
0.633725
0.6434099999999999
0.611692
0.573769
0.487283
0.36538
0.22266999999999998
0.100812
0.032588
0.001171
0.0
0.0
0.0
0.0
0.0
0.0
0.0
0.00011899999999999999
0.026057
0.09185299999999999
0.209614
0.34978699999999996
0.462394
0.518615
0.556378
0.546765
0.494087
0.449319
0.371729
0.269875
0.17249899999999999
0.08307099999999999
0.028702000000000002
0.0
0.0
0.0
0.0
0.0
0.0
0.0
0.0
0.0
0.02718
0.08945399999999999
0.209178
0.35513
0.486783
0.583659
0.621193
0.546753
0.369633
0.32408800000000004
0.271548
0.20303800000000002
0.13122499999999998
0.06585099999999999
0.020509
0.0
0.0
0.0
0.0
0.0
0.0
0.0
0.0
0.0
0.022087
0.068752
0.125947
0.198715
0.267167
0.320404
0.30305200000000004
0.254805
0.173058
0.27698500000000004
0.314293
0.275433
0.188238
0.089923
0.028366
0.0
0.0
0.0
0.0
0.0
0.0
0.0
0.0
0.0
0.025367
0.086648
0.205764
0.34995299999999996
0.476989
0.571219
0.584547
0.513167
0.36780399999999996
0.335134
0.280258
0.203429
0.128789
0.065405
0.019338
0.0
0.0
0.0
0.0
0.0
0.0
0.0
0.0
0.0
0.024427
0.087006
0.20354
0.340448
0.42488400000000004
0.45061399999999996
0.502403
0.5199779999999999
0.503916
0.45514699999999997
0.376876
0.270178
0.18450299999999997
0.08791299999999999
0.026965
0.0
0.0
0.0
0.0
0.0
0.0
0.0
0.0
0.0
0.023094
0.081095
0.12348
0.227555
0.3374
0.44955399999999995
0.502436
0.5209320000000001
0.505341
0.408508
0.309465
0.202037
0.12595399999999998
0.061172
0.016752
0.0
0.0
0.0
0.0
0.0
0.0
0.0
0.0
0.0
0.005399
0.02918
0.061933
0.13135
0.224812
0.32917799999999997
0.353879
0.36538400000000004
0.353225
0.27205599999999996
0.17724199999999998
0.098255
0.08553
0.05162
0.015269
0.0
0.0
0.0
0.0
0.0
0.0
0.0
0.0
0.0
0.012421
0.055645
0.11745900000000001
0.193155
0.258394
0.316268
0.401901
0.464772
0.47994099999999995
0.437956
0.366761
0.25928199999999996
0.159775
0.0704
0.018385000000000002
0.0
0.0
0.0
0.0
0.0
0.0
0.0
0.0
0.0
0.003884
0.027486
0.059302
0.093737
0.125673
0.15138
0.16737100000000002
0.17311600000000002
0.167466
0.152386
0.126505
0.095181
0.060674
0.028114
0.004548
0.0
0.0
0.0
0.0
0.0
0.0
0.0
0.0
0.0
0.010114000000000001
0.052361
0.112459
0.188912
0.253814
0.322142
0.35695699999999997
0.366091
0.35133499999999995
0.450757
0.436636
0.329432
0.183869
0.07204600000000001
0.015156000000000001
0.0
0.0
0.0
0.0
0.0
0.0
0.0
0.0
0.0
0.01678
0.07388800000000001
0.18530000000000002
0.329575
0.460035
0.563982
0.626965
0.644598
0.617687
0.524916
0.370755
0.185162
0.125508
0.060423000000000004
0.013518
0.0
0.0
0.0
0.0
0.0
0.0
0.0
0.0
0.0
0.013897
0.05878
0.056534
0.18467599999999998
0.349866
0.49285500000000004
0.577671
0.624835
0.6140789999999999
0.55043
0.44932799999999995
0.320301
0.18102000000000001
0.068595
0.014851000000000001
0.0
0.0
0.0
0.0
0.0
0.0
0.0
0.0
0.0
0.013420999999999999
0.06495999999999999
0.17762
0.32346199999999997
0.45295100000000005
0.551224
0.613958
0.6355069999999999
0.6142920000000001
0.550937
0.449903
0.318446
0.17631
0.06350800000000001
0.010189
0.0
0.0
0.0
0.0
0.0
0.0
0.0
0.0
0.0
0.011109
0.061731
0.16869
0.31107999999999997
0.449224
0.550986
0.6132000000000001
0.632914
0.6115309999999999
0.548705
0.444428
0.311384
0.169986
0.061020000000000005
0.00977
0.0
0.0
0.0
0.0
0.0
0.0
0.0
0.0
0.0
0.004333
0.043112000000000004
0.101429
0.20256
0.309301
0.418936
0.42192
0.39649599999999996
0.329486
0.34052899999999997
0.294067
0.23229499999999997
0.125506
0.046786
0.004521
0.0
0.0
0.0
0.0
0.0
0.0
0.0
0.0
0.0
0.0
0.020464
0.051967
0.08705299999999999
0.119097
0.145066
0.161572
0.16684100000000002
0.160021
0.196512
0.199324
0.17372100000000001
0.100596
0.041853
0.003684
0.0
0.0
0.0
0.0
0.0
0.0
0.0
0.0
0.0
0.007466
0.057467
0.134358
0.23666399999999999
0.34110399999999996
0.414888
0.533036
0.582213
0.572442
0.49859699999999996
0.352982
0.172006
0.097467
0.039387
0.002426
0.0
0.0
0.0
0.0
0.0
0.0
0.0
0.0
0.0
0.006006
0.056646
0.164152
0.308222
0.43323500000000004
0.525687
0.537275
0.469917
0.333383
0.404435
0.384596
0.284794
0.16106700000000002
0.054901000000000005
0.00453
0.0
0.0
0.0
0.0
0.0
0.0
0.0
0.0
0.0
0.001032
0.038005000000000004
0.09571299999999999
0.171456
0.235733
0.293725
0.326815
0.335935
0.322986
0.288053
0.23142500000000002
0.16395500000000002
0.09242700000000001
0.03589
0.000868
0.0
0.0
0.0
0.0
0.0
0.0
0.0
0.0
0.0
0.0
0.017657
0.048276000000000006
0.082595
0.114748
0.14091700000000001
0.21487799999999999
0.290929
0.326723
0.33633300000000005
0.28676100000000004
0.221475
0.132437
0.048225000000000004
0.002742
0.0
0.0
0.0
0.0
0.0
0.0
0.0
0.0
0.0
0.0
0.029712
0.092741
0.16834
0.236215
0.30377
0.340507
0.352933
0.338665
0.301123
0.23408600000000002
0.164075
0.089497
0.032302
0.0
0.0
0.0
0.0
0.0
0.0
0.0
0.0
0.0
0.0
0.002877
0.050088
0.157135
0.29930900000000005
0.38326499999999997
0.304135
0.340694
0.352322
0.338875
0.411128
0.388101
0.278577
0.145665
0.046127
0.001841
0.0
0.0
0.0
0.0
0.0
0.0
0.0
0.0
0.0
0.001954
0.044055
0.151691
0.29071199999999997
0.373811
0.299076
0.208111
0.15829
0.153777
0.135721
0.10898300000000001
0.07703600000000001
0.042253
0.013585000000000002
0.0
0.0
0.0
0.0
0.0
0.0
0.0
0.0
0.0
0.0
0.0
0.025981
0.08694199999999999
0.190015
0.300481
0.413879
0.43582600000000005
0.393361
0.327501
0.354231
0.32955399999999996
0.24246299999999998
0.12804400000000002
0.039579
0.000626
0.0
0.0
0.0
0.0
0.0
0.0
0.0
0.0
0.0
0.001038
0.041036
0.14758000000000002
0.294634
0.420854
0.480933
0.543997
0.5632999999999999
0.540053
0.47712
0.385584
0.26851400000000003
0.120795
0.032521
0.0
0.0
0.0
0.0
0.0
0.0
0.0
0.0
0.0
0.0
0.0
0.027247
0.082878
0.13278299999999998
0.147314
0.133019
0.203292
0.27532999999999996
0.307529
0.382973
0.36040300000000003
0.257627
0.11925100000000001
0.032031
0.0
0.0
0.0
0.0
0.0
0.0
0.0
0.0
0.0
0.0
0.0
0.025815
0.040496000000000004
0.087669
0.14337899999999998
0.19939099999999998
0.259337
0.291976
0.300644
0.26227300000000003
0.208113
0.142466
0.061241
0.013162
0.0
0.0
0.0
0.0
0.0
0.0
0.0
0.0
0.0
0.0
0.0
0.010617000000000001
0.038513
0.071879
0.103878
0.128505
0.198459
0.27072
0.304694
0.345331
0.32124400000000003
0.230572
0.103948
0.026629999999999997
0.0
0.0
0.0
0.0
0.0
0.0
0.0
0.0
0.0
0.0
0.0
0.033249
0.131865
0.26253
0.329875
0.27081900000000003
0.303955
0.32692
0.31276499999999996
0.260827
0.206322
0.13752099999999998
0.083615
0.024395
0.0
0.0
0.0
0.0
0.0
0.0
0.0
0.0
0.0
0.0
0.0
0.021765999999999997
0.066093
0.12899100000000002
0.203351
0.25779199999999997
0.342437
0.393287
0.420834
0.34451299999999996
0.258481
0.171945
0.07081399999999999
0.014505
0.0
0.0
0.0
0.0
0.0
0.0
0.0
0.0
0.0
0.0
0.0
0.024707
0.08744
0.20790199999999998
0.347856
0.472617
0.520629
0.487312
0.41440899999999997
0.32343700000000003
0.219797
0.12216500000000001
0.055497
0.01099
0.0
0.0
0.0
0.0
0.0
0.0
0.0
0.0
0.0
0.0
0.0
0.009343
0.03156
0.086774
0.17147900000000002
0.26125
0.308467
0.32013400000000003
0.30507100000000004
0.201007
0.12509699999999999
0.058186999999999996
0.026783
0.003307
0.0
0.0
0.0
0.0
0.0
0.0
0.0
0.0
0.0
0.0
0.0
0.022756000000000002
0.08326399999999999
0.183048
0.279373
0.351071
0.41901499999999997
0.430713
0.39153699999999997
0.392548
0.31645999999999996
0.206213
0.086483
0.015525
0.0
0.0
0.0
0.0
0.0
0.0
0.0
0.0
0.0
0.0
0.0
0.0225
0.103549
0.237808
0.370908
0.425815
0.504254
0.526709
0.478664
0.401192
0.278786
0.16003399999999998
0.06587900000000001
0.009779999999999999
0.0
0.0
0.0
0.0
0.0
0.0
0.0
0.0
0.0
0.0
0.0
0.020172
0.088654
0.200668
0.31606900000000004
0.39955399999999996
0.436848
0.447992
0.408134
0.40490499999999996
0.32304
0.20333099999999998
0.07911199999999999
0.010538
0.0
0.0
0.0
0.0
0.0
0.0
0.0
0.0
0.0
0.0
0.0
0.01875
0.09764700000000001
0.22584700000000002
0.352155
0.408281
0.43358199999999997
0.375411
0.276225
0.232233
0.176112
0.103241
0.061829999999999996
0.007836000000000001
0.0
0.0
0.0
0.0
0.0
0.0
0.0
0.0
0.0
0.0
0.0
0.013234
0.0717
0.13667400000000002
0.15143500000000001
0.113844
0.12974000000000002
0.13484100000000002
0.12772
0.109486
0.08202200000000001
0.049902999999999996
0.027192
0.001779
0.0
0.0
0.0
0.0
0.0
0.0
0.0
0.0
0.0
0.0
0.0
0.007188
0.049927
0.132344
0.24090299999999998
0.337969
0.43912599999999996
0.496542
0.471862
0.414348
0.32482799999999995
0.177357
0.062384
0.002871
0.0
0.0
0.0
0.0
0.0
0.0
0.0
0.0
0.0
0.0
0.0
0.012834
0.087739
0.21673900000000001
0.338041
0.44427300000000003
0.502059
0.519134
0.49055200000000004
0.434658
0.318987
0.171207
0.061087
0.003263
0.0
0.0
0.0
0.0
0.0
0.0
0.0
0.0
0.0
0.0
0.0
0.007352
0.061078
0.15515299999999999
0.250534
0.322759
0.342932
0.32431099999999996
0.26052
0.17262
0.102483
0.043465000000000004
0.046423
0.002317
0.0
0.0
0.0
0.0
0.0
0.0
0.0
0.0
0.0
0.0
0.0
0.009131
0.080558
0.207268
0.34602
0.451962
0.52719
0.5242060000000001
0.487962
0.401994
0.29970600000000003
0.15964799999999998
0.050789
0.0009609999999999999
0.0
0.0
0.0
0.0
0.0
0.0
0.0
0.0
0.0
0.0
0.0
0.001118
0.02048
0.050125
0.080484
0.105166
0.120715
0.124545
0.11687900000000001
0.09894499999999999
0.07188
0.040924
0.013282
0.0
0.0
0.0
0.0
0.0
0.0
0.0
0.0
0.0
0.0
0.0
0.0
0.002464
0.041057
0.10148
0.174661
0.22839099999999998
0.259517
0.268309
0.250689
0.168004
0.097705
0.040310000000000006
0.012581
0.0
0.0
0.0
0.0
0.0
0.0
0.0
0.0
0.0
0.0
0.0
0.0
0.0
0.018133
0.047692
0.077193
0.101896
0.11633
0.119902
0.111982
0.204024
0.207286
0.122122
0.036482
0.0
0.0
0.0
0.0
0.0
0.0
0.0
0.0
0.0
0.0
0.0
0.0
0.0
0.03569
0.122627
0.24931299999999998
0.374485
0.469126
0.506092
0.47093799999999997
0.398974
0.27268400000000004
0.135241
0.039104
0.0
0.0
0.0
0.0
0.0
0.0
0.0
0.0
0.0
0.0
0.0
0.0
0.002472
0.048714
0.12075100000000001
0.182573
0.214235
0.352999
0.436896
0.453189
0.367744
0.265484
0.131839
0.035664
0.0
0.0
0.0
0.0
0.0
0.0
0.0
0.0
0.0
0.0
0.0
0.0
0.0
0.015676
0.043479
0.073068
0.097009
0.348324
0.46816800000000003
0.45652499999999996
0.380303
0.265975
0.12648099999999998
0.030506000000000002
0.0
0.0
0.0
0.0
0.0
0.0
0.0
0.0
0.0
0.0
0.0
0.0
0.0
0.029884
0.084919
0.150654
0.203322
0.237066
0.245837
0.22850299999999998
0.150608
0.082953
0.030833
0.006878
0.0
0.0
0.0
0.0
0.0
0.0
0.0
0.0
0.0
0.0
0.0
0.0
0.0
0.013325
0.040223999999999996
0.069904
0.09403199999999999
0.108884
0.11201
0.104328
0.085257
0.05885
0.02969
0.00552
0.0
0.0
0.0
0.0
0.0
0.0
0.0
0.0
0.0
0.0
0.0
0.0
0.0
0.036445
0.10635599999999999
0.164219
0.194415
0.226552
0.23391
0.21539599999999998
0.17615
0.11426399999999999
0.056533
0.012021
0.0
0.0
0.0
0.0
0.0
0.0
0.0
0.0
0.0
0.0
0.0
0.0
0.0
0.024664000000000002
0.087333
0.19418100000000002
0.287291
0.303673
0.28691300000000003
0.22399000000000002
0.180107
0.114353
0.055387
0.0108
0.0
0.0
0.0
0.0
0.0
0.0
0.0
0.0
0.0
0.0
0.0
0.0
0.0
0.045005
0.14676499999999998
0.28201600000000004
0.3985
0.46725099999999997
0.471783
0.418588
0.338411
0.207127
0.076181
0.015672000000000002
0.0
0.0
0.0
0.0
0.0
0.0
0.0
0.0
0.0
0.0
0.0
0.0
0.0
0.045585
0.149493
0.282752
0.388458
0.45822399999999996
0.44648899999999997
0.417176
0.337862
0.228427
0.097915
0.013917
0.0
0.0
0.0
0.0
0.0
0.0
0.0
0.0
0.0
0.0
0.0
0.0
0.0
0.029238
0.107424
0.191532
0.27321100000000004
0.29949000000000003
0.25933300000000004
0.209157
0.169574
0.104124
0.047233
0.005214000000000001
0.0
0.0
0.0
0.0
0.0
0.0
0.0
0.0
0.0
0.0
0.0
0.0
0.0
0.008060000000000001
0.094333
0.243884
0.37163999999999997
0.442914
0.44531099999999996
0.411556
0.34174
0.217852
0.088785
0.008992000000000002
0.0
0.0
0.0
0.0
0.0
0.0
0.0
0.0
0.0
0.0
0.0
0.0
0.0
0.007136
0.090974
0.232739
0.37106900000000004
0.410605
0.408985
0.36028899999999997
0.251633
0.133593
0.040976
0.002655
0.0
0.0
0.0
0.0
0.0
0.0
0.0
0.0
0.0
0.0
0.0
0.0
0.0
0.015941
0.064123
0.122431
0.182052
0.21179900000000002
0.218972
0.19959
0.159091
0.094235
0.038553
0.0019039999999999999
0.0
0.0
0.0
0.0
0.0
0.0
0.0
0.0
0.0
0.0
0.0
0.0
0.0
0.014305
0.052081
0.078234
0.07937999999999999
0.130836
0.16606
0.19750700000000002
0.206582
0.149271
0.062681
0.003379
0.0
0.0
0.0
0.0
0.0
0.0
0.0
0.0
0.0
0.0
0.0
0.0
0.0
0.02168
0.107997
0.20726
0.31162799999999996
0.333852
0.281023
0.194565
0.11618200000000001
0.057952
0.015442
0.0
0.0
0.0
0.0
0.0
0.0
0.0
0.0
0.0
0.0
0.0
0.0
0.0
0.0
0.032716999999999996
0.15638300000000002
0.30219799999999997
0.423149
0.49217099999999997
0.506738
0.464703
0.34846499999999997
0.232693
0.090397
0.00409
0.0
0.0
0.0
0.0
0.0
0.0
0.0
0.0
0.0
0.0
0.0
0.0
0.0
0.029507000000000002
0.15363
0.297319
0.415155
0.481627
0.489457
0.404424
0.324913
0.22177000000000002
0.07876000000000001
0.003058
0.0
0.0
0.0
0.0
0.0
0.0
0.0
0.0
0.0
0.0
0.0
0.0
0.0
0.012426999999999999
0.06655
0.136678
0.195089
0.224115
0.23083
0.210125
0.165703
0.10158400000000001
0.035529000000000005
8.599999999999999e-05
0.0
0.0
0.0
0.0
0.0
0.0
0.0
0.0
0.0
0.0
0.0
0.0
0.0
0.022844999999999997
0.14125200000000002
0.293784
0.402839
0.467374
0.478614
0.435557
0.341247
0.213627
0.06911400000000001
0.001129
0.0
0.0
0.0
0.0
0.0
0.0
0.0
0.0
0.0
0.0
0.0
0.0
0.0
0.008706
0.111226
0.269683
0.389881
0.470899
0.485705
0.441837
0.35022000000000003
0.20850200000000002
0.06552200000000001
0.00076
0.0
0.0
0.0
0.0
0.0
0.0
0.0
0.0
0.0
0.0
0.0
0.0
0.0
0.015981
0.12859800000000002
0.271792
0.384946
0.45333300000000004
0.467783
0.427782
0.33399599999999996
0.19738999999999998
0.058378
0.000273
0.0
0.0
0.0
0.0
0.0
0.0
0.0
0.0
0.0
0.0
0.0
0.0
0.0
0.013938
0.124985
0.27166500000000005
0.363522
0.45638799999999996
0.467709
0.42389499999999997
0.32837700000000003
0.19131499999999999
0.054469000000000004
0.0
0.0
0.0
0.0
0.0
0.0
0.0
0.0
0.0
0.0
0.0
0.0
0.0
0.0
0.009477000000000001
0.121893
0.18492599999999998
0.175253
0.20855600000000002
0.214254
0.18828899999999998
0.15034899999999998
0.085532
0.022606
0.0
0.0
0.0
0.0
0.0
0.0
0.0
0.0
0.0
0.0
0.0
0.0
0.0
0.0
0.0
0.032168
0.091458
0.172713
0.151729
0.12312300000000001
0.078497
0.083997
0.06153
0.019829999999999997
0.0
0.0
0.0
0.0
0.0
0.0
0.0
0.0
0.0
0.0
0.0
0.0
0.0
0.0
0.0
0.021024
0.047618
0.069875
0.08269
0.08525
0.076666
0.057845999999999995
0.032344
0.006798
0.0
0.0
0.0
0.0
0.0
0.0
0.0
0.0
0.0
0.0
0.0
0.0
0.0
0.0
0.0
0.020146999999999998
0.045769
0.067885
0.080754
0.08337699999999999
0.073919
0.055959
0.030486999999999997
0.005853
0.0
0.0
0.0
0.0
0.0
0.0
0.0
0.0
0.0
0.0
0.0
0.0
0.0
0.0
0.0
0.018789999999999998
0.045341
0.066634
0.079349
0.081808
0.072198
0.07588299999999999
0.052474
0.012556
0.0
0.0
0.0
0.0
0.0
0.0
0.0
0.0
0.0
0.0
0.0
0.0
0.0
0.0
0.0
0.025135
0.07998000000000001
0.158272
0.184679
0.190001
0.170304
0.130459
0.062189999999999995
0.009885
0.0
0.0
0.0
0.0
0.0
0.0
0.0
0.0
0.0
0.0
0.0
0.0
0.0
0.0
0.00377
0.09173
0.18985300000000002
0.155978
0.137833
0.110696
0.07026099999999999
0.051272
0.025809000000000002
0.0023450000000000003
0.0
0.0
0.0
0.0
0.0
0.0
0.0
0.0
0.0
0.0
0.0
0.0
0.0
0.0
0.0
0.02273
0.069524
0.130963
0.171309
0.180459
0.167023
0.17025800000000002
0.11336700000000001
0.013506
0.0
0.0
0.0
0.0
0.0
0.0
0.0
0.0
0.0
0.0
0.0
0.0
0.0
0.0
0.0
0.034023000000000005
0.096774
0.14852
0.18382300000000001
0.189332
0.167569
0.118754
0.05855
0.004495
0.0
0.0
0.0
0.0
0.0
0.0
0.0
0.0
0.0
0.0
0.0
0.0
0.0
0.0
0.0
0.031904
0.09526699999999999
0.159535
0.14257499999999998
0.10581399999999999
0.065584
0.065592
0.041110999999999995
0.004011
0.0
0.0
0.0
0.0
0.0
0.0
0.0
0.0
0.0
0.0
0.0
0.0
0.0
0.0
0.0
0.017645
0.068388
0.142787
0.17094399999999998
0.175567
0.153607
0.14246
0.068998
0.005241
0.0
0.0
0.0
0.0
0.0
0.0
0.0
0.0
0.0
0.0
0.0
0.0
0.0
0.0
0.0
0.017151
0.067342
0.14289500000000002
0.127835
0.102506
0.063369
0.12110800000000001
0.08490900000000001
0.0060220000000000004
0.0
0.0
0.0
0.0
0.0
0.0
0.0
0.0
0.0
0.0
0.0
0.0
0.0
0.0
0.0
0.02426
0.08537099999999999
0.14635499999999999
0.125321
0.09874200000000001
0.060141
0.060057
0.034266
0.0016040000000000002
0.0
0.0
0.0
0.0
0.0
0.0
0.0
0.0
0.0
0.0
0.0
0.0
0.0
0.0
0.0
0.050582999999999996
0.104345
0.135696
0.225022
0.294016
0.306002
0.216881
0.11515600000000001
0.004360999999999999
0.0
0.0
0.0
0.0
0.0
0.0
0.0
0.0
0.0
0.0
0.0
0.0
0.0
0.0
0.0
0.008467
0.031573000000000004
0.052588
0.06483799999999999
0.066438
0.056574
0.038087
0.015498
0.0
0.0
0.0
0.0
0.0
0.0
0.0
0.0
0.0
0.0
0.0
0.0
0.0
0.0
0.0
0.0
0.006457
0.028793
0.048436
0.060513
0.062235
0.0536
0.035529000000000005
0.013548
0.0
0.0
0.0
0.0
0.0
0.0
0.0
0.0
0.0
0.0
0.0
0.0
0.0
0.0
0.0
0.0
0.044793
0.187167
0.306244
0.371563
0.373002
0.327389
0.23014300000000001
0.097372
0.001694
0.0
0.0
0.0
0.0
0.0
0.0
0.0
0.0
0.0
0.0
0.0
0.0
0.0
0.0
0.0
0.004844
0.026914999999999998
0.046876
0.059105
0.060783000000000004
0.05096
0.033485
0.011344
0.0
0.0
0.0
0.0
0.0
0.0
0.0
0.0
0.0
0.0
0.0
0.0
0.0
0.0
0.0
0.0
0.003779
0.025114
0.045124000000000004
0.057449
0.059213
0.050379
0.031942
0.010587
0.0
0.0
0.0
0.0
0.0
0.0
0.0
0.0
0.0
0.0
0.0
0.0
0.0
0.0
0.0
0.0
0.009525
0.07481600000000001
0.124848
0.14202
0.14654
0.125329
0.11587900000000001
0.048421
0.0
0.0
0.0
0.0
0.0
0.0
0.0
0.0
0.0
0.0
0.0
0.0
0.0
0.0
0.0
0.0
0.005887
0.034210000000000004
0.043149
0.055765
0.057668
0.047797
0.030008
0.008357
0.0
0.0
0.0
0.0
0.0
0.0
0.0
0.0
0.0
0.0
0.0
0.0
0.0
0.0
0.0
0.0
0.002617
0.044268999999999996
0.110842
0.13881200000000002
0.141859
0.119702
0.078994
0.018703
0.0
0.0
0.0
0.0
0.0
0.0
0.0
0.0
0.0
0.0
0.0
0.0
0.0
0.0
0.0
0.0
0.000646
0.020464
0.040318
0.051768999999999996
0.053524999999999996
0.044646
0.027106
0.0063609999999999995
0.0
0.0
0.0
0.0
0.0
0.0
0.0
0.0
0.0
0.0
0.0
0.0
0.0
0.0
0.0
0.0
0.000163
0.019671
0.038702
0.07298099999999999
0.110989
0.114539
0.069591
0.01436
0.0
0.0
0.0
0.0
0.0
0.0
0.0
0.0
0.0
0.0
0.0
0.0
0.0
0.0
0.0
0.0
0.001089
0.03583
0.100611
0.126693
0.131169
0.10941200000000001
0.065235
0.011552
0.0
0.0
0.0
0.0
0.0
0.0
0.0
0.0
0.0
0.0
0.0
0.0
0.0
0.0
0.0
0.0
0.008843
0.095457
0.267442
0.340526
0.346051
0.29637
0.179087
0.045401000000000004
0.0
0.0
0.0
0.0
0.0
0.0
0.0
0.0
0.0
0.0
0.0
0.0
0.0
0.0
0.0
0.0
0.005558
0.086398
0.25673399999999996
0.33404700000000004
0.341325
0.291116
0.173488
0.031345
0.0
0.0
0.0
0.0
0.0
0.0
0.0
0.0
0.0
0.0
0.0
0.0
0.0
0.0
0.0
0.0
0.005593
0.085244
0.24971100000000002
0.324985
0.333482
0.28162099999999995
0.16879
0.035006999999999996
0.0
0.0
0.0
0.0
0.0
0.0
0.0
0.0
0.0
0.0
0.0
0.0
0.0
0.0
0.0
0.0
0.004328
0.066348
0.095181
0.101096
0.070002
0.038636000000000004
0.021199000000000003
0.001314
0.0
0.0
0.0
0.0
0.0
0.0
0.0
0.0
0.0
0.0
0.0
0.0
0.0
0.0
0.0
0.0
0.0
0.013452
0.031797
0.043739
0.045627
0.036432
0.019356
0.000778
0.0
0.0
0.0
0.0
0.0
0.0
0.0
0.0
0.0
0.0
0.0
0.0
0.0
0.0
0.0
0.0
0.0
0.011628
0.029562
0.041259
0.043051
0.033928
0.018126999999999997
0.00021799999999999999
0.0
0.0
0.0
0.0
0.0
0.0
0.0
0.0
0.0
0.0
0.0
0.0
0.0
0.0
0.0
0.0
0.0
0.010596999999999999
0.028416
0.039021
0.040714
0.032612
0.016177
0.000127
0.0
0.0
0.0
0.0
0.0
0.0
0.0
0.0
0.0
0.0
0.0
0.0
0.0
0.0
0.0
0.0
0.0
0.009538
0.026323
0.037888
0.038729
0.030781
0.015375
0.0
0.0
0.0
0.0
0.0
0.0
0.0
0.0
0.0
0.0
0.0
0.0
0.0
0.0
0.0
0.0
0.0
0.0
0.008721999999999999
0.025824000000000003
0.036549
0.038376
0.030274000000000002
0.014664
0.0
0.0
0.0
0.0
0.0
0.0
0.0
0.0
0.0
0.0
0.0
0.0
0.0
0.0
0.0
0.0
0.0
0.0
0.007757
0.025068999999999998
0.035861
0.037696
0.029568999999999998
0.013873
0.0
0.0
0.0
0.0
0.0
0.0
0.0
0.0
0.0
0.0
0.0
0.0
0.0
0.0
0.0
0.0
0.0
0.0
0.006723
0.023283
0.035003
0.036772
0.027646
0.012925
0.0
0.0
0.0
0.0
0.0
0.0
0.0
0.0
0.0
0.0
0.0
0.0
0.0
0.0
0.0
0.0
0.0
0.0
0.005533000000000001
0.022271
0.032996000000000004
0.034784999999999996
0.026666
0.011942
0.0
0.0
0.0
0.0
0.0
0.0
0.0
0.0
0.0
0.0
0.0
0.0
0.0
0.0
0.0
0.0
0.0
0.0
0.004307
0.021440999999999998
0.032218000000000004
0.034022
0.02589
0.01109
0.0
0.0
0.0
0.0
0.0
0.0
0.0
0.0
0.0
0.0
0.0
0.0
0.0
0.0
0.0
0.0
0.0
0.0
0.0029950000000000003
0.019537
0.030202000000000003
0.031959
0.024820000000000002
0.009380000000000001
0.0
0.0
0.0
0.0
0.0
0.0
0.0
0.0
0.0
0.0
0.0
0.0
0.0
0.0
0.0
0.0
0.0
0.0
0.007178
0.074022
0.06639199999999999
0.045981
0.023143
0.008490000000000001
0.0
0.0
0.0
0.0
0.0
0.0
0.0
0.0
0.0
0.0
0.0
0.0
0.0
0.0
0.0
0.0
0.0
0.0
0.002215
0.018182
0.044073
0.07062
0.071076
0.018248999999999998
0.0
0.0
0.0
0.0
0.0
0.0
0.0
0.0
0.0
0.0
0.0
0.0
0.0
0.0
0.0
0.0
0.0
0.0
0.007864
0.081792
0.081432
0.088269
0.071007
0.025553999999999997
0.0
0.0
0.0
0.0
0.0
0.0
0.0
0.0
0.0
0.0
0.0
0.0
0.0
0.0
0.0
0.0
0.0
0.0
0.001297
0.016711
0.027692
0.029539000000000003
0.021175999999999997
0.0063869999999999994
0.0
0.0
0.0
0.0
0.0
0.0
0.0
0.0
0.0
0.0
0.0
0.0
0.0
0.0
0.0
0.0
0.0
0.0
0.0008060000000000001
0.015101000000000002
0.038825000000000005
0.065175
0.06502200000000001
0.012801
0.0
0.0
0.0
0.0
0.0
0.0
0.0
0.0
0.0
0.0
0.0
0.0
0.0
0.0
0.0
0.0
0.0
0.0
0.000837
0.014311
0.025162
0.027077
0.019643
0.00475
0.0
0.0
0.0
0.0
0.0
0.0
0.0
0.0
0.0
0.0
0.0
0.0
0.0
0.0
0.0
0.0
0.0
0.0
0.00028399999999999996
0.013179999999999999
0.023836
0.025632000000000002
0.018244
0.0033290000000000004
0.0
0.0
0.0
0.0
0.0
0.0
0.0
0.0
0.0
0.0
0.0
0.0
0.0
0.0
0.0
0.0
0.0
0.0
0.0
0.01225
0.021911999999999997
0.024728999999999998
0.017326
0.002727
0.0
0.0
0.0
0.0
0.0
0.0
0.0
0.0
0.0
0.0
0.0
0.0
0.0
0.0
0.0
0.0
0.0
0.0
0.001371
0.050722
0.04912
0.035603
0.016413
0.002706
0.0
0.0
0.0
0.0
0.0
0.0
0.0
0.0
0.0
0.0
0.0
0.0
0.0
0.0
0.0
0.0
0.0
0.0
0.0
0.010395
0.020111
0.021915
0.015618
0.002232
0.0
0.0
0.0
0.0
0.0
0.0
0.0
0.0
0.0
0.0
0.0
0.0
0.0
0.0
0.0
0.0
0.0
0.0
0.0
0.009491
0.019305
0.022170000000000002
0.014905
0.001788
0.0
0.0
0.0
0.0
0.0
0.0
0.0
0.0
0.0
0.0
0.0
0.0
0.0
0.0
0.0
0.0
0.0
0.0
0.003032
0.070259
0.14846399999999998
0.114548
0.014194
0.005939
0.0
0.0
0.0
0.0
0.0
0.0
0.0
0.0
0.0
0.0
0.0
0.0
0.0
0.0
0.0
0.0
0.0
0.0
0.0
0.007515
0.017477
0.020272
0.013144
0.0012749999999999999
0.0
0.0
0.0
0.0
0.0
0.0
0.0
0.0
0.0
0.0
0.0
0.0
0.0
0.0
0.0
0.0
0.0
0.0
0.0
0.034082999999999995
0.064452
0.045677
0.023094999999999997
0.002722
0.0
0.0
0.0
0.0
0.0
0.0
0.0
0.0
0.0
0.0
0.0
0.0
0.0
0.0
0.0
0.0
0.0
0.0
0.0
0.031932
0.048648000000000004
0.029210999999999997
0.012107
0.000766
0.0
0.0
0.0
0.0
0.0
0.0
0.0
0.0
0.0
0.0
0.0
0.0
0.0
0.0
0.0
0.0
0.0
0.0
0.000372
0.049335000000000004
0.103823
0.127735
0.049198
0.005418999999999999
0.0
0.0
0.0
0.0
0.0
0.0
0.0
0.0
0.0
0.0
0.0
0.0
0.0
0.0
0.0
0.0
0.0
0.0
0.0
0.004515
0.014688000000000001
0.016409
0.010279
0.000225
0.0
0.0
0.0
0.0
0.0
0.0
0.0
0.0
0.0
0.0
0.0
0.0
0.0
0.0
0.0
0.0
0.0
0.0
0.0
0.0033599999999999997
0.013810000000000001
0.015573
0.01013
0.00033400000000000004
0.0
0.0
0.0
0.0
0.0
0.0
0.0
0.0
0.0
0.0
0.0
0.0
0.0
0.0
0.0
0.0
0.0
0.0
0.0
0.003242
0.013079
0.015615
0.009353
0.000363
0.0
0.0
0.0
0.0
0.0
0.0
0.0
0.0
0.0
0.0
0.0
0.0
0.0
0.0
0.0
0.0
0.0
0.0
0.0
0.002832
0.013196
0.015042999999999999
0.009374
0.0
0.0
0.0
0.0
0.0
0.0
0.0
0.0
0.0
0.0
0.0
0.0
0.0
0.0
0.0
0.0
0.0
0.0
0.0
0.0
0.0029
0.012502000000000001
0.015163
0.009345000000000001
0.0
0.0
0.0
0.0
0.0
0.0
0.0
0.0
0.0
0.0
0.0
0.0
0.0
0.0
0.0
0.0
0.0
0.0
0.0
0.0
0.002381
0.012346
0.015012000000000001
0.008416
0.0
0.0
0.0
0.0
0.0
0.0
0.0
0.0
0.0
0.0
0.0
0.0
0.0
0.0
0.0
0.0
0.0
0.0
0.0
0.0
0.035953000000000006
0.09125
0.144783
0.12676
0.00683
0.0
0.0
0.0
0.0
0.0
0.0
0.0
0.0
0.0
0.0
0.0
0.0
0.0
0.0
0.0
0.0
0.0
0.0
0.0
0.009653
0.063217
0.043625
0.026466
0.003227
0.0
0.0
0.0
0.0
0.0
0.0
0.0
0.0
0.0
0.0
0.0
0.0
0.0
0.0
0.0
0.0
0.0
0.0
0.0
0.030704000000000002
0.08351
0.120372
0.038658
0.002025
0.0
0.0
0.0
0.0
0.0
0.0
0.0
0.0
0.0
0.0
0.0
0.0
0.0
0.0
0.0
0.0
0.0
0.0
0.0
0.0079
0.035012999999999996
0.020725999999999998
0.007248
0.0
0.0
0.0
0.0
0.0
0.0
0.0
0.0
0.0
0.0
0.0
0.0
0.0
0.0
0.0
0.0
0.0
0.0
0.0
0.0
0.00694
0.056619
0.07611799999999999
0.032909
0.003522
0.0
0.0
0.0
0.0
0.0
0.0
0.0
0.0
0.0
0.0
0.0
0.0
0.0
0.0
0.0
0.0
0.0
0.0
0.0
0.0013779999999999999
0.009385
0.012263999999999999
0.006068
0.0
0.0
0.0
0.0
0.0
0.0
0.0
0.0
0.0
0.0
0.0
0.0
0.0
0.0
0.0
0.0
0.0
0.0
0.0
0.0
0.000853
0.009231999999999999
0.011477000000000001
0.005969
0.0
0.0
0.0
0.0
0.0
0.0
0.0
0.0
0.0
0.0
0.0
0.0
0.0
0.0
0.0
0.0
0.0
0.0
0.0
0.0
0.0007199999999999999
0.00808
0.010981
0.00553
0.0
0.0
0.0
0.0
0.0
0.0
0.0
0.0
0.0
0.0
0.0
0.0
0.0
0.0
0.0
0.0
0.0
0.0
0.0
0.0
0.017232
0.066087
0.08695099999999999
0.088629
0.003842
0.0
0.0
0.0
0.0
0.0
0.0
0.0
0.0
0.0
0.0
0.0
0.0
0.0
0.0
0.0
0.0
0.0
0.0
0.0
0.000266
0.007956000000000001
0.010291
0.005441
0.0
0.0
0.0
0.0
0.0
0.0
0.0
0.0
0.0
0.0
0.0
0.0
0.0
0.0
0.0
0.0
0.0
0.0
0.0
0.0
0.000179
0.007018
0.010054
0.004698000000000001
0.0
0.0
0.0
0.0
0.0
0.0
0.0
0.0
0.0
0.0
0.0
0.0
0.0
0.0
0.0
0.0
0.0
0.0
0.0
0.0
0.007463
0.052493000000000005
0.047137
0.027382999999999998
0.000323
0.0
0.0
0.0
0.0
0.0
0.0
0.0
0.0
0.0
0.0
0.0
0.0
0.0
0.0
0.0
0.0
0.0
0.0
0.0
0.00041999999999999996
0.028665
0.073103
0.078789
0.004081
0.0
0.0
0.0
0.0
0.0
0.0
0.0
0.0
0.0
0.0
0.0
0.0
0.0
0.0
0.0
0.0
0.0
0.0
0.0
0.009579
0.068823
0.09556300000000001
0.108811
0.004901
0.0
0.0
0.0
0.0
0.0
0.0
0.0
0.0
0.0
0.0
0.0
0.0
0.0
0.0
0.0
0.0
0.0
0.0
0.0
0.009756
0.069691
0.095849
0.110307
0.004954
0.0
0.0
0.0
0.0
0.0
0.0
0.0
0.0
0.0
0.0
0.0
0.0
0.0
0.0
0.0
0.0
0.0
0.0
0.0
0.007554
0.06442300000000001
0.091399
0.109638
0.004865
0.0
0.0
0.0
0.0
0.0
0.0
0.0
0.0
0.0
0.0
0.0
0.0
0.0
0.0
0.0
0.0
0.0
0.0
0.0
0.0069619999999999994
0.059768
0.085125
0.086772
0.00475
0.0
0.0
0.0
0.0
0.0
0.0
0.0
0.0
0.0
0.0
0.0
0.0
0.0
0.0
0.0
0.0
0.0
0.0
0.0
0.001407
0.025248
0.064785
0.050524
0.001869
0.0
0.0
0.0
0.0
0.0
0.0
0.0
0.0
0.0
0.0
0.0
0.0
0.0
0.0
0.0
0.0
0.0
0.0
0.0
0.0
0.006993
0.010275000000000001
0.005835
0.0
0.0
0.0
0.0
0.0
0.0
0.0
0.0
0.0
0.0
0.0
0.0
0.0
0.0
0.0
0.0
0.0
0.0
0.0
0.0
0.0
0.007283
0.011325
0.006178
0.0
0.0
0.0
0.0
0.0
0.0
0.0
0.0
0.0
0.0
0.0
0.0
0.0
0.0
0.0
0.0
0.0
0.0
0.0
0.0
0.0
0.007064
0.011013
0.006076
0.0
0.0
0.0
0.0
0.0
0.0
0.0
0.0
0.0
0.0
0.0
0.0
0.0
0.0
0.0
0.0
0.0
0.0
0.0
0.0
0.0
0.007167
0.011103
0.0068920000000000006
0.000345
0.0
0.0
0.0
0.0
0.0
0.0
0.0
0.0
0.0
0.0
0.0
0.0
0.0
0.0
0.0
0.0
0.0
0.0
0.0
0.0
0.007297
0.011202
0.0070940000000000005
0.00035499999999999996
0.0
0.0
0.0
0.0
0.0
0.0
0.0
0.0
0.0
0.0
0.0
0.0
0.0
0.0
0.0
0.0
0.0
0.0
0.0
0.00035499999999999996
0.008084
0.012022
0.0072889999999999995
0.000363
0.0
0.0
0.0
0.0
0.0
0.0
0.0
0.0
0.0
