0.0
0.0
0.0
0.0
0.0
0.0
0.0
0.0
0.01029220113560343
0.06630967657507353
0.1710362640588957
0.2611775604006587
0.39595407870544475
0.5304978032912978
0.1131300801729431
0.31428426474135235
0.01702792596663067
0.0
0.0
0.0
0.0
0.0
0.0
0.0
0.0
0.0
0.0
0.0
0.0
0.0
0.0
0.0
0.04089862789051328
0.2029154097589214
0.3447853395942633
0.31938719394008824
0.4846913910306497
0.20399759398449815
0.43464286549031955
0.30337014753911024
0.014652410498977772
0.007326205249488886
0.0
0.0
0.0
0.0
0.0
0.0
0.0
0.0
0.0
0.0
0.0
0.0
0.0
0.0
0.0
0.00025998130654570327
0.0073304533100533595
0.021805294877436193
0.04062505279016127
0.03115527617983967
0.015577638089919835
0.0
0.0
0.0
0.0
0.0
0.0
0.0
0.0
0.0
0.0
0.0
0.0
0.0
0.0
0.0
0.0
0.0016473978869023485
0.003294795773804697
0.024128984006202524
0.019931050556391022
0.02715785118867126
0.045725274303866685
0.017558982882551786
0.03318499951754452
0.029328610137116594
0.023627712859594797
0.004138460601908892
0.0
0.0
0.0
0.0
0.0
0.0
0.0
0.0
0.0
0.0
0.0
0.0
0.0
0.0
0.0065473357449705675
0.1576361818143243
0.34396631351743306
0.49138930812265313
0.4940371242724887
0.49668494042232425
0.4222138898907866
0.2918230693127617
0.14591153465638085
0.0
0.0
0.0
0.0
0.0
0.0
0.0
0.0
0.0
0.0
0.0
0.0
0.0
0.0
0.0
0.009265020091114034
0.04825754632027509
0.32230460308707604
0.42930177894260857
0.536298954798141
0.5165879537789898
0.4840197726554067
0.36858127565221116
0.04811094469612041
0.0
0.0
0.0
0.0
0.0
0.0
0.0
0.0
0.0
0.0
0.0
0.0
0.0
0.0
0.0
0.010195393699462492
0.14722588459502856
0.3202544890586617
0.4758482033535878
0.5370474630696012
0.5242540038736364
0.437392210287646
0.30952558729703056
0.0791863977581019
0.0
0.0
0.0
0.0
0.0
0.0
0.0
0.0
0.0
0.0
0.0
0.0
0.0
0.0
0.0
0.07487758992755768
0.06823609812818528
0.297857864150651
0.3261890296672295
0.366582563156627
0.42475677894467967
0.1846156047107747
0.367649251164366
0.10344707164180306
0.007231898304957603
0.0
0.0
0.0
0.0
0.0
0.0
0.0
0.0
0.0
0.0
0.0
0.0
0.0
0.0
0.004265912501685039
0.08385161787000536
0.1847311617066414
0.28561070554327744
0.2627187567734492
0.31959434044694274
0.30653537746569853
0.2934764144844542
0.11759311332149573
0.0
0.0
0.0
0.0
0.0
0.0
0.0
0.0
0.0
0.0
0.0
0.0
0.0
0.0
0.0
0.004404117946924822
0.06496559021247451
0.17767343388482715
0.15743512244082813
0.3701216224128889
0.425326019060319
0.43870316177784213
0.3486910064772391
0.17434550323861955
0.0
0.0
0.0
0.0
0.0
0.0
0.0
0.0
0.0
0.0
0.0
0.0
0.0
0.0
0.0
0.005400134589557157
0.05401663891360368
0.17145129957604463
0.28888596023848556
0.4198511186048271
0.44989340291677504
0.4336547666030234
0.21431608442464473
0.11386756420645357
0.0
0.0
0.0
0.0
0.0
0.0
0.0
0.0
0.0
0.0
0.0
0.0
0.0
0.0
0.0
0.00867114122420081
0.11215941905347925
0.21564769688275767
0.3495355209174562
0.4570275958287498
0.5249974144724192
0.25506439919721063
0.3317522897824624
0.10422276750087571
0.0
0.0
0.0
0.0
0.0
0.0
0.0
0.0
0.0
0.0
0.0
0.0
0.0
0.0
0.0
0.01625223010755803
0.0684328572451968
0.11511649401240841
0.25842311793065487
0.20724800672862667
0.0819685581987426
0.3666976855979242
0.24571079669147156
0.1247239077850189
0.0
0.0
0.0
0.0
0.0
0.0
0.0
0.0
0.0
0.0
0.0
0.0
0.0
0.0
0.0
0.0
0.009402338645714476
0.041287750238218936
0.056082895572162984
0.11002476861983194
0.21625262070713858
0.27701263096078554
0.08119875035094556
0.0821453206384569
0.0
0.0
0.0
0.0
0.0
0.0
0.0
0.0
0.0
0.0
0.0
0.0
0.0
0.0
0.0
0.0027268300763347536
0.005453660152669507
0.031560541157690324
0.05138199175151797
0.0712034423453456
0.0685365099229699
0.06586957750059422
0.07311676882358391
0.04192580893500268
0.02096290446750134
0.0
0.0
0.0
0.0
0.0
0.0
0.0
0.0
0.0
0.0
0.0
0.0
0.0
0.0
0.0
0.012628634446063183
0.025198645656336643
0.05861813811704004
0.09203763057774343
0.09789358206586847
0.1037495335539935
0.07032664264483852
0.03691309746892539
0.018456548734462695
0.0
0.0
0.0
0.0
0.0
0.0
0.0
0.0
0.0
0.0
0.0
0.0
0.0
0.0
0.000113848023127857
0.019801909515231066
0.024279365350184844
0.01825310138855111
0.027719019989238047
0.02668121879333747
0.019586957650668767
0.014446804367657317
0.007220853347489975
0.0
0.0
0.0
0.0
0.0
0.0
0.0
0.0
0.0
0.0
0.0
0.0
0.0
0.0
0.0
0.003333028318884948
0.04524014578740394
0.10122533596658406
0.15484095796290157
0.21654658649820005
0.4447999782999728
0.4588474649745697
0.29264167058353546
0.12643587619250124
0.06321793809625062
0.0
0.0
0.0
0.0
0.0
0.0
0.0
0.0
0.0
0.0
0.0
0.0
0.0
0.0
0.004489095725620445
0.09746495275491321
0.19454842967113684
0.26634745010762145
0.3973584875280593
0.328985952742878
0.48164340757564084
0.36591264400560974
0.13847572944432857
0.0
0.0
0.0
0.0
0.0
0.0
0.0
0.0
0.0
0.0
0.0
0.0
0.0
0.0
0.0
0.005276940833187462
0.04154688193265175
0.028014953180732705
0.13322852503509242
0.275527508987446
0.3618999259964092
0.4482723430053724
0.3351881211670076
0.1300450284480769
0.06502251422403844
0.0
0.0
0.0
0.0
0.0
0.0
0.0
0.0
0.0
0.0
0.0
0.0
0.0
0.0
0.0013789204592277008
0.04097339375644799
0.04208808484856552
0.034396546390532017
0.12805948494024255
0.3960050554322184
0.2385727805249888
0.05150966077291066
0.038711726311922955
0.0
0.0
0.0
0.0
0.0
0.0
0.0
0.0
0.0
0.0
0.0
0.0
0.0
0.0
0.0
0.02073563322730207
0.04406300820498868
0.06739038318267529
0.10315055701440291
0.14536268523145102
0.1875748134484991
0.14742979150212324
0.1772027487742836
0.08660945878846076
0.015240342081100736
0.0
0.0
0.0
0.0
0.0
0.0
0.0
0.0
0.0
0.0
0.0
0.0
0.0
0.0
0.010158387227822554
0.020316774455645108
0.042827247386783694
0.07807170666598438
0.07611844841844002
0.03903882697538732
0.054379423285809594
0.08218807735295802
0.025742397408589097
0.0020203074940914924
0.0
0.0
0.0
0.0
0.0
0.0
0.0
0.0
0.0
0.0
0.0
0.0
0.0
0.0
0.042077889503210786
0.08415577900642157
0.15393612106266893
0.28457332915343325
0.446182297207652
0.4603555264749573
0.47452875574226266
0.37998391981936774
0.16587487047306185
0.0
0.0
0.0
0.0
0.0
0.0
0.0
0.0
0.0
0.0
0.0
0.0
0.0
0.0
0.0027565665002860598
0.0031233515008517606
0.036047342725885945
0.10532471441129983
0.14667873439432452
0.3505036539200994
0.5543285734458743
0.3347252459944048
0.3123097661909857
0.13941115238062535
0.0
0.0
0.0
0.0
0.0
0.0
0.0
0.0
0.0
0.0
0.0
0.0
0.0
0.0
0.0
0.02021397138998488
0.11943082432168646
0.22641907925003366
0.4029846189396464
0.5265768433902899
0.5475648114151217
0.4740402287773483
0.3150374458794333
0.15603466298151825
0.0
0.0
0.0
0.0
0.0
0.0
0.0
0.0
0.0
0.0
0.0
0.0
0.0
0.0
0.0
0.016764842598841943
0.12607309182029533
0.2831213420524966
0.414241129823385
0.24871139100596562
0.3585506203986452
0.4676324542218985
0.30958548495098964
0.1515385156800808
0.0
0.0
0.0
0.0
0.0
0.0
0.0
0.0
0.0
0.0
0.0
0.0
0.0
0.0
0.0
0.0198732769327142
0.13547447465552886
0.25107567237834355
0.34937154577966756
0.46025357302140996
0.545549531483336
0.4615076005000422
0.35807497226415835
0.10841799438099971
0.0
0.0
0.0
0.0
0.0
0.0
0.0
0.0
0.0
0.0
0.0
0.0
0.0
0.0
0.0
0.008489650728973407
0.1445844405360397
0.2905435534707426
0.4353828776406506
0.5422581341579829
0.5428885463457506
0.2967155489247895
0.35327381421419185
0.1613770239473986
0.0806885119736993
0.0
0.0
0.0
0.0
0.0
0.0
0.0
0.0
0.0
0.0
0.0
0.0
0.0
0.0
0.001372123562324545
0.017710164493284917
0.024814620981308353
0.06989673891571394
0.02520941865780665
0.06914228335946365
0.07106835401939539
0.07299442467932712
0.06051107390456888
0.00933468828437138
0.0
0.0
0.0
0.0
0.0
0.0
0.0
0.0
0.0
0.0
0.0
0.0
0.0
0.0
0.00018266660427230787
0.00861591643686267
0.0033440732763525757
0.06800380312818509
0.2019341077685283
0.3358644124088715
0.0902661893223585
0.10577373441296453
0.12128127950357057
0.025558031580091
0.0
0.0
0.0
0.0
0.0
0.0
0.0
0.0
0.0
0.0
0.0
0.0
0.0
0.0
0.0033661631912878316
0.016340876799190274
0.1624985119364193
0.30086039335762
0.32495114481874227
0.37734392484114293
0.2163962051542177
0.052090064181762215
0.09438171039721922
0.0011308337222625197
0.0
0.0
0.0
0.0
0.0
0.0
0.0
0.0
0.0
0.0
0.0
0.0
0.0
0.0
0.020229264408016975
0.10198064113494724
0.280429770878847
0.40843233180752564
0.49499591154189015
0.5059257465682209
0.5168555815945515
0.3893670359941741
0.19255439004217353
0.0
0.0
0.0
0.0
0.0
0.0
0.0
0.0
0.0
0.0
0.0
0.0
0.0
0.0
0.0054009842016700515
0.010801968403340103
0.10224104724754939
0.12146303157709666
0.24169383062170657
0.2897075351516545
0.09867395079156202
0.049071896416557945
0.026684617241789044
0.007157982051135785
5.947284790261186e-06
0.0
0.0
0.0
0.0
0.0
0.0
0.0
0.0
0.0
0.0
0.0
0.0
0.0
0.0
0.0
0.014651985692921327
0.10202864421932578
0.20060531442396137
0.30318493209849917
0.15444503871829274
0.09828397883174346
0.08743103370162969
0.04904810727739689
0.0192759996173494
0.0
0.0
0.0
0.0
0.0
0.0
0.0
0.0
0.0
0.0
0.0
0.0
0.0
0.0
0.0014366940829045236
0.014568298899801222
0.01443533460413324
0.014302370308465257
0.02482821477511466
0.0
0.0062336040723066175
0.003499589028423347
0.0
0.001271019720890105
0.0
0.0
0.0
0.0
0.0
0.0
0.0
0.0
0.0
0.0
0.0
0.0
0.0
0.0
0.004272274509689767
0.008544549019379535
0.012346563224582222
0.019425531349218823
0.03386468920786009
0.053099482637734105
0.04277627066001003
0.036266542651012715
0.010437484806908382
0.0030543555458555664
0.0
0.0
0.0
0.0
0.0
0.0
0.0
0.0
0.0
0.0
0.0
0.0
0.0
0.0
0.007247191322989702
0.0370957640731977
0.05379404054002532
0.05858330402041137
0.027750567211406486
0.12132702900388424
0.2547451470939347
0.1898577211958465
0.11800262635991086
0.0507490307274116
0.0
0.0
0.0
0.0
0.0
0.0
0.0
0.0
0.0
0.0
0.0
0.0
0.0
0.0
0.024923371331758842
0.08450936421059888
0.2776133067246019
0.40144597140319455
0.48878439738451873
0.542972657944927
0.5243873929753609
0.37150946379930194
0.21863153462324306
0.0
0.0
0.0
0.0
0.0
0.0
0.0
0.0
0.0
0.0
0.0
0.0
0.0
0.0
0.017162164680467995
0.03432432936093599
0.1394714216180405
0.18138751486484614
0.4347822018768343
0.32919022129853603
0.5595146057829821
0.4822891127814406
0.3745090193638759
0.18725450968193794
0.09773682863103944
0.0
0.0
0.0
0.0
0.0
0.0
0.0
0.0
0.0
0.0
0.0
0.0
0.0
0.02125347181011124
0.02450536217221477
0.04901072434442954
0.06207436019229468
0.07513799604015983
0.060605380849100166
0.0496904140347451
0.010963591014887248
0.0033797569850941432
0.0016898784925470716
0.0
0.0
0.0
0.0
0.0
0.0
0.0
0.0
0.0
0.0
0.0
0.0
0.0
0.0
0.0
0.0
0.008223820446761879
0.010637946833844647
0.015386900170575032
0.010078830022106609
0.022699936432314053
0.0310737134170018
0.03675082155536256
0.01997735441654377
0.0032038872777249905
0.0
0.0
0.0
0.0
0.0
0.0
0.0
0.0
0.0
0.0
0.0
0.0
0.0
0.0
0.016705073363730776
0.04494533038422958
0.05835730719838144
0.06908196089944815
0.11251753055906427
0.08516596780865307
0.08121782032003254
0.03879735214562191
0.03103309125330345
0.01746887465322289
0.0
0.0
0.0
0.0
0.0
0.0
0.0
0.0
0.0
0.0
0.0
0.0
0.0
0.025467972696124188
0.06251743290916914
0.12503486581833828
0.146006691213025
0.12111445898242808
0.09987870076764636
0.10812673515962574
0.08686349281021621
0.06560025046080667
0.029012243735065765
0.00825568090099542
0.0
0.0
0.0
0.0
0.0
0.0
0.0
0.0
0.0
0.0
0.0
0.0
0.0
0.0
0.0
0.005327917559961128
0.02900065986153933
0.021360947742392392
0.028496839878592917
0.03974230580486393
0.024096698745912536
0.008451091686961145
0.001467280118968724
0.0
0.0
0.0
0.0
0.0
0.0
0.0
0.0
0.0
0.0
0.0
0.0
0.0
0.0
0.00012106972608745985
0.01684993222897928
0.030868107285681342
0.061494075119187766
0.08619229924102959
0.10361784367649485
0.1101377670308469
0.25621752488558086
0.1267961117283685
0.06942265535671882
0.023609871005224017
0.0
0.0
0.0
0.0
0.0
0.0
0.0
0.0
0.0
0.0
0.0
0.0
0.0
0.0110475063039666
0.0220950126079332
0.11439517332856103
0.2022442161897348
0.31384328082682256
0.5138139702303894
0.335071724307541
0.28208821372321696
0.2470841946719654
0.13218137810595
0.1377412397727313
0.0
0.0
0.0
0.0
0.0
0.0
0.0
0.0
0.0
0.0
0.0
0.0
0.0
0.0
0.05040663704591513
0.19173111590477881
0.35273940819518124
0.4642314569339819
0.5757235056727825
0.5861091641408044
0.5035549039671888
0.4223251890775757
0.21181467183543437
0.0013041545932929886
0.0
0.0
0.0
0.0
0.0
0.0
0.0
0.0
0.0
0.0
0.0
0.0
0.0
0.029359620979237236
0.05871924195847447
0.22864081492525262
0.39856238789203075
0.5179898137652655
0.5379624953151885
0.5579351768651113
0.3650251488162246
0.44905143731289665
0.12287430221524769
0.05028174406531965
0.0
0.0
0.0
0.0
0.0
0.0
0.0
0.0
0.0
0.0
0.0
0.0
0.0
0.0
0.02179000185940409
0.10488716417315917
0.13969237398999343
0.14502453961051903
0.15035670523104464
0.04550317931167418
0.019440114843234307
0.04921633047575
0.03082052900735926
0.02316042619750285
0.011580213098751424
0.0
0.0
0.0
0.0
0.0
0.0
0.0
0.0
0.0
0.0
0.0
0.0
0.005197926906688277
0.05085650665969275
0.1017130133193855
0.1521255976500909
0.3266083132449429
0.5399930682650063
0.5629300464768178
0.5302658591844776
0.4155495324772425
0.25192273565489937
0.008590428073475835
0.0
0.0
0.0
0.0
0.0
0.0
0.0
0.0
0.0
0.0
0.0
0.0
0.0
0.0
0.050985222894796255
0.165511236488743
0.2705615261875779
0.4610734487103532
0.49784041289586073
0.34629594993098967
0.35706563307403977
0.3368372182781357
0.17182130565121015
0.0068053930242845855
0.0
0.0
0.0
0.0
0.0
0.0
0.0
0.0
0.0
0.0
0.0
0.0
0.0
0.0
0.052798295143713016
0.16156903628491276
0.31225156776125235
0.462934099237592
0.5156741959515718
0.5684142926655515
0.4891633243868697
0.19905273772409948
0.24985817822056583
0.006405424614527711
0.0
0.0
0.0
0.0
0.0
0.0
0.0
0.0
0.0
0.0
0.0
0.0
0.0
0.0
0.0
0.0011627052546467804
0.012401788011920363
0.012641865843681339
0.02667782034488589
0.021401729123811327
0.010700864561905664
0.0
0.0
0.0
0.0
0.0
0.0
0.0
0.0
0.0
0.0
0.0
0.0
0.0
0.0
0.0
0.0
0.0
0.01691917561618018
0.03383835123236036
0.061707327759524276
0.0405849246693776
0.08497990275592919
0.03836150004848398
0.058235490328940875
0.03182220915328224
0.06505819793278002
0.03252909896639001
0.0
0.0
0.0
0.0
0.0
0.0
0.0
0.0
0.0
0.0
0.0
0.0
0.0
0.0
0.04190364174250497
0.23588120935133916
0.395372944020225
0.5340202951113583
0.5921736954026451
0.6019459339251569
0.5453932028545634
0.4484838964214832
0.2601053499141859
0.0070636751066045006
0.0
0.0
0.0
0.0
0.0
0.0
0.0
0.0
0.0
0.0
0.0
0.0
0.0
0.0
0.01915348389392265
0.21798497980533038
0.4208358190436718
0.5232319205018243
0.5488978528202529
0.5745637851386816
0.5048845469238686
0.44154171584702256
0.28584349926221053
0.004465561265373256
0.0
0.0
0.0
0.0
0.0
0.0
0.0
0.0
0.0
0.0
0.0
0.0
0.0
0.0
0.016989819579131083
0.17373972980212582
0.19364614160724292
0.24504977128764682
0.0962934198553513
0.40022422918485234
0.40229983157665344
0.16806517050010375
0.09072158141486993
0.013377992329636091
0.0
0.0
0.0
0.0
0.0
0.0
0.0
0.0
0.0
0.0
0.0
0.0
0.0
0.0
0.038838318516744234
0.13058198330342619
0.24655063826506773
0.31822646494518264
0.38990229162529755
0.5122617289001312
0.464552610312656
0.4579553722560306
0.10766026392365483
0.020083980736712026
0.0
0.0
0.0
0.0
0.0
0.0
0.0
0.0
0.0
0.0
0.0
0.0
0.0
0.0
0.055614759297958144
0.1265858995715785
0.27083212764553477
0.419364715670195
0.4578967490202408
0.5189702661435459
0.516046750863076
0.4586529038007168
0.27067155095619777
0.08269019811167863
0.041345099055839316
0.0
0.0
0.0
0.0
0.0
0.0
0.0
0.0
0.0
0.0
0.0
0.0
0.0
0.06878034859937061
0.218068241792394
0.36735613498541736
0.47946627653634877
0.552781004982237
0.3273140403552219
0.35244204395566814
0.3276121299563277
0.30278221595698723
0.016401792940828656
0.0
0.0
0.0
0.0
0.0
0.0
0.0
0.0
0.0
0.0
0.0
0.0
0.0
0.0
0.06038108325129604
0.18786113273054456
0.34551430678712675
0.4744633356095698
0.5350840094767021
0.3822381855164427
0.5473541076111238
0.44130042600696057
0.2268884899424078
0.012476553877855075
0.0
0.0
0.0
0.0
0.0
0.0
0.0
0.0
0.0
0.0
0.0
0.0
0.0
0.001022932983924924
0.0749740209023712
0.2082467257673341
0.16037132078263625
0.5029873630757753
0.5686105530636302
0.43982925765912706
0.5078233552223705
0.42370920720948085
0.272050046609369
0.013343158233007418
0.0
0.0
0.0
0.0
0.0
0.0
0.0
0.0
0.0
0.0
0.0
0.0
0.0
0.0
0.02490340544710582
0.04980681089421164
0.1432802859427467
0.30469979049579005
0.48928906697957814
0.5844762096598213
0.5349081397693329
0.43246361042074527
0.2818860060403481
0.016150276654010698
0.0
0.0
0.0
0.0
0.0
0.0
0.0
0.0
0.0
0.0
0.0
0.0
0.0
0.0014439191976577592
0.012894823636599958
0.027836556158650168
0.10815817080780282
0.12755056728461875
0.0815619132257548
0.052305520118234236
0.04744913728092953
0.038812405347300946
0.0244463141303686
0.002251328833998689
0.0
0.0
0.0
0.0
0.0
0.0
0.0
0.0
0.0
0.0
0.0
0.0
0.0
0.0
0.008353386293978284
0.012113769505649142
0.07080837271284968
0.07961205342666203
0.0628543041119318
0.0891311075395315
0.07722974106210598
0.1093472029597986
0.03236937188916584
0.012029657906472592
0.0
0.0
0.0
0.0
0.0
0.0
0.0
0.0
0.0
0.0
0.0
0.0
0.0
0.0
0.007093411530555807
0.02851638095718949
0.06075363816280025
0.04438496960369349
0.07225781097744761
0.12369077945573927
0.09528909613379051
0.05017044487853047
0.03740757171862996
0.02464469855872946
0.0
0.0
0.0
0.0
0.0
0.0
0.0
0.0
0.0
0.0
0.0
0.0
0.0
0.0
0.0
0.0
0.0
0.0
0.12464786750091485
0.2492957350018297
0.04219972791326285
0.08929720670760236
0.03691394708103829
0.015927938422328435
0.0
0.0
0.0
0.0
0.0
0.0
0.0
0.0
0.0
0.0
0.0
0.0
0.0
0.005073033926092791
0.10530602294481614
0.2524265556378458
0.38755736219370884
0.5226881687495719
0.31469678418868424
0.6064429308387074
0.5262684341933093
0.4460939375479111
0.2895902886800751
0.008026080647341513
0.0
0.0
0.0
0.0
0.0
0.0
0.0
0.0
0.0
0.0
0.0
0.0
0.0
0.0
0.012493546120112962
0.041640339265070145
0.10639352644932104
0.1247859294692602
0.0280711842100328
0.0
0.0
0.0
0.0
0.0
0.0
0.0
0.0
0.0
0.0
0.0
0.0
0.0
0.0
0.0
0.0
0.0
0.0
0.0
0.0014732274037589854
0.01040265071027971
0.0359615319024836
0.0430413496392331
0.046941601348576396
0.03552483127645586
0.010203841475862407
0.0041847561222281724
0.003339825215788104
0.0
0.0
0.0
0.0
0.0
0.0
0.0
0.0
0.0
0.0
0.0
0.0
0.0
0.0
0.025745371050984227
0.051490742101968454
0.11559567524408088
0.2976522580193305
0.3520745221492258
0.48102149150900214
0.19419620262302167
0.3424608008533841
0.2583364574951396
0.17421211413689514
0.08306997472614246
0.0
0.0
0.0
0.0
0.0
0.0
0.0
0.0
0.0
0.0
0.0
0.0
0.002588768107989405
0.003640486622306245
0.07863924755739787
0.08408748131348615
0.36544450773140486
0.47564132280409793
0.585838137876791
0.544679528679732
0.1958133953270496
0.3738191343282055
0.3121016112233265
0.05883139075737655
0.0
0.0
0.0
0.0
0.0
0.0
0.0
0.0
0.0
0.0
0.0
0.0
0.0
0.05523030981687341
0.11046061963374681
0.23903411990229048
0.3906049208426613
0.5069389090128474
0.5690085963385212
0.6014973387295487
0.22040383731933955
0.4325434739593574
0.29168628176258565
0.0602944228157808
0.0
0.0
0.0
0.0
0.0
0.0
0.0
0.0
0.0
0.0
0.0
0.0
0.0
0.0
0.010340629026038413
0.035698152147486326
0.04249419943852907
0.07505218521675748
0.1815408682227227
0.32855095134107604
0.5247816129957439
0.42467436656972896
0.07309807735710024
0.02823176089936985
0.014115880449684926
0.0
0.0
0.0
0.0
0.0
0.0
0.0
0.0
0.0
0.0
0.0
0.0
0.0
0.06419329280185346
0.06911247599153461
0.1653069047755919
0.1894804934177214
0.4456810260610444
0.4870809250981653
0.5405767517865647
0.42405414972731603
0.32972001760841885
0.16486000880420942
0.0
0.0
0.0
0.0
0.0
0.0
0.0
0.0
0.0
0.0
0.0
0.0
0.004166497801634408
0.008332995603268816
0.1074572408146649
0.2555786165766842
0.17368861339427547
0.3383295619544348
0.35657880533335123
0.24677010265969446
0.5778874677243246
0.48334518063776843
0.18001056393970125
0.0849034376657687
0.0
0.0
0.0
0.0
0.0
0.0
0.0
0.0
0.0
0.0
0.0
0.0
0.0
0.010067053925686398
0.0665458687424582
0.1529811570477756
0.0751245270599853
0.23772571724843305
0.23047087941642727
0.05779560178760401
0.26502970172052215
0.2241489156843796
0.312782150525755
0.09141061683842731
0.0
0.0
0.0
0.0
0.0
0.0
0.0
0.0
0.0
0.0
0.0
0.0
0.0
0.012127363299455452
0.0399270628856628
0.11415048504004742
0.16811624237050088
0.49285998669007347
0.5676241534005597
0.5357670976154693
0.44085268042346515
0.3263835908410823
0.14376796329554814
0.06498598090318398
0.0045700635552592735
0.0
0.0
0.0
0.0
0.0
0.0
0.0
0.0
0.0
0.0
0.0
0.0
0.013918345633436965
0.025501994355332732
0.18089601262903582
0.326917996860093
0.36244707619711325
0.38207056716863647
0.3081509148983673
0.20329263753704654
0.12359817173543375
0.06527994669424546
0.02094635927936635
0.02104404242428276
0.0
0.0
0.0
0.0
0.0
0.0
0.0
0.0
0.0
0.0
0.0
0.0
0.003035664079371888
0.06092653422777427
0.037009783442034386
0.2037624730354772
0.30653410304752915
0.3208742810950182
0.3544853610871793
0.2996649891147775
0.2658266378824171
0.16840713937554377
0.07098764086867042
0.007834273292999771
0.003917136646499886
0.0
0.0
0.0
0.0
0.0
0.0
0.0
0.0
0.0
0.0
0.0
0.010802972936185335
0.16071560091751028
0.2945673164374108
0.4505637468738488
0.5362054974657228
0.6226348384862499
0.15071003095224278
0.5161096221594302
0.4354007194950214
0.2940575491696741
0.07123997566620006
0.0
0.0
0.0
0.0
0.0
0.0
0.0
0.0
0.0
0.0
0.0
0.0
0.0
0.005194205811179509
0.14777430921390192
0.27083000361525256
0.4131077472647838
0.49838416464811314
0.5866299763660087
0.5736487528930942
0.536887735992377
0.19869018131055946
0.29316800528747355
0.07382959338630236
0.0
0.0
0.0
0.0
0.0
0.0
0.0
0.0
0.0
0.0
0.0
0.0
0.0
0.0667841849401251
0.04148789227045014
0.27767617802095607
0.42854434974396316
0.5278172770751158
0.5898839907583944
0.6121557226858096
0.5692027327063176
0.46885929411291793
0.22324068033569544
0.1113017356255123
0.0
0.0
0.0
0.0
0.0
0.0
0.0
0.0
0.0
0.0
0.0
0.0
0.014655808947429353
0.07311889285386615
0.07347193859536615
0.3301813569857205
0.48558390855524525
0.5995508773789076
0.618158232263409
0.6397434776036055
0.5232055825263248
0.15809526723909845
0.29467096911518387
0.07882871105857334
0.0
0.0
0.0
0.0
0.0
0.0
0.0
0.0
0.0
0.0
0.0
0.0
0.0
0.04251204129289985
0.16806347127587798
0.33883465635555055
0.46824927261585975
0.18456124447432123
0.6239343202129221
0.650204751549675
0.49875374591722227
0.3724461611537681
0.16607028125902756
0.11308507145047776
0.009880139260849618
0.004940069630424809
0.0
0.0
0.0
0.0
0.0
0.0
0.0
0.0
0.0
0.0
0.0
0.0
0.00011639685946654038
0.006864016260074304
0.01617876119784931
0.03999464060239358
0.14810353390764852
0.2497069472644706
0.23004862219631872
0.13714523687553584
0.0546966394344932
0.05796988407490157
0.0070679231671689725
0.0
0.0
0.0
0.0
0.0
0.0
0.0
0.0
0.0
0.0
0.0
0.00809043134503745
0.0161808626900749
0.06476932981439588
0.1262888932969705
0.21982354041763394
0.26827437037966606
0.22414296839958936
0.1800115664195127
0.12957434333753334
0.11103580703417634
0.0667140919408113
0.030268281133977858
0.0033032918949336414
0.0
0.0
0.0
0.0
0.0
0.0
0.0
0.0
0.0
0.0
0.0
0.0
0.022069524244546366
0.1180009271356851
0.234707045411319
0.36100528444153135
0.4901616186195206
0.6193179527975099
0.3752141016948179
0.4120890623414234
0.2288863528258791
0.052015215848399764
0.05639300399336946
0.001993190016850392
0.0
0.0
0.0
0.0
0.0
0.0
0.0
0.0
0.0
0.0
0.0
0.0
0.01932017944721991
0.08850664263655408
0.24413604064022168
0.3997654386438893
0.5035183706463343
0.6072713026487795
0.5418957745918335
0.4765202465348873
0.2009889665014174
0.16466417321218726
0.06115507988614288
0.0067143060213748175
0.0
0.0
0.0
0.0
0.0
0.0
0.0
0.0
0.0
0.0
0.0
0.0
0.009915822969591185
0.07832319185140113
0.09115998126512347
0.02363978341757297
0.10640457140678869
0.07736992706073355
0.023326100559517265
0.1571332114434908
0.08046676321223384
0.06975655291708634
0.013815542567776734
0.0001284222120696128
9.09084960797067e-05
0.0
0.0
0.0
0.0
0.0
0.0
0.0
0.0
0.0
0.0
0.0
0.0
0.014078072710661122
0.030121298238447124
0.013792181416766764
0.08240217960540742
0.12964061308233912
0.04349704438963707
0.26300422644338173
0.3081033366200452
0.24084974098754594
0.1394689260043022
0.0697344630021511
0.0
0.0
0.0
0.0
0.0
0.0
0.0
0.0
0.0
0.0
0.0
0.0
0.023527458630273255
0.058627483850281874
0.1380577202847845
0.18238283382660112
0.24779022233778072
0.3794512130245829
0.12369731627931244
0.3920186753985177
0.38402382541618085
0.30628006902577376
0.16582007049178019
0.02536007195778659
0.0
0.0
0.0
0.0
0.0
0.0
0.0
0.0
0.0
0.0
0.0
0.011690662673427703
0.01666322113959155
0.10862205902144319
0.23516583595228202
0.3500028075795482
0.44991464321959745
0.5152651077192131
0.5668713970685353
0.548028699628762
0.3563782968747082
0.24496101400184225
0.1196704149375227
0.024370273846264553
0.0
0.0
0.0
0.0
0.0
0.0
0.0
0.0
0.0
0.0
0.0
0.0
0.0673869847342237
0.1347739694684474
0.26025488164605526
0.40474331601333796
0.5268597642238838
0.5997428897164218
0.5842068826200337
0.5551110662018501
0.4587395642362322
0.3098832739965591
0.10295939428900165
0.0
0.0
0.0
0.0
0.0
0.0
0.0
0.0
0.0
0.0
0.0
0.0
0.0
0.037693041388562505
0.14569403395547986
0.2809038544378421
0.43358764724610466
0.5364697268328329
0.4101427933618765
0.5750429663703541
0.5269005456053028
0.4331169621355611
0.3012699063960351
0.10835443120588145
0.0010569174684407023
0.0
0.0
0.0
0.0
0.0
0.0
0.0
0.0
0.0
0.0
0.0
0.017767088504848847
0.035534177009697694
0.12260667439968592
0.28476279265460874
0.4169556405240828
0.5228640384569411
0.599096334898509
0.5629105053982212
0.5149979047097077
0.43553495820885885
0.2985859817314015
0.10110554065866595
0.050552770329332974
0.0
0.0
0.0
0.0
0.0
0.0
0.0
0.0
0.0
0.0
0.0
0.0
0.026463718092436486
0.02968646938673297
0.1304766314014273
0.21350667435826368
0.20122128320580987
0.075265437857094
0.03489271986446238
0.04410166555612538
0.021785753798839617
0.01825816430610184
0.004208743952320738
0.0
0.0
0.0
0.0
0.0
0.0
0.0
0.0
0.0
0.0
0.0
0.0
0.0
0.0
0.006717882976656458
0.03627673799636744
0.04488415831210117
0.03671132626054387
0.09321349374198935
0.09139447420828233
0.08665448823044417
0.03619347600930379
0.006133330997118897
0.00515852475161658
0.004968106830150327
0.0
0.0
0.0
0.0
0.0
0.0
0.0
0.0
0.0
0.0
0.0
0.0
0.03049512756812068
0.09253635288801247
0.13570467842964073
0.21440107716741788
0.15578761480217487
0.1497702463301306
0.5773420167478464
0.2832226720228446
0.30122756587271093
0.2988544591590762
0.13843154961445805
0.031897837166509416
0.0
0.0
0.0
0.0
0.0
0.0
0.0
0.0
0.0
0.0
0.0
0.0
0.03713229739405216
0.10876394424429656
0.10363211705482082
0.13590310396648414
0.044980458691661694
0.05096143375563521
0.0
0.0
0.0
0.0
0.0
0.0
0.0
0.0
0.0
0.0
0.0
0.0
0.0
0.0
0.0
0.0
0.0
0.0
0.033001483301159325
0.09694838859027337
0.20703432928223373
0.14734313106660799
0.19009221413900543
0.14837540978377478
0.43617981380254556
0.39303183784314427
0.34988386188374293
0.3368125795268617
0.11998392180718076
0.008168170853367292
0.0
0.0
0.0
0.0
0.0
0.0
0.0
0.0
0.0
0.0
0.0
0.03252230206948685
0.0650446041389737
0.1913012121756542
0.3308933319363261
0.4704854516969979
0.521270166133151
0.2898066145847708
0.46355856414056945
0.5166406297299893
0.21904444611010976
0.15120504292576975
0.08336563974142973
0.020003267585987052
0.0
0.0
0.0
0.0
0.0
0.0
0.0
0.0
0.0
0.0
0.0
0.0
0.057505995861261205
0.18007953538854424
0.3419051545315511
0.4585896076983063
0.5752740608650614
0.5549768274880128
0.5416956909392467
0.4981615662745349
0.38222859502163486
0.22114383764107196
0.09843775862417736
0.024563985408004488
0.0
0.0
0.0
0.0
0.0
0.0
0.0
0.0
0.0
0.0
0.0
0.0
0.0406586124686206
0.0813172249372412
0.13998549016894202
0.18944480970897984
0.19523788990075067
0.20103097009252152
0.0720886893159699
0.11882250204885401
0.08639110847544688
0.07796720437609836
0.04197933449811503
0.009025429475277796
0.0
0.0
0.0
0.0
0.0
0.0
0.0
0.0
0.0
0.0
0.0
0.0
0.010086595004282972
0.06370943870356006
0.11733228240283715
0.03662512533354883
0.08198476946517838
0.12029487984050011
0.1354358173043922
0.09847791561642587
0.10109619492542411
0.03792300031801385
0.007988421560815357
0.014464646222028098
0.0
0.0
0.0
0.0
0.0
0.0
0.0
0.0
0.0
0.0
0.0
0.004051800166393656
0.008103600332787312
0.018238724791315063
0.0650913328051829
0.0854144793516747
0.06314078803588717
0.14252243193804487
0.06241770414299395
0.10257112155340889
0.08491873068380079
0.08909117577022548
0.03871682398460032
0.012733986348062094
0.0
0.0
0.0
0.0
0.0
0.0
0.0
0.0
0.0
0.0
0.0
0.0
0.0017842432759447963
0.047907078209779644
0.06869453777596828
0.044980164480858245
0.060952872203274
0.09299726745925772
0.12504166271524145
0.06268013362878844
0.08986347318084652
0.0649681390488132
0.04007280491677987
0.031148479282936514
0.0
0.0
0.0
0.0
0.0
0.0
0.0
0.0
0.0
0.0
0.0
0.007822378723419248
0.015644757446838495
0.07126333999930466
0.12688192255177083
0.19303017282539442
0.3916244553781346
0.24415218327036672
0.23658808662926734
0.53773394965682
0.4272750292472988
0.22456522561969794
0.07932913259306817
0.00812354831558922
0.0
0.0
0.0
0.0
0.0
0.0
0.0
0.0
0.0
0.0
0.0
0.0
0.0955218898527236
0.1910437797054472
0.33979726687946
0.47204788837261086
0.5844235337088217
0.5958176817548494
0.23162372071976176
0.5549436926156099
0.4387600857894061
0.32257647896320224
0.18283695150094317
0.043097424038684135
0.021548712019342067
0.0
0.0
0.0
0.0
0.0
0.0
0.0
0.0
0.0
0.0
0.0
0.0368051967305878
0.15082569111736235
0.22546156639880155
0.3000974416802408
0.45125448152163194
0.6024115213630231
0.5602745838179661
0.5181376462729093
0.47072504231283424
0.31485180563276594
0.16385534248071174
0.030693936802537982
0.0
0.0
0.0
0.0
0.0
0.0
0.0
0.0
0.0
0.0
0.0
0.0
0.0030016795948561103
0.06575530467140991
0.1285089297479637
0.13564567149627713
0.13177908677049446
0.20969361519559337
0.12233734735989837
0.20803942041178786
0.2662922253202833
0.24487180472998832
0.14760990927005685
0.010269261608555279
0.0051346308042776395
0.0
0.0
0.0
0.0
0.0
0.0
0.0
0.0
0.0
0.0
0.0
0.017240139422049418
0.11558972795929062
0.20108109720718229
0.36620618499061475
0.5313312727740472
0.5994735626766342
0.5661220391849624
0.5229031206141342
0.4279572677739531
0.09356433559272868
0.09737574348305929
0.012334654554849223
0.0
0.0
0.0
0.0
0.0
0.0
0.0
0.0
0.0
0.0
0.0
0.0
0.025923364788635616
0.0481272695991738
0.10316500042032212
0.10208599303694617
0.08177431625397842
0.07848376854073819
0.08385416670634405
0.028398083049527373
0.015191914190665753
0.011642234782992719
0.0
0.0
0.0
0.0
0.0
0.0
0.0
0.0
0.0
0.0
0.0
0.0
0.0
0.0
0.0012183437698906486
0.009741652486447821
0.023385573407419875
0.09348452000600269
0.13642051774323688
0.15657841473377074
0.24360503306966266
0.13655305723284838
0.17462162717531027
0.20198250900605028
0.11351837362805395
0.013533471346295775
0.0
0.0
0.0
0.0
0.0
0.0
0.0
0.0
0.0
0.0
0.0
0.002779930833390657
0.05374300525660642
0.10472059852488848
0.33418048120111477
0.13597379575900176
0.3839082781688272
0.3612746114813189
0.37272823237524905
0.4083741333777924
0.47810732196177413
0.2834221047404613
0.08873688751914847
0.03845259461749015
0.0
0.0
0.0
0.0
0.0
0.0
0.0
0.0
0.0
0.0
0.0
0.0
0.006620177583673594
0.02587948612295277
0.0535833367360275
0.05368444057746193
0.03187634486369727
0.03921809513120805
0.0029099214866635087
0.023520661733370096
0.03383112952940076
0.044141597325431416
0.0171154360142588
0.004720444899241593
0.0
0.0
0.0
0.0
0.0
0.0
0.0
0.0
0.0
0.0
0.0
0.0028946284686314086
0.07550927653349469
0.18810242257060658
0.3425610550827057
0.2430079924869486
0.49374443289959646
0.5079575939362079
0.472617978100363
0.3677758433691873
0.3821929113128933
0.23712216622162757
0.08689294056517591
0.022953970454069494
0.0
0.0
0.0
0.0
0.0
0.0
0.0
0.0
0.0
0.0
0.0
0.037111481897286254
0.09009201883921512
0.17724437976781543
0.2893345554340938
0.36951924742484665
0.4497039394155995
0.4442613242203977
0.4237406428576579
0.4526444469383273
0.48154825101899656
0.29373724540311286
0.1408410495666267
0.021233505925458224
0.0
0.0
0.0
0.0
0.0
0.0
0.0
0.0
0.0
0.0
0.0
0.03736976397960616
0.09530566356999197
0.18945500505433457
0.32745155326699066
0.45385429458708904
0.562453414081484
0.5976460470217981
0.6138940290687918
0.5337688099259414
0.4673495333883045
0.3112570967831094
0.05792901033740308
0.04505153189834138
0.0
0.0
0.0
0.0
0.0
0.0
0.0
0.0
0.0
0.0
0.0
0.0012481925403344514
0.053461842203883586
0.15145100563245265
0.2859157162918065
0.4118333290954421
0.4910817485377853
0.5452623625891777
0.5351209676036129
0.39725823329873783
0.2303137011755418
0.1114094951683336
0.08049989808463673
0.013818877966971791
0.0
0.0
0.0
0.0
0.0
0.0
0.0
0.0
0.0
0.0
0.0
0.0
0.009713615286722306
0.026987079153979476
0.058216271587640964
0.05548646786891108
0.02752639280043517
0.03376570939670789
0.014774754643234574
0.0
0.021557632946527457
0.043115265893054915
0.015397520321986212
0.006382286192063147
0.0
0.0
0.0
0.0
0.0
0.0
0.0
0.0
0.0
0.0
0.0
0.0
0.02093359284960648
0.07238057992776087
0.06013658945058389
0.38857094944439197
0.5044724850491149
0.30716088757597426
0.5262123597938582
0.5289956890757004
0.20128531911028213
0.20180241789102965
0.1500873781912571
0.022587787633411984
0.0
0.0
0.0
0.0
0.0
0.0
0.0
0.0
0.0
0.0
0.0
0.0
0.0320082867411857
0.08435458824083887
0.07318057119238322
0.258091769206626
0.2655306927942392
0.4272062106661544
0.25814544423372565
0.4188094941544185
0.07526185396210965
0.2271412495459939
0.14700923350624048
0.019774721927618442
0.0
0.0
0.0
0.0
0.0
0.0
0.0
0.0
0.0
0.0
0.0
0.00671448452820488
0.07931044112658449
0.18284757165235438
0.2982673771890661
0.40670676960623703
0.5151461620234079
0.24696441200719696
0.5635358199133115
0.5309582930564866
0.1747298164283104
0.3124406064563714
0.13992516770892652
0.06996258385446326
0.0
0.0
0.0
0.0
0.0
0.0
0.0
0.0
0.0
0.0
0.0
0.007808784929612939
0.07716686976575178
0.17838710805965846
0.2993361892270874
0.4111808269927392
0.5053849684583634
0.5745646347507946
0.5757090622668634
0.5190883622272382
0.42963949975748417
0.2840117355468101
0.13838397133613595
0.014310016817481308
0.0
0.0
0.0
0.0
0.0
0.0
0.0
0.0
0.0
0.0
0.0
0.007741665572694276
0.0772543798133799
0.16709321424295248
0.2739803653298652
0.24722421653165022
0.13006104139054248
0.4845703213045622
0.5136848291892294
0.4671124916088069
0.3905773084489922
0.31404212528917747
0.16791606357429076
0.008753128817111705
0.0
0.0
0.0
0.0
0.0
0.0
0.0
0.0
0.0
0.0
0.0
0.038492526386796184
0.07698505277359237
0.17137865774039213
0.28769565366832045
0.40000927732029
0.47526239580174706
0.5505155142832041
0.5848644823954139
0.5204528392805466
0.43363522552442674
0.30749161589876123
0.1420050181612921
0.07100250908064605
0.0
0.0
0.0
0.0
0.0
0.0
0.0
0.0
0.0
0.0
0.0038113599384445255
0.007622719876889051
0.08074288714892454
0.17943043173429288
0.30620275432350036
0.41319950537297645
0.49875204669299644
0.5484288669339352
0.19773702098061333
0.47924240374460114
0.35637362400808725
0.23350484427157336
0.12499620846720158
0.016487572662829797
0.0
0.0
0.0
0.0
0.0
0.0
0.0
0.0
0.0
0.0
0.0
0.0047501813231928995
0.05782460040359661
0.1765621412411612
0.33106495358313076
0.45301487781954924
0.5121529785496808
0.5504534925989628
0.5888304717384053
0.17000578396897614
0.4302376266849618
0.31957225053200744
0.04739641786884142
0.019059348528561313
0.009529674264280657
0.0
0.0
0.0
0.0
0.0
0.0
0.0
0.0
0.0
0.0
0.012023285815625883
0.024046571631251765
0.029385534148680528
0.028966675377023552
0.018222480597360275
0.03218925412123222
0.006623219805960595
0.0
0.011550476674800119
0.03833534814591071
0.017453300700285602
0.01885884006991822
0.011541130941558278
0.0
0.0
0.0
0.0
0.0
0.0
0.0
0.0
0.0
0.0
0.0
0.026663801745023134
0.03509778429740784
0.06364009697180348
0.06360974056023991
0.06980057220511442
0.10629412183211238
0.08380831735291688
0.2411292633726882
0.2941926374956243
0.17657191178045947
0.04419725679858568
0.03121729786408097
0.0
0.0
0.0
0.0
0.0
0.0
0.0
0.0
0.0
0.0
0.0
0.0
0.007666050094646669
0.01857591923632437
0.034146760429341054
0.08263837177279208
0.19141590981089496
0.30429367373304667
0.12648685291927492
0.009426843208623508
0.09522197677687184
0.10090843064847443
0.1012355313119388
0.06033987706382065
0.0194442228157025
0.0
0.0
0.0
0.0
0.0
0.0
0.0
0.0
0.0
0.0
0.0
0.011164327969489587
0.022328655938979175
0.037885903338189544
0.1087911318319092
0.1755680950690747
0.23973929795599289
0.16419773616220817
0.2692429281883657
0.1418343122089914
0.19928549246420815
0.23990369789983798
0.14058786515698418
0.010227274870922018
0.0
0.0
0.0
0.0
0.0
0.0
0.0
0.0
0.0
0.0
0.0
0.0017626337587913772
0.056477115592546014
0.15646414190458643
0.25645116821662683
0.34073693787632126
0.45124938384895463
0.2578749761154629
0.5630557890695262
0.5084750077129607
0.4301705073280432
0.31232590882113065
0.16411107572669295
0.07308660759357616
0.0
0.0
0.0
0.0
0.0
0.0
0.0
0.0
0.0
0.0
0.0
0.018746691271016153
0.0891939788358857
0.18868610609216507
0.3095119935032242
0.4200983557296794
0.5127247675016587
0.5656556021349832
0.567178956653403
0.5127697969436421
0.41688937077927707
0.2966318738717443
0.15562599955521603
0.006925811052071513
0.0
0.0
0.0
0.0
0.0
0.0
0.0
0.0
0.0
0.0
0.0
0.006493119509668849
0.10076357178322592
0.18907352921564494
0.3137430618254386
0.40533464604391245
0.47034484089231393
0.5353550357407153
0.5569419803051378
0.4938897165709016
0.24854234168328151
0.3266860527532728
0.17519469054545758
0.023703328337642403
0.0
0.0
0.0
0.0
0.0
0.0
0.0
0.0
0.0
0.0
0.0
0.015157929706149976
0.04703097332621508
0.19104802776601165
0.30756128409201855
0.3535499381508825
0.36310637519671934
0.26321319030908963
0.5111206998325138
0.5349276808479295
0.4490743768399447
0.22860513121651102
0.10949885872195027
0.034264006900920484
0.0
0.0
0.0
0.0
0.0
0.0
0.0
0.0
0.0
0.0
0.0
0.0
0.0
0.0
0.0
0.0
0.0
0.0
0.0
0.0
0.0
0.0
0.0
0.0
0.0
0.0
0.0
0.0
0.0
0.0
0.0
0.0
0.0
0.0
0.0
0.0
0.004711099165999754
0.04081621551556251
0.018815271523566598
0.0593887363034353
0.17259020461337962
0.16974346832140336
0.22769901989810906
0.14521145427535578
0.09397814464359437
0.08060694921086144
0.0318400635428326
0.009301553411968496
0.0
0.0
0.0
0.0
0.0
0.0
0.0
0.0
0.0
0.0
0.0
0.0006909840436011105
0.011247628803572007
0.03066504999069957
0.14460568083886205
0.24565174864962538
0.18672095327504018
0.12779015790045498
0.10104861664710202
0.08747011585882285
0.09496794275511641
0.11165432465236351
0.07624801426565643
0.025503991331224145
0.0
0.0
0.0
0.0
0.0
0.0
0.0
0.0
0.0
0.0
0.0
0.01595996354072234
0.08767147392957883
0.19452888859254025
0.3130752667047036
0.29875142980498104
0.470380099794999
0.14782742676902788
0.5319710306950568
0.17297466881545065
0.41344844172205447
0.320179723192727
0.1889562827440655
0.09447814137203275
0.0
0.0
0.0
0.0
0.0
0.0
0.0
0.0
0.0
0.0
0.0
0.015296416480551772
0.08650920455913921
0.18289939799124094
0.311936786473425
0.3970823635913686
0.48560939691863214
0.549710931612293
0.21488168533463856
0.49774270750287786
0.426283531911551
0.10178633097830489
0.1549972865916741
0.021283633040118995
0.0
0.0
0.0
0.0
0.0
0.0
0.0
0.0
0.0
0.0
0.0
0.0028334563965030078
0.011479958869429877
0.009502061870611585
0.017988837266314298
0.14036739081368807
0.26274594436106186
0.36031454979374816
0.23846912784721566
0.1804026794098925
0.14736819462393838
0.04006685763198961
0.046336145413037794
0.00642728879316605
0.0
0.0
0.0
0.0
0.0
0.0
0.0
0.0
0.0
0.0
0.0
0.002780780445503552
0.01216007336580189
0.021539366286100228
0.14290900544941185
0.24945971013961835
0.19707262725854624
0.4146608382071549
0.25482288489562827
0.3666704980103116
0.094430594379135
0.25164406288187
0.16721215993875774
0.030736417408182705
0.0
0.0
0.0
0.0
0.0
0.0
0.0
0.0
0.0
0.0
0.0
0.0039642901187655274
0.07105943309221
0.13815457606565446
0.18714873297388257
0.2930133758829268
0.40757082512505066
0.43325120084939844
0.39554456566702967
0.4646112335484457
0.42803968014890387
0.32304801368585867
0.1738051499348187
0.03144584352244958
0.0
0.0
0.0
0.0
0.0
0.0
0.0
0.0
0.0
0.0
0.0
0.008497820353170342
0.06307945132184883
0.17884717301879086
0.16761105282576166
0.165390591568712
0.17545254782172104
0.28359797444783047
0.41070334498529254
0.4214900203706005
0.47880485350646046
0.2983107074068237
0.17221977373215763
0.03488507335544633
0.0
0.0
0.0
0.0
0.0
0.0
0.0
0.0
0.0
0.0
0.004679238711766212
0.009358477423532423
0.01623098980473567
0.021456104299036573
0.0902508963043264
0.16126572476060944
0.28051303286591067
0.227345581259145
0.23722529571393822
0.2640229113667422
0.24475965593108623
0.17202818620069993
0.09929671647031366
0.034689662569480605
0.0
0.0
0.0
0.0
0.0
0.0
0.0
0.0
0.0
0.0
0.0
0.0028852827353895694
0.013765833589390116
0.05366914755942984
0.05977106175423781
0.14169915780065012
0.20831809318481725
0.43914496007654724
0.2782642780486802
0.4570314190832578
0.27559217483473225
0.23599582833678406
0.17471041164110773
0.03235832693169822
0.0
0.0
0.0
0.0
0.0
0.0
0.0
0.0
0.0
0.0
0.0
0.00047784270501859024
0.030607276367022748
0.050346921552996714
0.18753658090341888
0.1496612977166405
0.16314719078461418
0.1053956570227265
0.06888377258208114
0.16275679401873921
0.07733389808657826
0.1045834278427994
0.052873485815704176
0.02614171510164949
0.0004604897651887947
0.00023024488259439736
0.0
0.0
0.0
0.0
0.0
0.0
0.0
0.0
0.0
0.0
0.007608276470969845
0.052679349447907795
0.10763141129780827
0.20508871754370545
0.16035961344220748
0.07524931943126391
0.11632039437637985
0.09243652346474737
0.06855265255311489
0.1469642040642571
0.021620929048938097
0.04100058134406062
0.0005148649404140398
0.0002574324702070199
0.0
0.0
0.0
0.0
0.0
0.0
0.0
0.0
0.0
0.011281999247125469
0.02262528833450513
0.19621197018818418
0.29889014286781773
0.3963780351497791
0.3410589000066647
0.5177340805192844
0.5571637290666032
0.5026271275399081
0.3934315803422611
0.2777594400080198
0.1696182614424748
0.014370339277496817
0.0
0.0
0.0
0.0
0.0
0.0
0.0
0.0
0.0
0.0
0.0
0.007648208240275886
0.038311992552278816
0.17377031583819
0.30183914651167437
0.4276488585769724
0.5069737431094762
0.5562418999241127
0.5399956171013449
0.4891990080956113
0.23418085925970272
0.32039127660883776
0.16083327219514615
0.022178274594996855
0.0
0.0
0.0
0.0
0.0
0.0
0.0
0.0
0.0
0.0
0.0
0.022034690147917695
0.09347942233332532
0.20920678745490487
0.3359612681897415
0.4449367658501488
0.3483717989000488
0.5514424410983719
0.2365585687715873
0.47680146814425534
0.40809163735025494
0.2582599924049791
0.15929547427080717
0.060330956136635264
0.0036422871279785294
0.0
0.0
0.0
0.0
0.0
0.0
0.0
0.0
0.0
0.0
0.029812464235409987
0.059624928470819974
0.13009685478696345
0.2005687811031069
0.2679481193283146
0.3353274575535222
0.38594224956709655
0.37669846977880483
0.25997960732147746
0.12870179169759075
0.07742855029652328
0.027866556196796066
0.022038938208482167
0.0003704308812219824
0.0
0.0
0.0
0.0
0.0
0.0
0.0
0.0
0.0
0.0
0.010158812033879
0.055519708250739784
0.17010508918316333
0.22473769687861547
0.40167026900099867
0.45256373378760234
0.4645033328101082
0.48637319820812425
0.4762207582650919
0.4660683183220597
0.29467946523631283
0.19936997841181286
0.033337929697865525
0.0
0.0
0.0
0.0
0.0
0.0
0.0
0.0
0.0
0.0
0.0
0.012249063036118864
0.03581200017061418
0.15731417882353732
0.30414159533761836
0.2697119140746835
0.11930674999335468
0.35060348334336455
0.35830946520731727
0.2129719346311858
0.3059784567256962
0.2321165780791038
0.08590428073475836
0.04371084398419393
0.0009735435693181578
0.0
0.0
0.0
0.0
0.0
0.0
0.0
0.0
0.0
0.0
0.0010254818202636074
0.0005127409101318037
0.0
0.0
0.0
0.0
0.01741874753856212
0.03077464995326296
0.024153622757476467
0.009159668189115122
0.004579834094557561
0.0
0.0
0.0
0.0
0.0
0.0
0.0
0.0
0.0
0.0
0.0
0.0
0.0013946382833162482
0.0027892765666324964
0.023128990549325754
0.03945216326831047
0.039401611347593256
0.04539307596772495
0.07584062525752354
0.10628817454732212
0.019385599579912784
0.009692799789956392
0.0
0.009051767450777525
0.01810353490155505
0.009051767450777525
0.0
0.0
0.0
0.0
0.0
0.0
0.0
0.0
0.0
0.0
0.0
0.0
0.0
0.0
0.0
0.0
0.0
0.0
0.0
0.0
0.0346518548304568
0.0693037096609136
0.034107678272147904
0.0
0.0
0.0
0.0
0.0
0.0
0.0
0.0
0.0
0.0
0.0
0.003887825028605026
0.007775650057210052
0.03395331057908374
0.07739059687645199
0.19875995691475465
0.30557319174784553
0.15251983037393285
0.31681525922566495
0.38512577232660494
0.3068730982805741
0.22862042423454318
0.3528107756126644
0.10283694676684538
0.0432095728375862
0.0216047864187931
0.0
0.0
0.0
0.0
0.0
0.0
0.0
0.0
0.0
0.0
0.006845309383389809
0.05205743338126906
0.10936037194754848
0.0850087895677676
0.10203501631017246
0.11906124305257736
0.10635699312846657
0.0274943802761516
0.04978132253082482
0.06780881714827582
0.0858363117657268
0.12223284507001236
0.044925789305633
0.0005165641646398287
0.0
0.0
0.0
0.0
0.0
0.0
0.0
0.0
0.0
0.0
0.0
0.0076448097918243064
0.03525040656399094
0.06558325821854878
0.08440216651916096
0.0842279960360176
0.06920251328420773
0.06734122179122859
0.1601310677838389
0.19408454145749646
0.16305330864613937
0.10033154402381911
0.037609779401498844
0.002703465743230156
0.0
0.0
0.0
0.0
0.0
0.0
0.0
0.0
0.0
0.0
0.0
0.0037280979513808687
0.00241347401510731
0.05055361994144587
0.10618749551194413
0.1618213710824424
0.28114939233846864
0.2577595708704843
0.23966793053850974
0.18671458118419346
0.13376123182987723
0.13697616406506985
0.06699871199863094
0.0
0.0
0.0
0.0
0.0
0.0
0.0
0.0
0.0
0.0
0.0
0.029993431615456503
0.059986863230913005
0.17237015507613992
0.2847534469213669
0.26569093756525947
0.5512283388459225
0.5733938692592259
0.5474093323984619
0.4976849338792011
0.45924338421917854
0.317499196976545
0.0495000790561188
0.03638293951047925
0.0
0.0
0.0
0.0
0.0
0.0
0.0
0.0
0.0
0.0
0.0
0.006394180761643669
0.08829254038410468
0.18761219638146648
0.3305016607522817
0.20328632326601462
0.47406486752862226
0.21473374677843143
0.5297233818503945
0.5104138225545858
0.3335360504134843
0.1566582782723828
0.164408439966206
0.05897837365290729
0.029489186826453646
0.0
0.0
0.0
0.0
0.0
0.0
0.0
0.0
0.0
0.0
0.001039925226182813
0.010906667621585084
0.053031088862646104
0.14376626407132234
0.04521832006656692
0.05506675948514121
0.08656365087909693
0.26884870816798273
0.19962995971835856
0.14737456671478508
0.15205592945683352
0.0975575604752187
0.04305919149360388
0.0027315029429556734
0.0
0.0
0.0
0.0
0.0
0.0
0.0
0.0
0.0
0.0
0.0
0.009541993639917626
0.02230699083010037
0.035071988020283114
0.050426178124511695
0.08421567666038061
0.11800517519624955
0.10009535185643445
0.05302162874547613
0.10246831848774865
0.08025436018401022
0.02301422301410112
0.021689747630082544
0.0016210599114026205
0.0
0.0
0.0
0.0
0.0
0.0
0.0
0.0
0.0
0.0
0.01996418542879391
0.08940298341565772
0.18942866707883482
0.14634311067478561
0.441569753046748
0.5192837730132038
0.5628094015567868
0.549147638781444
0.45336916607062633
0.39196005216272795
0.1272143078089519
0.17569298804967018
0.030961564618099735
0.0
0.0
0.0
0.0
0.0
0.0
0.0
0.0
0.0
0.0
0.0
0.007290280770090632
0.08447778199720857
0.06928180761644145
0.28889530597172736
0.3997739347650182
0.4824513886950035
0.15833959251897753
0.5278083561479304
0.42711445255796177
0.47503682378577355
0.3645728057035752
0.20464564482683098
0.10392158000685463
0.0
0.0
0.0
0.0
0.0
0.0
0.0
0.0
0.0
0.0
0.0
0.015027939052877122
0.07982105800643406
0.22221774735177055
0.3355594016603424
0.48957113820105896
0.5114902811016231
0.4806187753674902
0.44974726963335726
0.23294410027706303
0.134809653177189
0.11322440783699246
0.1463592802398762
0.07397190341521219
0.02602404382401361
0.0
0.0
0.0
0.0
0.0
0.0
0.0
0.0
0.0
0.0
0.0
0.04680428168724264
0.03172536590759185
0.048945304211736665
0.04848906250711235
0.050221421605304135
0.051755821081191526
0.08762517006942608
0.09741142719180085
0.1460432245338795
0.1258114112895238
0.04528276781123604
0.01795315355757273
0.0
0.0
0.0
0.0
0.0
0.0
0.0
0.0
0.0
0.0
0.0
0.0
0.03878394334151899
0.06951247990870996
0.09260127357940469
0.2236935235918682
0.2652463528093102
0.29522576582490395
0.3033065575720856
0.23189482931763838
0.20326205150098237
0.15327937089940155
0.06097666134243505
0.03746959340287126
0.003398448451577821
0.0
0.0
0.0
0.0
0.0
0.0
0.0
0.0
0.0
0.0
0.007512270302212774
0.0881650985671705
0.17137271045560187
0.07130664119208868
0.3216504017601473
0.1512374398382901
0.449741322348567
0.4975354021473316
0.5232361685623889
0.44481527131800497
0.3090447068411323
0.1797337432585962
0.03706347881290772
0.0
0.0
0.0
0.0
0.0
0.0
0.0
0.0
0.0
0.0
0.0
0.007943003156302713
0.08608609772691778
0.18398775110785873
0.3087303503593613
0.401892867374577
0.5041513316704407
0.5149286613225069
0.5502291950011586
0.4602926551786032
0.10776638305465998
0.33012273374993084
0.1968300630003149
0.06353739225069893
0.0
0.0
0.0
0.0
0.0
0.0
0.0
0.0
0.0
0.0
0.0
0.01074419477966328
0.06946768479870222
0.15040003544880223
0.2721689923051743
0.40681679437485685
0.5414645964445394
0.5057367078731018
0.54359287478734
0.474373276725603
0.4256548189480091
0.26903477322070657
0.17214245902988423
0.05368868863802641
0.006259942047806346
0.0
0.0
0.0
0.0
0.0
0.0
0.0
0.0
0.0
0.0
0.0009532647906675788
0.0
0.0
0.0
0.02662071243344993
0.2870210616506822
0.20904493634739849
0.13106881104411472
0.09269310632284151
0.05431740160156831
0.029526533776395844
0.06079909241084012
0.01782826057697725
0.00035598747530277673
0.0
0.0
0.0
0.0
0.0
0.0
0.0
0.0
0.0
0.0
0.00689375268402561
0.0781464725319191
0.05463962491449535
0.25162707063961204
0.39522426190046844
0.5229659919104884
0.5495401595776012
0.538055103035494
0.532242906571183
0.45932664620624214
0.33015841745867236
0.07929571242168677
0.03260726328077629
0.016303631640388144
0.0
0.0
0.0
0.0
0.0
0.0
0.0
0.0
0.0
0.0
0.010799419567001419
0.03347004722710553
0.039975949135909905
0.14980403255160676
0.2179845549992739
0.41910855761815735
0.4831412737306737
0.28460986247428777
0.4334763480593155
0.16923933444012387
0.015480782309049868
0.02502923702071247
0.016558586124765757
0.014895399563265587
0.0
0.0
0.0
0.0
0.0
0.0
0.0
0.0
0.0
0.007802837644822675
0.006811812311996774
0.09200704454167923
0.19723660239633486
0.32663592563861193
0.47233590687888205
0.5431714671793444
0.5575039987178174
0.5718365302562904
0.5290305231723291
0.435749910073421
0.31320185890952484
0.1708187633579947
0.03168424736431141
0.0
0.0
0.0
0.0
0.0
0.0
0.0
0.0
0.0
0.0
0.0
0.01727941115204743
0.07084065797313967
0.13623700152685167
0.19902928395454217
0.16717534469482961
0.5152846487978097
0.5269022448295285
0.414309030961723
0.50875368048599
0.39797148266751264
0.2871892848490353
0.039539645158273906
0.07246511633299388
0.005482546964507919
0.0027412734822539597
0.0
0.0
0.0
0.0
0.0
0.0
0.0
0.0
0.0
0.007317709128359941
0.009231118828166724
0.05171928776033707
0.06590356198510999
0.08008783620988293
0.05953826803530474
0.06280247777304523
0.05245335262587787
0.026676545926716554
0.00024843913277197667
0.0
0.0
0.0
0.0
0.0
0.0
0.0
0.0
0.0
0.0
0.0
0.0
0.0
0.0
0.0
0.0037374436846227084
0.007474887369245417
0.0
0.004353412466471188
0.10146832503087187
0.19858323759527258
0.2991747629256374
0.2937780267845318
0.4636180369884721
0.17051375260946555
0.12342230202806462
0.0556665856368447
0.0053474586385577
0.0
0.0
0.0
0.0
0.0
0.0
0.0
0.0
0.0
0.0022527465173396476
0.005617635290458138
0.011235270580916275
0.04365052152417842
0.09218886153383865
0.14849350586746707
0.13905941296588706
0.1450496031678494
0.044892035456041895
0.19074471624170836
0.11314539391049329
0.07580579116089486
0.05743632766800385
0.026365163087340732
0.000716950774195606
0.0
0.0
0.0
0.0
0.0
0.0
0.0
0.0
0.0
0.0
0.0009872492751833567
0.014909842969184793
0.046705726682146884
0.07675480789099796
0.11212925782347152
0.11158720529544486
0.0196275302372
0.06689675854508362
0.031860023984304306
0.07382109726517343
0.03273188204248679
0.01148395951439886
0.01109678380651448
0.0
0.0
0.0
0.0
0.0
0.0
0.0
0.0
0.0
0.0
0.0
0.011572141783678927
0.023144283567357853
0.05307441908040372
0.08868930924082638
0.08492586269042315
0.16457878719484137
0.20485337498843365
0.25381482183031534
0.24144616869079788
0.20584912038474595
0.02727979384834014
0.03749508176625809
0.011300356805713957
0.00041376109897959965
0.0
0.0
0.0
0.0
0.0
0.0
0.0
0.0
0.0
0.0
0.0
0.009458731652853969
0.02158354611597074
0.01753606016605805
0.03970492287189657
0.08070338018567494
0.12672814275933691
0.04302945506965258
0.0988005429963833
0.11881230670349929
0.06939376854488043
0.06977694360779582
0.06532922419679334
0.003937102531152905
0.0
0.0
0.0
0.0
0.0
0.0
0.0
0.0
0.0
0.0
0.0
0.0
0.0
0.005420100474210176
0.0
0.005420100474210176
0.0
0.0
0.025938657806667716
0.028020875352256724
0.07821444150095065
0.04913595378644626
0.04315009998968359
0.021575049994841795
0.0
0.0
0.0
0.0
0.0
0.0
0.0
0.0
0.0
0.0
0.004409486865922223
0.038504420956376705
0.1259838825484414
0.21032147854702238
0.33128500312037046
0.11403489296674238
0.47863493108388155
0.47901895575890985
0.4416725561124083
0.3443902699617674
0.1421582789896863
0.20826371800959198
0.10575121969197283
0.003238721374353663
0.0
0.0
0.0
0.0
0.0
0.0
0.0
0.0
0.0
0.0
0.0018218818967478444
0.014085439195344076
0.07005937018163237
0.21949898859050826
0.1693905653962191
0.14175735623038338
0.11412414706454768
0.19302847360116865
0.2949139581794717
0.3046330959449278
0.23305285062751355
0.19008541724210223
0.038944559697535124
0.02909369238790127
0.0
0.0
0.0
0.0
0.0
0.0
0.0
0.0
0.0
0.0
0.00975269744391545
0.016293652132931047
0.15620118695564555
0.2772241843768962
0.3890161461915486
0.4455892679528517
0.46638437402805644
0.48488552739844615
0.4114233912509706
0.33796125510349506
0.3160149246153184
0.11517500149738154
0.08500709034354181
0.0
0.0
0.0
0.0
0.0
0.0
0.0
0.0
0.0
0.0
0.0
0.005452810540556613
0.07339671601478265
0.14134062148900867
0.2784110924986098
0.36418325854981304
0.44995542460101634
0.45237681912276556
0.442040862963348
0.4317049068039306
0.364840433519137
0.25117585975799733
0.05385755972068257
0.018529190570115175
0.0
0.0
0.0
0.0
0.0
0.0
0.0
0.0
0.0
0.0
0.0
0.005961668870836644
0.07461038691805236
0.16048578084097231
0.265159692373795
0.37606890720315006
0.41668376464795664
0.4572986220927632
0.1315690605062692
0.22821594935709455
0.3714368219636495
0.325202630004159
0.10548274226429818
0.04380005325604784
0.0
0.0
0.0
0.0
0.0
0.0
0.0
0.0
0.0
0.0
0.0
0.010584467702439123
0.07536144402585106
0.1559055219403583
0.26235852123758197
0.37657867447088667
0.475741152227363
0.44893716448371235
0.17790496987465834
0.47150243739613257
0.4177712681524615
0.3659415308174481
0.1906563565819673
0.07539118044980238
0.03769559022490119
0.0
0.0
0.0
0.0
0.0
0.0
0.0
0.0
0.0
0.0
0.010577670805535965
0.07592218802036141
0.15473220761245107
0.24659906615550276
0.3259124809244824
0.40522589569346196
0.4892380902528044
0.49915816128296
0.5090782323131157
0.42237956425280104
0.30935226642600006
0.10856017107772312
0.04081536590344963
0.0
0.0
0.0
0.0
0.0
0.0
0.0
0.0
0.0
0.0
0.0
0.039800929040653646
0.049569377048688336
0.11412769507446784
0.17676474172053444
0.3716305335253894
0.45892647890106886
0.3148246180451532
0.49019645271614937
0.46441284912008485
0.4386292455240204
0.3089831099629474
0.1793369744018745
0.02863617626510761
0.0
0.0
0.0
0.0
0.0
0.0
0.0
0.0
0.0
0.0
0.0018207187579328172
0.0036414375158656345
0.04617217027524916
0.11037650803457025
0.20957042143922366
0.07689566917029084
0.35650149063107783
0.3557725234382144
0.3668467925237372
0.37792106160926
0.29341949047289034
0.24603152526408925
0.15046460596938221
0.06278718475501313
0.0
0.0
0.0
0.0
0.0
0.0
0.0
0.0
0.0
0.0
0.0
0.033790348147981826
0.06758069629596365
0.15171268616322417
0.1810982203119047
0.21048375446058523
0.24126775014709
0.2720517458335948
0.023554646217885875
0.03181372556733287
0.02297139500940565
0.04065903727467705
0.017487566119706567
0.015671095422338226
0.0
0.0
0.0
0.0
0.0
0.0
0.0
0.0
0.0
0.0
0.0
0.002545437890231788
0.03810255442697763
0.12193972889106379
0.2323833562825527
0.3064635852421589
0.42591564986666774
0.44382377398225703
0.27666507934230133
0.4407685688242886
0.46111762854022376
0.33888733230655
0.20414055042571522
0.02973132627862856
0.0
0.0
0.0
0.0
0.0
0.0
0.0
0.0
0.0
0.0
0.0
0.005912450693632513
0.05276431065919724
0.056790035234487786
0.2529889988565819
0.3592814214644685
0.439622442083994
0.23466098765099128
0.385036563054751
0.4020687370819462
0.37916022087591655
0.35625170466988687
0.19713210010644885
0.02774153471022975
0.0
0.0
0.0
0.0
0.0
0.0
0.0
0.0
0.0
0.0
0.0
0.03488252451910765
0.0697650490382153
0.11301438089315706
0.2589358588407867
0.36653710890858715
0.4427158797870427
0.302800653815516
0.47802151113837177
0.44782289819765125
0.41889870342627245
0.24660798427922434
0.17196064203772482
0.021544463958777595
0.0
0.0
0.0
0.0
0.0
0.0
0.0
0.0
0.0
0.0
0.0
0.001375378231985566
0.05820862507862491
0.1145056229032373
0.19322048593868277
0.3070124346670887
0.3419833188459374
0.16287560277829485
0.27094574924350906
0.4153770612183249
0.3103344180285061
0.1573179177446703
0.06919993854699016
0.09432053832509084
0.0
0.0
0.0
0.0
0.0
0.0
0.0
0.0
0.0
0.0
0.0
0.0025275960358610043
0.03648567974887694
0.08057889594069395
0.21685414608306783
0.1881446318834464
0.25154275772186385
0.3485045166184588
0.11204405711291593
0.1805298298083783
0.15933115797954872
0.2605378024796491
0.16951970643737907
0.03549339562827876
0.01774669781413938
0.0
0.0
0.0
0.0
0.0
0.0
0.0
0.0
0.0
0.0
0.004283744273213843
0.052430413098829724
0.13294815303783722
0.2278506756602608
0.3022639525681216
0.3766772294759825
0.37298821368179474
0.3495809751654961
0.3978015602449338
0.36689734444445443
0.1434397985744674
0.10125592200264828
0.056752389917123815
0.0
0.0
0.0
0.0
0.0
0.0
0.0
0.0
0.0
0.0
0.0
0.002493611551345226
0.02611112906558529
0.04882476500171914
0.11667553223956974
0.26563632476912874
0.3722609457131571
0.38007822676389896
0.4305086529489751
0.1676870931098657
0.027062694632027078
0.04933102811099075
0.04525713802966184
0.0
0.0
0.0
0.0
0.0
0.0
0.0
0.0
0.0
0.0
0.0
0.0
0.0036720235519298356
0.06577017288338557
0.14819529201584114
0.11934196545728501
0.29477802024140864
0.35556394366449884
0.4163498670875891
0.5295793725972588
0.420456042429208
0.4483199212836945
0.3177141488411073
0.16532432182390622
0.011490154214784611
0.0
0.0
0.0
0.0
0.0
0.0
0.0
0.0
0.0
0.0
0.0
0.0
0.009914787178653689
0.08573180947584079
0.12377998872759316
0.11782080936775145
0.16782557988426752
0.21850069435785732
0.21278450406230343
0.2070683137667495
0.15573390029355363
0.05306762218350056
0.028062688088903855
0.006208115708919784
0.0
0.0
0.0
0.0
0.0
0.0
0.0
0.0
0.0
0.0
0.0
0.019202932975640477
0.038405865951280954
0.12965038362163744
0.2208949012919939
0.21774114112892967
0.2844042563429673
0.4640283996390001
0.5014104829942433
0.35765382599038104
0.30471328918537155
0.2823532927024401
0.15265320677219835
0.07632660338609917
0.0
0.0
0.0
0.0
0.0
0.0
0.0
0.0
0.0
0.0
0.0
0.0008266725858463049
0.06591120849412604
0.07337077974366354
0.08010483078072153
0.393754432945161
0.46378286173837363
0.5074665181349549
0.5033238094724816
0.12647314572525073
0.40411587746796535
0.3047974958887729
0.15751978495485777
0.07875989247742889
0.0
0.0
0.0
0.0
0.0
0.0
0.0
0.0
0.0
0.0
0.002101940367300882
0.0015975786566417808
0.07065969059309316
0.17255282168041225
0.09068850684100598
0.37930592935327795
0.45346687146360914
0.4794658517302924
0.1833286401334624
0.5005379313543006
0.4118154872410713
0.12632694986257845
0.1575767089664217
0.012859728940770471
0.0
0.0
0.0
0.0
0.0
0.0
0.0
0.0
0.0
0.0
0.0
0.004165648189521513
0.07058577433927134
0.1613141526510444
0.27149949796021344
0.3669827304618003
0.4486151614929253
0.5164452189440236
0.554597050873549
0.5033688389144649
0.4175206325791576
0.2839161541841094
0.09259084384333885
0.012825744456254696
0.0
0.0
0.0
0.0
0.0
0.0
0.0
0.0
0.0
0.0
0.0
0.0007935377134434212
0.058629183074507665
0.09163313372710498
0.26387168041064696
0.38761938387795014
0.4582773752468175
0.5182149609751827
0.5217102652076304
0.5192480893044623
0.4111774285442876
0.30310676778411294
0.18246694542577765
0.028212219820773283
0.0
0.0
0.0
0.0
0.0
0.0
0.0
0.0
0.0
0.0
0.0
0.00410022805682864
0.05195547992772172
0.09554482937977173
0.2531096437766129
0.11677034060182287
0.25561057228011647
0.1325378902649512
0.5420907605717427
0.3653255620355997
0.39061893944252407
0.2804994390721044
0.057817803506693466
0.020637078222206316
0.0
0.0
0.0
0.0
0.0
0.0
0.0
0.0
0.0
0.0
0.0
0.0041104234021833745
0.07312526494471287
0.16889184308595007
0.2830601699803682
0.39764055874954024
0.2184636021189032
0.26927181500020414
0.21475927870150185
0.1778467547558576
0.058664749814653486
0.13438102386623374
0.0960601225976295
0.028113664815677522
0.0
0.0
0.0
0.0
0.0
0.0
0.0
0.0
0.0
0.0
0.0
0.002572905843192232
0.07347700435945116
0.16340759689721635
0.25679950918291355
0.30818574899499596
0.14815190257541538
0.2641061733538059
0.07230654491413459
0.20713713234789394
0.2804025832912344
0.09459326381332996
0.06522259787662509
0.027746632382907116
0.0
0.0
0.0
0.0
0.0
0.0
0.0
0.0
0.0
0.0
0.0
0.0
0.01779257686823568
0.04168791754339223
0.04611184781523366
0.165495093858598
0.11685365206974123
0.22911065042368328
0.08008868582199581
0.07484997753388861
0.08364516212657201
0.0924403467192554
0.07252458918089648
0.027512139439748246
0.0
0.0
0.0
0.0
0.0
0.0
0.0
0.0
0.0
0.0
0.0
0.0
0.021513877922713392
0.059292730134678236
0.10131964291111535
0.1997157705417609
0.19209390027698472
0.14493023266598776
0.029202896284457047
0.06712118856929694
0.10188378535407729
0.11344020931366765
0.015749259736724513
0.007874629868362256
0.0
0.0
0.0
0.0
0.0
0.0
0.0
0.0
0.0
0.0
0.0
0.004099378444715747
0.015067135392615682
0.08159759693449636
0.14105175337062456
0.2389270687760658
0.35055208181053443
0.4784934706670846
0.5677413998721391
0.3698692876153592
0.2596661004518195
0.27388181032476944
0.12643109544272096
0.015885197674787625
0.0
0.0
0.0
0.0
0.0
0.0
0.0
0.0
0.0
0.0
0.0
0.0
0.051861172983190436
0.14140689123381445
0.23095260948443846
0.36162337725366206
0.3212472040882536
0.5539547441162008
0.5217960760310327
0.3873993343407105
0.4045343114335659
0.31759775198164075
0.06372904228547824
0.018522393673212015
0.0
0.0
0.0
0.0
0.0
0.0
0.0
0.0
0.0
0.0
0.0
0.020699949518560506
0.02477970359164268
0.1020800457521559
0.22013449845095331
0.35100959793332814
0.42780603681785784
0.4054986211817011
0.48075046524498877
0.5080000745418526
0.4251577958619659
0.13597617060819306
0.0
0.0
0.0
0.0
0.0
0.0
0.0
0.0
0.0
0.0
0.0
0.0
0.0
0.0
0.04074569771019228
0.08149139542038455
0.18177621077799447
0.3257587011320484
0.4697411914861024
0.5757294529575728
0.5486497660832879
0.4988004745834314
0.44224689390072497
0.3262459536787934
0.1812044218260165
0.10316924848088659
0.0
0.0
0.0
0.0
0.0
0.0
0.0
0.0
0.0
0.0
0.0
0.02423603513242723
0.04847207026485446
0.14971864653426087
0.24424818943912377
0.35788635837509586
0.26260108549581335
0.18638025881776954
0.3339553339911977
0.42644495821300094
0.23297383670101435
0.16168755717466154
0.1094415099043299
0.024520655190246873
0.0
0.0
0.0
0.0
0.0
0.0
0.0
0.0
0.0
0.0
0.0
0.0002970963410858315
0.05234969994810475
0.14979766046076007
0.24724562097341538
0.3434149152561646
0.43958420953891375
0.4790444441222968
0.3994230449623929
0.19713040088222306
0.23076229637115006
0.3012656583354706
0.1603031142367
0.01694976165224438
0.0
0.0
0.0
0.0
0.0
0.0
0.0
0.0
0.0
0.0
0.0
0.024320996343716674
0.06749531027861776
0.1349906205572355
0.2440468313683678
0.3603035048362805
0.45800719859491706
0.4773469191207336
0.5518392099550936
0.4800503848639638
0.3442934141808975
0.20853644349783113
0.1569191091910414
0.01109678380651448
0.00554839190325724
0.0
0.0
0.0
0.0
0.0
0.0
0.0
0.0
0.0
0.0
0.0
0.007565139124867638
0.08519400500837859
0.07572088061057575
0.1081904560680928
0.13434576496354864
0.14815366102230929
0.40789367772795054
0.2921561172610163
0.4297006718296125
0.3208050377078173
0.165761022449934
0.005632388572544405
0.0
0.0
0.0
0.0
0.0
0.0
0.0
0.0
0.0
0.0
0.0003419688754400182
0.00044927250257209615
0.023281573097361345
0.17823630190961973
0.28999130559736125
0.240994137390484
0.40284953061369616
0.21418551443646636
0.43651710981136477
0.33831469374245915
0.3328474397959833
0.3072001989440384
0.14928364513245893
0.02277810074670034
0.0
0.0
0.0
0.0
0.0
0.0
0.0
0.0
0.0
0.0
0.0
0.000625314515090319
0.06666481443826343
0.17535994010141553
0.2943523645728484
0.07528314016589091
0.11878183799541561
0.39200508160471137
0.11907823529483526
0.256908259533364
0.04047117212210158
0.22680055508872324
0.055884086337745685
0.02878485838486414
0.0
0.0
0.0
0.0
0.0
0.0
0.0
0.0
0.0
0.0
0.0
0.03128271799677384
0.06256543599354768
0.15350791655777016
0.24623713139540968
0.3694351358256701
0.17435828121010905
0.4472273201065123
0.3914970135612005
0.3357667070158887
0.4020373014337691
0.2003283408751578
0.08567828391272843
0.020540222441336346
0.0
0.0
0.0
0.0
0.0
0.0
0.0
0.0
0.0
0.0
0.0
0.0
0.018204494761206676
0.17502604254104803
0.2988357676925925
0.311627102858275
0.3320980819124104
0.28431079901054895
0.29825973068005
0.2953668014356444
0.2311879520397102
0.1523536583747456
0.13057646082469238
0.02095993082510621
0.0
0.0
0.0
0.0
0.0
0.0
0.0
0.0
0.0
0.0
0.0
0.0
0.06624340683026778
0.18291554062138593
0.2858401008137589
0.32393245989538183
0.47626621251313184
0.44743122701360694
0.2950337612006888
0.10035873161143173
0.18921966249906277
0.13391331239808535
0.0786069622971079
0.03120370407027465
0.015601852035137325
0.0
0.0
0.0
0.0
0.0
0.0
0.0
0.0
0.0
0.0
0.0
0.017728855959768596
0.031070314968550224
0.015968884467907733
0.0008674539672652387
0.00043372698363261937
0.0
0.0
0.0
0.0
0.0
0.0
0.0
0.0
0.0
0.0
0.0
0.0
0.0
0.0
0.0
0.0
0.0
0.0
0.0
0.04856595240332929
0.09713190480665858
0.12822176085380538
0.09196796238448608
0.07425618506239748
0.24798733234797227
0.33304030174561033
0.252183566573558
0.33746932969012916
0.3417989530174393
0.17152394141169705
0.04059701559043575
0.0
0.0
0.0
0.0
0.0
0.0
0.0
0.0
0.0
0.0
0.0
0.0323311393440856
0.09312768291858702
0.18625536583717403
0.2783601157718361
0.40805765286573914
0.23080291976857298
0.5366859531155647
0.545139168832808
0.4897818420050568
0.43442451517730574
0.2870414523413917
0.12799661364388834
0.005847030560939641
0.0029235152804698203
0.0
0.0
0.0
0.0
0.0
0.0
0.0
0.0
0.0
0.0
0.025942056255119292
0.033729038029593046
0.1567959154346717
0.2617077183591048
0.31053577609926203
0.35616674345859745
0.3489543862322364
0.4093295221987422
0.4164976995952327
0.4236658769917232
0.27758399510670706
0.13150211322169086
0.005133901385608426
0.0
0.0
0.0
0.0
0.0
0.0
0.0
0.0
0.0
0.0
0.0
0.0055564632183297364
0.011112926436659473
0.043403284399326135
0.1075175632746804
0.10728391994363443
0.238482721641022
0.5340738206744706
0.5781686893336928
0.4955812942876744
0.45350765284502814
0.1641541478057579
0.16605201459860033
0.038969158782129976
0.0
0.0
0.0
0.0
0.0
0.0
0.0
0.0
0.0
0.0
0.0
0.0
0.03007541918435082
0.049991176722709744
0.19260706599317298
0.16728180163664233
0.08296698959045502
0.06656625943316767
0.0893919384581901
0.11483952046360482
0.058855336628940144
0.054749004554918684
0.010988033456063988
0.018510499103631492
0.0
0.0
0.0
0.0
0.0
0.0
0.0
0.0
0.0
0.0
0.0
0.0
0.015027939052877122
0.05088879191998274
0.029517973991858973
0.03259197026274419
0.015586983823161675
0.007793491911580837
0.0
0.11734502658453058
0.07862905221204314
0.015132382617122122
0.04043728851321159
0.015080615003876578
0.0
0.0
0.0
0.0
0.0
0.0
0.0
0.0
0.0
0.0
0.0
0.0
0.024765343478760474
0.1002028277887156
0.1756403120986707
0.3193632459522354
0.5199804549457773
0.5487304792340127
0.23817340023427633
0.4149280412166602
0.4154900596293399
0.24459143273273315
0.08333910829314617
0.05743335402560873
0.004562417046243224
0.0
0.0
0.0
0.0
0.0
0.0
0.0
0.0
0.0
0.0
0.0
0.04007280491677987
0.03429529064053567
0.16116296352908366
0.38059054286797434
0.41429890344706183
0.4480072640261494
0.5391944328788855
0.1169385444900646
0.40421400766700466
0.16328269944540702
0.06846386949542128
0.056926135594210725
0.0
0.0
0.0
0.0
0.0
0.0
0.0
0.0
0.0
0.0
0.0
0.0
0.04670997474271135
0.12141636782952078
0.26890223373109506
0.23016382768762536
0.48365274022263627
0.5579912512645624
0.5344714391433052
0.49518792387940425
0.40199906888868886
0.27927599762953637
0.10147087386721057
0.002219186838880317
0.0
0.0
0.0
0.0
0.0
0.0
0.0
0.0
0.0
0.0
0.0
0.0
0.019017380668206296
0.15479847735725683
0.28001346094352875
0.4121510840256647
0.1470591938625644
0.26947048954487174
0.5301273724100759
0.4736910381989487
0.39128121208452527
0.27669912409112746
0.10066629119629951
0.0
0.0
0.0
0.0
0.0
0.0
0.0
0.0
0.0
0.0
0.0
0.0
0.017507956810416038
0.035015913620832076
0.11773414893223623
0.1641195718478219
0.21626706411305777
0.3983321430094363
0.3571803307092805
0.35039957643626984
0.4732288492095341
0.38381312161218295
0.237178567047729
0.045640306690617624
0.0
0.0
0.0
0.0
0.0
0.0
0.0
0.0
0.0
0.0
0.0
0.0
0.0
0.05385521261215372
0.16088000086135534
0.29291567048994394
0.4195928365225072
0.5154052937178406
0.5597372041565605
0.47670886042394983
0.3502638339487646
0.16618539746940583
0.32722045877228334
0.13423531538887234
0.002029723337704853
0.0
0.0
0.0
0.0
0.0
0.0
0.0
0.0
0.0
0.0
0.0
0.0
0.06248897090338717
0.06369528341823179
0.2647136460145254
0.16864650712788143
0.5133093006353301
0.5604755170826657
0.5221885968271901
0.5343533430596128
0.3249198980065058
0.31460626773213934
0.11013606780662111
0.0029957323100658485
0.0
0.0
0.0
0.0
0.0
0.0
0.0
0.0
0.0
0.0
0.0
0.0
0.0044545163079056285
0.03392876210631354
0.06866287834421471
0.18722222442164793
0.1599862089185904
0.17136761278292448
0.34801386562326225
0.3183097269322463
0.12185287574178398
0.15459235514630748
0.11500604443773214
0.00534151135376744
0.0
0.0
0.0
0.0
0.0
0.0
0.0
0.0
0.0
0.0
0.0
0.0
0.021225859416442176
0.06732921111054689
0.12604930268113426
0.12764997190182742
0.16186555091231292
0.2030403027395169
0.21360437975124652
0.27606021578223083
0.36943598543778305
0.23053057009441982
0.1090494139142291
0.0007119749506055535
0.0
0.0
0.0
0.0
0.0
0.0
0.0
0.0
0.0
0.0
0.0
0.0
0.014599734547978319
0.05533098885225139
0.13197449755646018
0.11940375052809254
0.34035291320129296
0.40413924180106997
0.2678933040667114
0.45151786127662924
0.4003669640198186
0.24701834973321615
0.15022119209903795
0.0
0.0
0.0
0.0
0.0
0.0
0.0
0.0
0.0
0.0
0.0
0.0
0.0
0.0495068978183599
0.1626191568564503
0.26621830906646143
0.44027409457458405
0.21250600147097917
0.5270772649247847
0.5232098305868892
0.28608985071757415
0.27204583458151715
0.29135578265066975
0.08847520698837698
0.04423760349418849
0.0
0.0
0.0
0.0
0.0
0.0
0.0
0.0
0.0
0.0
0.0
0.0
0.0
0.006482115615328246
0.007984170883070735
0.03419731235005827
0.036171043511823354
0.10526269272705852
0.07121448730281323
0.032374401162938944
0.05083739038715262
0.021756866987001206
0.015054277028376853
0.0009872492751833567
0.0
0.0
0.0
0.0
0.0
0.0
0.0
0.0
0.0
0.0
0.0
0.001433295634452946
0.002866591268905892
0.018144316282973985
0.05491085566242509
0.09167739504187618
0.2075585399558896
0.2521725216160904
0.1713854546372953
0.052678658234548315
0.0284953068576735
0.03076190577156954
0.023385573407419875
0.00017219785611859653
0.00022642162808637233
0.0
0.0
0.0
0.0
0.0
0.0
0.0
0.0
0.0
0.0
0.0
0.007762905875516638
0.04107449759788243
0.06721451347530613
0.08705125708716586
0.2580934684308518
0.3742456396088785
0.5328197931958384
0.3969005465992092
0.3216805629901551
0.2464605793811009
0.10867813342089423
0.002949853255969548
0.0
0.0
0.0
0.0
0.0
0.0
0.0
0.0
0.0
0.0
0.0
0.0
0.04342112625369692
0.15683499759186484
0.23697421193678042
0.4196242721706843
0.5576913381887106
0.5988533458342212
0.5904787192374206
0.1619409634118101
0.3789711821807975
0.29672703042838844
0.06439295164838364
0.0
0.0
0.0
0.0
0.0
0.0
0.0
0.0
0.0
0.0
0.0
0.0
0.0
0.006443458264191547
0.0388425665773087
0.07590434616599062
0.13945235856810076
0.20300037097021087
0.3243555667276033
0.14176250749393884
0.2644664088896731
0.17543045790678577
0.14517746979084004
0.03371090941542619
0.0003823254508025048
0.0
0.0
0.0
0.0
0.0
0.0
0.0
0.0
0.0
0.0
0.0
0.0
0.028861323475024642
0.05695051181114735
0.16334769924325726
0.17751710525605455
0.45844984650573517
0.1696121428981166
0.4382401231763147
0.41836004934669735
0.28913574619967647
0.1515843947341771
0.06570220391435401
0.007493578835729094
0.0
0.0
0.0
0.0
0.0
0.0
0.0
0.0
0.0
0.0
0.0
0.0
0.05022354563558638
0.10044709127117275
0.25416061396026335
0.3976371603010887
0.34905549007367087
0.4707556283488985
0.592455766624126
0.5448095193330048
0.38573494421155025
0.31919927081444677
0.05890360778697258
0.0
0.0
0.0
0.0
0.0
0.0
0.0
0.0
0.0
0.0
0.0
0.0
0.0
0.05177621177190099
0.12503389793727673
0.31083993723567827
0.3988453087256246
0.22283034590529813
0.40731169343061785
0.41661409645469927
0.4983569770605006
0.41736430395038504
0.26425995314623973
0.05264281612705333
0.0
0.0
0.0
0.0
0.0
0.0
0.0
0.0
0.0
0.0
0.0
0.0
0.023093731646640633
0.032560186252982126
0.1437577679501934
0.25248178042518393
0.46871316082950004
0.5236724443823602
0.5786317279352202
0.5560940674164692
0.5001224710310953
0.10683906995003746
0.24976896894871195
0.048777081013383565
0.0
0.0
0.0
0.0
0.0
0.0
0.0
0.0
0.0
0.0
0.0
0.0
0.0
0.07252926204751742
0.14505852409503484
0.27030281929920164
0.3955471145033684
0.5071462143683937
0.5820811531135718
0.5707872592968658
0.5594933654801597
0.4311738992333715
0.2519002209339077
0.07262654263444382
0.0
0.0
0.0
0.0
0.0
0.0
0.0
0.0
0.0
0.0
0.0
0.0
0.018224179821586063
0.07581131363962869
0.15162262727925738
0.08346273749158875
0.4106944240581072
0.24298519753982434
0.5284175280328757
0.29382324241068436
0.5384561199527802
0.40934991288945166
0.24689090791628193
0.05714915877384553
0.0
0.0
0.0
0.0
0.0
0.0
0.0
0.0
0.0
0.0
0.0
0.0
0.0
0.03117396764632335
0.09407501536532586
0.2712701026897319
0.41130911842178625
0.3092535044090508
0.57475409825197
0.547029555783998
0.46991026429656846
0.3927909728091387
0.1586469433127441
0.12848174216035108
0.0
0.0
0.0
0.0
0.0
0.0
0.0
0.0
0.0
0.0
0.0
0.0
0.0
0.02898196839505566
0.13927606405467513
0.24957015971429464
0.11489798200734352
0.4893799754756578
0.5566012858478671
0.5378087155227547
0.424649727818455
0.37534758651930267
0.2601520785803951
0.056228179243467936
0.0
0.0
0.0
0.0
0.0
0.0
0.0
0.0
0.0
0.0
0.0
0.0
0.0
0.0322538246418122
0.1361715813941588
0.2798660532419415
0.4235605250897243
0.5323363639036014
0.5546514260487743
0.4962652320385544
0.20729685942511814
0.09687023849217226
0.20463927273598426
0.10589140569060042
0.007143538645216578
0.0
0.0
0.0
0.0
0.0
0.0
0.0
0.0
0.0
0.0
0.0
0.0
0.021769611168694625
0.11844782310706756
0.19380586868446703
0.3019801821224149
0.3628939721684958
0.3703068378534998
0.3749406223172262
0.3206805695332783
0.26642051674933037
0.040896772951315746
0.03852821009553775
0.0
0.0
0.0
0.0
0.0
0.0
0.0
0.0
0.0
0.0
0.0
0.0
0.0
0.04189352367471269
0.07791028036453443
0.11185058505044214
0.15913574719358303
0.06596134615273126
0.18645417507159132
0.16220454614535781
0.09283031867907396
0.06857729130438883
0.09937105753019193
0.1111827899297071
0.0
0.0
0.0
0.0
0.0
0.0
0.0
0.0
0.0
0.0
0.0
0.0
0.008262902603955024
0.016525805207910048
0.09067145430020916
0.22737999054971722
0.3416111887404896
0.4182623439537145
0.46330792856726566
0.5227391454763457
0.48493225606465523
0.4025300764592479
0.2475106999526385
0.038648005403455865
0.0
0.0
0.0
0.0
0.0
0.0
0.0
0.0
0.0
0.0
0.0
0.0
0.0
0.014523545588338354
0.1292030628441985
0.23518452741876572
0.3361248185214737
0.4370651096241817
0.35168588917519206
0.09515967830888072
0.22548942407199785
0.10847090893056746
0.25058204774075193
0.12529102387037597
0.03176614728901079
0.0
0.0
0.0
0.0
0.0
0.0
0.0
0.0
0.0
0.0
0.0
0.0
0.026697361423482464
0.10324486395893417
0.04255728819747278
0.23086255060047162
0.3100336553405414
0.1283602593519307
0.1709589493566223
0.10683022707534878
0.11801282170526561
0.039672500047805516
0.05361179874180946
0.0
0.0
0.0
0.0
0.0
0.0
0.0
0.0
0.0
0.0
0.0
0.0
0.0
0.0
0.0
0.0
0.0
0.0
0.0
0.0
0.0
0.0
0.0
0.015131591730650245
0.0075657958653251225
0.0
0.0
0.0
0.0
0.0
0.0
0.0
0.0
0.0
0.0
0.0
0.0
0.0
0.0
0.0
0.07068517895648
0.08130193191920909
0.059735378045496244
0.049040035962324396
0.03834469387915255
0.037486585645129154
0.024632807970438188
0.04357065798556634
0.0
0.0
0.0
0.0
0.0
0.0
0.0
0.0
0.0
0.0
0.0
0.0
0.0
0.0
0.007665200482533775
0.0
0.01360597121177102
0.10057368347599403
0.06227231981459909
0.08549476769634323
0.03797256377370478
0.011107828763982107
0.004609145712452419
0.0045250341132758685
0.0
0.0
0.0
0.0
0.0
0.0
0.0
0.0
0.0
0.0
0.0
0.0
0.004778643328974863
0.009557286657949726
0.027259804642218596
0.08420293247868721
0.14114606031515584
0.19262490784754377
0.06043910300173844
0.041275394545534944
0.08146590705699773
0.03364039161005595
0.04506257685580901
0.011197887647948919
0.0
0.0
0.0
0.0
0.0
0.0
0.0
0.0
0.0
0.0
0.0
0.0
0.0
0.0
0.022833712534231294
0.06246178331577455
0.03145843265773251
0.15769565466222693
0.13454499900402236
0.11139434334581781
0.19794942695905332
0.1467080460122194
0.09546666506538545
0.02153766706187444
0.0
0.0
0.0
0.0
0.0
0.0
0.0
0.0
0.0
0.0
0.0
0.0
0.0
0.001077308159150169
0.02886557153558911
0.047043066526588
0.2067174239641241
0.1515385156800808
0.054487387696246184
0.06370476583693914
0.11678513220213312
0.12871198704294548
0.07769872694842371
0.038849363474211855
0.0
0.0
0.0
0.0
0.0
0.0
0.0
0.0
0.0
0.0
0.0
0.0
0.01390687586991289
0.02781375173982578
0.07722157391163577
0.15758317212715353
0.35700021294134693
0.09258622227104926
0.4618610391390064
0.46660272434107036
0.4211790623372812
0.3257540282654276
0.25820986529031836
0.03537444993247353
0.0
0.0
0.0
0.0
0.0
0.0
0.0
0.0
0.0
0.0
0.0
0.0
0.0
0.023749207391738705
0.10097130194482862
0.20879047751958657
0.3040421907204097
0.4174084837802555
0.30554090648755555
0.19367332919485555
0.1206670118533091
0.17449121171598098
0.04699596778355557
0.00875198119237899
0.0
0.0
0.0
0.0
0.0
0.0
0.0
0.0
0.0
0.0
0.0
0.0
0.0
0.004675415457258187
0.043015861275846265
0.17196998777096667
0.31792570225721795
0.4638814167434693
0.3767078155120467
0.42855199625297924
0.4241476070597344
0.4104943404055204
0.15286815863676065
0.04133023084386367
0.0
0.0
0.0
0.0
0.0
0.0
0.0
0.0
0.0
0.0
0.0
0.0
0.0
0.021998156827063232
0.14077817827027256
0.29476272722337643
0.3585380108656859
0.39303141303708783
0.42752481520848984
0.2224284511557684
0.13208923335517855
0.1896147321315587
0.12719627903354178
0.06359813951677089
0.0
0.0
0.0
0.0
0.0
0.0
0.0
0.0
0.0
0.0
0.0
0.0
0.0
0.028354954655739548
0.13261170664113103
0.25778845768232267
0.35741057559187495
0.43285698082901547
0.4061774612599037
0.2786659761324781
0.35963995777610996
0.25567972041811865
0.12361176552924005
0.03407199456340634
0.0
0.0
0.0
0.0
0.0
0.0
0.0
0.0
0.0
0.0
0.0
0.0
0.0
0.02093189362538069
0.11440197022546417
0.23481154770120502
0.32303272066782657
0.4112538936344481
0.48408434317598653
0.258197375533369
0.49638927540703703
0.3796338796288552
0.2089841890813265
0.026349870069308633
0.0
0.0
0.0
0.0
0.0
0.0
0.0
0.0
0.0
0.0
0.0
0.0
0.0
0.004650776705984248
0.04726562106454433
0.0770058682703583
0.09738466441024468
0.10094581358144178
0.1406932170589831
0.12244779693457469
0.09917946999873423
0.08735032055090472
0.12086921762881676
0.04002352741423199
0.0
0.0
0.0
0.0
0.0
0.0
0.0
0.0
0.0
0.0
0.0
0.0
0.0
0.0
0.03651038132741342
0.05296439431178389
0.09388766095357111
0.08373097294997435
0.0883333217655236
0.15131931575495405
0.05979400128128596
0.015315218202504942
0.0
0.006174131224404006
0.0
0.0
0.0
0.0
0.0
0.0
0.0
0.0
0.0
0.0
0.0
0.0
0.0
0.0010705112622470135
0.02916463499932796
0.10895085890913334
0.09776231699442627
0.04768578802238648
0.059664860240126016
0.029912293658675083
0.00923783250350141
0.01124546592627101
0.005622732963135505
0.0
0.0
0.0
0.0
0.0
0.0
0.0
0.0
0.0
0.0
0.0
0.0
0.0
0.0
0.0
0.020499441059917415
0.04125461536581606
0.07019325354311409
0.1103858537678121
0.047191356821557257
0.0913664370085568
0.12166870262705044
0.08908098042487073
0.04997121083805672
0.010861441251242715
0.0
0.0
0.0
0.0
0.0
0.0
0.0
0.0
0.0
0.0
0.0
0.0
0.0
0.000982212005061495
0.029361745009519474
0.029171810825393447
0.08251560282247883
0.1267527815106109
0.0766974590733776
0.03330649404968843
0.03725803998676054
0.014998202628925816
0.023384723795306983
0.03501506400871918
0.0
0.0
0.0
0.0
0.0
0.0
0.0
0.0
0.0
0.0
0.0
0.0
0.0
0.011512244129719868
0.09264425362635008
0.08267879379663341
0.3441336871036733
0.41997346274908387
0.49581323839449454
0.5252913802634807
0.4949432355908907
0.38243165231661663
0.2048635703337884
0.01952919641130522
0.014021573505153638
0.0
0.0
0.0
0.0
0.0
0.0
0.0
0.0
0.0
0.0
0.0
0.0
0.004502944198340612
0.07298465414002883
0.14146636408171706
0.24046061863984028
0.20471658743825766
0.20974629114659282
0.16132647202668138
0.11290665290676992
0.03840260080032458
0.03518838487974965
0.005715340683441
0.0028576703417205
0.0
0.0
0.0
0.0
0.0
0.0
0.0
0.0
0.0
0.0
0.0
0.0
0.007302416110327842
0.07408362740805781
0.1118259462991682
0.1974320131823006
0.33899990591150847
0.28793818970100404
0.48700530962011773
0.19880306620912008
0.23662886801068628
0.1787074118262197
0.018188496112844496
0.0
0.0
0.0
0.0
0.0
0.0
0.0
0.0
0.0
0.0
0.0
0.0
0.0
0.01191156182278026
0.06278548553078733
0.1136594092387944
0.05489619442388604
0.30412715193169915
0.1897124375245416
0.18040895092689507
0.41486644433847536
0.36823973158282763
0.19100002468163313
0.013760317780438597
0.0
0.0
0.0
0.0
0.0
0.0
0.0
0.0
0.0
0.0
0.0
0.0
0.0
0.0010263314323765017
0.003731921205888894
0.0031027515728400262
0.009374620053677419
0.010414521636036147
0.01291410411599572
0.004148387092757836
0.013099319556606709
0.001105345358875686
0.000552672679437843
0.0
0.0
0.0
0.0
0.0
0.0
0.0
0.0
0.0
0.0
0.0
0.0
0.0
0.0
0.0
0.008039029812207334
0.041914763977535054
0.07256112250175094
0.19910489943258977
0.24337894947648434
0.202226374335364
0.14972289459482535
0.11456679497536569
0.07575906249468567
0.037879531247342835
0.0
0.0
0.0
0.0
0.0
0.0
0.0
0.0
0.0
0.0
0.0
0.0
0.0
0.0047153472265642265
0.04233702119764359
0.22540039432667314
0.3910535160382696
0.26385893622895357
0.1366643564196376
0.22737999054971722
0.3180956246797969
0.03731686425519646
0.0066142302988833335
0.0005539470976071848
0.0
0.0
0.0
0.0
0.0
0.0
0.0
0.0
0.0
0.0
0.0
0.0
0.0
0.0
0.008155426671673875
0.02594885315202245
0.014427209757455872
0.038536706216666695
0.06538359937201858
0.0
0.0
0.0
0.0
0.0
0.0
0.0
0.0
0.0
0.0
0.0
0.0
0.0
0.0
0.0
0.0
0.0
0.0
0.011822352550926342
0.08605975975141805
0.1623583259377917
0.12422836094916612
0.2842810625865976
0.21466384605602595
0.24168236085818248
0.28663533775142813
0.1431796069073687
0.07369240499155855
0.06991075751557668
0.005546692679031451
0.0
0.0
0.0
0.0
0.0
0.0
0.0
0.0
0.0
0.0
0.0
0.006945579022912171
0.05802298483195747
0.05302410834446997
0.2675623954290605
0.4389580454117105
0.5422997651515147
0.5731279406678901
0.5284612830566898
0.4365447222050338
0.3446281613533778
0.13896595563346864
0.0037357576467632867
0.0
0.0
0.0
0.0
0.0
0.0
0.0
0.0
0.0
0.0
0.0
0.0
0.0
0.008135035980964407
0.1306945569083847
0.253254077835805
0.3820493268658141
0.5320653376395881
0.3081100286845572
0.5150425093456348
0.45418054563844046
0.3473027402847696
0.13924207957015935
0.01008999345273455
0.0
0.0
0.0
0.0
0.0
0.0
0.0
0.0
0.0
0.0
0.0
0.0
0.0
0.0119667866101184
0.061965128716460906
0.25147329084717823
0.28929438911499544
0.1828347179814989
0.2691889915799155
0.5066916718879951
0.4661915120784294
0.30002479984458835
0.1338580876107472
0.007194515371990246
0.003597257685995123
0.0
0.0
0.0
0.0
0.0
0.0
0.0
0.0
0.0
0.0
0.0
0.0
0.011824901387265026
0.10637228614649868
0.26389886799825957
0.39072344173241
0.5175480154665605
0.5409021532258033
0.5141164321425798
0.4553079809122514
0.3458320617173493
0.1398198158069276
0.009344034017613218
0.0
0.0
0.0
0.0
0.0
0.0
0.0
0.0
0.0
0.0
0.0
0.0
0.0
0.05237731234177382
0.10475462468354764
0.08360231259345545
0.40031004000825465
0.5116619027484277
0.5434492903402609
0.3576842131370376
0.11466694915395692
0.342244149764596
0.06950183297561166
0.06461172676745398
0.0
0.0
0.0
0.0
0.0
0.0
0.0
0.0
0.0
0.0
0.0
0.0
0.0
0.009726359468415723
0.09662978404793796
0.1538600283790704
0.3925386380116091
0.25774389854182533
0.47378449553136714
0.4369104802196349
0.1457417586598256
0.3518218271132552
0.1362310542420614
0.0024251293003457065
0.0
0.0
0.0
0.0
0.0
0.0
0.0
0.0
0.0
0.0
0.0
0.0
0.0
0.009701720717141784
0.041808417113841624
0.2534613831913512
0.39968132704471276
0.5024002811057653
0.5427305184927521
0.49377162048720913
0.4448127224816662
0.3327157499184847
0.11640110752710482
0.0070679231671689725
0.0
0.0
0.0
0.0
0.0
0.0
0.0
0.0
0.0
0.0
0.0
0.0
0.0
0.0029065230382119313
0.056633869027375036
0.11036121501653813
0.11767443822217558
0.27724032700704127
0.27908610932230443
0.28093189163756765
0.3142018523664016
0.2170155723845178
0.12121840820721641
0.004582738265225081
0.0
0.0
0.0
0.0
0.0
0.0
0.0
0.0
0.0
0.0
0.0
0.0
0.0
0.0047501813231928995
0.09214128325551654
0.2250121215910804
0.3782048320549667
0.4910494632774954
0.5562580425542577
0.5394595118581085
0.4643079220241424
0.38274515918627466
0.08579553038430787
0.005527576406491326
0.0
0.0
0.0
0.0
0.0
0.0
0.0
0.0
0.0
0.0
0.0
0.0
0.0
0.004901412279288112
0.08608354889057909
0.19620007561860364
0.32179738465567803
0.40891236265131103
0.4805134234654912
0.3627747422467753
0.2138983396779788
0.3442526327994785
0.11485396386952403
0.05742698193476201
0.0
0.0
0.0
0.0
0.0
0.0
0.0
0.0
0.0
0.0
0.0
0.0
0.0
0.004864029346320756
0.0880121683868495
0.21466469566813884
0.32880413575071854
0.29146626112479274
0.46607851366741443
0.4715126327414874
0.4370438693213593
0.23973671512489736
0.10824738007965673
0.006418819512917609
0.0
0.0
0.0
0.0
0.0
0.0
0.0
0.0
0.0
0.0
0.0
0.0
0.0
0.02417273903001659
0.04834547806003318
0.18973920030609773
0.3311329225521623
0.4722670882977376
0.42243988671281646
0.4561236085406301
0.4177037239894864
0.31338579993196647
0.11455744924212387
0.005077281986657264
0.0
0.0
0.0
0.0
0.0
0.0
0.0
0.0
0.0
0.0
0.0
0.0
0.0
0.036941559474707356
0.12196819089684575
0.2439363817936915
0.3956915485625604
0.46624206399914664
0.5367925794357328
0.47593061572853845
0.41506865202134424
0.31141087657554334
0.15840295674621158
0.00539503691687979
0.0
0.0
0.0
0.0
0.0
0.0
0.0
0.0
0.0
0.0
0.0
0.0
0.0
0.0011299841101496254
0.08121866993214544
0.22200364509932116
0.34561456101644833
0.5035472574581727
0.18391962874798976
0.47754572835515086
0.42374828936667397
0.3189418383442398
0.09411833064222196
0.0049804262057872965
0.0
0.0
0.0
0.0
0.0
0.0
0.0
0.0
0.0
0.0
0.0
0.0
0.0
0.001078861284932048
0.02660142652841583
0.16362764643445601
0.24553705101438464
0.14217619834074507
0.2506933469275411
0.2508828104287165
0.243151340201377
0.12973322080264463
0.05863343113507214
0.0010543939290746137
0.0
0.0
0.0
0.0
0.0
0.0
0.0
0.0
0.0
0.0
0.0
0.0
0.0
0.0
0.04097424336856089
0.055410108717417854
0.18160968680386716
0.2606966799447604
0.2894925832870922
0.17197449248550997
0.12510538362370852
0.07906362880778864
0.03302187399186879
0.002932861013711659
0.0
0.0
0.0
0.0
0.0
0.0
0.0
0.0
0.0
0.0
0.0
0.0
0.0
0.0
0.018823156361176655
0.06808281705468426
0.09124749131275159
0.11441216557081889
0.17827326003653063
0.0827363554772256
0.15734773850199665
0.07256112250175094
0.034958989609268146
0.005996562292809065
0.0
0.0
0.0
0.0
0.0
0.0
0.0
0.0
0.0
0.0
0.0
0.0
0.0
0.0
0.027693106819794765
0.10374188704497746
0.1484739647888705
0.2982011074442603
0.46355176724366637
0.4578173102876852
0.4520828533317041
0.3213402933389408
0.092548247457593
0.0462741237287965
0.0
0.0
0.0
0.0
0.0
0.0
0.0
0.0
0.0
0.0
0.0
0.0
0.0
0.00021950948064719986
0.06422133000157898
0.21157040835297725
0.337334241364179
0.36405921518133055
0.2590799657007176
0.3171950358401288
0.24360588268177552
0.0331837676141729
0.06819836430203792
0.00933468828437138
0.0
0.0
0.0
0.0
0.0
0.0
0.0
0.0
0.0
0.0
0.0
0.0
0.0
0.04781871855003862
0.11483654682120968
0.15516721435577968
0.12694361911118865
0.5207383089504792
0.5371884986803417
0.3572780368230158
0.39468985588145783
0.30028435634507755
0.0340006271459232
0.0170003135729616
0.0
0.0
0.0
0.0
0.0
0.0
0.0
0.0
0.0
0.0
0.0
0.0
0.0
0.0007111253384926589
0.06525445833085863
0.21758183885776197
0.3699092193846653
0.2816841110713036
0.1923100729195655
0.516344115102589
0.4106931496399378
0.3057677529216984
0.04986798296634004
0.02493399148317002
0.0
0.0
0.0
0.0
0.0
0.0
0.0
0.0
0.0
0.0
0.0
0.0
0.0
0.0
0.0
0.0018662825128686565
0.015283247492801907
0.042235067744096265
0.061919730787747894
0.053912136623717646
0.04590454245968741
0.035072837632396
0.012429996391961472
0.0018300644911746565
0.0
0.0
0.0
0.0
0.0
0.0
0.0
0.0
0.0
0.0
0.0
0.0
0.0
0.0
0.053992849774442624
0.10718706416276445
0.10570020907319612
0.29497003257892274
0.35518374224397853
0.47959414315933946
0.4397031552347189
0.3090599998591644
0.038504420956376705
0.000898553326545678
0.0
0.0
0.0
0.0
0.0
0.0
0.0
0.0
0.0
0.0
0.0
0.0
0.0
0.0
0.05236329374191106
0.17559273382034862
0.33679133922403937
0.4343769368989836
0.5376787248694818
0.5079193613911277
0.42898020075787807
0.29541607893819233
0.0248689961565336
0.0
0.0
0.0
0.0
0.0
0.0
0.0
0.0
0.0
0.0
0.0
0.0
0.0
0.0
0.0
0.02120599783262867
0.17388671269765654
0.28415659441205854
0.39442647612646053
0.47681930999862615
0.23582342546668322
0.3912863097572027
0.27973393855838646
0.04525883725388763
0.0025326937085383707
0.0
0.0
0.0
0.0
0.0
0.0
0.0
0.0
0.0
0.0
0.0
0.0
0.0
0.0
0.0013398383020345559
0.010202142251636617
0.03238211607085926
0.056240923425161356
0.08296292359991776
0.10968492377467415
0.20257471530165072
0.33152714257254534
0.10924142625174325
0.00041936484039979373
0.0
0.0
0.0
0.0
0.0
0.0
0.0
0.0
0.0
0.0
0.0
0.0
0.0
0.0
0.08384057291253773
0.16952140566160484
0.25520223841067197
0.10449048048616101
0.4958574182243651
0.5064333898056753
0.43510165603128265
0.09646918295456973
0.04649417326603616
0.0007935377134434212
0.0
0.0
0.0
0.0
0.0
0.0
0.0
0.0
0.0
0.0
0.0
0.0
0.0
0.0
0.006692113266397264
0.034302239446000735
0.05819673050904439
0.10153034671511317
0.03961003356395056
0.02642538991828281
0.043220617795053824
0.08924495556265935
0.02893778856518514
0.004025462190893929
0.0
0.0
0.0
0.0
0.0
0.0
0.0
0.0
0.0
0.0
0.0
0.0
0.0
0.0
0.044450856134525006
0.1625155041786772
0.3281159499392741
0.34378024846470917
0.4977902857812
0.17431279200767225
0.43452052134606284
0.30999287395912245
0.03975504998655734
0.0007536059441373817
0.0
0.0
0.0
0.0
0.0
0.0
0.0
0.0
0.0
0.0
0.0
0.0
0.0
0.0
0.04507277220116374
0.11170364865951588
0.2885299727631827
0.4016821635705792
0.4877393744856585
0.5158343478348524
0.4073350577637224
0.2988357676925925
0.017757828136329912
0.0
0.0
0.0
0.0
0.0
0.0
0.0
0.0
0.0
0.0
0.0
0.0
0.0
0.0
0.0
0.049402395528473884
0.10798045623010447
0.24511649301850189
0.3082112373583828
0.3688684445463696
0.272621835561347
0.22751932693623192
0.29326486106834354
0.03689440600244171
0.0006763377962883218
0.0
0.0
0.0
0.0
0.0
0.0
0.0
0.0
0.0
0.0
0.0
0.0
0.0
0.0
0.047482272153332415
0.18021462371449445
0.30514498724294675
0.430550283942507
0.514823309420508
0.5018862657774642
0.43163353938644744
0.2366488338953393
0.041664128404231185
0.000255733245981231
0.0
0.0
0.0
0.0
0.0
0.0
0.0
0.0
0.0
0.0
0.0
0.0
0.0
0.006064531261840621
0.006886039478113306
0.02205837373123413
0.03335917000068789
0.0481126843411001
0.02148668093030903
0.027871624731031438
0.08597649776435438
0.052217160458493214
0.018581866521114626
0.0
0.0
0.0
0.0
0.0
0.0
0.0
0.0
0.0
0.0
0.0
0.0
0.0
0.0
0.0
0.019240315908607832
0.04089098138149723
0.05347288716135123
0.13560489011485818
0.25019625187153177
0.400943001032361
0.4164509709290235
0.2930099774344752
0.03891988127958209
0.00025488363386833653
0.0
0.0
0.0
0.0
0.0
0.0
0.0
0.0
0.0
0.0
0.0
0.0
0.0
0.0034188391422872873
0.006837678284574575
0.03004143469983504
0.05330806241144969
0.15023351147467492
0.32541418342026973
0.3242884473706846
0.2502056695747397
0.11335721598516654
0.04477795679798936
0.0
0.0
0.0
0.0
0.0
0.0
0.0
0.0
0.0
0.0
0.0
0.0
0.0
0.0
0.0
0.016172366568945953
0.05954506493220788
0.19493670240672958
0.47004875107097016
0.4837100890402566
0.15721930167875053
0.41951892026868537
0.16285821695252856
0.028833495234147247
0.0
0.0
0.0
0.0
0.0
0.0
0.0
0.0
0.0
0.0
0.0
0.0
0.0
0.0
0.0
0.008197907277318598
0.009223385111470115
0.018707264833898327
0.06079739318661431
0.057163602179764725
0.028885112614185686
0.025024475173193284
0.017852899328251185
0.0013857173561308564
0.0
0.0
0.0
0.0
0.0
0.0
0.0
0.0
0.0
0.0
0.0
0.0
0.0
0.0
0.0
0.0
0.0
0.0
0.0
0.0
0.0
0.0
0.0
0.0
0.0
0.0
0.0
0.0
0.0
0.0
0.0
0.0
0.0
0.0
0.0
0.0
0.0
0.0
0.0
0.04042539394363107
0.140017775429232
0.3403180791046643
0.43011740657098724
0.5199167340373102
0.498884586182608
0.41606099896920495
0.21896755621389283
0.02187411345858064
0.0
0.0
0.0
0.0
0.0
0.0
0.0
0.0
0.0
0.0
0.0
0.0
0.0
0.0
0.0
0.02507299909196071
0.19703184587712727
0.3183301176229558
0.4695007512581533
0.3863618714482406
0.49502904641429296
0.4188043964817411
0.28170164021185
0.008936945126137909
0.0
0.0
0.0
0.0
0.0
0.0
0.0
0.0
0.0
0.0
0.0
0.0
0.0
0.0
0.0
0.0429495915310405
0.17762670521861795
0.33308448157548093
0.453033569286033
0.5282369854588856
0.48768075124986887
0.41732862024164347
0.28957754449838163
0.032813719024209646
0.0
0.0
0.0
0.0
0.0
0.0
0.0
0.0
0.0
0.0
0.0
0.0
0.0
0.0
0.0
0.04267601643068848
0.16263954754715976
0.29528863712125814
0.41301344032025256
0.4517650984014815
0.4495688510896494
0.4054136599704117
0.27680872405369084
0.027115370583026537
0.0
0.0
0.0
0.0
0.0
0.0
0.0
0.0
0.0
0.0
0.0
0.0
0.0
0.0
0.0
0.023897039899382338
0.08184483405934864
0.26352928672915055
0.3252739974216422
0.4489469350230106
0.4220469411106028
0.39514694719819504
0.2079136778190795
0.020680408439963934
0.0
0.0
0.0
0.0
0.0
0.0
0.0
0.0
0.0
0.0
0.0
0.0
0.0
0.0
0.012383946157549579
0.024767892315099158
0.05399115055021684
0.12251236745515466
0.24728937599722947
0.3720663845393043
0.3930148456008864
0.41396330666246856
0.2280422631917185
0.0421212197209684
0.0
0.0
0.0
0.0
0.0
0.0
0.0
0.0
0.0
0.0
0.0
0.0
0.0
0.0
0.019699531255627283
0.039399062511254565
0.11639770907865327
0.29393605463753014
0.19186535461861612
0.2217334684474207
0.25160158227622526
0.279697405237532
0.12811470972758068
0.07721699688041256
0.0
0.0
0.0
0.0
0.0
0.0
0.0
0.0
0.0
0.0
0.0
0.0
0.0
0.0
0.0
0.006932834841218755
0.01708972027284706
0.12414956999670226
0.13422766887985627
0.08124075984708069
0.06612361152234966
0.041118677427752943
0.023981576304615337
0.020031729591769017
0.0
0.0
0.0
0.0
0.0
0.0
0.0
0.0
0.0
0.0
0.0
0.0
0.0
0.0
0.0
0.006181777733420055
0.00881812411973155
0.017503708749851563
0.03257327879626051
0.11198057570371497
0.08447013548819252
0.11479194218528274
0.14511374888237294
0.05528001212547772
0.0
0.0
0.0
0.0
0.0
0.0
0.0
0.0
0.0
0.0
0.0
0.0
0.0
0.0
0.0
0.049478860618634386
0.15645884218245
0.366787744481891
0.4473946936927525
0.5234162863303226
0.4984402390475642
0.44061139058340304
0.28581461245037204
0.021997307214950336
0.0
0.0
0.0
0.0
0.0
0.0
0.0
0.0
0.0
0.0
0.0
0.0
0.0
0.0
0.0
0.012447667066016662
0.009445445383964883
0.1748595185669207
0.3704895044577722
0.2129340357941728
0.11254301892245111
0.03341202959372769
0.06256033832087031
0.015918332547190512
0.007959166273595256
0.0
0.0
0.0
0.0
0.0
0.0
0.0
0.0
0.0
0.0
0.0
0.0
0.0
0.0
0.0
0.00027017665190043675
0.03685957190581304
0.02147766750632635
0.04202691277643712
0.021043320317367116
0.053655553765623525
0.04089183099361013
0.0055486459983451865
0.009714040092778754
0.0
0.0
0.0
0.0
0.0
0.0
0.0
0.0
0.0
0.0
0.0
0.0
0.0
0.0
0.0
0.012454463962919817
0.028913999426024097
0.017499460689287094
0.03264804466219523
0.013896220736239421
0.0
0.0
0.0
0.0
0.0
0.0
0.0
0.0
0.0
0.0
0.0
0.0
0.0
0.0
0.0
0.0
0.0
0.0
0.0052544261121957574
0.010508852224391515
0.02163877090330888
0.03419094025921156
0.03713272220010861
0.04007450414100566
0.017666249192008876
0.031139983161807574
0.024936115513452258
0.0
0.0
0.0
0.0
0.0
0.0
0.0
0.0
0.0
0.0
0.0
0.0
0.0
0.0
0.00993366482396197
0.006918234384682352
0.11398226184169431
0.2695173529008306
0.39195750332638923
0.49818450580158297
0.5018896642259156
0.4356224682564869
0.29457751178276553
0.02660135525472539
0.0
0.0
0.0
0.0
0.0
0.0
0.0
0.0
0.0
0.0
0.0
0.0
0.0
0.0
0.0
0.02202449480256296
0.13037595236604924
0.23872740992953556
0.36414630042290214
0.48956519091626877
0.5023518532153303
0.40927089896295243
0.27972034476458013
0.019837593223972636
0.0
0.0
0.0
0.0
0.0
0.0
0.0
0.0
0.0
0.0
0.0
0.0
0.0
0.0
0.0
0.0063609683615259306
0.13884361148921184
0.14834840814117983
0.3712592530320546
0.46713033346317784
0.44349072603400247
0.416640434430199
0.18355620917905185
0.026953094669463697
0.0
0.0
0.0
0.0
0.0
0.0
0.0
0.0
0.0
0.0
0.0
0.0
0.0
0.0
0.0
0.012360127683572869
0.09128827269417053
0.19152550977345834
0.27784610044353497
0.3893101119826101
0.42465652471535814
0.44864192427448146
0.3065239077021744
0.042139061575339185
0.0
0.0
0.0
0.0
0.0
0.0
0.0
0.0
0.0
0.0
0.0
0.0
0.0
0.0
0.0
0.003373809700303881
0.01679258341135891
0.025364320018351063
0.03335237310378473
0.04399461442990067
0.05546097950552425
0.09937912884526443
0.06780414428165489
0.03622915971804536
0.0
0.0
0.0
0.0
0.0
0.0
0.0
0.0
0.0
0.0
0.0
0.0
0.0
0.0
0.0
0.01894819238848646
0.14016985599744008
0.30187398060830306
0.42948147190448577
0.5122175490702606
0.36113496081636975
0.42817646769907985
0.2857368729420422
0.1432972781850046
0.0
0.0
0.0
0.0
0.0
0.0
0.0
0.0
0.0
0.0
0.0
0.0
0.0
0.0
0.0
0.005268444712058516
0.012021448119608286
0.07822888490686984
0.142344013394337
0.17531321143520634
0.1899690203826357
0.09621432372473257
0.05241681930502341
0.024942912410355417
0.0
0.0
0.0
0.0
0.0
0.0
0.0
0.0
0.0
0.0
0.0
0.0
0.0
0.0
0.0
0.03307964761554562
0.2061571047756702
0.3792345619357948
0.4505161685955267
0.5217977752552585
0.4792984781440522
0.4006949142953958
0.13115134986254595
0.1315951457480528
0.0
0.0
0.0
0.0
0.0
0.0
0.0
0.0
0.0
0.0
0.0
0.0
0.0
0.0
0.0
0.030758507323117964
0.1888645246358729
0.30643129998186897
0.41498836367667574
0.5235454273714825
0.341342726374212
0.39849781737145074
0.30415773796776335
0.03402696512142293
0.0
0.0
0.0
0.0
0.0
0.0
0.0
0.0
0.0
0.0
0.0
0.0
0.0
0.0
0.0
0.012323752288183226
0.16235237865300145
0.3154278426453083
0.44798687333543985
0.4645793730942121
0.30747610992463764
0.41351810991531185
0.27676709306015906
0.13838354653007953
0.0
0.0
0.0
0.0
0.0
0.0
0.0
0.0
0.0
0.0
0.0
0.0
0.0
0.0
0.0
0.0037016343058757007
0.03473299278723822
0.08987366852620125
0.14550881851486883
0.07187084699595546
0.1431109028725749
0.42584938012186196
0.2922818598537247
0.032368522277052954
0.0
0.0
0.0
0.0
0.0
0.0
0.0
0.0
0.0
0.0
0.0
0.0
0.0
0.0
0.0
0.006637314929864833
0.11182509668705529
0.24024184352076994
0.36865859035448456
0.4693622644837515
0.46630026242887995
0.40715706402607105
0.27689963254977057
0.01850625104306702
0.0
0.0
0.0
0.0
0.0
0.0
0.0
0.0
0.0
0.0
0.0
0.0
0.0
0.0
0.0
0.01753684362225445
0.10727712304673129
0.23482769033135006
0.33415414322561504
0.38886576484756635
0.32329610042282386
0.31973197760923167
0.1734801733016366
0.027228368994041498
0.013614184497020749
0.0
0.0
0.0
0.0
0.0
0.0
0.0
0.0
0.0
0.0
0.0
0.0
0.0
0.0
0.027461587519031026
0.11021550653917674
0.2154191512243891
0.354939053955465
0.4427914952650903
0.5175412185696573
0.44397840338680394
0.3077609429385488
0.023260680426824394
0.011630340213412197
0.0
0.0
0.0
0.0
0.0
0.0
0.0
0.0
0.0
0.0
0.0
0.0
0.0
0.0
0.019803608739456854
0.15959453773454602
0.3374633824053389
0.47726365713367
0.5217094155955176
0.48357457590825004
0.15826274218912728
0.2675963799135763
0.006408624167562876
0.0
0.0
0.0
0.0
0.0
0.0
0.0
0.0
0.0
0.0
0.0
0.0
0.0
0.0
0.0
0.026024468630070054
0.06820040864924536
0.3183785455133908
0.46747697520523873
0.47620121718649544
0.4849254591677521
0.41713151023145195
0.21398500597782324
0.010838501724194564
0.0
0.0
0.0
0.0
0.0
0.0
0.0
0.0
0.0
0.0
0.0
0.0
0.0
0.0
0.0
0.02198201419691824
0.14033298152311585
0.28337112801368763
0.2240632272812049
0.5244884968167953
0.47422586902401576
0.4239632412312363
0.29620876703952287
0.021367744639295545
0.0
0.0
0.0
0.0
0.0
0.0
0.0
0.0
0.0
0.0
0.0
0.0
0.0
0.0
0.0
0.005011861853964391
0.012765368415971841
0.060116308704440846
0.10710550139992658
0.1313891148106759
0.08449477423946646
0.10232728287700817
0.05540065704550873
0.013876714639905134
0.006938357319952567
0.0
0.0
0.0
0.0
0.0
0.0
0.0
0.0
0.0
0.0
0.0
0.0
0.0
0.0
9.175810819260116e-05
0.01235590895782406
0.032536745475406054
0.035959832678257815
0.04713478079915858
0.04316709223194148
0.0528025432042775
0.017685854831521124
0.012431949241928114
0.004146956723037836
0.0
0.0
0.0
0.0
0.0
0.0
0.0
0.0
0.0
0.0
0.0
0.0
0.0
0.0
0.005132506773995404
0.07120004389689402
0.13726758101979264
0.2874756041310807
0.06816638760676894
0.5118794034493287
0.4535220962509473
0.23599675659869282
0.01847141694643835
0.0
0.0
0.0
0.0
0.0
0.0
0.0
