0.0
0.0
0.0
0.0
0.0
0.0
0.0
0.0
0.0
0.024704029651659548
0.03700422021829848
0.03632838090376877
0.03565254158923905
0.02419768115202446
0.008568843904898487
0.0
0.0
0.0
0.0
0.0
0.0
0.0
0.0
0.0
0.0
0.0
0.0
0.0
0.0
0.0
0.0
0.0
0.0
0.09764200178365885
0.1173394681662755
0.020274534704104567
0.03492615238254777
0.0236768898260575
0.002321830351373784
0.0
0.0
0.0
0.0
0.0
0.0
0.0
0.0
0.0
0.0
0.0
0.0
0.0
0.0
0.0
0.0
0.0
0.0
0.23069951288911011
0.46139902577822023
0.3753427194467823
0.34641203914800106
0.22221477720814434
0.08365200053619073
0.04182600026809537
0.0
0.0
0.0
0.0
0.0
0.0
0.0
0.0
0.0
0.0
0.0
0.0
0.0
0.0
0.0
0.0
0.0
0.024360800131772675
0.0368190122100427
0.041578348275404714
0.03479106947744378
0.02368028813813559
0.008997031226737555
0.0
0.0
0.0
0.0
0.0
0.0
0.0
0.0
0.0
0.0
0.0
0.0
0.0
0.0
0.0
0.0
0.0
0.0
0.15293338887216754
0.11996126593452025
0.0782733220945972
0.02022332088255286
0.00908472830188528
0.009036111815635565
0.0
0.0
0.0
0.0
0.0
0.0
0.0
0.0
0.0
0.0
0.0
0.0
0.0
0.0
0.0
0.0
0.0
0.0
0.0260098310676648
0.03389306551080907
0.022602785819742864
0.03668732761701679
0.022903349039282754
0.009119370461548718
0.004559685230774359
0.0
0.0
0.0
0.0
0.0
0.0
0.0
0.0
0.0
0.0
0.0
0.0
0.0
0.0
0.0
0.0
0.012981127349285786
0.025962254698571573
0.037602323144041945
0.14162125754223262
0.12335617970053
0.07517915894749823
0.02700213819446645
0.0
0.0
0.0
0.0
0.0
0.0
0.0
0.0
0.0
0.0
0.0
0.0
0.0
0.0
0.0
0.0
0.0
0.0
0.0604631932823486
0.03606873033345231
0.07868621701208488
0.013152659486271217
0.06830777192560462
0.012981462602863689
0.0
0.0
0.0
0.0
0.0
0.0
0.0
0.0
0.0
0.0
0.0
0.0
0.0
0.0
0.0
0.0
0.0
0.0
0.10609530307790234
0.1180752027311815
0.07770240566547845
0.037329608599775396
0.02390372715726986
0.0030835893546004604
0.0
0.0
0.0
0.0
0.0
0.0
0.0
0.0
0.0
0.0
0.0
0.0
0.0
0.0
0.0
0.0
0.0
0.0
0.16586099280622343
0.33172198561244687
0.3271104761224817
0.36516477477290926
0.1750929323553588
0.0702881382891103
0.0
0.0
0.0
0.0
0.0
0.0
0.0
0.0
0.0
0.0
0.0
0.0
0.0
0.0
0.0
0.0
0.0
0.0
0.28446930574465495
0.2787941245742483
0.3123197475916141
0.3458453706089799
0.19948219335078546
0.053119016092591016
0.026559508046295508
0.0
0.0
0.0
0.0
0.0
0.0
0.0
0.0
0.0
0.0
0.0
0.0
0.0
0.0
0.0
0.0
0.0
0.027489795977672052
0.04006355066659706
0.04361053889810124
0.03883251211630974
0.02545080873081935
0.02958995284193034
0.0
0.0
0.0
0.0
0.0
0.0
0.0
0.0
0.0
0.0
0.0
0.0
0.0
0.0
0.0
0.0
0.0
0.0
0.02867325815886615
0.040231767114462406
0.03966764730949983
0.039103527504537244
0.026431221765347693
0.010714028404191436
0.0
0.0
0.0
0.0
0.0
0.0
0.0
0.0
0.0
0.0
0.0
0.0
0.0
0.0
0.0
0.0
0.0
0.0
0.028062411562829855
0.04029378630988751
0.04459010235461006
0.03521500890918524
0.025839915463760407
0.01105385961200022
0.00552692980600011
0.0
0.0
0.0
0.0
0.0
0.0
0.0
0.0
0.0
0.0
0.0
0.0
0.0
0.0
0.0
0.0
0.0
0.027728527401157728
0.03603442690901417
0.04434032641687061
0.03889538088975437
0.025772798800218173
0.011030071427453604
0.0
0.0
0.0
0.0
0.0
0.0
0.0
0.0
0.0
0.0
0.0
0.0
0.0
0.0
0.0
0.0
0.0
0.0
0.02857385753058208
0.03949688212757592
0.03920929996796773
0.03892171780835955
0.027177151266487978
0.011081895686644444
0.0
0.0
0.0
0.0
0.0
0.0
0.0
0.0
0.0
0.0
0.0
0.0
0.0
0.0
0.0
0.0
0.0
0.0
0.1503319809763913
0.3006639619527826
0.2937182368541808
0.28677251175557905
0.11796900547874127
0.058984502739370635
0.0
0.0
0.0
0.0
0.0
0.0
0.0
0.0
0.0
0.0
0.0
0.0
0.0
0.0
0.0
0.0
0.0
0.015365468061074165
0.03073093612214833
0.04096325378927082
0.04532923523159417
0.015596642788654962
0.028013136037697586
0.011816780673530942
0.0
0.0
0.0
0.0
0.0
0.0
0.0
0.0
0.0
0.0
0.0
0.0
0.0
0.0
0.0
0.0
0.0
0.0
0.030126036572248695
0.041368502504582794
0.04515337258155312
0.039877493080321756
0.02809639468361073
0.013211787781585998
0.0
0.0
0.0
0.0
0.0
0.0
0.0
0.0
0.0
0.0
0.0
0.0
0.0
0.0
0.0
0.0
0.0
0.0034801328173813813
0.03130695001938422
0.0430243300646311
0.15102013917220405
0.1336029401939844
0.03871269408820473
0.06427737380099244
0.0
0.0
0.0
0.0
0.0
0.0
0.0
0.0
0.0
0.0
0.0
0.0
0.0
0.0
0.0
0.0
0.019955738100551314
0.03991147620110263
0.11718541663249997
0.177669839739815
0.3724235693717049
0.3291197281386511
0.16279698967881748
0.03955133643571844
0.04514742553541647
0.0
0.0
0.0
0.0
0.0
0.0
0.0
0.0
0.0
0.0
0.0
0.0
0.0
0.0
0.0
0.0
0.04143476959010551
0.18566847954236815
0.3299021894946308
0.39931016495551636
0.4033889890272413
0.09802969169084855
0.17217972932641798
0.059603845115602135
0.0
0.0
0.0
0.0
0.0
0.0
0.0
0.0
0.0
0.0
0.0
0.0
0.0
0.0
0.0
0.0
0.042874751254542806
0.45195341735717515
0.1419300526583923
0.3915891999141008
0.3904516149459609
0.34117693939170674
0.11935891511867917
0.05967945755933959
0.0
0.0
0.0
0.0
0.0
0.0
0.0
0.0
0.0
0.0
0.0
0.0
0.0
0.0
0.0
0.030407671685720224
0.06081534337144045
0.4443904738273906
0.33128530251041255
0.3972159551373947
0.40058708071885785
0.3474706133603254
0.0724913265646836
0.003416153216497801
0.0
0.0
0.0
0.0
0.0
0.0
0.0
0.0
0.0
0.0
0.0
0.0
0.0
0.0
0.0
0.0
0.03504254457122228
0.039448456180463165
0.018105808998734502
0.023352599945192176
0.013313972048171394
0.029612041870437908
0.016304676561655695
0.007580359879184687
0.0
0.0
0.0
0.0
0.0
0.0
0.0
0.0
0.0
0.0
0.0
0.0
0.0
0.0
0.0
0.0
0.004458675217197356
0.03285403159293371
0.04525362278785672
0.04897732324742146
0.023093390977703236
0.03241904764693847
0.0157188925171953
0.0
0.0
0.0
0.0
0.0
0.0
0.0
0.0
0.0
0.0
0.0
0.0
0.0
0.0
0.0
0.0
0.0
0.008089681901888102
0.03297552124972535
0.044381955739827186
0.04412453359991203
0.043867111459996874
0.03206137530071972
0.015424938522440703
0.0
0.0
0.0
0.0
0.0
0.0
0.0
0.0
0.0
0.0
0.0
0.0
0.0
0.0
0.0
0.0
0.0
0.008534011206098088
0.018126286991885846
0.041372750394680406
0.0498838229942514
0.04490444622183319
0.032354479717454795
0.016239683843162264
0.0
0.0
0.0
0.0
0.0
0.0
0.0
0.0
0.0
0.0
0.0
0.0
0.0
0.0
0.0
0.0
0.0
0.01669888076271388
0.03339776152542776
0.04498685528972682
0.049547390098520695
0.04143604395713479
0.03332469781574888
0.016129238700624406
0.0
0.0
0.0
0.0
0.0
0.0
0.0
0.0
0.0
0.0
0.0
0.0
0.0
0.0
0.0
0.0
0.0
0.008851753385399301
0.027115981649082393
0.045380209912765486
0.05029162044362193
0.04498090824359016
0.032542236459769155
0.044820337997900514
0.022410168998950257
0.0
0.0
0.0
0.0
0.0
0.0
0.0
0.0
0.0
0.0
0.0
0.0
0.0
0.0
0.0
0.0
0.008955401903780979
0.03492105491443064
0.04665882483214604
0.02985771373695115
0.011535940290705322
0.01606511872332128
0.017037437603493383
0.000175137921217303
0.0
0.0
0.0
0.0
0.0
0.0
0.0
0.0
0.0
0.0
0.0
0.0
0.0
0.0
0.0
0.0
0.07095165872235695
0.23020930637184597
0.08830163459996267
0.1271416926701965
0.41608253421691893
0.23862862454530862
0.07347065755023957
0.006003967863961691
0.0
0.0
0.0
0.0
0.0
0.0
0.0
0.0
0.0
0.0
0.0
0.0
0.0
0.0
0.0
0.0
0.00930712720386307
0.020650215791065983
0.0428892471595271
0.050699417892992475
0.04581944174885834
0.01873445231796168
0.009168384321960885
0.000847029285463394
0.0
0.0
0.0
0.0
0.0
0.0
0.0
0.0
0.0
0.0
0.0
0.0
0.0
0.0
0.0
0.0
0.01747284633849839
0.03494569267699678
0.04691114950394406
0.05153540266420208
0.046696206265005
0.009527289291622852
0.01891755376069548
0.0015360370592957036
0.0007680185296478518
0.0
0.0
0.0
0.0
0.0
0.0
0.0
0.0
0.0
0.0
0.0
0.0
0.0
0.0
0.0
0.010261203319786232
0.029061940102797446
0.021742049472893394
0.05170361911206743
0.027287361119384814
0.03512410406109639
0.019692368914499506
0.0015623739779008841
0.0
0.0
0.0
0.0
0.0
0.0
0.0
0.0
0.0
0.0
0.0
0.0
0.0
0.0
0.0
0.0
0.005158071826004673
0.03691501452624868
0.044869613523032786
0.05282421251981689
0.047909403676882366
0.03677993162114469
0.019835098021779195
0.002247133861635584
0.001123566930817792
0.0
0.0
0.0
0.0
0.0
0.0
0.0
0.0
0.0
0.0
0.0
0.0
0.0
0.0
0.0
0.004970477739985238
0.03670177044334867
0.048787017771048546
0.02839250977622588
0.04499110317982443
0.0341670544221049
0.02042555474534696
0.01021277737267348
0.0
0.0
0.0
0.0
0.0
0.0
0.0
0.0
0.0
0.0
0.0
0.0
0.0
0.0
0.0
0.0
0.007151594337833089
0.037534356902480186
0.14868974666465534
0.20044136693482578
0.15278687780065545
0.1904753919768234
0.08543271606510876
0.01975863600002222
0.0
0.0
0.0
0.0
0.0
0.0
0.0
0.0
0.0
0.0
0.0
0.0
0.0
0.0
0.0
0.0
0.019421778315281763
0.038843556630563526
0.05012850146387372
0.15907838668736984
0.1423867273378219
0.10149568768021044
0.07300254006148296
0.018265927419722137
0.0
0.0
0.0
0.0
0.0
0.0
0.0
0.0
0.0
0.0
0.0
0.0
0.0
0.0
0.0
0.0
0.05633466889648163
0.12009210094952662
0.20514760437396765
0.2709788563726658
0.2889287407691257
0.09233083430238452
0.10433795094452117
0.014983157952289284
0.0
0.0
0.0
0.0
0.0
0.0
0.0
0.0
0.0
0.0
0.0
0.0
0.0
0.0
0.0
0.0
0.10536636513715252
0.12850844559992092
0.04053630029178588
0.1638377227527319
0.14628034340129106
0.10503672886557798
0.022981935006088534
0.0049453936516373285
0.0024726968258186642
0.0
0.0
0.0
0.0
0.0
0.0
0.0
0.0
0.0
0.0
0.0
0.0
0.0
0.0
0.0
0.01023498276010342
0.040630219205618205
0.051775833243726796
0.09855572294365472
0.14533561264358266
0.10468415398747637
0.06144912857400383
0.0064665669730216025
0.0
0.0
0.0
0.0
0.0
0.0
0.0
0.0
0.0
0.0
0.0
0.0
0.0
0.0
0.0
0.0
0.020314260024789584
0.0363780812179108
0.05244190241103201
0.057143467171066546
0.051533703508163047
0.039618371784367556
0.06406752803017052
0.019101912190931745
0.0
0.0
0.0
0.0
0.0
0.0
0.0
0.0
0.0
0.0
0.0
0.0
0.0
0.0
0.0
0.0
0.1038226818756811
0.2207913092364353
0.27828522734055466
0.344997491745497
0.3259890331367127
0.25531603600475894
0.16771094894373248
0.02410868262630666
0.0
0.0
0.0
0.0
0.0
0.0
0.0
0.0
0.0
0.0
0.0
0.0
0.0
0.0
0.0
0.0
0.2604186015900078
0.11740130006347718
0.37963818591348536
0.4388741637466344
0.4517614127247631
0.3449159322556229
0.07176918342648418
0.03829218049589378
0.0
0.0
0.0
0.0
0.0
0.0
0.0
0.0
0.0
0.0
0.0
0.0
0.0
0.0
0.0
0.0
0.024834864666665932
0.030646906172808096
0.053175937819898995
0.05778659773184466
0.05394480592756636
0.04072112405370706
0.025693788044402633
0.007550199859491658
0.0
0.0
0.0
0.0
0.0
0.0
0.0
0.0
0.0
0.0
0.0
0.0
0.0
0.0
0.0
0.0
0.013386267387199766
0.04016974791903731
0.05513506473291664
0.05890719113959414
0.05398983356260102
0.04220788558787049
0.02696475676160749
0.013482378380803744
0.0
0.0
0.0
0.0
0.0
0.0
0.0
0.0
0.0
0.0
0.0
0.0
0.0
0.0
0.0
0.01337320760529517
0.0218316063676558
0.0436632127353116
0.056014377983121866
0.05989015290818104
0.05518179152399034
0.04359949438384746
0.03463474712185174
0.025669999859856015
0.0
0.0
0.0
0.0
0.0
0.0
0.0
0.0
0.0
0.0
0.0
0.0
0.0
0.0
0.0
0.0780447856073458
0.1560895712146916
0.23669498497287658
0.31529114671489217
0.35384669639683775
0.09063508752257704
0.2929880245464016
0.09613571133895282
0.11728636954005539
0.0
0.0
0.0
0.0
0.0
0.0
0.0
0.0
0.0
0.0
0.0
0.0
0.0
0.0
0.0
0.044984731344678015
0.08996946268935603
0.1298172205389945
0.1102540739277483
0.27340057851731314
0.13179734322409978
0.27050309268173345
0.18588936982744386
0.05474255968789749
0.0
0.0
0.0
0.0
0.0
0.0
0.0
0.0
0.0
0.0
0.0
0.0
0.0
0.0
0.0
0.0
0.34194155960927647
0.2922276522189295
0.39405637448279257
0.4478652479272354
0.15476302419480836
0.46351787335890804
0.3474833570306183
0.17374167851530914
0.0
0.0
0.0
0.0
0.0
0.0
0.0
0.0
0.0
0.0
0.0
0.0
0.0
0.0
0.0
0.0
0.3433467616535658
0.3027879070015875
0.41021704757013927
0.45687587240228533
0.4410066045756347
0.2953311607242432
0.18871846463245198
0.05527269637207918
0.0
0.0
0.0
0.0
0.0
0.0
0.0
0.0
0.0
0.0
0.0
0.0
0.0
0.0
0.0
0.0
0.029061515313787683
0.0459417809836695
0.057154511685320326
0.06170145324580187
0.05632277480420834
0.04244534264432688
0.02856791048444542
0.011258607914705012
0.0
0.0
0.0
0.0
0.0
0.0
0.0
0.0
0.0
0.0
0.0
0.0
0.0
0.0
0.0
0.01464247716646098
0.02928495433292196
0.04494097807667263
0.057312533196951405
0.06196737116591222
0.05743657158780162
0.04498515613368778
0.030601800263180996
0.01206825576730944
0.00603412788365472
0.0
0.0
0.0
0.0
0.0
0.0
0.0
0.0
0.0
0.0
0.0
0.0
0.0
0.0
0.02491812331257908
0.14231111489408446
0.2544520151589051
0.31198373948489316
0.27859872162975824
0.09153149066184692
0.11646355322814836
0.0767219926309501
0.008612815250025696
0.0
0.0
0.0
0.0
0.0
0.0
0.0
0.0
0.0
0.0
0.0
0.0
0.0
0.0
0.0
0.05977376071950653
0.11954752143901307
0.16967602290288678
0.2525956871862496
0.14993044443018247
0.3255574475027955
0.232144645100317
0.07745929616427318
0.03389986213496524
0.0
0.0
0.0
0.0
0.0
0.0
0.0
0.0
0.0
0.0
0.0
0.0
0.0
0.0
0.018900986989314802
0.00954307825510387
0.07775844172204122
0.04758061698332736
0.16159228804713535
0.1724456472465284
0.1708352721105245
0.16922489697452062
0.07978217265726821
0.017765438202951494
0.0
0.0
0.0
0.0
0.0
0.0
0.0
0.0
0.0
0.0
0.0
0.0
0.0
0.0
0.0037462142770820824
0.01581319567736224
0.03162639135472448
0.04527443744933501
0.058922483543945525
0.058550793160404666
0.05817910277686381
0.04615757380062808
0.08201826200465001
0.012475112583787371
0.0
0.0
0.0
0.0
0.0
0.0
0.0
0.0
0.0
0.0
0.0
0.0
0.0
0.0
0.0
0.022614067723635528
0.09094902614586485
0.05748407350945786
0.2544571126270222
0.31246884853404017
0.27590768325292236
0.23934651797180462
0.05593786941976436
0.04894418970466011
0.0
0.0
0.0
0.0
0.0
0.0
0.0
0.0
0.0
0.0
0.0
0.0
0.0
0.0
0.0
0.0887940714993474
0.19433927280960925
0.21427332346267713
0.41433410265274273
0.2428278267037913
0.47984421416006146
0.46906391867034736
0.2953804362493755
0.20100846026285665
0.012478601950738548
0.0
0.0
0.0
0.0
0.0
0.0
0.0
0.0
0.0
0.0
0.0
0.0
0.0
0.03496693212748483
0.09036409167942398
0.18072818335884797
0.32295943791909737
0.419896289946553
0.46288833604644225
0.3062973710262578
0.2956285130310759
0.12938138701497973
0.017713701707032865
0.00017246433796295785
0.0
0.0
0.0
0.0
0.0
0.0
0.0
0.0
0.0
0.0
0.0
0.0
0.0
0.0
0.009936664516328842
0.019517304151601952
0.051249094871623185
0.06238621312953656
0.1837977087433808
0.10200726114160859
0.13340498851543575
0.013758237095907441
0.01825063501537074
0.0007773638878625933
0.0
0.0
0.0
0.0
0.0
0.0
0.0
0.0
0.0
0.0
0.0
0.0
0.0
0.02116638677837011
0.04233277355674022
0.038508704961910355
0.22228444260574512
0.33578721643585946
0.4051374205914175
0.3132458596646139
0.4904724351842812
0.31297222351060694
0.13547201183693267
0.022400823640735517
0.011200411820367758
0.0
0.0
0.0
0.0
0.0
0.0
0.0
0.0
0.0
0.0
0.0
0.0
0.0
0.04519240382576999
0.18052768294624078
0.16527412548349946
0.35436154067666803
0.3995769324536463
0.3924047948128419
0.3852326571720375
0.31367355016572235
0.20933772316624993
0.017751932717911353
0.0
0.0
0.0
0.0
0.0
0.0
0.0
0.0
0.0
0.0
0.0
0.0
0.0
0.01822854598686317
0.018889092897041496
0.03777818579408299
0.018251137068528635
0.0646894191404606
0.18488771734242745
0.1597550755799191
0.1346224338174107
0.037020362200669406
0.02014774273296328
0.01007387136648164
0.0
0.0
0.0
0.0
0.0
0.0
0.0
0.0
0.0
0.0
0.0
0.0
0.0
0.0
0.0057282894256392705
0.03845275074158343
0.05406714516237753
0.06536908155607815
0.18533204664663744
0.17444385474844404
0.19109983182117204
0.10367665517031528
0.09275310507031974
0.05294272865354021
0.0
0.0
0.0
0.0
0.0
0.0
0.0
0.0
0.0
0.0
0.0
0.0
0.0
0.0
0.14021945381002138
0.20739218950154467
0.1673580203237855
0.4349584586546578
0.4722485618765255
0.4909673143806528
0.4902252079806004
0.2951765375246902
0.17809024360823228
0.029085303498334297
0.0
0.0
0.0
0.0
0.0
0.0
0.0
0.0
0.0
0.0
0.0
0.0
0.0
0.0
0.08728479614766664
0.1742263627754464
0.19716496930253932
0.28257134844904286
0.3041548780349983
0.3211982626846283
0.30633064734299403
0.22397340370855476
0.1416161600741155
0.032270371493522125
0.0
0.0
0.0
0.0
0.0
0.0
0.0
0.0
0.0
0.0
0.0
0.0
0.0
0.0
0.17600113125822778
0.21893965394288714
0.35366998416877715
0.4435774276627081
0.23095713615623142
0.2459736985479902
0.15508717064854155
0.4231170402185607
0.2760865194260318
0.044912092424008884
0.0
0.0
0.0
0.0
0.0
0.0
0.0
0.0
0.0
0.0
0.0
0.0
0.0
0.009438811796888975
0.020649843342500758
0.023923484400642216
0.01777369850298363
0.12731563806051208
0.12636241152260846
0.18441025449545614
0.10718108394738252
0.04138464448695371
0.02410167883581848
0.01205083941790924
0.0
0.0
0.0
0.0
0.0
0.0
0.0
0.0
0.0
0.0
0.0
0.0
0.0
0.0
0.021429755964421916
0.0397517555334325
0.058073755102443086
0.06957024486261425
0.06977032048621166
0.06997039610980908
0.05721907961480399
0.042235072084495194
0.024862900741310156
0.0059147621719118845
0.0
0.0
0.0
0.0
0.0
0.0
0.0
0.0
0.0
0.0
0.0
0.0
0.0
0.0
0.008328218212799651
0.0430438703590801
0.058791648528939144
0.07118104478762789
0.07138706745736197
0.07159309012709604
0.058686300854518425
0.04352473151812952
0.02593591777996639
0.006715064666301571
0.0
0.0
0.0
0.0
0.0
0.0
0.0
0.0
0.0
0.0
0.0
0.0
0.0
0.0
0.09591565924799023
0.15231999354207265
0.20841168312497102
0.2059712702638942
0.20353085740281737
0.19128164151734975
0.26573186252409814
0.2203304131608446
0.16826657296849984
0.011283736099944394
0.0
0.0
0.0
0.0
0.0
0.0
0.0
0.0
0.0
0.0
0.0
0.0
0.0
0.0
0.07267035505584989
0.117127073661395
0.21285497616707086
0.20939889278365553
0.2059428094002402
0.18054977197474836
0.0964907761168073
0.11414165650079483
0.07086755049842429
0.006942770014877762
0.0
0.0
0.0
0.0
0.0
0.0
0.0
0.0
0.0
0.0
0.0
0.0
0.0
0.0
0.058626830393151884
0.11725366078630377
0.1555246018317095
0.19206665160738803
0.1530587144485366
0.25509939360978084
0.07576344366883661
0.1950367763636368
0.12155422472112391
0.04259359400873346
0.0
0.0
0.0
0.0
0.0
0.0
0.0
0.0
0.0
0.0
0.0
0.0
0.0
0.0
0.07300084090544393
0.04533263354367226
0.04132541838811685
0.07307390461512282
0.07217292712541978
0.07127194963571674
0.0600855558526711
0.045303747891008515
0.02789419511496451
0.009814325281517681
0.0
0.0
0.0
0.0
0.0
0.0
0.0
0.0
0.0
0.0
0.0
0.0
0.0
0.0
0.009268336238085638
0.04507436182573758
0.06095892205673966
0.07188534496581159
0.0762377331598226
0.029914169213284866
0.213169320034294
0.2015674825997021
0.08462678038228824
0.05112930437087059
0.025564652185435296
0.0
0.0
0.0
0.0
0.0
0.0
0.0
0.0
0.0
0.0
0.0
0.0
0.0
0.028513238907226637
0.24529993594360477
0.2653160850887216
0.4781246682485491
0.49767515763378845
0.4861608267352073
0.3439304217529774
0.1260256756493905
0.11538798745543354
0.029075958140119554
0.0
0.0
0.0
0.0
0.0
0.0
0.0
0.0
0.0
0.0
0.0
0.0
0.0
0.0
0.016261020061503203
0.12092128909658006
0.15805719390790446
0.19421438484073955
0.13407063289373122
0.07392688094672287
0.06219930596524172
0.04682194381189425
0.030256022009235557
0.011003734508848425
0.0
0.0
0.0
0.0
0.0
0.0
0.0
0.0
0.0
0.0
0.0
0.0
0.0
0.0
0.02925351994619964
0.04718811193830822
0.06042921016156772
0.07367030838482723
0.0779870143020183
0.07352503054348898
0.06009192768781751
0.04577186537976511
0.010222129926687237
0.011399637865945658
0.0
0.0
0.0
0.0
0.0
0.0
0.0
0.0
0.0
0.0
0.0
0.0
0.0
0.006183228826080824
0.016970364495372828
0.09647935426394304
0.16239428969756406
0.19877661880557249
0.10695366277019562
0.14875683946218102
0.12383279296948183
0.04829935998784294
0.03169010970618863
0.008634672815715182
0.0
0.0
0.0
0.0
0.0
0.0
0.0
0.0
0.0
0.0
0.0
0.0
0.0
0.007057444608168921
0.028356790346594215
0.04965613608501951
0.041000334051963294
0.12532291295904782
0.27711790714173146
0.32470617032723453
0.28010927134846825
0.21625328824515871
0.1401727270189477
0.059613190473816885
0.0
0.0
0.0
0.0
0.0
0.0
0.0
0.0
0.0
0.0
0.0
0.0
0.0
0.007644503019658595
0.03183113965742927
0.05085064278046739
0.06432495017008567
0.07779925755970396
0.08196898647951774
0.03084867364963223
0.0630934868307886
0.050306063269953814
0.03222364470244842
0.014289902288359366
0.0
0.0
0.0
0.0
0.0
0.0
0.0
0.0
0.0
0.0
0.0
0.0
0.0
0.007557846061667356
0.03248021726434405
0.05087613012105305
0.06703170574028265
0.07914668829866578
0.08289587609881618
0.05027682537527549
0.06642765576840251
0.023457314852984138
0.033593164469917815
0.015296652241492887
0.0
0.0
0.0
0.0
0.0
0.0
0.0
0.0
0.0
0.0
0.0
0.0
0.0
0.007953749418764589
0.08474370829127646
0.17161730867749445
0.26642596776604754
0.2649876321789969
0.28058333588336154
0.20291831165074203
0.16757756519466752
0.1288656931571299
0.08732472631458417
0.043662363157292085
0.0
0.0
0.0
0.0
0.0
0.0
0.0
0.0
0.0
0.0
0.0
0.0
0.004228774592170555
0.017027667456268884
0.03405533491253777
0.05308843128388823
0.069135260916619
0.08057652810552124
0.08064152082401466
0.0807065135425081
0.06667658212812246
0.05264665071373681
0.03563130213875099
0.017815651069375497
0.0
0.0
0.0
0.0
0.0
0.0
0.0
0.0
0.0
0.0
0.0
0.0
0.0
0.038705924991400964
0.11270162175770511
0.045722176919178265
0.07004176066344894
0.08097158188459895
0.07136171801748065
0.21152028909840187
0.10569544169935588
0.13467085976452345
0.0922276410652454
0.04452043695700926
0.0012957708743030962
0.0010513527991584254
0.0
0.0
0.0
0.0
0.0
0.0
0.0
0.0
0.0
0.0
0.004641244720648467
0.01807179884226137
0.03614359768452274
0.05438063945158113
0.047393495231357184
0.08172260885385636
0.22403542290397985
0.20414765104499027
0.18425987918600073
0.11081300982030778
0.036180129539362185
0.018103658017993445
0.009051829008996723
0.0
0.0
0.0
0.0
0.0
0.0
0.0
0.0
0.0
0.0
0.0
0.0
0.027400590285622254
0.09077826096394094
0.1764004329274031
0.10905162798120699
0.2692219290282944
0.2197127699406521
0.21034192438532492
0.18164912593200977
0.058973353493337065
0.09395058528883593
0.034196378319190944
0.004593668351555238
0.0
0.0
0.0
0.0
0.0
0.0
0.0
0.0
0.0
0.0
0.0
0.0
0.007015815285212344
0.1579926259784208
0.09531785501343017
0.4088742895102848
0.5087791423489404
0.5270297773643111
0.5247027831688406
0.23632941525260537
0.2957500026878675
0.05235756498882426
0.05150316762200695
0.010838066795041642
0.0
0.0
0.0
0.0
0.0
0.0
0.0
0.0
0.0
0.0
0.0
0.0
0.01879394015885504
0.03758788031771008
0.05567964424343021
0.07169758822349723
0.08297318769859269
0.0875812988764798
0.0824124662057082
0.07111477770210517
0.05519028730418556
0.03826074610917146
0.019242092564152873
0.0008453301294243501
0.0
0.0
0.0
0.0
0.0
0.0
0.0
0.0
0.0
0.0
0.0
0.0047529642302156045
0.0027122315149567832
0.03791071996512841
0.05441717130642057
0.07092362264771274
0.08233345544989265
0.0827357306421363
0.08313800583437995
0.03096086748649219
0.05608149464666409
0.03865070242013204
0.01979176954278358
0.0014536279914020734
0.0
0.0
0.0
0.0
0.0
0.0
0.0
0.0
0.0
0.0
0.0
0.0
0.03315053432174688
0.08717330208528191
0.21145826990297678
0.17942323152086223
0.33133372845752534
0.466382650440736
0.5818921275529612
0.5585695117610444
0.5058871787704877
0.4024612498299233
0.14017442617498674
0.022010867329774936
0.0
0.0
0.0
0.0
0.0
0.0
0.0
0.0
0.0
0.0
0.0
0.0
0.010679195705391036
0.08173558371717589
0.14838946686687968
0.35190965851232764
0.37488904478435764
0.3978684310563876
0.2480618050526235
0.2453029094666731
0.0805393062992589
0.03950282917371257
0.020452741241971665
0.0019225950581781952
0.0
0.0
0.0
0.0
0.0
0.0
0.0
0.0
0.0
0.0
0.0
0.0
0.004459433250864146
0.023189754429829488
0.05702027835823586
0.07296855694070209
0.08438348721099914
0.08787270413717582
0.05692029958417419
0.07119888592603786
0.03253643158013199
0.04053676562347079
0.022350698537583723
0.0033252483684089507
0.0
0.0
0.0
0.0
0.0
0.0
0.0
0.0
0.0
0.0
0.0
0.0
0.008509146716257463
0.04060813017711064
0.05831503525998733
0.07402033452887029
0.08525345510298962
0.08974602367022175
0.08149747067868304
0.07324891768714434
0.05744251863393828
0.04075085928439033
0.06002353665724598
0.0063477819618455
0.009085812129777599
0.0
0.0
0.0
0.0
0.0
0.0
0.0
0.0
0.0
0.0
0.0
0.06841736749012295
0.16159908467129153
0.2626037162562183
0.32741547463149
0.39222723300676177
0.39039724195271147
0.34516655777138183
0.29993587359005225
0.0506769972435421
0.07097437894176903
0.08175829113067629
0.022744053160622387
0.0
0.0
0.0
0.0
0.0
0.0
0.0
0.0
0.0
0.0
0.0
0.009576018647041771
0.019152037294083542
0.04125890694006446
0.05845096774311084
0.07374846956262325
0.2159712283426774
0.2964296651034851
0.165836513349391
0.33664953812567416
0.27244267930030214
0.2295738220132435
0.08919627204656434
0.060426661427509167
0.0
0.0
0.0
0.0
0.0
0.0
0.0
0.0
0.0
0.0
0.0
0.02393261280993361
0.06395878204367171
0.07520856911905953
0.1860261518885869
0.27561245489113856
0.27193718037868647
0.2915343965549996
0.21592535112962322
0.18902006482938227
0.025292140076525946
0.04179244193632425
0.024219770180532032
0.005622507333196331
0.0
0.0
0.0
0.0
0.0
0.0
0.0
0.0
0.0
0.0
0.0
0.0
0.021589476632092045
0.04097132478045628
0.06035317292882051
0.07516726485522492
0.0870783486889228
0.091709398473337
0.08674446452725067
0.07382450679537046
0.060904549063490264
0.021304350291952465
0.025607980664430912
0.012803990332215456
0.0032470871906129305
0.0
0.0
0.0
0.0
0.0
0.0
0.0
0.0
0.0
0.0
0.0
0.03724839291879493
0.12784067727657666
0.1961505731472301
0.24819402346710628
0.11693870572434502
0.36546892370389816
0.3958923125829796
0.31443647122725304
0.2070922884606534
0.11009171808173365
0.068612770434613
0.03285488117095323
0.0
0.0
0.0
0.0
0.0
0.0
0.0
0.0
0.0
0.0
0.0
0.0
0.053861547281653224
0.05770291429692175
0.06206762137221582
0.07738126517409914
0.2251279802370851
0.30524063874394736
0.3586663525015858
0.31546106231879656
0.25801344621674116
0.18900944510413828
0.12000544399153538
0.02858065415473825
0.0
0.0
0.0
0.0
0.0
0.0
0.0
0.0
0.0
0.0
0.0
0.0
0.007259989316740965
0.04523493207142723
0.06343799071770474
0.023217050412190507
0.09016826394592416
0.09386647706490327
0.09001024243429308
0.20147912648567182
0.26381096662195896
0.21862021260754688
0.12409701173355314
0.013664735095854523
0.0
0.0
0.0
0.0
0.0
0.0
0.0
0.0
0.0
0.0
0.0
0.012397042460864439
0.024794084921728878
0.08924307348266475
0.15369206204360064
0.19228414358038565
0.2160880453203617
0.23989194706033773
0.23040216058227747
0.26299792045727644
0.2635926250709418
0.21864909826021067
0.12398911532507388
0.024636912988117314
0.012318456494058657
0.0
0.0
0.0
0.0
0.0
0.0
0.0
0.0
0.0
0.0
0.0
0.025910430439380735
0.046075164732734444
0.06380585800015774
0.04067006849115547
0.026021197060387434
0.09403639266880766
0.0546148642413532
0.07580827147095424
0.06257142113779235
0.04611424532163246
0.017767629003387953
0.026533171127690332
0.0
0.0
0.0
0.0
0.0
0.0
0.0
0.0
0.0
0.0
0.0
0.0
0.02617379962543254
0.1288537990648566
0.23153379850428069
0.3221820740312348
0.3830551887080027
0.4148599914468268
0.407565939360221
0.40027188727361523
0.3563198180116662
0.33110349281423485
0.22470573996138268
0.059909693202630045
0.029954846601315022
0.0
0.0
0.0
0.0
0.0
0.0
0.0
0.0
0.0
0.0
0.004868082051860831
0.02597372400183512
0.04707936595180941
0.07711383145247377
0.090628270939603
0.35013064213944867
0.41803953718488773
0.48594843223032685
0.4039301702256768
0.22188445958958242
0.22381708135296272
0.1336917210970244
0.0435663608410861
0.0
0.0
0.0
0.0
0.0
0.0
0.0
0.0
0.0
0.0
0.0
0.04114718743049732
0.08229437486099464
0.1838410372223764
0.25732868633300643
0.2582029021150945
0.3176767617937098
0.3771506214723251
0.41050335536271815
0.17611862666657674
0.29878809368567805
0.06534484396005191
0.0694752565905642
0.045782909894018904
0.022891454947009452
0.0
0.0
0.0
0.0
0.0
0.0
0.0
0.0
0.0
0.01373342868557248
0.04128269512461107
0.095645918226792
0.16382497908243904
0.20418333332181024
0.25418439808275567
0.29201440813602947
0.31512208068900727
0.3065285990215426
0.2013389461124507
0.16406880797404183
0.04691029992592454
0.039029614216838836
0.03918806051747968
0.015574464253876569
0.0
0.0
0.0
0.0
0.0
0.0
0.0
0.0
0.0
0.009164398096583383
0.014416914202277897
0.033051558482472564
0.047774320771778366
0.0660861254045547
0.08000306294234392
0.09346521246301785
0.10236928977847733
0.4129238031403362
0.331282753776354
0.12353608860080235
0.12252189408535945
0.08153655126758105
0.03299166323209627
0.0
0.0
0.0
0.0
0.0
0.0
0.0
0.0
0.0
0.0
0.0
0.014646725056558587
0.029293450113117174
0.04904528948898322
0.06688557832092486
0.0805399962506818
0.09419441418043874
0.050826565338072054
0.09389026524944988
0.029874047065241573
0.04217796209708085
0.04925088736970753
0.032037587116173105
0.012934825347221839
0.0
0.0
0.0
0.0
0.0
0.0
0.0
0.0
0.0
0.0
0.003507907642606172
0.007015815285212344
0.015330860214294618
0.05381105411035925
0.22621798883613176
0.33075941371632844
0.22001804100631273
0.32676214913447765
0.23904321861883532
0.2117309844472433
0.17338358138008061
0.09090621264840802
0.0846409093509143
0.04232045467545715
0.0
0.0
0.0
0.0
0.0
0.0
0.0
0.0
0.0
0.0
0.0
0.006867139131796002
0.030763220086890166
0.05088547547926779
0.06682143518045094
0.03323467365614707
0.09351390218680165
0.24628162334516238
0.23652082147887463
0.1931643500866318
0.27154212659960886
0.23033164560665711
0.14268068133257653
0.0788111049809546
0.027514858529247954
0.0
0.0
0.0
0.0
0.0
0.0
0.0
0.0
0.0
0.0
0.05913147973674793
0.1449146467349095
0.23069781373307108
0.32919279184832995
0.42794264336944543
0.508433364094995
0.5548220231169331
0.5528348601292712
0.5022960124819684
0.3916095897865693
0.28092316709117027
0.12070953361674322
0.055303281180781975
0.027651640590390988
0.0
0.0
0.0
0.0
0.0
0.0
0.0
0.0
0.0
0.0
0.040441612885284334
0.09306872330457214
0.06081418155734787
0.1738624064325709
0.3295453667264316
0.38868109435327713
0.41838658980586246
0.41234056782993445
0.40629454585400643
0.14337406489077126
0.28756431846977343
0.20064823918257935
0.06858303520392972
0.0
0.0
0.0
0.0
0.0
0.0
0.0
0.0
0.0
0.0
0.0
0.06278211648663379
0.08635790652836818
0.21998123659482108
0.28665526998888496
0.33836058825699145
0.40427722284665146
0.47019385743631154
0.5024650785078532
0.4219837031405184
0.357551706139973
0.24547622338265557
0.17323320607062523
0.06733840340533007
0.0
0.0
0.0
0.0
0.0
0.0
0.0
0.0
0.0
0.0
0.0
0.04595494944297209
0.09190989888594418
0.08976652647484365
0.22223826534114935
0.48497311666391557
0.3933943015962289
0.5896988999743484
0.6175174826455755
0.5029518867130393
0.388386290780503
0.2787966733083068
0.19525511791465394
0.04246187414475621
0.001290509011653857
0.0
0.0
0.0
0.0
0.0
0.0
0.0
0.0
0.0
0.0
0.013213486937625044
0.07855708115311753
0.15880737129914235
0.24429191162344194
0.2996134587316437
0.3549350058398454
0.09895781578874228
0.166304410893683
0.30074467186463716
0.2813513544130094
0.21755484177106638
0.1496710092772032
0.042584102996039715
0.0010053835936192266
0.0
0.0
0.0
0.0
0.0
0.0
0.0
0.0
0.0
0.0
0.006646248846720292
0.10626521868180674
0.20655195684023744
0.33456127535368924
0.4311047727581062
0.510756110400368
0.487273773940781
0.49918018509537154
0.5110865962499621
0.439221641156619
0.3692469971567123
0.2992723531568056
0.08989045193354049
0.005699818932972829
0.0
0.0
0.0
0.0
0.0
0.0
0.0
0.0
0.0
0.0
0.00841422070534549
0.10702983889937652
0.22169356109316757
0.3363572832869587
0.4296485960326456
0.5077732419738265
0.5515723871922615
0.5483295478917461
0.45958092881644325
0.3708323097411403
0.29057012550284217
0.1858456165594385
0.08112110761603482
0.002196777463815757
0.0
0.0
0.0
0.0
0.0
0.0
0.0
0.0
0.0
0.0
0.005472957098884332
0.0320333392260755
0.05588354296811548
0.07285386390806663
0.0874997393866057
0.09920352618354021
0.10286945533777747
0.09917888842097408
0.08550110709568029
0.0718233257703865
0.01601380506416042
0.026813192725729722
0.018586218333081918
2.5436467295043784e-05
0.0
0.0
0.0
0.0
0.0
0.0
0.0
0.0
0.0
0.0
0.01846472867629028
0.11325469704841389
0.1897515515041907
0.2640055199884295
0.08236818856436856
0.07440784876344933
0.2667972333605787
0.05870765267595426
0.0900034458101369
0.1891101200994516
0.161057903472856
0.13300568684626043
0.03491991579721139
0.011053010033980697
0.0
0.0
0.0
0.0
0.0
0.0
0.0
0.0
0.0
0.0
0.042907937875956585
0.08581587575191317
0.18307046995867002
0.2739952831309785
0.3796509295837782
0.4102289416624126
0.34213101550762987
0.24975129997689005
0.2978323184137159
0.3342392852842904
0.2924459937699466
0.2289009562217821
0.0907383307970234
0.015548127335271385
0.007774063667635693
0.0
0.0
0.0
0.0
0.0
0.0
0.0
0.0
0.0
0.021943750666232702
0.03165004807435332
0.1996865168644805
0.2767338978769075
0.376722434150486
0.27879188762273166
0.3271236445817842
0.28016789223181526
0.22239318859224394
0.07223537110985465
0.05629134041748601
0.03803008567687125
0.019768830936256483
0.0012709687172048519
0.0
0.0
0.0
0.0
0.0
0.0
0.0
0.0
0.0
0.0
0.012225427700921002
0.03725059784395985
0.055700883693918256
0.0709491099882984
0.05151103114882313
0.1643725308092838
0.07432416610457229
0.0926264838031763
0.2919608847207996
0.18158285884648706
0.14034689051294968
0.09832506251135449
0.019448540022896706
0.001250578844736325
0.0
0.0
0.0
0.0
0.0
0.0
0.0
0.0
0.0
0.007041727414807765
0.019141842357849277
0.036094322159390464
0.0581051894891654
0.0750236861699257
0.08827285538437067
0.03690118875185698
0.10605962080108242
0.1017369678377547
0.08989809813571618
0.11830543837447195
0.1467127786132277
0.10006244956127691
0.05341212050932609
0.009551805673485394
0.0
0.0
0.0
0.0
0.0
0.0
0.0
0.0
0.0
0.0
0.019852939160189157
0.039705878320378314
0.05754786630835899
0.07538985429633967
0.08882083320696234
0.102251812117585
0.03967342925395224
0.10231892878112724
0.23178272486400064
0.2540968915467449
0.24199975012677166
0.053940712443477055
0.02227552906740299
0.013974711877827048
0.0
0.0
0.0
0.0
0.0
0.0
0.0
0.0
0.0
0.009807953446371266
0.056474424480693
0.112948848961386
0.24434203672659371
0.30703834583325584
0.1097128817387958
0.41908749167196807
0.4055282264803976
0.4039233736015206
0.35890423434705193
0.2485066681782904
0.11185926447902597
0.170477174975296
0.08049241988158856
0.04024620994079428
0.0
0.0
0.0
0.0
0.0
0.0
0.0
0.0
0.0
0.017363675562989813
0.034727351125979626
0.05245612445194568
0.2615256017494449
0.12564518293411234
0.45507476700089877
0.4725939153414611
0.4410669246150207
0.4000425012083443
0.30126376403456506
0.22385446278582166
0.14644516153707832
0.10363492513336675
0.02215529559309367
0.003741541597974711
0.0018707707989873556
0.0
0.0
0.0
0.0
0.0
0.0
0.0
0.0
0.0
0.03924285829973885
0.1252278000775369
0.22384426784958739
0.2741354635041996
0.32442665915881175
0.40147573932727787
0.42881855830757254
0.46516265640470256
0.25519487497292137
0.15851349996058473
0.13014874255911524
0.13728246259653398
0.07209264200257495
0.008156684147604553
0.006493324803206339
0.0
0.0
0.0
0.0
0.0
0.0
0.0
0.0
0.0
0.01847577319054406
0.04060982933314968
0.05928185504620332
0.038504056453732505
0.09208151364588762
0.09917081742978862
0.1062601212136896
0.1025958912154914
0.0917476294842155
0.07570334858554328
0.05920539302444634
0.04097514788154412
0.057800190980157026
0.014469163250478497
0.0
0.0
0.0
0.0
0.0
0.0
0.0
0.0
0.0
0.0
0.04092162446631424
0.12662620549767
0.20705915491789206
0.17245919224563186
0.33110009450215677
0.3818339203049399
0.43256774610772303
0.4693935549419218
0.43983673564275283
0.4102799163435839
0.3937105962288471
0.2911333957297852
0.1210147426787275
0.03356342923923455
0.016781714619617274
0.0
0.0
0.0
0.0
0.0
0.0
0.0
0.0
0.0
0.05923767698918817
0.11847535397837634
0.19866632616640467
0.36121933445024934
0.3435152401208956
0.48282623300858357
0.4447082160066918
0.3043352187342685
0.4012115205632065
0.4100862125551329
0.3505375900107997
0.29098896746646646
0.16779378280063587
0.04459859813480528
0.0
0.0
0.0
0.0
0.0
0.0
0.0
0.0
0.0
0.0
0.04143137127802742
0.14496434704905153
0.24849732282007567
0.3573359133230144
0.4024553027837866
0.1647926689742519
0.5781845690757673
0.5575546908167255
0.3998127708395249
0.46944028173299557
0.37746751407360674
0.07603233835618288
0.14881463463352507
0.07440731731676253
0.022919066232643913
0.0
0.0
0.0
0.0
0.0
0.0
0.0
0.0
0.0
0.04717027079989826
0.1323736007997361
0.24753899881405492
0.3538900248758334
0.43517552583864566
0.516461026801458
0.5581642630457324
0.31506531303926255
0.5313141993167604
0.4641355165791004
0.3848061690062375
0.24083752739606565
0.13627316390934188
0.01610899270595378
0.0
0.0
0.0
0.0
0.0
0.0
0.0
0.0
0.0
0.0
0.04762394546232298
0.13277969909306758
0.24647362797757436
0.35171425556783764
0.44600212333042377
0.5211413521110045
0.5576158604341311
0.5940903687572576
0.38304209049534244
0.45853085038431407
0.37739190162986935
0.284586547511349
0.058421241600555736
0.07605507388562538
0.0
0.0
0.0
0.0
0.0
0.0
0.0
0.0
0.0
0.0
0.04537851075672644
0.13176020546964123
0.23013709224018658
0.35620427540101113
0.1217498541591948
0.46566305785820095
0.4760389542106226
0.4258076538063868
0.2276385727734846
0.2504556001550738
0.17871001077347357
0.10696442139187333
0.023982737913085406
0.003203626309161017
0.0
0.0
0.0
0.0
0.0
0.0
0.0
0.0
0.0
0.0
0.042617382193280075
0.09685019506946438
0.1426755838644594
0.18261806966327457
0.22256055546208978
0.31892903979448517
0.35364662077324027
0.3424428106407945
0.34811374392110356
0.2554630130021362
0.20010620840612434
0.1442286124841455
0.1055209883367055
0.030293403442094517
0.015146701721047259
0.0
0.0
0.0
0.0
0.0
0.0
0.0
0.0
0.0
0.021258990782498002
0.05306379352132209
0.06104727817076994
0.05552107618260015
0.09080459788254612
0.10106665078035186
0.2576523755584443
0.25308759285955285
0.1645018368664899
0.19695597310973692
0.15571830562016048
0.11220801692836285
0.06652110935054995
0.02116638677837011
0.010583193389185055
0.0
0.0
0.0
0.0
0.0
0.0
0.0
0.0
0.011201686187397041
0.022690529745392502
0.04216583147590415
0.06164113320641581
0.18634474364590764
0.22561393886425168
0.25360243713938313
0.2964249924243777
0.3392475477093723
0.3080060151974914
0.19609874888803924
0.15464528858150428
0.11156318721154569
0.06668422833029816
0.021688877260376112
0.0
0.0
0.0
0.0
0.0
0.0
0.0
0.0
0.0
0.01159164249835762
0.04568775715583243
0.07043746152540753
0.14520392805055674
0.050432660647579744
0.09402194984247578
0.1042941976765158
0.054881906841013746
0.17033996812514318
0.23207158139063808
0.05857535511073212
0.20232955408321332
0.14749863828128554
0.11055813641445121
0.055279068207225605
0.0
0.0
0.0
0.0
0.0
0.0
0.0
0.0
0.0
0.003038090997810529
0.023322191002907083
0.04360629100800363
0.061640283628396283
0.057561575766804186
0.09306957288259167
0.10051782337974069
0.10419692099328054
0.10071322632423073
0.09346037877157176
0.07945253638569368
0.062170420312577974
0.04488830423946227
0.026269801941638523
0.007995378741721165
0.0
0.0
0.0
0.0
0.0
0.0
0.0
0.0
0.00982664416280075
0.0196532883256015
0.04871140532731109
0.04984893357681028
0.20417398796359548
0.24541760249930855
0.26335389364745615
0.1799255489429827
0.26561122244532603
0.10276750597543483
0.09160574995495532
0.12339908339051586
0.15478886726680346
0.11347303859943104
0.06845517371199167
0.02343730882455231
0.0
0.0
0.0
0.0
0.0
0.0
0.0
0.0
0.0
0.013153166898238982
0.028934928188878908
0.04471668947951884
0.0628713221786836
0.0786535082583333
0.09443569433798298
0.18204970196821435
0.10073467659376856
0.2608331956635345
0.23581482214465185
0.05589207323224781
0.11718621933850336
0.1154474579168001
0.07129658739828289
0.024870546943485856
0.0
0.0
0.0
0.0
0.0
0.0
0.0
0.0
0.019669005518962654
0.03933801103792531
0.04275416425442311
0.13285616111482457
0.23387353637004418
0.33047225634573
0.3974691293872123
0.4246602986910224
0.4518514679948325
0.4097633729077146
0.31313746643540397
0.2653529507273913
0.07701237807112934
0.15026401473482953
0.1423782315576267
0.053678888007455995
0.0
0.0
0.0
0.0
0.0
0.0
0.0
0.0
0.0
0.03164848038323205
0.05328553338441732
0.14157028286106133
0.23923947114134486
0.3285284218370638
0.40684507241065665
0.4767245636723768
0.5811504459419186
0.5811980223110118
0.5416773519988892
0.5182043608975171
0.4352829974581152
0.32812402269977137
0.09707550706410763
0.06587882836779134
0.0
0.0
0.0
0.0
0.0
0.0
0.0
0.0
0.0
0.02020041657017364
0.04040083314034728
0.13026579773330213
0.2555526434831958
0.38083948923308947
0.4750007698707668
0.527890399898087
0.580780029925407
0.5877601629337995
0.5314739199844306
0.47518767703506165
0.39124172250411626
0.2953260632561261
0.19576571430438663
0.06614134797582362
0.03307067398791181
0.0
0.0
0.0
0.0
0.0
0.0
0.0
0.020576779632821868
0.041153559265643735
0.040839215398420614
0.1310278692168133
0.16744720146639588
0.1663468737534403
0.1619491677036878
0.33309915158209197
0.271936330800667
0.10614797691511271
0.047212319022360796
0.08154334789173723
0.04254927545860889
0.04657811492029146
0.07315121621489931
0.027293543455162477
0.0
0.0
0.0
0.0
0.0
0.0
0.0
0.0
0.014683681700407793
0.008555098565105784
0.054565847459836926
0.14705176024301697
0.24669451826265004
0.33842005871835795
0.40162186674663564
0.42940986460915986
0.35944796427954595
0.3003976192436624
0.24134727420777885
0.2722081957669141
0.2171461947436763
0.1825339614393419
0.08557517962143758
0.017375241182489516
0.0
0.0
0.0
0.0
0.0
0.0
0.0
0.0
0.0
0.026558658468275986
0.07554915017500004
0.1245396418817241
0.1867499923612196
0.27891136634094227
0.3388924240972122
0.38646964276846146
0.41778933645813854
0.41327340449536953
0.28126532828947864
0.3514084074808097
0.31403631998005815
0.23649278540423033
0.15894925082840253
0.0585461204812973
0.0
0.0
0.0
0.0
0.0
0.0
0.0
0.0
0.0
0.04468185678071844
0.04082562215010826
0.13501748759648843
0.27572205045565684
0.3958838168027843
0.4917145182488223
0.5464978576816568
0.6012811971144914
0.6070149991682451
0.5630382921437299
0.20932851469765723
0.4367102885309121
0.31943241477105194
0.2021545410111918
0.07148094582851915
0.03574047291425957
0.0
0.0
0.0
0.0
0.0
0.0
0.0
0.0
0.029324884499839495
0.056332120162423074
0.1351321806291239
0.2451652778275105
0.29990189046927135
0.3197964589524171
0.24628829610419467
0.304055902195724
0.2968153735243481
0.31775747170556434
0.26900273789925766
0.2566626171657012
0.21252958778559394
0.14713671804496917
0.05371202155021735
0.0
0.0
0.0
0.0
0.0
0.0
0.0
0.0
0.0
0.026527224081553676
0.05305444816310735
0.0559478749923235
0.05969716469352578
0.27000439038427404
0.3587428145233428
0.40934962841220734
0.43479788840896816
0.43609519404477814
0.373306705722998
0.326901904718689
0.253384095588366
0.18679162168417618
0.11650008508298779
0.04308804841609524
0.0
0.0
0.0
0.0
0.0
0.0
0.0
0.0
0.0
0.02747960104143779
0.0557068307400549
0.135716690306555
0.18568801983681718
0.1110308253899782
0.0947967649962798
0.10508260607863218
0.10904588753970211
0.10537401133932821
0.09537362847153522
0.20348837850184126
0.16259818842224932
0.1199859036970864
0.029140526069603222
0.005772900527917369
0.0
0.0
0.0
0.0
0.0
0.0
0.0
0.0
0.0
0.031097953826581818
0.05777895152966897
0.13533098188569204
0.27823510223740283
0.37547695277386683
0.4719456873125658
0.5476269468696016
0.5917404359552598
0.5965091173788365
0.5567259274586818
0.5028979385087997
0.4376036198184394
0.24664221722550433
0.19238524336470877
0.06275238125595052
0.0
0.0
0.0
0.0
0.0
0.0
0.0
0.0
0.0
0.014456741394501281
0.05941269006120971
0.14668729127264205
0.2369668499391236
0.1221361975284967
0.2506864936736748
0.47793606192821514
0.48512179281733186
0.4641678005438423
0.44321380827035267
0.37997716754327465
0.12045634462557753
0.23122964957329184
0.14597534489228267
0.05245549565934437
0.0
0.0
0.0
0.0
0.0
0.0
0.0
0.0
0.0
0.0315303890385185
0.05832098230612398
0.14519203395828342
0.23931423400706278
0.31989585958070116
0.4007739878831527
0.40423601831270467
0.1820512206145956
0.10330528886179224
0.09323184228432035
0.04934170974066912
0.06263174117717842
0.020033723448745995
0.0726669567437718
0.03031719162664114
0.01515859581332057
0.0
0.0
0.0
0.0
0.0
0.0
0.0
0.014371036989223712
0.028742073978447424
0.05833032766433872
0.14667879549244686
0.2629180601234414
0.39360439897640687
0.4780248428312552
0.5624452866861036
0.6030924974521124
0.6148039304512225
0.48550835081621446
0.35621277118120637
0.21365782739551914
0.1581523466460909
0.07590214984211141
0.031240682933861508
0.0
0.0
0.0
0.0
0.0
0.0
0.0
0.0
0.0
0.01728296565113523
0.05484705778429869
0.10718531167694902
0.2104311300773747
0.29468208311732846
0.4140673351546128
0.45444947757853066
0.4869364914670308
0.4378640154814229
0.4033125270054843
0.3151756041042372
0.11795010776328227
0.18762803124439556
0.12075986927287088
0.06037993463643544
0.023278437734901698
0.0
0.0
0.0
0.0
0.0
0.0
0.0
0.0
0.02763932170910792
0.05970409532190574
0.14828874583944096
0.24115994225447426
0.3340311386695075
0.4053897452632155
0.47674835185692344
0.19726863074612688
0.5802821772059671
0.5430536683905148
0.47675344932504055
0.389520052647555
0.30228665597006954
0.1913300674644625
0.06513799633476819
0.0
0.0
0.0
0.0
0.0
0.0
0.0
0.0
0.0
0.0275144337402382
0.03693837792178554
0.04636232210333287
0.14980269387022907
0.18837693426860416
0.28687955858603875
0.3771132400394661
0.44010095440682423
0.47824615790534075
0.46218573502429755
0.40356230294322376
0.3861102712662037
0.29550107632814765
0.13578892061711523
0.07845853010285299
0.0
0.0
0.0
0.0
0.0
0.0
0.0
0.0
0.0
0.003502348336909464
0.027364058430782805
0.04675482714835202
0.06372217456523484
0.08068952198211767
0.095713459679344
0.05337593142546162
0.08398470773586618
0.25505011808464856
0.23776970116757187
0.20248247812672726
0.1617605044950007
0.1192968959232541
0.07536266779971498
0.03175212890161373
0.0
0.0
0.0
0.0
0.0
0.0
0.0
0.0
0.008972393464171417
0.013758066448138618
0.027516132896277235
0.04690350330176836
0.065749692508824
0.08243200650015721
0.09568287487064121
0.04850767406393085
0.11351211918832907
0.10622358935885017
0.0967206344214873
0.0838635454630517
0.06694844709436949
0.04908649402293005
0.031036359420166477
0.01262727810415489
0.0
0.0
0.0
0.0
0.0
0.0
0.0
0.0
0.0029267962772531516
0.014185404191958163
0.027039944416335178
0.048226296278164056
0.06732735889107627
0.08396209651331625
0.03805558069539513
0.11046468283230379
0.07459942723903358
0.061914357862171816
0.09995965062091476
0.08358106077156066
0.06720247092220655
0.016510400488950312
0.031246629979998167
0.01261878232395967
0.0
0.0
0.0
0.0
0.0
0.0
0.0
0.0
0.0
0.005857840444603912
0.012767639828369986
0.04805383194020109
0.06688982621102246
0.08275909403767316
0.09607962780575796
0.06626758878865578
0.11332011455591708
0.1091036588450296
0.0959245798171952
0.0827455007893608
0.0657114614979455
0.049157433787560115
0.05689508150547466
0.03299930943427197
0.0
0.0
0.0
0.0
0.0
0.0
0.0
0.0
0.0
0.005891823565384791
0.028459164497946613
0.04828406758349155
0.04030647486782675
0.15331315024689385
0.23416324247470116
0.26965181550617245
0.113915668747602
0.11010276259598745
0.24821696207363342
0.2798170165097527
0.26712856878819224
0.19883948757901707
0.14036388207334013
0.05436874535930782
0.0
0.0
0.0
0.0
0.0
0.0
0.0
0.0
0.0
0.031827741345351185
0.0599113923586691
0.10864573629250728
0.041482770893814795
0.12804797431334003
0.09634766967091714
0.10940695819799895
0.2804694924287455
0.2630624883867601
0.07716289182080123
0.059241598211005705
0.0659935214004268
0.028259335890910696
0.03075727304075352
0.012416582755313443
0.0
0.0
0.0
0.0
0.0
0.0
0.0
0.0
0.0
0.005791573359081201
0.027385297881270854
0.04897902240346051
0.06654149922301845
0.19842404392747087
0.24074832170401586
0.2685541607049501
0.28098943417669303
0.2716602179443224
0.24161106818284042
0.20806293134795725
0.1686276436267967
0.059093196735658764
0.0845266411072886
0.052194250418341366
0.0
0.0
0.0
0.0
0.0
0.0
0.0
0.0
0.0
0.03141314727182447
0.05896071455482402
0.10967797358622647
0.15593324885909957
0.1266470201591483
0.17454877763385496
0.07029225511245991
0.27901416528130446
0.09132772205567358
0.24467762004430493
0.20843971919961526
0.1286176163754295
0.023150683488010415
0.07845853010285299
0.03325163410606999
0.016625817053034994
0.0
0.0
0.0
0.0
0.0
0.0
0.0
0.0
0.005718509649402312
0.02789929258308164
0.04872839688770154
0.06613540092968696
0.04351931361870865
0.05450181799925394
0.1051552449993013
0.10812112186545246
0.10469689765776918
0.03772511900410018
0.08188742698964363
0.06532660265510207
0.048483718418079205
0.0782537818001482
0.03329921047516322
0.0
0.0
0.0
0.0
0.0
0.0
0.0
0.0
0.0
0.005736350787812273
0.027922231189608734
0.019091142625780204
0.12223813502683911
0.19564082633551694
0.23584285821929607
0.3416059762915653
0.3630382809900458
0.42301424127819853
0.42038479730777806
0.36301789111757726
0.3262889341776039
0.24051681169369613
0.08846800674836988
0.05872368228737739
0.0
0.0
0.0
0.0
0.0
0.0
0.0
0.0
0.0
0.042213832634007145
0.056709332803090824
0.14993182972919644
0.24160044845759637
0.32818944020727453
0.19884272341648734
0.39415067764295947
0.37284368570235854
0.35153669376175756
0.31771839111666633
0.2058765423147175
0.044491136789832915
0.1937989411891933
0.13531144159124303
0.06188241336396004
0.0
0.0
0.0
0.0
0.0
0.0
0.0
0.0
0.0
0.00780441391906191
0.056299836197681245
0.10894478775537901
0.154498311584127
0.1939667328480489
0.22758665902558167
0.18852988235586002
0.3022157162054394
0.34382847239063474
0.31402272673174586
0.20447049069240864
0.16350298901304022
0.1225354873336718
0.08276461629480004
0.051023531907440106
0.0
0.0
0.0
0.0
0.0
0.0
0.0
0.0
0.0
0.005834901838076821
0.028105740041825478
0.04722379421512814
0.04594257610519585
0.08225741821714544
0.09817298804586008
0.26560612497720887
0.3087472720195243
0.3518884190618396
0.24240924673218128
0.20464805249848875
0.0664539926870077
0.12299850735431128
0.08679926230950984
0.05060001726470841
0.0
0.0
0.0
0.0
0.0
0.0
0.0
0.0
0.0
0.01897447548800345
0.056104433253191185
0.11107722858437913
0.1573308047012132
0.229930219992433
0.3025296352836528
0.3487917071806821
0.3682869739946525
0.36044027140634766
0.32763381618250714
0.21199860152339273
0.17029536527911832
0.12574519309142573
0.043073660577881125
0.04381868551288412
0.0
0.0
0.0
0.0
0.0
0.0
0.0
0.0
0.0
0.03472905028201868
0.05761583254992075
0.10789131101117178
0.1581667894724228
0.20084704043914747
0.10105124854276895
0.27119889707972195
0.2832059832296258
0.1938970119867288
0.248665539267941
0.21158315787184648
0.17196563566549847
0.12669926920734895
0.08029871609313756
0.034171727101212274
0.0
0.0
0.0
0.0
0.0
0.0
0.0
0.0
0.0
0.005988675459610296
0.02851523664723506
0.04809673563018695
0.1248149051600492
0.20097447714207578
0.24185362270741395
0.27213343290119607
0.284296841406692
0.2666838146949725
0.11944714503618632
0.21085846782119427
0.16977287479711228
0.12527197813455201
0.07957912351060246
0.03393639398980469
0.016968196994902346
0.0
0.0
0.0
0.0
0.0
0.0
0.0
0.0
0.02457404421467269
0.036151425493296474
0.10962275101495754
0.15584914063516692
0.027933574145291365
0.09777453595470427
0.10769845680074028
0.2771561381526099
0.27020064290678364
0.1453061812607945
0.2072842930930654
0.1678086504159775
0.12420490814203244
0.1025185796157149
0.05125928980785745
0.0
0.0
0.0
0.0
0.0
0.0
0.0
0.0
0.0
0.018655883730682717
0.01271301464071507
0.04825942982092541
0.06702405953810694
0.15292999056008943
0.23883592158207193
0.2589016800361513
0.27896743849023076
0.2704691095609526
0.27320432599480354
0.2759395424286545
0.2178428487196843
0.19514552235013563
0.1359418284817283
0.04087187549719038
0.0
0.0
0.0
0.0
0.0
0.0
0.0
0.0
0.0
0.018779072543513402
0.05437639156148352
0.04373877200208642
0.210576407918713
0.3092557444642081
0.40793508100970327
0.411849086945641
0.4072800563566519
0.2630327531560769
0.2388282753798962
0.22566873664651083
0.21341144976985776
0.15840467131788893
0.10004503321187672
0.026592357475675826
0.0
0.0
0.0
0.0
0.0
0.0
0.0
0.0
0.017687789577437444
0.03537557915487489
0.05671527984922749
0.13901517696734902
0.22131507408547055
0.2810692945105281
0.33620605839948375
0.3913428222884394
0.42294712461465633
0.26243168393163885
0.4179524554378867
0.3841728085926838
0.350393161747481
0.30710461291877855
0.19328409690936302
0.08394765368698438
0.0
0.0
0.0
0.0
0.0
0.0
0.0
0.0
0.0
0.03476218382478003
0.03177896808721512
0.13833763849678024
0.21525418449420092
0.18400861308831198
0.18701450442789283
0.13060320579676074
0.4061390730764339
0.4014294373252139
0.39671980157399395
0.3430944369817678
0.30813769979051725
0.22853138978329007
0.15246272264935237
0.01739671861095716
0.02824039815791971
0.0
0.0
0.0
0.0
0.0
0.0
0.0
0.0
0.048012202617244516
0.018726325903036023
0.11897575543187479
0.25588695243387766
0.37486525659981107
0.44764010975206214
0.19271206507688043
0.5615302911590784
0.5013011566211081
0.4584390959582057
0.3707660426556175
0.30224927453721057
0.22370748578844438
0.14098662276164972
0.05266109354006868
0.0
0.0
0.0
0.0
0.0
0.0
0.0
0.0
0.0
0.04736312501032974
0.034642393324027444
0.11664536292432605
0.24818043021879396
0.3508731733285108
0.14929537873460735
0.5051395501133084
0.49432527150281325
0.47010040385416413
0.14477132161773712
0.33950157153720945
0.2749574302380871
0.20095748558168536
0.03196803495896533
0.01374923049292605
0.0
0.0
0.0
0.0
0.0
0.0
0.0
0.0
0.0
0.016590559565224833
0.03093356047980432
0.04527656139438381
0.06336747574208443
0.18712550584584833
0.2269418293087645
0.3743274737134536
0.4341063319010772
0.34692825563717483
0.46042455978982855
0.39716667961226243
0.33390879943469637
0.2041476510449903
0.11670653254173162
0.03031124458050448
0.0
0.0
0.0
0.0
0.0
0.0
0.0
0.0
0.0
0.03095692387534118
0.05424725570251618
0.12069190303130917
0.19624360194036777
0.2717953008494263
0.159660548125945
0.3384383246457777
0.3460399239754504
0.3398048708901788
0.30674779015057935
0.1356909503551481
0.15751091524135186
0.11546869736728814
0.05488059588678588
0.03796169464629973
0.0
0.0
0.0
0.0
0.0
0.0
0.0
0.0
0.0
0.016168319289522417
0.02548649100763927
0.04561724218021212
0.06342269831335334
0.07996653108750447
0.09426917704615666
0.1822616716840851
0.27025416632201354
0.2537651313301216
0.23727609633822958
0.07959951338307099
0.06390525862844182
0.046347029698981475
0.029452321202767785
0.01085505835543208
0.0
0.0
0.0
0.0
0.0
0.0
0.0
0.0
0.0
0.004947942385695895
0.026037867142309025
0.045294827321803524
0.11896003823851362
0.19137169678741905
0.2324564402334815
0.2600864165843747
0.18332067068541924
0.028092156348621476
0.03722357424724611
0.14975648188646587
0.16041817122415597
0.11711220604605335
0.07380624086795073
0.03015747095897101
0.015078735479485504
0.0
0.0
0.0
0.0
0.0
0.0
0.0
0.0
0.02133545280425498
0.05030011622381716
0.12265357867838535
0.06209064179794442
0.2441313413777523
0.29329302305541
0.3369553862127021
0.41894901045478594
0.4140792292468861
0.3396047952665813
0.2651303612862766
0.1922076815586287
0.08161834747249375
0.047614635259976015
0.03810187501952086
0.0
0.0
0.0
0.0
0.0
0.0
0.0
0.0
0.0
0.021464588663222317
0.05018797192524026
0.10455586770652855
0.15216112245242208
0.1245583325981536
0.09695554274388511
0.26286878459830915
0.35956775478029857
0.4178573026997003
0.37530703716996244
0.2666341143808305
0.21357117043752785
0.15619237015505377
0.09784420135230508
0.021854201235870882
0.0
0.0
0.0
0.0
0.0
0.0
0.0
0.0
0.0
0.024821271418353583
0.07293499860893096
0.12104872579950836
0.08108339364267084
0.19529419850355198
0.09743300559085644
0.10498405502836762
0.1125351044658788
0.10753193950891397
0.09674654655108271
0.0816427485200213
0.0653393463253949
0.047291760456689896
0.07385891470516112
0.03692945735258056
0.014415639835248616
0.0
0.0
0.0
0.0
0.0
0.0
0.0
0.0
0.015747778169859047
0.049434396221924276
0.03375711401139059
0.15203963279563043
0.19437665424246825
0.2953260632561261
0.12048613819781567
0.42670990566311917
0.42074501838805545
0.3762203335409485
0.26632146966964637
0.21274368144651348
0.15643874778071512
0.038535942548420764
0.03733895395799014
0.0
0.0
0.0
0.0
0.0
0.0
0.0
0.0
0.0
0.029682556846058236
0.08144692078652148
0.13014515765452997
0.14083952351442822
0.28089598059454557
0.2959972298915484
0.26518218554546746
0.27867858196359324
0.18790626804578897
0.09713395412798471
0.0808709068892856
0.06460785965058649
0.0265450795357335
0.07296770736268257
0.02795876304444818
0.0
0.0
0.0
0.0
0.0
0.0
0.0
0.0
0.0
0.014434330551678096
0.04787796929016005
0.10309544309097031
0.151501849909273
0.19269916244292215
0.23389647497657126
0.2631177109580291
0.11098802289232933
0.06756853427985214
0.09616543518572968
0.20370841920889746
0.16262112702877643
0.11597334671088419
0.0946608325131563
0.03574854390544503
0.0
0.0
0.0
0.0
0.0
0.0
0.0
0.0
0.0
0.02505957805282949
0.05011915610565898
0.03992068380732416
0.2067974848878793
0.07440566388021952
0.2941060692200925
0.3373980163608731
0.3747769004857807
0.4121557846106884
0.3127109782696039
0.20087507651379172
0.06313129305265731
0.05218257150664386
0.09254708240058565
0.04025300656495046
0.0
0.0
0.0
0.0
0.0
0.0
0.0
0.0
0.0
0.03993441480762973
0.07417538251743304
0.10841635022723635
0.2504708925594251
0.3593884938181795
0.4518769553354181
0.46851848958181425
0.484334233993235
0.2939224817487556
0.3983136099386171
0.12761469051400517
0.25845140368580466
0.17797809930965539
0.10784118590801997
0.008966718606809131
0.0
0.0
0.0
0.0
0.0
0.0
0.0
0.0
0.0
0.027157610972038972
0.05272141357945474
0.12847658642418885
0.2240099355633942
0.2971687979804692
0.20900298544119575
0.43023395528809616
0.46123930511055006
0.43822551092872947
0.4152117167469089
0.10942580451446206
0.29365749202578495
0.191620623147139
0.0814513952762612
0.058317583994045886
0.0
0.0
0.0
0.0
0.0
0.0
0.0
0.0
0.0
0.0
0.04576846706768702
0.1332915698498296
0.20919117095788242
0.292363584702053
0.3646210448404152
0.37502540205649093
0.3854297592725666
0.33931806268499265
0.2932063660974188
0.10492145026427888
0.14941698544936613
0.10597891088922784
0.06527987586402835
0.0232011261351252
0.0
0.0
0.0
0.0
0.0
0.0
0.0
0.0
0.0
0.0
0.021854544974182898
0.043477155149036294
0.06109995200798032
0.07872274886692433
0.09313753912415342
0.10411748544845524
0.10855143313234034
0.10520579489146285
0.0928079028525789
0.07814503581364939
0.06114667879905401
0.0441738091250443
0.06750661985319541
0.02358938329004674
0.0
0.0
0.0
0.0
0.0
0.0
0.0
0.0
0.0
0.0
0.04211613116176212
0.08431540505897824
0.19981735187948688
0.15316186086882808
0.22691379323412025
0.2543407204383477
0.10726092412068648
0.10316850680064919
0.09276797268566137
0.07848401744343865
0.06120699883844007
0.0445951998227272
0.026244739390062624
0.00789427895739805
0.0
0.0
0.0
0.0
0.0
0.0
0.0
0.0
0.0
0.0
0.041862956911944575
0.09722740771013212
0.14420652345563795
0.23399672518287487
0.08238803187502132
0.1255033415934338
0.26274219747340033
0.1775116809769378
0.09228116448047528
0.1207479751805976
0.1492147858807199
0.10923959132815313
0.06582785368662003
0.02236599094193512
0.0
0.0
0.0
0.0
0.0
0.0
0.0
0.0
0.0
0.0
0.034943993520957735
0.10169363935875908
0.24193943008738567
0.35228432241893687
0.39364602829936346
0.4326340131932457
0.4292136120866503
0.38985436159823694
0.3485801622538211
0.2968807910318513
0.23686065268668335
0.14048452215211224
0.08408103743604932
0.02125389331438087
0.0
0.0
0.0
0.0
0.0
0.0
0.0
0.0
0.0
0.0
0.03845699863168104
0.08243054193706248
0.19151017800460116
0.17929664439595347
0.08925411799691854
0.07348665014435415
0.2587483312036276
0.25096534696678696
0.22511438698877273
0.18446246100773686
0.06723686207081069
0.14092970103434174
0.08092230635946668
0.020914911684591607
0.0
0.0
0.0
0.0
0.0
0.0
0.0
0.0
0.0
0.0
0.02028707352816488
0.041828973791163696
0.05919095019811446
0.07655292660506523
0.08997371057945364
0.10022301980696656
0.25718001017959
0.24863665361527726
0.22476606000076876
0.051658987668575115
0.14655560667961615
0.09535780695496941
0.03621361352279637
0.008875076455895258
0.0
0.0
0.0
0.0
0.0
0.0
0.0
0.0
0.0
0.0
0.037531808168421624
0.09342384691673232
0.13931210448517195
0.18520036205361157
0.2275764640893474
0.2562378281559402
0.2695337241614589
0.11586645993511299
0.2339049707567665
0.1440052485407659
0.1515914803903326
0.10737816588738051
0.06422130165170399
0.019592968286215443
0.0
0.0
0.0
0.0
0.0
0.0
0.0
0.0
0.0
0.0
0.03523369962561472
0.10511998751149114
0.16374596832662353
0.2335693874390553
0.3301689569927607
0.3791675196906702
0.34667540833405286
0.33819067265308705
0.30347521561938073
0.1914693982596641
0.14670598198907156
0.10489909722641542
0.062313998997877186
0.018480870658661195
0.009240435329330597
0.0
0.0
0.0
0.0
0.0
0.0
0.0
0.0
0.017728569322374498
0.0533968281049747
0.10450022034624987
0.10681342869659279
0.23096033334110336
0.2806674441072942
0.25151247521135905
0.1768736478842768
0.10223482055719456
0.0913185925843569
0.11870176652057894
0.14608494045680098
0.10469859681380825
0.06210330364903574
0.018073073209290653
0.0
0.0
0.0
0.0
0.0
0.0
0.0
0.0
0.0
0.0
0.036054391992472935
0.11527329442279809
0.20935301557060135
0.30729152008307337
0.31203213965158694
0.28261504993321307
0.43674427165169294
0.41861087840301625
0.4092315370674938
0.3427146756070415
0.07376877746104041
0.21413444066447093
0.08779072896967169
0.03606968439682433
0.0
0.0
0.0
0.0
0.0
0.0
0.0
0.0
0.0
0.0
0.032045233318348805
0.04857398344460582
0.1351015958204211
0.2202828367917514
0.2652004514728872
0.31011806615402293
0.3803696725882938
0.3717150213034236
0.33786358511557113
0.2859654126370331
0.22680504724762143
0.17704016517610313
0.05237035913515327
0.00800951234257366
0.0
0.0
0.0
0.0
0.0
0.0
0.0
0.0
0.0
0.0
0.05523149183813237
0.11046298367626474
0.1935389703152196
0.07579327843127567
0.31087079227931935
0.357069995402904
0.3642931077248797
0.3715162200468554
0.3333650695022023
0.3092107168291735
0.2446563805938169
0.09420002542358602
0.07437970603112806
0.0053757046203810515
0.0
0.0
0.0
0.0
0.0
0.0
0.0
0.0
0.0
0.0
0.007503027296574539
0.030616272878935365
0.07667828006529395
0.29448158270472125
0.33860866503869186
0.39651675242732815
0.3863702421401774
0.378677313173406
0.3428183241254232
0.2650288367129437
0.18723934930046426
0.13213486937625044
0.08994057703669228
0.04497028851834614
0.0
0.0
0.0
0.0
0.0
0.0
0.0
0.0
0.0
0.0
0.055383991092636566
0.11076798218527313
0.2230681783287541
0.3353683744722351
0.4201588095545852
0.5049492446369354
0.47942877050851523
0.4268751485879161
0.3712069736477494
0.2959853357992751
0.06739683841481607
0.15655259123533105
0.03897714253880855
0.021541900262998816
0.0
0.0
0.0
0.0
0.0
0.0
0.0
0.0
0.0
0.0
0.017740038625638044
0.08718369636334353
0.0793467881324342
0.28984373629615084
0.3105615458802134
0.3674310241399841
0.4243005023997548
0.4222105404717308
0.345617683699748
0.24126401556186566
0.14043354747094092
0.08144940496971492
0.06133311160311715
0.006222623898170107
0.011628174353197065
0.0
0.0
0.0
0.0
0.0
0.0
0.0
0.0
0.0
0.013280447558318297
0.08519313506360357
0.06967071613257236
0.3036706185638708
0.42638961474975934
0.4462884311230027
0.4564221977398606
0.2666408160743155
0.1127199941892081
0.3127483597024629
0.10869413376924844
0.19659405287342055
0.1071453815100315
0.02297004091381523
0.0
0.0
0.0
0.0
0.0
0.0
0.0
0.0
0.0
0.0
0.016236285531084176
0.10686417118556973
0.20734291397641239
0.3320915520509389
0.38638086186542137
0.4364859999337583
0.3050983921428083
0.3004083946747966
0.3715536014797144
0.1320871112107844
0.2209285160865881
0.12593464898977916
0.06978009063343618
0.009905230129606531
0.0
0.0
0.0
0.0
0.0
0.0
0.0
0.0
0.0
0.0
0.011369451592606019
0.1013461619487746
0.17234667140725407
0.24334718086573354
0.303622192616758
0.17213376163263533
0.1450047366611123
0.3646167969503176
0.2708641633400303
0.22469639460316795
0.13131332743137267
0.12366967398973361
0.06776064368103248
0.008852510586244677
0.0
0.0
0.0
0.0
0.0
0.0
0.0
0.0
0.0
0.0
0.017370472187145995
0.07291375915844292
0.12845704612973985
0.0705200730884398
0.0837556490545724
0.09131731821732761
0.09887898738008281
0.09550021559644399
0.08381002204782183
0.030284097902883198
0.0539651958000349
0.05244360156707107
0.05092200733410723
0.008872143257867827
0.0
0.0
0.0
0.0
0.0
0.0
0.0
0.0
0.0
0.0
0.003408623647669451
0.06941901997513933
0.13024200954875548
0.08515441825568061
0.31242212174296646
0.3078777289165435
0.27701765693542785
0.06268360296823403
0.059260638061919925
0.019036785611500448
0.05502716832443734
0.038448502851485815
0.007100836417765502
0.0012004537415845292
0.0006002268707922646
0.0
0.0
0.0
0.0
0.0
0.0
0.0
0.0
0.0
0.015618642310891712
0.031815231646830346
0.13078573948124955
0.07213512090355105
0.08638254429093432
0.1870416306180024
0.3902901951222517
0.4606862298198414
0.38131950081411936
0.3145265264973223
0.22177979326214908
0.06696526043559962
0.07868196912198727
0.005332859322204624
0.0
0.0
0.0
0.0
0.0
0.0
0.0
0.0
0.0
0.007322088161250011
0.006990778329679683
0.09081394324076086
0.15673440093150878
0.16725982301536632
0.12015726281039983
0.23555060338058045
0.2470301015803612
0.22995315859896004
0.12940170303138757
0.17267800683486764
0.13247979805217636
0.08978765299317833
0.047095507934180325
0.005330252494480776
0.0
0.0
0.0
0.0
0.0
0.0
0.0
0.0
0.0
0.0
0.013880405682949782
0.07666931879373975
0.1548789225368728
0.2615850722108114
0.3237176863015207
0.38585030039222995
0.3790880841458449
0.3723258678994599
0.3717880850131025
0.32922167750099374
0.18768433345558097
0.19856422430069198
0.08131141309240773
0.010137164928936026
0.0
0.0
0.0
0.0
0.0
0.0
0.0
0.0
0.0
0.0
0.00729957434373268
0.03414369102656805
0.052427459584700145
0.07017429483449437
0.08280029857161998
0.09542630230874559
0.09499259272977963
0.09455888315081365
0.08225826779516497
0.019811056926185896
0.05419882975540343
0.03616313797897174
0.046155874644589034
0.003633645189495423
0.0
0.0
0.0
0.0
0.0
0.0
0.0
0.0
0.0
0.0
0.04914384053924777
0.09905909792022147
0.19632473664123212
0.26619403296671806
0.31277384704304856
0.18199583279071072
0.20107695096102185
0.33147688235381473
0.2787380524249598
0.05885249583949526
0.13147729598914043
0.0884368239421384
0.04513808017720173
0.002982868426541601
0.0
0.0
0.0
0.0
0.0
0.0
0.0
0.0
0.0
0.0
0.009483567355828983
0.04846919587809007
0.14209999475623325
0.20990609086131012
0.2575589219762969
0.29570582463085243
0.37120017702359326
0.36372728876387816
0.3179511754940154
0.17761530253608068
0.20968265184217588
0.1415235560699876
0.06279486015692662
0.0033023097618818577
0.0016511548809409289
0.0
0.0
0.0
0.0
0.0
0.0
0.0
0.0
0.0
0.03845444989762247
0.07690889979524494
0.1785375464355106
0.2801661930757763
0.3300219799953834
0.3907685075472426
0.42014606588429243
0.3962903398851256
0.35812517130315036
0.30394248353011777
0.24029252309654234
0.17664256266296688
0.07808386619624381
0.004077974493705407
0.0020389872468527036
0.0
0.0
0.0
0.0
0.0
0.0
0.0
0.0
0.0
0.029419288381503268
0.13622941064133648
0.20808884347755266
0.32196118374615906
0.2690076058972044
0.40852383857723207
0.4057227798468681
0.3584845428054081
0.32629360685671127
0.29410267090801445
0.25582833155053064
0.18770406847714277
0.08430022856508598
0.0027271454426654913
0.0
0.0
0.0
0.0
0.0
0.0
0.0
0.0
0.0
0.0
0.040467949803889514
0.06791445547278027
0.13538266223664686
0.2945695140297418
0.11207145598040219
0.4596994449501665
0.516675970040397
0.5121732065369305
0.27001028826759577
0.2587823143244085
0.12055087308006851
0.10859985907945309
0.048565277907953314
0.0
0.0
0.0
0.0
0.0
0.0
0.0
0.0
0.0
0.0
0.0
0.02521750659628207
0.05687627397090815
0.19813773613489197
0.30013552442463987
0.40365320779131264
0.48025201160943204
0.5216264611601514
0.5247078806369576
0.4101100007396795
0.16474562319084277
0.24943780568768645
0.15488274563796064
0.06032768558823485
0.0
0.0
0.0
0.0
0.0
0.0
0.0
0.0
0.0
0.0
0.0
0.006992387853012998
0.0854378135332259
0.1602253170137245
0.23501282049422312
0.29890873376445015
0.3797902603789798
0.44317047979135704
0.4707188966523762
0.42054451797544823
0.3530166586717648
0.2748877648404863
0.1840330418547884
0.06904520564654967
0.0
0.0
0.0
0.0
0.0
0.0
0.0
0.0
0.0
0.0
0.022384256869354836
0.04476851373870967
0.08890664058693405
0.1828682703900238
0.2679671022934604
0.1290098304394393
0.37059527747369364
0.3980595861107801
0.39490340376825595
0.31998676442879
0.26596804521352524
0.16541114124488657
0.10064441050464945
0.03587767976441236
0.0
0.0
0.0
0.0
0.0
0.0
0.0
0.0
0.0
0.0
0.0
0.004832347607908415
0.01830791296149696
0.04867062558237404
0.06405478435987769
0.07943894313738134
0.09013173209108473
0.029773927469816382
0.08681412992485146
0.07912884716025582
0.15925424933741092
0.12003178091014058
0.026774338383016565
0.05583341786496368
0.0
0.0
0.0
0.0
0.0
0.0
0.0
0.0
0.0
0.0
0.0
0.025024320565019326
0.0653011153145164
0.1141866841358295
0.19937217299725737
0.2476740817191589
0.2848932451763964
0.2888930584923058
0.29289287180821516
0.25891654765149297
0.21261794389962427
0.1607673477901795
0.09676523726751218
0.03276312674484486
0.0
0.0
0.0
0.0
0.0
0.0
0.0
0.0
0.0
0.0
0.0
0.0176338413731978
0.06302679495625611
0.11337618670520554
0.1524393592538155
0.18964492946274067
0.22436845748763246
0.2359499050497558
0.22622138714820986
0.1447392088738782
0.06325703059954656
0.04741409969150106
0.029841427935708844
0.010125904650278168
0.0
0.0
0.0
0.0
0.0
0.0
0.0
0.0
0.0
0.0
0.0
0.0019359948696776887
0.009786610442571762
0.09007481036377676
0.17967215788058216
0.24697657816513133
0.22103301418298926
0.14229158318693763
0.08921588698604005
0.07657671478961187
0.15632320517006013
0.11757480127768306
0.07531254269656318
0.03078700827143678
0.0
0.0
0.0
0.0
0.0
0.0
0.0
0.0
0.0
0.0
0.0
0.010120923396933977
0.06184078404100347
0.076145656418327
0.2013848233255049
0.25212672011947346
0.2892362880121927
0.23728544169644433
0.2256266825345445
0.19088786210530131
0.15614904167605811
0.037759475223574215
0.056388826810127565
0.02880538676011492
0.0
0.0
0.0
0.0
0.0
0.0
0.0
0.0
0.0
0.0
0.0
0.040677370785701675
0.08135474157140335
0.18246981829886796
0.2475092635833716
0.2940461739697162
0.1567049553970815
0.3157928225354199
0.2800697659705605
0.2567365304533996
0.15456287951361064
0.05471473882986674
0.07575134974364627
0.024813808632184662
0.0
0.0
0.0
0.0
0.0
0.0
0.0
0.0
0.0
0.0
0.0
0.0
0.025839065885740888
0.04562233964832925
0.153705655291913
0.19127739362725216
0.2241985418837281
0.3042151980743843
0.2929081642125666
0.2581927071788602
0.15497291346136288
0.19226375370791712
0.11796390801062413
0.025076705703044797
0.0
0.0
0.0
0.0
0.0
0.0
0.0
0.0
0.0
0.0
0.0
0.0
0.0582869991853431
0.10453590262306979
0.10812308524624303
0.18718837461929294
0.2201052749856713
0.23052789812916666
0.22088858591967053
0.19496371265395793
0.1535246951737548
0.11300662026671349
0.07085225809407289
0.03327712144665564
0.0
0.0
0.0
0.0
0.0
0.0
0.0
0.0
0.0
0.0
0.0
0.0
0.06783922964783826
0.1356784592956765
0.14926236224981312
0.05431695225711118
0.216768132524989
0.22888906212950882
0.2205173203251394
0.19190353262763982
0.0604687155394755
0.032808085215795264
0.026612181883505875
0.024161149297185016
0.0
0.0
0.0
0.0
0.0
0.0
0.0
0.0
0.0
0.0
0.0
0.0
0.06387552339775855
0.1751005785575345
0.09426931332284658
0.24465553101579737
0.28203526471872453
0.3585779963875555
0.3473703631540218
0.10890065797359257
0.08736417882143557
0.07388600615468796
0.14361946504414827
0.04177460079791429
0.0
0.0
0.0
0.0
0.0
0.0
0.0
0.0
0.0
0.0
0.0
0.0
0.06318226773382864
0.15807843335839253
0.243289409560406
0.30186356611634757
0.19314907274567755
0.20746138871094488
0.284081898167753
0.2502219661997052
0.2017526906079579
0.09432434657118587
0.08984372514246679
0.032898209649948856
0.016449104824974428
0.0
0.0
0.0
0.0
0.0
0.0
0.0
0.0
0.0
0.0
0.0
0.05171721236037979
0.10302662727138903
0.05866336224799133
0.048652756448697015
0.06347401988593078
0.09021159242491979
0.0821979477557789
0.07290101548815009
0.034419337067881826
0.04269469379305657
0.02563686631709466
0.006264788315954932
0.0
0.0
0.0
0.0
0.0
0.0
0.0
0.0
0.0
0.0
0.0
0.0
0.021958193492564577
0.04146620397682781
0.0638106062245988
0.18141251845357292
0.21722010803137473
0.08921758614207909
0.08508014118700716
0.023849002477306806
0.05931159027688659
0.042314082840310734
0.02482551930845119
0.006240150553388796
0.003120075276694398
0.0
0.0
0.0
0.0
0.0
0.0
0.0
0.0
0.0
0.0
0.0
0.06271415024507203
0.14166968348934536
0.20654346106004223
0.2672007829198516
0.25841274788591645
0.2733364353768392
0.2769148579950657
0.2804932806132922
0.2515413608640228
0.2313842727728448
0.13517380995208048
0.03896334713131613
0.0
0.0
0.0
0.0
0.0
0.0
0.0
0.0
0.0
0.0
0.0
0.028873758571473323
0.057747517142946646
0.18916534267072055
0.33412799056373305
0.41203556932092605
0.48994314807811906
0.48975199302372663
0.48956083796933414
0.44223084650176575
0.46790169593964126
0.1622716843706726
0.17242695653009887
0.03616398755699127
0.0
0.0
0.0
0.0
0.0
0.0
0.0
0.0
0.0
0.0
0.0
0.0
0.048367751018414465
0.09125572381091228
0.13772509274470493
0.17406919084183486
0.20036108181198095
0.08605205844134027
0.08098177682083321
0.11124459545422495
0.1415074140876167
0.10225266169560453
0.08126468630133403
0.040632343150667015
0.009948558608602151
0.0
0.0
0.0
0.0
0.0
0.0
0.0
0.0
0.0
0.0
0.0
0.04380509226457178
0.09718662796519509
0.05647739800376134
0.07091512686751751
0.08180756665580856
0.22275086093846264
0.1999248234989564
0.17760428498106573
0.14117013161386643
0.10103861470570764
0.05778829688788371
0.013625532277093193
0.0
0.0
0.0
0.0
0.0
0.0
0.0
0.0
0.0
0.0
0.0
0.0
0.05474340926591701
0.1391676762218532
0.04865324332286917
0.23194669342176838
0.2702065899529203
0.2877733146625759
0.2762538862958776
0.29427513524597737
0.23508078673578484
0.18817983216807507
0.09454189159042323
0.01689640765225274
0.0
0.0
0.0
0.0
0.0
0.0
0.0
0.0
0.0
0.0
0.0
0.0
0.040567350432173584
0.0887265300467954
0.13688570966141722
0.17162070698957255
0.1971768633948126
0.21639686693045795
0.20618663829184303
0.1715086809696233
0.2302806709254858
0.18406532581953022
0.10482688309475607
0.02558844036998191
0.0
0.0
0.0
0.0
0.0
0.0
0.0
0.0
0.0
0.0
0.0
0.0
0.051533703508163047
0.1798709591371503
0.2683799972109481
0.36573399204598894
0.38354369606922784
0.42331839020918743
0.3946876109512974
0.33987496107678933
0.28506231120228126
0.2024756815025711
0.08969929687914806
0.018851286675172767
0.0
0.0
0.0
0.0
0.0
0.0
0.0
0.0
0.0
0.0
0.0
0.00693128227226991
0.01386256454453982
0.03611980949997612
0.051726557718594524
0.06733330593721293
0.07447953144842188
0.07836635088773486
0.07810255691267329
0.0667785314904651
0.13184261453753487
0.09052211319105508
0.04724630803264547
0.001143532014276558
0.0
0.0
0.0
0.0
0.0
0.0
0.0
0.0
0.0
0.0
0.0
0.0
0.012780202147668842
0.035400216917441024
0.056003222353667344
0.049572991269875
0.19050002973938956
0.20686545112944105
0.19613443116485915
0.16349619238888402
0.17587114582124092
0.12362549593271847
0.046789659847152415
0.023394829923576207
0.0
0.0
0.0
0.0
0.0
0.0
0.0
0.0
0.0
0.0
0.0
0.0
0.01091537839481814
0.034774077917053337
0.05250222245041808
0.06523697217404249
0.0779717218976669
0.21429331175412153
0.05428592778547588
0.22976072917753834
0.2133596255106669
0.09302689117663832
0.0765750156335728
0.007876437818988091
0.0
0.0
0.0
0.0
0.0
0.0
0.0
0.0
0.0
0.0
0.0
0.0
0.06872618910021917
0.10370544010898708
0.17099881587928248
0.18199193066288688
0.05377449322595726
0.19700609821288873
0.20102715097928614
0.16604917433754754
0.12881556805397812
0.08889219776060218
0.031209965054321075
0.004073726603607797
0.0020368633018038986
0.0
0.0
0.0
0.0
0.0
0.0
0.0
0.0
0.0
0.0
0.0
0.02631652873271223
0.1081980086762192
0.08121255975536998
0.2513217449459764
0.3079771295448276
0.3631988512357354
0.35520856996213146
0.34968291452316064
0.30181344101319574
0.18612479921042357
0.09512385253379575
0.0036184443085692445
0.0
0.0
0.0
0.0
0.0
0.0
0.0
0.0
0.0
0.0
0.0
0.0
0.024043983512582353
0.16846452464704847
0.3180786121969437
0.35193684500895234
0.385795077820961
0.39999662399529007
0.3180395316080457
0.24660446299258074
0.155758235787078
0.08679798794248055
0.04395249405095883
0.0005743111363869607
0.0
0.0
0.0
0.0
0.0
0.0
0.0
0.0
0.0
0.0
0.0
0.0
0.02145214919096733
0.13996203167010624
0.22397085497449618
0.10858753284475985
0.36818247589825126
0.3807451860729225
0.3933078962475937
0.3459150360065807
0.29852217576556767
0.08449010773818957
0.03564730644272493
0.0011715680889207826
0.0
0.0
0.0
0.0
0.0
0.0
0.0
0.0
0.0
0.0
0.0
0.0
0.025175545452494237
0.10625332458953345
0.1685002069238684
0.07261882322908193
0.2597788693413077
0.08895074071786822
0.3575364137356216
0.3020181893159006
0.24649996489617954
0.17076603150193348
0.06692720764388144
0.03346360382194072
0.0
0.0
0.0
0.0
0.0
0.0
0.0
0.0
0.0
0.0
0.0
0.0
0.03046161988995987
0.14445799854941643
0.22530809077722375
0.2522830424750655
0.3071479413977741
0.33148835165707835
0.10154427768407227
0.22431408449438306
0.17472846338498388
0.10655237605240517
0.02342521543940132
0.0
0.0
0.0
0.0
0.0
0.0
0.0
0.0
0.0
0.0
0.0
0.0
0.0
0.0075761385950891885
0.07999201842809013
0.04712111184998848
0.15949977738505278
0.18654354490247577
0.20544580625881986
0.0665806212540507
0.16011742060524523
0.04834353804485808
0.03093823315891169
0.008568332584585515
0.0
0.0
0.0
0.0
0.0
0.0
0.0
0.0
0.0
0.0
0.0
0.0
0.0
0.03881679492294859
0.07763358984589717
0.0470598256573604
0.059618712730943775
0.07217759980452713
0.04469086666193628
0.04084533841266587
0.060902000329431695
0.04667326765847791
0.022793762509452174
0.012854115435367254
0.0
0.0
0.0
0.0
0.0
0.0
0.0
0.0
0.0
0.0
0.0
0.0
0.0
0.01818436792984803
0.02655789330598961
0.11757055338758547
0.15269040955858423
0.1143642459419096
0.0264133047318327
0.07126855132363866
0.059951322525586624
0.11814996559689944
0.07688766034475689
0.04240243895434102
0.0
0.0
0.0
0.0
0.0
0.0
0.0
0.0
0.0
0.0
0.0
0.0
0.0
0.04875303465026767
0.14021350676388472
0.21761516181045237
0.28237042324742595
0.3471256846843995
0.4044713514241123
0.34548090163860495
0.09816502111117528
0.20007902190949964
0.11546317511016123
0.030847328310822836
0.0
0.0
0.0
0.0
0.0
0.0
0.0
0.0
0.0
0.0
0.0
0.0
0.0
0.0050626354183313585
0.02842603095518526
0.04582114090489738
0.11364465335937449
0.13380261763614176
0.20023109637499406
0.1776522861391687
0.07438827440391711
0.031179915247223976
0.02925097121214108
0.01462548560607054
0.0052924462726120485
0.0
0.0
0.0
0.0
0.0
0.0
0.0
0.0
0.0
0.0
0.0
0.0
0.004762734377440107
0.027198390716976023
0.045592604417645975
0.061219742508732904
0.04386056881742009
0.0762768137487206
0.07203826900932556
0.06118915770003011
0.04597491452643086
0.029456569092865387
0.010267150365922885
0.0
0.0
0.0
0.0
0.0
0.0
0.0
0.0
0.0
0.0
0.0
0.0
0.0
0.0043812738466747474
0.024576592948731255
0.019698576384363363
0.05955287043443082
0.06983701236074415
0.0197881576750465
0.07115385829100318
0.059743175910803734
0.04461643927321524
0.01576513113432127
0.010075995311530443
0.0
0.0
0.0
0.0
0.0
0.0
0.0
0.0
0.0
0.0
0.0
0.0
0.0
0.003973476397304206
0.025885792676814595
0.04362413214641359
0.05925381897155909
0.07050308152804936
0.07018194103667007
0.06986080054529076
0.058864712238618035
0.04363857497274547
0.027156761394019447
0.009492335212118858
0.0
0.0
0.0
0.0
0.0
0.0
0.0
0.0
0.0
0.0
0.0
0.0
0.0
0.003958183992952811
0.025238414225938862
0.042695543371076096
0.05818844813507855
0.0693782402302023
0.19654647650432733
0.18574664072016417
0.07254766635388214
0.11193020491597917
0.06998738767019953
0.03217182044325757
0.0
0.0
0.0
0.0
0.0
0.0
0.0
0.0
0.0
0.0
0.0
0.0
0.0
0.05621487839572904
0.11002799973026951
0.20058537040913474
0.2922208555947733
0.3842135883376208
0.4762063210804684
0.5238345144328891
0.41656424495398786
0.33159964637763567
0.17748109616823504
0.037809620180805296
0.0
0.0
0.0
0.0
0.0
0.0
0.0
0.0
0.0
0.0
0.0
0.0
0.0
0.02249342764486341
0.10966650428296293
0.1968395809210624
0.27264827718102647
0.30594493892213104
0.2498099208602371
0.1783884454930845
0.14353960471031324
0.03759418275587027
0.06562650369599331
0.02107633150830078
0.0
0.0
0.0
0.0
0.0
0.0
0.0
0.0
0.0
0.0
0.0
0.0
0.0
0.015417170329629169
0.10734928023471677
0.1642132362373606
0.1413425959518294
0.16867946788598753
0.18676783349962958
0.17777080227289202
0.14350477201151282
0.10635187563979799
0.06462570078899645
0.019668580729952895
0.0
0.0
0.0
0.0
0.0
0.0
0.0
0.0
0.0
0.0
0.0
0.0
0.0
0.029109941260900437
0.12728590282982882
0.2254618643987572
0.10346275976589367
0.3532783287017775
0.38955106224526764
0.38672196744025944
0.3548959252509473
0.32306988306163525
0.21656848169040135
0.042008234753282823
0.0
0.0
0.0
0.0
0.0
0.0
0.0
0.0
0.0
0.0
0.0
0.0
0.0
0.0
0.09745934250946163
0.17171118704865165
0.24596303158784164
0.3012357279599209
0.3005764554167718
0.29088107105798716
0.24536237992803966
0.07920518941984722
0.11412381536238488
0.01970036753090043
0.0
0.0
0.0
0.0
0.0
0.0
0.0
0.0
0.0
0.0
0.0
0.0
0.0
0.04642604045479702
0.09285208090959404
0.18323528809445727
0.14338875044119703
0.34307319753127974
0.3935648935984991
0.11451032041854972
0.10577725723225344
0.19991845166380998
0.08417024312809912
0.027385297881270854
0.0
0.0
0.0
0.0
0.0
0.0
0.0
0.0
0.0
0.0
0.0
0.0
0.0
0.0
0.09018015803819748
0.13233197147677953
0.18175617276246955
0.16121932329656521
0.13434902235358
0.06342864535949
0.050502740581473145
0.03680711811776939
0.014798440139766883
0.0036472384378077737
0.0018236192189038868
0.0
0.0
0.0
0.0
0.0
0.0
0.0
0.0
0.0
0.0
0.0
0.0
0.009697083514823651
0.019394167029647302
0.037105320002621595
0.035524791680439184
0.22323427083157069
0.15967857143227362
0.3512792716218424
0.30033347610318856
0.24484583649217026
0.10181088112545311
0.022562243464444687
0.0
0.0
0.0
0.0
0.0
0.0
0.0
0.0
0.0
0.0
0.0
0.0
0.0
0.0
0.018788417901728142
0.036557342180029935
0.024399318751679333
0.0626937603726035
0.06768927912739264
0.0628135508733561
0.051944899269611676
0.09763520515950266
0.05205619399016905
0.014498048903142246
0.007249024451571123
0.0
0.0
0.0
0.0
0.0
0.0
0.0
0.0
0.0
0.0
0.0
0.0
0.0
0.0537409072028811
0.09583834764821374
0.1288873573966277
0.16193636714504173
0.06701216544583362
0.06254763295324572
0.13932909604556235
0.10073212637440472
0.077317546822635
0.018191164554004206
0.0
0.0
0.0
0.0
0.0
0.0
0.0
0.0
0.0
0.0
0.0
0.0
0.0
0.0
0.051450444862249894
0.09374158909603353
0.17821598115512152
0.2637183626178311
0.31800045101914765
0.3517405924864428
0.30118475327874955
0.2263556204752943
0.02823555116614212
0.014247423387383268
0.0
0.0
0.0
0.0
0.0
0.0
0.0
0.0
0.0
0.0
0.0
0.0
0.0
0.0
0.035183712148665024
0.11457282630455472
0.3100696402069102
0.34407824832837425
0.32007257180876175
0.279597825380716
0.10141830704352657
0.17309897274354077
0.07295581327040926
0.010567900984833659
0.0
0.0
0.0
0.0
0.0
0.0
0.0
0.0
0.0
0.0
0.0
0.0
0.0
0.0
0.10053396536211161
0.16618425724265154
0.23183454912319146
0.26398513011596103
0.14832646462269308
0.2237457167993229
0.18622580272317457
0.11642659658429916
0.05038082613567174
0.008675041157338732
0.004337520578669366
0.0
0.0
0.0
0.0
0.0
0.0
0.0
0.0
0.0
0.0
0.0
0.0
0.0
0.014493801013044634
0.08925666673097711
0.12616318547703056
0.09463831869563895
0.06311345191424735
0.059385503564584996
0.046757375882410586
0.03412924820023617
0.017064624100118084
0.008562472069752074
0.0
0.0
0.0
0.0
0.0
0.0
0.0
0.0
0.0
0.0
0.0
0.0
0.0
0.0
0.06136077245997355
0.1524610234933133
0.24126571471790473
0.30825833986928936
0.30487022272743575
0.3052304438077131
0.09078526713809093
0.1848307956151195
0.062258109370335914
0.006041349296820657
0.0
0.0
0.0
0.0
0.0
0.0
0.0
0.0
0.0
0.0
0.0
0.0
0.0
0.0
0.04185955859986649
0.031212646859217277
0.04687971511722175
0.03731939119488651
0.17141086121875063
0.16052097016451813
0.09645131818929882
0.0323816662140795
0.014862517873517165
0.0
0.0
0.0
0.0
0.0
0.0
0.0
0.0
0.0
0.0
0.0
0.0
0.0
0.0
0.028040322534322287
0.056080645068644575
0.11329207848127287
0.12449461424668944
0.15286117474050814
0.23026028105301727
0.2182243092504497
0.11151676859620112
0.1259448439260134
0.05275029923211849
0.0006150944861338989
0.0
0.0
0.0
0.0
0.0
0.0
0.0
0.0
0.0
0.0
0.0
0.0
0.0
0.03259618466400879
0.06519236932801759
0.04433018933662881
0.16045682702404424
0.20922472928965355
0.22812784022401716
0.20223864923512447
0.1692928632160824
0.12401120435358143
0.062005602176790714
0.0
0.0
0.0
0.0
0.0
0.0
0.0
0.0
0.0
0.0
0.0
0.0
0.0
0.0
0.0
0.033634793792874394
0.05755982166176966
0.11621292771238936
0.1499921497685825
0.06172694058638753
0.020085191887091954
0.04534792594802365
0.08751418221293757
0.03676803752887138
0.01838401876443569
0.0
0.0
0.0
0.0
0.0
0.0
0.0
0.0
0.0
0.0
0.0
0.0
0.0
0.0
0.039267496062304987
0.07968489597403294
0.07614656298926867
0.14501447215220334
0.16992664841864577
0.06854832883829476
0.1740589959056006
0.12037840874210555
0.03441976433798752
0.0
0.0
0.0
0.0
0.0
0.0
0.0
0.0
0.0
0.0
0.0
0.0
0.0
0.0
0.0
0.03453704564960671
0.0819367025147759
0.11864526958228074
0.14318618025419208
0.1516054984276547
0.15653814840899918
0.12057466126461511
0.08017297854624832
0.042305587060115515
0.01727107155886192
0.0
0.0
0.0
0.0
0.0
0.0
0.0
0.0
0.0
0.0
0.0
0.0
0.0
0.0
0.012334139994522103
0.10921537835459676
0.19489914472447425
0.10666650783870896
0.16883873903882318
0.2601059568788237
0.21570870873464512
0.17196818439955702
0.055130816842819015
0.027565408421409508
0.0
0.0
0.0
0.0
0.0
0.0
0.0
0.0
0.0
0.0
0.0
0.0
0.0
0.0
0.005680278638523824
0.027381049991173245
0.042863759818941444
0.05427359262112137
0.02170382772213387
0.05471282445721422
0.04270488872929083
0.03700379542928872
0.03130270212928661
0.0
0.0
0.0
0.0
0.0
0.0
0.0
0.0
0.0
0.0
0.0
0.0
0.0
0.0
0.0
0.040055904464421366
0.13460544225702029
0.11848149729968788
0.19977827129058887
0.2145150516172168
0.18887733572210258
0.16323961982698842
0.06217260756784061
0.03852326571720375
0.0
0.0
0.0
0.0
0.0
0.0
0.0
0.0
0.0
0.0
0.0
0.0
0.0
0.0
0.0
0.04647616555794881
0.1715918213369088
0.35751432470711403
0.32052879520524497
0.2710451234581885
0.2426450046325986
0.18580016413539405
0.06967464710795462
0.08461882032240672
0.0
0.0
0.0
0.0
0.0
0.0
0.0
0.0
0.0
0.0
0.0
0.0
0.0
0.0
0.0
0.017201101138568903
0.12476053216679979
0.11332606160205373
0.142990777309702
0.05771523317820482
0.05326854182402689
0.0655691571796756
0.07786977253532427
0.012285910685590986
0.0
0.0
0.0
0.0
0.0
0.0
0.0
0.0
0.0
0.0
0.0
0.0
0.0
0.0
0.0
0.019095965144795092
0.06639027433554355
0.10831482565390345
0.14223720160638603
0.21815804216492696
0.20439572782669074
0.04897805314033003
0.07730395357432265
0.006725131556537361
0.004713458852307833
0.0
0.0
0.0
0.0
0.0
0.0
0.0
0.0
0.0
0.0
0.0
0.0
0.0
0.0
0.0039021118436643617
0.024583389572887433
0.020891995413966236
0.023841771287574785
0.05649523914217129
0.051969537032177805
0.04049683545655326
0.024699781761561942
0.012349890880780971
0.0
0.0
0.0
0.0
0.0
0.0
0.0
0.0
0.0
0.0
0.0
0.0
0.0
0.0
0.0
0.012004962204855054
0.024009924409710108
0.013529514175483613
0.07049866364515396
0.2123800620541581
0.25433647254825004
0.207599486538308
0.12366457652161647
0.03972966650492493
0.0
0.0
0.0
0.0
0.0
0.0
0.0
0.0
0.0
0.0
0.0
0.0
0.0
0.0
0.0
0.02011885708029953
0.1286014743930586
0.18073752871706272
0.23287358304106684
0.2090836993384129
0.09769225982602792
0.1132394046440625
0.08172090969781731
0.028529679473566934
0.0
0.0
0.0
0.0
0.0
0.0
0.0
0.0
0.0
0.0
0.0
0.0
0.0
0.0
0.0
0.03365688282138196
0.06731376564276392
0.04451844684281512
0.13328095012458555
0.05380207682028668
0.05002230421143348
0.036761240904715206
0.022343052335408023
0.006833156011015123
0.0
0.0
0.0
0.0
0.0
0.0
0.0
0.0
0.0
0.0
0.0
0.0
0.0
0.0
0.0
0.013611939028780839
0.026219676838486725
0.01469785463210672
0.04972325274856175
0.15620681298138564
0.07910703372773108
0.20621637352252628
0.12265442825640487
0.06019685057322847
0.0
0.0
0.0
0.0
0.0
0.0
0.0
0.0
0.0
0.0
0.0
0.0
0.0
0.0
0.009618497548017869
0.019236995096035738
0.059151834199023215
0.08327223916146441
0.02512396393945739
0.05492946685219232
0.050232999560274924
0.03931422285337869
0.023128062425446315
0.005877380739052919
0.0
0.0
0.0
0.0
0.0
0.0
0.0
0.0
0.0
0.0
0.0
0.0
0.0
0.0
0.0
0.008678439469416821
0.06555343998631442
0.10455161981643095
0.13445591652558442
0.1385733963971976
0.1426908762688108
0.10971705417512446
0.022513817517331936
0.011256908758665968
0.0
0.0
0.0
0.0
0.0
0.0
0.0
0.0
0.0
0.0
0.0
0.0
0.0
0.0
0.0
0.0015156471868271765
0.0634906645549151
0.10197315052718181
0.061708522168047474
0.13787546805416032
0.13807851720082606
0.09704772195900326
0.05601692671718043
0.028008463358590214
0.007709920527161786
0.0
0.0
0.0
0.0
0.0
0.0
0.0
0.0
0.0
0.0
0.0
0.0
0.0
0.0
0.022650599578474973
0.16441968369610444
0.3108249150662652
0.3736826439966365
0.4121294476920832
0.2376709324910625
0.357782791361283
0.20153010116684314
0.04527741097240332
0.0
0.0
0.0
0.0
0.0
0.0
0.0
0.0
0.0
0.0
0.0
0.0
0.0
0.0
0.0
0.0012165957239554464
0.020209761928388383
0.012516283532885225
0.0483248473284286
0.15350770361336438
0.1410240041945087
0.03725421851449761
0.07336446029779932
0.019054335821838516
0.0
0.0
0.0
0.0
0.0
0.0
0.0
0.0
0.0
0.0
0.0
0.0
0.0
0.0
0.0
0.005928355420224236
0.009550025757909097
0.024764446975239093
0.0177151291859316
0.05130091913081403
0.04682534212397234
0.1056254864331067
0.0708751967006
0.021350745208606373
0.0
0.0
0.0
0.0
0.0
0.0
0.0
0.0
0.0
0.0
0.0
0.0
0.0
0.0
0.0
0.0
0.10658126170506892
0.08231934282033918
0.18335762732926844
0.21059170032306437
0.13813204061605594
0.10513103202574493
0.019814708149310672
0.003674424934432476
0.0
0.0
0.0
0.0
0.0
0.0
0.0
0.0
0.0
0.0
0.0
0.0
0.0
0.0
0.0
0.0
0.12108695681038686
0.1872801290454013
0.28347020199369716
0.3462323533968722
0.4089945048000472
0.37128343566950645
0.09852131503386408
0.019598915332352092
0.0
0.0
0.0
0.0
0.0
0.0
0.0
0.0
0.0
0.0
0.0
0.0
0.0
0.0
0.0
0.0
0.11904032336135845
0.21397896788689844
0.07715498581354334
0.35523150856865854
0.41423640118049765
0.2687317225110302
0.07914498914262674
0.03957249457131337
0.0
0.0
0.0
0.0
0.0
0.0
0.0
0.0
0.0
0.0
0.0
0.0
0.0
0.0
0.0
0.0
0.008693690364300634
0.011589461850145607
0.016106363705498308
0.050278027195309584
0.04584153077736591
0.03412160199806047
0.018775674231435314
0.009387837115717657
0.0
0.0
0.0
0.0
0.0
0.0
0.0
0.0
0.0
0.0
0.0
0.0
0.0
0.0
0.0
0.0
0.017388313325555953
0.031474316889230046
0.045560320452904146
0.050232999560274924
0.045545877626572265
0.011667571197815682
0.018319450834952018
0.0013244921324347353
0.0
0.0
0.0
0.0
0.0
0.0
0.0
0.0
0.0
0.0
0.0
0.0
0.0
0.0
0.0
0.0
0.05911448817635749
0.101671011675428
0.2474187835242925
0.3566010283361279
0.16551781261761178
0.3467934996787664
0.14594391050556035
0.02319093119889094
0.01159546559944547
0.0
0.0
0.0
0.0
0.0
0.0
0.0
0.0
0.0
0.0
0.0
0.0
0.0
0.0
0.0
0.2439316905431646
0.2815068271905819
0.35562486319169717
0.3992566415402865
0.3961115037120162
0.34051511811449914
0.141926256051241
0.020095068895752917
0.010047534447876458
0.0
0.0
0.0
0.0
0.0
0.0
0.0
0.0
0.0
0.0
0.0
0.0
0.0
0.0
0.0
0.24079334933905056
0.2761103076105784
0.29692072119876883
0.2722107445009726
0.24750076780317642
0.1512877562483535
0.06040839550008944
0.0015621403551740376
0.0
0.0
0.0
0.0
0.0
0.0
0.0
0.0
0.0
0.0
0.0
0.0
0.0
0.0
0.0
0.0
0.101420075236473
0.1790349743659407
0.22367095393360498
0.2100241822060237
0.18187851199728072
0.1537328417885377
0.01757118455995919
0.008206074090562612
0.0
0.0
0.0
0.0
0.0
0.0
0.0
0.0
0.0
0.0
0.0
0.0
0.0
0.0
0.0
0.0
0.1356784592956765
0.23764821151078022
0.30038954825247693
0.3631308849941737
0.08469667555724028
0.3047997077518155
0.04924183928026416
0.010219573996829654
0.0
0.0
0.0
0.0
0.0
0.0
0.0
0.0
0.0
0.0
0.0
0.0
0.0
0.0
0.0
0.0
0.15282974035378585
0.08771691846680443
0.3037462310076082
0.36496087604822397
0.2338282636063551
0.28003960595086747
0.09049365232740107
0.007133906629925897
0.0
0.0
0.0
0.0
0.0
0.0
0.0
0.0
0.0
0.0
0.0
0.0
0.0
0.0
0.0
0.0
0.10598825624744258
0.23586961992691102
0.10213613517630209
0.34042591242244935
0.2989265749028602
0.16202727199313058
0.08350842185089152
0.005813662387588772
0.0
0.0
0.0
0.0
0.0
0.0
0.0
0.0
0.0
0.0
0.0
0.0
0.0
0.0
0.0
0.0
0.009723420433428831
0.0307258386540312
0.030386874186702672
0.04407440849676023
0.04370569163628771
0.030822690548256704
0.0155098963243929
0.0
0.0
0.0
0.0
0.0
0.0
0.0
0.0
0.0
0.0
0.0
0.0
0.0
0.0
0.0
0.0
0.0
0.00845754918434111
0.030095451763545906
0.04189014340856928
0.02573401412121949
0.04265221489208047
0.08129272237597826
0.06548377458871363
0.032741887294356814
0.0
0.0
0.0
0.0
0.0
0.0
0.0
0.0
0.0
0.0
0.0
0.0
0.0
0.0
0.0
0.0
0.008646155504674987
0.02947271107523631
0.0367799318940166
0.26001760076479347
0.2078318461266473
0.15564609148850114
0.035057608304304363
0.0013253417104542573
0.0
0.0
0.0
0.0
0.0
0.0
0.0
0.0
0.0
0.0
0.0
0.0
0.0
0.0
0.0
0.0
0.06599267182240728
0.030069114844940726
0.18505338505623425
0.2650853336512419
0.34117693939170674
0.08518473794935745
0.05225074735663958
0.0
0.0
0.0
0.0
0.0
0.0
0.0
0.0
0.0
0.0
0.0
0.0
0.0
0.0
0.0
0.0
0.0
0.008302076406768591
0.018552175420290827
0.03739332695123954
0.04607006726461731
0.03741499119073735
0.028759915116857385
0.013809041129309937
0.0
0.0
0.0
0.0
0.0
0.0
0.0
0.0
0.0
0.0
0.0
0.0
0.0
0.0
0.0
0.0
0.0
0.007131357895867331
0.02856111386028925
0.04033116774274648
0.04518225823421687
0.04045605571161621
0.02871573705984224
0.013131927447750933
0.0
0.0
0.0
0.0
0.0
0.0
0.0
0.0
0.0
0.0
0.0
0.0
0.0
0.0
0.0
0.0
0.0
0.03253968772571059
0.09047581118899112
0.1966883560335875
0.3029009008781839
0.3733504589910034
0.16244696353477442
0.0716032850633303
0.0
0.0
0.0
0.0
0.0
0.0
0.0
0.0
0.0
0.0
0.0
0.0
0.0
0.0
0.0
0.0
0.0
0.1509249864340176
0.2615325762074364
0.30584044082572986
0.26678873758038346
0.13237614953379465
0.10411323755835762
0.047525394412058435
0.0
0.0
0.0
0.0
0.0
0.0
0.0
0.0
0.0
0.0
0.0
0.0
0.0
0.0
0.0
0.0
0.0
0.01643182216711958
0.15613205011566772
0.2217695983259148
0.06712106890516363
0.25423197445184886
0.10165370919184154
0.05082685459592077
0.0
0.0
0.0
0.0
0.0
0.0
0.0
0.0
0.0
0.0
0.0
0.0
0.0
0.0
0.0
0.0
0.009151229637280791
0.013600273743865491
0.09793723014544274
0.1775720010163239
0.25871774639492484
0.20253175365185952
0.14634576090879423
0.0831439528805166
0.0
0.0
0.0
0.0
0.0
0.0
0.0
0.0
0.0
0.0
0.0
0.0
0.0
0.0
0.0
0.0
0.0
0.0054593883534481144
0.0271278757413557
0.03564786891013167
0.026251620188907206
0.03933886061594483
0.02745496327887166
0.011137118257913371
0.0
0.0
0.0
0.0
0.0
0.0
0.0
0.0
0.0
0.0
0.0
0.0
0.0
0.0
0.0
0.0
0.0
0.012617083167920628
0.025234166335841256
0.03378431952431026
0.04233447271277926
0.03761421723631525
0.02407236839414497
0.010530519551974692
0.005265259775987346
0.0
0.0
0.0
0.0
0.0
0.0
0.0
0.0
0.0
0.0
0.0
0.0
0.0
0.0
0.0
0.0
0.004693068979839307
0.025426170968253215
0.1733249604967336
0.2905599305666079
0.3551193642700816
0.14807295302248238
0.059438177401795356
0.0
0.0
0.0
0.0
0.0
0.0
0.0
0.0
0.0
0.0
0.0
0.0
0.0
0.0
0.0
0.0
0.0
0.004930101247285933
0.02650258631898754
0.0348169816070392
0.04313137689509086
0.03912731568908386
0.024794084921728878
0.010460854154373892
0.0
0.0
0.0
0.0
0.0
0.0
0.0
0.0
0.0
0.0
0.0
0.0
0.0
0.0
0.0
0.0
0.0
0.005015908627257651
0.025881544786716983
0.0388579994568954
0.0432681589562339
0.03922586673934841
0.025451658308838873
0.01048973980703764
0.0
0.0
0.0
0.0
0.0
0.0
0.0
0.0
0.0
0.0
0.0
0.0
0.0
0.0
0.0
0.0
0.0
0.004695617713897872
0.02633776818320028
0.028206259903332757
0.04385351821168453
0.026765921215631948
0.02578724162655005
0.012893620813275025
0.0
0.0
0.0
0.0
0.0
0.0
0.0
0.0
0.0
0.0
0.0
0.0
0.0
0.0
0.0
0.0
0.0
0.029070011093982898
0.18452324837205256
0.2510095250238021
0.10157812737089895
0.30235037432153367
0.14064594197582142
0.05752577727985142
0.0
0.0
0.0
0.0
0.0
0.0
0.0
0.0
0.0
0.0
0.0
0.0
0.0
0.0
0.0
0.0
0.0
0.01960995984660588
0.1605039786041277
0.1764284690020473
0.20924766789618063
0.1241913148937201
0.06824294035208557
0.0232360436521456
0.0
0.0
0.0
0.0
0.0
0.0
0.0
0.0
0.0
0.0
0.0
0.0
0.0
0.0
0.0
0.0
0.0
0.01394497361243345
0.08859994292188664
0.19313924385703454
0.2976785447921824
0.3453407212653839
0.19687228967481404
0.031957352458276904
0.0
0.0
0.0
0.0
0.0
0.0
0.0
0.0
0.0
0.0
0.0
0.0
0.0
0.0
0.0
0.0
0.0
0.018595563691296658
0.1301035283315734
0.1756723445646728
0.20694701061931517
0.1375250171211075
0.06810302362289983
0.025300433421363965
0.0
0.0
0.0
0.0
0.0
0.0
0.0
0.0
0.0
0.0
0.0
0.0
0.0
0.0
0.0
0.0
0.011558084166586503
0.023116168333173006
0.1644035417137335
0.24259360516241754
0.33895444329263735
0.25393292298897713
0.1682725200146365
0.08695176156401402
0.0
0.0
0.0
0.0
0.0
0.0
0.0
0.0
0.0
0.0
0.0
0.0
0.0
0.0
0.0
0.0
0.0
0.003987069645616557
0.024320869964855146
0.03645199450560921
0.04124616326977163
0.03555568969501354
0.06873426009140464
0.03436713004570232
0.0
0.0
0.0
0.0
0.0
0.0
0.0
0.0
0.0
0.0
0.0
0.0
0.0
0.0
0.0
0.0
0.0
0.004307360558976336
0.025489039741697837
0.0371673391980467
0.03640399334750622
0.024047747097936077
0.024211274400336814
0.014384577371137677
0.012814185268449721
0.0
0.0
0.0
0.0
0.0
0.0
0.0
0.0
0.0
0.0
0.0
0.0
0.0
0.0
0.0
0.012596268506442338
0.025192537012884677
0.15360560650251393
0.239031324526562
0.26486699210022474
0.035056987397554154
0.007601695639561177
0.01186520662064369
0.0
0.0
0.0
0.0
0.0
0.0
0.0
0.0
0.0
0.0
0.0
0.0
0.0
0.0
0.0
0.0
0.0
0.03806534316468141
0.41588118422629217
0.42379415390011976
0.3748525129295182
0.29950768626821317
0.22416285960690813
0.08561792407336456
0.0
0.0
0.0
0.0
0.0
0.0
0.0
0.0
0.0
0.0
0.0
0.0
0.0
0.0
0.0
0.0
0.0
0.0
0.025184041232689455
0.03574004812524981
0.04084516244455726
0.03491425829027446
0.02371512083693599
0.008339457839627558
0.004169728919813779
0.0
0.0
0.0
0.0
0.0
0.0
0.0
0.0
0.0
0.0
0.0
0.0
0.0
0.0
0.0
0.0
0.0
0.024387137050377858
0.036036550854062974
0.04116545335791705
0.03519971650483385
0.02319178077691046
0.01159589038845523
0.0
0.0
0.0
0.0
0.0
0.0
0.0
0.0
0.0
0.0
0.0
0.0
0.0
0.0
0.0
0.0
0.0
0.0
0.01821792626161915
0.03310678105374149
0.04155795840293618
0.03478852074338521
0.053524646153057624
0.04911070699648641
0.024555353498243206
0.0
0.0
0.0
0.0
0.0
0.0
0.0
0.0
0.0
0.0
0.0
0.0
0.0
0.0
0.0
0.0
0.0
0.024709976697796204
0.036505517920839094
0.06890969795243593
0.10131387798403275
0.10866867489903437
0.054334337449517184
0.026082469988333933
0.0
0.0
0.0
0.0
0.0
0.0
0.0
0.0
0.0
0.0
0.0
0.0
0.0
0.0
0.0
0.0
0.0
0.02468363977919102
0.03652165990321001
0.041538418108487185
0.06553687321493375
0.08953532832138032
0.04322822878931636
0.0
0.0
0.0
0.0
0.0
0.0
0.0
0.0
0.0
0.0
0.0
0.0
0.0
0.0
0.0
0.0
0.0
0.0
0.01154360858457608
0.16212667262141464
0.27161434073126817
0.07267948425984205
0.056242025357751635
0.05382501542681376
0.0
0.0
0.0
0.0
0.0
0.0
0.0
0.0
0.0
0.0
0.0
0.0
0.0
0.0
0.0
0.0
0.0
0.0
0.23643331494286385
0.19848181523279834
0.21339615736550635
0.022625103069008504
0.02311871706723157
0.023054149137747903
0.0
0.0
0.0
0.0
0.0
0.0
0.0
0.0
0.0
0.0
0.0
0.0
0.0
0.0
0.0
0.0
0.0
0.0
0.024397331986612123
0.032469172750090265
0.02692419339923752
0.019481149945838903
0.02318753288681285
0.007088878994891233
0.0
0.0
0.0
0.0
0.0
0.0
0.0
0.0
0.0
0.0
0.0
0.0
0.0
0.0
0.0
0.0
0.0
0.0
0.015374446668113871
0.035420606789909555
0.04037619537778114
0.03441895430489316
0.02865796575451475
0.02289697720413634
0.0
0.0
0.0
0.0
0.0
0.0
0.0
0.0
0.0
0.0
0.0
0.0
0.0
0.0
0.0
0.0
0.0
0.0
0.024217221446473466
0.03573240192307411
0.04084856075663536
0.034917656602352555
0.021055941635832253
0.007194226669311956
0.0
0.0
0.0
0.0
0.0
0.0
0.0
0.0
0.0
0.0
0.0
0.0
0.0
0.0
0.0
0.0
0.0
0.0
0.024354853085636025
0.023569670118274724
0.04095220927501703
0.03220792750908726
0.02346364574315749
0.007220563587917138
0.0
0.0
0.0
0.0
0.0
0.0
0.0
0.0
0.0
0.0
0.0
0.0
0.0
0.0
0.0
0.0
0.0
0.0
0.2392301257831301
0.13759909407313983
0.31429968916611
0.18725039381471803
0.11056238430454882
0.02384510627392285
0.011922553136961426
0.0
0.0
0.0
0.0
0.0
0.0
0.0
0.0
0.0
0.0
0.0
0.0
0.0
0.0
0.0
0.0
0.0
0.02456554843447747
0.036830056724296484
0.04181198223077326
0.03561006268826295
0.023971693398831623
0.007438055560914759
0.0
0.0
0.0
0.0
0.0
0.0
0.0
0.0
0.0
0.0
0.0
0.0
0.0
0.0
0.0
0.0
0.0
0.0
0.024482289788564315
0.033156056578873765
0.041829823369183214
0.03559561986193108
0.021511740243305787
0.007427860624680496
0.0
0.0
0.0
0.0
0.0
0.0
0.0
0.0
0.0
0.0
0.0
0.0
0.0
0.0
0.0
0.0
0.0
0.012080149859582747
0.024160299719165494
0.03666353943247018
0.041549462622740965
0.03537048168675776
0.02136943592503586
0.0073683901633139585
0.0
0.0
0.0
0.0
0.0
0.0
0.0
0.0
0.0
0.0
0.0
0.0
0.0
0.0
0.0
0.0
0.0
0.0
0.01329089964713144
0.03786994022019136
0.010626344352955877
0.02645023292566281
0.02400142862951489
0.023860398678274244
0.0
0.0
0.0
0.0
0.0
0.0
0.0
0.0
0.0
0.0
0.0
0.0
0.0
0.0
0.0
0.0
0.0
0.01200751093891362
0.02401502187782724
0.0377323085810288
0.04176695459573859
0.016529655052176923
0.023927515341816478
0.00740832033023149
0.0
0.0
0.0
0.0
0.0
0.0
0.0
0.0
0.0
0.0
0.0
0.0
0.0
0.0
0.0
0.0
0.0
0.011719503990295674
0.02343900798059135
0.037020362200669406
0.04180008813849995
0.03489301883978641
0.01719157291159836
0.003992424346687407
0.0
0.0
0.0
0.0
0.0
0.0
0.0
0.0
0.0
0.0
0.0
0.0
0.0
0.0
0.0
0.0
0.0
0.0
0.008174964465441735
0.03687338520329211
0.04167604974764974
0.03478257369724856
0.02165234540553667
0.00852211711382478
0.0
0.0
0.0
0.0
0.0
0.0
0.0
0.0
0.0
0.0
0.0
0.0
0.0
0.0
0.0
0.0
0.0
0.0
0.022721114554095295
0.03600341731130161
0.040663352748379566
0.03387437479437958
0.021073782774242215
0.008273190754104846
0.0
0.0
0.0
0.0
0.0
0.0
0.0
0.0
0.0
0.0
0.0
0.0
0.0
0.0
0.0
0.0
0.0
0.0
0.095345592396891
0.11863762338010503
0.14691073029177634
0.10165031087976345
0.06586523511947898
0.008462646652458243
0.0
0.0
0.0
0.0
0.0
0.0
0.0
0.0
0.0
0.0
0.0
0.0
0.0
0.0
0.0
0.0
0.0
0.011995616846640312
0.023991233693280625
0.03619032447559645
0.0682895059981849
0.10289111957727529
0.06589157203808417
0.008315669655080944
0.0
0.0
0.0
0.0
0.0
0.0
0.0
0.0
0.0
