0.0
0.0
0.0
0.0
0.0
0.0
0.0
0.0
0.027003617903689225
0.016510396242766113
0.040932484864509906
0.03984745439076487
0.02945006294884649
0.014484309840971182
0.0
0.0
0.0
0.0
0.0
0.0
0.0
0.0
0.0
0.0
0.0
0.0
0.0
0.0
0.0
0.0
0.0
0.0
0.009595877558683543
0.0336100893995403
0.03690975890104432
0.04020942840254834
0.02976478419554493
0.015384787062402976
0.0
0.0
0.0
0.0
0.0
0.0
0.0
0.0
0.0
0.0
0.0
0.0
0.0
0.0
0.0
0.0
0.0
0.0
0.010133489206726484
0.034741481076764995
0.042338477516191034
0.022873131025610123
0.010772086176516591
0.01544897949799019
0.0
0.0
0.0
0.0
0.0
0.0
0.0
0.0
0.0
0.0
0.0
0.0
0.0
0.0
0.0
0.0
0.0
0.0
0.005275006348194392
0.02582363611897143
0.04170368565316189
0.039728876697249595
0.027460989007248148
0.015193101317246703
0.0
0.0
0.0
0.0
0.0
0.0
0.0
0.0
0.0
0.0
0.0
0.0
0.0
0.0
0.0
0.0
0.0
0.0
0.009854430424243167
0.025747407601711608
0.03780042894481695
0.010810819612662238
0.03047535879503121
0.015237679397515604
0.0
0.0
0.0
0.0
0.0
0.0
0.0
0.0
0.0
0.0
0.0
0.0
0.0
0.0
0.0
0.0
0.0
0.0
0.010499921026536846
0.03545740504588354
0.04333880963742516
0.043181894794878634
0.03145964280736853
0.008047465311372902
0.0
0.0
0.0
0.0
0.0
0.0
0.0
0.0
0.0
0.0
0.0
0.0
0.0
0.0
0.0
0.0
0.0
0.0
0.011099050425350872
0.037909199460673074
0.04681233365197789
0.15156725603747281
0.09393938855065423
0.04775203958404633
0.002598902079676905
0.0
0.0
0.0
0.0
0.0
0.0
0.0
0.0
0.0
0.0
0.0
0.0
0.0
0.0
0.0
0.0
0.0
0.05609259840235762
0.3783341672421594
0.16967898576827137
0.21054922086254926
0.309461033226708
0.15677040956645888
0.07838520478322944
0.00661494133110216
0.0
0.0
0.0
0.0
0.0
0.0
0.0
0.0
0.0
0.0
0.0
0.0
0.0
0.0
0.0
0.0
0.055646817599668615
0.3091891069370677
0.3407896164780859
0.38147335565469537
0.19523861815370397
0.10149715627944364
0.007962536697631025
0.0
0.0
0.0
0.0
0.0
0.0
0.0
0.0
0.0
0.0
0.0
0.0
0.0
0.0
0.0
0.0
0.0
0.03175385813714328
0.12752808047166544
0.15527436919263457
0.025798196741261825
0.013249574591197183
0.01690311647636173
0.008451558238180865
0.0
0.0
0.0
0.0
0.0
0.0
0.0
0.0
0.0
0.0
0.0
0.0
0.0
0.0
0.0
0.0
0.0
0.031799327779017554
0.12641362846494295
0.1540440141772129
0.14603868252252372
0.09749315310969098
0.04894762369685824
0.004399856522540489
0.0
0.0
0.0
0.0
0.0
0.0
0.0
0.0
0.0
0.0
0.0
0.0
0.0
0.0
0.0
0.0
0.0
0.01194246770403847
0.036612868886453445
0.04529489579962452
0.04443364728882936
0.03279163584580328
0.023862522319508677
0.002062141481581763
0.0025275771512466637
0.0
0.0
0.0
0.0
0.0
0.0
0.0
0.0
0.0
0.0
0.0
0.0
0.0
0.0
0.0
0.0
0.03254199859629744
0.03681436180926887
0.04564527951053808
0.04475906727479234
0.016337972325540327
0.01263600492351958
0.0003468174644920467
0.00017340873224602334
0.0
0.0
0.0
0.0
0.0
0.0
0.0
0.0
0.0
0.0
0.0
0.0
0.0
0.0
0.0
0.06465381871799998
0.12930763743599996
0.21812054675573064
0.21781117487866444
0.21750180300159827
0.12489619061258955
0.06777874214484991
0.033096995695645254
0.0
0.0
0.0
0.0
0.0
0.0
0.0
0.0
0.0
0.0
0.0
0.0
0.0
0.0
0.0
0.0
0.0
0.10211233378715447
0.12792170492043986
0.15373107605372524
0.21631602606644554
0.12509768353540499
0.08216899223645371
0.04108449611822686
0.006453122899726051
0.0
0.0
0.0
0.0
0.0
0.0
0.0
0.0
0.0
0.0
0.0
0.0
0.0
0.0
0.0
0.0
0.32407461950045896
0.4767055085331477
0.3826377351113191
0.40151120273556623
0.2956623342602725
0.16277151073225826
0.02539613232919267
0.0
0.0
0.0
0.0
0.0
0.0
0.0
0.0
0.0
0.0
0.0
0.0
0.0
0.0
0.0
0.0
0.0
0.23242297802920472
0.35085445544119837
0.3347564190944929
0.36957100822289896
0.14885923174157145
0.12595625736138402
0.017975665087631477
0.0
0.0
0.0
0.0
0.0
0.0
0.0
0.0
0.0
0.0
0.0
0.0
0.0
0.0
0.0
0.0
0.0
0.33280835698674194
0.47992761217498386
0.3923441663090695
0.41327268343371293
0.29030806103917484
0.16734343864463672
0.028398020254500438
0.0
0.0
0.0
0.0
0.0
0.0
0.0
0.0
0.0
0.0
0.0
0.0
0.0
0.0
0.0
0.0
0.0
0.3342268315008984
0.4840653495855432
0.1115525945971057
0.15981542636253218
0.3818041250102906
0.16902938164040654
0.08451469082020327
0.01532906446206685
0.0
0.0
0.0
0.0
0.0
0.0
0.0
0.0
0.0
0.0
0.0
0.0
0.0
0.0
0.0
0.0
0.017737618138995548
0.016433963498950134
0.04350419431522278
0.04769052183327523
0.03675284405849778
0.020461338843425374
0.0024232644434174365
0.0
0.0
0.0
0.0
0.0
0.0
0.0
0.0
0.0
0.0
0.0
0.0
0.0
0.0
0.0
0.0
0.0
0.019621933591961977
0.014049580322965485
0.043233605367990556
0.04722334355205716
0.036809904001241976
0.02120133497588913
0.0024312884978658386
0.0
0.0
0.0
0.0
0.0
0.0
0.0
0.0
0.0
0.0
0.0
0.0
0.0
0.0
0.0
0.0
0.0
0.018027375660743403
0.02133870995390403
0.048500059770958476
0.04293983581901851
0.03401084634115771
0.0142341873484948
0.003804293370147977
0.0
0.0
0.0
0.0
0.0
0.0
0.0
0.0
0.0
0.0
0.0
0.0
0.0
0.0
0.0
0.0
0.0
0.0177679312335784
0.039875092800531586
0.048196037263524574
0.04272274056810896
0.03724944387269334
0.02108632352879536
0.0038087511781748676
0.0
0.0
0.0
0.0
0.0
0.0
0.0
0.0
0.0
0.0
0.0
0.0
0.0
0.0
0.0
0.0
0.009087241662815387
0.018174483325630774
0.040377933545964785
0.049077791691243426
0.04706732027111601
0.03763816473263816
0.021519622469009073
0.0043846999752490635
0.0
0.0
0.0
0.0
0.0
0.0
0.0
0.0
0.0
0.0
0.0
0.0
0.0
0.0
0.0
0.0
0.0
0.0784395900411575
0.05998895945370462
0.15269151522185448
0.047759172076889345
0.03766580314240487
0.021035950298091504
0.004406097453778135
0.0
0.0
0.0
0.0
0.0
0.0
0.0
0.0
0.0
0.0
0.0
0.0
0.0
0.0
0.0
0.0
0.0
0.010067222813289044
0.04051880027961451
0.049185670645494166
0.04763078720571491
0.03825512536355974
0.022195426165885608
0.011097713082942804
0.0
0.0
0.0
0.0
0.0
0.0
0.0
0.0
0.0
0.0
0.0
0.0
0.0
0.0
0.0
0.0
0.0
0.0236352981585711
0.04090128020832168
0.020093565768081703
0.04793124346672731
0.034926480109880934
0.02192171675303456
0.0034660829428838106
0.0
0.0
0.0
0.0
0.0
0.0
0.0
0.0
0.0
0.0
0.0
0.0
0.0
0.0
0.0
0.0
0.0
0.18313477779909204
0.13608796344489973
0.2203788723021531
0.3092729137279732
0.2893901983664382
0.11644329503200064
0.0333345968634785
0.0
0.0
0.0
0.0
0.0
0.0
0.0
0.0
0.0
0.0
0.0
0.0
0.0
0.0
0.0
0.0
0.013196003321199955
0.02639200664239991
0.04189091359029127
0.04973219790959089
0.04905371952789823
0.03919572285723354
0.016842031867320185
0.005749680793082799
0.0
0.0
0.0
0.0
0.0
0.0
0.0
0.0
0.0
0.0
0.0
0.0
0.0
0.0
0.0
0.0
0.0
0.02736915816189421
0.012356947134097507
0.045836965255694355
0.04946205474316135
0.040183573115992376
0.024179150737851686
0.012089575368925843
0.0
0.0
0.0
0.0
0.0
0.0
0.0
0.0
0.0
0.0
0.0
0.0
0.0
0.0
0.0
0.0
0.0
0.02759828949447636
0.042463296140943955
0.051317394443952995
0.049934582394011696
0.0375998275836069
0.025265072773202106
0.004857439238365533
0.0
0.0
0.0
0.0
0.0
0.0
0.0
0.0
0.0
0.0
0.0
0.0
0.0
0.0
0.0
0.0
0.0
0.02827498475295827
0.04264071690041418
0.05049983245182136
0.024727135931420806
0.04012651317324818
0.024863870050782
0.0071075291180735115
0.0
0.0
0.0
0.0
0.0
0.0
0.0
0.0
0.0
0.0
0.0
0.0
0.0
0.0
0.0
0.0
0.0
0.011610222108347985
0.04302765463714824
0.030790576407119755
0.05046327842600085
0.04071583539440305
0.025158976942162122
0.007245721166907104
0.0
0.0
0.0
0.0
0.0
0.0
0.0
0.0
0.0
0.0
0.0
0.0
0.0
0.0
0.0
0.0
0.0
0.019715868550551355
0.02489282894810813
0.04728619864523631
0.04748100485601141
0.04217175549598535
0.02617179092587154
0.01308589546293577
0.0
0.0
0.0
0.0
0.0
0.0
0.0
0.0
0.0
0.0
0.0
0.0
0.0
0.0
0.0
0.0
0.0
0.028906210369565904
0.04338071303287793
0.2737584487393455
0.23034443804615176
0.14559985718321852
0.38617723468466975
0.07251783785823673
0.0
0.0
0.0
0.0
0.0
0.0
0.0
0.0
0.0
0.0
0.0
0.0
0.0
0.0
0.0
0.0
0.014785211882786262
0.02204653537778748
0.041228483317495415
0.030436588735935032
0.052389943055222744
0.04188913046708052
0.027294266987042463
0.00919824108268495
0.0
0.0
0.0
0.0
0.0
0.0
0.0
0.0
0.0
0.0
0.0
0.0
0.0
0.0
0.0
0.0
0.0
0.0695146125905209
0.1390292251810418
0.16021718673285026
0.05242560551943786
0.06377206429028112
0.041719733762058696
0.0375592615305622
0.0
0.0
0.0
0.0
0.0
0.0
0.0
0.0
0.0
0.0
0.0
0.0
0.0
0.0
0.0
0.0
0.05587149112422388
0.19694417550479207
0.14273406655796442
0.361616941360519
0.33303347629209995
0.29344145430127583
0.2126757800316871
0.10633789001584355
0.0
0.0
0.0
0.0
0.0
0.0
0.0
0.0
0.0
0.0
0.0
0.0
0.0
0.0
0.0
0.0
0.006998758602217394
0.07596515542219694
0.14165487410888006
0.16302293110497484
0.03231805191363209
0.044408683563878774
0.027576892015947287
0.0107451004680158
0.0
0.0
0.0
0.0
0.0
0.0
0.0
0.0
0.0
0.0
0.0
0.0
0.0
0.0
0.0
0.0
0.007289407685570627
0.03141506472709963
0.034247455030601365
0.05488274930385966
0.05356502125111096
0.043907625941656335
0.029420641415869017
0.011317483018668485
0.0056587415093342424
0.0
0.0
0.0
0.0
0.0
0.0
0.0
0.0
0.0
0.0
0.0
0.0
0.0
0.0
0.0
0.016139493961355462
0.010464147554784389
0.04701204345158257
0.05492376113770705
0.054421811953879226
0.04524853459614487
0.02945095451045187
0.004294813684752821
0.0
0.0
0.0
0.0
0.0
0.0
0.0
0.0
0.0
0.0
0.0
0.0
0.0
0.0
0.0
0.0
0.03042899759155155
0.16823321712680397
0.2998018547940426
0.21864230367336393
0.34705283675586646
0.2142300833016746
0.06783349415052184
0.09661006133956407
0.027849264086390272
0.0
0.0
0.0
0.0
0.0
0.0
0.0
0.0
0.0
0.0
0.0
0.0
0.0
0.0
0.0
0.04054822181259198
0.10722869912646138
0.0838072881013385
0.3459865290758343
0.13784645543224047
0.10128110210098781
0.17123064724408482
0.05757259066728513
0.0
0.0
0.0
0.0
0.0
0.0
0.0
0.0
0.0
0.0
0.0
0.0
0.0
0.0
0.0
0.0
0.008716797815780823
0.03409420735126056
0.048292325916905396
0.05706707523703579
0.05159199541840942
0.04371148238847317
0.030848923107684594
0.01273684909443028
0.0
0.0
0.0
0.0
0.0
0.0
0.0
0.0
0.0
0.0
0.0
0.0
0.0
0.0
0.0
0.0
0.009160795495259074
0.03447936196478386
0.03245883850541184
0.01701956237941305
0.057117894248542335
0.04671069562896481
0.032214795487123714
0.03703636064900799
0.0
0.0
0.0
0.0
0.0
0.0
0.0
0.0
0.0
0.0
0.0
0.0
0.0
0.0
0.0
0.0
0.07357522992221506
0.21862160437795305
0.3312142448363261
0.4438068852946991
0.46087627801046377
0.47794567072622857
0.4183429942834977
0.06515091588311545
0.0
0.0
0.0
0.0
0.0
0.0
0.0
0.0
0.0
0.0
0.0
0.0
0.0
0.0
0.0
0.03885202585836032
0.028368489172965156
0.17026040182053384
0.36941231025714166
0.42928780455111815
0.4891632988450947
0.486149820618917
0.28671551355030417
0.09170335204436618
0.0
0.0
0.0
0.0
0.0
0.0
0.0
0.0
0.0
0.0
0.0
0.0
0.0
0.0
0.0
0.0
0.0074258797117548805
0.01735050508603906
0.051625874759413784
0.06010730031137482
0.033559483145888615
0.048974370545019574
0.03422080909922424
0.01580025477050913
0.0
0.0
0.0
0.0
0.0
0.0
0.0
0.0
0.0
0.0
0.0
0.0
0.0
0.0
0.0
0.0
0.13537382259899197
0.19976507642420813
0.2641563302494243
0.31496820926312796
0.28206156197023086
0.2383162002407534
0.1548682628813849
0.07142032552201641
0.0016003530816535315
0.0
0.0
0.0
0.0
0.0
0.0
0.0
0.0
0.0
0.0
0.0
0.0
0.0
0.0
0.0
0.01827924181426269
0.03655848362852538
0.05285890445965157
0.06081609178765033
0.029443479857403004
0.04981154689246953
0.017861099677397844
0.016994055760110288
0.008497027880055144
0.0
0.0
0.0
0.0
0.0
0.0
0.0
0.0
0.0
0.0
0.0
0.0
0.0
0.0
0.023151180206850835
0.04630236041370167
0.10810630246011084
0.1514041002636886
0.1733133351542479
0.17029004975041104
0.13468732016285087
0.09372452220375813
0.016936464610993313
0.0036973059775026163
0.0
0.0
0.0
0.0
0.0
0.0
0.0
0.0
0.0
0.0
0.0
0.0
0.0
0.0
0.0
0.01394224038490135
0.03878114671073276
0.05406875355814954
0.06201880839330527
0.0615106182782398
0.051608043527306226
0.09618344911139069
0.062118663293107605
0.006415677312300174
0.0
0.0
0.0
0.0
0.0
0.0
0.0
0.0
0.0
0.0
0.0
0.0
0.0
0.0
0.0
0.020080642037928965
0.04016128407585793
0.05516983214079139
0.06407385789370158
0.01751333647568712
0.05299353026206365
0.03742775619376894
0.0189033349380273
0.0003789136822856551
0.0
0.0
0.0
0.0
0.0
0.0
0.0
0.0
0.0
0.0
0.0
0.0
0.0
0.0
0.0
0.015102162033498144
0.04033424702730126
0.05599987599539832
0.06476927594589645
0.063383789211139
0.05259321910124893
0.038583220034338846
0.019842595089293036
0.0003379018484382665
0.0
0.0
0.0
0.0
0.0
0.0
0.0
0.0
0.0
0.0
0.0
0.0
0.0
0.0
0.0
0.01699673044492642
0.04032087360322059
0.054227451523906824
0.0642236402434051
0.06304053799306847
0.05252011104960793
0.038783821395548895
0.019875137087889332
0.000966452780229765
0.0004832263901148825
0.0
0.0
0.0
0.0
0.0
0.0
0.0
0.0
0.0
0.0
0.0
0.0
0.0
0.0
0.019685680246746502
0.03758912884434236
0.03164759059567241
0.06472113161920603
0.0642807001861493
0.0537460082570027
0.039141337599305485
0.02125839491863332
0.000824563283766068
0.0
0.0
0.0
0.0
0.0
0.0
0.0
0.0
0.0
0.0
0.0
0.0
0.0
0.0
0.0
0.10333361252873705
0.2242402256150453
0.3879755144427172
0.35441000312344584
0.29141404321064623
0.054537714962578365
0.04004181482073727
0.022595737326700338
0.002441095675524997
0.0012205478377624985
0.0
0.0
0.0
0.0
0.0
0.0
0.0
0.0
0.0
0.0
0.0
0.0
0.0
0.0
0.024260282843941085
0.04322647287514753
0.05819400910623361
0.1824117213371305
0.17888916143428196
0.1789279443641159
0.17896672729394986
0.11194090892484168
0.022948795722430027
0.0
0.0
0.0
0.0
0.0
0.0
0.0
0.0
0.0
0.0
0.0
0.0
0.0
0.0
0.0
0.02431555966347452
0.088786608252372
0.1532576568412695
0.18031031063325453
0.11041495182865972
0.1406719274389508
0.07804531499088496
0.0599414698527745
0.01276359594259162
0.0
0.0
0.0
0.0
0.0
0.0
0.0
0.0
0.0
0.0
0.0
0.0
0.0
0.0
0.0
0.24119416110291358
0.2799030913236107
0.4070326437576722
0.4921946083033799
0.5391585074282721
0.533684319171251
0.4952259177616651
0.09942282031980808
0.05354986470381954
0.0
0.0
0.0
0.0
0.0
0.0
0.0
0.0
0.0
0.0
0.0
0.0
0.0
0.0
0.0
0.144666405716829
0.2363369334768142
0.23815036978215307
0.1649169247066398
0.08974690010271398
0.058939354608329615
0.044201841271431085
0.06853434060540779
0.020701168915272062
0.0
0.0
0.0
0.0
0.0
0.0
0.0
0.0
0.0
0.0
0.0
0.0
0.0
0.0
0.0
0.06702081201428883
0.21753657390420805
0.17487108817267313
0.3431344235002301
0.13673008556915925
0.3008039700384874
0.19681579063361765
0.11893342659582141
0.027538554866916035
0.0
0.0
0.0
0.0
0.0
0.0
0.0
0.0
0.0
0.0
0.0
0.0
0.0
0.0
0.0
0.11627791035420301
0.08068072011366827
0.3538269218335286
0.47509802295865117
0.48897428778475455
0.44574335710158014
0.2575436178223356
0.09869943596176743
0.007720031940968206
0.0
0.0
0.0
0.0
0.0
0.0
0.0
0.0
0.0
0.0
0.0
0.0
0.0
0.0
0.0
0.03017222784920268
0.052260626175275264
0.16585988013328767
0.17990375854120214
0.1189807833908418
0.16043205307974637
0.167582377154878
0.10287239005573923
0.03816240295660043
0.0
0.0
0.0
0.0
0.0
0.0
0.0
0.0
0.0
0.0
0.0
0.0
0.0
0.0
0.0
0.022479614472400426
0.048450132321057306
0.06455173491418421
0.07248039227081086
0.07131601281418717
0.06149367860773761
0.12088505494999388
0.07517647456547397
0.03508829854125704
0.0
0.0
0.0
0.0
0.0
0.0
0.0
0.0
0.0
0.0
0.0
0.0
0.0
0.0
0.0
0.0247016058386032
0.025280943106658585
0.06448486779378085
0.07235379052284717
0.07191692533621195
0.06193856784882124
0.04662688883805927
0.028821512017054993
0.009926646914278785
0.0
0.0
0.0
0.0
0.0
0.0
0.0
0.0
0.0
0.0
0.0
0.0
0.0
0.0
0.006562784977187546
0.030376395456834245
0.049062635143952
0.06319923595882575
0.06685553010248098
0.07051182424613621
0.060905247948188135
0.04596356700365803
0.029102353922749073
0.010199464765524456
0.005099732382762228
0.0
0.0
0.0
0.0
0.0
0.0
0.0
0.0
0.0
0.0
0.0
0.0
0.0
0.015886290465428107
0.03177258093085621
0.04767893153240533
0.06076527277614378
0.07193475656831952
0.071598637843092
0.05895986052525331
0.04632108320741461
0.02904083617197798
0.0107451004680158
0.0
0.0
0.0
0.0
0.0
0.0
0.0
0.0
0.0
0.0
0.0
0.0
0.0
0.0
0.029993915528127083
0.0479220353310203
0.13556639990575362
0.06538801970002876
0.07465580258793322
0.19930859688225458
0.05984345699878403
0.12770639279274107
0.11393176598965078
0.042054960925680826
0.0
0.0
0.0
0.0
0.0
0.0
0.0
0.0
0.0
0.0
0.0
0.0
0.0
0.0
0.025327482085578567
0.09322970551277335
0.13766870217123497
0.17298613204507415
0.051411876974371086
0.19831539725386346
0.16673004426013663
0.127725115586454
0.03254556484271894
0.012595982360780553
0.0
0.0
0.0
0.0
0.0
0.0
0.0
0.0
0.0
0.0
0.0
0.0
0.0
0.0
0.011832985331131406
0.09530615249169871
0.0824377980604752
0.1295434554806225
0.053267344750554536
0.2044163533194652
0.23760027627163485
0.18338887285662478
0.11529808414989255
0.014877118379618769
0.0
0.0
0.0
0.0
0.0
0.0
0.0
0.0
0.0
0.0
0.0
0.0
0.0
0.0
0.04493916271907869
0.15215925294344382
0.2593793431678089
0.3471598241485118
0.3670077686074371
0.27072892240427093
0.171719223003832
0.10243819955392013
0.033157176104008264
0.016578588052004132
0.0
0.0
0.0
0.0
0.0
0.0
0.0
0.0
0.0
0.0
0.0
0.0
0.0
0.0
0.009671660295140674
0.021041852249055172
0.05386993532015024
0.0690487716517109
0.045951759887419015
0.0761438189073091
0.06615030487262698
0.021196299848014643
0.03348883702120888
0.014744645829741563
0.0
0.0
0.0
0.0
0.0
0.0
0.0
0.0
0.0
0.0
0.0
0.0
0.0
0.0
0.010036308991740281
0.03607169099198899
0.05255309882900691
0.06903450666602484
0.023585742583741763
0.07186031117427044
0.06683145793913578
0.05079716824721492
0.034762878555294065
0.017381439277647032
0.007735188488259632
0.0
0.0
0.0
0.0
0.0
0.0
0.0
0.0
0.0
0.0
0.0
0.0
0.0052548641020980025
0.010509728204196005
0.023612532570051227
0.10965360762624439
0.12204338026434951
0.2749148041415207
0.3356372819606064
0.33301163303276815
0.2652324451071156
0.20173899381851504
0.07832903640209062
0.0
0.0
0.0
0.0
0.0
0.0
0.0
0.0
0.0
0.0
0.0
0.0
0.0
0.0
0.051065082509631016
0.054460860719885505
0.2573073539969104
0.3521837737948169
0.37196306801012813
0.3079832698657939
0.2440034717214597
0.1375465582312982
0.09308616409430748
0.016951260803052145
0.0
0.0
0.0
0.0
0.0
0.0
0.0
0.0
0.0
0.0
0.0
0.0
0.0
0.0
0.019742740189490696
0.02494078997609579
0.1462669222935005
0.1822307343312388
0.1949577762480099
0.1929900997849406
0.19957249911744646
0.19146018007011195
0.13045864346854297
0.06898101296970216
0.03449050648485108
0.0
0.0
0.0
0.0
0.0
0.0
0.0
0.0
0.0
0.0
0.0
0.0
0.0
0.012281261114082115
0.03998742956280922
0.14676797991572293
0.18310624782771998
0.21240296218044144
0.07985360674728703
0.02057838072602993
0.08297095190049124
0.09650084504290526
0.04794283376759722
0.005020383399883586
0.0
0.0
0.0
0.0
0.0
0.0
0.0
0.0
0.0
0.0
0.0
0.0
0.0
0.009136565819561243
0.1051356191909913
0.0577241561401994
0.07326764116835965
0.08070593964202841
0.05664089628961067
0.05269591669860761
0.1390497310979655
0.029701605146106633
0.04877020293738801
0.024385101468694007
0.0
0.0
0.0
0.0
0.0
0.0
0.0
0.0
0.0
0.0
0.0
0.0
0.0
0.12447804821966726
0.2432456443568884
0.3620132404941095
0.46209370538260747
0.42557266734150795
0.33378640006784166
0.17603883898188846
0.19329947166200678
0.1329122210065433
0.07111897769939865
0.009325734392254006
0.0
0.0
0.0
0.0
0.0
0.0
0.0
0.0
0.0
0.0
0.0
0.0
0.0
0.02325162053564234
0.16900798416187746
0.2513650958970659
0.29308750434394076
0.2745706613618449
0.2727893212742996
0.11174554197613452
0.13877245543869296
0.13461421211120989
0.03437747272366951
0.009232120423689314
0.0
0.0
0.0
0.0
0.0
0.0
0.0
0.0
0.0
0.0
0.0
0.0
0.06345689726278
0.12691379452556
0.18777268127026847
0.2739251707595512
0.32078297405340334
0.33475374440967676
0.29139130838970906
0.24802887236974142
0.19840990278403353
0.16853099870300023
0.06418886225518743
0.04634248068594368
0.0
0.0
0.0
0.0
0.0
0.0
0.0
0.0
0.0
0.0
0.0
0.0
0.0
0.05826622559626921
0.14338182893849727
0.11947535810004556
0.35895340106445217
0.41114095963525404
0.42258504440188627
0.20905095761738676
0.2489329158375947
0.14238684618689543
0.021508032168139162
0.0021023022654813525
0.0
0.0
0.0
0.0
0.0
0.0
0.0
0.0
0.0
0.0
0.0
0.0
0.029666266638150664
0.05933253327630133
0.11052600065710677
0.061178957361039184
0.025591406700817602
0.0789063225415729
0.025372056237635568
0.0708978704212649
0.02243990151730283
0.04116696556672433
0.022883711725237437
0.003518993656427013
0.0
0.0
0.0
0.0
0.0
0.0
0.0
0.0
0.0
0.0
0.0
0.0
0.0
0.05921128089796991
0.11010785826418448
0.060747441544036225
0.04932640178728697
0.08237672609050681
0.07676077953823071
0.0711448329859546
0.057659963704612176
0.10423425040795414
0.05888853559682307
0.013196003321199955
0.0
0.0
0.0
0.0
0.0
0.0
0.0
0.0
0.0
0.0
0.0
0.0
0.0
0.02213702888073335
0.08956761621868314
0.11705535207409262
0.18983664638671857
0.21941420264513412
0.2076883844112025
0.1959625661772709
0.08186474707440992
0.10896665940930061
0.06208790441772206
0.030922922720930966
0.0
0.0
0.0
0.0
0.0
0.0
0.0
0.0
0.0
0.0
0.0
0.0
0.0
0.03405666880594124
0.17527387912447415
0.27299883825156335
0.34269488362877876
0.4337242150994791
0.4815502542967719
0.5184938925388205
0.4200365155529132
0.32157913856700593
0.19627907054718008
0.03697840914465842
0.0
0.0
0.0
0.0
0.0
0.0
0.0
0.0
0.0
0.0
0.0
0.0
0.0
0.09986916478802339
0.20788987733401795
0.31591058988001247
0.40015513753378623
0.46042648518055057
0.48312207740705326
0.4236005330704118
0.3640789887337703
0.26989442074163716
0.1583663048400855
0.07918315242004274
0.0
0.0
0.0
0.0
0.0
0.0
0.0
0.0
0.0
0.0
0.0
0.0
0.0
0.10321430393140169
0.2122264329825766
0.3176304122167867
0.4044988256751879
0.4634390718451229
0.4848347672509844
0.43871517696638523
0.3389503248861911
0.21951138286012034
0.11287437392567244
0.03339254836782806
0.0
0.0
0.0
0.0
0.0
0.0
0.0
0.0
0.0
0.0
0.0
0.0
0.0
0.031216628894673932
0.043127774499672505
0.0659060169927534
0.0792054414601772
0.0872660499343998
0.023492419651089374
0.07709244045543132
0.09590082408248586
0.11470920770954039
0.06806894544740046
0.02056208530483309
0.0
0.0
0.0
0.0
0.0
0.0
0.0
0.0
0.0
0.0
0.0
0.0
0.0
0.06081475444524226
0.12162950889048452
0.06615922048868077
0.07958435514246286
0.0898578195212337
0.02397462149782768
0.052952725404763305
0.06434667574494726
0.029990087176355172
0.027740047789731465
0.0071066375564681344
0.0
0.0
0.0
0.0
0.0
0.0
0.0
0.0
0.0
0.0
0.0
0.008530461440256818
0.017060922880513637
0.07186164851667853
0.0693042040516517
0.06674675958662486
0.08035555593111485
0.02363089485392845
0.22980267847099872
0.20667289574267697
0.16278042634831208
0.11888795695394716
0.07206759924752085
0.00749979061763225
0.0
0.0
0.0
0.0
0.0
0.0
0.0
0.0
0.0
0.0
0.0
0.0
0.007499858117819634
0.07365279578188295
0.05052359315217299
0.22251772859345498
0.178522742586356
0.30338236620124065
0.3031924635792952
0.27339825785077276
0.22357957846546023
0.046869184308871
0.0942652543174199
0.024891508460548717
0.0
0.0
0.0
0.0
0.0
0.0
0.0
0.0
0.0
0.0
0.0
0.0
0.015029945543462528
0.030059891086925056
0.049889112752137414
0.06562829555267814
0.08136747835321888
0.04301640758184889
0.09031875687121413
0.08022538793672966
0.16546759302692135
0.12116767997889871
0.10278992060724176
0.03526661086233264
0.0
0.0
0.0
0.0
0.0
0.0
0.0
0.0
0.0
0.0
0.0
0.0
0.020583482783362163
0.0778146053557875
0.16584739827081244
0.22525660584517623
0.2025878215041362
0.3660555808128934
0.3054329578936101
0.2767175417075951
0.2804826063671064
0.23217958171093647
0.16566730282652606
0.05111768464434832
0.0
0.0
0.0
0.0
0.0
0.0
0.0
0.0
0.0
0.0
0.0
0.0
0.002340247954519712
0.018878577710060525
0.052282064100972
0.1730654810279528
0.2080949365032549
0.10362181786089236
0.15816882394449427
0.08036179686235248
0.06486601038007996
0.031359758184329366
0.031201981503414286
0.010270789693954696
0.005135394846977348
0.0
0.0
0.0
0.0
0.0
0.0
0.0
0.0
0.0
0.0
0.003563125955893225
0.00712625191178645
0.013460017180345443
0.05188710230978954
0.17291302399343314
0.2076126016747454
0.22230732005458576
0.23700203843442613
0.21348620953097572
0.16904632131090871
0.04961362021607561
0.031348197606696285
0.011048231413844325
0.0
0.0
0.0
0.0
0.0
0.0
0.0
0.0
0.0
0.0
0.0
0.011883624638083522
0.023767249276167045
0.08212441415618482
0.1330566539866145
0.1763250302572148
0.20889511304408165
0.07997965773064686
0.09323148863598409
0.08364452669335433
0.06838455825570428
0.05123715389946897
0.03272031091737304
0.012012901070863334
0.0
0.0
0.0
0.0
0.0
0.0
0.0
0.0
0.0
0.0
0.0
0.0
0.008687376282803349
0.014776441629277487
0.1338751075403515
0.2348194956244608
0.3357638837085701
0.3152766895785887
0.24476040752442563
0.21007331170558868
0.1079012432908739
0.13102389352635266
0.09171627968764416
0.05764346981491268
0.0
0.0
0.0
0.0
0.0
0.0
0.0
0.0
0.0
0.0
0.0
0.013008329603267884
0.02601665920653577
0.021439134643441205
0.1321575141075908
0.1787179816060494
0.2136440159351276
0.22879655119932968
0.24394908646353167
0.22057144960891478
0.1757785029931181
0.13256718666526196
0.08984890390517991
0.04713062114509785
0.023565310572548924
0.0
0.0
0.0
0.0
0.0
0.0
0.0
0.0
0.0
0.0
0.0
0.015147631675372423
0.10753302834785279
0.10936975131455677
0.26782421469394946
0.3608417285446428
0.37128414384763275
0.3817265591506227
0.11214157015122155
0.2958807668535901
0.20728896481199316
0.1191531965315471
0.056851317328534316
0.0
0.0
0.0
0.0
0.0
0.0
0.0
0.0
0.0
0.0
0.0
0.0
0.00817116211328948
0.03715939615055016
0.055523336317323764
0.04252736464792697
0.05622796089422913
0.09760014050233635
0.09674513292277884
0.08452494377866511
0.023272755205071775
0.054964772971554436
0.03490998622018143
0.014858765715229948
0.007429382857614974
0.0
0.0
0.0
0.0
0.0
0.0
0.0
0.0
0.0
0.0
0.0
0.008654388503404362
0.03710144464620059
0.1400054851389307
0.07499137062733031
0.2885316245404591
0.31820546945225553
0.31905334453897
0.29094329868300667
0.2606725532764097
0.12331863492744588
0.15470822757321953
0.061323390341110416
0.0
0.0
0.0
0.0
0.0
0.0
0.0
0.0
0.0
0.0
0.0
0.0
0.02047738695232218
0.12513780380764702
0.2113535941709115
0.29756938453417603
0.4003673291958662
0.4537567128107177
0.4633525903694012
0.4290283601239531
0.36597355714519864
0.30607844849590377
0.2091772922921838
0.1045886461460919
0.0
0.0
0.0
0.0
0.0
0.0
0.0
0.0
0.0
0.0
0.0
0.0
0.018424120575136618
0.051004830895127924
0.24366378674981068
0.31731702831249636
0.390970269875182
0.4725124943030549
0.49209831964999906
0.5400349124863586
0.4633062291659216
0.3663738683060134
0.25820693965673686
0.12910346982836843
0.0
0.0
0.0
0.0
0.0
0.0
0.0
0.0
0.0
0.0
0.0
0.0
0.02796917912231361
0.13915850161382162
0.24537469347053106
0.34147968516064847
0.4479147553914783
0.23177079528891292
0.33556688727349865
0.5473680066905928
0.4700954707908752
0.31207954966170315
0.19700836794037932
0.08193718621905545
0.0014637335281098068
0.0
0.0
0.0
0.0
0.0
0.0
0.0
0.0
0.0
0.0
0.006926987892984464
0.013853975785968928
0.03941148076573502
0.05807810609753445
0.07541184682929378
0.090502418561922
0.09873153217956104
0.163051461076347
0.22737138997313291
0.19069611177430298
0.1419455231922333
0.09644556822337183
0.060320383535060154
0.0015254619068017785
0.0
0.0
0.0
0.0
0.0
0.0
0.0
0.0
0.0
0.0
0.0
0.041783926197645906
0.13451212830739412
0.16387355580810747
0.2846524399954594
0.21973962263109711
0.13712965554201847
0.16778654476250957
0.08740959135286568
0.09087304488232865
0.16020425908957228
0.13142955405679962
0.07088895480521111
0.004697638098736745
0.0023488190493683725
0.0
0.0
0.0
0.0
0.0
0.0
0.0
0.0
0.0
0.0
0.04682749019926932
0.08615068479111844
0.22620968520132537
0.27962135785631126
0.2616858130409218
0.2295739929192193
0.24365041332573
0.22209423683090043
0.18612150917710837
0.13873411828966167
0.0952178878927663
0.04806051989950711
0.004554096680270885
0.0
0.0
0.0
0.0
0.0
0.0
0.0
0.0
0.0
0.0
0.025906551348271585
0.05181310269654317
0.09232821451247294
0.22435479128133637
0.2818515992121644
0.33739633300801725
0.37701465606619994
0.09909032257574608
0.35153025913807484
0.29851265671266597
0.2138802797605528
0.1253647062362157
0.06776938074799345
0.0062908586875472525
0.0
0.0
0.0
0.0
0.0
0.0
0.0
0.0
0.0
0.0
0.0
0.041313181670006326
0.1003033552898425
0.17183512601253112
0.24336689673521977
0.1243220644638068
0.4159785729060351
0.4968209214736865
0.5232686507164225
0.5497163799591586
0.32131931655582546
0.3756157959073618
0.13056206461476685
0.01888951573314394
0.0
0.0
0.0
0.0
0.0
0.0
0.0
0.0
0.0
0.0
0.0
0.04604024130172054
0.09148555922321785
0.328638523358389
0.44084065983360643
0.192481223135773
0.5501933654180358
0.14290366805150084
0.4318956222468488
0.3701175354869956
0.31630198542477345
0.2255365561892649
0.10658262367651983
0.053291311838259914
0.008634774148086046
0.0
0.0
0.0
0.0
0.0
0.0
0.0
0.0
0.0
0.0
0.0472295844832948
0.1713385261983356
0.32944716973446686
0.40769284512645465
0.48593852051844244
0.4933719154032816
0.3461879351461694
0.16572776369283157
0.3658260036995086
0.2985402951224327
0.1951516908971796
0.09176308667192651
0.007055617969116395
0.0
0.0
0.0
0.0
0.0
0.0
0.0
0.0
0.0
0.0
0.0
0.08288045839754538
0.16576091679509075
0.25808033790877316
0.1828490768619266
0.4069140660641569
0.42153924263877784
0.386902074269842
0.29471014646572874
0.24964973136831864
0.14218535326408
0.059189483917196146
0.053110324832368175
0.012847402733497154
0.0
0.0
0.0
0.0
0.0
0.0
0.0
0.0
0.0
0.0
0.0
0.05523937394601087
0.1266668319608703
0.21464791430278327
0.3048819728214865
0.40233054785090855
0.41652955797815877
0.38204128039732116
0.29216830432879604
0.2484871350349057
0.1944986220212402
0.13826069907720595
0.040006264067972724
0.00617809253011178
0.0
0.0
0.0
0.0
0.0
0.0
0.0
0.0
0.0
0.0
0.031984326812133486
0.06396865362426697
0.05124221125866039
0.21547278699774078
0.35377253657560054
0.4065070681913019
0.431114168499735
0.43152294949580083
0.361490785393358
0.2528548953396526
0.1980345553481694
0.05934794041875876
0.05592498482054655
0.0030928272090563233
0.0
0.0
0.0
0.0
0.0
0.0
0.0
0.0
0.0
0.0
0.0
0.05686469075261499
0.131536541449445
0.19443264646244224
0.29129724864034173
0.3489375979896356
0.34126883084097664
0.33360006369231765
0.29901460589649376
0.2542698036073875
0.12377398046795748
0.14226737693177474
0.07396840859018676
0.01313626869363963
0.0
0.0
0.0
0.0
0.0
0.0
0.0
0.0
0.0
0.0
0.0
0.0632384646694624
0.10717105433606931
0.19593136152108268
0.2524001989209098
0.3537645125211521
0.1146781984695355
0.25841199882597377
0.037329897803894806
0.04202037270533233
0.06165683438152181
0.04385145756051752
0.02378597206987998
0.004766288342350852
0.0
0.0
0.0
0.0
0.0
0.0
0.0
0.0
0.0
0.0
0.002980490446778694
0.014537250347412437
0.04614366244794439
0.06579724647689728
0.0827779288129269
0.09402052065674363
0.07381634766765094
0.10509639048035468
0.09561284968394876
0.07976979995638149
0.06265270869472904
0.026709816931051514
0.06549054928464726
0.03274527464232363
0.01284829429510253
0.0
0.0
0.0
0.0
0.0
0.0
0.0
0.0
0.01955684959476938
0.028885808010845268
0.1184029474406215
0.19769219569170424
0.162000283250455
0.2882717343324914
0.3022973357274956
0.3301711177580338
0.3975936810415352
0.3743034172242454
0.32181718551564187
0.2840479612270131
0.20712313435339286
0.03189414967089673
0.02069522726913786
0.0
0.0
0.0
0.0
0.0
0.0
0.0
0.0
0.0
0.0
0.0024428199615372805
0.05910072725890304
0.1131320352296267
0.16177117861102414
0.08361153891395534
0.1749631699049999
0.2663148008960445
0.3524137966890044
0.24241431050249257
0.3719193814914646
0.30678367372575777
0.24164796596005098
0.14210466693879326
0.042561367917535536
0.021280683958767768
0.0
0.0
0.0
0.0
0.0
0.0
0.0
0.0
0.0
0.002466393011070883
0.026720992874784397
0.048677480530428696
0.0677185617364869
0.08429269198046414
0.10017586198027342
0.2710168968028081
0.2703428762291423
0.17774580227176234
0.2744752642700694
0.12571520208527845
0.1947990782822526
0.1166519204476591
0.017105703816881628
0.0
0.0
0.0
0.0
0.0
0.0
0.0
0.0
0.0
0.0
0.01601957892543212
0.06650603795317281
0.13604650583024966
0.2097166870634375
0.2653590468550792
0.36531647624203506
0.35007701372130867
0.3549048198144306
0.09779590379152649
0.20898560654702752
0.1653730874967513
0.11821393638028135
0.07105478526381143
0.021070275419898556
0.0
0.0
0.0
0.0
0.0
0.0
0.0
0.0
0.0
0.0
0.030905983050428788
0.061811966100857575
0.11517906067557461
0.2347753633249946
0.35437166597441455
0.34398269438568685
0.5081696091485431
0.49166323758657454
0.126817615869949
0.35929932696733885
0.32039336163185317
0.23547925121244054
0.15579325804696456
0.04150932522318949
0.0
0.0
0.0
0.0
0.0
0.0
0.0
0.0
0.0
0.0
0.0406208840834303
0.0812417681668606
0.17643335499226823
0.08576451556048982
0.3279297318821135
0.3910166310786616
0.4391074640727516
0.10515136393359474
0.3731747002318368
0.3227961201583469
0.23826270654443066
0.15372929293051446
0.091540196270582
0.04703254936850627
0.014675549805324766
0.0
0.0
0.0
0.0
0.0
0.0
0.0
0.0
0.0
0.04904837015826595
0.08320142057548145
0.194701006505661
0.2840644551167126
0.12712665318788216
0.42496551388824555
0.4372093294149018
0.34455022332957036
0.07617608439119972
0.20464102684402047
0.06263933527064837
0.045459834696619454
0.0269804373019494
0.005596151866175091
0.0
0.0
0.0
0.0
0.0
0.0
0.0
0.0
0.0
0.0
0.03651390554825648
0.07302781109651296
0.1415915732348982
0.22030888471613097
0.29902619619736376
0.3674112002338707
0.43579620427037763
0.40600422744586867
0.3762122506213597
0.2695761332485172
0.16592407256887493
0.047278620371590606
0.02773737310491533
0.009114434291779418
0.0
0.0
0.0
0.0
0.0
0.0
0.0
0.0
0.0
0.0
0.05420872873019389
0.07233685085234501
0.21431001245434503
0.3167459831042517
0.3787995624001667
0.4354698927228093
0.4475594680917351
0.1814865493084007
0.3269249419528525
0.33380244817673843
0.30342070335027194
0.2133212706339808
0.12322183791768966
0.034329579615080354
0.0
0.0
0.0
0.0
0.0
0.0
0.0
0.0
0.0
0.0
0.003514787463889644
0.0286712838865488
0.05092689046079743
0.06862840035477516
0.08482495425887482
0.09977644238106409
0.1032423881219711
0.10670833386287812
0.09449393986919935
0.0822795458755206
0.06538891126163415
0.03526859511198357
0.02884915042682171
0.009693949335275124
0.0
0.0
0.0
0.0
0.0
0.0
0.0
0.0
0.0
0.0
0.006667989246622152
0.03003938517000136
0.04922935716415769
0.06841932915831402
0.08464040100656157
0.0980156082104425
0.10648098565350672
0.10533800367541211
0.09671125358177447
0.08078662596731512
0.06486199835285576
0.04748635422564368
0.028606199889356206
0.007128024878640641
0.0
0.0
0.0
0.0
0.0
0.0
0.0
0.0
0.0
0.0
0.005818331036696906
0.01408554521098766
0.051953077868587515
0.07003840503368049
0.08490385746095076
0.09976930988822104
0.108043001586129
0.10798861632820095
0.09896422975856471
0.08410011467370249
0.06749745445835315
0.0490546110895036
0.030676851717846638
0.010536475052357346
0.0
0.0
0.0
0.0
0.0
0.0
0.0
0.0
0.0
0.0
0.004827410886106784
0.031925929526981235
0.05361584026261751
0.1637023010482729
0.2737887618339283
0.37832436006450026
0.36940696088750935
0.3604895617105185
0.33459148019749796
0.2822077780735129
0.10640234979615076
0.12720355204730788
0.08886774035846143
0.050531928669614964
0.0
0.0
0.0
0.0
0.0
0.0
0.0
0.0
0.0
0.0
0.014949704998978507
0.12014907084475435
0.22534843669053017
0.29839541636155875
0.37144239603258733
0.4146171583346229
0.4577919206366585
0.23215949977195202
0.4260496528003852
0.3838832466740321
0.3457547230584361
0.19438322615648987
0.1453477222783558
0.013938229575092156
0.0
0.0
0.0
0.0
0.0
0.0
0.0
0.0
0.0
0.0
0.0030774484027280002
0.08210747448568263
0.23043122940279023
0.3330374883193241
0.40308971255788795
0.4731419367964518
0.49858443032912414
0.5218185257652751
0.4547236113717501
0.3876286969782251
0.32506871069045545
0.26250872440268574
0.1667077552200022
0.03379287193078891
0.0
0.0
0.0
0.0
0.0
0.0
0.0
0.0
0.0
0.0
0.004041517691147177
0.08291879554657663
0.2295450171670445
0.3720450916778229
0.43943734186674144
0.32248192076122173
0.3542205976371798
0.5475668249285922
0.5023307721949226
0.4570947194612531
0.37660453772772606
0.3396822969642065
0.22073103913627745
0.06262507028496232
0.0
0.0
0.0
0.0
0.0
0.0
0.0
0.0
0.0
0.0
0.01848028895627543
0.100087597381341
0.21154617147767318
0.32839691016333156
0.3855674065465912
0.18475025595346511
0.5874526164683882
0.6065204445226078
0.6255882725768274
0.576784190298435
0.4333114220761891
0.33232156435020554
0.21805278807372191
0.0711813870117751
0.0
0.0
0.0
0.0
0.0
0.0
0.0
0.0
0.0
0.0
0.013684579080947105
0.03424581726161501
0.1027011798749984
0.3204281325344629
0.28194827145684875
0.456170170076476
0.5091806400090418
0.5232673133740143
0.5017173778104225
0.4393214388580423
0.41713225362339434
0.3230190105596914
0.20556869669441627
0.08811838282914118
0.0
0.0
0.0
0.0
0.0
0.0
0.0
0.0
0.0
0.010545836449213815
0.02109167289842763
0.055314161449039105
0.20722120612998446
0.3183668421028289
0.417284710657914
0.5098100825024388
0.1509060090449663
0.48624343458748165
0.4683881303165762
0.4016039251425255
0.33481971996847476
0.2545381636506063
0.14954029072764588
0.04454241780468548
0.0
0.0
0.0
0.0
0.0
0.0
0.0
0.0
0.0
0.0
0.01921761040392305
0.07616789107065433
0.12559071710317907
0.21404165241112622
0.3084749660911599
0.2873769154773699
0.3970471537774385
0.3395146833823954
0.24127440164739763
0.21224426421468415
0.1730039632771817
0.12983544190638377
0.043359954775852826
0.025910782062757487
0.0
0.0
0.0
0.0
0.0
0.0
0.0
0.0
0.0
0.0
0.010015803074816585
0.034581891549402326
0.05359622590729918
0.04318703874560131
0.08872910252882513
0.03951467202313858
0.11064012054259516
0.1089470450539823
0.09817876398422667
0.08741048291447105
0.06987703238310707
0.019192925637496264
0.03350845137652721
0.0044090999548513565
0.0
0.0
0.0
0.0
0.0
0.0
0.0
0.0
0.0
0.005451453436083853
0.010902906872167707
0.07955493360948537
0.13048182407028283
0.17319342011832453
0.21543248851551594
0.25451676617207725
0.26358662238358777
0.27265647859509823
0.25210330890631893
0.28933313842369396
0.2819670564400608
0.23727574784727723
0.1522805053217752
0.06728526279627318
0.0
0.0
0.0
0.0
0.0
0.0
0.0
0.0
0.0
0.0
0.011487771285295685
0.03543957381377598
0.02950684787839026
0.07357522992221506
0.08998620439240812
0.0720886944052406
0.11195071610250082
0.11173228350918321
0.09965251531791654
0.08757274712664985
0.07020334393067543
0.05195575255340366
0.009443676076268604
0.014419225843778588
0.0
0.0
0.0
0.0
0.0
0.0
0.0
0.0
0.0
0.0
0.012390031629938233
0.03387622053874564
0.05536240944755303
0.07363763923459152
0.08947890583894803
0.10239941662408619
0.26807741818987674
0.2721999990531447
0.33388268872122245
0.2920203051023033
0.28334095287394834
0.2149144912227913
0.15536976628441002
0.07768488314220501
0.0
0.0
0.0
0.0
0.0
0.0
0.0
0.0
0.0
0.0
0.013258994620081588
0.04205763561049696
0.05594370761425949
0.07457734516665995
0.09084566977999253
0.10423246728474338
0.11228326858130683
0.11192931862397178
0.10258753612282095
0.14167493424500108
0.10625867638729099
0.13445729726866337
0.07471419987308547
0.014971102477507579
0.007485551238753789
0.0
0.0
0.0
0.0
0.0
0.0
0.0
0.0
0.0
0.014237347276281474
0.036325786049521726
0.057237363503662986
0.07415028715768388
0.21641498940464252
0.25594593942549815
0.2767318066932811
0.3646246244362617
0.3406879784550728
0.3298662036889945
0.21317472092034667
0.2688521852249503
0.19130059054274928
0.07515596864855027
0.0
0.0
0.0
0.0
0.0
0.0
0.0
0.0
0.0
0.0
0.03833001653841149
0.10752589585500975
0.1946898619855938
0.2818538281161778
0.3661251226181129
0.40785198887301466
0.44402353476480594
0.4813024001704767
0.4561104354489156
0.4308970732488254
0.3616619652215905
0.3285466925130351
0.22491513775031644
0.08484991798382541
0.0
0.0
0.0
0.0
0.0
0.0
0.0
0.0
0.0
0.0
0.02509624966694367
0.049261889205211
0.2337817179158008
0.3355623907857546
0.43891845301241145
0.47296986540661384
0.5280371679627867
0.6201024940189365
0.5935428737947255
0.5463614336381211
0.49917999348151665
0.3985833144235048
0.2804041489458332
0.1402020744729166
0.0
0.0
0.0
0.0
0.0
0.0
0.0
0.0
0.0
0.0
0.03376432955727069
0.1338835773756026
0.2340028251939345
0.3702896068768336
0.13921701617533921
0.5606950695677834
0.6151659174099584
0.6312808934271659
0.6111048542974615
0.5234942158025832
0.4358835773077047
0.24997620347252025
0.18930349254670253
0.04347994054518017
0.0
0.0
0.0
0.0
0.0
0.0
0.0
0.0
0.0
0.0
0.01568167707699385
0.03760963476126606
0.05787037224348139
0.17881783650585173
0.30000379349766065
0.42118975048946966
0.5094810962700541
0.52230175215539
0.524011767314505
0.461823562216178
0.13200121864158906
0.15251544056972177
0.08227123584683832
0.07949074117389818
0.0006321171782130105
0.0
0.0
0.0
0.0
0.0
0.0
0.0
0.0
0.0
0.043743578606266785
0.11256054424057939
0.1087557985371135
0.3418799963214632
0.15305846289898037
0.47124825994662894
0.4860490741575093
0.5008498883683897
0.43040225655784065
0.37984090635524825
0.3509186478767855
0.15640514528151808
0.18031476844128141
0.0496158751698095
0.0018045206892850964
0.0
0.0
0.0
0.0
0.0
0.0
0.0
0.0
0.0
0.047510426388988884
0.09502085277797777
0.2382600318596145
0.3728269912057394
0.4536617614997449
0.5344965317937505
0.5967970736543552
0.6164872117091286
0.594931035214299
0.5281905165589118
0.4091362833655616
0.2900820501722115
0.1850547557162736
0.09842082296008682
0.0021986362135420026
0.0
0.0
0.0
0.0
0.0
0.0
0.0
0.0
0.0
0.016846948095222913
0.038608183759289434
0.05780662558869685
0.07700506741810427
0.09271081665844333
0.10462297126789896
0.11559096213725926
0.0453198138787026
0.10287283583654191
0.0911630657115071
0.07477259715823774
0.056381464362500106
0.037190600806738396
0.007999712869063078
0.0
0.0
0.0
0.0
0.0
0.0
0.0
0.0
0.0
0.0
0.01939993475222285
0.0387998695044457
0.018934258022836766
0.0773331620888834
0.09414266459668043
0.05086665821925196
0.1978468816302373
0.28676454943859986
0.26489008545065035
0.22994889457428067
0.07452830927836415
0.05671936621093837
0.03760874319966068
0.019155646872349275
0.0003571648698357967
0.0
0.0
0.0
0.0
0.0
0.0
0.0
0.0
0.0
0.017021694169877002
0.08651802974748767
0.13610133686898043
0.18054389977386356
0.283807239593561
0.33171084465052164
0.367118322246504
0.37134610737920654
0.3455630373132798
0.3008102109697251
0.18697205894863902
0.14149885082793892
0.12472679390756773
0.02907158146849211
0.029670278665374864
0.0
0.0
0.0
0.0
0.0
0.0
0.0
0.0
0.0
0.043362881800770366
0.11604655011760742
0.14154827661471145
0.30026546682883914
0.383142358979963
0.4559205328269701
0.4661663587959742
0.4397248704844759
0.41221439980812924
0.3930681143326364
0.3333883178110404
0.27370852128944434
0.07930504056246122
0.08299101203661223
0.006262328716175156
0.0
0.0
0.0
0.0
0.0
0.0
0.0
0.0
0.024879026598073426
0.04975805319614685
0.05910630400449784
0.23952426621604056
0.37305255629190004
0.4418267269691545
0.5301867229933531
0.3302549853654574
0.541632590883196
0.4884402423831331
0.4707587926252764
0.4380607707480378
0.3415946966077423
0.23405453576704643
0.11666529387173975
0.01013170608351573
0.0
0.0
0.0
0.0
0.0
0.0
0.0
0.0
0.0
0.049480777536874285
0.09870389376979433
0.1080705437533553
0.36897901131692795
0.4421566047631444
0.5366710505492674
0.20481122980314687
0.5461857960018616
0.4896714889601602
0.42729694748630903
0.32304843209266887
0.24332499333976704
0.07938824337204324
0.08073803585982202
0.006248955292094486
0.003124477646047243
0.0
0.0
0.0
0.0
0.0
0.0
0.0
0.024455534835518867
0.048911069671037734
0.11317393862507946
0.08688951254936224
0.30615333967075553
0.37669726013468535
0.28015645774026987
0.4595625619849393
0.4692752341139273
0.40984195437621834
0.3269271708568659
0.2709567163944451
0.18455681855966996
0.12510124978182652
0.023941312617292414
0.03060775569342984
0.0
0.0
0.0
0.0
0.0
0.0
0.0
0.0
0.0
0.04239464589732985
0.10782902680083828
0.16684995929605997
0.22587089179128167
0.14587642834213835
0.25601458966911234
0.2762913752602244
0.30834123185035317
0.13635599436352758
0.29532710709665033
0.28539689393595
0.21641365206223442
0.1474304101885188
0.05970074821932245
0.001469161454547513
0.0
0.0
0.0
0.0
0.0
0.0
0.0
0.0
0.0
0.04372218112773771
0.11224314830906483
0.10982580209801526
0.30016204568261534
0.36318831868999774
0.42692784098168257
0.44417955804574705
0.4614312751098116
0.4381686497022885
0.4239794467526975
0.35330714141759323
0.28956405287948683
0.07765649200916265
0.08110803392605388
0.00677230195445138
0.0
0.0
0.0
0.0
0.0
0.0
0.0
0.0
0.021269985219503233
0.042539970439006466
0.09980051454440927
0.1657065315371627
0.2254884118625745
0.2182961843919901
0.25805091637579564
0.36189733748541036
0.36499818874891504
0.40638269534735166
0.38996547994592096
0.3230412995998258
0.2550231731639319
0.187005046728038
0.08681313663886778
0.00479441106165178
0.0
0.0
0.0
0.0
0.0
0.0
0.0
0.0
0.0
0.04088166585300336
0.10137590390111223
0.1373789446494871
0.18179030289818202
0.22113937435154057
0.1214176066171508
0.2792513597900794
0.27845073746844995
0.2597181365778526
0.29909128019455633
0.3254913108914046
0.27598556962957976
0.18598242556666944
0.03765082506843456
0.004928604821252174
0.0
0.0
0.0
0.0
0.0
0.0
0.0
0.0
0.0
0.056866028095023044
0.11373205619004609
0.2038207901670727
0.27337151100261137
0.3414752273526216
0.09985281598322994
0.4191400503587056
0.42566806443328337
0.3608782825704633
0.29608850070764314
0.14769067963669016
0.16551841203842793
0.07884614213320987
0.018741516506651193
8.024054448402106e-06
0.0
0.0
0.0
0.0
0.0
0.0
0.0
0.0
0.0
0.04164751727202307
0.10869740780447648
0.09525188527932768
0.22321136352243912
0.3172292094943666
0.4112470554662941
0.42013057530228065
0.4284809412982511
0.3383850748283814
0.29264618134927867
0.18940730479830176
0.21895059061033756
0.1625191987979363
0.08690363014181365
0.01128806148569101
0.0
0.0
0.0
0.0
0.0
0.0
0.0
0.0
0.0
0.055761383265959696
0.11152276653191939
0.21541465728340836
0.2777316930337126
0.10078761584142797
0.34777500165622266
0.3555012745284285
0.1883758417251479
0.10267758384496412
0.08837515257149005
0.035325386815134786
0.05620582672624063
0.03755792418815413
0.018491879257145346
0.0
0.0
0.0
0.0
0.0
0.0
0.0
0.0
0.0
0.0
0.05524695221965658
0.11049390443931316
0.1841672061381198
0.2255365561892649
0.07690613310057595
0.2568954525352258
0.2782412204911861
0.11224671455548633
0.10458820036528921
0.08990507228631874
0.07395681828931684
0.03531795845134534
0.03784054921705896
0.0188181908047137
0.0
0.0
0.0
0.0
0.0
0.0
0.0
0.0
0.0
0.0
0.044488478327560116
0.08897695665512023
0.13913799569689794
0.1847039262245574
0.2262515885967781
0.2668889665699079
0.28905407964121066
0.29079708257972464
0.26904387097010657
0.23417222189895637
0.19162690209031763
0.14583897272291907
0.09782303090368086
0.05119213003839738
0.002339960546377401
0.0
0.0
0.0
0.0
0.0
0.0
0.0
0.0
0.0
0.044611959609904966
0.1109744561446119
0.2007761072847068
0.2677809739560886
0.3017276278616591
0.335702365957799
0.28585337347790357
0.28746442529882166
0.10649970844721966
0.09257262460960973
0.07482876553937655
0.057084906469143354
0.05041062037170877
0.018417304646856137
0.006407653257851773
0.0
0.0
0.0
0.0
0.0
0.0
0.0
0.0
0.0
0.04592522985462678
0.11104310638822602
0.14803266005295168
0.18502221371767733
0.28758211143073154
0.32777994953240996
0.3679777876340884
0.14566631372169211
0.2647911221124534
0.30471435923967544
0.2961642834441003
0.2512652409972636
0.15456557771635906
0.04270786242857416
0.031613882965098934
0.0025623480538564066
0.0
0.0
0.0
0.0
0.0
0.0
0.0
0.0
0.042755728347507946
0.11432226997280635
0.19081736415263442
0.23468130357562725
0.2897084858595581
0.2877787007647174
0.2858489156698767
0.28663973081384697
0.2665430406670212
0.23046154249737308
0.1888978320162555
0.14534593915514502
0.09727026270834649
0.06396776206266161
0.031983881031330805
0.0
0.0
0.0
0.0
0.0
0.0
0.0
0.0
0.0
0.05754807272313722
0.11509614544627444
0.19832787911633876
0.26333431044926575
0.33163238722924837
0.3504915898678094
0.36935079250637054
0.31711196914325934
0.2570684154866691
0.22931499427285695
0.07425014205748623
0.05681832954913532
0.014040599407730645
0.019076297889470635
8.382004212873848e-06
0.0
0.0
0.0
0.0
0.0
0.0
0.0
0.0
0.0
0.01887614230906327
0.03897907338712669
0.0590820044651901
0.07732513803443498
0.22142824031168307
0.2605490719940648
0.27180815772758105
0.2830672434610973
0.0803152781758517
0.22811049454399127
0.07404508288824928
0.021370085406483077
0.09566812650348219
0.049174080344624255
0.00700054172542815
0.0
0.0
0.0
0.0
0.0
0.0
0.0
0.0
0.0
0.05463756986238071
0.10927513972476142
0.18576845078137874
0.26060122834797944
0.3527588310302857
0.4299105603324747
0.5070622896346636
0.5197857653050133
0.27898825281048045
0.39082405377189994
0.2863138650470813
0.1818036763222627
0.09436020562839266
0.04844121670500352
0.0
0.0
0.0
0.0
0.0
0.0
0.0
0.0
0.0
0.0
0.01870942028885758
0.03985280376039714
0.04435111867811043
0.07689183909422127
0.09254721510385647
0.10740107723025684
0.11609647756750859
0.11455942535983689
0.10612881881938242
0.092537853707
0.0749767647658693
0.05761360250113251
0.028729340158799566
0.019195321363788598
0.009597660681894299
0.0
0.0
0.0
0.0
0.0
0.0
0.0
0.0
0.02071721702416886
0.04143443404833772
0.11120269591558868
0.17054102434232496
0.2298793527690612
0.2816581303437974
0.17406445540011253
0.35408324579507483
0.37472958367161613
0.3516639933788815
0.29993425169244115
0.24820451000600086
0.05677896991236324
0.1541465437618314
0.07992671479892802
0.010418788920447447
0.0
0.0
0.0
0.0
0.0
0.0
0.0
0.0
0.0
0.05082346931457357
0.10430111752835748
0.05126560398502963
0.2633699729134809
0.3566112687271242
0.41268514433576886
0.46875901994441355
0.4425622652935914
0.34897682670027225
0.30553281279341243
0.1900479464871932
0.1007032278167376
0.12759048978404194
0.041865678424873216
0.009675226541562186
0.0
0.0
0.0
0.0
0.0
0.0
0.0
0.0
0.0
0.04379083137135181
0.11016135196050716
0.1388550228045716
0.33089417421999534
0.3819467748671511
0.42906223946495753
0.476177704062764
0.2332985584563722
0.4333854216894355
0.4076745681135444
0.34223394627879833
0.2854432551394297
0.19604993921459796
0.05905545845055876
0.012789451229147581
0.0
0.0
0.0
0.0
0.0
0.0
0.0
0.0
0.0
0.04329423155715626
0.11093344431076453
0.20766297490544927
0.172867917111983
0.11586420431358874
0.43622237071774833
0.22899460766769197
0.1365405406027899
0.4053868210341444
0.34768138768765794
0.320364831660481
0.2422586856597349
0.1638743724381109
0.08662367979772496
0.00937298715733904
0.0
0.0
0.0
0.0
0.0
0.0
0.0
0.0
0.0
0.054733412734958846
0.06429779308357052
0.2182105944778738
0.33539477720394356
0.39164785669526925
0.4724153140880688
0.33068320611647106
0.4613456851956953
0.3990611914439874
0.3423177530697038
0.3151393890913605
0.23730338625704395
0.17929125571830748
0.05608865178558774
0.009766165825310744
0.0
0.0
0.0
0.0
0.0
0.0
0.0
0.0
0.0
0.03812852361559606
0.10441791209866201
0.2148404916095449
0.34354186715388785
0.4483761385222614
0.5071006267836949
0.5658251150451284
0.585272748343239
0.4911283006233479
0.42992527109896345
0.35627782468671276
0.2759427746725216
0.18771205508110278
0.08394676607757746
0.004852959215363416
0.0
0.0
0.0
0.0
0.0
0.0
0.0
0.0
0.021415755541982533
0.04283151108396507
0.055494766887048415
0.20530345711681633
0.3205248669686464
0.22247884964977485
0.3280758776222571
0.4871563936713888
0.5002142049437551
0.431174348908098
0.3788289839331442
0.3457823614682028
0.1955122111301477
0.19244178939763315
0.09727650363958414
0.014305105958290203
0.0
0.0
0.0
0.0
0.0
0.0
0.0
0.0
0.0
0.05375224918824034
0.10750449837648068
0.16655975599350945
0.2597511243572515
0.3251676740286524
0.41360166966609735
0.14218048847994794
0.43203113961086625
0.34057742481600595
0.09204819814548847
0.289161067033856
0.22029952331927447
0.14810978013181686
0.07036828282767037
0.0061589075699513066
0.0030794537849756533
0.0
0.0
0.0
0.0
0.0
0.0
0.0
0.0
0.05299263870045828
0.0545545140116556
0.18005264932930026
0.25406741912296665
0.3117697320038343
0.11108426055367349
0.3519207631212304
0.35601927182115317
0.10090055685435612
0.34166334685135635
0.3072918638408232
0.28326071232946437
0.1913478433078343
0.0955950184518412
0.009166144864891342
0.0
0.0
0.0
0.0
0.0
0.0
0.0
0.0
0.0
0.04313820827621511
0.08456729295492056
0.21469427550626294
0.33320599346274055
0.4517177114192181
0.5394161687322263
0.5783453146694518
0.40317117035074573
0.6068636957406782
0.5662316671371809
0.5027087943156028
0.4172365663312235
0.12470573846582055
0.1154483122803988
0.004656623102120854
0.0
0.0
0.0
0.0
0.0
0.0
0.0
0.0
0.0
0.03854577444691297
0.08283766344048722
0.21321071699491392
0.11297962417440681
0.4418392088316298
0.5181069548020865
0.5333615738701043
0.548616192938122
0.5262112497949726
0.38811727273797225
0.08431919881668638
0.1814096060926856
0.08933625598208755
0.01743181250835089
0.008715906254175445
0.0
0.0
0.0
0.0
0.0
0.0
0.0
0.0
0.0
0.03710946870064899
0.10061451029011942
0.17682341319462114
0.21680103557977118
0.20990837280859376
0.10216939372989867
0.10898538220301357
0.2646056772985348
0.2494669612392162
0.2765017837990936
0.30353660635897106
0.16909142277028363
0.17123688817532248
0.08233571425665939
0.002712581486317292
0.0
0.0
0.0
0.0
0.0
0.0
0.0
0.0
0.0
0.016645824134312634
0.09954196167884966
0.1341073593385525
0.17476390588619792
0.13841716813894983
0.1020704303917017
0.3531618168759166
0.45782669153926825
0.507103301468511
0.39318847514936245
0.29528252901638147
0.17515084362293198
0.11557223934354631
0.01915870196494819
0.0027736481543309956
0.0
0.0
0.0
0.0
0.0
0.0
0.0
0.0
0.0
0.051024962237389004
0.10204992447477801
0.198326095993128
0.23646531834798862
0.27460454070284923
0.10329632759909647
0.11106450386675508
0.11169751260657348
0.10405593808687855
0.03231015879375769
0.1824759137727177
0.045125394990049084
0.07690120049107774
0.017420222207480976
0.0
0.0
0.0
0.0
0.0
0.0
0.0
0.0
0.0
0.0
0.03184836366731335
0.03756594824260254
0.05783381821766088
0.07573370056883522
0.09191732682965689
0.10600489175623486
0.11309904745022771
0.11232517197675959
0.0337059086378717
0.08917755801633027
0.035974501816205116
0.055848310522484054
0.09159903933653694
0.026436223757061658
0.0019168574515627257
0.0009584287257813628
0.0
0.0
0.0
0.0
0.0
0.0
0.0
0.0
0.009340316372979463
0.10054942629292682
0.10774263692758271
0.2267740436975296
0.16253171331364158
0.32901030454783164
0.3047415518686395
0.2804727991894473
0.25975379904206763
0.2245005616038157
0.2371821338787125
0.18091478940170083
0.12067018860309778
0.05773396331785854
0.0012651259180313991
0.0006325629590156996
0.0
0.0
0.0
0.0
0.0
0.0
0.0
0.0
0.03609308847051806
0.10098629147956205
0.21403541147988858
0.30562286051555565
0.3490178385341196
0.24378139576100205
0.25001377650852946
0.3834651042811098
0.3450949674704563
0.29392735537620684
0.2567465617471276
0.21956576811804837
0.16062819663292952
0.08193584887664737
0.0032435011203652076
0.0
0.0
0.0
0.0
0.0
0.0
0.0
0.0
0.0
0.03464519242338417
0.11298760224955547
0.1799260475813366
0.2598705936123722
0.28366815598312206
0.26128282719529095
0.28404261185738083
0.2854931825893308
0.19555376259938712
0.29664037734137216
0.29219683430016813
0.24240133551659543
0.17756162620387408
0.07749720942427293
0.0019382549300917978
0.0
0.0
0.0
0.0
0.0
0.0
0.0
0.0
0.0
0.032065013137420204
0.08244270164930477
0.13468642860124552
0.18078729609213176
0.2224481867882355
0.26302761325701574
0.284005166269955
0.2849520046948664
0.2624400741590716
0.2275693166495268
0.24230950467124146
0.18326762047829337
0.12052218937660505
0.044339141758659294
0.0
0.0
0.0
0.0
0.0
0.0
0.0
0.0
0.0
0.0
0.031444486260077106
0.0980075841559941
0.1807373686422306
0.25820069872549917
0.20235599448428737
0.32798055089362005
0.36587102756058015
0.08318936535605671
0.254006792933801
0.22591725299476137
0.23914089472572803
0.18005532401411642
0.14163525975356175
0.07084125625932339
4.7252765085034634e-05
0.0
0.0
0.0
0.0
0.0
0.0
0.0
0.0
0.0
0.0285050076471458
0.08082184265072755
0.13313867765430928
0.1305092314677518
0.09213575942297451
0.1031050876347429
0.11407441584651126
0.11390234445667331
0.02633718777868793
0.08974994056698295
0.0729252815118945
0.05439595666732327
0.03606545006075133
0.01587603750696626
0.0
0.0
0.0
0.0
0.0
0.0
0.0
0.0
0.0
0.0
0.004623602298417047
0.03635966539052608
0.055534480837390994
0.0747092962842559
0.16494157167974832
0.25517384707524077
0.2773371770233328
0.2791746854920169
0.2589264298722769
0.2471689612013543
0.1998671602280239
0.17606380270683905
0.11471455707917268
0.05336531145150628
0.0
0.0
0.0
0.0
0.0
0.0
0.0
0.0
0.0
0.0
0.0132753523040786
0.09259313052653344
0.20250127899111325
0.23927119523468424
0.38052473410657317
0.4616675389352367
0.48275832027205906
0.4506799337105582
0.3821955205550515
0.21949546630009517
0.27159819496951454
0.20834100750633922
0.13400973334276362
0.03029115807769666
0.02963060417393554
0.0
0.0
0.0
0.0
0.0
0.0
0.0
0.0
0.0
0.008567015466077316
0.07550546079785844
0.12590543834987747
0.04750952450482413
0.20697647246930817
0.09542975387176804
0.2610786595876594
0.262469495692049
0.24420407308266973
0.10436043064258285
0.17022648780633
0.22004631982334713
0.145525143037826
0.06220247008401314
0.0
0.0
0.0
0.0
0.0
0.0
0.0
0.0
0.0
0.008649039133772095
0.010916259261657547
0.10384374642479856
0.19038941458205294
0.2894784629653706
0.35900332851435335
0.4285281940633361
0.4817160847553722
0.36720554868716154
0.46028472688529554
0.40830891419577087
0.33776231904702486
0.26621717490025554
0.17610124829426493
0.07988926921150213
0.0
0.0
0.0
0.0
0.0
0.0
0.0
0.0
0.0
0.009362288418074504
0.018724576836149007
0.10701146480870664
0.19529835278126428
0.2803916670833579
0.35866186041949355
0.4025373901433563
0.3943956495630443
0.38625390898273226
0.311656949460754
0.266544823790232
0.21760879039424363
0.1669511515382704
0.12971953889768462
0.06485976944884231
0.0
0.0
0.0
0.0
0.0
0.0
0.0
0.0
0.0
0.0
0.017201789614163365
0.07517201675744709
0.12652774835043135
0.2299430994238458
0.1401812463005451
0.4294197556687141
0.44041538494784116
0.40683471708127833
0.32454090622007165
0.33078986151216616
0.16989821272651923
0.22310615925300445
0.12951537129005306
0.06475768564502653
0.0
0.0
0.0
0.0
0.0
0.0
0.0
0.0
0.0
0.0
0.008160463374024943
0.03443656700772571
0.05461260613743013
0.07284236628259433
0.08851111571631019
0.10417986515002607
0.11210228157541509
0.27645542259561395
0.25435539352150377
0.28107906108110436
0.11801577525465207
0.1794526283688809
0.1308598461909631
0.0609221876186903
0.0
0.0
0.0
0.0
0.0
0.0
0.0
0.0
0.0
0.0
0.0044301696171233414
0.07042177652399303
0.20021620659652942
0.30831715968700796
0.4164181127774865
0.45735639279243145
0.46590201077997967
0.48464040682101206
0.4505007298278772
0.36414050648454144
0.1946397262355084
0.20020639941887022
0.14034249542576363
0.057756252357993
0.0
0.0
0.0
0.0
0.0
0.0
0.0
0.0
0.0
0.0
0.005319065291706712
0.08574861208204644
0.19448524859715952
0.21267375236048003
0.4098829662100657
0.22999228018606
0.49013331787174597
0.24141748866958965
0.4449489757111883
0.18977752053610036
0.3657595823599079
0.3154648090773235
0.20100791330210507
0.090648634665204
0.0
0.0
0.0
0.0
0.0
0.0
0.0
0.0
0.0
0.007945597027128845
0.005811461353111552
0.07874896191822367
0.12241586622642794
0.16744507666764982
0.06967626329793589
0.307652054729396
0.34218758507531866
0.40285924388289773
0.33672543289997026
0.2705916219170427
0.16400810667891755
0.09763134515852458
0.030852043573303414
0.012667307289210795
0.0
0.0
0.0
0.0
0.0
0.0
0.0
0.0
0.0
0.0
0.007208275579481227
0.033026116548017695
0.05405092232604197
0.07162449312964796
0.08754733762089657
0.10280507715453319
0.10995629279127021
0.10897824971017055
0.10041836673693626
0.08565054030545485
0.16947605400470092
0.12503794890784467
0.08006758153257774
0.013146967432904165
0.0
0.0
0.0
0.0
0.0
0.0
0.0
0.0
0.0
0.0
0.014378214009931198
0.08355358740960576
0.17869034319628269
0.2520168274305973
0.2644862080434141
0.10249581816703025
0.2642811488741772
0.18104584895769138
0.09781054904120556
0.08333248013147203
0.1663306246609273
0.12405723114192885
0.07883455183233995
0.011707095440218676
0.0
0.0
0.0
0.0
0.0
0.0
0.0
0.0
0.0
0.0
0.023201999218357385
0.06780950102023546
0.04220249081368804
0.165167136765909
0.204205944780596
0.24183608545878574
0.25358909632168136
0.26534210718457707
0.24498686417219162
0.1543574440009444
0.21927868528111666
0.19688622400044253
0.13677803212746234
0.06838901606373117
0.0
0.0
0.0
0.0
0.0
0.0
0.0
0.0
0.0
0.0
0.04890928654782698
0.028294850012720085
0.1847436007159967
0.1732905772257185
0.24486264089111975
0.41007108570880046
0.4116562822431626
0.42016980401291726
0.3581554534276388
0.31276159428981737
0.1441427559725889
0.19096447181752177
0.13270627027570095
0.05366576771251867
0.0
0.0
0.0
0.0
0.0
0.0
0.0
0.0
0.0
0.0
0.0391284099560275
0.078256819912055
0.18255615431720174
0.14251052287804872
0.34078426710845366
0.36076683736979104
0.38074940763112847
0.09755809881243703
0.3020673128333081
0.25664759840893064
0.2076937337808348
0.15277353888954923
0.11448453418498514
0.047724401174279604
0.023862200587139802
0.0
0.0
0.0
0.0
0.0
0.0
0.0
0.0
0.0
0.0458592542958288
0.07704786237516241
0.056037848667158496
0.11072146073657006
0.10898809813576464
0.1460223149889238
0.41371578955158583
0.32461891786054226
0.23552204616949868
0.2004765425852998
0.15801859581398808
0.07923958317306867
0.07301800391885381
0.02806814246051057
0.0
0.0
0.0
0.0
0.0
0.0
0.0
0.0
0.0
0.0
0.006496809418389573
0.06344976476993698
0.0372964961321461
0.20546170930177093
0.2951300719818618
0.3790705971282016
0.42002269634802986
0.38785426206438584
0.19498139321054575
0.2850710281691844
0.20948666416924996
0.15315245257183488
0.09729923846052127
0.04144602434920765
0.0
0.0
0.0
0.0
0.0
0.0
0.0
0.0
0.0
0.0
0.01460199597288108
0.02920399194576216
0.04948166909847967
0.06812689695175003
0.08386295928667195
0.03138048010316039
0.1051686069703903
0.10523458252918827
0.09567971680435211
0.0411012801607593
0.06522308080303385
0.04798473716304998
0.029782615427652495
0.014891307713826248
0.004883528693458061
0.0
0.0
0.0
0.0
0.0
0.0
0.0
0.0
0.0
0.0036375407289031903
0.0630797667037051
0.1182977431711869
0.16532850941648242
0.2647723993187405
0.19961830077945109
0.34810398788860714
0.40916436755613106
0.18169225513315562
0.3270372787151301
0.26397890948995406
0.19160193836536707
0.11561325117739371
0.032715661219182145
0.0
0.0
0.0
0.0
0.0
0.0
0.0
0.0
0.0
0.009555311505638844
0.019110623011277687
0.061671990928813224
0.11205725771434351
0.066042645922782
0.2600132434692326
0.3066704454018748
0.34316473659481295
0.34599811937670427
0.31234612658171124
0.26812110470854034
0.21467555271254998
0.15565149975170944
0.027453757910975343
0.025832105954222518
0.0
0.0
0.0
0.0
0.0
0.0
0.0
0.0
0.0
0.0
0.003877472783535884
0.028028022188268564
0.04851254163343376
0.06658984474407834
0.2006503970983485
0.24083931958397312
0.26217706348548514
0.2622466052907046
0.2339671627297194
0.20568772016873427
0.15976159875250212
0.11722965236794404
0.07140071116669808
0.03282284050199151
0.0
0.0
0.0
0.0
0.0
0.0
0.0
0.0
0.0
0.0
0.006952445882258424
0.0653265019492577
0.1394598494364394
0.1696244990119964
0.19978914858755334
0.23813967104288852
0.25875525004404426
0.25838792666262855
0.2372605912999858
0.20319134767367583
0.158143414438741
0.11502036270981732
0.09335630726073701
0.010764879624195884
0.015353136625412055
0.0
0.0
0.0
0.0
0.0
0.0
0.0
0.0
0.0
0.018520368929422555
0.06996797166685562
0.17586230978402362
0.1737684846759605
0.3145545246782325
0.35110765893712564
0.3881787904887434
0.39420396381788797
0.20633896850972985
0.3224354834889715
0.25804512122536066
0.2003499408373361
0.10732172824737819
0.029024788063081182
0.0
0.0
0.0
0.0
0.0
0.0
0.0
0.0
0.0
0.0
0.015914374655997515
0.05661951131113604
0.11170018729138961
0.15722956379322856
0.19656258713769031
0.224533103602412
0.2518144429461765
0.2409734996055825
0.23013255626498857
0.10247174055706038
0.06329017524257431
0.046085710943594815
0.03707514357884194
0.02806457621408906
0.0
0.0
0.0
0.0
0.0
0.0
0.0
0.0
0.0
0.0
0.03067328547142513
0.06660054348334286
0.10806251366128952
0.2559093853996777
0.3431237247609656
0.3792480178876719
0.3874321076442393
0.3956161974008067
0.3039440500126288
0.26025129041786854
0.10230829091926698
0.17779075753645623
0.11750781958882198
0.03354233071753157
0.0
0.0
0.0
0.0
0.0
0.0
0.0
0.0
0.0
0.0
0.03266057628981272
0.06532115257962544
0.1494061107060365
0.2243766345406681
0.29286907175062316
0.35056469791945044
0.3880851765201787
0.15585956117115174
0.19659713662713746
0.28793918185368544
0.2750182252877446
0.21828994346075245
0.12856674974193083
0.034256471563439354
0.0
0.0
0.0
0.0
0.0
0.0
0.0
0.0
0.0
0.0
0.021716657583797618
0.06338111452632288
0.17711584540118508
0.08050079776680903
0.39497516460654
0.429584694565709
0.12846264796983786
0.38528210683287023
0.20964935009228108
0.24871047121705292
0.20084208284350477
0.14287096413861566
0.036302509807648695
0.01797031571799921
0.0
0.0
0.0
0.0
0.0
0.0
0.0
0.0
0.0
0.0
0.0
0.054860460263725215
0.12983544190638377
0.19281089590225964
0.19191487648885472
0.23274126552232463
0.09810211425532685
0.43642386364056374
0.4470503864150643
0.3865356424500317
0.30146640031128336
0.21639715817253494
0.1129572891549726
0.025722443876761023
0.0
0.0
0.0
0.0
0.0
0.0
0.0
0.0
0.0
0.0
0.0
0.05405716325727962
0.10677163473685995
0.15302050145423896
0.19375238495753883
0.22669202002983482
0.2542573217449122
0.03550980888814622
0.09157942498121864
0.19871125060665132
0.19635619062604528
0.19400113064543928
0.0399249797344151
0.029230738793923502
0.0
0.0
0.0
0.0
0.0
0.0
0.0
0.0
0.0
0.0
0.0
0.04835651835249261
0.03713936879542226
0.15080675398808535
0.24851031563664552
0.2947957363798451
0.3221675692265554
0.2507864724151756
0.22963952269721452
0.06152972396275723
0.11510093400154232
0.14194730631544403
0.08001319627464969
0.0143416599841107
0.0
0.0
0.0
0.0
0.0
0.0
0.0
0.0
0.0
0.0
0.0
0.04706999495593214
0.026017378356670652
0.18907614433733114
0.24276598421319504
0.3363514228065142
0.09565064246516648
0.3171257883481427
0.07847521633110598
0.21199596430758638
0.1959705902317193
0.13903992392030634
0.07786453280568867
0.012932101086008065
0.0064660505430040325
0.0
0.0
0.0
0.0
0.0
0.0
0.0
0.0
0.0
0.0
0.020949914603172526
0.0426032713129883
0.11565247988803032
0.18870168846307236
0.2228654376195524
0.11314007710040784
0.0987538212196955
0.08963403755828381
0.04555172806569778
0.14667882375518515
0.07145221990431419
0.07636403462383749
0.01564512305117335
0.0
0.0
0.0
0.0
0.0
0.0
0.0
0.0
0.0
0.0
0.0
0.021477273292753618
0.042954546585507236
0.06053435832035088
0.18761576642772196
0.2208433758985551
0.16437337009164205
0.2503308844348275
0.12351727342820422
0.1866644701947836
0.14539764972825694
0.10098272523314053
0.02949261571266426
0.0005103730976099255
0.0
0.0
0.0
0.0
0.0
0.0
0.0
0.0
0.0
0.0
0.0
0.03256580974619913
0.13616998711259454
0.22399861241998786
0.29405752337059204
0.21924592708940344
0.4021072116687614
0.4120646174584257
0.34455735582241337
0.29530927586454275
0.1917124920044339
0.1343592254920718
0.08769221638177051
0.01620234905453461
0.0
0.0
0.0
0.0
0.0
0.0
0.0
0.0
0.0
0.0
0.0
0.02090355339969287
0.04180710679938574
0.06072662177018307
0.18269969573566758
0.28229069330281303
0.31021351122164703
0.3768711146477341
0.35158642751921365
0.3048414067684418
0.25809638601766993
0.17868142758022887
0.09741647881162847
0.016151530043028064
0.0
0.0
0.0
0.0
0.0
0.0
0.0
0.0
0.0
0.0
0.0
0.04857450516500754
0.038352415980966226
0.18180902569189494
0.27061257361476915
0.3594161215376433
0.36867944661752095
0.3133616152502368
0.22139971034031095
0.20423625787517882
0.18707280541004673
0.12848026826620917
0.06998179087173899
0.011483313477268796
0.0
0.0
0.0
0.0
0.0
0.0
0.0
0.0
0.0
0.0
0.0
0.04369900052599788
0.16051407674744114
0.14692403545860355
0.29983573413504694
0.14501436434420317
0.3148371497071374
0.24281056229346393
0.2213622647528851
0.17997597503123777
0.13884823817515007
0.09507345491269506
0.0478581354150863
0.0006428159174775467
0.00032140795873877333
0.0
0.0
0.0
0.0
0.0
0.0
0.0
0.0
0.0
0.0
0.037285997898513834
0.11965737461938838
0.1861634125725612
0.18655302499411136
0.21777060882561972
0.24898819265712813
0.16174716064270384
0.2257335913040535
0.2469937693458976
0.07423010407882409
0.15551776551090277
0.07925982671810528
0.009764382702099988
0.0
0.0
0.0
0.0
0.0
0.0
0.0
0.0
0.0
0.0
0.0
0.0347940832114823
0.11931234027810708
0.17963629005958875
0.1654001472059517
0.3073943934254418
0.33186463902744934
0.3777448450210046
0.3798542797793289
0.24177366383802384
0.2531348456837413
0.17440549812083594
0.05599962459829367
0.0058165479134861505
0.0
0.0
0.0
0.0
0.0
0.0
0.0
0.0
0.0
0.0
0.0
0.07253745221355505
0.1450749044271101
0.23370236893292215
0.29446585858585517
0.20711064813781221
0.35305884151049544
0.37440951305528536
0.3475699424869857
0.08170730276317797
0.20986691519394368
0.12551047655869502
0.06933317980382649
0.005196021036143054
0.0
0.0
0.0
0.0
0.0
0.0
0.0
0.0
0.0
0.0
0.0
0.019676286006114315
0.02121930756871623
0.03460271032229472
0.07342366444930079
0.08670079987659016
0.08964741098236448
0.0925940220881388
0.08313009564705122
0.1727944462999179
0.13288458259677655
0.1216544726154351
0.0624106497188689
0.0031668268223026988
0.0
0.0
0.0
0.0
0.0
0.0
0.0
0.0
0.0
0.0
0.008162692278038388
0.016325384556076777
0.16027513823719985
0.2869878856207471
0.4055316997950183
0.5068385076717138
0.5593354381195819
0.5702071403355613
0.5601048557850231
0.5290285844679672
0.3430622070101945
0.2363681381330024
0.08874693376093268
0.003029526335074485
0.0
0.0
0.0
0.0
0.0
0.0
0.0
0.0
0.0
0.0
0.0
0.0049116153716330406
0.14790204627776377
0.30328964379428136
0.42150536329777344
0.4686640686334408
0.515822773969108
0.4692877159764027
0.25402528267267593
0.3102678964795751
0.2142814824829729
0.11548219162140314
0.06111030711742508
0.0
0.0
0.0
0.0
0.0
0.0
0.0
0.0
0.0
0.0
0.0
0.0
0.04326124377775728
0.08652248755551456
0.1698086064835069
0.22372490300713682
0.3140614911104585
0.33641383211889064
0.341557696801119
0.21758759236928366
0.17387665665093843
0.07727942504695799
0.04117264689195153
0.06932337262616732
0.0
0.0
0.0
0.0
0.0
0.0
0.0
0.0
0.0
0.0
0.0
0.004261218692904209
0.008522437385808417
0.14385703127416377
0.2969078458229855
0.21339127108602748
0.5001562534394056
0.4447403502955299
0.4299297289069903
0.32543335938705503
0.3010553904112041
0.2571406319767047
0.18659403682795872
0.07114394142434921
0.0
0.0
0.0
0.0
0.0
0.0
0.0
0.0
0.0
0.0
0.0
0.0036888361422515253
0.07012577807100753
0.07877944776691977
0.1624852114607666
0.1533599692671173
0.17514939617870237
0.4182886090255696
0.37789774783632685
0.3375068866470841
0.28656840588541677
0.2016507292195826
0.1296633705165458
0.0460340003704829
0.0
0.0
0.0
0.0
0.0
0.0
0.0
0.0
0.0
0.0
0.0
0.0
0.050970576979460946
0.10763555793247126
0.19773142440234087
0.3190618143742211
0.3975103200314323
0.5026624331121231
0.45478914114974545
0.4157868871608789
0.34388288946794493
0.2642682212308992
0.17821603242222156
0.08910801621111078
0.0
0.0
0.0
0.0
0.0
0.0
0.0
0.0
0.0
0.0
0.0
0.002313602365955941
0.004627204731911882
0.13832934932082006
0.13752389622865427
0.42500117635246065
0.507501829506115
0.5241414895280876
0.5407811495500601
0.5047959400337927
0.3598030592743774
0.09155723513571816
0.16341076040331431
0.08170538020165716
0.0
0.0
0.0
0.0
0.0
0.0
0.0
0.0
0.0
0.0
0.0
0.0
0.04066145013647499
0.08132290027294999
0.12879320638969685
0.15344410867753439
0.26750949344725095
0.29656548616652045
0.09443887576422869
0.20757872233374103
0.22517369061587608
0.1791147265204426
0.13305576242500913
0.05106062470160413
0.0
0.0
0.0
0.0
0.0
0.0
0.0
0.0
0.0
0.0
0.0
0.0
0.013993950958013274
0.08081649328109528
0.07513858319724541
0.06946067311339554
0.04667726867070171
0.09038116618359059
0.23038665132252134
0.19741848627885322
0.16445032123518508
0.12205567533785522
0.07966102944052537
0.011038754076578504
0.0
0.0
0.0
0.0
0.0
0.0
0.0
0.0
0.0
0.0
0.0
0.0
0.049328320502354646
0.13376633702449542
0.24905327665432075
0.35635628210798603
0.45696276834365707
0.4515928927944653
0.19685520043151433
0.3593795675118228
0.29994807089732456
0.2522985608978967
0.1649959569376764
0.05925675053984419
0.029628375269922094
0.0
0.0
0.0
0.0
0.0
0.0
0.0
0.0
0.0
0.0
0.0
0.05904901668579111
0.1328462454477453
0.2803167759085061
0.34821899933570094
0.1829057451894514
0.5106347769874133
0.46086245880558047
0.4244635647044177
0.35953291610794785
0.2741141818198913
0.1735995264295742
0.05508870003470199
0.0
0.0
0.0
0.0
0.0
0.0
0.0
0.0
0.0
0.0
0.0
0.0
0.04553829211789272
0.13091690613370727
0.24670490338575513
0.35624127066089223
0.4404719991097826
0.524702727558673
0.5447512733788084
0.5113426769020835
0.4835580510320831
0.45577342516208275
0.3108848571104966
0.1554424285552483
0.0
0.0
0.0
0.0
0.0
0.0
0.0
0.0
0.0
0.0
0.0
0.026992919164424693
0.053985838328849386
0.13095435172113318
0.14809946276680447
0.3534257191111085
0.4538743989426275
0.522155536052108
0.46039973833238923
0.4252454642323342
0.357339674558718
0.33133638877626287
0.2103488042416505
0.10517440212082525
0.0
0.0
0.0
0.0
0.0
0.0
0.0
0.0
0.0
0.0
0.0
0.0
0.040711377586376156
0.126435025943472
0.06547870235238554
0.30542671696237245
0.36113104028558796
0.41683536360880347
0.38982907102029807
0.3178408207556559
0.2639664276274788
0.21658973547929658
0.13661131010725663
0.02471662743698752
0.0
0.0
0.0
0.0
0.0
0.0
0.0
0.0
0.0
0.0
0.0
0.0
0.02133747138633993
0.12636102633022564
0.2778560658776628
0.3458750838751621
0.4439352701658735
0.509803841571201
0.5310158752863546
0.496506200226988
0.4210997027673265
0.31996095425324483
0.20014666479130994
0.050693301320188386
0.0
0.0
0.0
0.0
0.0
0.0
0.0
0.0
0.0
0.0
0.0
0.0
0.06180617095042261
0.12361234190084522
0.1338767608459655
0.3405016420795488
0.32303042871161725
0.4314079380487071
0.3716545876946673
0.32704262808476237
0.2824306684748574
0.2334500569986002
0.13751981138313685
0.0415895657676735
0.0
0.0
0.0
0.0
0.0
0.0
0.0
0.0
0.0
0.0
0.0
0.014814633415763735
0.057119231590950406
0.11424470411313846
0.19886014139474945
0.2611535507625111
0.29682314747047467
0.36319099337481386
0.10026114322711656
0.3806433118000884
0.2768771312349578
0.2038368382759695
0.10690536897766666
0.05345268448883333
0.0
0.0
0.0
0.0
0.0
0.0
0.0
0.0
0.0
0.0
0.0
0.0
0.02559940837521886
0.10836842157209198
0.12245097343348486
0.2545479708282654
0.29119026124769637
0.2727527672484791
0.2755487044429445
0.18088091006069645
0.14658431822501508
0.05095743493746446
0.06255998628776972
0.012884603267306076
0.0
0.0
0.0
0.0
0.0
0.0
0.0
0.0
0.0
0.0
0.0
0.0
0.03225759044418185
0.0645151808883637
0.11081932442527614
0.06023746830576
0.03283014220964477
0.03735545777071907
0.13099313465096712
0.1806446462352713
0.14600212849670324
0.10570800174164399
0.06081430866443957
0.01592061558723516
0.0
0.0
0.0
0.0
0.0
0.0
0.0
0.0
0.0
0.0
0.0
0.01743092094674551
0.03486184189349102
0.11620524808336472
0.2604991445441637
0.4123650737194381
0.4979630118901756
0.5517874775684516
0.3107218594726419
0.5638708120061398
0.520610459789988
0.09453359697101466
0.1306122420144877
0.028298165354698097
0.0
0.0
0.0
0.0
0.0
0.0
0.0
0.0
0.0
0.0
0.0
0.0
0.002763840976671837
0.023437817262979867
0.023118839472242032
0.0359711309222468
0.07556697854862954
0.08282072376998505
0.08162781434198926
0.024626813702727117
0.0704982447597546
0.10592286808854008
0.08342520253843135
0.024254041912703438
0.0
0.0
0.0
0.0
0.0
0.0
0.0
0.0
0.0
0.0
0.0
0.0
0.0
0.07911450217642865
0.14017399028234717
0.10500550012639263
0.29572296044943813
0.28707035506924455
0.278417749689051
0.18159594246820962
0.14602530909844308
0.04125968797368364
0.022774049647775938
0.00328718763902873
0.0
0.0
0.0
0.0
0.0
0.0
0.0
0.0
0.0
0.0
0.0
0.0
0.0
0.022559183300879835
0.04269421059673686
0.1490851485281004
0.18325246393100197
0.08861265885429429
0.19206688774257166
0.1805019963784108
0.1445123290541166
0.08343634705849856
0.022360365062880538
0.011180182531440269
0.0
0.0
0.0
0.0
0.0
0.0
0.0
0.0
0.0
0.0
0.0
0.0
0.0
0.021763018787277273
0.04190428701437194
0.1475846503462492
0.18178406196694438
0.20116215345983546
0.20831871846620478
0.17812509313847302
0.19619704687948533
0.19258354769288824
0.09507434647430045
0.010333689814519485
0.0
0.0
0.0
0.0
0.0
0.0
0.0
0.0
0.0
0.0
0.0
0.0
0.0
0.05607209248543393
0.04646928987376468
0.19040546269094977
0.28099703741340953
0.313114652685547
0.26279937348603893
0.23538207099745437
0.23598922445071674
0.21150605120543117
0.09756626116133199
0.048783130580665995
0.0
0.0
0.0
0.0
0.0
0.0
0.0
0.0
0.0
0.0
0.0
0.0
0.0
0.10327403855896201
0.20654807711792403
0.27744238129276744
0.3589391360787661
0.2855631110537373
0.19760997294975896
0.35911611105743363
0.3214997895841273
0.21483202177429384
0.10816425396446042
0.016254059627646537
0.0
0.0
0.0
0.0
0.0
0.0
0.0
0.0
0.0
0.0
0.0
0.0
0.0
0.09699477017228468
0.17874027064618384
0.260485771120083
0.30583594373924095
0.3483901791639335
0.3995898874759765
0.3632186317845806
0.31861023842109715
0.23061221640868193
0.1051275951365429
0.05256379756827145
0.0
0.0
0.0
0.0
0.0
0.0
0.0
0.0
0.0
0.0
0.0
0.0
0.0
0.019517175103330058
0.12803983683315243
0.07962041945684621
0.33882595204224086
0.41644396806404255
0.4002870886513822
0.32370194674941094
0.1486707450804739
0.09360919139004908
0.1026463791887759
0.003763053346829051
0.0
0.0
0.0
0.0
0.0
0.0
0.0
0.0
0.0
0.0
0.0
0.0
0.0
0.09925131259549642
0.09356189492947398
0.3023749015871635
0.40052424403841275
0.4675509539691263
0.12809121891915035
0.46185209218755
0.3452273643688549
0.22860263655015992
0.06183194754074311
0.005112214245237521
0.0
0.0
0.0
0.0
0.0
0.0
0.0
0.0
0.0
0.0
0.0
0.0
0.0
0.01695750173428979
0.03733057597878275
0.09483463665148444
0.17115753919244386
0.1920379119903969
0.0748831507973046
0.030058671379024845
0.050997769608424975
0.03568742794007106
0.016534009971735236
0.001328426792013238
0.0
0.0
0.0
0.0
0.0
0.0
0.0
0.0
0.0
0.0
0.0
0.0
0.0
0.11361214115412276
0.19759813594233688
0.29799733410475754
0.3970890571728912
0.4649404615885795
0.48232323820863454
0.4531397521797961
0.3774434971983867
0.27508241772333186
0.09165074990964887
0.0012678006028475329
0.0
0.0
0.0
0.0
0.0
0.0
0.0
0.0
0.0
0.0
0.0
0.0
0.0
0.015384787062402976
0.036014631049244794
0.0528945669238667
0.0446822127311054
0.12880435090976408
0.19188991276390416
0.15898528028593062
0.22523609992825255
0.1553911637629391
0.06698124028883928
0.03349062014441964
0.0
0.0
0.0
0.0
0.0
0.0
0.0
0.0
0.0
0.0
0.0
0.0
0.0
0.07018907894498938
0.14284689197527045
0.22725727008764451
0.2960581876130603
0.3816267042508204
0.1607925747573891
0.38109622509562047
0.30806038994465906
0.1930837137535053
0.09654185687675265
0.0
0.0
0.0
0.0
0.0
0.0
0.0
0.0
0.0
0.0
0.0
0.0
0.0
0.0
0.08121234663388312
0.15093959666728668
0.2070152553991421
0.222850281072261
0.25024083671268427
0.19008806675943518
0.08946438826051228
0.1244611085491651
0.0318501467905241
0.01362484445338678
0.0
0.0
0.0
0.0
0.0
0.0
0.0
0.0
0.0
0.0
0.0
0.0
0.0
0.006049245492489812
0.012098490984979624
0.03296370723564124
0.05002819636257638
0.06386523247804314
0.07173772145353097
0.19022804193147952
0.15763879057009705
0.1250495392087146
0.03122516210515412
0.01561258105257706
0.0
0.0
0.0
0.0
0.0
0.0
0.0
0.0
0.0
0.0
0.0
0.0
0.0
0.0
0.011457458190712833
0.030714297305272514
0.049971136419832196
0.06495650388302582
0.07265870459188646
0.07174307082316325
0.06034445569840536
0.04894584057364748
0.030524394683327
0.012102948793006512
0.0
0.0
0.0
0.0
0.0
0.0
0.0
0.0
0.0
0.0
0.0
0.0
0.0
0.0
0.016487648768255574
0.03297529753651115
0.04919547782315333
0.06541565810979551
0.0732043402943778
0.07284949877543735
0.06089276608571284
0.04893603339598832
0.03192147171895434
0.01223846615702397
0.0
0.0
0.0
0.0
0.0
0.0
0.0
0.0
0.0
0.0
0.0
0.0
0.0
0.0
0.015264426245676942
0.030528852491353883
0.047893797879301425
0.06184138763383504
0.07048151115155336
0.06484639602476164
0.05921128089796991
0.04618645740500254
0.03797116299224684
0.018241848505357535
0.014877934289745575
0.0
0.0
0.0
0.0
0.0
0.0
0.0
0.0
0.0
0.0
0.0
0.0
0.0
0.050302797337032815
0.1658915305702786
0.2814802638035244
0.3920584208145458
0.5026365778255671
0.4737669214818218
0.43565355441351716
0.2132314102465933
0.35216148475468245
0.08055794041553564
0.0
0.0
0.0
0.0
0.0
0.0
0.0
0.0
0.0
0.0
0.0
0.0
0.0
0.0
0.05491573708325865
0.17103272056769092
0.24715603355807633
0.3232793465484618
0.3810783938635129
0.46883391111926526
0.37616633519868276
0.2834987592781003
0.16906326098141092
0.04364104902164831
0.0
0.0
0.0
0.0
0.0
0.0
0.0
0.0
0.0
0.0
0.0
0.0
0.0
0.0
0.019897871908826473
0.04271639234112504
0.0692471441089075
0.015195633790730167
0.06470642085271727
0.06872870103538017
0.05945824346265962
0.04475995883639771
0.008123397635201708
0.009373878718944417
0.0
0.0
0.0
0.0
0.0
0.0
0.0
0.0
0.0
0.0
0.0
0.0
0.0
0.0
0.005424260807119825
0.02828122568419592
0.04421075688748486
0.037728930671817394
0.06780593477381394
0.06754114097701668
0.02463806391872964
0.04407434796186202
0.027374507531526482
0.005548812491510477
0.0
0.0
0.0
0.0
0.0
0.0
0.0
0.0
0.0
0.0
0.0
0.0
0.0
0.0
0.004977588442825441
0.027400362818082443
0.043530049601778746
0.05965973638547505
0.04661120146475262
0.06707485425740399
0.035253902174571417
0.043407459881039265
0.026656800439197183
0.007330419519418015
0.0
0.0
0.0
0.0
0.0
0.0
0.0
0.0
0.0
0.0
0.0
0.0
0.0
0.0
0.004548747310638618
0.02689038957980622
0.04445771945217457
0.059470725325134914
0.06296297213340057
0.061630533314163155
0.08914412445612858
0.11183302997059093
0.07013469368706131
0.03431085682136742
0.0
0.0
0.0
0.0
0.0
0.0
0.0
0.0
0.0
0.0
0.0
0.0
0.0
0.0
0.004743999302216401
0.027173906170316425
0.044833958449644086
0.01594351536718581
0.11966941070106096
0.18026394942977486
0.1456753711683322
0.061269385022507714
0.029031103562894248
0.02019921973144424
0.0
0.0
0.0
0.0
0.0
0.0
0.0
0.0
0.0
0.0
0.0
0.0
0.0
0.0
0.01301412475370284
0.02602824950740568
0.04394863777550372
0.05758061472173353
0.06155831682412754
0.06553601892652153
0.05605871906135326
0.04198006975082907
0.024515269463079196
0.012257634731539598
0.0
0.0
0.0
0.0
0.0
0.0
0.0
0.0
0.0
0.0
0.0
0.0
0.0
0.01049858368412878
0.014047912323584814
0.11749890397276819
0.04638249458880918
0.19766277415872677
0.23876554728986388
0.17800651544495774
0.15471090225803566
0.10835504814801131
0.06199919403798696
0.016909357407599374
0.0
0.0
0.0
0.0
0.0
0.0
0.0
0.0
0.0
0.0
0.0
0.0
0.0
0.0
0.0029483942289850857
0.02482642446335612
0.04281902922148978
0.056431391812401276
0.06041043125720335
0.05987148226675232
0.05487472524941126
0.010692005044278299
0.0229336391751386
0.0045799519668268465
0.0
0.0
0.0
0.0
0.0
0.0
0.0
0.0
0.0
0.0
0.0
0.0
0.0
0.010711666907814124
0.021423333815628248
0.13257966852773728
0.2156883666962594
0.2649587356942645
0.31422910469226956
0.29217721994484985
0.20357204447917224
0.1943078278376893
0.10686970651345153
0.028383755268814388
0.0
0.0
0.0
0.0
0.0
0.0
0.0
0.0
0.0
0.0
0.0
0.0
0.0
0.0
0.011189989709099428
0.022379979418198855
0.029204200139781658
0.1453958666050462
0.18853541222366937
0.23167495784229256
0.25374021601379293
0.21592730520650072
0.10374032527857473
0.00905970296145859
0.0
0.0
0.0
0.0
0.0
0.0
0.0
0.0
0.0
0.0
0.0
0.0
0.0
0.0
0.0008977885781910061
0.02250034023492489
0.0769861732164331
0.14436700451243994
0.2299426536430431
0.2777245605408696
0.17746571534068453
0.2513000118998734
0.09224007213080375
0.019558186937177452
0.0
0.0
0.0
0.0
0.0
0.0
0.0
0.0
0.0
0.0
0.0
0.0
0.0
0.0
0.0016119433825234459
0.008873814080621122
0.10731102950811365
0.08659643755457092
0.16424971987397502
0.17063954189971922
0.14680453394154344
0.10838714436580493
0.08169334411998455
0.016287938968650897
0.008143969484325449
0.0
0.0
0.0
0.0
0.0
0.0
0.0
0.0
0.0
0.0
0.0
0.0
0.0
0.0012071744136818285
0.02134398483274961
0.08215651037397843
0.14296903591520724
0.1736048757992065
0.17294066240319986
0.14679740144870043
0.028645118368679987
0.05319502318487908
0.00329573945965324
0.004451121314849724
0.0
0.0
0.0
0.0
0.0
0.0
0.0
0.0
0.0
0.0
0.0
0.0
0.00014487876087392694
0.0002897575217478539
0.05297837371477223
0.1056669899077966
0.13860082982965768
0.17153466975151874
0.16992361793060068
0.1374368961538367
0.10495017437707269
0.05150640550429313
0.006801723487428853
0.0
0.0
0.0
0.0
0.0
0.0
0.0
0.0
0.0
0.0
0.0
0.0
0.0
0.0
0.005352935878689583
0.06134300469642874
0.14436700451243994
0.19430604471447854
0.21099384906314148
0.22768165341180444
0.1970261991724869
0.14430370363845813
0.07700060961007738
0.01022532005208042
0.0
0.0
0.0
0.0
0.0
0.0
0.0
0.0
0.0
0.0
0.0
0.0
0.0
0.0
0.0
0.060430937174127036
0.10286481178209352
0.052677025892154464
0.061690713722526165
0.16797020645321747
0.13479965692512852
0.10162910739703958
0.018863660446587976
0.009431830223293988
0.0
0.0
0.0
0.0
0.0
0.0
0.0
0.0
0.0
0.0
0.0
0.0
0.0
0.0
0.0
0.02539156529748427
0.037907416337462314
0.05203777622109842
0.06053257519714012
0.060235685182549244
0.022256874646236432
0.03558133210903108
0.005321369119063702
0.0
0.0
0.0
0.0
0.0
0.0
0.0
0.0
0.0
0.0
0.0
0.0
0.0
0.0
0.0
0.0
0.15306864578092938
0.24285335725052207
0.3612473890750898
0.37417681547628173
0.4004493528635609
0.33502433335690895
0.26959931385025704
0.10449280327351376
0.010315367774223599
0.0
0.0
0.0
0.0
0.0
0.0
0.0
0.0
0.0
0.0
0.0
0.0
0.0
0.0
0.0
0.15411177285922162
0.24155524355309166
0.35854863209561055
0.3739146963643005
0.39967904363651435
0.3209853585378242
0.12955806337026735
0.06937954100730613
0.001479100703322122
0.0
0.0
0.0
0.0
0.0
0.0
0.0
0.0
0.0
0.0
0.0
0.0
0.0
0.0
0.0
0.12577259567067614
0.20201582369698493
0.2782590517232937
0.3033787999548192
0.14704499729214723
0.19074336453938803
0.18064375467366592
0.06545042901240525
0.0007506948717282861
0.0
0.0
0.0
0.0
0.0
0.0
0.0
0.0
0.0
0.0
0.0
0.0
0.0
0.0
0.0
0.015668303652913187
0.01665885185658748
0.049178538152651136
0.025586948078590823
0.057265893475035086
0.047556787592468536
0.032782720229749505
0.0060608806732870705
0.0
0.0
0.0
0.0
0.0
0.0
0.0
0.0
0.0
0.0
0.0
0.0
0.0
0.0
0.0
0.0
0.046553780786418274
0.09310756157283655
0.12913824073097815
0.15948075684680801
0.22364912027067968
0.1842688441611329
0.1303614632535568
0.03838351023473417
0.0
0.0
0.0
0.0
0.0
0.0
0.0
0.0
0.0
0.0
0.0
0.0
0.0
0.0
0.0
0.0
0.014200793250460976
0.03265522692018045
0.04652079300701929
0.040798343293889476
0.156034871242022
0.1823671432568616
0.12875665236387634
0.06437832618193817
0.0
0.0
0.0
0.0
0.0
0.0
0.0
0.0
0.0
0.0
0.0
0.0
0.0
0.0
0.0
0.0
0.013415327476122948
0.032163084914011784
0.046044699109747435
0.024435711610433848
0.15746761074186447
0.13129047044636064
0.08960639914851709
0.013454556186759578
0.0
0.0
0.0
0.0
0.0
0.0
0.0
0.0
0.0
0.0
0.0
0.0
0.0
0.0
0.0
0.023210023272805788
0.046420046545611576
0.09018502263040742
0.1270484203279721
0.07578353411343582
0.05455732931789668
0.04495966863600239
0.01444915689104519
0.012119888463508696
0.0
0.0
0.0
0.0
0.0
0.0
0.0
0.0
0.0
0.0
0.0
0.0
0.0
0.0
0.0
0.0
0.06060479168717574
0.12685316833639432
0.21688216768586058
0.2611535507625111
0.24695810688168243
0.23276266300085371
0.19859980540597907
0.06342569260659177
0.0
0.0
0.0
0.0
0.0
0.0
0.0
0.0
0.0
0.0
0.0
0.0
0.0
0.0
0.0
0.0
0.011319266141879239
0.031826074627178895
0.043060196635744535
0.054294318644310176
0.15531270634166583
0.12900539805177683
0.09424223987946835
0.055647709161274
0.0
0.0
0.0
0.0
0.0
0.0
0.0
0.0
0.0
0.0
0.0
0.0
0.0
0.0
0.0
0.0
0.07369291605412497
0.20259088093245373
0.33148884581078253
0.4205210792854362
0.4381124813211497
0.4046619814489721
0.09481276455970285
0.071817961998015
0.0
0.0
0.0
0.0
0.0
0.0
0.0
0.0
0.0
0.0
0.0
0.0
0.0
0.0
0.0
0.0
0.14365286366653218
0.22021036715873668
0.3469075122141898
0.3425504506487075
0.3210647075207028
0.22105423021822698
0.12104375291575117
0.037349714794750355
0.025326590523973187
0.0
0.0
0.0
0.0
0.0
0.0
0.0
0.0
0.0
0.0
0.0
0.0
0.0
0.0
0.03178060498530462
0.09313519998260326
0.06135865214490388
0.2962882105072478
0.16816288265296372
0.36981618766437785
0.283679746283992
0.13170415503125607
0.05816012976522923
0.0
0.0
0.0
0.0
0.0
0.0
0.0
0.0
0.0
0.0
0.0
0.0
0.0
0.0
0.0
0.06467610775813444
0.12935221551626888
0.2681326950094102
0.3788102611394313
0.137204503139594
0.4236094486864656
0.15209171250957915
0.22220924827799418
0.09006911962170829
0.04503455981085414
0.0
0.0
0.0
0.0
0.0
0.0
0.0
0.0
0.0
0.0
0.0
0.0
0.0
0.0
0.0
0.06781485038986773
0.19333780881103804
0.3495269202107904
0.3777653509379282
0.3700863308308074
0.2836485416278038
0.1601231269834829
0.02444053425417155
0.0
0.0
0.0
0.0
0.0
0.0
0.0
0.0
0.0
0.0
0.0
0.0
0.0
0.0
0.0
0.0
0.0061330522833953445
0.04739504001982256
0.12273593684275863
0.1539093883748008
0.051584862925566397
0.03072866601488067
0.026588150195583072
0.013294075097791536
0.004458699588495438
0.0
0.0
0.0
0.0
0.0
0.0
0.0
0.0
0.0
0.0
0.0
0.0
0.0
0.0
0.0
0.006223991567143902
0.01672077664570962
0.042615753175463594
0.05198339096317037
0.0508912279965823
0.023619497269381208
0.06956409425961939
0.04015236845980415
0.0
0.0
0.0
0.0
0.0
0.0
0.0
0.0
0.0
0.0
0.0
0.0
0.0
0.0
0.0
0.0
0.013704639217068111
0.027409278434136222
0.04173934811737701
0.05107221500247404
0.046024193192823734
0.04097617138317343
0.02517324192784817
0.024211246955645294
0.0
0.0
0.0
0.0
0.0
0.0
0.0
0.0
0.0
0.0
0.0
0.0
0.0
0.0
0.0
0.0
0.040936942672536794
0.08187388534507359
0.1201388178862925
0.15187662791453896
0.09623025609567304
0.04058388427680711
0.013229831343809817
0.007694176654412244
0.0
0.0
0.0
0.0
0.0
0.0
0.0
0.0
0.0
0.0
0.0
0.0
0.0
0.0
0.0
0.0
0.0049383597321888085
0.02327154102357687
0.022998227854137507
0.05031171295308659
0.05002641323936562
0.040884340537819495
0.02487456879004653
0.007016589834324955
0.0
0.0
0.0
0.0
0.0
0.0
0.0
0.0
0.0
0.0
0.0
0.0
0.0
0.0
0.0
0.0
0.04056337835988341
0.08112675671976682
0.12549442844979822
0.14903165483177772
0.08357375381491146
0.054977813899740095
0.07069281125202795
0.006693621196632952
0.0
0.0
0.0
0.0
0.0
0.0
0.0
0.0
0.0
0.0
0.0
0.0
0.0
0.0
0.0
0.0
0.004019159717044078
0.01146385813260163
0.04063826953473517
0.0491598153589382
0.04880140759357624
0.03967805768574304
0.02389920039376299
0.0062391481144353274
0.0
0.0
0.0
0.0
0.0
0.0
0.0
0.0
0.0
0.0
0.0
0.0
0.0
0.0
0.0
0.0017866894571775362
0.002515104032259849
0.01759877788288472
0.04062222142583836
0.044599031966626984
0.04857584250741561
0.039404348272892
0.022708965650583345
0.005624862168329878
0.002812431084164939
0.0
0.0
0.0
0.0
0.0
0.0
0.0
0.0
0.0
0.0
0.0
0.0
0.0
0.0
0.001775544937110311
0.003551089874220622
0.018492122799568245
0.04050364373232308
0.031626319825765206
0.01591551833516241
0.03509632259570544
0.01486545012092342
0.005558886609531905
0.0
0.0
0.0
0.0
0.0
0.0
0.0
0.0
0.0
0.0
0.0
0.0
0.0
0.0
0.0
0.0
0.001996829313797655
0.024463558889967273
0.03949885380306206
0.043665121184993515
0.04783138856692497
0.03790206696783004
0.08117400948485186
0.02636080198621168
0.0
0.0
0.0
0.0
0.0
0.0
0.0
0.0
0.0
0.0
0.0
0.0
0.0
0.0
0.0
0.0
0.0029475026673797078
0.02400618778640835
0.01922788258873346
0.09131195649960523
0.08224076294568665
0.11734733849985395
0.07858045677480723
0.020299966192851952
0.0
0.0
0.0
0.0
0.0
0.0
0.0
0.0
0.0
0.0
0.0
0.0
0.0
0.0
0.0
0.0
0.0024277222514443265
0.022074173787554198
0.03701852941690044
0.045795061860241584
0.04538850976818921
0.0356455245446183
0.020242014688502386
0.0018308886141175924
0.0
0.0
0.0
0.0
0.0
0.0
0.0
0.0
0.0
0.0
0.0
0.0
0.0
0.0
0.0
0.0012267887690001443
0.0024535775380002886
0.02227566671036963
0.03728154009048695
0.04604024130172054
0.0409044006739405
0.03576856004616046
0.006843972612966221
0.003901473585134181
0.0
0.0
0.0
0.0
0.0
0.0
0.0
0.0
0.0
0.0
0.0
0.0
0.0
0.0
0.0
0.0
0.001206023952919027
0.006587275108366809
0.009151205538465467
0.045113017232127406
0.14160316353576813
0.11373829712128374
0.06280605729085405
0.011873817460424364
0.0
0.0
0.0
0.0
0.0
0.0
0.0
0.0
0.0
0.0
0.0
0.0
0.0
0.0
0.0
0.0
0.0015166726882043858
0.021854849632631207
0.033911437222158065
0.045968024811684924
0.04487140403706996
0.032490288023185515
0.020109172009301058
0.0033915003468579573
0.0016957501734289786
0.0
0.0
0.0
0.0
0.0
0.0
0.0
0.0
0.0
0.0
0.0
0.0
0.0
0.0
0.0
0.0016297746146310059
0.02117726281254392
0.033743823640347
0.04631038446815007
0.04518523372216302
0.03460150590472065
0.02027232778308524
0.0021299406752480704
0.0
0.0
0.0
0.0
0.0
0.0
0.0
0.0
0.0
0.0
0.0
0.0
0.0
0.0
0.0
0.0
0.0
0.02152764652345748
0.03685269895830013
0.04589045895201704
0.04514511344992102
0.03474415576158112
0.01962148781115929
0.0021326153600642046
0.0
0.0
0.0
0.0
0.0
0.0
0.0
0.0
0.0
0.0
0.0
0.0
0.0
0.0
0.0
0.0
0.0
0.014405698644989518
0.03702566190974346
0.04602330163121836
0.044395310139798104
0.03199413398979265
0.019592957839787192
0.009796478919893596
0.0
0.0
0.0
0.0
0.0
0.0
0.0
0.0
0.0
0.0
0.0
0.0
0.0
0.0
0.0
0.0
0.0
0.08212931774501439
0.16425863549002878
0.20369062217268752
0.14126704481054062
0.09244245661522456
0.05123002140662595
0.0014202576373671732
0.0007101288186835866
0.0
0.0
0.0
0.0
0.0
0.0
0.0
0.0
0.0
0.0
0.0
0.0
0.0
0.0
0.0
0.0
0.01810360417800322
0.03620720835600644
0.03971817795798505
0.03876688172504672
0.03268464845315792
0.01895103348391502
0.0014675104024522076
0.0
0.0
0.0
0.0
0.0
0.0
0.0
0.0
0.0
0.0
0.0
0.0
0.0
0.0
0.0
0.0
0.0
0.019786426708154222
0.03173379800102227
0.04368116929389032
0.04370167521081402
0.030566298078779766
0.01743092094674551
0.0007854657743380286
0.0003927328871690143
0.0
0.0
0.0
0.0
0.0
0.0
0.0
0.0
0.0
0.0
0.0
0.0
0.0
0.0
0.0
0.0
0.10049414947339337
0.15957258769216195
0.2084827658015943
0.1428370847976113
0.023040807015735642
0.019678547753903482
0.004079210672846519
0.0
0.0
0.0
0.0
0.0
0.0
0.0
0.0
0.0
0.0
0.0
0.0
0.0
0.0
0.0
0.0
0.05395285054945039
0.051226332288569765
0.035166755962530306
0.04382560227396155
0.04255958479432478
0.031520268996534234
0.017232102708746214
0.008616051354373107
0.0
0.0
0.0
0.0
0.0
0.0
0.0
0.0
0.0
0.0
0.0
0.0
0.0
0.0
0.0
0.0
0.0
0.054153897691463136
0.10649391329678469
0.07558258087672366
0.04285736637052104
0.03174405095948411
0.016664177966120422
0.005319056537685219
0.0
0.0
0.0
0.0
0.0
0.0
0.0
0.0
0.0
0.0
0.0
0.0
0.0
0.0
0.0
0.0
0.0
0.01733284917015393
0.033892714428445124
0.04341815862030381
0.01587962990226821
0.031789520601358395
0.010207754472327827
0.00011233676227762952
0.0
0.0
0.0
0.0
0.0
0.0
0.0
0.0
0.0
0.0
0.0
0.0
0.0
0.0
0.0
0.0
0.0
0.053875284689782504
0.10775056937956501
0.09304095227707715
0.13867081741567985
0.06430509146956497
0.0336266319790917
0.001374063662897409
0.0
0.0
0.0
0.0
0.0
0.0
0.0
0.0
0.0
0.0
0.0
0.0
0.0
0.0
0.0
0.0
0.0
0.0921337770955008
0.21165137574710777
0.34261375152268936
0.37442021179454993
0.12061214181075049
0.06850136050743925
0.011276471184821096
0.0
0.0
0.0
0.0
0.0
0.0
0.0
0.0
0.0
0.0
0.0
0.0
0.0
0.0
0.0
0.0
0.0
0.15861237584316984
0.3172247516863397
0.34094831444384316
0.3639238570144346
0.2426211054523211
0.1213183538902076
0.004073602225730345
0.0
0.0
0.0
0.0
0.0
0.0
0.0
0.0
0.0
0.0
0.0
0.0
0.0
0.0
0.0
0.0
0.04227918866943339
0.08455837733886679
0.15995328449765836
0.28056284691159045
0.30417496446842174
0.06506642406085666
0.09455813230478657
0.00241818955062111
0.0
0.0
0.0
0.0
0.0
0.0
0.0
0.0
0.0
0.0
0.0
0.0
0.0
0.0
0.0
0.0
0.0
0.012857209911156312
0.02881259640100121
0.04476798289084612
0.04329066531073474
0.031635280443628
0.01669716574551941
0.0
0.0
0.0
0.0
0.0
0.0
0.0
0.0
0.0
0.0
0.0
0.0
0.0
0.0
0.0
0.0
0.0
0.0
0.012552295842117032
0.033293585029631104
0.04260416287459368
0.03655670050531462
0.03050923813603557
0.015338425858923319
0.0076692129294616595
0.0
0.0
0.0
0.0
0.0
0.0
0.0
0.0
0.0
0.0
0.0
0.0
0.0
0.0
0.0
0.0
0.0
0.01254783803409014
0.024633761148923204
0.03690396375060936
0.04078894344604405
0.028052540132416457
0.015316136818788868
0.0
0.0
0.0
0.0
0.0
0.0
0.0
0.0
0.0
0.0
0.0
0.0
0.0
0.0
0.0
0.0
0.0
0.0
0.016720346347259236
0.027767240418695494
0.04270758402081753
0.04030928330235068
0.029965385556754983
0.015468593853308508
0.0
0.0
0.0
0.0
0.0
0.0
0.0
0.0
0.0
0.0
0.0
0.0
0.0
0.0
0.0
0.0
0.0
0.0
0.007520463107351601
0.033524499485424006
0.042719174321687446
0.04030482549432379
0.029949337447858177
0.015489991331837578
0.0
0.0
0.0
0.0
0.0
0.0
0.0
0.0
0.0
0.0
0.0
0.0
0.0
0.0
0.0
0.0
0.0
0.006179413486875001
0.016278131790991742
0.032556263581983484
0.041783926197645906
0.03572843977391845
0.029672953350190993
0.01038965426221225
0.007637562492470739
0.0
0.0
0.0
0.0
0.0
0.0
0.0
0.0
0.0
0.0
0.0
0.0
0.0
0.0
0.0
0.0
0.0
0.11707719533342442
0.25085244797397355
0.2629170596179488
0.25656646630284125
0.18304027226892197
0.10951407823500273
0.004026292209887102
0.0
0.0
0.0
0.0
0.0
0.0
0.0
0.0
0.0
0.0
0.0
0.0
0.0
0.0
0.0
0.0
0.0
0.012522874309139556
0.03265879316660195
0.07437986427106871
0.11957802563650974
0.11478231576118139
0.04242763367672883
5.88430659549488e-05
0.0
0.0
0.0
0.0
0.0
0.0
0.0
0.0
0.0
0.0
0.0
0.0
0.0
0.0
0.0
0.0
0.0
0.05326189030528244
0.11063833741938439
0.12268422626964673
0.11848407954671089
0.038251400602078565
0.057479422479523125
0.000674912135271155
0.0
0.0
0.0
0.0
0.0
0.0
0.0
0.0
0.0
0.0
0.0
0.0
0.0
0.0
0.0
0.0
0.0
0.013417110599333702
0.03417979726537685
0.042523922330109654
0.03978771976320454
0.027452073391194366
0.008785484621307873
0.0
0.0
0.0
0.0
0.0
0.0
0.0
0.0
0.0
0.0
0.0
0.0
0.0
0.0
0.0
0.0
0.0
0.0048211193810816
0.003198370537172928
0.03324811538775682
0.07514125788206154
0.11703440037636625
0.08548560140845993
0.06896942266883226
0.0007765501582842484
0.0
0.0
0.0
0.0
0.0
0.0
0.0
0.0
0.0
0.0
0.0
0.0
0.0
0.0
0.0
0.0
0.0
0.058504272544905145
0.11700854508981029
0.13967560734494086
0.16234266960007146
0.10274043893814327
0.02781366554621474
0.0
0.0
0.0
0.0
0.0
0.0
0.0
0.0
0.0
0.0
0.0
0.0
0.0
0.0
0.0
0.0
0.0
0.004830926558740758
0.006294266012592703
0.034695119873285336
0.042961679078350266
0.036598158119964704
0.0418574800300896
0.04352514601294917
0.0
0.0
0.0
0.0
0.0
0.0
0.0
0.0
0.0
0.0
0.0
0.0
0.0
0.0
0.0
0.0
0.0
0.0
0.035263936177516504
0.16596330127951156
0.17756162620387408
0.16281252256610565
0.11840116431741075
0.05920058215870538
0.0
0.0
0.0
0.0
0.0
0.0
0.0
0.0
0.0
0.0
0.0
0.0
0.0
0.0
0.0
0.0
0.0
0.0
0.026430343791431166
0.03849135939008607
0.1250700451256383
0.10447140579498469
0.0838727664643311
0.03995176709859409
0.0
0.0
0.0
0.0
0.0
0.0
0.0
0.0
0.0
0.0
0.0
0.0
0.0
0.0
0.0
0.0
0.0
0.013159895076182147
0.00973810566348616
0.0756579178323781
0.12499604551239192
0.07693195936646328
0.02886787322053465
0.014531562606056219
0.0
0.0
0.0
0.0
0.0
0.0
0.0
0.0
0.0
0.0
0.0
0.0
0.0
0.0
0.0
0.0
0.0
0.0
0.009277590065563593
0.01715526795294303
0.06412483715427289
0.05374040864185063
0.11627122364216268
0.010384893942703137
0.0
0.0
0.0
0.0
0.0
0.0
0.0
0.0
0.0
0.0
0.0
0.0
0.0
0.0
0.0
0.0
0.0
0.0
0.024731998641803657
0.10676138177839811
0.17851381399841781
0.11840829681025378
0.07960931886741346
0.04081034092457312
0.0
0.0
0.0
0.0
0.0
0.0
0.0
0.0
0.0
0.0
0.0
0.0
0.0
0.0
0.0
0.0
0.0
0.0
0.0032042995817620585
0.03255358889716735
0.04123739893354919
0.03844770267032139
0.028805463908158187
0.014483418279365806
0.0
0.0
0.0
0.0
0.0
0.0
0.0
0.0
0.0
0.0
0.0
0.0
0.0
0.0
0.0
0.0
0.0
0.0
0.0033382992956768774
0.032081061246317
0.028424397172458298
0.03797963282749793
0.028462212690087654
0.014231106345043827
0.0
0.0
0.0
0.0
0.0
0.0
0.0
0.0
0.0
0.0
0.0
0.0
0.0
0.0
0.0
0.0
0.0
0.0
0.004557839804398658
0.011616042214650143
0.04094050891895831
0.0381552704637574
0.026279224099319595
0.014403177734881785
0.0
0.0
0.0
0.0
0.0
0.0
0.0
0.0
0.0
0.0
0.0
0.0
0.0
0.0
0.0
0.0
0.0
0.0
0.017179787524453462
0.17024190542372064
0.17805376821004276
0.13206256279661804
0.08607135738319328
0.04225288760207475
0.021126443801037374
0.0
0.0
0.0
0.0
0.0
0.0
0.0
0.0
0.0
0.0
0.0
0.0
0.0
0.0
0.0
0.0
0.0
0.00918040985057739
0.025279337758888153
0.03614970263245956
0.03505174451543654
0.028725223363674172
0.014455779869599086
0.0
0.0
0.0
0.0
0.0
0.0
0.0
0.0
0.0
0.0
0.0
0.0
0.0
0.0
0.0
0.0
0.0
0.004652168456862466
0.009304336913724932
0.03306623682025971
0.04049205343145317
0.037660453772772606
0.02820455138613341
0.014156215170192074
0.0
0.0
0.0
0.0
0.0
0.0
0.0
0.0
0.0
0.0
0.0
0.0
0.0
0.0
0.0
0.0
0.0
0.0
0.009519203260621034
0.025443385094277706
0.02693806028169576
0.024587495475695196
0.029669387103769485
0.014595755041643434
0.0
0.0
0.0
0.0
0.0
0.0
0.0
0.0
0.0
0.0
0.0
0.0
0.0
0.0
0.0
0.0
0.0
0.0
0.009461251756271463
0.03344693362575612
0.0409529907814336
0.03981090036494437
0.029312762461618277
0.01434255154571608
0.00717127577285804
0.0
0.0
0.0
0.0
0.0
0.0
0.0
0.0
0.0
0.0
0.0
0.0
0.0
0.0
0.0
0.0
0.0
0.00575267036132248
0.032917346032161586
0.01819380092483356
0.015739352990006467
0.028949005326624047
0.014196335442434085
0.0
0.0
0.0
0.0
0.0
0.0
0.0
0.0
0.0
0.0
0.0
0.0
0.0
0.0
0.0
0.0
0.0
0.0
0.02692070267438907
0.07684102008271472
0.11821839418830828
0.10571959204251391
0.08467784659398744
0.04200414191417428
0.00010342114622384939
0.0
0.0
0.0
0.0
0.0
0.0
0.0
0.0
0.0
