0.0
0.0
0.0
0.0
0.0
0.0
0.0
0.0
0.0
0.10452643815971803
0.12817964114811337
0.16621888389933367
0.08114480832507662
0.018142209915961622
0.03355295083414591
0.0
0.0
0.0
0.0
0.0
0.0
0.0
0.0
0.0
0.0
0.0
0.0
0.0
0.0
0.0
0.0
0.0
0.0
0.2321303511963298
0.25373761525038424
0.2562366154979752
0.09881215905153151
0.10148215265566594
0.009150334385746544
0.0
0.0
0.0
0.0
0.0
0.0
0.0
0.0
0.0
0.0
0.0
0.0
0.0
0.0
0.0
0.0
0.0
0.0
0.06018043759518379
0.18453294734047532
0.20701857730025772
0.1568979979883977
0.06884024902751208
0.009593976228211228
0.004796988114105614
0.0
0.0
0.0
0.0
0.0
0.0
0.0
0.0
0.0
0.0
0.0
0.0
0.0
0.0
0.0
0.0
0.0
0.27501269403326123
0.27739216130591365
0.17000710169149902
0.24741803669520782
0.13223839002748633
0.02517355498424252
0.01258677749212126
0.0
0.0
0.0
0.0
0.0
0.0
0.0
0.0
0.0
0.0
0.0
0.0
0.0
0.0
0.0
0.0
0.0
0.09175297433595123
0.18350594867190245
0.11906251077872643
0.09534612660882211
0.04814134604518142
0.0009365654815407321
0.0
0.0
0.0
0.0
0.0
0.0
0.0
0.0
0.0
0.0
0.0
0.0
0.0
0.0
0.0
0.0
0.0
0.0
0.5518071904644822
0.5174273579647505
0.42675152347038003
0.33607568897600965
0.13477678691101214
0.019599826377558915
0.0
0.0
0.0
0.0
0.0
0.0
0.0
0.0
0.0
0.0
0.0
0.0
0.0
0.0
0.0
0.0
0.0
0.0
0.11650570161816302
0.13037600360147802
0.12367947087065283
0.09483934261020638
0.05263569636506068
0.0015731793031233902
0.0
0.0
0.0
0.0
0.0
0.0
0.0
0.0
0.0
0.0
0.0
0.0
0.0
0.0
0.0
0.0
0.0
0.014517660341970773
0.029035320683941546
0.04029111864612945
0.12411462462211438
0.09642147569422405
0.05287834382729543
0.01197747270226613
0.0
0.0
0.0
0.0
0.0
0.0
0.0
0.0
0.0
0.0
0.0
0.0
0.0
0.0
0.0
0.0
0.0
0.0
0.029842056342515348
0.03976374095145689
0.12410835697548842
0.08868182748921632
0.048500840348086396
0.0015660162784079737
0.0007830081392039868
0.0
0.0
0.0
0.0
0.0
0.0
0.0
0.0
0.0
0.0
0.0
0.0
0.0
0.0
0.0
0.0
0.0
0.01958415726099394
0.03916831452198788
0.04089012658795617
0.029920849614384938
0.018951572640813704
0.0021480120365355796
0.0
0.0
0.0
0.0
0.0
0.0
0.0
0.0
0.0
0.0
0.0
0.0
0.0
0.0
0.0
0.0
0.0
0.05921180074285791
0.11842360148571582
0.12811069703522748
0.04625567946332377
0.09651638577170332
0.0533999015643867
0.010283417357070083
0.0051417086785350416
0.0
0.0
0.0
0.0
0.0
0.0
0.0
0.0
0.0
0.0
0.0
0.0
0.0
0.0
0.0
0.0
0.0
0.11890710565400643
0.12990682548261823
0.12418894100353683
0.09623971394207034
0.05491891049309975
0.014501543536361088
0.0
0.0
0.0
0.0
0.0
0.0
0.0
0.0
0.0
0.0
0.0
0.0
0.0
0.0
0.0
0.0
0.0
0.0
0.07926522459332143
0.05879602568428802
0.06580966568640736
0.09036871980969695
0.03073249009658917
0.015227695166886454
0.0
0.0
0.0
0.0
0.0
0.0
0.0
0.0
0.0
0.0
0.0
0.0
0.0
0.0
0.0
0.0
0.0
0.015779179341682128
0.12010870305001761
0.17998979891472225
0.1695684933318804
0.12241519700838176
0.05496086121504523
0.03763095034244157
0.0
0.0
0.0
0.0
0.0
0.0
0.0
0.0
0.0
0.0
0.0
0.0
0.0
0.0
0.0
0.0
0.0
0.025498577230704558
0.11698831040836422
0.1283166339957957
0.15224740419191343
0.09746548654649602
0.05580623017972199
0.008500417081415069
0.0
0.0
0.0
0.0
0.0
0.0
0.0
0.0
0.0
0.0
0.0
0.0
0.0
0.0
0.0
0.0
0.0
0.0308386121560477
0.17578868491913038
0.18045091863077722
0.1537176150147527
0.09894644190640843
0.057068713285814185
0.004243196765794961
0.0021215983828974804
0.0
0.0
0.0
0.0
0.0
0.0
0.0
0.0
0.0
0.0
0.0
0.0
0.0
0.0
0.0
0.0
0.006736824744849396
0.031176169695761712
0.13048613510647752
0.09137914994107656
0.13467560918690688
0.10360778023996584
0.02975699542401978
0.0
0.0
0.0
0.0
0.0
0.0
0.0
0.0
0.0
0.0
0.0
0.0
0.0
0.0
0.0
0.0
0.0
0.05859354217210851
0.5401735429485562
0.49574219601691594
0.4088457524380172
0.3372074468810454
0.1950339415732762
0.04740937445707478
0.0
0.0
0.0
0.0
0.0
0.0
0.0
0.0
0.0
0.0
0.0
0.0
0.0
0.0
0.0
0.0
0.0
0.013357048431507404
0.22232775187328205
0.2269282044967584
0.1963864101773558
0.16584461585795318
0.05288863280402771
0.05374327906168199
0.0
0.0
0.0
0.0
0.0
0.0
0.0
0.0
0.0
0.0
0.0
0.0
0.0
0.0
0.0
0.0
0.021584879601818763
0.043169759203637526
0.28333791950875425
0.30801812116572247
0.2838872339666178
0.2597563467675131
0.15233873275703502
0.052613311912825006
0.0
0.0
0.0
0.0
0.0
0.0
0.0
0.0
0.0
0.0
0.0
0.0
0.0
0.0
0.0
0.0
0.0
0.0170341204623056
0.0340682409246112
0.0438896431875369
0.01590535020246406
0.027452183345180136
0.02244354718957934
0.0057993638852192365
0.0028996819426096183
0.0
0.0
0.0
0.0
0.0
0.0
0.0
0.0
0.0
0.0
0.0
0.0
0.0
0.0
0.0
0.0
0.01662851418779513
0.03325702837559026
0.04401410074196727
0.045526394335009615
0.03380276132109606
0.022079128307182515
0.005659684903268611
0.0
0.0
0.0
0.0
0.0
0.0
0.0
0.0
0.0
0.0
0.0
0.0
0.0
0.0
0.0
0.0
0.0
0.08301274111600872
0.16602548223201744
0.20923821958394748
0.10664008526511275
0.12026270808139906
0.08241328548513728
0.006592375294103074
0.0
0.0
0.0
0.0
0.0
0.0
0.0
0.0
0.0
0.0
0.0
0.0
0.0
0.0
0.0
0.0
0.0
0.01908175132065313
0.20859712887191767
0.07714285388597497
0.21801113410415407
0.1199636517995304
0.018875414442120857
0.019369714208576153
0.0
0.0
0.0
0.0
0.0
0.0
0.0
0.0
0.0
0.0
0.0
0.0
0.0
0.0
0.0
0.0
0.0
0.02454768569973299
0.08481110800862302
0.13262340260594
0.1490106123986345
0.12077934123899849
0.06479940770992763
0.02024002171149928
0.0
0.0
0.0
0.0
0.0
0.0
0.0
0.0
0.0
0.0
0.0
0.0
0.0
0.0
0.0
0.0
0.0044428660797372005
0.008885732159474401
0.03393482958928656
0.04495514311395513
0.04578784473712232
0.03493854842753433
0.007828729340809774
0.002534779259741413
0.0
0.0
0.0
0.0
0.0
0.0
0.0
0.0
0.0
0.0
0.0
0.0
0.0
0.0
0.0
0.0
0.0
0.05798916196174523
0.11597832392349046
0.1490168800452605
0.2204026889810138
0.1862646085654273
0.08862631404767184
0.029828625671173947
0.0
0.0
0.0
0.0
0.0
0.0
0.0
0.0
0.0
0.0
0.0
0.0
0.0
0.0
0.0
0.0
0.0
0.02660436917114701
0.036147308848260895
0.04569024852537478
0.04693571944776785
0.035960174827570635
0.024984630207373407
0.024125962619612834
0.0
0.0
0.0
0.0
0.0
0.0
0.0
0.0
0.0
0.0
0.0
0.0
0.0
0.0
0.0
0.0
0.0
0.03435118040087016
0.09033917233274585
0.14632716426462156
0.16059433004386012
0.18361160328645484
0.09013233999408819
0.02435517941050617
0.0
0.0
0.0
0.0
0.0
0.0
0.0
0.0
0.0
0.0
0.0
0.0
0.0
0.0
0.0
0.0
0.0048283263472355615
0.0173349675003531
0.0346699350007062
0.04098324590925658
0.04729655681780697
0.024651318005059
0.02557468436830586
0.009161508611017945
0.0
0.0
0.0
0.0
0.0
0.0
0.0
0.0
0.0
0.0
0.0
0.0
0.0
0.0
0.0
0.0
0.0
0.03683764535520918
0.16122177878224112
0.2579718582352849
0.2791448639159672
0.2740492672090377
0.039605335398123304
0.02539930259886537
0.0
0.0
0.0
0.0
0.0
0.0
0.0
0.0
0.0
0.0
0.0
0.0
0.0
0.0
0.0
0.0
0.0
0.012504850396938683
0.036392642444763916
0.04651668250191598
0.043698927654488934
0.017091937061539508
0.02632769734151404
0.009877811082559614
0.0
0.0
0.0
0.0
0.0
0.0
0.0
0.0
0.0
0.0
0.0
0.0
0.0
0.0
0.0
0.0
0.0
0.05413635004294048
0.11501579247735635
0.14828804228046688
0.1369279327708607
0.12556782326125454
0.08108096288806978
0.036594102514885006
0.0
0.0
0.0
0.0
0.0
0.0
0.0
0.0
0.0
0.0
0.0
0.0
0.0
0.0
0.0
0.0
0.0
0.059040001397464556
0.15934327555062308
0.25714811039301194
0.31190137593956774
0.31550795888378
0.187026127630485
0.10456046252711626
0.0
0.0
0.0
0.0
0.0
0.0
0.0
0.0
0.0
0.0
0.0
0.0
0.0
0.0
0.0
0.0
0.0
0.013720773842380666
0.03714386466179324
0.014932961694475815
0.04888495754845062
0.041680745440920285
0.028154268643945296
0.02993069877336863
0.0
0.0
0.0
0.0
0.0
0.0
0.0
0.0
0.0
0.0
0.0
0.0
0.0
0.0
0.0
0.0
0.0
0.05651536962654824
0.12400180698284657
0.21043444471142206
0.2601462839254586
0.3098581231394951
0.18022259721797332
0.020858137600779047
0.0
0.0
0.0
0.0
0.0
0.0
0.0
0.0
0.0
0.0
0.0
0.0
0.0
0.0
0.0
0.0
0.0
0.021194589130474544
0.12628591648897508
0.15477505653836612
0.15833239368765992
0.1324183610234612
0.08262728084851036
0.03352385104623953
0.016761925523119767
0.0
0.0
0.0
0.0
0.0
0.0
0.0
0.0
0.0
0.0
0.0
0.0
0.0
0.0
0.0
0.0
0.04398517962414295
0.16835704677688557
0.21226280677003215
0.2774758791572751
0.06815421399410454
0.16199538545150613
0.0460448182487879
0.0
0.0
0.0
0.0
0.0
0.0
0.0
0.0
0.0
0.0
0.0
0.0
0.0
0.0
0.0
0.0
0.0
0.14619733444165461
0.061188541758750915
0.21592490315578894
0.17500746753610524
0.06802357754375343
0.08605210204056896
0.035752447110823544
0.017876223555411772
0.0
0.0
0.0
0.0
0.0
0.0
0.0
0.0
0.0
0.0
0.0
0.0
0.0
0.0
0.0
0.0
0.13997087520777865
0.21994962766776371
0.26274959572046785
0.2236224685905936
0.13313824500736055
0.08485945842545209
0.036722141581673085
0.0
0.0
0.0
0.0
0.0
0.0
0.0
0.0
0.0
0.0
0.0
0.0
0.0
0.0
0.0
0.0
0.07485092214183611
0.14970184428367223
0.17136104026691343
0.26513219681643335
0.2829332086123332
0.27902040636153685
0.1722523891549381
0.06548437194833936
0.0
0.0
0.0
0.0
0.0
0.0
0.0
0.0
0.0
0.0
0.0
0.0
0.0
0.0
0.0
0.0
0.0
0.07246232765833154
0.1414919711616559
0.21493461498888258
0.10811459691815767
0.13645383007250908
0.03823249172244197
0.045187934428552956
0.0
0.0
0.0
0.0
0.0
0.0
0.0
0.0
0.0
0.0
0.0
0.0
0.0
0.0
0.0
0.0
0.0
0.1263620236265764
0.17152981903677045
0.21669761444696453
0.1609003380481368
0.1356166515588947
0.08931754593270955
0.04465877296635477
0.0
0.0
0.0
0.0
0.0
0.0
0.0
0.0
0.0
0.0
0.0
0.0
0.0
0.0
0.0
0.0
0.0
0.07231926872449676
0.3133586037801103
0.4067272878784327
0.441703442185723
0.3757610843446416
0.10482066277432206
0.026770803608093557
0.00028562561052724043
0.0
0.0
0.0
0.0
0.0
0.0
0.0
0.0
0.0
0.0
0.0
0.0
0.0
0.0
0.0
0.0
0.021362825835640847
0.04272565167128169
0.05415783911708673
0.05526810794797631
0.048163282808372385
0.013880900118702329
0.01651256272521432
0.0
0.0
0.0
0.0
0.0
0.0
0.0
0.0
0.0
0.0
0.0
0.0
0.0
0.0
0.0
0.0
0.0
0.08741307673649812
0.17482615347299624
0.14778033542551386
0.1466284668075513
0.24481875410160103
0.1332850870140266
0.05799990649881836
0.0009347747253618779
0.0
0.0
0.0
0.0
0.0
0.0
0.0
0.0
0.0
0.0
0.0
0.0
0.0
0.0
0.0
0.0
0.04237718288209227
0.1316823602339521
0.16025118893330215
0.16343783955357316
0.13952408154115453
0.09384636830903174
0.014456637559595874
0.002277841859502507
0.0
0.0
0.0
0.0
0.0
0.0
0.0
0.0
0.0
0.0
0.0
0.0
0.0
0.0
0.0
0.0
0.09028186813502252
0.09504011650984356
0.18264772877318658
0.0649313871302975
0.19512258400412946
0.11356989170176218
0.08132719186266223
0.0026609237718345988
0.0
0.0
0.0
0.0
0.0
0.0
0.0
0.0
0.0
0.0
0.0
0.0
0.0
0.0
0.0
0.029311992513574518
0.15601336443604374
0.1775839179884317
0.2671038193693518
0.28337910690086787
0.15440400110171654
0.17674226258437023
0.07535143849382586
0.009197323734595027
0.0
0.0
0.0
0.0
0.0
0.0
0.0
0.0
0.0
0.0
0.0
0.0
0.0
0.0
0.0
0.037495748250938085
0.25221457712026873
0.2737609554642422
0.29879035457608694
0.3238197536879317
0.25303474345018395
0.15917091526840838
0.06530708708663281
0.032653543543316406
0.0
0.0
0.0
0.0
0.0
0.0
0.0
0.0
0.0
0.0
0.0
0.0
0.0
0.0
0.0
0.017412417705088543
0.1256654194730021
0.21457019610648576
0.22452680046091494
0.2349266169696106
0.14477816016991268
0.05443837598007559
0.05156571954819532
0.0037655982641749855
0.0
0.0
0.0
0.0
0.0
0.0
0.0
0.0
0.0
0.0
0.0
0.0
0.0
0.0
0.0
0.018272876049027977
0.08992640303351995
0.13429775963316865
0.1631414694059728
0.15384699714867495
0.054072387128788056
0.10009073510469624
0.054621644967409955
0.009125693487440861
0.0045628467437204305
0.0
0.0
0.0
0.0
0.0
0.0
0.0
0.0
0.0
0.0
0.0
0.0
0.0
0.0
0.006250634442290488
0.014220931965641448
0.04747294630142411
0.11513682215301975
0.10480442703144896
0.20033995213122108
0.1280381714099839
0.07788580617594923
0.027868195344373344
0.0
0.0
0.0
0.0
0.0
0.0
0.0
0.0
0.0
0.0
0.0
0.0
0.0
0.0
0.0
0.020254347760930113
0.09124887647160378
0.09553462028947332
0.1554139088051723
0.171114811292321
0.14941800942932384
0.1031806848913091
0.05782777700139964
0.006196812760417222
0.0
0.0
0.0
0.0
0.0
0.0
0.0
0.0
0.0
0.0
0.0
0.0
0.0
0.0
0.0
0.021320743065437773
0.09402454854882773
0.14011861259253414
0.07971803166060679
0.17466856692925709
0.04359148375040757
0.10610140821902027
0.06041205507173493
0.012922096586611706
0.0
0.0
0.0
0.0
0.0
0.0
0.0
0.0
0.0
0.0
0.0
0.0
0.0
0.0
0.0
0.028738950536341182
0.13172802451651291
0.22499060631123818
0.3453634458976368
0.40726003784164183
0.5075128363805244
0.4762748855965922
0.2855414449868343
0.0420845609592519
0.0
0.0
0.0
0.0
0.0
0.0
0.0
0.0
0.0
0.0
0.0
0.0
0.0
0.0
0.01122311666192381
0.02244623332384762
0.03300363637628239
0.022973723754526675
0.019144207751044938
0.062462470896522945
0.05407635971094887
0.024548205675291253
0.023117766890917935
0.003316592321381738
0.0
0.0
0.0
0.0
0.0
0.0
0.0
0.0
0.0
0.0
0.0
0.0
0.0
0.0
0.0
0.03564231560582402
0.13158745015647283
0.13372650841211417
0.16881368960249338
0.06279734230196868
0.039985347378613346
0.039654057135502074
0.023598584924940283
0.011799292462470141
0.0
0.0
0.0
0.0
0.0
0.0
0.0
0.0
0.0
0.0
0.0
0.0
0.0
0.0
0.0
0.03145552765966296
0.09605884756800608
0.18665767954668577
0.0759418813743614
0.10591211830410467
0.20722093274846823
0.0570489455374576
0.0357962150460614
0.01472198960960906
0.0
0.0
0.0
0.0
0.0
0.0
0.0
0.0
0.0
0.0
0.0
0.0
0.0
0.0
0.0
0.010826911857352324
0.036850180648461156
0.0544971874129796
0.06578521898638687
0.11569717520341036
0.16560913142043385
0.11894739766803067
0.07390092598895398
0.02478496089343117
0.0
0.0
0.0
0.0
0.0
0.0
0.0
0.0
0.0
0.0
0.0
0.0
0.0
0.0
0.0
0.008489150113773526
0.03742322262569449
0.05128725696238349
0.06515129129907249
0.06700024705373941
0.059203294651008355
0.04410274317282055
0.02900219169463274
0.009361177924960185
0.0
0.0
0.0
0.0
0.0
0.0
0.0
0.0
0.0
0.0
0.0
0.0
0.0
0.0
0.0
0.011591564745723055
0.038048196532114595
0.054535688670824964
0.04580306810694483
0.04456399521884779
0.05932327531499158
0.04614599597289316
0.02877655641609712
0.006097272132489754
0.0
0.0
0.0
0.0
0.0
0.0
0.0
0.0
0.0
0.0
0.0
0.0
0.0
0.0
0.0
0.012040149168526025
0.03902774016194783
0.05419275886257438
0.06564554000443625
0.04077059720426247
0.05707811475575317
0.045937372878056645
0.02889116481154379
0.006037091088948256
0.0
0.0
0.0
0.0
0.0
0.0
0.0
0.0
0.0
0.0
0.0
0.0
0.0
0.0
0.0
0.015439899774080671
0.039887303127797834
0.05318545851196892
0.06648361389613999
0.06915363135881156
0.06054636178514899
0.046729782487199625
0.07748154296857289
0.011516928121861864
0.0
0.0
0.0
0.0
0.0
0.0
0.0
0.0
0.0
0.0
0.0
0.0
0.0
0.0
0.0
0.0801596188340493
0.17280259899089104
0.23526730833263754
0.2977320176743841
0.25390236481883877
0.16931510133257255
0.1758056971028295
0.11159992506619201
0.04830922943694901
0.024154614718474503
0.0
0.0
0.0
0.0
0.0
0.0
0.0
0.0
0.0
0.0
0.0
0.0
0.0
0.0
0.019722493175810426
0.019820693996551803
0.05691291749825388
0.04557293057192831
0.06472598670659462
0.0625699162672542
0.04793585677365791
0.04024545436356867
0.03255505195347942
0.0
0.0
0.0
0.0
0.0
0.0
0.0
0.0
0.0
0.0
0.0
0.0
0.0
0.0
0.0
0.009619367971557278
0.040955489188484344
0.05787992583483513
0.06806574698015766
0.06992723802807657
0.06239173602745822
0.08625942416581005
0.13985358067806372
0.0571618326071146
0.0
0.0
0.0
0.0
0.0
0.0
0.0
0.0
0.0
0.0
0.0
0.0
0.0
0.0
0.0
0.06695905966162578
0.04122768412767018
0.05714571580150492
0.1240452328201838
0.05442357613217332
0.16973861516887156
0.12641395555576315
0.04383580364564994
0.0463555144458191
0.0
0.0
0.0
0.0
0.0
0.0
0.0
0.0
0.0
0.0
0.0
0.0
0.0
0.0
0.0
0.06952073637547668
0.153007580189837
0.20792917681720505
0.09713521992239164
0.06306720213096985
0.17293869646048396
0.1829920016485713
0.14531717777974779
0.07265858888987389
0.0
0.0
0.0
0.0
0.0
0.0
0.0
0.0
0.0
0.0
0.0
0.0
0.0
0.0
0.0
0.24088177664239016
0.10540583553247194
0.39639910161689124
0.4589546918347146
0.521510282052538
0.5301023301986804
0.3798158040226122
0.2557584835982211
0.07409253690009138
0.0
0.0
0.0
0.0
0.0
0.0
0.0
0.0
0.0
0.0
0.0
0.0
0.0
0.0
0.0
0.13020946327684457
0.19736371536196545
0.3062595985980877
0.331545971221598
0.16512409575857528
0.23018379922991528
0.18243418109885823
0.08733876035507568
0.04366938017753784
0.0
0.0
0.0
0.0
0.0
0.0
0.0
0.0
0.0
0.0
0.0
0.0
0.0
0.0
0.0
0.04121589668653689
0.18454727338990612
0.15757042693355747
0.19227259554548304
0.07350695962960606
0.06593385174923178
0.022045942663430514
0.03494929296460745
0.008527039869132332
0.0
0.0
0.0
0.0
0.0
0.0
0.0
0.0
0.0
0.0
0.0
0.0
0.0
0.0
0.0
0.07246473953351293
0.12038895639200828
0.15967277468753227
0.061233797570480065
0.20114758316788434
0.09082114838165377
0.13591033557222684
0.034953769855054585
0.016812514385172398
0.0
0.0
0.0
0.0
0.0
0.0
0.0
0.0
0.0
0.0
0.0
0.0
0.0
0.0
0.013695703255876707
0.10963949473939141
0.20558328622290611
0.1862173934959767
0.37211913396589696
0.40987185572850066
0.22013204744604198
0.2679024966251207
0.18484543429368536
0.05453156891808391
0.004240510631526679
0.0
0.0
0.0
0.0
0.0
0.0
0.0
0.0
0.0
0.0
0.0
0.0
0.0
0.027497061126305813
0.1204256668936748
0.19056510952894556
0.25259421743018584
0.3146233253314261
0.37326342716418476
0.3382648884046588
0.30326634964513294
0.10832292876220002
0.10048291070786532
0.0069857398537101255
0.0034928699268550628
0.0
0.0
0.0
0.0
0.0
0.0
0.0
0.0
0.0
0.0
0.0
0.0
0.024813612992292837
0.10304011053126906
0.16789592706083062
0.16452751468840593
0.2000229882875639
0.20485444845811246
0.17767435117546382
0.19753294182086717
0.1914640691307304
0.10595367083426481
0.00914091491496112
0.0
0.0
0.0
0.0
0.0
0.0
0.0
0.0
0.0
0.0
0.0
0.0
0.0
0.0067775959527130135
0.07221560651896884
0.1955801222078267
0.2667850647695157
0.26263767345928946
0.273775281513673
0.2083571675439512
0.14293905357422942
0.09958842799652765
0.05198654725022605
0.00983930982471425
0.0
0.0
0.0
0.0
0.0
0.0
0.0
0.0
0.0
0.0
0.0
0.0
0.0
0.04012681676671958
0.08025363353343916
0.04867185756316698
0.06520232785016983
0.07162218875136205
0.07804204965255425
0.0704573018570174
0.05693082506004241
0.013395607310731143
0.02093662586507355
0.0009535776652398467
0.0
0.0
0.0
0.0
0.0
0.0
0.0
0.0
0.0
0.0
0.0
0.0
0.0
0.018913071382968338
0.0826057917743641
0.17272022420666375
0.22811099895289155
0.25330828145650386
0.2785055639601163
0.2529004367367699
0.17812248790922208
0.12987593493853297
0.057677570386624605
0.012010601691574932
0.0
0.0
0.0
0.0
0.0
0.0
0.0
0.0
0.0
0.0
0.0
0.0
0.0
0.021751498371084848
0.14208620594405014
0.24384547811839374
0.34676739874185847
0.4008177924882139
0.3105001601310428
0.42063519574150365
0.31734079783283725
0.21208776035354915
0.10683472287426105
0.02056952084840845
0.0
0.0
0.0
0.0
0.0
0.0
0.0
0.0
0.0
0.0
0.0
0.0
0.0
0.05765697669056779
0.17030046491998704
0.251434255115333
0.34697064956815843
0.4131005891189747
0.4404123069807691
0.4122652013615392
0.2812687007440883
0.1442498870971507
0.022776627838846215
0.0035904661386026147
0.0
0.0
0.0
0.0
0.0
0.0
0.0
0.0
0.0
0.0
0.0
0.0
0.0
0.01638094214606854
0.03276188429213708
0.05165973424758515
0.04054026569773197
0.13921875761265992
0.21158858706869357
0.10842418584161823
0.15003582031102852
0.057804830648197615
0.060551734053685545
0.013746739806974053
0.0
0.0
0.0
0.0
0.0
0.0
0.0
0.0
0.0
0.0
0.0
0.0
0.0
0.0038073238530342626
0.0872268380938973
0.177402156236278
0.27741409806910466
0.2713917850396181
0.09930571222873236
0.24720314595374535
0.16886785997690373
0.15689128265272703
0.10239812444114985
0.013425546166156219
0.0
0.0
0.0
0.0
0.0
0.0
0.0
0.0
0.0
0.0
0.0
0.0
0.0
0.020244498601946416
0.08903997872498715
0.13469530750487424
0.17145013038681142
0.2082049532687486
0.12149425076699558
0.1865188959428246
0.15322963395601494
0.10907585423209705
0.0625041059776813
0.01593235772326557
0.0
0.0
0.0
0.0
0.0
0.0
0.0
0.0
0.0
0.0
0.0
0.0
0.0
0.0031784447479481287
0.03530028117566286
0.13833681019457422
0.176972374753353
0.21135847489971082
0.21856089625106226
0.19917416985878703
0.15692933622152766
0.1116397693911715
0.06635020256081535
0.012174634569722984
0.008866929219596434
0.0
0.0
0.0
0.0
0.0
0.0
0.0
0.0
0.0
0.0
0.0
0.0
0.03051627604385395
0.12069248956432406
0.18441654818884978
0.2389898427394307
0.2752580276297642
0.28680124195865825
0.26431471662078637
0.1178006276110262
0.15800647606310844
0.09319811457228654
0.02638142002687966
0.0
0.0
0.0
0.0
0.0
0.0
0.0
0.0
0.0
0.0
0.0
0.0
0.02373871159593562
0.04747742319187124
0.15821599453603438
0.2591980785287553
0.34746086907211976
0.4294206455549622
0.1666837650978798
0.384554592560905
0.3404934844692428
0.22112078220873432
0.1275367596799047
0.032560424222015986
0.016280212111007993
0.0
0.0
0.0
0.0
0.0
0.0
0.0
0.0
0.0
0.0
0.0
0.0
0.012436801662142227
0.03761125202447418
0.056447320891751786
0.033660917433074256
0.08228166490599151
0.08482274792378557
0.07559229519988174
0.06077692164317647
0.04596154808647118
0.026995649396226645
0.022369230808156892
0.0
0.0
0.0
0.0
0.0
0.0
0.0
0.0
0.0
0.0
0.0
0.0
0.0
0.0667611811038624
0.040489106263296
0.26730438406138346
0.3600082499283062
0.29552680282048194
0.38857618324956683
0.3230631592023658
0.2849598969177515
0.23083473910092878
0.16330711435251682
0.08165355717625841
0.0
0.0
0.0
0.0
0.0
0.0
0.0
0.0
0.0
0.0
0.0
0.0
0.0
0.06761537180117583
0.09258879215707772
0.2548416164346478
0.3594638600499345
0.40199521467581056
0.4262438440936749
0.3583518004628661
0.29929892933088154
0.22292675981510876
0.08736485529727933
0.03841261541451142
0.0
0.0
0.0
0.0
0.0
0.0
0.0
0.0
0.0
0.0
0.0
0.0
0.0
0.017242295868097397
0.03729428818081698
0.05559268250539364
0.07241370298241559
0.10412840125487423
0.2238301963073407
0.27178306526469775
0.27669063257284754
0.22350383099374452
0.17031702941464147
0.058032140110037725
0.0
0.0
0.0
0.0
0.0
0.0
0.0
0.0
0.0
0.0
0.0
0.0
0.0
0.012089895961097953
0.12885027933709425
0.2231864194610426
0.3174061604333655
0.3418428192500095
0.29470653511020994
0.20600590468111568
0.12721442356771098
0.04842294245430625
0.0293907857854441
0.009664711097275966
0.0
0.0
0.0
0.0
0.0
0.0
0.0
0.0
0.0
0.0
0.0
0.0
0.0
0.0853196827634176
0.15989035156326306
0.2249413605163197
0.24765620726699544
0.19175366171106087
0.2256093125710323
0.2071770592220863
0.1660407036595377
0.04940248608413947
0.02987160381946645
0.010475923646296906
0.005237961823148453
0.0
0.0
0.0
0.0
0.0
0.0
0.0
0.0
0.0
0.0
0.0
0.0
0.05035337761511104
0.10286372104765193
0.14514750363180134
0.1874312862159508
0.2961118310215658
0.39785095718889724
0.2130686932467335
0.459785602701703
0.3473082071078724
0.20310129815901423
0.058894389210156016
0.0
0.0
0.0
0.0
0.0
0.0
0.0
0.0
0.0
0.0
0.0
0.0
0.0
0.08408316562191881
0.08129357714346581
0.28328777833574637
0.23294348387771147
0.41843435639769183
0.4443582382208743
0.42091723983967316
0.3144397728230935
0.20795782891606673
0.06547469245289121
0.04227885800465758
0.0
0.0
0.0
0.0
0.0
0.0
0.0
0.0
0.0
0.0
0.0
0.0
0.010755281610198158
0.01564706897152585
0.041700443758887686
0.06067440085193705
0.0733462392625539
0.08601807767317074
0.08887164764417485
0.05363372553480573
0.10470282764333516
0.1279029693184804
0.08151880277379962
0.04075940138689981
0.0
0.0
0.0
0.0
0.0
0.0
0.0
0.0
0.0
0.0
0.0
0.0
0.011027476549383993
0.022054953098767986
0.04299157896384154
0.05938057951271492
0.07576958006158831
0.08638249655556755
0.08391080533970408
0.07864016221629154
0.06759835961747672
0.07569839750347884
0.083798435389481
0.03568350299793766
0.0
0.0
0.0
0.0
0.0
0.0
0.0
0.0
0.0
0.0
0.0
0.0
0.005840097537065672
0.058317765720564976
0.11062664908298477
0.0632441359685928
0.07867150044942149
0.05756230903829912
0.08655485683778227
0.08371337447098542
0.06829675452722986
0.05288013458347428
0.03368949599278354
0.014095937261850617
0.0
0.0
0.0
0.0
0.0
0.0
0.0
0.0
0.0
0.0
0.0
0.0
0.016031744691191976
0.08666633140991595
0.10818842467842207
0.23830308774484016
0.3087505404428738
0.35838045256172774
0.37441130187483035
0.3506622934308663
0.3269132849869023
0.2501274507938142
0.18507912797502582
0.06958162208555771
0.0
0.0
0.0
0.0
0.0
0.0
0.0
0.0
0.0
0.0
0.0
0.0
0.017910247922810003
0.07550007125667076
0.15749163366168786
0.23948319606670498
0.3073797165879609
0.3891107239689548
0.14710106528916309
0.4356372556298545
0.37238774739272507
0.20175275408832277
0.18812789036952507
0.09406394518476253
0.03862884922310806
0.0
0.0
0.0
0.0
0.0
0.0
0.0
0.0
0.0
0.0
0.0
0.026026850303466537
0.10263987652529516
0.21706292870745075
0.1287114234964901
0.4434924076083983
0.520277346423397
0.5576817661092134
0.5334044845924875
0.30269300312185893
0.3078676976466987
0.20215130200613207
0.07912098025031389
0.0
0.0
0.0
0.0
0.0
0.0
0.0
0.0
0.0
0.0
0.0
0.017594627146286956
0.03518925429257391
0.1035406268832588
0.2524088741656744
0.4138741957882397
0.5087815871332426
0.5799757851578584
0.6195944748588281
0.6065770205056924
0.5645412576523143
0.23209659919311046
0.3634178496928446
0.09380876242927581
0.0
0.0
0.0
0.0
0.0
0.0
0.0
0.0
0.0
0.0
0.0
0.0
0.012323088644784985
0.0812466078346138
0.1491986417974142
0.21036191908617846
0.26359662339306583
0.30170391487908266
0.3767294357483571
0.35523319857739155
0.33267593837045495
0.2887388401441784
0.21153575976141736
0.046168911735603786
0.0003908398676309454
0.0
0.0
0.0
0.0
0.0
0.0
0.0
0.0
0.0
0.0
0.0
0.03954347794145783
0.10862637443120465
0.2577211523702453
0.4154276767733957
0.49746579883906306
0.5639440404666665
0.6179290716124938
0.6169047590781892
0.5630858205679505
0.509266882057712
0.36497222605609
0.12231312390618707
0.006201388647371998
0.0
0.0
0.0
0.0
0.0
0.0
0.0
0.0
0.0
0.0
0.0
0.03339223046709374
0.057953138503097516
0.22599701128375424
0.13542194992086654
0.4979403492264594
0.561727084317245
0.5505930577752192
0.5326478901069215
0.4694753843854829
0.3765566277770976
0.13432934176587508
0.08276695983046099
0.0040551673670152725
0.0
0.0
0.0
0.0
0.0
0.0
0.0
0.0
0.0
0.0
0.0
0.01036799572267514
0.0690058939740561
0.11994932575009959
0.1643484390705205
0.20359554686437797
0.08907585248188363
0.264948196619056
0.29355686964338557
0.2927855014193442
0.2618385485144758
0.21801471561651178
0.1120919353263322
0.0061691550361526225
0.0
0.0
0.0
0.0
0.0
0.0
0.0
0.0
0.0
0.0
0.0
0.02772269640484144
0.10930148951063266
0.2044721220139271
0.2735747168216413
0.34613257567645467
0.33361966687671113
0.32110675807696765
0.2299706992446316
0.2541468030372524
0.1772551483060499
0.18015096697081914
0.029649406496751022
0.0077101007280566385
0.0
0.0
0.0
0.0
0.0
0.0
0.0
0.0
0.0
0.0
0.0
0.015342303562333121
0.10223516562887411
0.1578318773356702
0.21813559165858443
0.2036027098890934
0.17632557799920426
0.1355167323945679
0.22757377209923532
0.0546359490082909
0.1965820502898956
0.13550920618816348
0.035342253820963315
0.02600177971696258
0.0
0.0
0.0
0.0
0.0
0.0
0.0
0.0
0.0
0.0
0.0
0.05155005043163034
0.10310010086326069
0.15820077310851413
0.2177120778222854
0.06938276266615254
0.23691346095004925
0.31453378752248334
0.29527510019699615
0.25156005573689755
0.14519092946913856
0.10052678423424723
0.054127396262046205
0.027063698131023103
0.0
0.0
0.0
0.0
0.0
0.0
0.0
0.0
0.0
0.0
0.0
0.015824912352534318
0.07470766164752778
0.17326327101790126
0.27181888038827473
0.37442562792426115
0.39294741908214986
0.30889648707145045
0.1365792880193441
0.18482484059762852
0.19648624483432692
0.13625057924620912
0.02163753011664982
0.014333212455548793
0.0
0.0
0.0
0.0
0.0
0.0
0.0
0.0
0.0
0.0
0.0
0.017249458892812815
0.07630949304951283
0.12680344502466392
0.06953148091254979
0.0844932487868764
0.03306106152726331
0.24866082148333266
0.23298633264982208
0.14394511383371109
0.06049532523405164
0.04144794713766924
0.021911692604459652
0.0015193155444025099
0.0
0.0
0.0
0.0
0.0
0.0
0.0
0.0
0.0
0.0
0.0
0.017938004643582244
0.04740290910316079
0.10376034731093373
0.3550008479631852
0.4472700077676912
0.15769626966285832
0.6026754104810139
0.6222161419046707
0.591235164632404
0.5226841227277769
0.3877273648207899
0.22107243179190525
0.03254878430685343
0.0
0.0
0.0
0.0
0.0
0.0
0.0
0.0
0.0
0.0
0.0
0.06607173997500353
0.13214347995000705
0.27963821724324156
0.4266431827215594
0.5150823627485409
0.5810538203775286
0.5709763399810268
0.5502501279669686
0.1973281781513633
0.3828318851168473
0.2805138970147012
0.1568326353878695
0.03512747320440344
0.0
0.0
0.0
0.0
0.0
0.0
0.0
0.0
0.0
0.0
0.0
0.030297803790033738
0.1254505287315396
0.2216096586455615
0.3131244624097251
0.38789300976733393
0.4626615571249428
0.4593773102929242
0.43721580720151443
0.34109338778915904
0.15060706520408043
0.13088905524671973
0.024290070563240528
0.013274875553845978
0.0
0.0
0.0
0.0
0.0
0.0
0.0
0.0
0.0
0.0
0.0
0.06365824833495283
0.12331639505539015
0.21353155752275035
0.27802474592609394
0.31813947508860624
0.09210473103276152
0.380781916981104
0.3599303520345261
0.25613364701769115
0.20299922505681953
0.10573698933662345
0.060914362179903515
0.01937956336755985
0.0
0.0
0.0
0.0
0.0
0.0
0.0
0.0
0.0
0.0
0.018657440938436905
0.03731488187687381
0.13018886958078774
0.2177550559705779
0.3038725206116751
0.22495500548141684
0.41191331777239437
0.3890543151493209
0.3699567958799306
0.3222071777488735
0.20927134857325624
0.05350889756413014
0.036744634119188935
0.021265229623893295
0.0
0.0
0.0
0.0
0.0
0.0
0.0
0.0
0.0
0.0
0.0
0.034239258139691774
0.08447444584699844
0.07396981729075287
0.17526757487108383
0.2120514975409274
0.3118342225828607
0.3858605015043345
0.3666658337122413
0.34747116592014815
0.25392385389298505
0.178341407852087
0.06850038207270459
0.014926072021390386
0.0
0.0
0.0
0.0
0.0
0.0
0.0
0.0
0.0
0.0
0.006891725154320281
0.013783450308640562
0.036582462599722455
0.055780264215128605
0.17928692711452202
0.1503647846574145
0.25070407428340524
0.2457974023533448
0.12144327917405945
0.20687173529359168
0.10287843983316218
0.0688579991989501
0.06717663653735656
0.010422278657879912
0.00972067222786516
0.0
0.0
0.0
0.0
0.0
0.0
0.0
0.0
0.0
0.0
0.03330716954859817
0.10401159575829745
0.17471602196799674
0.2934771809934266
0.3973114918900174
0.4582231679356527
0.5189029410561263
0.498325361804913
0.4027956826877584
0.2879661288530028
0.18355967135726808
0.035403227724118844
0.03418822158859443
0.0
0.0
0.0
0.0
0.0
0.0
0.0
0.0
0.0
0.0
0.0
0.05465029706627163
0.11896217140650622
0.19757412921298081
0.2892214489343797
0.3941561795028764
0.45427096904892156
0.44022159144772116
0.42307868254755016
0.40787874410143593
0.3536242041506911
0.3123302620444033
0.14055913861253228
0.03554471939407646
0.0
0.0
0.0
0.0
0.0
0.0
0.0
0.0
0.0
0.0
0.01796665674244391
0.03593331348488782
0.09045467610628194
0.13647934834805775
0.09714371055985191
0.14714770905594562
0.24082671088989036
0.2622920575167706
0.24592275528586463
0.27700132876987876
0.22060882429502887
0.0631102082642477
0.14235661012705714
0.07774523181590916
0.022204033550657594
0.0
0.0
0.0
0.0
0.0
0.0
0.0
0.0
0.0
0.024194906732498717
0.04838981346499743
0.14400903039109483
0.2415264488667776
0.33845023166917027
0.42276798635051893
0.49466774230960336
0.49882543046785804
0.5029831186261128
0.2642926038086203
0.42960061655093706
0.22597926325935971
0.1560115736798649
0.07800578683993245
0.0
0.0
0.0
0.0
0.0
0.0
0.0
0.0
0.0
0.0
0.0
0.04993613142543802
0.128730298673111
0.20465030225372308
0.2980856920197078
0.36969176396546016
0.4294497453428686
0.489207726720277
0.46868028864207156
0.4135599180788508
0.30009850196473986
0.22011706337048656
0.11771446203888958
0.033642040954043904
0.0
0.0
0.0
0.0
0.0
0.0
0.0
0.0
0.0
0.0
0.0
0.052382304365752815
0.15536242456503027
0.2693565906423503
0.4494762193800395
0.5358452852642657
0.6035215427755225
0.5967354722357546
0.5794000570463569
0.4378031752281786
0.3615080082280966
0.2435786554477445
0.15016520244495077
0.056751749442157
0.0
0.0
0.0
0.0
0.0
0.0
0.0
0.0
0.0
0.0
0.006051860506437675
0.053669858058348965
0.06838745974539433
0.23567425767428218
0.3173596007727153
0.37154743505579774
0.4228906531487704
0.4471231657610251
0.39261433843288296
0.22789839006159612
0.14370353355886148
0.16380136305788054
0.09960454480213733
0.035407726546394125
0.017703863273197062
0.0
0.0
0.0
0.0
0.0
0.0
0.0
0.0
0.0043640728078676175
0.008728145615735235
0.057892461128087096
0.15956622469489046
0.30876934338275175
0.4094505803374252
0.24926912533447407
0.5173521462052386
0.4894503741825117
0.4279960990146837
0.3709193273260647
0.34027680297160146
0.25238514664630457
0.16449349032100768
0.061645886078965456
0.0
0.0
0.0
0.0
0.0
0.0
0.0
0.0
0.0
0.0
0.008050341444662788
0.09076134310191072
0.1678457858878227
0.30517842955510444
0.44251107322238614
0.5265261901095085
0.20370895491388402
0.6100676519873239
0.6285840708766761
0.5953279378791753
0.5155770591429494
0.26783232528367773
0.28008680166604455
0.07883714539596551
0.0
0.0
0.0
0.0
0.0
0.0
0.0
0.0
0.0
0.0
0.014875811577741609
0.0639944628075327
0.16794606823383854
0.29839504514960485
0.42884402206537114
0.49662593419118045
0.5753072837995855
0.6014545624560801
0.6276018411125746
0.5947334068277956
0.5375268053162098
0.4343792494142094
0.2574901448231731
0.08060104023213686
0.0
0.0
0.0
0.0
0.0
0.0
0.0
0.0
0.0
0.0
0.010003149350802916
0.06517367575130817
0.1520544502136419
0.21924138359902687
0.27515774528374837
0.2198574037245527
0.06802872688875757
0.2613742949751079
0.24698198756565684
0.27977789622519217
0.22700968390289628
0.20509620054225777
0.07523737600340366
0.04052570770555935
0.0
0.0
0.0
0.0
0.0
0.0
0.0
0.0
0.0
0.005575967051907179
0.011151934103814359
0.06219564822587368
0.12228536718541486
0.2256657213906662
0.38313676135629726
0.5406078013219283
0.6090630377709868
0.6428170009862091
0.5833732973181895
0.18450150346040844
0.25883058075438325
0.25107386543433863
0.17076650921553385
0.06933360235478642
0.03466680117739321
0.0
0.0
0.0
0.0
0.0
0.0
0.0
0.0
0.0
0.03408301466308675
0.02918579218172741
0.17435607997604705
0.323281631456186
0.19672700181477984
0.22315325814016315
0.6035492994962948
0.6372996811991594
0.6332328739169816
0.5000046434116335
0.36677641290628554
0.252745536327299
0.15359539590554594
0.05444525548379282
0.0
0.0
0.0
0.0
0.0
0.0
0.0
0.0
0.0
0.0
0.010613811872068678
0.0647053930105378
0.12396957337162723
0.21094033333194834
0.0801176292738172
0.36729304606388496
0.457722651583663
0.48561188831313784
0.5062082705042291
0.5232455247898478
0.4368889941988735
0.183097974763903
0.29221469788733434
0.0902317269620146
0.0
0.0
0.0
0.0
0.0
0.0
0.0
0.0
0.0
0.0
0.0151300989551389
0.0679717322807678
0.13995117688981126
0.24427346884513987
0.3485957608004685
0.47614281732840175
0.32146815678169816
0.18409726872216636
0.6451530424215243
0.6096324982358624
0.5501220889001806
0.4487070896012217
0.21478329609176938
0.0660242849362639
0.0
0.0
0.0
0.0
0.0
0.0
0.0
0.0
0.0
0.0
0.010606978003081143
0.07182902109001969
0.1804464417403301
0.24147344232987034
0.4566929667808218
0.536860644017676
0.6020540180869516
0.25390562117123966
0.28640806321473156
0.5891914641432866
0.38794979661866547
0.4436302958341701
0.2947351872090716
0.09461012581931307
0.0
0.0
0.0
0.0
0.0
0.0
0.0
0.0
0.0
0.012813755837791029
0.025627511675582058
0.07396897472375043
0.05042771957166805
0.2253111516672531
0.2801521642665727
0.22601850035790047
0.25735315197549075
0.346810376890151
0.3298241591556297
0.2799614487335247
0.16883876018899735
0.1261050501149108
0.08258877959066499
0.03695583526301355
0.0
0.0
0.0
0.0
0.0
0.0
0.0
0.0
0.0
0.0
0.001550794850887713
0.01738286119811433
0.10200818728320436
0.07339362873940244
0.13541329156096474
0.2320560348149073
0.26420637587196566
0.35688517115238455
0.3737688680956664
0.39065256503894824
0.37664706096412975
0.44848324507886483
0.22005975917276321
0.06676207648195183
0.0
0.0
0.0
0.0
0.0
0.0
0.0
0.0
0.0
0.0
0.027390063444619275
0.057019915179940414
0.10519259945825177
0.15144604080187618
0.09205390220738187
0.23138718738210529
0.261821088641732
0.26929928644462703
0.25359345937798644
0.22053430956015957
0.1747778030561672
0.13041181872505508
0.09059793660059028
0.04990479319230806
0.0
0.0
0.0
0.0
0.0
0.0
0.0
0.0
0.0
0.0
0.038704060982619935
0.07740812196523987
0.16554287344181623
0.24835728831101683
0.28392976442586554
0.2965187803632104
0.1503909533122759
0.35386774699101525
0.33763543760779163
0.28951334219153285
0.28824638219499354
0.21673163881436278
0.11631140457275732
0.0513535149410011
0.0
0.0
0.0
0.0
0.0
0.0
0.0
0.0
0.0
0.0
0.028417062113192147
0.05683412422638429
0.10729315645604771
0.15398533306349144
0.08200230694209025
0.0965056412346302
0.10710870856962575
0.1092961172420961
0.09899703076846106
0.08773138364728947
0.07248175171721204
0.024853087764022723
0.03486602280229073
0.015537495985828225
0.0
0.0
0.0
0.0
0.0
0.0
0.0
0.0
0.0
0.001150113155869092
0.0015653136889584138
0.013440576437439846
0.04524614099301894
0.023767134342990725
0.08208826323867527
0.09758815334474755
0.1039368316878303
0.11028551003091305
0.10004596620022489
0.05313164865744204
0.07285781051477142
0.055379134831065276
0.03655470587895022
0.01574522370257531
0.0
0.0
0.0
0.0
0.0
0.0
0.0
0.0
0.0
0.0
0.0028312931550613795
0.05963128537775451
0.11023178734554742
0.15742448030498082
0.19795018801054018
0.23847589571609953
0.3464370042268598
0.29618900617016214
0.45237903514596206
0.40005045346557494
0.10983536387335656
0.1561645039888694
0.15995750491997007
0.037763219872843125
0.03217988853400947
0.0
0.0
0.0
0.0
0.0
0.0
0.0
0.0
0.0
0.006062969012430197
0.08110603347457374
0.08015605831574385
0.22514729747688797
0.25537884328830407
0.3055424007484566
0.2322269144331657
0.27503149697313917
0.26140115631779065
0.22735529984541514
0.18622968881993965
0.1385902021938821
0.06309725212917655
0.045475357783912276
0.0
0.0
0.0
0.0
0.0
0.0
0.0
0.0
0.0
0.0
0.00970948000174732
0.059830954691696754
0.10956114915656653
0.15556657076941965
0.12345029038454683
0.23389335065441175
0.2664054244595986
0.3588173970693682
0.342898470017444
0.2052252180185537
0.21429934423443406
0.13588257885145458
0.09020038872888465
0.04510019436444233
0.0
0.0
0.0
0.0
0.0
0.0
0.0
0.0
0.0
0.0
0.00870883297708109
0.05958562109519372
0.1096560592340458
0.1552943758302338
0.19781229978476841
0.23490870940782202
0.1009232777694398
0.42034061635008213
0.44555446334834886
0.43464338595059043
0.360875871296961
0.29490262291179453
0.1862408810460575
0.07757913918032044
0.0007521175951187522
0.0
0.0
0.0
0.0
0.0
0.0
0.0
0.0
0.0
0.016893098413220835
0.049233049763465445
0.17136506946831587
0.25938118334804317
0.362963893001505
0.3688478663404366
0.5035369099744235
0.5030207245058687
0.4400828078438599
0.3907931393989883
0.2919416075700591
0.21785847213990672
0.04908346048201094
0.057208392267764814
0.028604196133882407
0.00034651132060828236
0.0
0.0
0.0
0.0
0.0
0.0
0.0
0.0
0.010648731617556336
0.06110507771295149
0.10918329960282831
0.15486996661584537
0.19662278999296454
0.22927454278010212
0.2631498297264418
0.2729774996359935
0.2578429237904074
0.22567109365920276
0.18371457176673894
0.13601688556486863
0.0915309205697733
0.044812777997736225
6.894411288588563e-05
3.447205644294281e-05
0.0
0.0
0.0
0.0
0.0
0.0
0.0
0.0
0.011155515616172064
0.018763015931537997
0.07866020642299835
0.1599888431531
0.12646183191409446
0.2475621925676056
0.41346321724519264
0.5248043780435402
0.619812051734559
0.5572224371493373
0.4661786022602123
0.35891857479347344
0.23740591889923415
0.09746369579031718
0.005438526515180121
0.0
0.0
0.0
0.0
0.0
0.0
0.0
0.0
0.010370269031744511
0.020740538063489022
0.06281934121085626
0.18816101935883386
0.2991341797624269
0.36076305365769323
0.44212964215629025
0.5105929370081536
0.5102580656027078
0.4883338377049962
0.28578709538776165
0.10791014878151253
0.2755230595442346
0.16398849707857083
0.08398646478826068
0.003984432497950533
0.0
0.0
0.0
0.0
0.0
0.0
0.0
0.0
0.0
0.015835656889607443
0.0315647717360481
0.1548708619939348
0.22788178216199823
0.1648516801578297
0.3003599523668526
0.3431196284055325
0.27886192443970825
0.26338531416396105
0.10144397629574688
0.24682619177809653
0.2273024725381389
0.14912790692834949
0.03471010575571375
0.0046550706869314205
0.0
0.0
0.0
0.0
0.0
0.0
0.0
0.0
0.0
0.03228151394715945
0.0645630278943189
0.041911949873041095
0.10098984328994723
0.20335737629259035
0.24425018901481485
0.3511287854154578
0.4230939039750704
0.4529690893068946
0.4027392738681244
0.3268582192344025
0.25097716460068054
0.16624305910774823
0.08150895361481593
0.006087675630014759
0.0
0.0
0.0
0.0
0.0
0.0
0.0
0.0
0.01256618379606444
0.02513236759212888
0.08836128213320142
0.16626454818189446
0.2318572608790545
0.27195050096742057
0.31204374105578664
0.13626441522816737
0.2812516885603892
0.2671808218850425
0.23519254426217037
0.18969927891646957
0.14524599522163834
0.09699227922623382
0.04977854488169885
0.0033988552274652186
0.0
0.0
0.0
0.0
0.0
0.0
0.0
0.0
0.0
0.01974129611568839
0.08185367417924537
0.15435601959251422
0.25592009934336274
0.39543075021317586
0.3493657288388791
0.40849925853276936
0.6277334616917204
0.63400110831771
0.15597138723924478
0.30062494851197225
0.35449272089743533
0.09362172689693425
0.12167337626129143
0.008454159920370548
0.004227079960185274
0.0
0.0
0.0
0.0
0.0
0.0
0.0
0.0
0.025274732708347788
0.08810162248726756
0.17330042920861252
0.24525032634070482
0.29804898151804127
0.3054277923530099
0.3477218717851877
0.35982380204188424
0.35719541966037105
0.3545670372788578
0.20150035072100678
0.2750279154607815
0.16549273226880834
0.07372364112724741
0.005092015194571839
0.0
0.0
0.0
0.0
0.0
0.0
0.0
0.0
0.0
0.01773206768301401
0.06438126614216519
0.13876211478705208
0.22492345295453117
0.135438229090401
0.41082095650329337
0.4374745714693588
0.4623911529419358
0.4023739596076382
0.29713121897637856
0.24657996280350405
0.18703642447851343
0.07827891270117077
0.07614026659061111
0.03807013329530556
0.0
0.0
0.0
0.0
0.0
0.0
0.0
0.0
0.0
0.0137520724813938
0.09196876045550315
0.1989548022268774
0.29530822918630495
0.4025279646390197
0.44075344603284083
0.5753699602658455
0.3086627247850913
0.6423129031218616
0.470186314588488
0.32436414356630333
0.1876336416641613
0.13192545538523157
0.07621726910630185
0.008498033446752474
0.0
0.0
0.0
0.0
0.0
0.0
0.0
0.0
0.0
0.01912079909971542
0.06744032538469284
0.11575985166967026
0.16140980818102083
0.2010016365393077
0.241822819014378
0.1883364888884431
0.3605777103931818
0.3298550496997149
0.299132389006248
0.2996293238458801
0.21333323127594223
0.12703713870600442
0.03639065099579267
6.715335670703145e-05
3.3576678353515726e-05
0.0
0.0
0.0
0.0
0.0
0.0
0.0
0.0
0.01942522765012063
0.03549476986961112
0.15533198170998974
0.23120273949568332
0.29703765196603343
0.3628725644363835
0.4081410898816381
0.3648038949752777
0.33178548486051973
0.2987670747457618
0.24742878123228093
0.20893692485685525
0.17044506848142954
0.0925288194504398
0.014612570419450046
0.0
0.0
0.0
0.0
0.0
0.0
0.0
0.0
0.0
0.02036895615637678
0.009783826215708455
0.04883750250971098
0.06825825326938448
0.0845953218890711
0.0996430460599827
0.271840369462421
0.3089954263503321
0.34615048323824316
0.2970058660438587
0.2454240296900537
0.18749396268221066
0.12748214161644963
0.07761674506007639
0.009807076213494872
0.0
0.0
0.0
0.0
0.0
0.0
0.0
0.0
0.0
0.027310822483704977
0.10397398987854152
0.18063715727337806
0.3025401980146075
0.4090472125081383
0.46201733258960004
0.5149874526710617
0.51564645094488
0.4059474135625417
0.43949991670764293
0.20831897944737424
0.46822543657264276
0.20189253773828766
0.09365207126362607
0.009782005626990916
0.004891002813495458
0.0
0.0
0.0
0.0
0.0
0.0
0.0
0.0
0.012270427760344978
0.09356880110130934
0.18049210602289084
0.2639968573990398
0.34671815294694
0.39743326331017953
0.4536759903084973
0.5165221307163397
0.49250092733318984
0.40284045159222975
0.11390121800384373
0.05495986991910676
0.12803817140998386
0.019220975753831752
0.02561363331519594
0.0
0.0
0.0
0.0
0.0
0.0
0.0
0.0
0.0
0.00833955152492388
0.029782066010523738
0.048995089053450146
0.033150921575111035
0.08474037313955828
0.1003235334079473
0.19390733568797622
0.27579704523959936
0.2863557913591683
0.2969145374787372
0.1891342953420411
0.14173566542203944
0.10423633565874364
0.06939493575391217
0.03336850294772393
0.0
0.0
0.0
0.0
0.0
0.0
0.0
0.0
0.0
0.04616748504703941
0.09233497009407882
0.19209172917141876
0.3248346647522972
0.45757760033317574
0.5415040747894448
0.5941966276631842
0.6468891805369235
0.6483092501867548
0.23048359050795342
0.5560656086577974
0.2673316241958398
0.324233418365247
0.1182740733447815
0.016487492138710362
0.0
0.0
0.0
0.0
0.0
0.0
0.0
0.0
0.0
0.03691554324898933
0.06162855456754584
0.20287387212429975
0.3525810886765085
0.45402384469623963
0.5365311448807668
0.5932282762594687
0.597658607045954
0.5635093344042497
0.5293600617625452
0.17783656350951918
0.3493926473000587
0.14690061345033706
0.15543226405600558
0.07771613202800279
0.0
0.0
0.0
0.0
0.0
0.0
0.0
0.0
0.0
0.03252281834226005
0.04842035997236485
0.049113278961254524
0.06830749906430296
0.0691106878052663
0.2408316354693822
0.39592365585140543
0.11421171702149308
0.5145433451387058
0.468418838239959
0.39082716376638654
0.22014033216919865
0.18869018780968527
0.09659965593402003
0.013146836487057905
0.0
0.0
0.0
0.0
0.0
0.0
0.0
0.0
0.016796397579562708
0.033592795159125416
0.08854393926344455
0.14161031248951966
0.24700795353025023
0.34501962071129677
0.5059047373319133
0.5237366396718984
0.5415685420118836
0.4935852301994861
0.3989679413554576
0.24814866521618034
0.1431879686830902
0.0988891377086851
0.05292938037839277
0.007141535641270439
0.0
0.0
0.0
0.0
0.0
0.0
0.0
0.0
0.0
0.03611417985895209
0.0946880237130932
0.09210672851040967
0.2752884704848047
0.3484005683769735
0.42885834811480195
0.4874939730571136
0.49488308074011067
0.4812303556325264
0.44886601921209496
0.39545985000108225
0.30010700805658946
0.2047541661120966
0.12075964292103111
0.060379821460515556
0.0
0.0
0.0
0.0
0.0
0.0
0.0
0.0
0.01111567129119256
0.034402664641012215
0.06880532928202443
0.11755687549515041
0.18970733731927442
0.06988091627227362
0.3650259487414556
0.44882080261857893
0.4677634214784983
0.4872755008032934
0.43660157783216746
0.3276600303134845
0.25202565234339963
0.17176843729760277
0.027964682355709536
0.013057298678115196
0.0
0.0
0.0
0.0
0.0
0.0
0.0
0.0
0.016455258527490985
0.03291051705498197
0.08747933471511572
0.14204815237524948
0.17273589332322872
0.10387519699693891
0.23642950909271393
0.2694353839142199
0.27741678420337296
0.2622338579409578
0.11767619922589773
0.19145421997174666
0.14450596523072684
0.09881929821770978
0.054685664500804
0.03475320516302292
0.0
0.0
0.0
0.0
0.0
0.0
0.0
0.0
0.0
0.022094349734702777
0.06845523644905843
0.11714589695210338
0.16387120254885587
0.20431184933591964
0.24561922211354886
0.2710604951465301
0.2773997720196738
0.26222490416006355
0.23141942099332463
0.18725579211042306
0.1430921632275215
0.12967223642318831
0.06882502759999183
0.013141464218521342
0.0
0.0
0.0
0.0
0.0
0.0
0.0
0.0
0.0
0.0382004108073172
0.0868633145895899
0.19998090551736084
0.34852502593140383
0.4491332895717889
0.537749754460477
0.5755893278977552
0.5108687134596971
0.4353243209875997
0.14014609921959192
0.10987196554312303
0.1731544825800359
0.09862321041612526
0.05234380310790745
0.007027822623913198
0.0
0.0
0.0
0.0
0.0
0.0
0.0
0.0
0.0
0.032610565395023904
0.0905522723180295
0.06897414187265204
0.24544641414228938
0.31885219604779014
0.3817641467452056
0.4405931733548334
0.4219957227483881
0.4033982721419428
0.3570042564382783
0.3036486760893183
0.2502930957403582
0.1689309841322083
0.0793860121647843
0.012829872643400717
0.0
0.0
0.0
0.0
0.0
0.0
0.0
0.0
0.0
0.03304750990266432
0.09229288732387575
0.19737804141139628
0.1022968803728627
0.3675325597028068
0.16143157609629882
0.35337033758827496
0.6066911812120944
0.6357533632387188
0.29204079820239115
0.14717721106532344
0.18826040632676028
0.15226441637561255
0.08324419635212563
0.039674203142514186
0.0
0.0
0.0
0.0
0.0
0.0
0.0
0.0
0.0
0.03370695586552737
0.06741391173105474
0.11457302801213463
0.16173214429321456
0.20201878604889686
0.2345514535501406
0.2670841210513843
0.2738272134428597
0.25986200138206544
0.12541772320851524
0.29316827555257424
0.17543065861696566
0.18731667782050412
0.10310457775370782
0.007491510451874298
0.0
0.0
0.0
0.0
0.0
0.0
0.0
0.0
0.0
0.021349395164299442
0.08048822259286904
0.14069523608212517
0.17107138545498377
0.2014475348278424
0.24208247866031185
0.17124377873676622
0.30436274011563635
0.341602857922043
0.2972574672869877
0.24668024514951994
0.19045050113349893
0.129853998175342
0.06846553329708684
0.007077068418831688
0.003538534209415844
0.0
0.0
0.0
0.0
0.0
0.0
0.0
0.00415724046920996
0.00831448093841992
0.029355561650624345
0.11570971049666232
0.20199640159666118
0.25823778552784477
0.35956235163977157
0.405115607317464
0.4241943236469763
0.40726809624444665
0.3679005600975612
0.32853302395067585
0.258360900015141
0.1881887760796061
0.10220024588338646
0.01637467449944255
0.0
0.0
0.0
0.0
0.0
0.0
0.0
0.0
0.0
0.013456780598468976
0.08024915664299202
0.14172223475069803
0.20355525485035375
0.26113612440332024
0.3119282372822505
0.3537934306095928
0.42761287719240887
0.4085851974139939
0.2771171962062172
0.32767704249718355
0.27642112376793004
0.20087359747251962
0.11876115902542984
0.023659470635021322
0.0
0.0
0.0
0.0
0.0
0.0
0.0
0.0
0.0
0.024998060878714815
0.0853653470459784
0.17177470494422878
0.25876337246633846
0.3422197734256583
0.42013020249906674
0.5106224844851046
0.5752553518703988
0.6398882192556931
0.6077602626508704
0.5575483547738889
0.4612943147823877
0.23616940175773532
0.11702681166620957
0.010788048253560572
0.0
0.0
0.0
0.0
0.0
0.0
0.0
0.0
0.0
0.014068686783681785
0.11293717224275138
0.19209172917141876
0.16042065689124652
0.34993256028798325
0.40614932132170756
0.29407845472566063
0.24171698976967296
0.4720675039543743
0.39098743644439393
0.32174068576428194
0.22587523986359215
0.1555983566915943
0.05241210366077268
0.014149659947216241
0.0
0.0
0.0
0.0
0.0
0.0
0.0
0.0
0.0
0.008679610859039767
0.08441893240545396
0.15443346979724967
0.2244480071890454
0.29357835871753185
0.07636384407180463
0.3434786750193928
0.3551302300971074
0.3244894964988231
0.29384876290053885
0.1836805473993407
0.14243674646606086
0.09721298992527759
0.022471946457512968
0.006234517636680801
0.0
0.0
0.0
0.0
0.0
0.0
0.0
0.0
0.0
0.029067554295160922
0.047835646276497695
0.1758818042404308
0.2580023010903254
0.31659673864052335
0.35521708177178185
0.40036652193114275
0.3709793176580563
0.34159211338496986
0.26282167365666664
0.219163038016202
0.14257284393565378
0.09666501853454822
0.05149677543530943
0.006392104180419968
0.0
0.0
0.0
0.0
0.0
0.0
0.0
0.0
0.009517869090609926
0.01903573818121985
0.0654324400191526
0.1143594803378063
0.1581237705928234
0.19867633964106557
0.23939007674540463
0.26495312119854786
0.26268423311993966
0.2604153450413314
0.22812353424614354
0.18330538397987076
0.1411948570560255
0.12644350303271423
0.026432915263508824
0.011525306767105451
0.0
0.0
0.0
0.0
0.0
0.0
0.0
0.0
0.0
0.02554424151326534
0.08605031128439011
0.11182216576426664
0.29133901811587465
0.3605486106052755
0.31515509062398567
0.4258740529427415
0.399067328323384
0.25005044827812345
0.22308166022457965
0.18011067495679492
0.13888120007294588
0.09517242325947327
0.050951490178848334
0.005669534062252309
0.0
0.0
0.0
0.0
0.0
0.0
0.0
0.0
0.0
0.01758253954207969
0.06588281519813442
0.11418309085418915
0.20015281811053082
0.2950816985296799
0.3804166027206178
0.4308192261306473
0.4090418402396017
0.39684186608211297
0.3846418919246242
0.35147977362651317
0.28900029054629117
0.1935977551178351
0.11393596650150728
0.015456911957779788
0.0
0.0
0.0
0.0
0.0
0.0
0.0
0.0
0.013380977857443088
0.03906803217597205
0.0781360643519441
0.18812878574761446
0.3334101484037852
0.396708902435833
0.49195116518628157
0.17300243273737356
0.5292284411833995
0.3476294893030869
0.1547441739405916
0.37769196719449116
0.2856291920395982
0.19356641688470516
0.09691661977767722
0.012766300799051392
0.006383150399525696
0.0
0.0
0.0
0.0
0.0
0.0
0.0
0.01199135106265225
0.011350552663026089
0.03305626433456802
0.17393301382879275
0.2445864034873947
0.30948654123238284
0.34961022417578946
0.33939216941924755
0.35081182157180063
0.25204445528327757
0.22135716202434308
0.23624013662680007
0.18049747829142743
0.12298555285134684
0.04915983862190473
0.024579919310952367
0.0
0.0
0.0
0.0
0.0
0.0
0.0
0.0
0.007452231838301638
0.014904463676603277
0.06339814099997425
0.1124129283713918
0.15751043660156583
0.19875423753484572
0.23921279188369804
0.26593982785309656
0.27213673961002144
0.2594653488884493
0.2512529410522241
0.24304053321599886
0.185752452298275
0.12582927366336727
0.06643257734504267
0.007035881026718043
0.0
0.0
0.0
0.0
0.0
0.0
0.0
0.0
0.0
0.03150611652171559
0.06275481184272089
0.03013642578904569
0.15752744878526498
0.2546956698060712
0.30309891394241006
0.39964037030061733
0.41702234515066533
0.44216993417031447
0.39333601317296124
0.3208488891872126
0.2338405233471355
0.14683215750705841
0.06384045777615124
0.004386457260103295
0.0
0.0
0.0
0.0
0.0
0.0
0.0
0.0
0.0
0.016554645495417398
0.07613668507825341
0.15050857994224603
0.22198750819929972
0.2526174972605109
0.30256885011346923
0.3448736740827202
0.4173160291639974
0.38499332782472434
0.3526706264854513
0.24121396191356756
0.09057816990832344
0.039938021975598904
0.06382075945818384
0.004384666503924441
0.0
0.0
0.0
0.0
0.0
0.0
0.0
0.0
0.0
0.008268786217725487
0.07811009838735071
0.15728211518876192
0.17630822061177873
0.3359458591530427
0.41337905170478656
0.4688217583802011
0.4716999512486645
0.4745781441171278
0.42334371446202057
0.35561283888730866
0.2878819633125967
0.10414970217302354
0.10015699308331386
0.00948921699174826
0.0
0.0
0.0
0.0
0.0
0.0
0.0
0.0
0.0
0.014187265826972181
0.08956914717583855
0.16495102852470495
0.25326485561916673
0.3140037236935425
0.38010411576740766
0.39923207789183857
0.3572925681830738
0.3247804943778869
0.288323832399729
0.3188136947899448
0.2680753045963802
0.1784703422969645
0.028092811424040385
0.009019143494799039
0.0
0.0
0.0
0.0
0.0
0.0
0.0
0.0
0.0
0.01638989592696281
0.07499865952659159
0.11058008942233456
0.19605735872949134
0.13194257805039958
0.35513202085328627
0.4003557773940696
0.3583446374381507
0.15512586385647315
0.3537567201079263
0.29119575762156635
0.24209322319738494
0.16039221098238693
0.02707822237405566
0.006379568887167989
0.0031897844435839944
0.0
0.0
0.0
0.0
0.0
0.0
0.0
0.0
0.010977335376376076
0.06040757818128779
0.10941967941843705
0.1538528171062562
0.19828595479407535
0.17388414424159102
0.33846455771860107
0.25817958108918193
0.3958475487138042
0.3489118292660363
0.31425980182711866
0.2394106704414614
0.16240725937264258
0.08540384830382375
0.006396581070867103
0.0
0.0
0.0
0.0
0.0
0.0
0.0
0.0
0.0
0.010963904705034668
0.06001361182193987
0.04829874253801296
0.19543328020116066
0.3123830893516795
0.4144651453272616
0.4715983258355144
0.5024530547971718
0.47944452403316407
0.42693149446635487
0.17287991829104
0.26570076190321956
0.11167795154165287
0.04661567465053609
0.004434807676932357
0.0
0.0
0.0
0.0
0.0
0.0
0.0
0.0
0.0
0.014908045188960982
0.03315769229241028
0.15333260243629904
0.23429448003847503
0.24261832958630491
0.40703619331928503
0.46455125258267865
0.2530057073834551
0.5834776088656077
0.5714047783968177
0.197375553227836
0.42885297584626547
0.2983740037645033
0.10285387188866824
0.0056972907830245495
0.0
0.0
0.0
0.0
0.0
0.0
0.0
0.0
0.007962597349275076
0.015925194698550152
0.03224437051044314
0.17583972147022772
0.1021794919310165
0.12334652119731526
0.48321406578965215
0.49391831084875293
0.5209435077219307
0.46828363614845536
0.4171844085848516
0.3702898765291974
0.27778254615290393
0.18527521577661035
0.10263539963484802
0.0014727474159862324
0.0
0.0
0.0
0.0
0.0
0.0
0.0
0.0
0.007732037491247602
0.006699503576505884
0.07609728844231863
0.17121777977260508
0.27969373068478603
0.34445821864922604
0.4244835307698613
0.49175418200660775
0.4813946575119363
0.4710351330172648
0.13446016053285212
0.2740797009811492
0.21018317307297035
0.1828961961930026
0.09991165948681083
0.0037534249508783452
0.0
0.0
0.0
0.0
0.0
0.0
0.0
0.0
0.0
0.01469136369131963
0.03845188225120025
0.17363261447978995
0.2800635218357194
0.35364882704815037
0.42723413226058127
0.16199925875907722
0.24119051116575177
0.21404009352291067
0.44431973696302896
0.38603733867699636
0.32775494039096376
0.21709874383102787
0.08461143869468078
0.0018579095355612037
0.0
0.0
0.0
0.0
0.0
0.0
0.0
0.0
0.0
0.013927606181038324
0.07241638911668387
0.07648339075424701
0.07783705918603458
0.35188851372433666
0.42620802897009785
0.5070065000709534
0.587804971171809
0.3698634496839703
0.4687192375889617
0.39431779524801797
0.27632352755618245
0.14948068589558375
0.07474034294779187
0.0
0.0
0.0
0.0
0.0
0.0
0.0
0.0
0.0
0.006051412817392961
0.012102825634785923
0.021565140852818913
0.1682952656887151
0.25377343037396133
0.3464674470819004
0.40589727238953377
0.42896131659508613
0.40658313200603496
0.3232485024668772
0.2833719438761525
0.17330490609905966
0.13006262127017854
0.057767971862373715
0.042724756293192265
0.0
0.0
0.0
0.0
0.0
0.0
0.0
0.0
0.0
0.0
0.017758929025696826
0.06439827832586431
0.10487115872414746
0.08777749691563778
0.24637133970866756
0.3473861050016525
0.34944189309497714
0.35149768118830177
0.3184465897732797
0.28539549835825767
0.23299260029644803
0.20769458775777516
0.11464331519215466
0.05407367357668058
0.0
0.0
0.0
0.0
0.0
0.0
0.0
0.0
0.0
0.0
0.010465179109223783
0.053506899246073235
0.10336244664346282
0.14964364470785946
0.1922940846196293
0.22898220183390416
0.07690620247393885
0.1066869854895056
0.0997021410138849
0.08657052595434725
0.07152817405197219
0.02989647508073183
0.03457054803277979
0.007490427841230796
0.0
0.0
0.0
0.0
0.0
0.0
0.0
0.0
0.0
0.009918103096583832
0.005071647434880604
0.06616217316203567
0.15243274745642485
0.23816922872047078
0.3239057099845167
0.3911168185783162
0.45832792717211573
0.19523334035506146
0.46547304432574377
0.370339122324116
0.30304250512277614
0.22363724232906915
0.13425836299723387
0.06559987572187546
0.0
0.0
0.0
0.0
0.0
0.0
0.0
0.0
0.0
0.0
0.01903215666886214
0.06151516087790909
0.12309389360016752
0.1856297855000235
0.18905102517972439
0.2273490321987891
0.24665517456301597
0.26596131692724284
0.252217263254537
0.09159021942287947
0.17322253131483234
0.13046554141042072
0.06130259625251531
0.02755181106786589
0.0
0.0
0.0
0.0
0.0
0.0
0.0
0.0
0.0
0.0
0.008898267452726382
0.0513535149410011
0.10167018205444563
0.08495506528285811
0.18924084533468294
0.22642231587623207
0.25574326217070087
0.2874100990594686
0.3190769359482364
0.2764184376336617
0.27241341143965436
0.14240093068244639
0.13035361914924234
0.05852459805922263
0.0
0.0
0.0
0.0
0.0
0.0
0.0
0.0
0.0
0.005930536775320305
0.01186107355064061
0.04997015579283624
0.10045157247473535
0.14598602521254983
0.06232130484443127
0.2825562544366844
0.34439957138436855
0.28611633663771086
0.37936721959980924
0.33440133194878097
0.27928409520887315
0.12190265775180162
0.14645117413000722
0.06873548979104911
0.034367744895524556
0.0
0.0
0.0
0.0
0.0
0.0
0.0
0.0
0.00833462694543203
0.01666925389086406
0.05955070134970607
0.14026545459920015
0.10670057482275959
0.2700334964779572
0.2858396058906135
0.3193348048379914
0.25814914309699144
0.24513124105481107
0.20720078674145612
0.1692703324281012
0.12693237946954145
0.08259057034684385
0.04767798788390291
0.0
0.0
0.0
0.0
0.0
0.0
0.0
0.0
0.0
0.0
0.015882216550257653
0.05840282663906055
0.09055670688657691
0.2050272564293719
0.24534881793054186
0.12000613009462927
0.32058296189465274
0.33792554010876596
0.11589289021422229
0.27365530084968975
0.26953208474787804
0.09007090013579541
0.12483361322792433
0.032715620306512185
0.0
0.0
0.0
0.0
0.0
0.0
0.0
0.0
0.0
0.0
0.009657548072560551
0.07419640075846491
0.13873525344436927
0.22407955910524613
0.12077829872845043
0.3564912047930366
0.4035585448199503
0.38596078385035026
0.3683630228807503
0.3218830508805009
0.24206680954374687
0.07851206095794046
0.10453897345297002
0.044716972542167534
0.0
0.0
0.0
0.0
0.0
0.0
0.0
0.0
0.0
0.0
0.011022999658936857
0.053938471485177095
0.11815185423557471
0.15288312263540665
0.18654844341977567
0.2224781753923058
0.3255111228988594
0.40142575421093496
0.4246643971439255
0.36506086848694325
0.29784125380129417
0.15001860950187865
0.15304518606959297
0.015638407181626204
0.0
0.0
0.0
0.0
0.0
0.0
0.0
0.0
0.0
0.0
0.010158064424550292
0.020987196643602078
0.11838151871551275
0.17954748213854527
0.2360718055459878
0.2842037501212302
0.31907424981396815
0.2567738423516315
0.06728484900818374
0.20968411787248215
0.16617859188530948
0.1226730658981368
0.07820679922100883
0.03303855612177005
0.0
0.0
0.0
0.0
0.0
0.0
0.0
0.0
0.0
0.0
0.011480537862634097
0.053223064391724854
0.1416685120653324
0.2154440851217666
0.2905851097645771
0.32983400831461346
0.31616874791377725
0.32760809838429766
0.24006787795910095
0.10142408075092998
0.1833725373365778
0.15967456544371111
0.06448873849981286
0.06019313512887
0.0
0.0
0.0
0.0
0.0
0.0
0.0
0.0
0.0
0.0
0.013634817545795668
0.051597057781325256
0.1342431415697136
0.06394921438215928
0.2679794991408114
0.2820288767420119
0.3726044288903665
0.4264032213935929
0.44560997678989334
0.3509407560166781
0.2547028328307866
0.05422792636058643
0.09977466663912848
0.03143135245124842
0.0
0.0
0.0
0.0
0.0
0.0
0.0
0.0
0.0
0.0
0.016514353481393174
0.05306637322607511
0.0904184991535913
0.2577211523702453
0.4144776806205136
0.5021038573422955
0.5698956186270883
0.3172963929215036
0.3265016972008794
0.5846630894560093
0.2792269688140639
0.29384831521149407
0.18109066627567286
0.06546377825228254
0.0
0.0
0.0
0.0
0.0
0.0
0.0
0.0
0.0
0.0
0.014852531747416506
0.053695824022942346
0.14875453426505839
0.29633343709869897
0.417419893022371
0.504895646225129
0.5751183590227165
0.5726721860824017
0.555955477152798
0.2621654142377914
0.5223662635060303
0.18291050960399396
0.2503772612807643
0.12518863064038216
0.0
0.0
0.0
0.0
0.0
0.0
0.0
0.0
0.0
0.006746226214788381
0.013492452429576762
0.05229545269107839
0.14671665373352233
0.2931897646267205
0.3776310814844101
0.28794474109288926
0.4732028433717679
0.16641862322261988
0.445454181002333
0.3786889706970682
0.14255072291704787
0.2293063287022768
0.12503417791995602
0.03389881937688957
0.0
0.0
0.0
0.0
0.0
0.0
0.0
0.0
0.0
0.0
0.0
0.045101089742531755
0.13757394806238235
0.221155701954222
0.3049568234779712
0.18100593310479238
0.40404831663486684
0.4216048902123532
0.42307644410232653
0.38728683880079184
0.3372074468810454
0.24246032821405006
0.08903535771360803
0.05870009216475033
0.0
0.0
0.0
0.0
0.0
0.0
0.0
0.0
0.0
0.0
0.0
0.04735565177170916
0.14116083268862725
0.24861157568841413
0.348307449055673
0.4457612956870065
0.5192342309492144
0.37631756536099203
0.5351746470752847
0.47417343322070676
0.3328460602074461
0.2416491156650291
0.13410614872203125
0.06705307436101562
0.0
0.0
0.0
0.0
0.0
0.0
0.0
0.0
0.0
0.0
0.02222104573435671
0.04444209146871342
0.11952581191380057
0.08594015434553584
0.20506001673080052
0.36754196117274573
0.39005221402998735
0.13365239893818998
0.22176111851948938
0.33956676814668585
0.24839041730032566
0.17734485203855468
0.10865234039579803
0.03280128092807187
0.0
0.0
0.0
0.0
0.0
0.0
0.0
0.0
0.0
0.0
0.0
0.06464674574568033
0.04672979748738137
0.21644064093529894
0.31618665547556574
0.39334496695385546
0.4530425103102275
0.48840367719597144
0.4641989213044891
0.4105227955995141
0.33385604669231983
0.23853499067000172
0.11873161154847875
0.03723071633646766
0.0
0.0
0.0
0.0
0.0
0.0
0.0
0.0
0.0
0.0
0.0
0.03378619682644167
0.08720445364166163
0.13396199284963348
0.11150087197946716
0.21046309681028372
0.24414632515644125
0.2501238692814565
0.23400885442794778
0.1950943795943125
0.07247439764696828
0.11305222832724275
0.07156354148650458
0.030074854645766393
0.0
0.0
0.0
0.0
0.0
0.0
0.0
0.0
0.0
0.0
0.0
0.039792393050318564
0.1209575214787945
0.19923236943459977
0.28313690712767786
0.36704144482075596
0.3782390432071311
0.36428457568341
0.2879741872558077
0.30692755065280025
0.09811739628928115
0.21912587982549078
0.12384242968292855
0.028558979540366337
0.0
0.0
0.0
0.0
0.0
0.0
0.0
0.0
0.0
0.0
0.0
0.03833203138646298
0.11403535346943368
0.19406559016956076
0.27409582686968786
0.34002341097229366
0.35850177629284513
0.3769801416133966
0.21233916979099424
0.2539901118716027
0.20173316043836964
0.10908838952534904
0.04195951389085917
0.03244402507039046
0.0
0.0
0.0
0.0
0.0
0.0
0.0
0.0
0.0
0.0
0.0
0.03676959662041272
0.08300692115842744
0.12906248394428846
0.169659821897002
0.20376119181092198
0.22346532973589917
0.24316946766087633
0.22749497882736575
0.19016308476679283
0.15282850457195163
0.11015388945176727
0.06544945220285171
0.01076124001367389
0.0
0.0
0.0
0.0
0.0
0.0
0.0
0.0
0.0
0.0
0.0
0.032307927600797544
0.0314808529776265
0.14649692484485516
0.2771938350591056
0.3749789715835271
0.3899944621432193
0.19708225879358138
0.21518768818653855
0.254661645438673
0.2424254084685624
0.17321894980247463
0.0509548258802944
0.029003087072722176
0.0
0.0
0.0
0.0
0.0
0.0
0.0
0.0
0.0
0.0
0.01564538904560419
0.019831751372240088
0.0813361456435565
0.12944212425420557
0.17244982002365677
0.20876814608699826
0.1192018451946138
0.2511517633281188
0.06643581466072455
0.1360278045273068
0.052279989667103406
0.10957995209644451
0.06429530984558021
0.018511941998905008
0.0
0.0
0.0
0.0
0.0
0.0
0.0
0.0
0.0
0.0
0.0
0.03132659321478547
0.09897419862718067
0.16228727870865933
0.10961858941983238
0.23737055146470182
0.30459688148602154
0.41595415908997885
0.4314110710477586
0.3349860138411768
0.26729184876813145
0.17343384054393715
0.07957583231974284
0.02237818458905116
0.0
0.0
0.0
0.0
0.0
0.0
0.0
0.0
0.0
0.0
0.0
0.02277573246075679
0.07989369154148947
0.12564079657554283
0.17138790160959624
0.2075665486909871
0.24142258500840405
0.2490028559134938
0.23230136841141033
0.19132259939260088
0.05756914307362913
0.1067201144788144
0.07920962268116717
0.020476401527108033
0.0
0.0
0.0
0.0
0.0
0.0
0.0
0.0
0.0
0.0
0.0
0.007985874073420808
0.11344350855232238
0.1840664553558838
0.2545273387252589
0.27088141952864464
0.3080897514128766
0.2459585704094417
0.229149637536627
0.18905908358252924
0.14940189262371417
0.03590556172436467
0.061873312113679926
0.013983190702621452
0.0
0.0
0.0
0.0
0.0
0.0
0.0
0.0
0.0
0.0
0.0
0.020462970855766625
0.03215005289857822
0.05244813956200022
0.16682595024396524
0.20288461666137286
0.29998657970356146
0.3261714642398119
0.2615921901071051
0.33183786447875124
0.26385091077046313
0.20546599169319113
0.11924018630327335
0.02582359947716659
0.0
0.0
0.0
0.0
0.0
0.0
0.0
0.0
0.0
0.0
0.0
0.010344878225861208
0.08732130048233187
0.15718899586746155
0.06259756508705339
0.26091765214949997
0.3510293984475314
0.365530046605803
0.11812722012674848
0.3046340396767328
0.22879327705703503
0.1589372215870679
0.08908116611710079
0.018946200372277143
0.0
0.0
0.0
0.0
0.0
0.0
0.0
0.0
0.0
0.0
0.009076447692522372
0.018152895385044745
0.11315698756370571
0.20254347760930114
0.2940685782214931
0.38559367883368517
0.42400629424819664
0.4114969669608108
0.3511171455002952
0.2481952248768306
0.17494076186844296
0.10168629886005531
0.07289899790688507
0.014322467918475669
0.0
0.0
0.0
0.0
0.0
0.0
0.0
0.0
0.0
0.0
0.0
0.009881199094890058
0.122283576429236
0.18422628034484653
0.0702315041070639
0.20015460886670966
0.29926938185393037
0.3096871059244145
0.34986809306554445
0.2468808098415516
0.17339354852991296
0.09990628721827427
0.05445734308800009
0.009008398957725913
0.0
0.0
0.0
0.0
0.0
0.0
0.0
0.0
0.0
0.0
0.0
0.04426525429605157
0.08853050859210314
0.15185701934492324
0.20825509444175652
0.258800082968005
0.2930214335459082
0.3038205886824883
0.29994942151285026
0.25551449306885227
0.12195439286879527
0.15836507498792401
0.09350746770218359
0.04531508510590483
0.0
0.0
0.0
0.0
0.0
0.0
0.0
0.0
0.0
0.0
0.0
0.015020862828228796
0.09841369194319931
0.14980033587350922
0.21083199258312768
0.21635334157157982
0.22187469056003195
0.22063906879662254
0.21940344703321316
0.1789663817585071
0.08524257483412702
0.09763471300539775
0.06747837895349348
0.011115223602147846
0.005557611801073923
0.0
0.0
0.0
0.0
0.0
0.0
0.0
0.0
0.0
0.0
0.014326944808922805
0.07407975579481871
0.19463997521392828
0.2574158284417507
0.30034741707360063
0.34550133412340855
0.39065525117321653
0.4144212718008797
0.3178708616617781
0.18591003884201418
0.09560220474239825
0.06602876182671104
0.008484602775411068
0.0
0.0
0.0
0.0
0.0
0.0
0.0
0.0
0.0
0.0
0.0
0.012265784447061652
0.05494762954392554
0.14694228901205797
0.1599682494570432
0.19072627758504243
0.22148430571304173
0.13340203052534574
0.2840363144185074
0.2934762856153371
0.22260084219055729
0.16680714730408727
0.09505512872975831
0.0036029051685345843
0.0
0.0
0.0
0.0
0.0
0.0
0.0
0.0
0.0
0.0
0.0
0.027360068278623466
0.07440813497142634
0.18980224739675372
0.2760047729563464
0.19827407215023563
0.41339964540084334
0.20862559872706182
0.4417150821008855
0.3970907811909737
0.35246648028106187
0.24358760922863879
0.12015615808875725
0.009710375379836749
0.0
0.0
0.0
0.0
0.0
0.0
0.0
0.0
0.0
0.0
0.012970894692485482
0.025941789384970965
0.09691482902149837
0.18906356047297637
0.27385497016363197
0.37179679785370323
0.40986290194760633
0.38820728747672284
0.35092329614393425
0.31363930481114566
0.24309783741372215
0.18282814745820614
0.0788505760673069
0.004357805161241628
0.0
0.0
0.0
0.0
0.0
0.0
0.0
0.0
0.0
0.0
0.0
0.02016301919580855
0.0794352579597028
0.14217619144203755
0.05189948732285192
0.1925823963644248
0.11694396837057915
0.2982567092347884
0.26620485976756697
0.25834657396571015
0.1614098081810208
0.032465517882782374
0.04461579481806227
0.0
0.0
0.0
0.0
0.0
0.0
0.0
0.0
0.0
0.0
0.0
0.0
0.011439350470520452
0.06197090832542749
0.1010049168196158
0.24574367966797922
0.3383150295776668
0.36155814940110453
0.2899744619075878
0.12188719600540344
0.20524483330510268
0.21078632830056687
0.15648701944535068
0.07507028977374575
0.0006016940760950019
0.0
0.0
0.0
0.0
0.0
0.0
0.0
0.0
0.0
0.0
0.0
0.017473303415169585
0.07617250020183049
0.13757752957474004
0.04543609588562088
0.08806060888624286
0.28278278509330945
0.385104802396858
0.4057943039092497
0.347301044083157
0.1708628764691725
0.15388057382702844
0.08063954148998223
0.0
0.0
0.0
0.0
0.0
0.0
0.0
0.0
0.0
0.0
0.0
0.0
0.005878050403426964
0.08423000762858485
0.15819002857144102
0.28212736833184887
0.37124076806016904
0.13490603860527636
0.43971659820528425
0.4258265979040019
0.36658390661705875
0.18336809932244505
0.1723387931405678
0.06447169932919733
0.0
0.0
0.0
0.0
0.0
0.0
0.0
0.0
0.0
0.0
0.0
0.0
0.014910731323229263
0.0602661084431583
0.10562148556308736
0.14870439309205047
0.18508629099974122
0.1350574879420475
0.08502868488435379
0.07811009838735071
0.06657136094890385
0.07606281638587567
0.0855542718228475
0.038315914580853296
0.0
0.0
0.0
0.0
0.0
0.0
0.0
0.0
0.0
0.0
0.0
0.0
0.011915691614095662
0.05748327334121893
0.07368680039138116
0.1493436930479014
0.18505853427896898
0.2108355740954854
0.22525742898188747
0.20872158642634805
0.1683848034976578
0.05120398680006677
0.016951816834978067
0.014477368327946554
0.0
0.0
0.0
0.0
0.0
0.0
0.0
0.0
0.0
0.0
0.0
0.007347472601838668
0.014694945203677336
0.0855211428335387
0.052018416591692714
0.2537273184023558
0.34061525588940494
0.40197641173593257
0.4261193865392445
0.40376448178051844
0.3456051979817821
0.2333847758996171
0.08868540651740309
0.05489383990659579
0.0
0.0
0.0
0.0
0.0
0.0
0.0
0.0
0.0
0.0
0.0
0.0
0.002096265564974018
0.05452404875566241
0.10299444624870828
0.1070859434940419
0.2414467602168186
0.2769234308760986
0.2867869159092274
0.2655521291403746
0.22291153838758848
0.1658625234197417
0.10881350845189493
0.054406754225947464
0.0
0.0
0.0
0.0
0.0
0.0
0.0
0.0
0.0
0.0
0.0
0.0
0.03761796736014488
0.07523593472028976
0.06458584408848758
0.11074760734669728
0.23080922082538008
0.27336609372680476
0.34237019694468207
0.25250945347393955
0.26861432220621523
0.16527873690543526
0.07838945635125195
0.011972398217091194
0.0
0.0
0.0
0.0
0.0
0.0
0.0
0.0
0.0
0.0
0.0
0.0
0.005095596706929547
0.05055931457567927
0.09844055328588212
0.051934424268880154
0.06565809220182747
0.22984489862306717
0.2818372658308745
0.2616652928541716
0.2202307763878438
0.1992422185935835
0.04923898750670486
0.04878646595861364
0.0
0.0
0.0
0.0
0.0
0.0
0.0
0.0
0.0
0.0
0.0
0.0
0.0
0.04994777134060057
0.09869663141945827
0.18844754034745054
0.2399953523338573
0.3299074293179464
0.34207293141899225
0.35423843352003803
0.2992765448786458
0.25146156414706056
0.0960960540451366
0.05478639453586454
0.0
0.0
0.0
0.0
0.0
0.0
0.0
0.0
0.0
0.0
0.0
0.0
0.0
0.08917876232884835
0.19271759845592829
0.3047956554218744
0.29714862714574414
0.1874264742617026
0.5260802918209739
0.5032320337349735
0.3608185670992377
0.10487920648508003
0.12414954436760205
0.03756290160764511
0.0
0.0
0.0
0.0
0.0
0.0
0.0
0.0
0.0
0.0
0.0
0.0
0.0
0.01830063276980021
0.038131466694431314
0.014377348109784726
0.07091573543880407
0.08068341501636417
0.078539432181231
0.12187797015472553
0.16028610867878978
0.1636142290371903
0.12227193651407343
0.04309991971266222
0.02154995985633111
0.0
0.0
0.0
0.0
0.0
0.0
0.0
0.0
0.0
0.0
0.0
0.0
0.04618628798691738
0.04064260366974155
0.05534421508557762
0.07083336065457678
0.06377938618068732
0.21653555101277822
0.09396821064808193
0.0779556859410335
0.11767327464677595
0.07195392633349477
0.013827670045803826
0.0
0.0
0.0
0.0
0.0
0.0
0.0
0.0
0.0
0.0
0.0
0.0
0.0
0.06492117913008973
0.07982025862842596
0.1828308335924744
0.17477601229998835
0.07583805923602717
0.08154208260412472
0.07151519106967551
0.06148829953522628
0.034374897162529915
0.013206366003322732
0.013596316287950303
0.0
0.0
0.0
0.0
0.0
0.0
0.0
0.0
0.0
0.0
0.0
0.0
0.0
0.06742734240239615
0.1570891612104904
0.24675098001858467
0.3233398310319987
0.35082256610887375
0.14475243213289338
0.2576898141371154
0.21436873603636467
0.1567654820311625
0.09449551742386639
0.0350898673246475
0.0
0.0
0.0
0.0
0.0
0.0
0.0
0.0
0.0
0.0
0.0
0.0
0.0
0.03543479243721533
0.117623133473768
0.1468160407014487
0.17600894792912944
0.20053156304235847
0.1539647393107067
0.1898810406686233
0.1730850907781053
0.15628914088758727
0.09418661198301403
0.028440789632561962
0.0
0.0
0.0
0.0
0.0
0.0
0.0
0.0
0.0
0.0
0.0
0.0
0.0
0.022458666984485055
0.11603204660885609
0.14469086080619353
0.173349675003531
0.13439757712272504
0.19315767678688173
0.18805715550046032
0.1714980331145958
0.15493891072873126
0.090595250466322
0.04558369853273295
0.0
0.0
0.0
0.0
0.0
0.0
0.0
0.0
0.0
0.0
0.0
0.0
0.0
0.03729339280272756
0.1341088348562995
0.21944373904723738
0.3407003168079005
0.40441452627344254
0.25561631148374403
0.4071266265063172
0.3446480388041845
0.2330696028121388
0.07027725089054342
0.034588455594568336
0.0
0.0
0.0
0.0
0.0
0.0
0.0
0.0
0.0
0.0
0.0
0.0
0.0
0.07047968630925308
0.15885887600424303
0.24717359847679424
0.324991355917947
0.40124667859304947
0.43085145974186667
0.4087024919437089
0.15129286115970306
0.23081414540487197
0.13631415109055842
0.028892060189633213
0.0
0.0
0.0
0.0
0.0
0.0
0.0
0.0
0.0
0.0
0.0
0.0
0.0
0.03388021152583151
0.08521313277077579
0.1297913217090821
0.16645884522730015
0.19219648840788173
0.2072039205647691
0.18035600855329795
0.10026560780813398
0.10350186264453956
0.08429939943051544
0.020622348155684648
0.0
0.0
0.0
0.0
0.0
0.0
0.0
0.0
0.0
0.0
0.0
0.0
0.0
0.05341736143713052
0.12869537892762337
0.19782214894375214
0.2208467965133696
0.25794320613642324
0.3283996126153512
0.3060939536515436
0.14367988217995512
0.14585171849913578
0.06070484370697758
0.014603616638555772
0.0
0.0
0.0
0.0
0.0
0.0
0.0
0.0
0.0
0.0
0.0
0.0
0.0
0.028690600119512123
0.09872662658545409
0.16876265305139604
0.21991828943463373
0.2561076810530977
0.26743152775008205
0.24603736368131124
0.2099737726844118
0.17391018168751235
0.09698019162202653
0.014759690998530542
0.0
0.0
0.0
0.0
0.0
0.0
0.0
0.0
0.0
0.0
0.0
0.0
0.0
0.04678887744110181
0.1328714223367113
0.1927963917277979
0.06082685892283872
0.2524831905470969
0.09539084609326647
0.2411423316664134
0.07707063622521607
0.05014878051589215
0.056258843803927386
0.0031508014571968584
0.0
0.0
0.0
0.0
0.0
0.0
0.0
0.0
0.0
0.0
0.0
0.0
0.0
0.03635055967456084
0.13188829719452036
0.20834552762878866
0.2821793002610356
0.33894806188689175
0.39571682351274784
0.37167681718971995
0.2827671159767445
0.19385741476376897
0.10587040067194807
0.017883386580127187
0.0
0.0
0.0
0.0
0.0
0.0
0.0
0.0
0.0
0.0
0.0
0.0
0.0
0.017576271895453698
0.06942672167608684
0.12127717145671997
0.15804229118668553
0.3008067460334767
0.346097655930967
0.38942410630025426
0.13497442610076812
0.18693390368727403
0.0873629355634902
0.010959427814587534
0.0
0.0
0.0
0.0
0.0
0.0
0.0
0.0
0.0
0.0
0.0
0.0
0.0
0.016379151389889685
0.07501746246646955
0.04635999133626624
0.061216999974129875
0.07090946779217808
0.06855910030743198
0.0631550458486948
0.05357226184660142
0.0351918215693103
0.025995433727566415
0.006490595770256947
0.0
0.0
0.0
0.0
0.0
0.0
0.0
0.0
0.0
0.0
0.0
0.0
0.0
0.02411879959489742
0.09723268824324498
0.15841924536233434
0.15433094900601027
0.17951793466159421
0.07247011180204949
0.06615501013732027
0.026850856059556383
0.03775272176260366
0.018994550789106203
0.0001163991516255212
5.81995758127606e-05
0.0
0.0
0.0
0.0
0.0
0.0
0.0
0.0
0.0
0.0
0.0
0.0
0.014435285557743482
0.06550048875394905
0.11656569195015462
0.1545476305036516
0.18142956688252102
0.07295809286078725
0.02690698119257938
0.01942686372925152
0.0369871734961435
0.01817438445919099
0.0
0.0
0.0
0.0
0.0
0.0
0.0
0.0
0.0
0.0
0.0
0.0
0.0
0.0
0.013468277221162228
0.09349806623224462
0.1833985033011712
0.27347532985371487
0.3277164391331184
0.39186759310630076
0.36618994025771084
0.1855945667793273
0.1918155050308305
0.04533258263261117
0.0018802615700237375
0.0
0.0
0.0
0.0
0.0
0.0
0.0
0.0
0.0
0.0
0.0
0.0
0.0
0.015476400819290775
0.11974965643615734
0.1807678824744344
0.20666579833302343
0.24370311300217481
0.2368100447807204
0.229916976559266
0.23278487257970099
0.15506157752698277
0.0733135579622898
0.00390832536034923
0.0
0.0
0.0
0.0
0.0
0.0
0.0
0.0
0.0
0.0
0.0
0.0
0.0
0.016264542994443017
0.0650492181968778
0.11383389339931259
0.15136097988338063
0.08337159652644364
0.26285569802406494
0.28487259755403227
0.2046771635964059
0.11326801444679467
0.015614834268023127
0.0
0.0
0.0
0.0
0.0
0.0
0.0
0.0
0.0
0.0
0.0
0.0
0.0
0.005467626303086501
0.033476843696544606
0.06695368739308921
0.15049694002708347
0.20224621208361135
0.15450569733520605
0.19060719229914863
0.17243728473040482
0.1311728901010681
0.12463663004825037
0.05373432528078771
0.0
0.0
0.0
0.0
0.0
0.0
0.0
0.0
0.0
0.0
0.0
0.0
0.0
0.0
0.010109714007721229
0.0857458827339849
0.14942964934448638
0.23579334296017604
0.2874315881336149
0.24721836738126565
0.22598358061241286
0.08553474567033606
0.1203432921094475
0.051371422502789636
0.0
0.0
0.0
0.0
0.0
0.0
0.0
0.0
0.0
0.0
0.0
0.0
0.0
0.0
0.017049789578870572
0.11194912252106858
0.1988164663120609
0.2856838101030532
0.3151122017682533
0.24793735598707559
0.16863103247225025
0.1443130112524553
0.11999499003266037
0.04910790669271796
0.0
0.0
0.0
0.0
0.0
0.0
0.0
0.0
0.0
0.0
0.0
0.0
0.0
0.0
0.010885111433165085
0.08102634482461474
0.10617572460044271
0.1441567677758503
0.2357503648118835
0.30474999113931356
0.30979186516087753
0.2865523268497975
0.19029918223638573
0.06859581080909849
0.0
0.0
0.0
0.0
0.0
0.0
0.0
0.0
0.0
0.0
0.0
0.0
0.0
0.0
0.010073003506054718
0.09356432421086222
0.19779707835724816
0.2975063823958484
0.34978303214704887
0.3140834123435015
0.27866046436958714
0.22375498454782883
0.16695130317648504
0.05755938047882023
0.0
0.0
0.0
0.0
0.0
0.0
0.0
0.0
0.0
0.0
0.0
0.0
0.0
0.0
0.013591839397503165
0.11382225348415005
0.1973556569591606
0.256661920090453
0.2134216402378169
0.24625135904468431
0.16586789568827826
0.12297749444854199
0.11468897947471546
0.05734448973735773
0.0
0.0
0.0
0.0
0.0
0.0
0.0
0.0
0.0
0.0
0.0
0.0
0.0
0.0
0.011361452576740295
0.1125946901235455
0.1935565677257215
0.27469931170196177
0.3397386807398558
0.36174976031224193
0.3369952422738513
0.23837919488244141
0.15989124694135248
0.047542785792399414
0.0
0.0
0.0
0.0
0.0
0.0
0.0
0.0
0.0
0.0
0.0
0.0
0.0
0.0
0.004150077444494543
0.05567998186911277
0.0620210912733554
0.1812034839149407
0.22928394425004106
0.24063286153352936
0.2187041567453706
0.16991948154293582
0.10984856552327263
0.03920233888938611
0.0
0.0
0.0
0.0
0.0
0.0
0.0
0.0
0.0
0.0
0.0
0.0
0.0
0.0
0.03676422435187615
0.0735284487037523
0.10037815147140233
0.13901192527400225
0.11202300585186263
0.0659150488093538
0.05834999933178435
0.04504826243525555
0.028955632033982538
0.010101655604916385
0.0
0.0
0.0
0.0
0.0
0.0
0.0
0.0
0.0
0.0
0.0
0.0
0.0
0.0
0.008869615353864714
0.01773923070772943
0.07750079359749557
0.1372623564872617
0.16465913526755172
0.03505736800068616
0.05669175911016538
0.027284823370198722
0.017074836098951652
0.009242092639066382
0.0
0.0
0.0
0.0
0.0
0.0
0.0
0.0
0.0
0.0
0.0
0.0
0.0
0.0
0.0
0.0512809893157575
0.12636112824848694
0.1867875093696527
0.27501269403326123
0.29186550043245785
0.29727179333641857
0.2004693342651433
0.11718081669759105
0.024964036511316585
0.0
0.0
0.0
0.0
0.0
0.0
0.0
0.0
0.0
0.0
0.0
0.0
0.0
0.0
0.0
0.06771475876910224
0.08747284134352111
0.1839581146070631
0.16135966700801288
0.17432205560864883
0.05620825494187475
0.04348851380347357
0.026733303616024506
0.008688748979800444
0.0
0.0
0.0
0.0
0.0
0.0
0.0
0.0
0.0
0.0
0.0
0.0
0.0
0.0
0.0
0.10123681905916292
0.05526183811169603
0.18518836410193595
0.12277165605288379
0.2341843485334755
0.1982125337907423
0.16224071904800913
0.10048201532977588
0.029316469404021654
0.0
0.0
0.0
0.0
0.0
0.0
0.0
0.0
0.0
0.0
0.0
0.0
0.0
0.0
0.023946439312682703
0.047892878625365405
0.015893497897942567
0.05025040913482692
0.06034937860547503
0.037682644060654996
0.05598441041951798
0.0424812134528681
0.026170110797774874
0.013085055398887437
0.003338864895473604
0.0
0.0
0.0
0.0
0.0
0.0
0.0
0.0
0.0
0.0
0.0
0.0
0.0
0.0
0.06343485150164076
0.1206208593171699
0.21361214155079877
0.26779773738865775
0.11323387511542504
0.24389114240095455
0.20214055746905893
0.1175067343221425
0.03287291117522603
0.0
0.0
0.0
0.0
0.0
0.0
0.0
0.0
0.0
0.0
0.0
0.0
0.0
0.0
0.0
0.013678691072177594
0.08988252950713804
0.12884043017811056
0.05117128434837993
0.1701961533725688
0.1522957546087425
0.08802282921539799
0.060022117913789426
0.005306905936034339
0.0
0.0
0.0
0.0
0.0
0.0
0.0
0.0
0.0
0.0
0.0
0.0
0.0
0.0
0.0
0.012744811724905143
0.030338095804057955
0.04793137988321077
0.02730768084575919
0.06037355381388956
0.05015057447785581
0.03992759514182205
0.02262038436224119
0.005313173582660329
0.0
0.0
0.0
0.0
0.0
0.0
0.0
0.0
0.0
0.0
0.0
0.0
0.0
0.0
0.0
0.04011383378442288
0.03116721591486744
0.04701272196345858
0.05721376453630137
0.17079516131439554
0.15062587447196096
0.15469715864458594
0.07748154296857289
0.038740771484286445
0.01191300547982738
0.0
0.0
0.0
0.0
0.0
0.0
0.0
0.0
0.0
0.0
0.0
0.0
0.0
0.0
0.043688623544439475
0.1796038909581792
0.31554646014162535
0.41029178805244193
0.473194784968963
0.458661903199472
0.40454077458405174
0.21809574733360493
0.06463421045242836
0.0
0.0
0.0
0.0
0.0
0.0
0.0
0.0
0.0
0.0
0.0
0.0
0.0
0.0
0.0
0.052522878725792865
0.11392611734252357
0.17293511494812627
0.2635634944037571
0.2820064922897762
0.29364461669614944
0.19556311002412757
0.08645502218081115
0.01665134632907552
0.0
0.0
0.0
0.0
0.0
0.0
0.0
0.0
0.0
0.0
0.0
0.0
0.0
0.0
0.0
0.05796230061906242
0.13519134696641688
0.22288378166681624
0.2831284010358283
0.15404857111390863
0.09283268976151314
0.2505429062273084
0.09018427192327495
0.01768013575382724
0.0
0.0
0.0
0.0
0.0
0.0
0.0
0.0
0.0
0.0
0.0
0.0
0.0
0.0
0.0
0.043112455005914194
0.08199424853928541
0.12148758530773532
0.21088123837804615
0.16613465577211797
0.29175089203701116
0.10411128061682869
0.09907716710746478
0.01951834697142105
0.0
0.0
0.0
0.0
0.0
0.0
0.0
0.0
0.0
0.0
0.0
0.0
0.0
0.0
0.0
0.052779852237458444
0.13730623001364364
0.12217165416805763
0.15944445327472834
0.23370800738990033
0.2003211491913431
0.19580307135209402
0.08161550360745774
0.00929786393217185
0.00787574567460065
0.0
0.0
0.0
0.0
0.0
0.0
0.0
0.0
0.0
0.0
0.0
0.0
0.0
0.0
0.04928161004206682
0.14813672338335368
0.2047443169531129
0.26135191052287216
0.28170743600790754
0.21539215319257982
0.0950747814437174
0.05126308175396896
0.00677263986842648
0.0
0.0
0.0
0.0
0.0
0.0
0.0
0.0
0.0
0.0
0.0
0.0
0.0
0.0
0.0
0.028822220698657898
0.07998770624087931
0.11943806486103672
0.10699513980609696
0.16165245564325556
0.1329211158206745
0.03873363013115691
0.055115445983729
0.0243363764706282
0.0
0.0
0.0
0.0
0.0
0.0
0.0
0.0
0.0
0.0
0.0
0.0
0.0
0.0
0.013577961037117047
0.00808185635055834
0.09601094484022171
0.16486596760620933
0.20654402691286136
0.22709474482139186
0.18530386787547204
0.14351299092955222
0.04769679082378088
0.004630895478516889
0.0
0.0
0.0
0.0
0.0
0.0
0.0
0.0
0.0
0.0
0.0
0.0
0.0
0.0
0.0
0.004150077444494543
0.07485360827610439
0.11596937014259621
0.15142097021537224
0.2235848627108377
0.18242612269605338
0.14126738268126907
0.04586037036236592
0.003919965275511783
0.0019599826377558914
0.0
0.0
0.0
0.0
0.0
0.0
0.0
0.0
0.0
0.0
0.0
0.0
0.0
0.0
0.03021274287153817
0.09907627172937536
0.1616667816926864
0.20259093264804076
0.17012318005828048
0.13765542746852022
0.09896345409010754
0.0444250792850143
0.0014696543129576983
0.0
0.0
0.0
0.0
0.0
0.0
0.0
0.0
0.0
0.0
0.0
0.0
0.0
0.0
0.014515869585791921
0.029031739171583842
0.12384511581719683
0.09778857118280407
0.21851073408642033
0.3610164456570011
0.36546737013954317
0.2864001125745949
0.08949572617250554
0.00474460849587413
0.0
0.0
0.0
0.0
0.0
0.0
0.0
0.0
0.0
0.0
0.0
0.0
0.0
0.0
0.0
0.0792731945255165
0.158546389051033
0.2568499494892328
0.28624163065276625
0.27428206551228873
0.18632280814124005
0.09836355077019139
0.006564078293897242
0.007905293151551742
0.0
0.0
0.0
0.0
0.0
0.0
0.0
0.0
0.0
0.0
0.0
0.0
0.0
0.0
0.0
0.0013911845373370082
0.022789163132098198
0.0363854794200485
0.0499817957079988
0.05199639640920975
0.030467455462928124
0.03190053057010822
0.014641222518311714
0.007320611259155857
0.0
0.0
0.0
0.0
0.0
0.0
0.0
0.0
0.0
0.0
0.0
0.0
0.0
0.0
0.0
0.010006745527437114
0.022416505638956634
0.10968292057672861
0.16476881908350652
0.0617267988357882
0.25207937502876526
0.18120840849443254
0.09060420424721627
0.0
0.0
0.0
0.0
0.0
0.0
0.0
0.0
0.0
0.0
0.0
0.0
0.0
0.0
0.0
0.0
0.013299946140349937
0.06896918347238959
0.10912151851465783
0.14635760711966206
0.05168659559026797
0.04498916748135336
0.04206978722077635
0.039150406960199335
0.0
0.0
0.0
0.0
0.0
0.0
0.0
0.0
0.0
0.0
0.0
0.0
0.0
0.0
0.0
0.0
0.007685236401130988
0.10259421224273436
0.1928590681940578
0.2833209073250551
0.31464391902748284
0.286127917635409
0.25761191624333524
0.0655783866477292
0.0
0.0
0.0
0.0
0.0
0.0
0.0
0.0
0.0
0.0
0.0
0.0
0.0
0.0
0.0
0.0
0.011588878611454774
0.059599499455579845
0.10682711216050093
0.14500290007035888
0.15194924328813422
0.13072430567826512
0.07948092224226358
0.03620282228980537
0.0
0.0
0.0
0.0
0.0
0.0
0.0
0.0
0.0
0.0
0.0
0.0
0.0
0.0
0.0
0.0
0.01071498959617394
0.03278017576397305
0.18626192243115902
0.24343808108770443
0.2161120371764792
0.1936461055346642
0.09022241949929762
0.06728273884095366
0.0
0.0
0.0
0.0
0.0
0.0
0.0
0.0
0.0
0.0
0.0
0.0
0.0
0.0
0.0
0.0036629917638462094
0.007325983527692419
0.020462970855766625
0.037366813806060585
0.025830736773100785
0.050622886420028594
0.042837573932460085
0.029195593361948994
0.03445414888115427
0.0
0.0
0.0
0.0
0.0
0.0
0.0
0.0
0.0
0.0
0.0
0.0
0.0
0.0
0.0
0.0
0.006428814682086478
0.06658837313260296
0.10437377619547072
0.14215917925833849
0.050341737699948486
0.012652059453229158
0.028312750565773887
0.011503817692959202
0.005751908846479601
0.0
0.0
0.0
0.0
0.0
0.0
0.0
0.0
0.0
0.0
0.0
0.0
0.0
0.0
0.0
0.0
0.019495067141095945
0.022492297067388617
0.046500565696306284
0.10332527930944709
0.1293973553497342
0.07447665410045559
0.041566137045473614
0.0
0.0
0.0
0.0
0.0
0.0
0.0
0.0
0.0
0.0
0.0
0.0
0.0
0.0
0.0
0.0
0.0036474563225615745
0.1143406773979283
0.18143135763869989
0.23919757045617773
0.10197799007297222
0.24856949291821104
0.06783647336847742
0.03994102581316345
0.0
0.0
0.0
0.0
0.0
0.0
0.0
0.0
0.0
0.0
0.0
0.0
0.0
0.0
0.0
0.0
0.004098145515307773
0.06392014642611024
0.1480113704508339
0.19700735488237348
0.14653489198136863
0.12602446608686235
0.07183170722428797
0.009868857301665344
0.0
0.0
0.0
0.0
0.0
0.0
0.0
0.0
0.0
0.0
0.0
0.0
0.0
0.0
0.0
0.0
0.0
0.016956957371474
0.12811248779140633
0.14644042959293407
0.16076961284708047
0.1201539196435337
0.09450805271711837
0.03680272560972152
0.0
0.0
0.0
0.0
0.0
0.0
0.0
0.0
0.0
0.0
0.0
0.0
0.0
0.0
0.0
0.0
0.0
0.017939795399761097
0.017446610187193894
0.04526673468907576
0.03239389766473312
0.03964644642174195
0.025445749923428358
0.009383562377195861
0.0
0.0
0.0
0.0
0.0
0.0
0.0
0.0
0.0
0.0
0.0
0.0
0.0
0.0
0.0
0.0
0.0
0.08878837748185814
0.147598601151608
0.18104903119451451
0.21449946123742103
0.1683942049675968
0.12228894869777257
0.054807883610010794
0.0
0.0
0.0
0.0
0.0
0.0
0.0
0.0
0.0
0.0
0.0
0.0
0.0
0.0
0.0
0.0
0.0
0.007608340932104511
0.03375038170286459
0.09173730521938625
0.1497242287359079
0.06384880949742566
0.05735691176124222
0.03299289183920927
0.0
0.0
0.0
0.0
0.0
0.0
0.0
0.0
0.0
0.0
0.0
0.0
0.0
0.0
0.0
0.0
0.0
0.05531869681002894
0.11063739362005788
0.07188555798910279
0.27835245430682426
0.2986193373610063
0.17085649471352127
0.023177950903971498
0.0
0.0
0.0
0.0
0.0
0.0
0.0
0.0
0.0
0.0
0.0
0.0
0.0
0.0
0.0
0.0
0.029902494363551683
0.05980498872710337
0.03354802625465406
0.04419586249412097
0.046157635888055715
0.02430581258680484
0.011949323620449596
0.007535502000618356
0.0
0.0
0.0
0.0
0.0
0.0
0.0
0.0
0.0
0.0
0.0
0.0
0.0
0.0
0.0
0.0
0.04022396528942242
0.08044793057884483
0.14451402363353172
0.19476443276835861
0.1459161857215745
0.09080025354573622
0.06583983704984192
0.02159831027316017
0.0
0.0
0.0
0.0
0.0
0.0
0.0
0.0
0.0
0.0
0.0
0.0
0.0
0.0
0.0
0.0
0.0
0.03144075122995631
0.04828233748308731
0.12709757672704075
0.14705779278559405
0.12457037206963277
0.025816788097324808
0.027302764080900134
0.0
0.0
0.0
0.0
0.0
0.0
0.0
0.0
0.0
0.0
0.0
0.0
0.0
0.0
0.0
0.0
0.0
0.029542963927985857
0.1364484578039725
0.20882634566281102
0.2756296095368765
0.30246856776745334
0.1039865251717935
0.03275113975506396
0.0
0.0
0.0
0.0
0.0
0.0
0.0
0.0
0.0
0.0
0.0
0.0
0.0
0.0
0.0
0.0
0.0
0.06825780558033978
0.13651561116067956
0.20625914516850144
0.3882619055401779
0.3331504887578513
0.157072596715836
0.038095651570854226
0.0
0.0
0.0
0.0
0.0
0.0
0.0
0.0
0.0
0.0
0.0
0.0
0.0
0.0
0.0
0.0
0.0
0.03890059647324918
0.09789347727324217
0.13467919069926457
0.20954175275626324
0.09146165900743455
0.08219212709704879
0.041096063548524395
0.0
0.0
0.0
0.0
0.0
0.0
0.0
0.0
0.0
0.0
0.0
0.0
0.0
0.0
0.0
0.0
0.0
0.03894536537772054
0.0979964457535263
0.053811008459404015
0.12002543288770089
0.10516126122512183
0.06297462716367525
0.03148731358183762
0.0
0.0
0.0
0.0
0.0
0.0
0.0
0.0
0.0
0.0
0.0
0.0
0.0
0.0
0.0
0.0
0.004437493811200639
0.008874987622401277
0.025542898446131196
0.042210809269861115
0.04460594565907858
0.036031805074724796
0.010360301944904813
0.0032050195075259986
0.0
0.0
0.0
0.0
0.0
0.0
0.0
0.0
0.0
0.0
0.0
0.0
0.0
0.0
0.0
0.0
0.0
0.00881231115614138
0.029989793727270824
0.03688062350350168
0.04377145327973254
0.03535310848293907
0.02088558931397621
0.004734759336890431
0.0
0.0
0.0
0.0
0.0
0.0
0.0
0.0
0.0
0.0
0.0
0.0
0.0
0.0
0.0
0.0
0.0
0.0020450177437847106
0.030276314715887487
0.19880527408594306
0.3316041707974107
0.21440992342847828
0.128233363833479
0.0641166819167395
0.0
0.0
0.0
0.0
0.0
0.0
0.0
0.0
0.0
0.0
0.0
0.0
0.0
0.0
0.0
0.0
0.0
0.03700162313538849
0.14054033567265428
0.21875832711978097
0.29697631856690765
0.10251055135408911
0.054327865141940816
0.019326736060283654
0.0
0.0
0.0
0.0
0.0
0.0
0.0
0.0
0.0
0.0
0.0
0.0
0.0
0.0
0.0
0.0
0.0
0.06977860526523168
0.10059930985949082
0.1999594164432146
0.3376784157560841
0.20066139286532542
0.10677562792035887
0.025363375139201068
0.0
0.0
0.0
0.0
0.0
0.0
0.0
0.0
0.0
0.0
0.0
0.0
0.0
0.0
0.0
0.0
0.0
0.027010870823746907
0.14295517037983912
0.25502337818680154
0.33615000535743206
0.2006318453883743
0.03077373859188431
0.026591833877895033
0.013295916938947517
0.0
0.0
0.0
0.0
0.0
0.0
0.0
0.0
0.0
0.0
0.0
0.0
0.0
0.0
0.0
0.0
0.030805483166738895
0.09976481748014478
0.12348696458142598
0.0791679876000088
0.034849010618591615
0.02059996370344897
0.012298913436370454
0.0
0.0
0.0
0.0
0.0
0.0
0.0
0.0
0.0
0.0
0.0
0.0
0.0
0.0
0.0
0.0
0.0
0.03219600533961916
0.1770422142443283
0.16808753797196802
0.16650540488795038
0.04768092399861632
0.05643836711085752
0.02821918355542876
0.001728079712594276
0.0
0.0
0.0
0.0
0.0
0.0
0.0
0.0
0.0
0.0
0.0
0.0
0.0
0.0
0.0
0.0
0.031681162938198594
0.1310202281368208
0.230359293335443
0.20295714228661643
0.14839906916355583
0.049476336002271505
0.018590735270774587
0.0
0.0
0.0
0.0
0.0
0.0
0.0
0.0
0.0
0.0
0.0
0.0
0.0
0.0
0.0
0.0
0.0
0.04982958143279619
0.026298800929027026
0.045797772213182875
0.041046817753605906
0.0325675872467314
0.019480741091665112
0.0006948163207879085
0.0
0.0
0.0
0.0
0.0
0.0
0.0
0.0
0.0
0.0
0.0
0.0
0.0
0.0
0.0
0.0
0.0
0.017783104234111356
0.027798803542442744
0.1197747270226613
0.14622732960765042
0.17267993219263955
0.09134826343953018
0.010016594686420811
0.0
0.0
0.0
0.0
0.0
0.0
0.0
0.0
0.0
0.0
0.0
0.0
0.0
0.0
0.0
0.0
0.011655584279117092
0.023311168558234185
0.10144275601973116
0.11954103334132082
0.10682755984954564
0.08561963442337568
0.03708606998230269
0.0013717192330022958
0.0
0.0
0.0
0.0
0.0
0.0
0.0
0.0
0.0
0.0
0.0
0.0
0.0
0.0
0.0
0.0
0.0
0.09004011605087721
0.18008023210175442
0.06007548154201681
0.17830290659424164
0.15358420367942807
0.0961555484016642
0.015238439703959578
0.0
0.0
0.0
0.0
0.0
0.0
0.0
0.0
0.0
0.0
0.0
0.0
0.0
0.0
0.0
0.0
0.002609579441635242
0.005219158883270484
0.027079814936632793
0.056260311810573144
0.1179535279887666
0.12604864129527688
0.07159174589632152
0.008542802351223828
0.0
0.0
0.0
0.0
0.0
0.0
0.0
0.0
0.0
0.0
0.0
0.0
0.0
0.0
0.0
0.0
0.0024416960498676635
0.004883392099735327
0.021215983828974806
0.03332686786656557
0.03905728763889892
0.031355245313647126
0.017494792489315836
0.008747396244657918
0.0
0.0
0.0
0.0
0.0
0.0
0.0
0.0
0.0
0.0
0.0
0.0
0.0
0.0
0.0
0.0
0.0
0.0012923985150648978
0.01537959692698225
0.03789329612264371
0.03928829518597111
0.03148597051470348
0.01750285089212068
0.00875142544606034
0.0
0.0
0.0
0.0
0.0
0.0
0.0
0.0
0.0
0.0
0.0
0.0
0.0
0.0
0.0
0.0
0.0
0.004913834954775849
0.021414310075782903
0.012524054747212942
0.01347723607667578
0.028366473251139515
0.017475989549437868
0.0007431638142244815
0.0
0.0
0.0
0.0
0.0
0.0
0.0
0.0
0.0
0.0
0.0
0.0
0.0
0.0
0.0
0.0
0.0
0.015689710261030828
0.03148297606996517
0.1229246671412658
0.16606935575839937
0.12845094070920976
0.0695744590608423
0.011405326103122221
0.0
0.0
0.0
0.0
0.0
0.0
0.0
0.0
0.0
0.0
0.0
0.0
0.0
0.0
0.0
0.0
0.0
0.020915136790927304
0.1063010775329625
0.15545420081919656
0.20460732410543056
0.1738645174049516
0.08538414998585636
0.004689680241105585
0.0
0.0
0.0
0.0
0.0
0.0
0.0
0.0
0.0
0.0
0.0
0.0
0.0
0.0
0.0
0.0
0.0
0.07763241417664137
0.10336862013219955
0.17066712224760744
0.1635488664366621
0.1266825689825913
0.019100032402770677
0.03394960332776211
0.0
0.0
0.0
0.0
0.0
0.0
0.0
0.0
0.0
0.0
0.0
0.0
0.0
0.0
0.0
0.0
0.0
0.002676374133137947
0.027099513254600187
0.03703552391297256
0.03822727215000001
0.019141672961270794
0.01553436216251523
0.0006652659204443249
0.0
0.0
0.0
0.0
0.0
0.0
0.0
0.0
0.0
0.0
0.0
0.0
0.0
0.0
0.0
0.0
0.0
0.02391823490286575
0.15874337223070695
0.17322163593674292
0.20463508082620283
0.1541823162431654
0.06769147893877714
0.03384573946938857
0.0
0.0
0.0
0.0
0.0
0.0
0.0
0.0
0.0
0.0
0.0
0.0
0.0
0.0
0.0
0.0
0.0
0.07876148594740891
0.15752297189481781
0.17390480941897576
0.036793126548206524
0.054720735269699707
0.06793233564483303
0.007238236474928563
0.0
0.0
0.0
0.0
0.0
0.0
0.0
0.0
0.0
0.0
0.0
0.0
0.0
0.0
0.0
0.0
0.0
0.05371015007237318
0.10742030014474636
0.12321476964224015
0.11874146070746246
0.09053436475624095
0.04939800919369234
0.005205728211929078
0.0
0.0
0.0
0.0
0.0
0.0
0.0
0.0
0.0
0.0
0.0
0.0
0.0
0.0
0.0
0.0
0.0
0.0
0.27042925359348396
0.23732936407258817
0.20422947455169232
0.12685000468531413
0.05019489569328245
0.025097447846641224
0.0
0.0
0.0
0.0
0.0
0.0
0.0
0.0
0.0
0.0
0.0
0.0
0.0
0.0
0.0
0.0
0.0
0.0
0.026283823815132112
0.03780644444796928
0.012953486377629653
0.02171389257920787
0.01497206472235502
5.640881963390642e-05
0.0
0.0
0.0
0.0
0.0
0.0
0.0
0.0
0.0
0.0
0.0
0.0
0.0
0.0
0.0
0.0
0.0
0.01319160539152926
0.007451346024986998
0.03818160786743923
0.11910856572412756
0.09183355836399965
0.05021190787698156
0.033663530028190156
0.0
0.0
0.0
0.0
0.0
0.0
0.0
0.0
0.0
0.0
0.0
0.0
0.0
0.0
0.0
0.0
0.0
0.0
0.026222042726961645
0.03830427466569074
0.03829084399434934
0.03021542900580645
0.007953850084439792
0.00011192226117838577
0.0
0.0
0.0
0.0
0.0
0.0
0.0
0.0
0.0
0.0
0.0
0.0
0.0
0.0
0.0
0.0
0.0
0.0
0.025854042332207113
0.038197724673048924
0.014291596581458966
0.027040865989742716
0.005868301490475494
5.909495390218769e-05
0.0
0.0
0.0
0.0
0.0
0.0
0.0
0.0
0.0
0.0
0.0
0.0
0.0
0.0
0.0
0.0
0.0
0.0
0.02513863523875487
0.03764527639187241
0.03757096001044996
0.026675551729256463
0.01578014344806296
2.775672077223967e-05
0.0
0.0
0.0
0.0
0.0
0.0
0.0
0.0
0.0
0.0
0.0
0.0
0.0
0.0
0.0
0.0
0.0
0.0
0.024848532737780493
0.031108120960965248
0.037367709184150014
0.029405111834874934
0.005373539203237391
7.135880877742216e-07
0.0
0.0
0.0
0.0
0.0
0.0
0.0
0.0
0.0
0.0
0.0
0.0
0.0
0.0
0.0
0.0
0.0
0.0
0.06188987660833433
0.07103347765756372
0.11759627213108519
0.08222704684253644
0.0468578215539877
0.0044285400303063676
0.0
0.0
0.0
0.0
0.0
0.0
0.0
0.0
0.0
0.0
0.0
0.0
0.0
0.0
0.0
0.0
0.0
0.0
0.013211444393575987
0.03788613309792829
0.03378574913739696
0.029685365176865614
0.015864308988469113
6.536260052817728e-05
0.0
0.0
0.0
0.0
0.0
0.0
0.0
0.0
0.0
0.0
0.0
0.0
0.0
0.0
0.0
0.0
0.0
0.0
0.019003504570000475
0.03800700914000095
0.03780554906987985
0.010582022095669257
0.01585266907330656
4.9245794918489737e-05
0.0
0.0
0.0
0.0
0.0
0.0
0.0
0.0
0.0
0.0
0.0
0.0
0.0
0.0
0.0
0.0
0.0
0.0
0.018970823269736387
0.037941646539472774
0.11834301745766738
0.09071702188648408
0.04725178791333561
0.004565532877988712
0.0
0.0
0.0
0.0
0.0
0.0
0.0
0.0
0.0
0.0
0.0
0.0
0.0
0.0
0.0
0.0
0.0
0.12729724604098297
0.14258761767412934
0.28517523534825867
0.25814198007227607
0.19191623506589106
0.1087105399716108
0.013280247822382543
0.0
0.0
0.0
0.0
0.0
0.0
0.0
0.0
0.0
0.0
0.0
0.0
0.0
0.0
0.0
0.0
0.0
0.0
0.024005086577540174
0.037797490667075016
0.0375127604346372
0.02947047443540311
0.015706722444729947
0.004493902630834545
0.0
0.0
0.0
0.0
0.0
0.0
0.0
0.0
0.0
0.0
0.0
0.0
0.0
0.0
0.0
0.0
0.0
0.0
0.023568142069899756
0.037296974315085274
0.1180726132746604
0.08910623670360475
0.048186562638697486
0.024093281319348743
0.0
0.0
0.0
0.0
0.0
0.0
0.0
0.0
0.0
0.0
0.0
0.0
0.0
0.0
0.0
0.0
0.0
0.0
0.023686331977704138
0.018496543466124334
0.038136838962967885
0.016066782441222057
0.015670011943063437
3.9396635934791785e-05
0.0
0.0
0.0
0.0
0.0
0.0
0.0
0.0
0.0
0.0
0.0
0.0
0.0
0.0
0.0
0.0
0.0
0.0
0.023824220203475906
0.03742322262569449
0.03795328645463532
0.029867126929019307
0.014934011153554368
8.95378089427086e-07
0.0
0.0
0.0
0.0
0.0
0.0
0.0
0.0
0.0
0.0
0.0
0.0
0.0
0.0
0.0
0.0
0.0
0.0
0.2509019528411686
0.28144777636197366
0.22487689329388097
0.05075365116768469
0.08866257686029363
0.009019143494799039
0.0
0.0
0.0
0.0
0.0
0.0
0.0
0.0
0.0
0.0
0.0
0.0
0.0
0.0
0.0
0.0
0.0
0.0
0.19855188208663518
0.17927528719935948
0.10468268163632306
0.08446146286470176
0.04907835921576687
0.0031656744338284387
0.0026158470882612322
0.0
0.0
0.0
0.0
0.0
0.0
0.0
0.0
