0.0
0.0
0.0
0.0
0.0
0.0
0.0
0.0
0.0
0.0
0.0
0.0
0.0014596171179015107
0.0
0.0
0.0
0.0
0.0
0.0
0.0
0.0
0.0
0.0
0.0
0.0
0.0
0.0
0.0
0.0
0.0
0.0
0.0
0.0
0.0
0.0
0.0
0.0
0.0
0.0
0.0
0.0
0.0
0.0
0.0
0.0
0.0
0.0
0.0
0.0
0.0
0.0
0.0
0.0
0.0
0.0
0.0
0.0
0.0
0.004290889493492011
0.0
0.0
0.03401833316781506
0.0
0.0
0.0
0.0
0.0
0.0
0.0
0.0
0.0
0.0
0.0
0.0
0.0
0.0
0.0
0.0
0.0
0.0
0.0
0.0
0.0
0.0007064436898318046
0.000745843273051996
0.0020161966129660816
0.00191454486368814
0.00020192735798690566
0.0
0.0
0.0
0.0
0.0
0.0
0.0
0.0
0.0
0.0
0.0
0.0
0.0
0.0
0.0
0.0
0.0
0.0
0.0
0.0
0.0
0.019566932550399724
0.009783466275199862
0.0
0.0
0.0
0.0
0.0
0.0
0.0
0.0
0.0
0.0
0.0
0.0
0.0
0.0
0.0
0.0
0.0
0.0
0.0
0.04619372065223143
0.12591831916360022
0.1603911219425133
0.15401113826897392
0.08927029288318165
0.005727599876963179
0.0
0.0
0.0
0.0
0.0
0.0
0.0
0.0
0.0
0.0
0.0
0.0
0.0
0.0
0.0
0.0
0.0
0.0
0.0
8.026727557176827e-05
0.0
0.0
0.0
0.0
0.0
0.0
0.0
0.0
0.0
0.0
0.0
0.0
0.0
0.0
0.0
0.0
0.0
0.0
0.0
0.0
0.0
0.0
0.0
0.001428463959076243
0.002856927918152486
0.001428463959076243
0.0
0.0
0.0
0.0
0.0
0.0
0.0
0.0
0.0
0.0
0.0
0.0
0.0
0.0
0.0
0.0
0.0
0.0
0.0
0.0
0.004287224415983157
0.0
0.020235809195765765
0.015888111000886503
0.0064285459505317
0.0
0.0
0.0
0.0
0.0
0.0
0.0
0.0
0.0
0.0
0.0
0.0
0.0
0.0
0.0
0.0
0.0
0.0
0.0
0.0
0.0439470281393033
0.08511134618000843
0.08365539413961577
0.017427443554605605
0.0
0.0
0.0
0.0
0.0
0.0
0.0
0.0
0.0
0.0
0.0
0.0
0.0
0.0
0.0
0.0
0.0
0.0
0.0
0.012212954528882132
0.10207319992533494
0.013148465563017376
0.11419007113526414
0.2152316767075109
0.0
0.0
0.0
0.0
0.0
0.0
0.0
0.0
0.0
0.0
0.0
0.0
0.0
0.0
0.0
0.0
0.0
0.0
0.0
0.0030154425204104657
0.0929307890451506
0.2281153404205135
0.0896523772134798
0.06767657247038512
0.04570076772729043
0.0
0.0
0.0
0.0
0.0
0.0
0.0
0.0
0.0
0.0
0.0
0.0
0.0
0.0
0.0
0.0
0.0
0.0
0.00017708859783428798
0.0
0.0
0.00030465956792357333
0.004053575724793649
0.0
0.0
0.0
0.0
0.0
0.0
0.0
0.0
0.0
0.0
0.0
0.0
0.0
0.0
0.0
0.0
0.0
0.0
0.0
0.0062865241970635685
0.024812574734948467
0.0
0.0
0.007125826946591368
0.0007412619261659273
0.00037063096308296363
0.0
0.0
0.0
0.0
0.0
0.0
0.0
0.0
0.0
0.0
0.0
0.0
0.0
0.0
0.0
0.0
0.0
0.0
0.008007278087470999
0.0
0.0
0.0
0.0
0.0
0.0
0.0
0.0
0.0
0.0
0.0
0.0
0.0
0.0
0.0
0.0
0.0
0.0
0.0
0.0
0.0
0.0
0.0
0.0
0.04099938955280665
0.0
0.032383708598865725
0.0
0.0
0.0
0.0
0.0
0.0
0.0
0.0
0.0
0.0
0.0
0.0
0.0
0.0
0.0
0.0
0.0
0.0
0.0
0.005496714017126419
0.014427577613607776
0.0
0.0009683924794654472
0.02723748164174467
0.05237029252402934
0.0
0.0
0.0
0.0
0.0
0.0
0.0
0.0
0.0
0.0
0.0
0.0
0.0
0.0
0.0
0.0
0.0
2.748808131641263e-06
5.497616263282526e-06
0.0
0.013811844592120134
0.015145016535966144
0.018256667340984058
0.05702127588276636
0.0
0.0
0.0
0.0
0.0
0.0
0.0
0.0
0.0
0.0
0.0
0.0
0.0
0.0
0.0
0.0
0.0
0.0
0.0
0.0
0.0010062706640236003
0.004105803079294833
0.00226364349640658
0.000421483913518327
0.0
0.0
0.0
0.0
0.0
0.0
0.0
0.0
0.0
0.0
0.0
0.0
0.0
0.0
0.0
0.0
0.0
0.0
0.0
0.006812462819584263
0.03706767765518243
0.02019686774723418
0.0033260578392859284
0.0
0.0
0.0
0.0
0.0
0.0
0.0
0.0
0.0
0.0
0.0
0.0
0.0
0.0
0.0
0.0
0.0
0.0
0.0
0.0
0.0
7.30667188373713e-05
0.00010995232526565051
0.006652115678571857
0.0033260578392859284
0.0
0.0
0.0
0.0
0.0
0.0
0.0
0.0
0.0
0.0
0.0
0.0
0.0
0.0
0.0
0.0
0.0
0.0
0.0
0.0
0.0001227800965466431
0.00011270113339729179
0.0
0.0
0.0
0.0
0.0
0.0
0.0
0.0
0.0
0.0
0.0
0.0
0.0
0.0
0.0
0.0
0.0
0.0
0.0
0.0
0.14487868138628443
0.28975736277256886
0.006196729798096621
0.0001301102515643531
0.0
0.0018142133668832335
0.0
0.0
0.0
0.0
0.0
0.0
0.0
0.0
0.0
0.0
0.0
0.0
0.0
0.0
0.0
0.0
0.0
1.5118444724026947e-05
3.0236889448053895e-05
0.0
0.00012369636592385685
0.00011544994152893305
0.0
0.0
0.0
0.0
0.0
0.0
0.0
0.0
0.0
0.0
0.0
0.0
0.0
0.0
0.0
0.0
0.0
0.0
0.0
0.0
0.0
0.0
0.0
0.0
0.0
0.0
0.0
0.0
0.0
0.0
0.0
0.0
0.0
0.0
0.0
0.0
0.0
0.0
0.0
0.0
0.0
0.0
0.0
0.0
0.0014046409552686853
0.00016126341038962076
0.0
0.011851028124882697
0.00012552890467828437
0.0004388930316853883
0.0
0.0
0.0
0.0
0.0
0.0
0.0
0.0
0.0
0.0
0.0
0.0
0.0
0.0
0.0
0.0
0.0
0.0027249851278337055
0.0027625521722994695
0.004230415714595904
0.16049163397500915
0.34663936570999865
0.279779189254711
0.1398895946273555
0.0
0.0
0.0
0.0
0.0
0.0
0.0
0.0
0.0
0.0
0.0
0.0
0.0
0.0
0.0
0.0
0.0
0.0
0.00884932964513044
4.997498253310643e-05
0.0008484654432999365
0.0004911203861865724
0.00013377532907320812
0.00017527166933068323
0.0
0.0
0.0
0.0
0.0
0.0
0.0
0.0
0.0
0.0
0.0
0.0
0.0
0.0
0.0
0.0
0.0
0.0031437202332203914
0.0016465360708531164
0.00014935190848584196
0.0014898540073495644
0.0014816075829546407
0.00012094755779221558
0.0
0.0
0.0
0.0
0.0
0.0
0.0
0.0
0.0
0.0
0.0
0.0
0.0
0.0
0.0
0.0
0.0
0.0
0.0004941589331580561
0.0
0.00016217967976683452
0.0008260168435581995
0.0014898540073495644
0.0007449270036747822
0.0
0.01932686997356972
0.0
0.0
0.0
0.0
0.0
0.0
0.0
0.0
0.0
0.0
0.0
0.0
0.0
0.0
0.0
0.0
0.0
0.0
0.0
0.0
0.0
0.004749940451476102
0.0
0.0
0.0
0.0
0.0
0.0
0.0
0.0
0.0
0.0
0.0
0.0
0.0
0.0
0.0
0.0
0.0
0.0
0.002106503298214421
0.02956801280268785
0.004208425249542774
0.05301809497371947
0.03929512851118907
0.022336814877716903
0.010011517298125487
0.014596171179015106
0.0
0.0
0.0
0.0
0.0
0.0
0.0
0.0
0.0
0.0
0.0
0.0
0.0
0.0
0.0
0.0
0.0
0.0
0.0
0.0
4.3175800613957636e-05
0.0
0.026312507705447383
0.0021798048483915216
0.0
0.0
0.0
0.0
0.0
0.0
0.0
0.0
0.0
0.0
0.0
0.0
0.0
0.0
0.0
0.0
0.004260652604043958
0.0
0.0
0.0
0.0
0.0
0.0
0.0
0.0
0.0
0.0
0.0
0.0
0.0
0.0
0.0
0.0
0.0
0.0
0.0
0.0
0.0
0.0
0.0
0.0
0.0
0.0
0.0
0.0
0.0
0.0
0.0
0.0
0.0
0.0
0.0
0.0
0.0
0.0
0.0
0.0
0.0
0.0
0.0
0.0
0.0
0.0
0.0
0.08312212536207737
0.013875067179147882
0.0015164258192887634
0.08432427078498181
0.10865397155813862
0.04872812174960467
0.024964217316877344
0.0012003128841500182
0.0
0.0
0.0
0.0
0.0
0.0
0.0
0.0
0.0
0.0
0.0
0.0
0.0
0.0
0.0
0.0
0.0012332985817297135
0.24701706140305604
0.16780007612666367
0.08858309085027134
0.11630023951098739
0.0852286286602918
0.04299777306450985
0.0007669174687279124
0.0
0.0
0.0
0.0
0.0
0.0
0.0
0.0
0.0
0.0
0.0
0.0
0.0
0.0
0.0
0.0
0.0
0.030290033071932287
0.02735636180623406
0.013422430106804287
0.000801852018651194
0.07405655614392448
0.0
0.002491336436644198
0.0
0.0
0.0
0.0
0.0
0.0
0.0
0.0
0.0
0.0
0.0
0.0
0.0
0.0
0.0
0.0
0.0
0.0
0.00017317491229339958
0.000842967827036654
0.0015127607417799085
0.0014944353542356334
0.0
0.0
0.0
0.0
0.0
0.0
0.0
0.0
0.0
0.0
0.0
0.0
0.0
0.0
0.0
0.0
0.0
0.0
0.0
0.0
0.0
0.0
0.00046572025688555377
0.0
0.0
0.0
0.0
0.0
0.0
0.0
0.0
0.0
0.0
0.0
0.0
0.0
0.0
0.0
0.0
0.0
0.0
0.0
0.007970627312382449
0.29908315249385037
0.39212389386426666
0.10506720999222927
0.13878732256656737
0.0020773323160852364
0.0368523543515372
0.06883107188567443
0.0
0.0
0.0
0.0
0.0
0.0
0.0
0.0
0.0
0.0
0.0
0.0
0.0
0.0
0.0
0.0
0.0
0.0
0.00010216403555933361
7.977262419454609e-05
0.0
0.0
0.0
0.0
0.0
0.0
0.0
0.0
0.0
0.0
0.0
0.0
0.0
0.0
0.0
0.0
0.0
0.0
0.0
0.0
0.01009637226751836
0.3070217103780304
0.002186218734032018
0.06814854158965859
0.07119504687888592
0.07553541491874748
0.0180065258010047
0.09388096038932127
0.046940480194660635
0.0
0.0
0.0
0.0
0.0
0.0
0.0
0.0
0.0
0.0
0.0
0.0
0.0
0.0
0.0
0.0
0.0008338051332645165
0.002204544121576293
0.0035697854936247867
0.04245809040133095
0.021301430481465364
0.00014477056159977318
0.0
0.0
0.0
0.0
0.0
0.0
0.0
0.0
0.0
0.0
0.0
0.0
0.0
0.0
0.0
0.0
0.0031265892554187074
0.001417468726549678
0.06834819792388279
0.04714864082098113
0.06195543465899657
0.016917081511497546
0.012610615438592902
0.008304149365688256
0.003296737219215088
0.0
0.0
0.0
0.0
0.0
0.0
0.0
0.0
0.0
0.0
0.0
0.0
0.0
0.0
0.0
0.01578548883063856
0.19810751831676304
0.1593035420365787
0.11794585931246329
0.15622576135369956
0.19526341816989154
0.40673655789207164
0.05153190604387876
0.005342766738533402
0.0
0.0
0.0
0.0
0.0
0.0
0.0
0.0
0.0
0.0
0.0
0.0
0.0
0.0
0.0
0.0
0.0
0.0
9.529201523023044e-05
0.008447545523222208
0.016895091046444415
0.012500705220091614
0.008289489055652837
0.002954968741514358
0.0
0.0
0.0
0.0
0.0
0.0
0.0
0.0
0.0
0.0
0.0
0.0
0.0
0.0
0.0
0.01798728414408321
0.18911525064878726
0.0573288807293313
0.10157304181103075
0.4639355900340174
0.4290183966071557
0.39410120318029396
0.11734047342798433
0.14126491496255336
0.0
0.0
0.0
0.0
0.0
0.0
0.0
0.0
0.0
0.0
0.0
0.0
0.0
0.0
0.0
0.020475871772595772
0.005688592490382287
0.048072989144896834
0.07560780019954737
0.07745316672525587
0.07021418051057861
0.06297519429590133
0.03692908401753131
0.006348830514714104
0.0
0.0
0.0
0.0
0.0
0.0
0.0
0.0
0.0
0.0
0.0
0.0
0.0
0.0
0.0
0.0
0.0
0.0015539928637545275
0.003260544578815145
0.004967096293875763
0.003928963089492579
0.0028908298851093948
0.0014889377379723508
0.001237879928615782
0.005570001544082412
0.0
0.0
0.0
0.0
0.0
0.0
0.0
0.0
0.0
0.0
0.0
0.0
0.0
0.0
0.0
0.0
0.009817826376845378
0.06280853729154338
0.026726957183995127
0.04123945212963666
0.008759958983778545
0.0008191448232290964
0.0
0.0
0.0
0.0
0.0
0.0
0.0
0.0
0.0
0.0
0.0
0.0
0.0
0.0
0.0
0.0
0.0
0.0
0.0
0.014823405984564119
0.01836570339687249
0.0008649582920897841
8.989047745927106e-05
0.016129089847093717
0.0
0.0
0.0
0.0
0.0
0.0
0.0
0.0
0.0
0.0
0.0
0.0
0.0
0.0
0.0
0.0
0.003252756289108828
0.003057554568710974
0.001513677011157122
0.003553750779523546
0.00559382454788997
0.0021402230171016093
0.02472552914411316
0.0
0.0
0.0
0.0
0.0
0.0
0.0
0.0
0.0
0.0
0.0
0.0
0.0
0.0
0.0
0.0
0.0
0.0
0.0
0.0
0.0
0.005511360303940732
0.00013377532907320812
0.016663274894009338
0.084550131186465
0.15243698747892065
0.012640852328040955
0.006320426164020477
0.0
0.0
0.0
0.0
0.0
0.0
0.0
0.0
0.0
0.0
0.0
0.0
0.0
0.0
0.0
0.0007944055500443251
0.000462716035492946
0.00013102652094156686
0.002149567958943468
0.004168109396945369
0.0008477593701314718
0.0026122839944364134
0.0
0.0
0.0
0.0
0.0
0.0
0.0
0.0
0.0
0.0
0.0
0.0
0.0
0.0
0.0
0.004559833945714414
0.02004614143468252
0.06287440466440783
0.07573569913656786
0.162691874348697
0.060554410601302594
0.13631614405622186
0.002260151175442941
0.007962380887987525
0.0012781957812131872
0.0
0.0
0.0
0.0
0.0
0.0
0.0
0.0
0.0
0.0
0.0
0.0
0.0
0.0
0.06701227717190512
0.00015301698599469698
0.09086276906077916
0.45691421779642843
0.1286973641846895
0.27902051821037804
0.28977466945537855
0.05781293262467904
0.026869599486793346
0.016985801714788577
0.0
0.0
0.0
0.0
0.0
0.0
0.0
0.0
0.0
0.0
0.0
0.0
0.0
0.0
0.06521180784568012
0.0814920821400141
0.24535815569561054
0.4639484178052985
0.5095447308235864
0.15707789187450832
0.44047542889983643
0.332683666825656
0.17688946834862412
0.021095269871592263
0.0
0.0
0.0
0.0
0.0
0.0
0.0
0.0
0.0
0.0
0.0
0.0
0.0
0.0
0.09849712551172417
0.02895869366684071
0.3921330565580388
0.09954442140987949
0.51103000348405
0.117452299222447
0.025398987136365268
0.006967312344333389
9.162693772137544e-05
0.0
0.0
0.0
0.0
0.0
0.0
0.0
0.0
0.0
0.0
0.0
0.0
0.0
0.0
0.00034589168989819226
0.0006917833797963845
0.271647298531939
0.176678726391865
0.07035299532122649
0.07487028162050031
0.06509544163477396
0.0002006629936098122
0.0025229477301580727
0.004845232466706333
0.0
0.0
0.0
0.0
0.0
0.0
0.0
0.0
0.0
0.0
0.0
0.0
0.0
0.0
0.0
0.00602813623268929
0.04373811872129856
0.09548076672193648
0.14722341472257439
0.11898765759435535
0.0907519004661363
0.04960774035172988
0.015484036205535236
0.0
0.0
0.0
0.0
0.0
0.0
0.0
0.0
0.0
0.0
0.0
0.0
0.0
0.0
0.0
0.0
0.006730914845012239
0.0
0.1639577004933178
0.3279154009866356
0.4229829302194487
0.3300640526762019
0.12345740995895411
0.3712109615987399
0.08683652516654913
0.033177197879532834
0.0
0.0
0.0
0.0
0.0
0.0
0.0
0.0
0.0
0.0
0.0
0.0
0.0
0.0
0.017749054106007633
0.21563916701886823
0.42715836977141175
0.5128423843121788
0.47465685801679564
0.03323675538905173
0.03334304263680852
0.0038780601703249235
0.008640072813027715
0.0
0.0
0.0
0.0
0.0
0.0
0.0
0.0
0.0
0.0
0.0
0.0
0.0
0.0
0.0
0.0
0.0
0.0028706719588106923
0.01962374125178698
0.028884475847286394
0.05052309345956642
0.03595121276507487
0.04832404695425341
0.008887812958973416
0.0
0.0
0.0
0.0
0.0
0.0
0.0
0.0
0.0
0.0
0.0
0.0
0.0
0.0
0.0
0.0
0.026583723441102654
0.06697104504993051
0.06686200899404207
0.06677587967258398
0.017465926868448587
0.031161405249662568
0.00018233760606553714
0.008973026011054297
0.004486513005527148
0.0030905766093419934
0.0
0.0
0.0
0.0
0.0
0.0
0.0
0.0
0.0
0.0
0.0
0.0
0.0
0.09672506053619276
0.005030318880903511
0.1800973274382495
0.0015604067493950238
0.007753471469982788
0.00566712609806707
0.059248726738772996
0.03891808767438722
0.024704454948437246
0.052043184356364035
0.026021592178182017
0.0
0.0
0.0
0.0
0.0
0.0
0.0
0.0
0.0
0.0
0.0
0.0
0.0
0.0
0.0
0.0
0.0007843265868949737
0.02434436108319224
0.018693727833915017
0.009642818925797549
0.03533134718536237
0.0235691971900694
0.0
0.0
0.0
0.0
0.0
0.0
0.0
0.0
0.0
0.0
0.0
0.0
0.0
0.0
0.0
0.0
0.009096722376978153
0.09841466126777493
0.12973458111969546
0.18389892908430938
0.2568971940975519
0.20278782229557088
0.11333244299819205
0.03381767017420525
0.016908835087102624
0.0
0.0
0.0
0.0
0.0
0.0
0.0
0.0
0.0
0.0
0.0
0.0
0.0
0.0
0.028929091353590976
0.3412681946207717
0.4673312843459716
0.17710662419102377
0.24535403248341306
0.3041913542718171
0.2206798144244239
0.10724636894277215
0.11236852761336319
0.02483731400813324
0.0
0.0
0.0
0.0
0.0
0.0
0.0
0.0
0.0
0.0
0.0
0.0
0.0
0.0
0.0
0.01372708967472786
0.02745417934945572
0.06006306376594844
0.14821481818871968
0.08176696295317823
0.1074655701758924
0.06430378489286129
0.0014687798116736484
0.01184186543111056
0.0
0.0
0.0
0.0
0.0
0.0
0.0
0.0
0.0
0.0
0.0
0.0
0.0
0.08632769377825968
0.09255398739720086
0.1736782706520011
0.46743207397746517
0.5421061956816317
0.5463805923263337
0.5038730233786334
0.1267035620198724
0.004894711013075875
0.0014761099666913582
0.004924031633146715
0.0
0.0
0.0
0.0
0.0
0.0
0.0
0.0
0.0
0.0
0.0
0.0
0.0
0.0
0.0
0.08688707623304869
0.06856524896095524
0.20003809789455243
0.14169556156984384
0.0034598331683591364
0.21440153665175524
0.050395679054667665
0.0700872772018345
0.0
0.0
0.0
0.0
0.0
0.0
0.0
0.0
0.0
0.0
0.0
0.0
0.0
0.0
0.0
0.0
0.019440029241655617
0.03428542569127287
0.06857085138254573
0.021547906943935862
0.3076805080602471
0.2561055373556393
0.07056353820258007
0.08629150113785976
0.06954759453865561
0.0002922899313311876
0.0
0.0
0.0
0.0
0.0
0.0
0.0
0.0
0.0
0.0
0.0
0.0
0.00031061531887546274
0.0
6.59713951593903e-05
0.0001319427903187806
0.013178003071565475
0.07711231451693236
0.08816893709177073
0.02656916250156031
0.008489200880071001
0.0
0.0
0.0
0.0
0.0
0.0
0.0
0.0
0.0
0.0
0.0
0.0
0.0
0.0
0.0
0.03258437159247553
0.004133291160611246
0.0028147795268006533
0.055752242795325306
0.11250138667305919
0.10561837111142947
0.084123607791372
0.06262884447131455
0.002462304395431237
0.002128493763267551
0.0010642468816337756
0.0
0.0
0.0
0.0
0.0
0.0
0.0
0.0
0.0
0.0
0.0
0.0
0.0
0.0
0.00013102652094156686
0.002823025951195577
0.006194897259342194
0.042988610370737715
0.10720672407682952
0.08863590534837218
0.04823608509404088
0.07404372837264349
0.03320285342209482
0.01660142671104741
0.0
0.0
0.0
0.0
0.0
0.0
0.0
0.0
0.0
0.0
0.0
0.0
0.0
0.0
0.0
0.019161634259699727
0.21753334538307187
0.18058386647755
0.1633295978352378
0.17960712332144013
0.19588464880764248
0.10382202499740191
0.003782242816397764
0.0
0.0
0.0
0.0
0.0
0.0
0.0
0.0
0.0
0.0
0.0
0.0
0.0
0.0
0.0
0.0
0.006212306377509255
0.0279324719643613
0.006812462819584263
0.03138176803488248
0.028300064875702368
0.04021323042715725
0.024475387604133807
0.010346513807497714
0.0
0.0
0.0
0.0
0.0
0.0
0.0
0.0
0.0
0.0
0.0
0.0
0.0
0.0
0.0
0.0
0.011951817756376212
0.09052100058307844
0.16909018340978066
0.08628417098284204
0.232956907809711
0.3454986103353676
0.17661733634359167
0.04771070451752298
0.0013899806452332653
0.005910853752405929
0.0
0.0
0.0
0.0
0.0
0.0
0.0
0.0
0.0
0.0
0.0
0.0
0.012762716155210385
0.00019424910796931593
0.030528716497895163
0.1336346873143108
0.2789921138596844
0.21597018982554517
0.26651445545838504
0.03627693718264696
0.039263975352363804
0.04225101352208064
0.0024387832792476275
0.0
0.0
0.0
0.0
0.0
0.0
0.0
0.0
0.0
0.0
0.0
0.0
0.0
0.0
0.0
0.028462991933768066
0.02321918228797375
0.3137187232560857
0.2961006956710196
0.26710443495971314
0.3245758198478972
0.28031337430162667
0.013360123789153753
0.006043547198182757
0.00047920888428279354
0.0
0.0
0.0
0.0
0.0
0.0
0.0
0.0
0.0
0.0
0.0
0.0
0.017128739737633923
0.026389474333133336
0.05612241562371967
0.3521633782019501
0.6230567626197125
0.31071977358446506
0.6331742090829067
0.3300979546431588
0.2263240337880606
0.3054237365841696
0.014464228388696324
0.0
0.0
0.0
0.0
0.0
0.0
0.0
0.0
0.0
0.0
0.0
0.0
0.0
0.006818876705224759
0.06174615489464224
0.10963285191840422
0.08233710936326033
0.33943657213572137
0.37451502897297273
0.4095934858102241
0.34417185227716207
0.2787502187441
0.06390337517501887
0.042581786767254805
0.0021688096158649565
0.0010844048079324783
0.0
0.0
0.0
0.0
0.0
0.0
0.0
0.0
0.0
0.0
0.0
0.0007554641015127404
0.001510928203025481
0.004872720548022746
0.0706599455625931
0.12060762185326927
0.10017344033733672
0.15186065404065321
0.28900785442200794
0.06128238662149892
0.018796350004162958
0.0033590435368656235
0.0
0.0
0.0
0.0
0.0
0.0
0.0
0.0
0.0
0.0
0.0
0.0
0.0
0.00035539956155512077
0.0014834401217090683
0.0366526076273046
0.13470090645849284
0.175855916491127
0.22261222654096768
0.138762125158694
0.13875937635056235
0.08430686166681475
0.11260767392081597
0.13432783950766805
0.008304149365688256
0.0
0.0
0.0
0.0
0.0
0.0
0.0
0.0
0.0
0.0
0.0
0.0
0.05000110641932178
0.07405380733579284
0.4315298909700986
0.545768524382355
0.6197856809430593
0.6472792598757352
0.6245044682357102
0.5604517411522055
0.42920806436823894
0.2979643875842724
0.12857824916565172
0.0032365911204815484
0.0
0.0
0.0
0.0
0.0
0.0
0.0
0.0
0.0
0.0
0.0
0.05174448053939235
0.1034889610787847
0.10080337553417118
0.32725889397786195
0.1439137420188214
0.2619626657933599
0.5378143899187625
0.1666869196226639
0.30686227950639516
0.17982198849039674
0.052781697474398315
0.051960720112414795
0.0003180902343927305
0.0
0.0
0.0
0.0
0.0
0.0
0.0
0.0
0.0
0.0
0.0
0.0
0.0
0.0
0.10354485351079475
0.20374197472896213
0.5755481954111793
0.350687443818529
0.2647432087746333
0.5238055474105414
0.4035424428431045
0.201565261996365
0.0790209036296686
0.0
0.0
0.0
0.0
0.0
0.0
0.0
0.0
0.0
0.0
0.0
0.0
0.0
0.040772154747257636
0.022708003368555205
0.2377471641137845
0.030762828070574587
0.01783793223559737
0.17543901392449476
0.21411749314481898
0.2527959723651432
0.22481677066254396
0.15338166120682803
0.08194655175111212
0.0
0.0
0.0
0.0
0.0
0.0
0.0
0.0
0.0
0.0
0.0
0.0
0.0
0.0061930647205877655
0.22671802962026252
0.2270909512567885
0.11330953626376171
0.2415015778869178
0.1512629977365457
0.3873702883352817
0.22149740627450837
0.4045237673461004
0.20975788344803592
0.09058147436197453
0.0025481451380314508
0.0
0.0
0.0
0.0
0.0
0.0
0.0
0.0
0.0
0.0
0.0
0.0
0.0
0.02063713518298539
0.07914368372621525
0.15689921934595166
0.23465475496568805
0.3219220829902804
0.40918941101487283
0.0940367261834476
0.20121092269738605
0.14197593999927122
0.039845806406894536
0.019922903203447268
0.0
0.0
0.0
0.0
0.0
0.0
0.0
0.0
0.0
0.0
0.0
0.0010582911306818864
0.0
0.14379473471304052
0.17840170407386943
0.3200657212320454
0.13423712928037757
0.4342823641792487
0.42226824010522196
0.3148658925163574
0.19394215772794932
0.09994299858896746
0.050854782974117795
0.0
0.0
0.0
0.0
0.0
0.0
0.0
0.0
0.0
0.0
0.0
0.0
0.0005011993493359237
0.00025059967466796186
0.009836151764389652
0.03708325423459507
0.05058872208931066
0.1621641031874219
0.1372049253521192
0.24662764691774022
0.24127571748543464
0.0778385877060204
0.10040021700819714
0.0021321588407764063
0.0
0.0
0.0
0.0
0.0
0.0
0.0
0.0
0.0
0.0
0.0
0.0
0.0
0.0
0.012501579382704464
0.032987530118449584
0.1284435575672013
0.22389958501595303
0.3085619592011267
0.24750268417297935
0.30690717670587864
0.3177777965971426
0.3286484164884066
0.15946568987152737
0.024375514242017508
0.0
0.0
0.0
0.0
0.0
0.0
0.0
0.0
0.0
0.0
0.0
0.07062054597937291
0.14124109195874582
0.11861381968845215
0.46273710968862186
0.3993065295122453
0.4630028278080139
0.44388211844431724
0.4780543848675042
0.40062137606854703
0.3153689244044477
0.24176775414099844
0.12838629073112545
0.08140457841449018
0.0
0.0
0.0
0.0
0.0
0.0
0.0
0.0
0.0
0.0
0.0
0.004196183618244036
0.028297147176492374
0.08211697785527387
0.2476992338440562
0.24864435581698766
0.2226791142055043
0.25997952428249904
0.18948817228531326
0.049133077867715834
0.08516998742015011
0.04295745721191244
0.02443873682904526
0.0
0.0
0.0
0.0
0.0
0.0
0.0
0.0
0.0
0.0
0.0
0.0
0.0
0.0
0.005844882357246538
0.011689764714493076
0.06610517048846352
0.0156883642766539
0.06714788503973278
0.028707174223727875
0.05278261374377554
0.05980032090385568
0.01809632019997165
0.001457784579147083
0.0007288922895735416
0.0
0.0
0.0
0.0
0.0
0.0
0.0
0.0
0.0
0.0
0.0
0.01418201742051449
0.00014935190848584196
0.01885865632181349
0.06833903523011065
0.1932485418093985
0.21813166928639244
0.6780045209018442
0.6565235016224448
0.3142038995655968
0.4840394564394645
0.2581964640744411
0.09950868690416816
0.0
0.0
0.0
0.0
0.0
0.0
0.0
0.0
0.0
0.0
0.0
0.0
0.0005818310545307341
0.012203333700421386
0.023824836346312037
0.08698520816771325
0.05248297792162856
0.3125642238407964
0.6653041110642842
0.5210123002141052
0.4768059678410505
0.4753403949721971
0.17520444896392803
0.037836034563271094
0.0017958879793389584
0.0
0.0
0.0
0.0
0.0
0.0
0.0
0.0
0.0
0.0
0.00990991144925536
0.01981982289851072
0.1595206660341602
0.33339285932361945
0.4770858881357893
0.5871793188855307
0.6310480059930822
0.27734514034687563
0.45889152711245573
0.5865232700114456
0.39324815639010796
0.331230463593395
0.10280817293151488
0.0
0.0
0.0
0.0
0.0
0.0
0.0
0.0
0.0
0.0
0.0
0.0
0.0037080277615694117
0.16977646917331374
0.3427974482113414
0.20435097785309755
0.29763223993503246
0.37172636312342267
0.397980687723417
0.14274285746799917
0.06206167372681923
0.29019992088176305
0.1584486308628201
0.10559912945450796
0.0
0.0
0.0
0.0
0.0
0.0
0.0
0.0
0.0
0.0
0.0
0.0
0.010729514407173065
0.009138870768329987
0.33948879949022254
0.1986453143530986
0.3677630399322846
0.4252057997285693
0.6989880059094163
0.6555348469644312
0.6120816880194462
0.2805406091071757
0.03605908263018083
0.034985913630152785
0.01881834046921609
0.0010117785710656517
0.0
0.0
0.0
0.0
0.0
0.0
0.0
0.0
0.0
0.0
0.0
0.012620694401742252
0.024254627574370972
0.17815850143606518
0.2702509040010652
0.2746205926609976
0.18038961736958067
0.16451983175623844
0.06244790824958047
0.06419658137572727
0.03381492136607361
0.00895470062351002
0.0
0.0
0.0
0.0
0.0
0.0
0.0
0.0
0.0
0.0
0.0
0.0
0.0
0.005421460369729654
0.04220703259197438
0.09817184988281329
0.18648097618929768
0.07530634757444404
0.10329196316268374
0.05106167278700557
0.04569068876414108
0.025138766633236564
0.018205356255860086
0.0021834699259003767
0.0019791418547817096
0.0
0.0
0.0
0.0
0.0
0.0
0.0
0.0
0.0
0.0
0.0
0.0170673496893606
0.03273153771054182
0.11431348134613056
0.5081116855176242
0.46569940858515396
0.4232871316526837
0.3932211264434801
0.3631551212342766
0.3424327729992104
0.35363050105813965
0.24285353335299673
0.12487926968983978
0.050367327665440075
2.9320620070840137e-05
1.4660310035420068e-05
0.0
0.0
0.0
0.0
0.0
0.0
0.0
0.0
0.0
0.0027964541392563784
0.005592908278512757
0.09253679321294869
0.10549542496185337
0.09421626909256497
0.20510140247303563
0.22100967140022082
0.18006159293253815
0.2290499351852715
0.23052421261320843
0.14746943305035629
0.06441465348750415
0.046618869643258606
0.0038739869268597533
0.0
0.0
0.0
0.0
0.0
0.0
0.0
0.0
0.0
0.0
0.0067226684206173155
0.19842638006003344
0.36732781197810804
0.4966491556086801
0.5901416177820628
0.6441080515611984
0.6426873758918286
0.6412667002224586
0.5860642190534615
0.17336549632386003
0.1863618611702599
0.12199302115161648
0.10160694377798764
0.0038556615393154784
0.0
0.0
0.0
0.0
0.0
0.0
0.0
0.0
0.0
0.00507017659881231
0.01014035319762462
0.0418350272248256
0.27291129213780535
0.3132234666960252
0.59843293937647
0.3376362721590033
0.3344035044466862
0.6458956931161425
0.571183088098133
0.4795552341073803
0.3707244225594394
0.21112175041601858
0.05151907827259777
0.0
0.0
0.0
0.0
0.0
0.0
0.0
0.0
0.0
0.0
0.0
0.007461181538651602
0.20562642482617913
0.3757309184365354
0.5092478595453692
0.6040368428875094
0.6650823738749986
0.688968600269584
0.24377750779353682
0.584833211145175
0.5043659763035744
0.37242410225417094
0.20455347338546181
0.014929071213449193
0.0034103546219895935
0.0
0.0
0.0
0.0
0.0
0.0
0.0
0.0
0.0
0.0
0.01578090748375249
0.2140130384358166
0.38731347963389445
0.5034217607103556
0.6195300417868167
0.6786917229347544
0.3573803644155712
0.2485270733367043
0.6151356138536995
0.4978687101497516
0.3806018064458037
0.05952943428797255
5.314362387839775e-05
0.0
0.0
0.0
0.0
0.0
0.0
0.0
0.0
0.0
0.0
0.0002024955323642397
0.008113565335227795
0.0013057934246538134
0.21489632211545065
0.18734868328951912
0.20106798467454068
0.13712979126318767
0.03839240496740293
0.018718034243105308
0.13191163715995538
0.08682385364602092
0.01164395124563239
0.006178404410552346
0.003089202205276173
0.0
0.0
0.0
0.0
0.0
0.0
0.0
0.0
0.0
0.0
0.0
0.000749508350560851
0.005820926332095826
0.0685287029911939
0.13257226738092648
0.3105291895540046
0.40522013207278285
0.26388079885644294
0.4814170934818786
0.39565427977467127
0.027477086083886066
0.2228669494278331
0.20188071561212928
0.05973893085558235
0.0019653978141235032
0.0
0.0
0.0
0.0
0.0
0.0
0.0
0.0
0.0
0.004764142626822915
0.00952828525364583
0.021634952534771164
0.021459945083723342
0.10410927544715841
0.34994343308423154
0.2997011761887811
0.24945891929333067
0.2898581524040623
0.050193236483769464
0.11045993850062695
0.014355992444485403
0.018492148570927992
0.015472124703631454
0.0
0.0
0.0
0.0
0.0
0.0
0.0
0.0
0.0
0.0
0.0
0.0
0.0028651743425474096
0.07018898310270522
0.018702890527687154
0.09984862284311445
0.059237573922166754
0.1255124118294945
0.19788119978059124
0.11776901932266107
0.07873044623709184
0.0644256487200307
0.03396839648675691
0.0011826773391485457
0.0
0.0
0.0
0.0
0.0
0.0
0.0
0.0
0.0
0.0
0.0
0.0
0.03592325720304246
0.10351644916010111
0.16793614212917995
0.23235583509825875
0.41901640008549035
0.12407379830020249
0.42003712417170647
0.056115085468701954
0.13687192299377487
0.19881579454534928
0.22473980403485802
0.019533946852820026
0.0012103918472993695
0.0
0.0
0.0
0.0
0.0
0.0
0.0
0.0
0.0
0.0
0.0
0.0
0.0015448301699823898
0.005297645747065977
0.052582867019542935
0.2284204581231257
0.3836502346637939
0.5414272400731163
0.6595142048696706
0.2717829063997666
0.41332636725299293
0.10967344514724173
0.07272430046945569
0.036362150234727844
0.0
0.0
0.0
0.0
0.0
0.0
0.0
0.0
0.001794971709961745
0.00358994341992349
0.05318393973099515
0.0945104374514671
0.13583693517193907
0.26235724331636867
0.11144492808113172
0.09203559386361276
0.14032024123464598
0.19333833620836544
0.1263572121952856
0.35970628329844406
0.19564550250018967
0.2286009631904368
0.03888852459019616
0.0029595500884004263
0.0
0.0
0.0
0.0
0.0
0.0
0.0
0.0
0.0
0.007049776588282626
0.019059319315423304
0.06522763429165099
0.15634762518086898
0.12351677712592295
0.4086882116655369
0.33456018651018976
0.017923145287678247
0.08403839473929113
0.037158388323526595
0.04482419671028169
0.0484504921283089
0.07252961953615837
0.0602282187030145
0.003026449055104384
0.0
0.0
0.0
0.0
0.0
0.0
0.0
0.0
0.0
0.0
0.0
0.02669277334406106
0.04147493335958059
0.024533112574898274
0.09180835905806375
0.15766705308405676
0.2353909774102793
0.31311490173650186
0.242910342054384
0.1727057823722661
0.22042325899880402
0.06470044039189098
0.07297444200943504
0.03648722100471752
0.0
0.0
0.0
0.0
0.0
0.0
0.0
0.0
0.0
0.00726051854504179
0.08951768561502936
0.1079860111821498
0.28381660782695445
0.5575141815288582
0.656519836544936
0.7156796851541193
0.7356965059687309
0.711302666339169
0.6472105396724442
0.5467406861915789
0.4154200427799264
0.24256215969104278
0.07766940629827832
0.01067728705267188
0.0
0.0
0.0
0.0
0.0
0.0
0.0
0.0
0.0
0.0018710402246828433
0.0902525336555548
0.2566754569082662
0.398276642732257
0.5398778285562478
0.6272624390611236
0.6792378194835738
0.6925264742613049
0.652690288682871
0.6128541031044372
0.5197602181101425
0.3976233426663036
0.23475004698091828
0.0755097593761855
0.005005781604755071
0.005418817096842143
0.0
0.0
0.0
0.0
0.0
0.0
0.0
0.0
0.008270247398731346
0.12897911701818274
0.24699369653393713
0.38686725644719133
0.15044114423292693
0.6122319561973091
0.6655377597554738
0.6844129089260772
0.6443352863667475
0.269296265873568
0.5102310165871196
0.38954459556740995
0.06775263561766613
0.0771416351370032
0.004691482975447113
0.0
0.0
0.0
0.0
0.0
0.0
0.0
0.0
0.0
0.008858492338902577
2.5858620451220565e-05
0.25223521550628836
0.39406959188678004
0.5359039682672717
0.23096734727772453
0.6813406577042793
0.6792882142993205
0.6772357708943618
0.2000499369860855
0.31581517980141344
0.39673181256227463
0.23597968048513915
0.031242953224234593
0.004886464588680952
0.0
0.0
0.0
0.0
0.0
0.0
0.0
0.0
0.0
0.005700111795646765
0.00044757120376453613
0.004158030433796017
0.0039142128859819885
0.008884079866912009
0.0431167503377931
0.07446796109429346
0.07626659788176406
0.07806523466923465
0.07397180122653221
0.028520074053532345
0.02509841188090884
0.03946601275003944
0.01840006349851801
0.004502547719628389
0.0
0.0
0.0
0.0
0.0
0.0
0.0
0.0
0.0
0.012291753695322514
0.09659586655400562
0.09973821238316019
0.10288055821231476
0.22129188236840266
0.17184998677394847
0.05950711470314726
0.15323597437585107
0.14421530235718166
0.09675758809908386
0.016599120045072836
0.01982715305352843
0.01717638574524904
0.02199138132250732
0.0
0.0
0.0
0.0
0.0
0.0
0.0
0.0
0.0
0.0
0.0
0.0
0.0034534192827186403
0.14533956488302294
0.1538123078141185
0.08203359734194743
0.09076656077617173
0.15166383931108043
0.32507404964789577
0.3314668610927161
0.30378865388053167
0.27611044666834716
0.1800854159363457
0.0776950618408403
0.007281592740717705
0.0
0.0
0.0
0.0
0.0
0.0
0.0
0.0
0.0029077808685878496
0.005815561737175699
0.011036464648539671
0.023720381637309673
0.022581673408555797
0.10661252338570638
0.28905275162149147
0.37053841987586505
0.04634948644635776
0.09757077717136106
0.17759224696094708
0.2576137167505331
0.24797731171037604
0.12471525747131852
0.0005975430018151199
0.00048012515366000733
0.0
0.0
0.0
0.0
0.0
0.0
0.0
0.0
0.0
0.0
0.0008099821294569588
0.01184919558612827
0.022888409042799582
0.10818300909825077
0.16208072267409543
0.12958431294183242
0.3265785639652808
0.0714470209576197
0.13502237169559606
0.015643467077170427
0.03415119222751105
0.005503113879545809
0.0014376266528483804
0.0007188133264241902
0.0
0.0
0.0
0.0
0.0
0.0
0.0
0.0
0.0
0.004559356421015642
5.082658546803604e-05
0.16068982575948496
0.01038748189017429
0.18635788180041038
0.28610328049624034
0.02090285330237738
0.08927487423006773
0.07052496918563494
0.1580413491246486
0.18068373983966626
0.09064103187149344
0.07675863453732786
0.06287623720316225
0.0011325089502362002
0.0
0.0
0.0
0.0
0.0
0.0
0.0
0.0
0.0
0.0004219420482069339
0.0008438840964138678
0.01587345069085108
0.0031478434454178528
0.020524892184276704
0.010146767083265116
0.010045943460306295
0.06963005878260482
0.12498005932133333
0.11614813879436994
0.0930627318354694
0.06997732487656884
0.032580706514966674
0.002166060807733315
0.0
0.0
0.0
0.0
0.0
0.0
0.0
0.0
0.0
0.0
0.0
0.0008658745614669979
0.06064603753902397
0.1424474118025862
0.09905421729307012
0.10296668753377286
0.12592748185737232
0.28637541250127285
0.3217754798899262
0.3597511804979275
0.27173984173903754
0.11266953252699442
0.23461718792122233
0.10297585022754499
0.008446171119156388
0.0
0.0
0.0
0.0
0.0
0.0
0.0
0.0
0.0010170590087072674
0.0020341180174145348
0.017558470075547172
0.01962374125178698
0.06055349433192539
0.12750254891680277
0.14986135425957278
0.06017837043711932
0.28626820898413885
0.11204401531458702
0.34923424058626806
0.5638236124603521
0.4353598969668521
0.12736249465808358
0.10154921880722317
0.015925678045352266
0.007962839022676133
0.0
0.0
0.0
0.0
0.0
0.0
0.0
0.0
0.06220965123123924
0.15585283971717354
0.29630685628089276
0.4535212722926059
0.2487598057585166
0.281442218174354
0.38763875526280533
0.36188792068559
0.18743101685847016
0.656095603823286
0.2511925009550191
0.43353285582868784
0.271227647157175
0.14412275915008305
0.004567397253072227
0.0025902935293832838
0.0
0.0
0.0
0.0
0.0
0.0
0.0
0.0
0.016364571077037652
0.12423696485641296
0.07890422508808631
0.024348942430078308
0.20205847187130874
0.3030982449048011
0.19020377866891722
0.01557108179637054
0.3406717032562055
0.11837200369111395
0.5585688075820312
0.4342182253228438
0.27271108727888416
0.10486794649149139
0.017688580327111528
0.003035600446709168
0.0
0.0
0.0
0.0
0.0
0.0
0.0
0.0
0.017505326451668777
0.1280376502330956
0.13780519414690354
0.45512474370272993
0.57775457207151
0.6687630279632661
0.7219662093511828
0.5160291692061282
0.4612216001387104
0.4275221287141657
0.3823042349486669
0.15845206915122012
0.17748000396223843
0.06638188384038207
0.0006368072171635592
0.0
0.0
0.0
0.0
0.0
0.0
0.0
0.0
0.0
0.0
0.0014889377379723508
0.03580505845338188
0.0701211791687914
0.01432403917398262
0.017688580327111528
0.03296553965339646
0.11351569687363482
0.10583919203133799
0.07422881478684067
0.06554166482147707
0.05685451485611345
0.045942204708186246
0.035029894560259046
0.017514947280129523
0.0
0.0
0.0
0.0
0.0
0.0
0.0
0.0
0.0
0.0
0.0014486218853749456
0.008190531962913751
0.057599548053055484
0.09526177834078241
0.11337825646705275
0.2205084720508849
0.14209047367142294
0.3077547258798014
0.10715770366514857
0.061719447114429886
0.0162811905637112
0.08788397731545725
0.029956511018626484
0.0
0.00038849821593863186
0.00019424910796931593
0.0
0.0
0.0
0.0
0.0
0.0
0.0
0.0
0.0
0.17284230650947097
0.44119195155281765
0.5459087135970687
0.6506254756413199
0.10784331055720149
0.135124993865844
0.21380687782594351
0.17421485735727613
0.04525089381241501
0.2259492796127802
0.08019227762559542
0.12692804801728974
0.0
0.0
0.0
0.0
0.0
0.0
0.0
0.0
0.0
0.0
0.0007137738448495147
0.11310520819264305
0.1688867716080392
0.04115057400004692
0.0950740574472302
0.2535253227894053
0.14324260613780435
0.34712865355743083
0.44566975999926123
0.2938201011911346
0.320535767422556
0.16927068847709179
0.18713702506338276
0.026529663547847044
0.0001734386591929262
0.0012470426223879197
0.0
0.0
0.0
0.0
0.0
0.0
0.0
0.0
0.04285941638855058
0.0771361375207399
0.11141285865292924
0.264240176886543
0.18965310077321174
0.45348553778689454
0.7173179748005775
0.7373833578921815
0.3648978655897372
0.655028149998832
0.5596454241002574
0.43599029029837516
0.18583775508649367
0.11714870495428735
0.020636218913608173
0.002965047704663709
0.0
0.0
0.0
0.0
0.0
0.0
0.0
0.0
0.0
0.04459830267850277
0.053917871502143375
0.1748361086742881
0.09752954504938643
0.6676964904081893
0.38566144594677804
0.4310424356614209
0.27179206909353876
0.1683480052142375
0.06232372676870237
0.04226025176097657
0.0032090192066164002
0.0024116210008266015
1.3809847896915517e-05
0.0
0.0
0.0
0.0
0.0
0.0
0.0
0.0
0.0
0.0
0.13438464820905527
0.19414740206844522
0.17734943557598545
0.09883747788173396
0.2858183207199269
0.41108517235632813
0.7487872465609838
0.5596756609897054
0.37056407541842706
0.30336487929357026
0.13001590567488064
0.22087314726301596
0.0027772124823348897
0.0
0.0
0.0
0.0
0.0
0.0
0.0
0.0
0.0
0.0
0.0
0.0014193012653041055
0.014991999549971448
0.11612339952118514
0.13008172341400792
0.3459365870976757
0.28674375279091274
0.15217310189828312
0.0221233241128261
0.13085334602927345
0.11267731039348422
0.04623617852158254
0.0067693981588552166
0.0027533894785273317
0.0
0.0
0.0
0.0
0.0
0.0
0.0
0.0
0.0
0.0
0.0
0.0
0.006131674672314444
0.010355448932336081
0.018959445953307005
0.1185166951344675
0.05742993202500369
0.16738958744567195
0.11257468822323628
0.6719708870528914
0.4470844799176793
0.12598291615469376
0.056047281534788135
0.05813643026651995
0.010796423929443317
0.002382300380755761
0.0
0.0
0.0
0.0
0.0
0.0
0.0
0.0
0.0014211338040585329
0.12238060309817787
0.18225239301345625
0.4679616776774947
0.14445799599028103
0.21093987094464167
0.2817555704265331
0.47733969475327753
0.06577164843515772
0.4023641204240076
0.3174039586912394
0.1669360341039511
0.14754365086991061
0.1281512676358701
0.06548806306291005
0.002824858489950005
0.0014124292449750025
0.0
0.0
0.0
0.0
0.0
0.0
0.004089310230504985
0.029292215720146515
0.09817368242156771
0.1670551491229889
0.1463134318116275
0.36356377737651396
0.5023346070942915
0.21360867981827075
0.371481261065018
0.41586351715849784
0.160113478900709
0.22104448963655493
0.17760140965471918
0.2959156092568225
0.1592210459478113
0.02252648263880015
0.003701676501459815
0.0
0.0
0.0
0.0
0.0
0.0
0.001130218276793166
0.0006143344581721451
0.006842699709032317
0.14884429525086554
0.31875912110013854
0.1468046796171877
0.5935070752045689
0.4068547566417322
0.7441243517003431
0.29763178180034383
0.7399709026134331
0.6772421847800022
0.1826141936452984
0.10862739974619944
0.055903437951773875
0.1307296496633496
0.05689208190057922
0.0020185414380019004
0.0
0.0
0.0
0.0
0.0
0.0
0.0
0.0001327538775812018
0.026237373616515857
0.08987319813338832
0.3116543683492231
0.4730634655698209
0.5957986649169805
0.43614743049656735
0.27649619607615417
0.3405750368369095
0.12084063583852583
0.459175570619392
0.3905332502254236
0.3464057170188092
0.20160583479896516
0.019336164974776283
0.0434678192550205
0.002004797397343695
0.0
0.0
0.0
0.0
0.0
0.0
0.0
0.0
0.0
0.0
0.012409952444983089
0.03486863114986942
0.02588702078422682
0.16131563774412194
0.12820789206969574
0.24475479231071526
0.23885951513772197
0.21765250284610793
0.0465583958643625
0.021957336630761024
0.009720768032735774
0.005486621030755961
0.0
0.0
0.0
0.0
0.0
0.0
0.0
0.0
0.0
0.0
0.0
0.000376586714034853
0.000753173428069706
0.003349880843093486
0.010680035860803521
0.010612231926889704
0.0072827647559239655
0.01870930441332765
0.017338565425015873
0.0205877526888058
0.03961835288088743
0.07570400848415482
0.062037850723011656
0.011664109171931093
0.0
0.0
0.0
0.0
0.0
0.0
0.0
0.0
1.8783522232881965e-05
3.756704446576393e-05
0.0
0.14380298113743545
0.30150668499658084
0.44887212147262334
0.41986120045128145
0.39085027942993955
0.7042648012527902
0.7174480850521417
0.6761289174866876
0.6348097499212334
0.5463586018612807
0.4280975458830559
0.2835780420926393
0.14210330144270397
0.0006285607927686356
0.004292722032246439
0.0021463610161232194
0.0
0.0
0.0
0.0
0.0
0.0
0.0
0.0
0.050907010328618975
0.10875735179978406
0.06335819489557669
0.27332498776161734
0.29777197101505753
0.1307021615820332
0.06047652770423943
0.1418467460170841
0.114420971018322
0.16031873666171337
0.09996498905402058
0.11390786016708229
0.12521370801252282
0.03386714872057479
0.002032285478660107
0.0
0.0
0.0
0.0
0.0
0.0
0.0
0.0
0.0
0.0
0.0015343047132826972
0.020958745734387416
0.10128258441845397
0.15319932360076252
0.08106968195711856
0.06947612552723292
0.021272109861394523
0.309570771785439
0.1475496066208625
0.18142087855363476
0.215292150486407
0.13620069411469293
0.05546270167212577
0.0
0.0
0.0
0.0
0.0
0.0
0.0
0.0
0.0011825575717928551
0.0
0.002079931486275222
0.006726333498126171
0.05690994915343489
0.05268644032638825
0.09950731250010232
0.09192106019146104
0.12078262930431709
0.18263264480499994
0.16228779955334574
0.14194295430169154
0.13922071798198948
0.135617946790785
0.01305307568908252
0.001365241372048494
0.0009043578753099756
0.0
0.0
0.0
0.0
0.0
0.0
0.0
0.0
0.026397720757528262
0.02747800235326328
0.03972617275441106
0.04841602934289759
0.33834896038496864
0.27851565378353327
0.2207076899393791
0.17903863169067302
0.4831378473722861
0.355136847914279
0.5752879749080506
0.4574520679208529
0.13735633331125197
0.13765664615508558
0.057192618256305325
0.010724016790909782
0.0
0.0
0.0
0.0
0.0
0.0
0.0
0.0
0.008877733995824066
0.1140746211937352
0.24563074583533162
0.2530823065455225
0.12629930243302198
0.3313266718780024
0.4827062844956184
0.49601418093027105
0.5093220773649236
0.3468409449729857
0.14348503566354232
0.21440795053739575
0.18693452953101852
0.1286579646014693
0.05175089442503284
0.009876467616987059
0.0
0.0
0.0
0.0
0.0
0.0
0.0
0.00030603397198939396
0.0
0.0068820992922525095
0.008871320110183569
0.046074605633193634
0.12236319398001082
0.23724871357258018
0.16033660391456905
0.08342449425655792
0.033204005599824414
0.12413892403305107
0.19610272091941933
0.1048542024508332
0.09011509324897274
0.05569451782456084
0.021273942400148946
0.0
0.0
0.0
0.0
0.0
0.0
0.0
0.0
0.005121945818624886
0.036834028963992925
0.06854611210936096
0.17649913759393107
0.27232533787107716
0.40874135528941535
0.4282995832807315
0.5106382983252912
0.5225594210575307
0.5789063226786677
0.494132163629474
0.2229817611099528
0.3111197251676189
0.21288144575495763
0.11962812988902778
0.02637481402309792
0.0
0.0
0.0
0.0
0.0
0.0
0.0
0.0
0.0015081793948938395
0.0
0.07456416937890091
0.11753995197835762
0.2062911782593477
0.29504240454033775
0.3638753089647666
0.48425294720435524
0.49467001375389846
0.5162041766571761
0.500141974474619
0.4112409381504545
0.27853123036294586
0.07835615183377628
0.09924388505415338
0.021900873732969475
0.0
0.0
0.0
0.0
0.0
0.0
0.0
0.0
0.02142787565552086
0.04285575131104172
0.09852736240117221
0.17867344482605932
0.17904270138507644
0.1794119579440936
0.09171297554672377
0.09852277095321203
0.5229964815504616
0.3243080484485451
0.4026564103553388
0.28123880637261256
0.1056834822291029
0.08066194208425843
0.02356828092069219
0.017114079427598503
0.0077500163465033575
0.0
0.0
0.0
0.0
0.0
0.0
0.0
0.0034186010463845176
0.0
0.0027955378698791646
0.07897875523831677
0.1522106689427489
0.20716942245740708
0.1877601803015179
0.4174724861848852
0.3183046514890405
0.36860325895118956
0.20559069032046776
0.2853692105192155
0.23572037625138767
0.17531348501981647
0.11490659378824528
0.02848173703272314
0.0007376985318957148
0.0
0.0
0.0
0.0
0.0
0.0
0.0
0.0
0.0014050990899572924
0.002810198179914585
0.015125774879044655
0.08801729450984185
0.16090881414063904
0.18769045176721988
0.10106221288691689
0.23385301926062604
0.07711401918216754
0.09891769315586528
0.08167533601545685
0.08505728628675281
0.08843923655804878
0.04523805169179748
0.011730996836467696
0.0012672005486866224
0.0
0.0
0.0
0.0
0.0
0.0
0.0
0.003158462182841721
0.0
0.0027955378698791646
0.007498748583117364
0.01635724092201994
0.05151156116032994
0.07574065925924336
0.14221233749859238
0.0805061762901321
0.1451434832362992
0.16769195634015246
0.19024042944400574
0.08527174959973338
0.09011600951834994
0.13560878409701285
0.000749508350560851
0.0003747541752804255
0.001253914642717023
0.0
0.0
0.0
0.0
0.0
0.0
0.0028862485382233263
0.0
0.010427145512692526
0.03936293244510289
0.07588726235959757
0.13786097422620427
0.20959936884577793
0.1408736679384831
0.18535121604719315
0.27927615736662065
0.09969203229243412
0.24359113020165382
0.1139811617172594
0.06043071423537874
0.006880266753498081
0.0
0.0
0.0
0.0
0.0
0.0
0.0
0.0
0.0
0.0
0.0
0.010975074600266348
0.000749508350560851
0.0033480483043390585
0.0606478700777784
0.04408355227650815
0.04115338011405182
0.2891352158654407
0.4330307402099747
0.3780958096991241
0.32699821534004464
0.31892771466554587
0.2790342622510362
0.153870032784883
0.03232781616685568
0.01242461275501851
0.0
0.0
0.0
0.0
0.0
0.0
0.0
0.0
0.003382866540673181
0.0054545516025534795
0.122801170742319
0.16944019831187632
0.18080651993621294
0.22222189578627463
0.05654667264902165
0.16690121586761697
0.11321332797915427
0.20546058006890341
0.10040204954695156
0.16338549026724783
0.0979323722690292
0.13739367684382525
0.06315386682445802
0.03157693341222901
0.00010170590087072673
0.0
0.0
0.0
0.0
0.0
0.0
0.0
0.0
0.010954000404590434
0.007442856151107327
0.04013168245258522
0.11943479705043566
0.016008142289301502
0.09175521543418537
0.2200732440967084
0.11944670855233945
0.3079150730208138
0.4992312027136685
0.39225950173209434
0.26774994673596025
0.14324039173982625
0.07179520332096093
0.01046013121027222
0.0
0.0
0.0
0.0
0.0
0.0
0.0
0.00282119341244115
0.001783060208057966
0.0002632852573438899
0.10983772727664823
0.03691007932230166
0.2261233707944508
0.2160792258814336
0.4244452961454819
0.08934897550857741
0.10589874954085687
0.20281164529937845
0.11736141175381593
0.1297290835034322
0.13590748791398452
0.14208589232453686
0.027548555095308735
0.0
0.0
0.0
0.0
0.0
0.0
0.0
0.0
0.0
0.002379093437935513
0.004758186875871026
0.06844440620849024
0.1859477074117593
0.26273841137728965
0.2309273711391825
0.19959553978535818
0.336014306011828
0.07788161428760049
0.37340359421841246
0.18116559806758561
0.04234119596455843
0.07807164855487515
0.0071185920615732794
0.0
0.006283775388931927
0.0
0.0
0.0
0.0
0.0
0.0
0.0
0.01783197648464548
0.03566395296929096
0.058859312253457155
0.1373551935299823
0.17364770729204185
0.3888738863832895
0.029275553404761574
0.33357336439093055
0.32830023412506537
0.302866428752366
0.2451900202648918
0.21473689124381548
0.2482741829885933
0.10645937757490526
0.056942476716325977
0.05450611644231461
0.0008887812958973416
0.0
0.0
0.0
0.0
0.0
0.0
0.0
0.0
0.0007188133264241902
0.0014376266528483804
0.24446250237938413
0.2085374126375872
0.08190557822886944
0.30838878428883326
0.3221383225633029
0.3044323331180243
0.2867263436727457
0.11781025144463568
0.16524734964174617
0.024177817397852592
0.01777929099545569
0.08496474307965424
0.0060684520852866955
0.011895009054988958
0.0
0.0
0.0
0.0
0.0
0.0
0.0
0.0014354739053213136
0.011594472699262847
0.11991400593471847
0.17620959647073156
0.23250518700674463
0.2851604393070874
0.435140908585698
0.40028785401524125
0.20774834162130956
0.614215679398977
0.680571907696797
0.4011115801853564
0.28226502807509196
0.2479351633190242
0.0910031587731827
0.03274013738660187
0.02387797997019044
0.0
0.0
0.0
0.0
0.0
0.0
0.0
0.0
0.0
0.0074483537673706085
0.014896707534741217
0.0271930425769498
0.10413218218158875
0.2082231322412029
0.45552057207368635
0.46759333738785475
0.38856968495005445
0.4887756528502824
0.44658053176021173
0.3145213752305249
0.21821321726096443
0.12190505929140394
0.05111925103966872
0.0
0.0
0.0
0.0
0.0
0.0
0.0
0.0
0.0
0.009955724918116048
0.019911449836232095
0.11062028564163935
0.3099675164257726
0.45606941743063734
0.5339367379143939
0.2049419948238722
0.5697069781314416
0.6280577608805452
0.5643257280790653
0.5005936952775853
0.3151893356065138
0.12978497593544225
0.05391512269401173
0.008556123444422038
0.0059382867681468795
0.0046431950690307
0.0
0.0
0.0
0.0
0.0
0.0
0.0
0.0
0.0004371619632866074
0.07127292977594911
0.20604012044999115
0.25773512244301394
0.27200555985842956
0.490818933561469
0.4816232540917517
0.08620110394417381
0.16989565470382725
0.26294457198716276
0.18671737368861885
0.11147699750933422
0.010175171433958742
0.034726609396401285
0.0
0.0
0.0
0.0
0.0
0.0
0.0
0.0
0.0
0.008929503215636644
0.011522545553151568
0.23185005440203676
0.4458411023728003
0.5651311288616362
0.1470488764627621
0.24416379856241238
0.2807641788352158
0.4922428161736592
0.3099986695845979
0.22733834398863623
0.11011358867604015
0.15703391094440206
0.13133255491355628
0.07010193751186992
0.008871320110183569
0.0044356600550917846
0.0
0.0
0.0
0.0
0.0
0.0032028196080506784
0.001342792772306757
0.07501726458593311
0.14362888995576487
0.30023581937038535
0.4437987379309908
0.5584780969136871
0.6486032691258091
0.7023974442620285
0.1675325209258533
0.6971554671549889
0.6446752223056937
0.10449777366309704
0.1926604351815898
0.3083008224286208
0.06828585389418045
0.017736075964075834
0.010228521705068301
0.006879350484120868
0.0
0.0
0.0
0.0
0.0
0.0
0.008805348715024178
0.028724128706273985
0.13829803471913524
0.28227831398106157
0.42625859324298787
0.2084132925123099
0.6173520694771796
0.19474755851052022
0.24604031824694617
0.6733636165062564
0.12238846024174628
0.11447159991700318
0.40437166662948293
0.27866500569201913
0.051301216443535816
0.03425564693651342
0.006270963414393292
0.0007632523912190573
0.0
0.0
0.0
0.0
0.0
0.0
0.004812204405334138
0.028416262195530166
0.1375164569403719
0.2855031240541654
0.33537200117840116
0.385240878302637
0.2648092971860299
0.6564208794521968
0.6765055042007224
0.6604176464756034
0.6092018533668632
0.4212988271041298
0.3568809666738054
0.2879637654666729
0.15255976757546733
0.04240036543056648
0.02479791442491305
0.0
0.0
0.0
0.0
0.0
0.0
0.0
0.007350312944008737
0.012739608082387336
0.001756651994743979
0.2965505839352316
0.29362493581378807
0.3840465211694388
0.4744681065250896
0.5889028215840698
0.48360331221591074
0.2722327946639786
0.22232360168714535
0.3347956677401337
0.1758696605317852
0.1654700031004091
0.1494013870322115
0.0
0.019833566939168927
0.0
0.0
0.0
0.0
0.0
0.0
0.0
0.0
0.0
0.0020130438217386185
0.00395370236267735
0.010566418458029015
0.0742920373738684
0.1380176562897078
0.12990500722385726
0.09394051789884017
0.1256141177303652
0.10233446166349537
0.015107585785583688
0.06619038354054439
0.025291783619231265
0.004029752720986091
0.0020148763604930457
0.0
0.0
0.0
0.0
0.0
0.0
0.0
0.0
0.0
0.009405505157099188
0.008832836796340593
0.06971130374847527
0.24753750240931346
0.2421929031320256
0.30969171934323125
0.25358625470299
0.19748079006274882
0.10901029984240945
0.3189167194330193
0.12184444659665507
0.2827744738488228
0.0506018926260068
0.11212388368964712
0.0570565522537891
1.5118444724026947e-05
0.0
0.0
0.0
0.0
0.0
0.0
0.0015310861293241834
0.00197619562238048
0.0
0.006701825005641749
0.0858957558739482
0.3149621008009648
0.42025977763036937
0.47210596407063254
0.4768220025551516
0.533731493573898
0.46628856979470235
0.28246019345243845
0.19618793397150022
0.21550335057785477
0.16003377688539988
0.09688815648533682
0.06863132516144185
0.034315662580720926
0.007817610326387751
0.0
0.0
0.0
0.0
0.0
0.0
0.0015943485448459262
0.027275506820899038
0.07075432130844611
0.18756767167067323
0.1406216938597493
0.29185561964638834
0.42665625415269864
0.300815359751473
0.17497446535024738
0.09098646542670302
0.18836116095134034
0.2761406835577952
0.2587865415533667
0.07227351309102462
0.031599382011970746
0.017054980052768218
0.002510578093565687
0.0012552890467828436
0.0
0.0
0.0
0.0
0.0
0.0
0.0
0.0
0.002013960091115832
0.07940080242336585
0.22181232337466006
0.3427818716319288
0.43186066421527275
0.4594875603423333
0.4871144564693938
0.4578964585688016
0.4695422423531885
0.3748439696793925
0.0961039275729456
0.1467368756832739
0.13529358743125133
0.060788059292492105
0.030394029646246053
0.0
0.0
0.0
0.0
0.0
0.0
0.0
0.0
0.0
0.050974652722211126
0.05497433009407083
0.03035620423890038
0.03361766003458162
0.22191861062241688
0.11673959067736141
0.01156057073230594
0.2690973208551531
0.08412476842838468
0.016378315117695857
0.045552332088181796
0.0681167311175129
0.0
0.0
0.0
0.0
0.0
0.0
0.0
0.0
0.0
0.0013350044826004402
0.0026700089652008803
0.020900104494245737
0.033957859388918946
0.0861229075724524
0.11035319311818154
0.13458347866391068
0.2696947284890965
0.4048059783142823
0.22074331840792524
0.2932721721035608
0.08645642962575821
0.04334320661971944
0.03427815453115382
0.007247690773760797
0.06109867461136757
0.0052428933764171026
0.0006734579922521094
0.0
0.0
0.0
0.0
0.0
0.0
0.0
0.0020304529399056796
0.02353712776186692
0.10843773198511618
0.22949432583322021
0.07940551932161492
0.4603529767691117
0.2572832997476884
0.5021852551858056
0.44745740155420527
0.6001674373075356
0.41159278559130447
0.38076215358681614
0.4090987003465287
0.27446161992405105
0.13982453950157336
0.061272765793038184
0.007485920811836373
0.0037429604059181867
0.0
0.0
0.0
0.0
0.0
0.0
0.011153288994134425
0.013395090991493021
0.12145608729656922
0.24095502320340983
0.24953313711288502
0.2042465231440952
0.06670419633160019
0.4617750268425474
0.5563954166192802
0.334225618350718
0.5275814935140393
0.36702727562238197
0.338343920903394
0.21473818365176667
0.04152445207020186
0.08215042168754218
0.032368132019453086
0.0
0.0
0.0
0.0
0.0
0.0
0.0
0.00020799314862752225
0.0
0.008732963434224294
0.016165740622182265
0.02215539354102858
0.07587901593520263
0.08811762600664676
0.08497894525500105
0.05733784592370908
0.26978543915744063
0.36129142932102387
0.17643041739064005
0.23884760363581817
0.16191762672495139
0.09958702793591993
0.03725642914688847
0.001007569021764047
0.0010926512323274021
0.0
0.0
0.0
0.0
0.0
0.0
0.0005515941650826801
0.005249307262057599
0.04867406185634906
0.016195061242253107
0.012972861702458937
0.007139570987249573
0.03766966663601187
0.01503598048007771
0.02788390968736897
0.02381750619129433
0.1187585902500519
0.05392153657965223
0.10759476415807953
0.028670985082395586
0.031716664492254104
0.020934006461202647
0.0
0.0
0.0
0.0
0.0
0.0
0.0
0.0
0.0
0.0
0.0033645411531289062
0.06810813534705279
0.06793862551226823
0.0677691156774837
0.06379983673539372
0.09020030630105362
0.03137285342354997
0.1615254634315039
0.14161218105651738
0.12169889868153085
0.14010308539224633
0.10715449672232832
0.07420590805241031
0.03175239899796545
0.0030997393031141312
0.0
0.0
0.0
0.0
0.0
0.0
0.0
0.00013927294533649066
0.0
0.008100737563946803
0.04518215925978744
0.08632586123950525
0.12746956321922306
0.19081454166870646
0.2670091429444829
0.2604394915098603
0.42728664748422174
0.45783506852052824
0.43394426077905685
0.45530158369253226
0.19611144404381495
0.1522106689427489
0.08104998216550847
0.009889295388268049
0.0049446476941340245
0.0
0.0
0.0
0.0
0.0
0.0
0.0
0.019091388743625783
0.03510495517269542
0.28266177271542553
0.42857034088169815
0.17370451599342912
0.2579197507225225
0.4080147536732848
0.34247675392931665
0.237102110472226
0.22890893892809716
0.3277999510451067
0.2766272225970957
0.09368102529869414
0.10999538992637957
0.05683939641138943
0.0009579596338769802
0.0
0.0
0.0
0.0
0.0
0.0
0.0
0.000626728254014208
0.0042831939599242315
0.08974950176746445
0.16618469321463583
0.11800724936073663
0.06968159983937218
0.010365755464419204
0.01433136932900033
0.08130516318706249
0.14827895704512464
0.18169192815287674
0.2787309770871785
0.22814695171402735
0.16538479004832823
0.01918809055968423
0.06441831856501301
0.005085000677950941
0.0
0.0
0.0
0.0
0.0
0.0
0.0
0.0
0.0
0.0913318989819126
0.11553423831163673
0.1684799480045563
0.12874821713512485
0.04286872141504815
0.14899639596748301
0.16724481688407214
0.13224424294388396
0.08200244418312216
0.031760645422360366
0.07671556987659879
0.07844640273015557
0.007372303409061867
0.0036861517045309335
0.0
0.0
0.0
0.0
0.0
0.0
0.0
0.0
0.0
0.0
0.043812336540852884
0.0860486897528981
0.16323522208938473
0.09567776463803744
0.23927275262684536
0.2467366829736286
0.13647199604941887
0.34819610738188483
0.19867468906125837
0.017526980965860337
0.30101922968790307
0.23272784046540756
0.03340822013580414
0.05479932264302301
0.0
0.0
0.0
0.0
0.0
0.0
0.0
0.0
0.0
0.0
0.0
0.027311241326610374
0.04647501535103605
0.027117450353329665
0.0077598853556232845
0.009724366900369574
0.07589734132274692
0.012414533791869157
0.019669096585959056
0.026923659380048957
0.012646349944304237
0.008013691973111496
0.030478599788746646
0.009244313770020768
0.01726572200952738
0.0
0.0
0.0
0.0
0.0
0.0
0.0
0.0
0.0
0.0003399359389463029
0.0004996773880863838
0.0092130885878843
0.02335387388642417
0.08586635214683255
0.0563313250417244
0.020391574989892105
0.047254760591044956
0.01274134118208612
0.08488044629695056
0.03141913894583087
0.028733291400046126
0.014691921328933948
0.016626624118920786
0.0014568683097698695
0.0
0.0
0.0
0.0
0.0
0.0
0.0
0.0
0.0
0.008857576069525364
0.017715152139050727
0.09061904140644031
0.1202905926487533
0.047158552306437514
0.08058405918719526
0.1663468728944027
0.1528740479718516
0.12686894864245946
0.10086384931306729
0.07231467156509201
0.03601854921827269
0.012941388683767067
3.1153158825267647e-05
0.0015004739870891457
0.0
0.0
0.0
0.0
0.0
0.0
0.0
0.0
0.0006606302209711169
0.018746871457793413
0.01645636361027029
0.22574037019477544
0.1575021245961583
0.20515637863566843
0.2600968067627824
0.22413140116838812
0.1881659955739938
0.18774542792985266
0.08407138043687082
0.081646015395386
0.07922065035390119
0.11172530651055913
3.573450571133642e-05
0.0006725417228748956
0.0
0.0
0.0
0.0
0.0
0.0
0.0
0.0
0.016050290680653334
0.027166470765010605
0.10070808351894095
0.06723401436119086
0.19614489413814953
0.30654616657125644
0.29691984049424874
0.16538845512583708
0.23169703741604206
0.22160478836072117
0.1067930284530175
0.017519986761704198
0.11928911021945868
0.03840359840716009
0.005922765254309708
0.003158380543255811
0.0015791902716279056
0.0
0.0
0.0
0.0
0.0
0.0
0.0
0.0
0.0038860509165180605
0.039723026310347895
0.08262000974336423
0.2397482964336193
0.24119829272306004
0.24264828901250085
0.2022279817060933
0.16606649446497526
0.07492108664141926
0.08030917837403113
0.07290022418988072
0.0727517885507721
0.04477258684817289
0.029956511018626484
0.002063417357709962
0.0
0.0
0.0
0.0
0.0
0.0
0.0
0.0
0.00991861600833889
0.0007577547749557748
0.00541057067244722
0.03868764191409635
0.06465288352557973
0.09351032942623831
0.146342879851072
0.14902480031817666
0.18848073410506674
0.26183451163666827
0.09101517937146669
0.14772094899440147
0.08586543587745535
0.031963140954724606
0.02677522374094033
0.004547444919111863
0.0
0.0
0.0
0.0
0.0
0.0
0.0
0.0
0.0019223331533944567
0.003393861773199746
0.02126019835949074
0.12263074463815722
0.15987709482189635
0.13892384670377222
0.3109140226924344
0.4574539004596074
0.38944563847467084
0.6626487624091187
0.3587387028361063
0.32317279069017724
0.1885661213124548
0.12761525005020005
0.06656697025457925
0.005518690458958442
0.0
0.0
0.0
0.0
0.0
0.0
0.0
0.0
0.013056838625296
0.04443044613314734
0.18895444537308625
0.30676332241365606
0.4025079747162302
0.5004654175647754
0.5330360451165927
0.2115702080158585
0.5602712360848945
0.557646124319177
0.43719243572127964
0.3505939843420533
0.22399396076180603
0.1267127247136445
0.04529302785443031
0.0
0.0
0.0
0.0
0.0
0.0
0.0
0.0
0.0
0.05214351585316893
0.10428703170633787
0.01503598048007771
0.4221656179349741
0.5455614475031048
0.2803960710370694
0.3551295177592613
0.49545983795705667
0.7046038209223594
0.6504303102639735
0.5618591309156058
0.22719335094113405
0.29252083121424555
0.13085334602927345
0.06811958871426796
0.005385831399262448
0.0
0.0
0.0
0.0
0.0
0.0
0.0
0.0
0.011420381517592235
0.09768805965164443
0.24893023186267832
0.4001724040737123
0.34469687463030557
0.48199525945890065
0.5092185389252984
0.5364418183916962
0.16917693339458081
0.2998656465419909
0.046391487995763925
0.03886035869170114
0.006611799825974452
0.0011349912583964279
0.0
0.0
0.0
0.0
0.0
0.0
0.0
0.0
0.0
0.0
0.009896625543285761
0.019793251086571522
0.009390844847063769
0.11714503987677849
0.09049717757927087
0.17624441470706564
0.25829542116718013
0.4306007938216038
0.469696633743249
0.5087924736648941
0.36811213856500297
0.24005982802187203
0.19175227391640845
0.06587976822166894
0.0056740614309480075
0.0024436904290290823
0.0
0.0
0.0
0.0
0.0
0.0
0.0
0.0
0.011361740277450554
0.09334677534240565
0.006783562586489023
0.0745907411908401
0.5062040126742652
0.5784019163865115
0.21945983351071294
0.6656431307338533
0.6560296324281266
0.22672169469777137
0.22114711180680288
0.41813036759772465
0.24620616300422182
0.04066220242199199
0.0
0.0015805646756937265
0.0
0.0
0.0
0.0
0.0
0.0
0.0
0.004805832883486142
0.009611665766972284
0.028976102785007767
0.09737103044712846
0.09205300298177983
0.1777906192811139
0.2635282355804479
0.18656435670262414
0.40077164424641004
0.5461771805245924
0.43287955576273446
0.37240302805849507
0.346108845740592
0.11455673521861637
0.049224739752054526
0.001174657341588033
0.0
0.0
0.0
0.0
0.0
0.0
0.0
0.0
0.0
0.0
0.04468095991045152
0.08440581875955384
0.016028300215600203
0.047496378475338656
0.09703109450818215
0.13221400605443587
0.13212970927173223
0.01569752697042604
0.09172039719785124
0.10472317592989162
0.03294848532584525
0.017975228542894125
0.03719412282923793
0.0024528531228012206
0.0
0.0
0.0
0.0
0.0
0.0
0.0
0.0
0.0
0.003085078993078711
0.0003751804831936171
0.004033417798494947
0.05263509437404412
0.06356114856262954
0.07448720275121494
0.056365884454977824
0.09699673440653664
0.058847400751553376
0.03640887997296574
0.08833707252248944
0.17361838667197102
0.12915824768142803
0.16139260437180789
0.04102046374848257
0.0005793755988397835
0.0
0.0
0.0
0.0
0.0
0.0
0.0
0.0
0.0
0.0
0.1373231241017798
0.006190452414902516
0.01318878141561478
0.04401666461197155
0.3193821842766439
0.1805856990163044
0.16956618535124318
0.15854667168618197
0.1921893344093394
0.23522833959582387
0.27826734478230836
0.11509717781870575
0.0
0.0
0.0
0.0
0.0
0.0
0.0
0.0
0.0
0.0
0.005543429732143214
0.0
0.005327190159120768
0.19841446855812964
0.22572937496224887
0.6181024940971177
0.4917407005549461
0.13580761455186824
0.0958053518730667
0.24057660395062055
0.14458364264682158
0.02301485421685508
0.005997899343241237
0.0020112112829841905
0.0
0.0
0.0
0.0
0.0
0.0
0.0
0.0
0.0
0.0
0.0029687127821725642
5.314362387839775e-05
0.003337053071812493
0.005119294798833901
0.006524754235139145
0.011806130925399226
0.01781869057867588
0.01645024226380714
0.014436282172691309
0.011095105888681352
0.1536629559056327
0.023665405474676847
0.03048428217990161
0.013562174788770262
0.0
0.0
0.0
0.0
0.0
0.0
0.0
0.0
0.0
0.0
0.007552808476372977
5.131108512397024e-05
0.021151162303602304
0.014742774279369307
0.12279384058730128
0.10708348584559425
0.09137313110388721
0.5170097604311801
0.18433021488418413
0.17329952492870063
0.5425322609420361
0.15211446065814144
0.00481679867531955
0.016939988245927892
0.0
0.0
0.0
0.0
0.0
0.0
0.0
0.0
0.0
0.0027190293768818157
0.005438058753763631
7.605035830874161e-05
0.11239876450281125
0.07654880884994589
0.08246699275736953
0.15341510503909633
0.22436321732082318
0.4627687209821358
0.7011742246434484
0.3475089053489745
0.20816998861732447
0.06883107188567443
0.11352577583678418
0.00113648250736044
0.0
0.0
0.0
0.0
0.0
0.0
0.0
0.0
0.0
0.0
0.00389129274383698
0.0020130438217386185
0.08091162548954918
0.15981020715735975
0.05686573422913732
0.2282555296352272
0.30565463646722746
0.710496349287221
0.13844687583359352
0.6390209239789078
0.4081760170836744
0.13261382785111403
0.10279809396836552
0.10476624059062067
0.008959590686454228
0.0
0.0
0.0
0.0
0.0
0.0
0.0
0.0
0.0
0.0
0.0
0.0027130736259299263
0.03573908705822249
0.03870517338789267
0.15740591631155085
0.29608145401409813
0.4620609028882381
0.37574099739968475
0.5806490670341282
0.20174602401367886
0.10066043751132583
0.014832559676465901
0.04778711309920615
0.009777510524247973
0.0
0.0
0.0
0.0
0.0
0.0
0.0
0.0
0.0019250819615260978
0.0038501639230521956
0.0
0.024746145205100472
0.049492290410200944
0.48097636791143883
0.1739766479984616
0.1539327972372221
0.13388894647598265
0.395040379291938
0.33142379643198705
0.10735653412000397
0.09763033468087996
0.015424478696016338
0.009945187820278088
0.0
0.0
0.0
0.0
0.0
0.0
0.0
0.0
0.0
0.0009794919642415034
0.0019589839284830067
0.07027144734665446
0.05812079913542287
0.006206399742701794
0.013219934574440049
0.0963686317484566
0.2372679552295017
0.30894954114768813
0.20018011964802054
0.09931718660433048
0.17683082710848247
0.11537847251751038
0.11113156395412463
0.010664459281390887
0.0
0.0
0.0
0.0
0.0
0.0
0.0
0.0
0.0
0.0
0.0
0.009864097980394672
0.019728195960789344
0.1087923282340979
0.11507976870053871
0.11437011806788663
0.11366046743523457
0.21007857773006075
0.16328378436637708
0.05886141488121951
0.13552173850617755
0.025082451448916233
0.08307539562383946
0.042850253694778434
0.02317520135786749
0.0
0.0
0.0
0.0
0.0
0.0
0.0
0.0
0.0
0.0
0.006098230840046142
0.0036440033131791005
0.031150868151824614
0.052891649799663966
0.0028271230169850535
0.01107311542362822
0.022532896524440647
0.1810044341216911
0.07905938694351158
0.09141619576461626
0.014034498050783077
0.004647318281228162
0.003861520347775682
0.0
0.0
0.0
0.0
0.0
0.0
0.0
0.0
0.0
0.0012452100836334921
0.0
0.0
0.0
0.0012956048993802486
0.0038428337680344853
0.21822604503224546
0.24153318918043173
0.2065371965871296
0.20691607397460746
0.09566214085843541
0.28813739851365494
0.0025902935293832838
0.01894845072078044
0.00657973039777197
0.012507993268344961
0.0
0.0
0.0
0.0
0.0
0.0
0.0
0.0
0.0
0.001144645447798785
0.010624143428793482
0.012790204236526796
0.11711297044857599
0.18456505692154376
0.21003734560808615
0.1998690461944565
0.25428032875622947
0.015699359509180468
0.20215101507840733
0.3572955785669947
0.20498228745399782
0.1161857058388357
0.000652383796576193
0.0
0.0
0.0
0.0
0.0
0.0
0.0
0.0
0.0
0.0
0.0
0.0
0.010761583835375543
0.035726259286941495
0.06069093473850744
0.12287722110062774
0.17605474694598242
0.17692245404620383
0.2759702574536335
0.1578209863394287
0.14493640635704888
0.10956932466597516
0.09085085755887538
0.000656048874085048
0.0
0.0
0.0
0.0
0.0
0.0
0.0
0.0
0.0
0.0
0.0
0.0
0.0029329782764612273
0.005865956552922455
0.0018792684926654103
0.11236165559303408
0.1582468741182373
0.0992667917885837
0.16008325543176943
0.3709736478300416
0.14341631546025124
0.21461777622477768
0.12535206468848206
0.013186948876860352
9.712455398465797e-05
0.0
0.0
0.0
0.0
0.0
0.0
0.0
0.0
0.0
0.0
0.0
0.0
0.017411866975192973
0.02343450559161898
0.04854440973947332
0.07365431388732765
0.04267570437841922
0.011697094869510788
0.01849489737905963
0.13480888093070523
0.04157199919888287
0.11287888965647125
0.0012708656261954773
0.0006354328130977387
0.0
0.0
0.0
0.0
0.0
0.0
0.0
0.0
0.0
0.0
0.023079451207948652
0.046158902415897304
0.1632975284070353
0.28043615439817327
0.2546688269721681
0.11554981489104935
0.3082009490665045
0.45755148314828065
0.6069020172300568
0.5165587729061578
0.0931635214669629
0.08233734064049379
0.07151115981402467
0.006109684207261315
0.0
0.0
0.0
0.0
0.0
0.0
0.0
0.0
0.0
0.0
0.0006404722946724143
0.09304715525605675
0.28626454390663003
0.4794819325572033
0.046173562725932725
0.08586635214683255
0.05354769867374902
0.038346789705772835
0.03223985430664316
0.0854893072981091
0.16230979001839888
0.2193503075580867
0.06674930786064479
0.005309781040953706
0.002654890520476853
0.0
0.0
0.0
0.0
0.0
0.0
0.0
0.0
0.0
0.0
0.001999299781080412
0.0052612187639613775
0.04273127561027543
0.1974331440551337
0.648525386228746
0.6708906054571565
0.6527897039102988
0.1762019166655757
0.1831672389761852
0.3777430459888968
0.17198742718053056
0.048212262090233333
0.024106131045116667
0.0
0.0
0.0
0.0
0.0
0.0
0.0
0.0
0.0
0.0
0.0
0.0
0.009230870775292598
0.030321186230757555
0.08262367482087309
0.13492616341098862
0.0063396678209419665
0.006686475780217372
0.01279295304465844
0.019897705795573893
0.02078190574458516
0.06474817554080996
0.0057624181132973
0.0
0.0
0.0
0.0
0.0
0.0
0.0
0.0
0.0
0.0
0.0
0.04848897544215188
0.1388065521749478
0.08039805650362088
0.09543494021218735
0.2296198547378985
0.28605380194987085
0.6901753270393745
0.6694309883392551
0.2124257093800578
0.5116200809629756
0.22379604657632787
0.12331061651604985
0.0
0.001159997031552613
0.0
0.0
0.0
0.0
0.0
0.0
0.0
0.0
0.0
0.0
0.0
0.054346345300431385
0.18067732595402577
0.29118949180915393
0.21635593923335217
0.06376415267018332
0.2799138808531615
0.34665769109754296
0.25870774238692634
0.14500146148283105
0.024541358999293196
0.001599616677212687
0.0
0.0
0.0
0.0
0.0
0.0
0.0
0.0
0.0
0.0
0.0
0.0016135503732734213
0.0032271007465468427
0.004049910647284795
0.017729812449086148
0.16345604300929328
0.0872971714894057
0.09480639246030716
0.6847363520162335
0.31323676556367125
0.6070037231309274
0.24120333220463477
0.1638701967677939
0.10938286384771218
0.037746426144362834
0.005471960720720542
0.0
0.0
0.0
0.0
0.0
0.0
0.0
0.0
0.0
0.0073544361562062
0.0147088723124124
0.0006034456448327375
0.24580483701700226
0.49021236323375356
0.009248823093595634
0.12185970395723185
0.15670688363413535
0.18166506434266222
0.16630472450305084
0.15094438466343946
0.02339968735528486
0.08515532711011468
0.05196988280618693
0.005570917813459627
0.0027854589067298134
0.0
0.0
0.0
0.0
0.0
0.0
0.0
0.0
0.0
0.013942871113061701
0.00745110257550225
0.17715701900677053
0.10679760979990358
0.26487240275682045
0.6644776360860374
0.6867732188417798
0.29560957528483306
0.6047240449204196
0.504351315993539
0.35255159386647045
0.2099544232294483
0.0481243002300208
0.0016282106833088413
0.0
0.0
0.0
0.0
0.0
0.0
0.0
0.0
0.0
0.0
0.00036101013462221923
0.0007220202692444385
0.005346431816042257
0.004292722032246439
0.0032390122484506215
0.006503680039463228
0.011741511870649347
0.008497482204280357
0.1455109072565619
0.28252433230884344
0.1479949135381884
0.013465494767533333
0.0011929827291323081
0.0
0.0
0.0
0.0
0.0
0.0
0.0
0.0
0.0
0.0
0.0
0.0
0.0007128575754723009
0.004639071856833238
0.04948221144705159
0.06870145786341736
0.0538995461145991
0.015081793948938398
0.04126602394157586
0.028898219887944603
0.03189350448205636
0.012687582066278857
0.006606302209711169
0.0005250223531434811
0.0
0.0
0.0
0.0
0.0
0.0
0.0
0.0
0.0
0.0
0.0
0.03492910492876553
0.011109149435875886
0.056238781834625814
0.47428027130276074
0.22731242360823345
0.22937979216106852
0.43868595480613803
0.6479921174512075
0.31473853107292465
0.07486225199116224
0.12590732393107362
0.05211098829027785
0.026055494145138924
0.0
0.0
0.0
0.0
0.0
0.0
0.0
0.0
0.0
0.0
0.0
0.011655862747536168
0.0053455155466650426
0.0
0.1331394381254218
0.327368388168439
0.319052327300847
0.6579757885853286
0.6393901805379248
0.3750858626714182
0.4802085341733337
0.11565610213880614
0.10928069981215284
0.033475901696504516
0.0
0.0
0.0
0.0
0.0
0.0
0.0
0.0
0.0
0.0
0.0
0.0
0.0
0.13430401650386045
0.007911069802863557
0.043491059534694045
0.0898530402070896
0.09576984971044741
0.10168665921380524
0.054824520050896386
0.007962380887987525
0.005351013162928325
0.0007146901142267284
0.0003573450571133642
0.0
0.0
0.0
0.0
0.0
0.0
0.0
0.0
0.0
0.0
0.0
0.0
0.03820751676043634
0.042786572973062084
0.04736562918568782
0.10274403407510992
0.21191203275386544
0.17915448624909652
0.14238871935370603
0.05204809256437757
0.07605768846375932
0.05584203719429226
0.03024147079493996
0.01512073539746998
0.0
0.0
0.0
0.0
0.0
0.0
0.0
0.0
0.0
0.0
0.0
0.026212634343331084
0.0866173631918101
0.3109974032057608
0.44586492537660777
0.5363538565314837
0.29506723404293683
0.38981132793122214
0.5922068889583025
0.5339303240287533
0.4424930540684612
0.2996122980591913
0.07472899231800079
0.028419011003661804
0.0
0.0
0.0
0.0
0.0
0.0
0.0
0.0
0.0
0.0
0.0
0.0029998659409978317
0.14809203809217303
0.30585988080772336
0.4195748662709022
0.533289851734081
0.41408320575857155
0.29487655978306204
0.3761496535419221
0.0011369980331102938
0.08962030778527733
0.17476372339348822
0.07561787916269672
0.03780893958134836
0.0
0.0
0.0
0.0
0.0
0.0
0.0
0.0
0.0
0.0
0.0
0.0218970055766543
0.14049616495507103
0.30002049606674014
0.32980841351995926
0.5255134735296677
0.1955186650019334
0.46849952780191917
0.28115863280210635
0.09381773780229354
0.11174546443685783
0.07154506178098158
0.001287358474985325
0.0006436792374926624
0.0
0.0
0.0
0.0
0.0
0.0
0.0
0.0
0.0
0.0
0.0008200610926063102
0.0016401221852126203
2.8404350693626385e-05
0.03355836594045375
0.06708832753021388
0.1783073952098624
0.28952646288951095
0.5980316133892505
0.38627076508262526
0.2693859457089754
0.15456548124218822
0.17381813339620364
0.09849575110765835
0.03198238261164609
0.0
0.0
0.0
0.0
0.0
0.0
0.0
0.0
0.0
0.0
0.0
0.0033309742351591925
0.06917467290212959
0.13364247001351212
0.1332933713807937
0.009800417258678315
0.0988851655929742
0.18796991392727005
0.2804233266268923
0.3259051059730287
0.10917595370380172
0.21979561447541263
0.09008943770641076
0.00871738685481166
0.0
0.0
0.0
0.0
0.0
0.0
0.0
0.0
0.0
0.0
0.009344573243514473
2.0157926298702594e-05
0.1600589742932733
0.3014288020995176
0.29117849657662737
0.21985871405482368
0.08427204343048063
0.07977499332711553
0.04302251233769462
0.025678449296415464
0.03149217849483674
0.08623011108958642
0.01131226173108101
0.004200178825147849
0.0021000894125739245
0.0
0.0
0.0
0.0
0.0
0.0
0.0
0.0
0.0
0.0
0.01684469623069766
0.14442696058331803
0.1768328168805965
0.2333133365974471
0.4217029018994811
0.29120230069919767
0.6291627817494649
0.6043657835939291
0.5394810839159142
0.30643438170723636
0.07338767949855844
0.001021989193827166
0.0012713237608840842
0.0
0.0
0.0
0.0
0.0
0.0
0.0
0.0
0.0
0.0
0.0
0.005142270126005327
0.0019644815447462894
0.0046005885429902605
0.007236695541234232
0.06287348839503061
0.11650640012086053
0.2106938526168598
0.3048813051128591
0.18225239301345625
0.16083393180410002
0.1858001880420279
0.12860390470821367
0.06430195235410684
0.0
0.0
0.0
0.0
0.0
0.0
0.0
0.0
0.0
0.0
0.0
0.0
0.0
0.0026461859613933227
0.0035863020899621124
0.07267757073121778
0.08505362120924395
0.07303766459646278
0.1483430959015296
0.1111449724134934
0.11973166832865294
0.07784349747994893
0.12528700956269992
0.06264350478134996
0.0
0.0
0.0
0.0
0.0
0.0
0.0
0.0
0.0
0.0
0.0
0.0
0.0
0.0
0.025879112290025277
0.09698161596181261
0.09589400421105988
0.06650099885941986
0.12283873778678478
0.17917647671414966
0.09124897660327476
0.0033214764923998595
0.0024641482797540357
0.003931253762935613
0.0
0.0
0.0
0.0
0.0
0.0
0.0
0.0
0.0
0.0
0.0
0.0012443612263604341
0.05691361423094374
0.11200751747874096
0.13033015621488442
0.18123350146599454
0.16591897509524384
0.15056321660251853
0.11088142241414527
0.12648915498560437
0.0019828069322905643
0.047955706664613476
0.014610831489050525
0.0
0.0
0.0
0.0
0.0
0.0
0.0
0.0
0.0
0.0
0.0
0.0
0.0
0.0
0.0
0.023758864951152647
0.06848105698357879
0.05645868648515712
0.009870053731346562
0.0037511848000023116
0.11379607530306222
0.04785308449436554
0.025545132102030865
0.0032371797096961944
0.0
0.0
0.0
0.0
0.0
0.0
0.0
0.0
0.0
0.0
0.0
0.0
0.001215889463562652
0.01380497257179103
0.01527854759363199
0.26038039213503
0.49436672859004066
0.016272027869939063
0.06674354281846143
0.1360710419978172
0.06486781804345494
0.0014708797640152337
0.0033333879943036387
0.10211272447420965
0.0
0.0
0.0
0.0
0.0
0.0
0.0
0.0
0.0
0.0
0.0
0.0
0.0
0.0012467856622707222
0.2882171139494725
0.22637259606505294
0.0664351686412433
0.10333456968872419
0.28940688973578454
0.311962234859967
0.5222918703993842
0.15609381856338078
0.09785161373547707
0.03960940890757338
0.0
0.0
0.0
0.0
0.0
0.0
0.0
0.0
0.0
0.0
0.0
0.0
0.0
0.0036956607395316385
0.043676728673025245
0.04730152082040821
0.16900497035769976
0.018165393389318295
0.24967149378884432
0.07621514512736184
0.03245059626340232
0.039865964333193234
0.05548744094531054
0.014644733456007437
0.0
0.0
0.0
0.0
0.0
0.0
0.0
0.0
0.0
0.0
0.0
0.0
0.0
0.0007174389223583697
0.0021055870288372077
0.006119763170410665
0.29669993584371745
0.5872801085170243
0.33366865640616084
0.33517683580105456
0.11454283804576819
0.07386963719097289
0.03241486175769099
0.0
0.0
0.0
0.0
0.0
0.0
0.0
0.0
0.0
0.0
0.0
0.0
0.0
0.0
0.0
0.0026993295852717207
0.0053986591705434414
0.06553341839708214
0.07104003794730605
0.1542979305840418
0.07761717894377712
0.04984138904291938
0.059290875130124834
0.015606816302081878
0.005738595109489743
0.0
0.0
0.0
0.0
0.0
0.0
0.0
0.0
0.0
0.0
0.0
0.0
0.0
0.0
0.0023598517810140243
0.004719703562028049
0.0031878643847363672
0.003972027750221626
0.03077336516841255
0.05757470258660347
0.0203448452516542
0.008038431246296267
0.09912843511262444
0.006325923780283759
0.0
0.0
0.0
0.0
0.0
0.0
0.0
0.0
0.0
0.0
0.0
0.0
0.0
0.007241276888120301
0.016843904358447435
0.005366589742340959
0.06379342284975323
0.12222025595716549
0.13086067618429117
0.10611453097919073
0.08136838577409025
0.05056468768921749
0.2454969705062584
0.0016530787034125017
0.0012241358879575759
0.0
0.0
0.0
0.0
0.0
0.0
0.0
0.0
0.0
0.0
0.0
0.0
0.0
0.0
4.489719948347397e-05
0.015415316002244205
0.037562463118877856
0.030170882847315325
0.006537582006420137
0.10844139706262504
0.04120463389330253
0.05871362542248016
0.006157330214876429
0.0
0.0
0.0
0.0
0.0
0.0
0.0
0.0
0.0
0.0
0.0
0.0
0.0
0.0
0.0
0.0
0.00019663885698505227
0.010038647296753892
0.006021264212360186
0.0020038811279664806
0.06272138767841312
0.012245940226461827
0.002041448172432245
0.0030081123653927554
0.0
0.0
0.0
0.0
0.0
0.0
0.0
0.0
0.0
0.0
0.0
0.0
0.0
0.0
0.0014018921471370442
0.00472245237015969
0.14469451124146446
0.08420607203532124
0.06184543415379678
0.05655168782694431
0.051257941500091844
0.032460217091863065
0.01366249268363429
0.019679633683797017
0.0
0.0
0.0
0.0
0.0
0.0
0.0
0.0
0.0
0.0
0.0
0.0
0.0
0.01479500163387049
0.0014596171179015107
0.10484412348768384
0.1851221487028897
0.08814969543484924
0.10474241758681312
0.03606405620819568
0.05121212803123115
0.025136934094482137
0.0020982568738194974
0.002290673443034386
0.001145336721517193
0.0
0.0
0.0
0.0
0.0
0.0
0.0
0.0
0.0
0.0
0.0
0.0
0.0
0.0007861591256494013
0.003062875067532867
0.03141783128043695
0.10057064311235889
0.113953673635943
0.02702457295534928
0.07223318008326911
0.03217938052774705
0.0180798273511818
0.003980274174616549
0.0
0.0
0.0
0.0
0.0
0.0
0.0
0.0
0.0
0.0
0.0
0.0
0.0
0.010591157731213786
0.253875337691501
0.38032005361231047
0.4853451403019941
0.5683719736488412
0.5856647256049964
0.39947603934702985
0.3205069049371738
0.09760615635744582
0.13887711696553431
0.06943855848276716
0.0
0.0
0.0
0.0
0.0
0.0
0.0
0.0
0.0
0.0
0.0
0.0
0.0
0.0
0.03396914649510114
0.2592556714745001
0.3623258974478981
0.5647270540662849
0.5798088480152233
0.321902841333359
0.04448843665320232
0.023318139380712838
0.0006807881472698195
0.0019912914745482237
0.0
0.0
0.0
0.0
0.0
0.0
0.0
0.0
0.0
0.0
0.0
0.0
0.0
0.003118064690658406
1.947854806873641e-05
0.003360876075620051
0.0013478322538814328
0.0355668284153063
0.06978582457673117
0.035888897101396935
0.001991969626062702
0.010078046879974083
0.10078230133849528
0.0
0.0
0.0
0.0
0.0
0.0
0.0
0.0
0.0
0.0
0.0
0.0
0.0
0.0
0.0
0.0
0.0
0.015566500449484473
0.04071717858462482
0.055571737728014194
0.051429741406087574
0.2233269166551944
0.3445970012681892
0.1898381871874089
0.030711516985450618
0.0
0.0
0.0
0.0
0.0
0.0
0.0
0.0
0.0
0.0
0.0
0.0
0.0
0.0
0.014260816586954873
0.13636470633321418
0.09864916834484067
0.1586951073252906
0.28411131087017766
0.11256697273477267
0.12025378680281115
0.1492465375074624
0.001304767593152386
0.0010454633594008938
0.0
0.0
0.0
0.0
0.0
0.0
0.0
0.0
0.0
0.0
0.0
0.0
0.0
0.010830304038666578
0.19155573413499608
0.37228116423132557
0.17075596113755528
0.05686551008864002
0.29335875955970747
0.5298520090307749
0.45320607562684434
0.13743124388829103
0.17347269984099403
0.08673634992049702
0.0
0.0
0.0
0.0
0.0
0.0
0.0
0.0
0.0
0.0
0.0
0.0
0.0
0.0
0.0075051624687578625
0.00871195056385997
0.012868087133589967
0.02114291587920738
0.026727577733325215
0.082164623862889
0.0053610921260776765
0.0026938319690084376
0.0013469159845042188
0.0003229849554678484
0.0
0.0
0.0
0.0
0.0
0.0
0.0
0.0
0.0
0.0
0.0
0.0
0.0
0.05821242607314423
0.2233461583121159
0.3780527450383951
0.21906534778177322
0.27476314943226315
0.19034204969572655
0.332349228502973
0.24845056484370698
0.16455190118444094
0.05225026123561434
0.004567602845410566
0.002283801422705283
0.0
0.0
0.0
0.0
0.0
0.0
0.0
0.0
0.0
0.0
0.0
0.0
0.04959399631107167
0.09257845050195777
0.12921872146032412
0.25888458237672857
0.12614347206189083
0.27084098147999086
0.5133903133997526
0.41552907883581475
0.31766784427187694
0.16033706204925766
0.08016853102462883
0.0
0.0
0.0
0.0
0.0
0.0
0.0
0.0
0.0
0.0
0.0
0.0
0.0
0.0
0.0
0.026289600971017037
0.007404372837264348
0.07068468483577788
0.05623328421836253
0.012324472226461785
0.07817335445574587
0.08421889980660224
0.0
0.0
0.0
0.0
0.0
0.0
0.0
0.0
0.0
0.0
0.0
0.0
0.0
0.0
0.0
0.0
0.0
0.0
0.005436226215009205
0.06680245148452318
0.051947892341133804
0.02867602456397026
0.0054041567868067224
0.05462706400010682
0.0
0.0
0.0
0.0
0.0
0.0
0.0
0.0
0.0
0.0
0.0
0.0
0.0
0.0
0.0
0.0
0.0
0.026354656096799215
0.01925081961526098
0.00041883449550430673
0.0529779689381115
0.02259206605145128
0.004100305463031551
0.0067913886239083475
0.018859572591190702
0.0
0.0
0.0
0.0
0.0
0.0
0.0
0.0
0.0
0.0
0.0
0.0
0.0
0.0
0.0
0.0
0.02708767159857022
0.058427749376789476
0.03333021486552753
0.028332881682203714
0.012945970030653134
0.007837466297659116
0.003404857005726311
0.0
0.0
0.0
0.0
0.0
0.0
0.0
0.0
0.0
0.0
0.0
0.0
0.0
0.0
0.0
0.001869189529516059
0.00021369321619676924
0.34240436864851675
0.05162078417346849
0.08965787482974308
0.12769496548601766
0.15226381256662727
0.04222496592082139
0.022698741281716336
0.0
0.0
0.0
0.0
0.0
0.0
0.0
0.0
0.0
0.0
0.0
0.0
0.0
0.0
0.0
0.0
0.0037070356575813063
0.11047826388817121
0.0788138267504183
0.0959512714198332
0.0480708881768343
0.09572449437627534
0.07590283893901019
0.012433190091696545
0.008775569960264733
0.0003949121015791281
0.0
0.0
0.0
0.0
0.0
0.0
0.0
0.0
0.0
0.0
0.0
0.0
0.0
0.0
0.0
0.05304949703818544
0.0647981122218681
0.010923985094028367
0.08486761852566958
0.011684726823544156
0.05231165128388766
0.07614839913210349
0.007610533447137443
0.0
0.0
0.0
0.0
0.0
0.0
0.0
0.0
0.0
0.0
0.0
0.0
0.0
0.0
0.0
0.0
0.013118228673569321
0.14476414771413268
0.18475564095200422
0.12980831654209335
0.13422246852928846
0.09184684237190673
0.028612343842253907
0.006980140115614381
0.0
0.0
0.0
0.0
0.0
0.0
0.0
0.0
0.0
0.0
0.0
0.0
0.0
0.0
0.016054872027539403
0.18132146332620705
0.3369892166291834
0.06639340686238909
0.5015117971935534
0.5094540201552423
0.18242834391790902
0.3944328926948453
0.26662339353667597
0.0094595650503548
0.0
0.0
0.0
0.0
0.0
0.0
0.0
0.0
0.0
0.0
0.0
0.0
0.0
0.0
0.0
0.03077748838061001
0.1084386482544934
0.44055972568254015
0.09168832776964875
0.16023902122589578
0.036702807439370815
0.1144667844871827
0.028437336391206082
0.014218668195603041
0.0
0.0
0.0
0.0
0.0
0.0
0.0
0.0
0.0
0.0
0.0
0.0
0.0
0.0
0.011700759947019643
0.06871112449331557
0.33434486320654455
0.4184130367005951
0.5024812101946456
0.5151183974451777
0.48034139323302977
0.16757635992017197
0.2154456256070903
0.028101065529768633
0.0
0.0
0.0
0.0
0.0
0.0
0.0
0.0
0.0
0.0
0.0
0.0
0.0
0.0
0.0
0.00038116806092092177
0.0007623361218418435
0.0027524732091501183
0.013654246259239366
0.0863089102560268
0.1617197125394732
0.07502505287563942
0.0006817044166470332
0.00736588952342137
0.0
0.0
0.0
0.0
0.0
0.0
0.0
0.0
0.0
0.0
0.0
0.0
0.0
0.0
0.0
0.001272698164949905
0.004978932951617554
0.022739973403690952
0.03808198785575805
0.07273575383667084
0.10738951981758366
0.20187574475166256
0.11473800022283796
0.0040150924109506715
0.0020075462054753358
0.0
0.0
0.0
0.0
0.0
0.0
0.0
0.0
0.0
0.0
0.0
0.0
0.0
0.0
0.0003440591511437648
0.0003590568599979801
0.002660846271428743
0.0024138418019844215
0.03441049646126254
0.02387064981517273
0.05879975474393827
0.029399877371969134
0.0
0.0
0.0
0.0
0.0
0.0
0.0
0.0
0.0
0.0
0.0
0.0
0.0
0.0
0.0
0.0
0.003166626967650735
0.0007146901142267284
0.007727628989983866
0.038426047006901824
0.03981581249723058
0.028428173697433945
0.0027204037809476366
3.9399583220191434e-05
8.338051332645165e-05
0.0
0.0
0.0
0.0
0.0
0.0
0.0
0.0
0.0
0.0
0.0
0.0
0.0
0.0
0.0
0.003845582576166127
0.0007403456567887135
0.03883332874507334
0.07692631183335796
0.05445297281843621
0.03197963380351446
0.03307365943990767
0.016536829719953836
0.0
0.0
0.0
0.0
0.0
0.0
0.0
0.0
0.0
0.0
0.0
0.0
0.0
0.0
0.0
0.0
0.00131301401754731
0.009012425594274488
0.07853069951285924
0.002962590887786815
0.0440248258940734
0.20501618942095476
0.10255207564058365
0.028654034098917133
0.007911986072240768
0.0
0.0
0.0
0.0
0.0
0.0
0.0
0.0
0.0
0.0
0.0
0.0
0.0
0.0
0.0
0.0
0.0
0.02846207566439085
0.0
0.03890754656462765
0.003383782810050395
0.005055961824282573
0.0
0.0
0.0
0.0
0.0
0.0
0.0
0.0
0.0
0.0
0.0
0.0
0.0
0.0
0.0
0.0
0.0
0.0
0.005784408578350431
0.011568817156700863
0.07285715952915169
0.07425996794566594
0.0024906794715663094
0.0013899806452332653
0.0167274137504143
0.00836370687520715
0.0
0.0
0.0
0.0
0.0
0.0
0.0
0.0
0.0
0.0
0.0
0.0
0.0
0.0
0.0
0.0024620158165733577
9.43757458530167e-05
0.07701335742419327
0.09937078836289749
0.21023205285074406
0.41702717926755933
0.05308406636887886
0.0020038406110252003
0.0015155095499115496
0.0
0.0
0.0
0.0
0.0
0.0
0.0
0.0
0.0
0.0
0.0
0.0
0.0
0.0
0.0027982866780108056
0.0020964464902637524
0.022006957901919953
0.002607972703289937
0.16857615628916375
0.14412184288070584
0.11966752947224796
0.015079045140806754
0.011262783184711467
0.005631391592355733
0.0003449754205209785
0.0
0.0
0.0
0.0
0.0
0.0
0.0
0.0
0.0
0.0
0.0
0.0
0.0
0.0
0.0
0.00237955157262412
0.00475910314524824
0.04673706839291918
0.07587901593520263
0.03637589427538605
0.006750156501933728
0.0032161055140202776
0.0
0.0
0.0
0.0
0.0
0.0
0.0
0.0
0.0
0.0
0.0
0.0
0.0
0.0
0.0
0.0
0.0
0.0
0.0
0.0027217781850134575
0.005443556370026915
0.024251817876093647
0.008125476837131574
0.0
0.0
0.0
0.0
0.0
0.0
0.0
0.0
0.0
0.0
0.0
0.0
0.0
0.0
0.0
0.0
0.003003531018506687
0.02791368844212842
0.05582737688425684
0.04886460737750121
0.05381690957770148
0.11007968670908323
0.04788698646132244
0.05330855236629623
0.005199828715688056
0.02469345971591068
0.01234672985795534
0.0
0.0
0.0
0.0
0.0
0.0
0.0
0.0
0.0
0.0
0.0
0.0
0.0
0.0
0.0
0.00057903375751903
0.20995946271102298
0.41851611700553165
0.24918497397446804
0.24354852367561336
0.11572940368898324
0.018262164957247338
0.0
0.0
0.0
0.0
0.0
0.0
0.0
0.0
0.0
0.0
0.0
0.0
0.0
0.0
0.0
0.0
0.0
0.0
0.0033443326163302965
0.005450411046356878
0.019284721582217886
0.010922716454493438
0.006013475922653869
0.0
0.0
0.0
0.0
0.0
0.0
0.0
0.0
0.0
0.0
0.0
0.0
0.0
0.0
0.0
0.0
0.0
0.0
0.0
0.0
4.856227699232898e-05
2.428113849616449e-05
0.0
0.0
0.0
0.00901517440240613
0.0
0.0
0.0
0.0
0.0
0.0
0.0
0.0
0.0
0.0
0.0
0.0
0.0
0.0
0.0
0.0
0.0
0.0
0.0
0.0
0.0
0.0
0.0
0.0
0.0
0.0
0.0
0.0
0.0
0.0
0.0
0.0
0.0
0.0
0.0
0.0
0.0
0.0
0.0
0.002661762540805956
0.0033189319899595447
0.005405531190872543
0.005487537300133174
0.008226266468625086
0.04503189108192438
0.05373095254919177
0.0
0.0
0.0
0.0
0.0
0.0
0.0
0.0
0.0
0.0
0.0
0.0
0.0
0.0
0.0
0.0
0.0
0.0
0.0
0.0
0.0
0.01661288007826258
0.017292751956155185
0.008646375978077592
0.0
0.0
0.0
0.0
0.0
0.0
0.0
0.0
0.0
0.0
0.0
0.0
0.0
0.0
0.0
0.0
0.008854369126705116
0.017708738253410232
0.003997683292783611
0.008915301040289831
0.07512400996837851
0.06853145179932554
0.1324723940188102
0.012203791835109995
0.0
0.0
0.0
0.0
0.0
0.0
0.0
0.0
0.0
0.0
0.0
0.0
0.0
0.0
0.0
0.0
0.0
0.019386427483088615
0.17555812894353254
0.2950249954221707
0.09971576378341847
0.26017666387616095
0.336841697259452
0.24916021547635897
0.07353047053260087
0.0
0.0
0.0
0.0
0.0
0.0
0.0
0.0
0.0
0.0
0.0
0.0
0.0
0.0
0.0
0.0
0.0
0.0
0.00012003128841500183
0.0009701596351024309
0.002128493763267551
0.0014321290365850979
0.012602347574376692
0.005022072456508588
0.0
0.0
0.0
0.0
0.0
0.0
0.0
0.0
0.0
0.0
0.0
0.0
0.0
0.0
0.0
0.0
0.0
0.01252860932933227
0.02505721865866454
0.05621913168369226
0.10162068781864585
0.07680169919805688
0.04289698343301634
0.008992267667975786
0.0
0.0
0.0
0.0
0.0
0.0
0.0
0.0
0.0
0.0
0.0
0.0
0.0
0.0
0.0
0.0
0.0
0.006034551541562575
0.26907716292885436
0.1638427086864775
0.015836431207176566
0.03886723071203024
0.07365797896483649
0.10844872721764275
0.0
0.0
0.0
0.0
0.0
0.0
0.0
0.0
0.0
0.0
0.0
0.0
0.0
0.0
0.0
0.0
0.0
0.0
0.0
0.0
0.0
0.0
0.0
0.0
0.0
0.0
0.0
0.0
0.0
0.0
0.0
0.0
0.0
0.0
0.0
0.0
0.0
0.0
0.0
0.0
0.0
0.009839816841898509
0.02030819447656565
0.030776572111232796
0.006165576639271353
0.06797069494047073
0.03732927256237696
0.006687850184283193
0.0
0.0
0.0
0.0
0.0
0.0
0.0
0.0
0.0
0.0
0.0
0.0
0.0
0.0
0.0
0.0
0.0
0.15083901368505986
0.2969418309593019
0.13019868370458892
0.37656655610855433
0.19604316340990047
0.015519770711246569
0.0028615092650385553
0.0
0.0
0.0
0.0
0.0
0.0
0.0
0.0
0.0
0.0
0.0
0.0
0.0
0.0
0.0
0.0
0.0
0.0
0.0003834587343639562
0.0007669174687279124
0.00047190376613241524
0.05056799065904989
0.025283995329524946
0.0
0.0
0.0
0.0
0.0
0.0
0.0
0.0
0.0
0.0
0.0
0.0
0.0
0.0
0.0
0.0
0.0
0.0
0.0
0.0
0.0
0.12096771571851428
0.06376685103781402
0.0
0.0007137738448495147
0.00035688692242475734
0.0
0.0
0.0
0.0
0.0
0.0
0.0
0.0
0.0
0.0
0.0
0.0
0.0
0.0
0.0
0.0
0.0
0.0
0.0008035682438164625
0.0008081495907025314
0.0007907404725354699
0.0
0.0
0.0
0.0
0.0
0.0
0.0
0.0
0.0
0.0
0.0
0.0
0.0
0.0
0.0
0.0
0.0
0.0
0.0
0.0023859654582646162
0.0
0.00037796111810067367
0.0007559222362013473
0.02301259810018612
0.0
0.0015210071661748321
0.0
0.0
0.0
0.0
0.0
0.0
0.0
0.0
0.0
0.0
0.0
0.0
0.0
0.0
0.0
0.0
0.0
0.0
0.0
0.0
0.0
0.001391813183987693
0.0
0.0
0.0
0.0
0.0
0.0
0.0
0.0
0.0
0.0
0.0
0.0
0.0
0.0
0.0
0.0
0.0
0.0
0.0
0.0
0.0
0.0
0.015282915077236815
0.03056583015447363
0.005836635932851615
0.0007220202692444385
0.0
0.0
0.0
0.0
0.0
0.0
0.0
0.0
0.0
0.0
0.0
0.0
0.0
0.0
0.0
0.0
0.0
0.08783724757721935
0.020438304728130005
0.00010078963149351299
5.039481574675649e-05
0.0
0.0
0.0
0.0
0.0
0.0
0.0
0.0
0.0
0.0
0.0
0.0
0.0
0.0
0.0
0.0
0.0
0.0
0.0
0.0
0.0
0.0
0.0
0.0
0.0
0.0
0.0
0.0
0.0
0.0
0.0
0.0
0.0
0.0
0.0
0.0
0.0
0.0
0.0
0.0
0.0
0.0
0.0
0.0
0.00373654652027769
0.0
0.0
3.4360101645515785e-05
0.0
0.00041323748912340324
0.0008264749782468065
0.0
0.0
0.0
0.0
0.0
0.0
0.0
0.0
0.0
0.0
0.0
0.0
0.0
0.0
0.0
0.0
0.0
0.008590483546067553
0.017180967092135107
0.0
0.0
0.0
0.0
0.0
0.0
0.0
0.0
0.0
0.0
0.0
0.0
0.0
0.0
0.0
0.0
0.0
0.0
0.0
0.0
0.0
0.0
0.005104536700457825
0.015548175061940199
0.04413119828412326
0.02206559914206163
0.0
0.0
0.0
0.0
0.0
0.0
0.0
0.0
0.0
0.0
0.0
0.0
0.0
0.0
0.0
0.0
0.0
0.0
0.0
0.0
0.0014742774279369306
0.009315252623443633
0.017156227818950338
0.012216762442869704
0.009436658315924456
0.00499824945270103
0.002499124726350515
0.0
0.0
0.0
0.0
0.0
0.0
0.0
0.0
0.0
0.0
0.0
0.0
0.0
0.0
0.0
0.0
0.0
0.0
0.0
0.0
0.0
0.0
0.0
0.0
0.0
0.0
0.0
0.0
0.0
0.0
0.0
0.0
0.0
0.0
0.0
0.0
0.0
0.0
0.0
0.0
0.0
0.0
0.010605818041249205
0.018507725150340625
0.009253862575170312
0.0
0.004904789976225227
0.000421483913518327
0.0002107419567591635
0.0
0.0
0.0
0.0
0.0
0.0
0.0
0.0
0.0
0.0
0.0
0.0
0.0
0.0
0.0
0.008193280771045391
0.016386561542090783
0.004572184192296634
0.011533998920366738
3.3732529690502765e-05
0.0
0.011282024841632958
0.0
0.0
0.0
0.0
0.0
0.0
0.0
0.0
0.0
0.0
0.0
0.0
0.0
0.0
0.0
0.0
0.0
0.0
0.0
0.0072770113938316365
0.00010903605588843676
0.057338305087282326
0.07034841397434041
0.002795129726995018
0.0
0.0
0.0
0.0
0.0
0.0
0.0
0.0
0.0
0.0
0.0
0.0
0.0
0.0
0.0
0.0
0.0
0.0
0.0006519256618875862
0.0013038513237751724
0.002064354906862589
0.0032342216321486934
0.0
0.009843481919407364
0.004921740959703682
0.0
0.0
0.0
0.0
0.0
0.0
0.0
0.0
0.0
0.0
0.0
0.0
0.0
0.0
0.0
0.0
0.0
0.01770598944527859
0.003308648721118867
0.0
0.0
0.0
0.0
0.0
0.0
0.0
0.0
0.0
0.0
0.0
0.0
0.0
0.0
0.0
0.0
0.0
0.0
0.0
0.0
0.0
0.0
0.0
0.008632631937419385
0.01726526387483877
0.011177529223905452
0.010126007463327712
0.011003478950959976
0.005501739475479988
0.0
0.0
0.0
0.0
0.0
0.0
0.0
0.0
0.0
0.0
0.0
0.0
0.0
0.0
0.0
0.0
0.0
0.0
0.0
0.0
0.0
0.0
0.0
0.0
0.0
0.0
0.0
0.0
0.0
0.0
0.0
0.0
0.0
0.0
0.0
0.0
0.0
0.0
0.0
0.0
0.0
0.0
0.00588428194046673
0.0
0.004833320964802554
0.0
0.0011074108453372194
0.0
0.0
0.0
0.0
0.0
0.0
0.0
0.0
0.0
0.0
0.0
0.0
0.0
0.0
0.0
0.0
0.0
0.0
0.009105885070750292
0.005239686433596855
0.0013734877964434178
0.00674557515504766
0.0
0.0
0.0
0.0
0.0
0.0
0.0
0.0
0.0
0.0
0.0
0.0
0.0
0.0
0.0
0.0
0.0
0.0
0.0
0.0
0.0
0.0
0.0002464565249560667
0.004063654687943
0.002993452055357335
0.0019232494227716705
0.0009616247113858352
0.0
0.0
0.0
0.0
0.0
0.0
0.0
0.0
0.0
0.0
0.0
0.0
0.0
0.0
0.0
0.0
0.0
0.0
0.0005992401726977954
0.0
0.0
0.004183227841669396
0.0
0.0
0.0
0.0
0.0
0.0
0.0
0.0
0.0
0.0
0.0
0.0
0.0
0.0
0.0
0.0
0.0
0.0
0.0013927294533649067
0.0027854589067298134
0.005672623714330353
0.009454067434091516
0.008053091556331687
0.0048760065490312705
0.0081804529997644
0.0
0.0
0.0
0.0
0.0
0.0
0.0
0.0
0.0
0.0
0.0
0.0
0.0
0.0
0.0
0.0
0.0
0.0
0.0
0.0
0.0
0.0
0.0
0.0
0.0
0.0
0.0
0.0
0.0
0.0
0.0
0.0
0.0
0.0
0.0
0.0
0.0
0.0
0.0
0.0
0.0
0.0
0.0
0.0012865537069181498
0.0
0.013557121705254709
0.0013148465563017375
0.09366746962443047
0.0
0.0
0.0
0.0
0.0
0.0
0.0
0.0
0.0
0.0
0.0
0.0
0.0
0.0
0.0
0.0
0.0
0.0
0.0
0.0
0.0
0.009420165467134608
0.014018921471370443
0.007009460735685221
0.0
0.0
0.0
0.0
0.0
0.0
0.0
0.0
0.0
0.0
0.0
0.0
0.0
0.0
0.0
0.0
0.0
0.0
0.0
0.006737328730652736
0.0148554754127666
0.0
0.0019589839284830067
0.005860458936659173
0.0029302294683295864
0.0
0.0
0.0
0.0
0.0
0.0
0.0
0.0
0.0
0.0
0.0
0.0
0.0
0.0
0.0
0.0
0.0
0.0
0.0005647389584129706
0.009216753665393153
0.000511691379878103
0.000652383796576193
0.0
0.0
0.0
0.0
0.0
0.0
0.0
0.0
0.0
0.0
0.0
0.0
0.0
0.0
0.0
0.0
0.0
0.0
0.0
0.0
0.0
0.0
0.0
0.0
0.0
0.0
0.0
0.0
0.0
0.0
0.0
0.0
0.0
0.0
0.0
0.0
0.0
0.0
0.0
0.0
0.0
0.0
0.0
0.0
0.004027920182231664
0.025409066099514623
0.0007101087673406596
0.001098950474083491
0.09285198987871023
0.0
0.0
0.0
0.0
0.0
0.0
0.0
0.0
0.0
0.0
0.0
0.0
0.0
0.0
0.0
0.0
0.0
0.0
0.0
0.0
0.0
0.0
0.0
0.0
0.0
0.0
0.0
0.0
0.0
0.0
0.0
0.0
0.0
0.0
0.0
0.0
0.0
0.0
0.0
0.0
0.0
0.0
0.0
0.0028275335934246047
0.004034216634493499
0.0029187761011144147
0.0
0.0012067267697905145
0.0
0.0
0.0
0.0
0.0
0.0
0.0
0.0
0.0
0.0
0.0
0.0
0.0
0.0
0.0
0.0
0.0
0.0
0.0
0.0
0.0031895337020810786
0.004138788776874528
0.005088043851667978
0.0
0.0
0.0
0.0
0.0
0.0
0.0
0.0
0.0
0.0
0.0
0.0
0.0
0.0
0.0
0.0
0.0
0.0
0.0
0.0
0.0866085303423757
0.0022499220148651214
0.0
0.006450536415584831
0.0032399285178278353
0.0
0.0
0.0
0.0
0.0
0.0
0.0
0.0
0.0
0.0
0.0
0.0
0.0
0.0
0.0
0.0
0.0
0.0
0.0
0.0
0.008538714326254977
0.0
0.005819226814684554
0.0037860250666472326
0.0
0.0
0.0
0.0
0.0
0.0
0.0
0.0
0.0
0.0
0.0
0.0
0.0
0.0
0.0
0.0
0.0
0.0
0.0
0.009822407723731446
0.008449974230189266
0.033456201904894414
0.036965971754311704
0.014412001034195142
0.0
0.0
0.0
0.0
0.0
0.0
0.0
0.0
0.0
0.0
0.0
0.0
0.0
0.0
0.0
0.0
0.0
0.0
0.0
0.08216370759351178
0.17189946532031802
0.14438689510099145
0.2218498904191258
0.11810070883721245
0.024347109891323878
0.012173554945661939
0.0
0.0
0.0
0.0
0.0
0.0
0.0
0.0
0.0
0.0
0.0
0.0
0.0
0.0
0.0
0.0
0.0
0.003740211597786545
0.003318727684268218
0.0027139898953071405
0.0019773093160272816
0.003468995862131274
0.0
0.0
0.0
0.0
0.0
0.0
0.0
0.0
0.0
0.0
0.0
0.0
0.0
0.0
0.0
0.0
0.0
0.0
0.0
0.0
0.008016440781243136
0.0
4.489719948347397e-05
2.2448599741736985e-05
0.0
0.0
0.0
0.0
0.0
0.0
0.0
0.0
0.0
0.0
0.0
0.0
0.0
0.0
0.0
0.0
0.0
0.0
0.0
0.0016364571077037652
0.0032729142154075304
0.0
0.0025939586068921385
0.0
0.0
0.0
0.0
0.0
0.0
0.0
0.0
0.0
0.0
0.0
0.0
0.0
0.0
0.0
0.0
0.0
0.0
0.0
0.0
0.0053391016610245465
0.010678203322049093
0.009982296730055247
0.0092863901380614
0.005330855236629622
0.021765062786335523
0.0
0.0
0.0
0.0
0.0
0.0
0.0
0.0
0.0
0.0
0.0
0.0
0.0
0.0
0.0
0.0
0.0
0.0
0.001014768335264233
0.002029536670528466
0.002082680294406864
0.07146992769205006
0.13938564646988796
0.03026895887625637
0.0
0.0
0.0
0.0
0.0
0.0
0.0
0.0
0.0
0.0
0.0
0.0
0.0
0.0
0.0
0.0
0.0
0.0
0.0011518796361684105
0.005327190159120768
0.0
0.010695612440216154
0.0
0.0
0.0
0.0
0.0
0.0
0.0
0.0
0.0
0.0
0.0
0.0
0.0
0.0
0.0
0.0
0.0
0.0
0.0
0.0
0.0
0.01669259551408018
0.0009161067576274187
0.010537097837958176
0.0028333732475033665
0.029773257143183737
0.0
0.0
0.0
0.0
0.0
0.0
0.0
0.0
0.0
0.0
0.0
0.0
0.0
0.0
0.0
0.0
0.0
0.0
0.0
0.0
0.0007000298041913084
0.005728691046788899
0.00629660316021292
0.0
0.0
0.0
0.0
0.0
0.0
0.0
0.0
0.0
0.0
0.0
0.0
0.0
0.0
0.0
0.0
0.0
0.0
0.0
0.0
0.0
0.0
0.0
0.0006780393391381782
0.0
0.0
0.0
0.0
0.0
0.0
0.0
0.0
0.0
0.0
0.0
0.0
0.0
0.0
0.0
0.0
0.0
0.0
0.0
0.005938341833722342
0.0006139004827332154
0.0
0.0014866470645293164
0.0029732941290586327
0.0
0.0
0.0
0.0
0.0
0.0
0.0
0.0
0.0
0.0
0.0
0.0
0.0
0.0
0.0
0.0
0.0
0.0
0.0
0.0
0.009278143713666476
0.0
0.014714369928675681
0.009737194671650568
0.0
0.0
0.0
0.0
0.0
0.0
0.0
0.0
0.0
