0.0
0.0
0.0
0.0
0.0
0.0
0.0
0.19698632248783193
0.39397264497566387
0.5083061635075498
0.5719079360443506
0.5815329249776154
0.432077119286044
0.25531460747688894
0.06603029774205192
0.14969293378037346
0.1102669727649419
0.010567070696233555
0.0
0.0
0.0
0.0
0.0
0.0
0.0
0.0
0.0
0.0
0.0
0.0
0.13500747066727148
0.27001494133454296
0.40191482830246567
0.5338147152703884
0.5944182241758982
0.6010248538771262
0.5461871747376352
0.4590148701739321
0.3501915653665769
0.2580894080278853
0.13755197563371963
0.010183646634001436
0.0
0.0
0.0
0.0
0.0
0.0
0.0
0.0
0.0
0.0
0.0
0.0
0.14123791072253591
0.16968957318667302
0.4301535683826446
0.5522922182442451
0.625483611456998
0.23684153671546782
0.6127261202794594
0.540137595089084
0.4661681002154491
0.3502148762634422
0.1630637426926775
0.011301765859504318
0.0
0.0
0.0
0.0
0.0
0.0
0.0
0.0
0.0
0.0
0.0
0.0
0.11226447547908618
0.11685697787310424
0.35896048170806577
0.472135287900942
0.5853100940938183
0.6215995337448269
0.5842795916875676
0.49363637496302964
0.40299315823849163
0.26099161468761084
0.11899007113673002
0.0076917921415075976
0.0
0.0
0.0
0.0
0.0
0.0
0.0
0.0
0.0
0.0
0.0
0.0
0.0
0.11917852545974933
0.3604121879059509
0.470638969469401
0.5338476720556117
0.5494828532599657
0.38995713179637553
0.5104306704184083
0.4649197614971127
0.3309809748775091
0.10240765242718897
0.010208565178926375
0.0
0.0
0.0
0.0
0.0
0.0
0.0
0.0
0.0
0.0
0.0
0.0
0.0
0.23858702941598675
0.37656422796149
0.5019189777664672
0.5800884531959989
0.6040359786928945
0.15386560961798246
0.1681689494868812
0.4364121422789533
0.3435150029747531
0.17757075687115573
0.011626510767558353
0.0
0.0
0.0
0.0
0.0
0.0
0.0
0.0
0.0
0.0
0.0
0.0
0.0
0.17801326199958087
0.29269322868832637
0.3828215961217539
0.3156937652414355
0.4968866374276744
0.5208233113001672
0.4905545136326355
0.21500754632500954
0.18111311384344622
0.12982360949885444
0.005431438969606734
0.0
0.0
0.0
0.0
0.0
0.0
0.0
0.0
0.0
0.0
0.0
0.0
0.0
0.24636724220077644
0.39429417458759863
0.5242106257618991
0.5984928081831405
0.6217940591600474
0.6005264829786274
0.5403771346499754
0.44092280082238205
0.34146846699478883
0.14669547397311233
0.01140385151129358
0.0
0.0
0.0
0.0
0.0
0.0
0.0
0.0
0.0
0.0
0.0
0.0
0.0
0.2544890801982466
0.40812396702093934
0.5336627925287492
0.6038937018396134
0.6207458726251404
0.5847024031272617
0.49517007121195805
0.40563773929665436
0.29743257516824373
0.14392388871823533
0.011005154792494566
0.0
0.0
0.0
0.0
0.0
0.0
0.0
0.0
0.0
0.0
0.0
0.0
0.0
0.21435736168461844
0.25139213140483796
0.4546822586531122
0.501078177831258
0.5015034007430417
0.43866928015473483
0.13368977805654642
0.177700611221593
0.2090416733753082
0.10961989442092336
0.010198115466538496
0.0
0.0
0.0
0.0
0.0
0.0
0.0
0.0
0.0
0.0
0.0
0.0
0.0
0.2500198185923545
0.40855642434899153
0.23578135771540987
0.5798304256824214
0.5696877740739417
0.5595451224654618
0.4824503597638218
0.40535559706218166
0.2736972592152249
0.1420389213682682
0.010772045823841917
0.005386022911920959
0.0
0.0
0.0
0.0
0.0
0.0
0.0
0.0
0.0
0.0
0.0
0.0
0.1048138305465296
0.14037748323157315
0.09619093154904719
0.2546482373561543
0.18383446311983834
0.3314158436776508
0.39337218842537586
0.3808550406327584
0.24951180180549767
0.028409580268351046
0.007130722968681565
0.0
0.0
0.0
0.0
0.0
0.0
0.0
0.0
0.0
0.0
0.0
0.0
0.0
0.22201458939284305
0.36705418586449173
0.1377429318294413
0.5940034509765024
0.6215111131015449
0.367025470051942
0.5291621817856934
0.44415939827851963
0.297544306708391
0.14022308288486704
0.005129761431695803
0.005264645483415613
0.0
0.0
0.0
0.0
0.0
0.0
0.0
0.0
0.0
0.0
0.0
0.0
0.2296677979809185
0.39471939749938223
0.47128444016535986
0.5478494828313375
0.5464468098992724
0.39709896973594416
0.5199841190130177
0.48289005150814246
0.28242035758701306
0.12477680032752458
0.008866982873128886
0.0
0.0
0.0
0.0
0.0
0.0
0.0
0.0
0.0
0.0
0.0
0.0
0.0
0.049036646715504784
0.24588173248675502
0.3326280103146446
0.3976123601827646
0.42426234206797125
0.4224842833139724
0.38001343687351935
0.30140668117175645
0.16500256625264367
0.056411566589911345
0.028205783294955673
0.0
0.0
0.0
0.0
0.0
0.0
0.0
0.0
0.0
0.0
0.0
0.0
0.0
0.12333433810598259
0.24666867621196517
0.38560483682506363
0.16377016109424786
0.17494723545398957
0.5391738100773098
0.4975228641472902
0.4046160789547319
0.2589406576754824
0.03395648674654402
0.007739217759267963
0.0
0.0
0.0
0.0
0.0
0.0
0.0
0.0
0.0
0.0
0.0
0.0
0.0
0.01766081775954263
0.05098334291642395
0.07505546113794428
0.09147517459541901
0.09906568490916717
0.025849087649745073
0.0901946829158891
0.09268050872815918
0.0720153986571018
0.07095676240980683
0.00392239616885115
0.0
0.0
0.0
0.0
0.0
0.0
0.0
0.0
0.0
0.0
0.0
0.0
0.0
0.1259632445955636
0.24797247878836035
0.3615331205155582
0.4785807508841878
0.5464572596116604
0.5346193431242549
0.486663201504196
0.40124886009374594
0.2746377333301339
0.14300109873198275
0.01136446413383158
0.0
0.0
0.0
0.0
0.0
0.0
0.0
0.0
0.0
0.0
0.0
0.0
0.0
0.07053893518544951
0.14839326080494833
0.4960430241083608
0.5892528509601674
0.6284971477448559
0.598209862124638
0.5280255746075043
0.4447670892450762
0.19805718109302156
0.13539933488181685
0.010545367447427961
0.0
0.0
0.0
0.0
0.0
0.0
0.0
0.0
0.0
0.0
0.0
0.0
0.0
0.19676326131955227
0.35319867106219616
0.4967817383917807
0.19240245797363795
0.5454999051921248
0.4976546912881834
0.4161461308387098
0.3038864783038027
0.21434530432417087
0.12480413034453904
0.011454492425173294
0.0
0.0
0.0
0.0
0.0
0.0
0.0
0.0
0.0
0.0
0.0
0.0
0.0
0.18339084475918854
0.3305806705106505
0.45589362146607615
0.5546779679648005
0.5808054642306133
0.5196569626328741
0.42839238993327233
0.3054475045697456
0.24236259088412984
0.1288923793602886
0.012677108774554949
0.0
0.0
0.0
0.0
0.0
0.0
0.0
0.0
0.0
0.0
0.0
0.0
0.0
0.12024484044730514
0.24832776900954817
0.3964427962193522
0.5258488191347064
0.6066652870944905
0.5700969205051285
0.5335285539157665
0.4735013868396496
0.31532409042434945
0.14433464279748187
0.01221571378142867
0.0
0.0
0.0
0.0
0.0
0.0
0.0
0.0
0.0
0.0
0.0
0.0
0.0
0.08979679002111994
0.23917623242985706
0.2269846169510854
0.5233248116810191
0.42918295086661673
0.33504109005221444
0.2235193479766974
0.21862968640320066
0.18163127395787595
0.10210976651015885
0.008739978676414682
0.0
0.0
0.0
0.0
0.0
0.0
0.0
0.0
0.0
0.0
0.0
0.0
0.0
0.11729319860974471
0.2273716746396899
0.3374501506696351
0.40191121109433137
0.4012424295015072
0.363035869539338
0.30847872498625994
0.2963080253505021
0.23909826149896293
0.12916648335446293
0.011415908871741131
0.0
0.0
0.0
0.0
0.0
0.0
0.0
0.0
0.0
0.0
0.0
0.0
0.0
0.1759281424661844
0.3499890017110581
0.4600518031724215
0.5237219007517585
0.3719164776189366
0.5494683844274286
0.510559684175197
0.22367030870203355
0.30015713671737526
0.14957879076813665
0.013995380183487177
0.0
0.0
0.0
0.0
0.0
0.0
0.0
0.0
0.0
0.0
0.0
0.0
0.0
0.11615257231140638
0.2990876488456775
0.4652589752377038
0.6001880730620662
0.621269965892594
0.5934431856277063
0.35509781293670056
0.4256264314466041
0.2874402386533434
0.1438209992424162
0.012948801296639762
0.0
0.0
0.0
0.0
0.0
0.0
0.0
0.0
0.0
0.0
0.0
0.0
0.0
0.1861760950225728
0.36153593389966265
0.1768946350286616
0.5190991087561675
0.5608248103209619
0.5535534181470588
0.5015982519785623
0.40723574146796987
0.2811792532849452
0.14424702597822966
0.012997834562459802
0.006498917281229901
0.0
0.0
0.0
0.0
0.0
0.0
0.0
0.0
0.0
0.0
0.0
0.0
0.06367751791426642
0.3967032352050192
0.2725294131509888
0.6077729566076054
0.602231795657926
0.5966906347082467
0.5261952672915661
0.4457847304668496
0.1849337608218457
0.15040914099095798
0.07520457049547899
0.0
0.0
0.0
0.0
0.0
0.0
0.0
0.0
0.0
0.0
0.0
0.0
0.0
0.19448281254690547
0.14494994834232477
0.5160148359536839
0.5916892415946025
0.613712412364069
0.5881283011424259
0.5226158388867032
0.45034884330826247
0.14624040342520106
0.1555270885889284
0.0157493242165909
0.0
0.0
0.0
0.0
0.0
0.0
0.0
0.0
0.0
0.0
0.0
0.0
0.0
0.20430795366359975
0.2563353222002968
0.44928056117260945
0.47227877049026784
0.502033120778704
0.47304762817480667
0.44406213557090946
0.361110710987879
0.24879318312282364
0.1215968724654905
0.011469765081740193
0.0
0.0
0.0
0.0
0.0
0.0
0.0
0.0
0.0
0.0
0.0
0.0
0.0
0.14056310044948797
0.31191748418590143
0.43556169645538606
0.34427166248946395
0.5746586218744518
0.2733029048004802
0.5286509497027172
0.37320062630863826
0.21775030291455924
0.08329224597168118
0.007756901887924372
0.0
0.0
0.0
0.0
0.0
0.0
0.0
0.0
0.0
0.0
0.0
0.0
0.0
0.08978392883664255
0.2549761975603277
0.4287854598838625
0.5799566260551057
0.27022510395071897
0.5565452511861112
0.4818949173592046
0.4090129963979388
0.31092476150905307
0.16361396024110075
0.016303158973148404
0.008151579486574202
0.0
0.0
0.0
0.0
0.0
0.0
0.0
0.0
0.0
0.0
0.0
0.0
0.1893584343566964
0.3777386148690815
0.5032645791924139
0.5821816109696937
0.6190650765787518
0.5815562358744808
0.5440473951702098
0.4356412750343399
0.2910273033864898
0.10331708325866774
0.014393273078256351
0.0
0.0
0.0
0.0
0.0
0.0
0.0
0.0
0.0
0.0
0.0
0.0
0.0
0.1907538728724929
0.19922050172630304
0.5149770991311647
0.24643133731910336
0.6319045578073338
0.6079883814476017
0.5453970157163057
0.20173471629157538
0.3270751939165325
0.1715569473919323
0.07647501437463594
0.0
0.0
0.0
0.0
0.0
0.0
0.0
0.0
0.0
0.0
0.0
0.0
0.0
0.20460938767478848
0.3967699525994957
0.5068158737562325
0.5845637434821149
0.6381422322788667
0.424210681266808
0.530400070791642
0.4451103221058165
0.3323362221918139
0.17474853070239904
0.017160839212984186
0.008580419606492093
0.0
0.0
0.0
0.0
0.0
0.0
0.0
0.0
0.0
0.0
0.0
0.0
0.1904251088442897
0.3808502176885794
0.4950189522943488
0.24882789345760392
0.5562884294085783
0.551642728428137
0.4856503832266017
0.10477294884770874
0.28816609175228597
0.15093886102662038
0.01632646987001367
0.0
0.0
0.0
0.0
0.0
0.0
0.0
0.0
0.0
0.0
0.0
0.0
0.0
0.1900746415672809
0.3801492831345618
0.513350963118805
0.5978360839507639
0.24391951005630363
0.5833198257959425
0.483896841105513
0.38447385641508336
0.24542716999788236
0.10638048358068135
0.011394205622935541
0.0
0.0
0.0
0.0
0.0
0.0
0.0
0.0
0.0
0.0
0.0
0.0
0.0
0.17219437984759284
0.33519783573803263
0.44685703172265173
0.5202638497754009
0.377243459266702
0.23135502461954574
0.09268573358435311
0.11835328212955067
0.21162355615914377
0.15247738021972787
0.07623869010986394
0.0
0.0
0.0
0.0
0.0
0.0
0.0
0.0
0.0
0.0
0.0
0.0
0.0
0.12888032199984106
0.2886805391313815
0.2692634452462308
0.5557936757182138
0.5742141071859522
0.5728025921895589
0.5437869561845426
0.44541175611700523
0.32232137860407817
0.15394194760209037
0.07697097380104519
0.0087162658675345
0.0
0.0
0.0
0.0
0.0
0.0
0.0
0.0
0.0
0.0
0.0
0.050335460748375555
0.10067092149675111
0.09041270412764488
0.4145682242681404
0.22390011640313
0.5400041603001311
0.522251706601187
0.4469759976790676
0.33816193684805557
0.2293478760170435
0.10817703028736643
0.012050126031282304
0.0
0.0
0.0
0.0
0.0
0.0
0.0
0.0
0.0
0.0
0.0
0.0
0.0
0.16039183161750023
0.3338200813508925
0.48185070703756355
0.5951939143646906
0.3535971817365999
0.603965242178269
0.520007429909883
0.436049617641497
0.18350796583568713
0.1615903332459868
0.010109995097594911
0.0
0.0
0.0
0.0
0.0
0.0
0.0
0.0
0.0
0.0
0.0
0.0
0.0
0.13735059725973361
0.2868454088712642
0.30502107592191724
0.32319674297257034
0.4319951292350005
0.35934685118083554
0.5097088364396148
0.42301721864575415
0.2889996572712266
0.15498209589669912
0.018590842162063716
0.0
0.0
0.0
0.0
0.0
0.0
0.0
0.0
0.0
0.0
0.0
0.0
0.0
0.19333334418423898
0.38666668836847795
0.5156925025177194
0.5981423409061317
0.631484961663759
0.5886841454590579
0.5458833292543568
0.41545805746916964
0.2731956730206068
0.12635711837018357
0.003800920574634664
0.0
0.0
0.0
0.0
0.0
0.0
0.0
0.0
0.0
0.0
0.0
0.0
0.0
0.1401451119539729
0.28841608102556515
0.43754633798505294
0.5548660627877823
0.5156925025177194
0.4173402114350323
0.31898792035234524
0.2777951541193326
0.20584325756058786
0.10923767609473596
0.012632094628884092
0.0
0.0
0.0
0.0
0.0
0.0
0.0
0.0
0.0
0.0
0.0
0.0
0.0
0.1429826107792965
0.2900623126386708
0.43973193552217893
0.5569664549777456
0.6087319186752006
0.5840038800453335
0.5592758414154665
0.43384955127183383
0.30842326112820123
0.15278122570300617
0.01883520466713408
0.00941760233356704
0.0
0.0
0.0
0.0
0.0
0.0
0.0
0.0
0.0
0.0
0.0
0.0
0.023306877745115768
0.16163534739165764
0.32415048018397163
0.5182205290915559
0.2958442835830394
0.08742209634916469
0.10456056950571928
0.22811561377930376
0.11401480345723414
0.04027425752097723
0.008014565244893445
0.0
0.0
0.0
0.0
0.0
0.0
0.0
0.0
0.0
0.0
0.0
0.0
0.0
0.2390604817695606
0.3851434418319374
0.14210397828532723
0.5943523106054515
0.6256178500699807
0.5832707925301226
0.15664143802439762
0.44375748626360123
0.32573039631461564
0.163425463506104
0.021085108126647066
0.0
0.0
0.0
0.0
0.0
0.0
0.0
0.0
0.0
0.0
0.0
0.0
0.0
0.24953109358221373
0.39442519790446195
0.49954890261449364
0.6046726073245253
0.6313925219003278
0.6025553348299354
0.28041676727517373
0.2828015294580711
0.29916803124866115
0.15272335037285792
0.019379393535333543
0.0
0.0
0.0
0.0
0.0
0.0
0.0
0.0
0.0
0.0
0.0
0.0
0.0
0.17693453015153998
0.2234952332558023
0.21913770319005746
0.22999455244904715
0.2313204601862628
0.2798087333140736
0.31876606492011034
0.27786589063395817
0.20661894774938033
0.1117596739883487
0.013742175614088607
0.0
0.0
0.0
0.0
0.0
0.0
0.0
0.0
0.0
0.0
0.0
0.0
0.1223797970705515
0.244759594141103
0.20646448876731044
0.50830535968352
0.5867545658754348
0.5945970750225368
0.5838724548164553
0.20195149854291988
0.41648373693124136
0.272840382799419
0.12807649797000434
0.016482411731801993
0.0
0.0
0.0
0.0
0.0
0.0
0.0
0.0
0.0
0.0
0.0
0.0
0.0
0.061381208654376886
0.047286584980014576
0.27703312893904736
0.4756773384884176
0.5472104427276173
0.5724312254877743
0.5461164382230096
0.4436232476506185
0.31181298706202265
0.1574948498139687
0.02165019641962228
0.0
0.0
0.0
0.0
0.0
0.0
0.0
0.0
0.0
0.0
0.0
0.0
0.0
0.24698699052778053
0.38698821798041266
0.2803262929340761
0.6061894232688271
0.612048496622307
0.6179075699757869
0.5567912213392412
0.4454061293487965
0.10016254469289805
0.1623145786968697
0.07782985977692572
0.0
0.0
0.0
0.0
0.0
0.0
0.0
0.0
0.0
0.0
0.0
0.0
0.0
0.009346157223464598
0.12413936787186408
0.27861264315767653
0.27070125808104173
0.5484603890940134
0.5713275750948084
0.5443391832930405
0.41705525581645525
0.27586999556787367
0.13069696430727204
0.017607765373573406
0.0
0.0
0.0
0.0
0.0
0.0
0.0
0.0
0.0
0.0
0.0
0.0
0.0
0.25159772516292395
0.18336480409280123
0.5178033444200706
0.23334470901813803
0.26448718651957204
0.5818978610871613
0.5113076424349602
0.3814739851357327
0.2516403278365053
0.04755126310834572
0.015582128818384866
0.0
0.0
0.0
0.0
0.0
0.0
0.0
0.0
0.0
0.0
0.0
0.0
0.01351308576558514
0.02702617153117028
0.1526240781051731
0.27822198467917586
0.15136538248368642
0.4851053905343724
0.4567207563927781
0.3907042964703478
0.25781422874486976
0.2627933862504898
0.14375428184793976
0.019716999627864964
0.0
0.0
0.0
0.0
0.0
0.0
0.0
0.0
0.0
0.0
0.0
0.0
0.0
0.2359456636539433
0.37419415280951646
0.5124426419650896
0.5937526578791934
0.6308628018646654
0.5923933914447395
0.5539239810248137
0.4469261605892177
0.3114810077377001
0.15814996639828563
0.023246590942878013
0.011623295471439006
0.0
0.0
0.0
0.0
0.0
0.0
0.0
0.0
0.0
0.0
0.0
0.0
0.06926902697251586
0.32932188207992613
0.27023464815674625
0.6052409109136198
0.6372588296700762
0.6140009851907804
0.5527077952676706
0.4505393496033337
0.32242748337601657
0.16167553859314948
0.02413481649584759
0.0
0.0
0.0
0.0
0.0
0.0
0.0
0.0
0.0
0.0
0.0
0.0
0.0
0.22976506068852873
0.37887441822324075
0.48336712106985047
0.5878598239164603
0.5933748605851701
0.5358753181708747
0.44833847940964083
0.3421541288922396
0.20041824918321982
0.04318614423497857
0.011698051106213822
0.0
0.0
0.0
0.0
0.0
0.0
0.0
0.0
0.0
0.0
0.0
0.0
0.0
0.23224726929266454
0.3831025326201819
0.4833064323555979
0.5835103320910138
0.6185980548174166
0.582456116875883
0.5463141789343494
0.4265580634971849
0.28635105709291464
0.14459427795911914
0.005551676085100553
0.0
0.0
0.0
0.0
0.0
0.0
0.0
0.0
0.0
0.0
0.0
0.0
0.08313710793392269
0.12275829947108761
0.29066518066104835
0.4908286176268099
0.5445425507725893
0.19687391520521333
0.49061078131472424
0.44248824812048915
0.3949742097168405
0.2568016819320869
0.14625337075670214
0.01959803367144913
0.0
0.0
0.0
0.0
0.0
0.0
0.0
0.0
0.0
0.0
0.0
0.0
0.0
0.14068287022993364
0.3216003484493146
0.46221248216462263
0.525014449791736
0.5324988553335456
0.523108583016993
0.4658224558826193
0.19945521447992168
0.2735622167782124
0.14165710495409575
0.009751993129979116
0.0
0.0
0.0
0.0
0.0
0.0
0.0
0.0
0.0
0.0
0.0
0.0
0.0
0.1383332925907209
0.20064010461545476
0.26826823171770775
0.30707364058210534
0.32986767859618527
0.17688743370121354
0.2612693358899194
0.19595461434553652
0.037312986494642195
0.017450792200853247
0.020498316584866262
0.0
0.0
0.0
0.0
0.0
0.0
0.0
0.0
0.0
0.0
0.0
0.0
0.0
0.10077421288458513
0.20154842576917026
0.0861739036280239
0.3229137969140678
0.3518956723098308
0.364276170017376
0.37665666772492123
0.19247486012037338
0.15422690322066748
0.11597894632096166
0.05798947316048083
0.0
0.0
0.0
0.0
0.0
0.0
0.0
0.0
0.0
0.0
0.0
0.0
0.0
0.19070926063883697
0.38141852127767395
0.4977744610686291
0.5766914928459089
0.3034659643275303
0.6084312884880418
0.5291557511934547
0.42155667038354083
0.28705038399887256
0.13247100394112166
0.01794938493898019
0.0
0.0
0.0
0.0
0.0
0.0
0.0
0.0
0.0
0.0
0.0
0.0
0.0
0.04365910041569585
0.282475017621042
0.4028673597778222
0.5232597019346023
0.5021295796622844
0.46261519800357076
0.2223782604170276
0.36415640023693036
0.289367004852862
0.15767490639665213
0.02551096323492806
0.0
0.0
0.0
0.0
0.0
0.0
0.0
0.0
0.0
0.0
0.0
0.0
0.0
0.18350096865127616
0.28429165992847294
0.38833381940635925
0.45359146944462375
0.5208876172225541
0.4977953604934048
0.4747031037642555
0.3833525218934611
0.25789247114057534
0.13243242038768951
0.025430580831944386
0.0
0.0
0.0
0.0
0.0
0.0
0.0
0.0
0.0
0.0
0.0
0.0
0.0
0.167999222235875
0.3372588405505339
0.23400923227995377
0.5627186197352572
0.5488767699414688
0.2758573772679584
0.5152262845804141
0.4064455824466403
0.29766488031286653
0.15893369482737643
0.025953066451338252
0.0
0.0
0.0
0.0
0.0
0.0
0.0
0.0
0.0
0.0
0.0
0.0
0.0
0.17984115784342958
0.31708124975357255
0.4624793517425284
0.2534807235672622
0.5725477799721007
0.23231663196716643
0.5007405717387265
0.2578061100575943
0.3151327803052483
0.0426224395504284
0.023699947695705926
0.011849973847852963
0.0
0.0
0.0
0.0
0.0
0.0
0.0
0.0
0.0
0.0
0.0
0.0
0.05488912387740059
0.28766209408557836
0.19868918991531934
0.45720546228276965
0.30503639381527375
0.48187482175845864
0.23634060927360986
0.3932323230441843
0.25479051420943544
0.1538728187355244
0.026917655287142326
0.013458827643571163
0.0
0.0
0.0
0.0
0.0
0.0
0.0
0.0
0.0
0.0
0.0
0.0
0.10467074986921865
0.14610385948715252
0.20043914860799558
0.3158763175328473
0.3283709582526293
0.3408655989724113
0.3122784011752981
0.3820029013473653
0.27216677826241586
0.1474783985781733
0.02279001889393075
0.0
0.0
0.0
0.0
0.0
0.0
0.0
0.0
0.0
0.0
0.0
0.0
0.0
0.13360545854814448
0.35409573867949395
0.43152730364963554
0.5223638400533493
0.5880113447460846
0.594217268168439
0.502194689408701
0.4038263218454173
0.3054579542821335
0.15931953036169805
0.026265753998944746
0.013132876999472373
0.0
0.0
0.0
0.0
0.0
0.0
0.0
0.0
0.0
0.0
0.0
0.0
0.1798065934101466
0.3520090114980378
0.3881344710469598
0.19643954866882982
0.5319289440963914
0.5207300677127062
0.37771622748099715
0.40891814516241815
0.2897102377136023
0.16241505670059928
0.019830338816071942
0.009915169408035971
0.0
0.0
0.0
0.0
0.0
0.0
0.0
0.0
0.0
0.0
0.0
0.0
0.17780507157585315
0.35319625959010664
0.4586274269915508
0.5316379597975904
0.5649982646838742
0.5538982586558588
0.5023257127255645
0.4227559758360573
0.2892030247507753
0.1602527700603385
0.029331538848742
0.0
0.0
0.0
0.0
0.0
0.0
0.0
0.0
0.0
0.0
0.0
0.0
0.0
0.15753745248755005
0.1703845434587205
0.38508476267775926
0.3341133431434808
0.338745364301741
0.1323613605956456
0.05289597156699601
0.3567475541539253
0.25613691945941197
0.13595960023061304
0.027648331330263905
0.0
0.0
0.0
0.0
0.0
0.0
0.0
0.0
0.0
0.0
0.0
0.0
0.0
0.17545790540872994
0.30968767632713434
0.2751666495417665
0.32728659963637957
0.18982786759012102
0.5217428859903004
0.3872639296226466
0.3601871171775966
0.2477204799550065
0.13525384273241642
0.02429156218166575
0.0
0.0
0.0
0.0
0.0
0.0
0.0
0.0
0.0
0.0
0.0
0.0
0.0
0.1515320831606399
0.3126063613794715
0.42927981166221213
0.5978232227662866
0.5362302064800477
0.5813576913391111
0.4388613940978658
0.39129671478033745
0.10142169314061862
0.07384972509318921
0.021394580378134204
0.0
0.0
0.0
0.0
0.0
0.0
0.0
0.0
0.0
0.0
0.0
0.0
0.0
0.1823482849924903
0.3655462119845181
0.4637397478213124
0.5619332836581067
0.5686773672684369
0.5800257549216716
0.5083334935245643
0.41185973919960556
0.290268091590309
0.1573549844327771
0.07398838473833604
0.0
0.0
0.0
0.0
0.0
0.0
0.0
0.0
0.0
0.0
0.0
0.0
0.0
0.14897270744963978
0.24448790161901812
0.3862599534093806
0.5001577993170949
0.5644307649188094
0.34623912831800024
0.20793612767298908
0.43590010637194737
0.3062545438957017
0.1601547035286984
0.029864474180523747
0.014932237090261874
0.0
0.0
0.0
0.0
0.0
0.0
0.0
0.0
0.0
0.0
0.0
0.0
0.17726892094795207
0.34520946402964897
0.44870582699127626
0.5220632098661904
0.5954205927411046
0.5637402800771797
0.4633161325575884
0.3130484645958817
0.2945163015879961
0.1020587028727645
0.0719607386230729
0.01248298527134938
0.0
0.0
0.0
0.0
0.0
0.0
0.0
0.0
0.0
0.0
0.0
0.0
0.18329599352366782
0.3605166850298297
0.47714753263898885
0.5274862086834838
0.18821055290771782
0.47495389686156453
0.14083965496146691
0.4327073173254359
0.2885262049176528
0.14719304104758127
0.009517084254185482
0.0
0.0
0.0
0.0
0.0
0.0
0.0
0.0
0.0
0.0
0.0
0.0
0.08746087739041442
0.17492175478082883
0.32482368280895985
0.47472561083709086
0.4938726992278016
0.2964137489193819
0.5120459548063652
0.46676453764558795
0.4273016007247839
0.3025199774530803
0.13551588936614317
0.014804872077646988
0.0
0.0
0.0
0.0
0.0
0.0
0.0
0.0
0.0
0.0
0.0
0.0
0.0
0.18611580822033505
0.38193698777691865
0.21624596851779157
0.5743210157819204
0.5314956829443094
0.5222838595623805
0.5174207241818684
0.3874978424153291
0.29863027297270045
0.1637293089893823
0.08186465449469114
0.0
0.0
0.0
0.0
0.0
0.0
0.0
0.0
0.0
0.0
0.0
0.0
0.0
0.17973505307149112
0.36032296343863907
0.18020546147745964
0.5732077195005966
0.6048156880018362
0.5890366222961414
0.4981184977533992
0.3929662572903084
0.28781401682721747
0.1537144654016466
0.032312922175406406
0.0
0.0
0.0
0.0
0.0
0.0
0.0
0.0
0.0
0.0
0.0
0.0
0.07101544156398491
0.16459100834936727
0.32918201669873454
0.170140339615775
0.5306942703865621
0.24181430814194296
0.29542079543148964
0.47169358659654675
0.31655394118999963
0.2546683329569002
0.14798239624488094
0.02857996338084466
0.0
0.0
0.0
0.0
0.0
0.0
0.0
0.0
0.0
0.0
0.0
0.0
0.0
0.1549033211417751
0.32738225469593013
0.45021299704722006
0.49505994731987046
0.5234405623413155
0.1394753279992673
0.43524217640352597
0.35425730730949107
0.25330263593020763
0.13596844229494126
0.029341988561129878
0.0
0.0
0.0
0.0
0.0
0.0
0.0
0.0
0.0
0.0
0.0
0.0
0.0
0.18535378304004985
0.3751744162139023
0.4850442999081049
0.5707697212181019
0.17422632338058683
0.6286820272717184
0.563969369925683
0.4475949421820418
0.31464566294316726
0.1684855357739262
0.020858443137124053
0.01655877501463648
0.0
0.0
0.0
0.0
0.0
0.0
0.0
0.0
0.0
0.0
0.0
0.0
0.15270003947599267
0.1634484769125267
0.4486712625579933
0.5127460855363529
0.553637015846162
0.5512367972930695
0.5256526860714263
0.4185423302716531
0.29494956274007805
0.05570669721360462
0.03429274076089425
0.0
0.0
0.0
0.0
0.0
0.0
0.0
0.0
0.0
0.0
0.0
0.0
0.0
0.0912615942686747
0.29677303755176265
0.4205727897710207
0.5664129949763869
0.48037327847072364
0.5039667194824762
0.275856459309284
0.4194329672967123
0.30173142607981046
0.14716008426235794
0.02780427319205223
0.0
0.0
0.0
0.0
0.0
0.0
0.0
0.0
0.0
0.0
0.0
0.0
0.0
0.031552504643180865
0.061280328738632366
0.20261670790482328
0.05076354190024821
0.11096469202284018
0.41840407253852124
0.3174019755414774
0.14532977694641974
0.19037446793041
0.1075480379840192
0.024721608037628396
0.0
0.0
0.0
0.0
0.0
0.0
0.0
0.0
0.0
0.0
0.0
0.0
0.037947728624561826
0.0993590806800576
0.1746777941877734
0.136417760452903
0.19273891631417472
0.17667087586975352
0.11164874627223123
0.09731174087606345
0.08297473547989567
0.07991216592621776
0.07684959637253985
0.014745348003324839
0.0
0.0
0.0
0.0
0.0
0.0
0.0
0.0
0.0
0.0
0.0
0.0
0.0
0.1796357808038063
0.21995658905050378
0.48667284739255406
0.5612837938419987
0.5871251287531896
0.5703975506922875
0.49263199683774866
0.3721564588938803
0.23426727907964418
0.09260937030151863
0.04630468515075931
0.0
0.0
0.0
0.0
0.0
0.0
0.0
0.0
0.0
0.0
0.0
0.0
0.0
0.11993858349193735
0.2382044091777845
0.31061127013741674
0.2221186355010482
0.34886043277316736
0.3460430295485896
0.13358429370915254
0.26110776725992224
0.19917071428891325
0.11572333027947358
0.025210333047769127
0.0
0.0
0.0
0.0
0.0
0.0
0.0
0.0
0.0
0.0
0.0
0.0
0.07791707468416302
0.16018243545772778
0.32036487091545557
0.4227752676127734
0.449135470935224
0.47549567425767447
0.501531534584086
0.48090701762653526
0.41424428318411616
0.1716007076623864
0.1611900288791281
0.08059501443956404
0.0
0.0
0.0
0.0
0.0
0.0
0.0
0.0
0.0
0.0
0.0
0.0
0.08095110848478171
0.16190221696956342
0.3362251228481639
0.44759654983010144
0.2920135446641493
0.6005489900514629
0.5608087338403651
0.5210684776292673
0.4221579307578587
0.29217114498094743
0.16735656492402054
0.035265367836996686
0.0
0.0
0.0
0.0
0.0
0.0
0.0
0.0
0.0
0.0
0.0
0.0
0.0
0.0743544201040954
0.29657730640049745
0.4278273016402972
0.2477065528232845
0.5666444962969798
0.5342242636135901
0.5018040309302004
0.41025410070000673
0.13722796349502445
0.1424946895931856
0.028946507138450213
0.0
0.0
0.0
0.0
0.0
0.0
0.0
0.0
0.0
0.0
0.0
0.0
0.0
0.1448844584338902
0.2950637057523149
0.4183285130797166
0.4997767867269523
0.540693841317731
0.5169838458216521
0.4932738503255732
0.4092565550789793
0.1692368456152496
0.062001899529753976
0.013403884039149465
0.017108590651044798
0.0
0.0
0.0
0.0
0.0
0.0
0.0
0.0
0.0
0.0
0.0
0.0
0.16847106694138914
0.3519615858802774
0.47301587712562815
0.1894742524235779
0.5599486421284398
0.5547020826856955
0.5062097904377356
0.42038871406818806
0.29893411845597867
0.1622366077659755
0.036483965066229154
0.0
0.0
0.0
0.0
0.0
0.0
0.0
0.0
0.0
0.0
0.0
0.0
0.0
0.1725810192059443
0.34639108535350893
0.48131375258563264
0.33646455865757974
0.31606067435177776
0.5846397048529344
0.5296943132934453
0.4335199834196008
0.07748430770818382
0.1664213156653055
0.03712461281800903
0.0
0.0
0.0
0.0
0.0
0.0
0.0
0.0
0.0
0.0
0.0
0.0
0.0
0.16998627523763138
0.32535822578880125
0.48073017633997117
0.5338223515986718
0.5653724447697632
0.5746280765613181
0.5022111678013128
0.20170243544701927
0.30395078422618965
0.16436111467683398
0.03677253789294054
0.01838626894647027
0.0
0.0
0.0
0.0
0.0
0.0
0.0
0.0
0.0
0.0
0.0
0.0
0.07539281094772766
0.3650028269403484
0.49648110820462177
0.5697641373567761
0.593198019298606
0.5729223619700046
0.4957745468823953
0.418626731794786
0.298962252297023
0.16822791017236355
0.013442205222443345
0.0
0.0
0.0
0.0
0.0
0.0
0.0
0.0
0.0
0.0
0.0
0.0
0.0
0.16779706049237106
0.3355941209847421
0.46859484496152615
0.5530052101587102
0.5930822686383095
0.5663366316935523
0.5031448094119682
0.4058306570638152
0.28205381382940753
0.16260315152358107
0.03614635897369774
0.0
0.0
0.0
0.0
0.0
0.0
0.0
0.0
0.0
0.0
0.0
0.0
0.0
0.15882839387946784
0.3311602276361627
0.44778303700502364
0.5148878746638529
0.5385637076386637
0.5011384646334957
0.4325971934333482
0.33837776360006666
0.22587857150426818
0.1133793794084697
0.022256279738119167
0.0
0.0
0.0
0.0
0.0
0.0
0.0
0.0
0.0
0.0
0.0
0.0
0.0
0.09816299052366055
0.19029890847160533
0.30240663826487335
0.3910338643225808
0.44773159226711406
0.4920648989846988
0.46849838607794575
0.23596884147498515
0.2803919076477201
0.1605726920242135
0.037354506490542325
0.0
0.0
0.0
0.0
0.0
0.0
0.0
0.0
0.0
0.0
0.0
0.0
0.08083415208844048
0.16804624594162043
0.33609249188324086
0.40882731304704656
0.3988538663968474
0.3888804197466483
0.41398143272635957
0.4060838616332138
0.35848059876225324
0.2720630849625669
0.15625696080802015
0.037392286219944657
0.0
0.0
0.0
0.0
0.0
0.0
0.0
0.0
0.0
0.0
0.0
0.0
0.0
0.08013106951051814
0.2832442772175957
0.4198742666890926
0.47319874709241605
0.49198652614178967
0.16889117305971388
0.4235188048403723
0.3320854290945048
0.23004881057106108
0.12325837673516302
0.02708324303728869
0.0
0.0
0.0
0.0
0.0
0.0
0.0
0.0
0.0
0.0
0.0
0.0
0.0
0.11380942526443236
0.23392846725106803
0.35404750923770373
0.46264172419655547
0.5369978584285416
0.4836472537442486
0.40101575112509324
0.2991784809610491
0.2237315575205743
0.12722886553054152
0.009154070538557203
0.0
0.0
0.0
0.0
0.0
0.0
0.0
0.0
0.0
0.0
0.0
0.0
0.0
0.056245978839764975
0.10668432906395964
0.1758469562391709
0.24375481410380706
0.08091744833114412
0.3324768913970353
0.33430961018506306
0.30343312155097485
0.21891182863767333
0.12144816501997072
0.027991564191004185
0.0
0.0
0.0
0.0
0.0
0.0
0.0
0.0
0.0
0.0
0.0
0.0
0.0
0.15178126860988927
0.31885689703548187
0.08090078252698286
0.23161144448506366
0.10839084747930298
0.10876382182914722
0.10021836856795305
0.10718069040238382
0.05881006836477389
0.09348393084598099
0.0280904345466741
0.0
0.0
0.0
0.0
0.0
0.0
0.0
0.0
0.0
0.0
0.0
0.0
0.0
0.13728108693566463
0.2850633309971162
0.40540141503188243
0.4835724981094739
0.5210692814532973
0.4901011568798077
0.4259190233934647
0.33622753432025343
0.20856500572561504
0.09750787393934363
0.004319283398404521
0.0
0.0
0.0
0.0
0.0
0.0
0.0
0.0
0.0
0.0
0.0
0.0
0.0
0.0965794571848822
0.18997255591549164
0.24022522278879402
0.2592597758153276
0.25271262909230746
0.29877576512210086
0.31856269744056165
0.2999509558537221
0.22407880950146378
0.12894221645013848
0.03160877232526944
0.0
0.0
0.0
0.0
0.0
0.0
0.0
0.0
0.0
0.0
0.0
0.0
0.0
0.16196652289195038
0.14490023926741435
0.47059717061984946
0.36730704277087506
0.5704055889325857
0.3348844894111819
0.47850237804127865
0.4047680016963711
0.2860946372273967
0.1555118159323615
0.07775590796618075
0.0
0.0
0.0
0.0
0.0
0.0
0.0
0.0
0.0
0.0
0.0
0.0
0.0
0.15410673152820692
0.21724585232317714
0.1173090082414777
0.4239946686660356
0.3995953940643718
0.3737202985439277
0.3218792753876679
0.25192086242291833
0.2080931610201009
0.12960537127475377
0.06480268563737689
0.0
0.0
0.0
0.0
0.0
0.0
0.0
0.0
0.0
0.0
0.0
0.0
0.0
0.0761084706170304
0.14368354533331412
0.24882453225998724
0.3569493139854143
0.21763023377512067
0.23314963308149794
0.1403063495481833
0.2964912972293049
0.2221030100361251
0.12852503177865324
0.03207257879048522
0.0
0.0
0.0
0.0
0.0
0.0
0.0
0.0
0.0
0.0
0.0
0.0
0.037354104578527406
0.07470820915705481
0.14115551875947763
0.1572014540430783
0.1434464172445123
0.05645449657602761
0.23160099477267584
0.3249691749583603
0.3571422317525751
0.24241966239024829
0.1270532299800222
0.0635266149900111
0.0
0.0
0.0
0.0
0.0
0.0
0.0
0.0
0.0
0.0
0.0
0.0
0.0
0.039549503819499496
0.18896456058207636
0.2780708657615666
0.3491650820804755
0.17015881196484392
0.29679433888855333
0.18610535850794716
0.08290399896527005
0.05962605888522839
0.03265454738808701
0.016327273694043506
0.0
0.0
0.0
0.0
0.0
0.0
0.0
0.0
0.0
0.0
0.0
0.0
0.0
0.1116784877613352
0.22474035667801937
0.31210879430500255
0.10111808463148882
0.39482630609535047
0.2948137164790357
0.1297872402614652
0.08232765713587711
0.08125374823201525
0.0801798393281534
0.02465247917106244
0.0
0.0
0.0
0.0
0.0
0.0
0.0
0.0
0.0
0.0
0.0
0.0
0.0
0.05643085836662742
0.07540708710132152
0.19910721219055613
0.3019605159283139
0.3949444682277365
0.4054809936108362
0.384362124874936
0.32792644356412964
0.21869158085349807
0.12202129155324432
0.05634203581133047
0.0
0.0
0.0
0.0
0.0
0.0
0.0
0.0
0.0
0.0
0.0
0.0
0.0
0.12325516143904366
0.2550340728904759
0.3580035292005452
0.46097298551061444
0.5116347988151037
0.4752770341215588
0.438919269428014
0.10180551168044719
0.10579969662256371
0.13410919731392892
0.03282656573047207
0.0
0.0
0.0
0.0
0.0
0.0
0.0
0.0
0.0
0.0
0.0
0.0
0.0
0.0696330629141429
0.22268899775387604
0.3238373907243502
0.38297633224749755
0.4421152737706449
0.44732726878010626
0.3995628391911634
0.3517984096022206
0.23378900378189135
0.11577959796156215
0.017581367894556988
0.0
0.0
0.0
0.0
0.0
0.0
0.0
0.0
0.0
0.0
0.0
0.0
0.0
0.07469680022972598
0.18880834267773222
0.27844062481529147
0.2136122168089598
0.10734185712036606
0.10729925444678472
0.09915008643230004
0.08236865216139878
0.05932542869806947
0.03277753246465203
0.0021927601878088615
0.0
0.0
0.0
0.0
0.0
0.0
0.0
0.0
0.0
0.0
0.0
0.0
0.06095116279841423
0.1256328729193007
0.2512657458386014
0.35073414658671676
0.39527082078385023
0.4398074949809836
0.44399541817643295
0.4135152147890543
0.3484545016380998
0.2530413931205107
0.14026729320650805
0.03708522544054703
0.0
0.0
0.0
0.0
0.0
0.0
0.0
0.0
0.0
0.0
0.0
0.0
0.0
0.10958774145972988
0.2201022920258615
0.2023864123202751
0.1846705326146886
0.10624785261575828
0.10240718140119842
0.06421613963772968
0.08228666211035544
0.05969599157582419
0.02071272036209363
0.0065246396501846765
0.0
0.0
0.0
0.0
0.0
0.0
0.0
0.0
0.0
0.0
0.0
0.0
0.0
0.09191848354787396
0.17420072462606528
0.2542929471349665
0.30132308347265346
0.3214042153860345
0.32733683863824437
0.3301080219811065
0.2884651142913852
0.21640148619249322
0.12632978835316913
0.03367299243389014
0.0
0.0
0.0
0.0
0.0
0.0
0.0
0.0
0.0
0.0
0.0
0.0
0.06869962453402531
0.13739924906805062
0.2882183403142254
0.40951779788867626
0.4894026337978795
0.5296774329888186
0.5186899623249805
0.4685779646568996
0.3846531091737369
0.274425523786257
0.14737872439847355
0.07368936219923677
0.0
0.0
0.0
0.0
0.0
0.0
0.0
0.0
0.0
0.0
0.0
0.0
0.0
0.14611511302357022
0.28993972947412067
0.4337643459246711
0.5086847646256029
0.5399953182358029
0.5178049520681304
0.4589738751484105
0.37042622766965677
0.26698452474205847
0.14457337853434338
0.039544123147817564
0.0
0.0
0.0
0.0
0.0
0.0
0.0
0.0
0.0
0.0
0.0
0.0
0.0
0.09426444397895244
0.1839567368761936
0.27725578819531216
0.13889930207611295
0.43199754070709007
0.37919273253905605
0.3263879243710221
0.246787642168381
0.1355311995466209
0.12159767628952034
0.033900474634333926
0.0
0.0
0.0
0.0
0.0
0.0
0.0
0.0
0.0
0.0
0.0
0.0
0.0
0.093606915922546
0.18225584522905908
0.26769349753637445
0.3365667480608445
0.1744871398515417
0.3576542676595811
0.3093404243462449
0.24385046916335762
0.17763385705749793
0.10187746136553603
0.026121065673574136
0.0
0.0
0.0
0.0
0.0
0.0
0.0
0.0
0.0
0.0
0.0
0.0
0.0
0.09332718516016282
0.1814592556154909
0.27957883964154023
0.35312029821928703
0.4266617567970339
0.40797767104750904
0.3481490485067618
0.27974523121571643
0.19951635862174305
0.10708302578275865
0.02632282550506315
0.0
0.0
0.0
0.0
0.0
0.0
0.0
0.0
0.0
0.0
0.0
0.0
0.0
0.03701505456722324
0.08714448409688769
0.42870186218475953
0.4829720415591858
0.5372422209336121
0.5023144591891469
0.43352882548392896
0.3390770905060246
0.24780930251030348
0.1373783496432749
0.03861892168947549
0.019309460844737746
0.0
0.0
0.0
0.0
0.0
0.0
0.0
0.0
0.0
0.0
0.0
0.0
0.13428684242452285
0.25451038153503736
0.3747339206455518
0.41798206492285694
0.4235019245357458
0.40188870402149596
0.35309738923443673
0.28256263444029417
0.1943513873180272
0.1061401401957602
0.026678919550280816
0.0
0.0
0.0
0.0
0.0
0.0
0.0
0.0
0.0
0.0
0.0
0.0
0.0
0.06461802497977047
0.09023590265555
0.2731836156601593
0.36483723919020206
0.3132680942405312
0.4382778178522043
0.39666304400352737
0.33132139435414504
0.24741864403180286
0.13367673998587676
0.03644055856861798
0.0
0.0
0.0
0.0
0.0
0.0
0.0
0.0
0.0
0.0
0.0
0.0
0.07029802861735564
0.14997909513499533
0.29995819026999065
0.3950007359098251
0.4900432815496594
0.5202943950885347
0.5035716399718115
0.4505715025645272
0.36519333323541975
0.2582525843059421
0.1374547129261094
0.0687273564630547
0.0
0.0
0.0
0.0
0.0
0.0
0.0
0.0
0.0
0.0
0.0
0.0
0.0
0.14455810587777648
0.28911621175555297
0.4022263101140274
0.4698054039504603
0.49819325338817394
0.4969875173434189
0.43898638873450546
0.358196045055691
0.16307090882140882
0.14779912436607814
0.036544251868466916
0.0
0.0
0.0
0.0
0.0
0.0
0.0
0.0
0.0
0.0
0.0
0.0
0.031099147890352955
0.14542703965403
0.14381592048263114
0.24153921778371
0.19418737839319575
0.4352164540345712
0.37827155020086317
0.22490755207622543
0.08153428281842827
0.1004096786870542
0.08048609628352119
0.02773996726966529
0.0
0.0
0.0
0.0
0.0
0.0
0.0
0.0
0.0
0.0
0.0
0.0
0.02016714108457353
0.10533953146204279
0.21200296110122668
0.30974394400922295
0.3817255820570716
0.42348102511096997
0.26403886868091353
0.3402928743511527
0.25484195894734496
0.15929621946483277
0.06334133355113372
0.0037591505376728443
0.0
0.0
0.0
0.0
0.0
0.0
0.0
0.0
0.0
0.0
0.0
0.0
0.007838891938967717
0.05520904584127561
0.1025791997435835
0.1775522689184695
0.2525253380933555
0.3189750591678679
0.31604913969926224
0.289308325698684
0.14693559510000026
0.18069923999528031
0.12021107983805202
0.025710621508990665
0.0
0.0
0.0
0.0
0.0
0.0
0.0
0.0
0.0
0.0
0.0
0.012923882751714822
0.008263189680960039
0.12497695251095393
0.26271702296765537
0.33407730504044025
0.387645746036819
0.41924246100164086
0.42413292639916755
0.3939308461261124
0.3324809105171845
0.22534322470039692
0.12338940005202638
0.031893326031831634
0.0
0.0
0.0
0.0
0.0
0.0
0.0
0.0
0.0
0.0
0.0
0.0
0.028786546156512702
0.1341373311549732
0.28688158095260685
0.3295517757524595
0.30246772889114093
0.23953393412313442
0.23872609097314848
0.21990857043467082
0.18498884693050396
0.13561074060166392
0.04517701321377172
0.02050555100113479
0.0
0.0
0.0
0.0
0.0
0.0
0.0
0.0
0.0
0.0
0.0
0.0
0.02582365078253454
0.12376960881813917
0.25141003225195707
0.379050455685775
0.14897609088191371
0.1484421911089302
0.4990678139326363
0.4345866579071941
0.3701055018817519
0.07259851229004498
0.1391146095477222
0.040029632861838936
0.0
0.0
0.0
0.0
0.0
0.0
0.0
0.0
0.0
0.0
0.0
0.0
0.015129753187757979
0.1138809656030878
0.23720927502884662
0.3443156117084706
0.45142194838809446
0.16661682137483258
0.48104567727168207
0.4516084355630166
0.3694375241129576
0.24674905861494884
0.1294590753013235
0.03537308025699481
0.0
0.0
0.0
0.0
0.0
0.0
0.0
0.0
0.0
0.0
0.0
0.0
0.03102841137572732
0.13775373546520864
0.2995321635341772
0.42056957447490134
0.18708023842423346
0.5196931347142167
0.5037999259962851
0.27624963955305615
0.3538831272236021
0.2578619258274415
0.14885092810911948
0.03983993039079747
0.0
0.0
0.0
0.0
0.0
0.0
0.0
0.0
0.0
0.0
0.0
0.0
0.016938179956719417
0.09045110278140703
0.1775325752297385
0.2522106409856744
0.3268887067416104
0.34635370753612155
0.3658187083306327
0.33463998186132593
0.2791262867127422
0.17177397987998824
0.07932698203249662
0.014472851657210187
0.0
0.0
0.0
0.0
0.0
0.0
0.0
0.0
0.0
0.0
0.0
0.0
0.020999098955454536
0.10316036451715542
0.1194556505991447
0.3139045371876578
0.3935964553297003
0.44461918562358627
0.4499348739328966
0.40230468295693644
0.35467449198097634
0.21651723685278967
0.10270781158835737
0.020487063048448544
0.0
0.0
0.0
0.0
0.0
0.0
0.0
0.0
0.0
0.0
0.0
0.0
0.026243246926109316
0.140942103479556
0.2556409600330027
0.3479231739543777
0.39718713727098093
0.1720350222654212
0.4305321695006977
0.39336053297694323
0.3561888964531888
0.2444862939709585
0.13278369148872818
0.03860847197708761
0.0
0.0
0.0
0.0
0.0
0.0
0.0
0.0
0.0
0.0
0.0
0.0
0.021101988431273633
0.11465344049576089
0.20820489256024813
0.291287340460142
0.3434265823314711
0.36684438779270434
0.36079239667206364
0.354740405551423
0.28637034886963075
0.21800029218783845
0.1239102780233606
0.03590521176474672
0.0
0.0
0.0
0.0
0.0
0.0
0.0
0.0
0.0
0.0
0.0
0.0
0.02396279815346253
0.11146145527327926
0.23357116746980558
0.17070855259040052
0.4347409921209228
0.4855957231925728
0.4629286893752071
0.4079471257343753
0.1559770014921725
0.21416283626939794
0.11161659331103777
0.05580829665551888
0.0
0.0
0.0
0.0
0.0
0.0
0.0
0.0
0.0
0.0
0.0
0.0
0.029645834044408157
0.1289558814586457
0.2798473168675057
0.39704244894561036
0.4667717720618565
0.4976353995114673
0.4448169263349261
0.22527552890214123
0.303314155594559
0.20492127139836513
0.10877668301362463
0.028405533566370097
0.0
0.0
0.0
0.0
0.0
0.0
0.0
0.0
0.0
0.0
0.0
0.0
0.029694063486198363
0.12845992203223644
0.2497489298942995
0.11845431767304891
0.4093256839455453
0.4088216862788377
0.3069321675528541
0.19045967327757268
0.07928196788682576
0.05788738750869156
0.03256210762465579
0.0071516223934573195
0.0
0.0
0.0
0.0
0.0
0.0
0.0
0.0
0.0
0.0
0.0
0.0
0.021346350936344
0.10045469283272504
0.20365685619943202
0.2849724988817447
0.3355659871436978
0.3583134033640472
0.2738660622614907
0.17637145141863936
0.07887684057578806
0.08471903362464135
0.09056122667349466
0.03314086092613823
0.0
0.0
0.0
0.0
0.0
0.0
0.0
0.0
0.0
0.0
0.0
0.0
0.0660309287549674
0.1320618575099348
0.29258632009235813
0.3999514881095894
0.4522418488985279
0.4638024460956397
0.44733209172428523
0.39884864154065347
0.32297006459615635
0.22045999371913885
0.11985980873701335
0.059929904368506676
0.0
0.0
0.0
0.0
0.0
0.0
0.0
0.0
0.0
0.0
0.0
0.0017716281617601365
0.003543256323520273
0.012963484747917482
0.05899505702180657
0.08082852532023163
0.09573303048146413
0.10305988651342585
0.1028725955144739
0.0952137601581896
0.027954857867088095
0.05611254405081209
0.03273171449495134
0.007118665608234013
0.0
0.0
0.0
0.0
0.0
0.0
0.0
0.0
0.0
0.0
0.0
0.0
0.02135358535261253
0.09949573076512983
0.20376376479540026
0.15453597387385568
0.3871602363227977
0.43177648909888494
0.4624110266999923
0.4099470399206091
0.12096174345776925
0.25346340073617496
0.13553518114285928
0.03988333688840865
0.0
0.0
0.0
0.0
0.0
0.0
0.0
0.0
0.0
0.0
0.0
0.0
0.06582836509944855
0.1316567301988971
0.295963988665732
0.18581893600266794
0.47390812179874686
0.49348364839736053
0.482660961659639
0.4191383657897771
0.35561576991991517
0.2527279017488744
0.14603633826864623
0.03934477478841805
0.0
0.0
0.0
0.0
0.0
0.0
0.0
0.0
0.0
0.0
0.0
0.0
0.028405533566370097
0.1200639800405919
0.23017018799956643
0.12302214389469686
0.3673250745625467
0.35805296437838013
0.2731836156601593
0.17571472718626277
0.07824583871236623
0.08263712938736426
0.042425870365443756
0.020682392287698866
0.0
0.0
0.0
0.0
0.0
0.0
0.0
0.0
0.0
0.0
0.0
0.0
0.036160023982204956
0.0732850387122289
0.13438169366004357
0.10642500034530647
0.2948699841611242
0.3572796856616772
0.26414305377655584
0.1236460538523321
0.31794937970579623
0.21048373368483528
0.11949889174761666
0.02851404981039805
0.0
0.0
0.0
0.0
0.0
0.0
0.0
0.0
0.0
0.0
0.0
0.014961174755335996
0.02992234951067199
0.15050359031446384
0.27108483111825565
0.28082396306375734
0.2713275859752663
0.2286589988234734
0.3134101854093082
0.13135392535152154
0.3529736003338419
0.24763004975164987
0.1328279018103692
0.038743514414100184
0.0
0.0
0.0
0.0
0.0
0.0
0.0
0.0
0.0
0.0
0.0
0.014940677242575159
0.029881354485150318
0.14892367418381972
0.26796599388248915
0.38623583868848543
0.46114982679717853
0.49826238225473996
0.48879815812744243
0.42512605098803086
0.34740591319117775
0.18268236553841924
0.13400630783810985
0.039140603484839526
0.0
0.0
0.0
0.0
0.0
0.0
0.0
0.0
0.0
0.0
0.0
0.0
0.031083071409756215
0.1536899487687366
0.27629682612771694
0.3947901340140078
0.4662316023138062
0.497690863369526
0.4873978966674668
0.42369363656686176
0.3599893764662568
0.25223113849843526
0.13414215409915223
0.026888057005935714
0.0
0.0
0.0
0.0
0.0
0.0
0.0
0.0
0.0
0.0
0.0
0.0
0.01216185757142961
0.07039328176489129
0.13207150339829285
0.2264561190697059
0.32084073474111885
0.39964281968213217
0.40422300900414176
0.37634880312149377
0.13929756313156405
0.21683474734457525
0.11664772791378583
0.010696402326124867
0.0
0.0
0.0
0.0
0.0
0.0
0.0
0.0
0.0
0.0
0.0
0.0
0.030341141830216925
0.1497873831038793
0.24560602084452104
0.370513844488909
0.42080187961952414
0.4330674304908027
0.44578231899476
0.40274397278924223
0.3597056265837244
0.2523798459439551
0.13410678584183944
0.03898064250290202
0.0
0.0
0.0
0.0
0.0
0.0
0.0
0.0
0.0
0.0
0.0
0.0
0.01990920499041962
0.12038631347655639
0.26895148214306897
0.35334737850771597
0.14511000164597118
0.45845058570498676
0.4549033102613173
0.3994302082262403
0.3439571061911634
0.24688088575584205
0.13476431389824586
0.01097651805060601
0.0
0.0
0.0
0.0
0.0
0.0
0.0
0.0
0.0
0.0
0.0
0.0
0.030306577396933945
0.11964840301716628
0.2682827005502448
0.38192653806453075
0.4487886208663493
0.308032168909933
0.44394156196643386
0.4122178428048978
0.09640222630594143
0.22482636584921192
0.11760508233332134
0.03275904451196578
0.0
0.0
0.0
0.0
0.0
0.0
0.0
0.0
0.0
0.0
0.0
0.0
0.0
0.07007094832892677
0.11809621881555157
0.16612148930217638
0.05174239732949963
0.10463789436309949
0.07724646297977497
0.270379073620059
0.2673534799717535
0.1940037334251228
0.11339183868093217
0.05544818349015203
0.0
0.0
0.0
0.0
0.0
0.0
0.0
0.0
0.0
0.0
0.0
0.0
0.0
0.11555131193708854
0.2582067663362415
0.33764789138097495
0.3648492965506496
0.3549550265673894
0.3754758502250911
0.3638509471055924
0.2967999656567622
0.22974898420793202
0.12744388845852284
0.03867679701962373
0.019338398509811866
0.0
0.0
0.0
0.0
0.0
0.0
0.0
0.0
0.0
0.0
0.0
0.0
0.08864330253830424
0.1711799539219389
0.2384986087727047
0.2814131660776277
0.30235278205487426
0.23526241322858205
0.15645791681547933
0.07785196493774625
0.021511647886354058
0.03195923960227825
0.007167698874054053
0.0
0.0
0.0
0.0
0.0
0.0
0.0
0.0
0.0
0.0
0.0
0.0
0.06197362696436654
0.12394725392873308
0.2885294202137722
0.3770947518211823
0.3121540030227803
0.48733278692105003
0.4795557894323797
0.4352626739162868
0.3430596366618507
0.15238239046139387
0.048624796590042985
0.03751848659262901
0.0
0.0
0.0
0.0
0.0
0.0
0.0
0.0
0.0
0.0
0.0
0.0
0.0
0.11853510673584244
0.08981908514405473
0.3840462220312102
0.26150585312754043
0.476837256563472
0.468817504217791
0.21006748918880008
0.34828650241586395
0.2444581601299142
0.08435065361823964
0.03879817444812909
0.0
0.0
0.0
0.0
0.0
0.0
0.0
0.0
0.0
0.0
0.0
0.0
0.0
0.08011492772335085
0.2728837892970302
0.36373439262126606
0.39825300793454443
0.3937765119123837
0.3989659998490096
0.2423874059534825
0.31421883238332393
0.18783679546821547
0.05468098565103005
0.014778304788548143
0.0
0.0
0.0
0.0
0.0
0.0
0.0
0.0
0.0
0.0
0.0
0.0
0.0
0.11623456236244974
0.265376876682385
0.35697021341019003
0.39531663875355094
0.3954219397014595
0.36057054123982873
0.3019098750144342
0.2303968663759804
0.1576523993238167
0.08392405165913285
0.009344373161972109
0.0
0.0
0.0
0.0
0.0
0.0
0.0
0.0
0.0
0.0
0.0
0.0
0.0
0.04529941122641485
0.16958918616689203
0.26340750780928507
0.3428960584717789
0.3988880289181155
0.39274761715419276
0.3567154011927318
0.29457498074217414
0.21264602032509602
0.13071705990801796
0.037583596339045795
0.0
0.0
0.0
0.0
0.0
0.0
0.0
0.0
0.0
0.0
0.0
0.0
0.0
0.07877593112299192
0.2608079408967931
0.370523490377267
0.4354274578424034
0.4626811115740174
0.38388063428106384
0.28323302368117803
0.1766740911658729
0.1422864991694579
0.06162729759684655
0.03675485376428413
0.0
0.0
0.0
0.0
0.0
0.0
0.0
0.0
0.0
0.0
0.0
0.0
0.0
0.10811433201303917
0.22061593558092715
0.33311753914881514
0.3823654259848216
0.3985508247375989
0.3966144126497223
0.39696367419068634
0.3412281236098677
0.2328316493623558
0.12279778556606656
0.036461457993393724
0.0
0.0
0.0
0.0
0.0
0.0
0.0
0.0
0.0
0.0
0.0
0.0
0.0
0.08261060319437964
0.16878214684093595
0.18314567843008833
0.15625213786384112
0.10031241597944394
0.14389334340510151
0.17221929839251776
0.17683807126795958
0.14340301074690112
0.09081845036304241
0.028116156915628878
0.014058078457814439
0.0
0.0
0.0
0.0
0.0
0.0
0.0
0.0
0.0
0.0
0.0
0.0
0.03184107746989225
0.05769607738959043
0.07828201079370889
0.08929721338657642
0.10031241597944394
0.13578155320800422
0.17125069043656452
0.13908526997063317
0.1069198495047018
0.04735648889380067
0.007716710686432535
0.0038583553432162674
0.0
0.0
0.0
0.0
0.0
0.0
0.0
0.0
0.0
0.0
0.0
0.04589232342345308
0.09178464684690615
0.19767801306550645
0.3116554375521747
0.405004325961143
0.46871702621406136
0.47180772960878353
0.22358648349282936
0.36527050034228403
0.2505543615721959
0.13583822280210772
0.017539757359409144
0.01891397942205808
0.0
0.0
0.0
0.0
0.0
0.0
0.0
0.0
0.0
0.0
0.0
0.0
0.11471774641814785
0.27065237379020346
0.3785705727399625
0.4352530280279287
0.22160441361791058
0.4427326106255595
0.14942883455895267
0.20807325767405827
0.23629452328289247
0.13049359682772335
0.03784966209292175
0.0
0.0
0.0
0.0
0.0
0.0
0.0
0.0
0.0
0.0
0.0
0.0
0.0
0.04536159676087182
0.23849458965255552
0.33261997207434624
0.3823155888949717
0.39881608666744506
0.4153165844399184
0.37834911921974246
0.3413816539995665
0.23664056952773713
0.13994737124263304
0.038149488456050845
0.0
0.0
0.0
0.0
0.0
0.0
0.0
0.0
0.0
0.0
0.0
0.0
0.0
0.11209567243282044
0.26432467102732876
0.3847302762806013
0.459828340092127
0.4681213926079524
0.47641444512377773
0.42333392531350983
0.34055532289689433
0.066352158505558
0.05541240027199797
0.0281209798598079
0.0
0.0
0.0
0.0
0.0
0.0
0.0
0.0
0.0
0.0
0.0
0.0
0.0
0.027753658252721494
0.16802333695677008
0.2234984485519216
0.2789735601470732
0.2997475883741735
0.29747598166585487
0.26252892814467355
0.22758187462349222
0.16701614544738466
0.09771204524292214
0.028346854412192014
0.0
0.0
0.0
0.0
0.0
0.0
0.0
0.0
0.0
0.0
0.0
0.0
0.0
0.10936307264339053
0.21872614528678105
0.31905142245070234
0.38617072894206866
0.23923676838815164
0.39355546030417865
0.3286080863414311
0.2636607123786836
0.20361344970182083
0.12018616129312706
0.06009308064656353
0.0
0.0
0.0
0.0
0.0
0.0
0.0
0.0
0.0
0.0
0.0
0.0
0.0
0.06883305932297822
0.13114951723607013
0.1997277643415901
0.25858054451011553
0.12428701430630408
0.2992998583895544
0.26361730588107246
0.22468087369981143
0.17571030615409863
0.10593757654024132
0.031991392563471714
0.0
0.0
0.0
0.0
0.0
0.0
0.0
0.0
0.0
0.0
0.0
0.0
0.0
0.11238022613938264
0.22031771686585772
0.29548169424783
0.3706456716298022
0.35266895102653373
0.3919759460855495
0.1087151490929282
0.17928651926284223
0.10573863009285674
0.03219074092287122
0.021055366637543104
0.010527683318771552
0.0
0.0
0.0
0.0
0.0
0.0
0.0
0.0
0.0
0.0
0.0
0.0
0.042380679505535285
0.12983446112325725
0.23406873454427454
0.27528883079430166
0.3089083689302077
0.34252790706611363
0.28399585268549304
0.22546379830487243
0.1657276155275564
0.12740852020121
0.0369445562353256
0.0184722781176628
0.0
0.0
0.0
0.0
0.0
0.0
0.0
0.0
0.0
0.0
0.0
0.05714465410512242
0.05320012713227934
0.24988477615534188
0.3355077099015346
0.3935462163278355
0.447480799169805
0.4536895359762638
0.39667992430815396
0.3396703126400441
0.24095991795206478
0.03780172320722525
0.032192348570930895
0.0
0.0
0.0
0.0
0.0
0.0
0.0
0.0
0.0
0.0
0.0
0.0
0.0
0.05960123333686421
0.22057815585152485
0.34265812655894723
0.3936044935699987
0.3935462163278355
0.3996838147076538
0.3548167688342575
0.2264878701188844
0.19172006935635666
0.10640299065351677
0.0210859119506769
0.0
0.0
0.0
0.0
0.0
0.0
0.0
0.0
0.0
0.0
0.0
0.0
0.0
0.02885245972695931
0.1061449631399392
0.13654478412433418
0.21538464879474975
0.22995637080762987
0.1008919731049562
0.09364389182791849
0.07835032556520871
0.1313287699947237
0.07617599183553667
0.021040897805006044
0.0
0.0
0.0
0.0
0.0
0.0
0.0
0.0
0.0
0.0
0.0
0.0
0.04732755122872654
0.09465510245745308
0.16494670048257004
0.23523829850768696
0.39930119446945156
0.3874697085742848
0.3874962347672694
0.2193594934066098
0.2648053577971711
0.1898889582163886
0.10952584700943244
0.015126360593467444
0.0
0.0
0.0
0.0
0.0
0.0
0.0
0.0
0.0
0.0
0.0
0.0
0.0
0.03175747977078923
0.057942047542720455
0.13734659859409634
0.2167511496454722
0.23240321115445284
0.06776852076985777
0.1055164023208524
0.17599485986066085
0.19339363098647672
0.11920067303254725
0.026655576456359464
0.0
0.0
0.0
0.0
0.0
0.0
0.0
0.0
0.0
0.0
0.0
0.0
0.0
0.09311417179225609
0.21329792161329367
0.2924524833913903
0.3984640117423766
0.463446352050422
0.4518126068665951
0.412596443922951
0.30890193833796903
0.20520743275298703
0.11739849955765332
0.037012077453831886
0.0
0.0
0.0
0.0
0.0
0.0
0.0
0.0
0.0
0.0
0.0
0.0
0.0
0.08020797316919767
0.25197632628097705
0.33833435710245546
0.4042688269738424
0.4495008089567847
0.4429142748563026
0.40146910787792117
0.31539804223509443
0.2015472200331255
0.08769639783115658
0.036299889363396544
0.0
0.0
0.0
0.0
0.0
0.0
0.0
0.0
0.0
0.0
0.0
0.0
0.0
0.11233681964177146
0.26740814000578245
0.38550516264536383
0.42646924094188793
0.4545729385850543
0.4655459404163555
0.4173944695570463
0.334826469036248
0.23243214881952695
0.13003782860280594
0.03641242472757369
0.0
0.0
0.0
0.0
0.0
0.0
0.0
0.0
0.0
0.0
0.0
0.0
0.05349167580152944
0.10698335160305888
0.22245950599335768
0.33793566038365647
0.3811894314291705
0.42444320247468453
0.43531009953404715
0.374491567700556
0.31367303586706485
0.21093226749348418
0.10917779120451315
0.054588895602256576
0.0
0.0
0.0
0.0
0.0
0.0
0.0
0.0
0.0
0.0
0.0
0.0
0.0
0.10276729456656528
0.23769156944674869
0.31753782180251977
0.37348718957527505
0.4341775114760072
0.41925371453805865
0.4070902493185694
0.28751579811214806
0.1747718415992643
0.03210794704779804
0.020671942575310992
0.010335971287655496
0.0
0.0
0.0
0.0
0.0
0.0
0.0
0.0
0.0
0.0
0.0
0.0
0.031045758688264313
0.21108258258706364
0.0990631512778508
0.4046948537096559
0.4434355547396516
0.4821762557696474
0.38949775660156283
0.29681925743347826
0.19367577322094942
0.11231873360110015
0.030961693981250878
0.0
0.0
0.0
0.0
0.0
0.0
0.0
0.0
0.0
0.0
0.0
0.0
0.0
0.08854443218263432
0.2006208128387387
0.28417510544414665
0.3769026378780513
0.36669005357897566
0.3564774692799001
0.39142211132899196
0.30070011984953
0.2053838721275362
0.031103328822139363
0.0550338122027712
0.0
0.0
0.0
0.0
0.0
0.0
0.0
0.0
0.0
0.0
0.0
0.0
0.0
0.11126853750611848
0.19588150950373487
0.36380191383977234
0.46055419319106944
0.45778582323231176
0.46886734130764085
0.4128998874942143
0.35693243368078775
0.22851752579422213
0.03167608273664651
0.06325492246792627
0.0
0.0
0.0
0.0
0.0
0.0
0.0
0.0
0.0
0.0
0.0
0.0
0.0
0.07631676056867742
0.2779719954058967
0.3715234474703839
0.41422499140740004
0.13765919680104144
0.47404155658769975
0.3730012779492387
0.27196099931077766
0.19695939438283241
0.08508899307732133
0.03339085019941745
0.016695425099708724
0.0
0.0
0.0
0.0
0.0
0.0
0.0
0.0
0.0
0.0
0.0
0.0
0.031522763154076906
0.10762078405871942
0.18371880496336193
0.21768760464023196
0.30716085548934263
0.3966341063384533
0.23191805336126686
0.2992974469174649
0.2391786439019466
0.129860183492212
0.03639393677488745
0.0
0.0
0.0
0.0
0.0
0.0
0.0
0.0
0.0
0.0
0.0
0.0
0.0
0.0499167489758251
0.10109490316902411
0.31863102248309777
0.16340858320147747
0.1990798821735417
0.23475118114560592
0.21658877719144515
0.13316085891349136
0.03441148106726799
0.07527410127405987
0.020282891744870017
0.0
0.0
0.0
0.0
0.0
0.0
0.0
0.0
0.0
0.0
0.0
0.0
0.0
0.1077148314702103
0.20141659862827704
0.0799041276859194
0.2192341620736378
0.2358443818261839
0.10156557764195938
0.21323763481105587
0.17985562667596663
0.05721699826780773
0.07568726682539595
0.013271818023368357
0.0
0.0
0.0
0.0
0.0
0.0
0.0
0.0
0.0
0.0
0.0
0.0
0.04746299557775403
0.09492599115550807
0.2714618245882491
0.3852897378053677
0.11578404268468058
0.2668577866859272
0.4829977639281406
0.41618873351229124
0.3493797030964419
0.2390259173362776
0.133138981709916
0.03499930208312073
0.0
0.0
0.0
0.0
0.0
0.0
0.0
0.0
0.0
0.0
0.0
0.0
0.0
0.09536327142773925
0.27957562434542094
0.3988470338925938
0.45563077100831945
0.471598735361026
0.48756669971373245
0.3269329170632514
0.10447754234217692
0.2386947418359849
0.13640572256717243
0.06820286128358621
0.0
0.0
0.0
0.0
0.0
0.0
0.0
0.0
0.0
0.0
0.0
0.0
0.0
0.05270111486818503
0.1482713709836072
0.24384162709902937
0.28889757161943735
0.23785635337286518
0.23699706548496974
0.21770770024097788
0.1750435341213491
0.13237936800172032
0.07637453637090634
0.03818726818545317
0.0
0.0
0.0
0.0
0.0
0.0
0.0
0.0
0.0
0.0
0.0
0.0
0.0
0.10844148839318271
0.2745653891674486
0.24060141243475758
0.2679271785476764
0.40918019179614484
0.4352924154053909
0.39865733142155235
0.3620222474377139
0.2306356021128419
0.11064075093881598
0.03313523415792937
0.0
0.0
0.0
0.0
0.0
0.0
0.0
0.0
0.0
0.0
0.0
0.0
0.0
0.11716860588512001
0.27484753140192136
0.3726174519749917
0.3686260637548375
0.41262819497212944
0.3897895447243936
0.4149444139141039
0.3001181512519282
0.23107207856104325
0.12726543952389907
0.03326786512285243
0.0
0.0
0.0
0.0
0.0
0.0
0.0
0.0
0.0
0.0
0.0
0.0
0.01575213760069533
0.03150427520139066
0.23181641961267205
0.3798446338272537
0.4443836651828441
0.4125257074083253
0.36382763620872716
0.28138020929240437
0.18122212752668906
0.041591955481688946
0.07599995437300243
0.01979416673472929
0.0
0.0
0.0
0.0
0.0
0.0
0.0
0.0
0.0
0.0
0.0
0.0
0.0
0.09722492788084108
0.1944044397039964
0.29158395152715166
0.3856385974343168
0.40601955571082693
0.3592209206937329
0.2297112865162782
0.2703469206588655
0.24861473418819988
0.12123836694818332
0.03255567703241709
0.0
0.0
0.0
0.0
0.0
0.0
0.0
0.0
0.0
0.0
0.0
0.0
0.0
0.036262765047094574
0.2625522390415388
0.35258655906347547
0.4426208790854122
0.211108359231923
0.391092141564744
0.3695548824213138
0.18680219300966489
0.09884141800484274
0.06821054443708485
0.035025024452075504
0.0
0.0
0.0
0.0
0.0
0.0
0.0
0.0
0.0
0.0
0.0
0.0
0.0
0.07521863741600113
0.13246537717291285
0.4000648272977964
0.426838196171583
0.45361156504536965
0.4460708918214713
0.438530218597573
0.35931175280910443
0.24353858543978102
0.13966522900816036
0.010196018368026711
0.0
0.0
0.0
0.0
0.0
0.0
0.0
0.0
0.0
0.0
0.0
0.0
0.05767075693265057
0.11534151386530114
0.2804751034348082
0.18438999802827558
0.24951966881295554
0.40176370938485634
0.409410889292708
0.37678206427357575
0.307587284137171
0.17123863307611698
0.07602728439001688
0.03801364219500844
0.0
0.0
0.0
0.0
0.0
0.0
0.0
0.0
0.0
0.0
0.0
0.0
0.0
0.03123017120721634
0.13574739068673616
0.18779017367448494
0.2218715087155321
0.3167866482466373
0.4117017877777426
0.08584555865821934
0.3066267144215161
0.15390754634778223
0.1396511620876382
0.035221157515355664
0.0
0.0
0.0
0.0
0.0
0.0
0.0
0.0
0.0
0.0
0.0
0.0
0.0
0.10312580008387248
0.2431077357597885
0.3830896714357045
0.42821956776685743
0.5264460603888751
0.4053403244056148
0.28423458842235455
0.3797939929133739
0.24563897762974435
0.13527233068510267
0.03520588485878877
0.017602942429394385
0.0
0.0
0.0
0.0
0.0
0.0
0.0
0.0
0.0
0.0
0.0
0.0
0.08229309270259412
0.11702915536861408
0.16945213416980487
0.053873692756961765
0.10334202874789852
0.14898396098605746
0.1794239731719443
0.18388760800962764
0.13419520648512145
0.0760321073341959
0.01924676257041048
0.0
0.0
0.0
0.0
0.0
0.0
0.0
0.0
0.0
0.0
0.0
0.0
0.0
0.11437612120546724
0.27125845710870033
0.3758166716137419
0.431155936947851
0.4495217083815605
0.4489091944708248
0.4143503879560547
0.2575728141814002
0.22928437391868636
0.11921835716120364
0.029841967107688317
0.0
0.0
0.0
0.0
0.0
0.0
0.0
0.0
0.0
0.0
0.0
0.0
0.0
0.07292458195752263
0.2936377219233845
0.15351109461920978
0.47492817449260977
0.5045667741207494
0.513390350496267
0.45921582618139123
0.37313511465020655
0.25934015821831125
0.13659220974209457
0.035065215653567336
0.0
0.0
0.0
0.0
0.0
0.0
0.0
0.0
0.0
0.0
0.0
0.0
0.0
0.11690254013124403
0.18365689973969523
0.2797978172197224
0.4419255712996034
0.46027365860465647
0.47024831099090036
0.4220670986424872
0.37388588629407404
0.14326402253368775
0.14711587394071693
0.034712336904469024
0.0
0.0
0.0
0.0
0.0
0.0
0.0
0.0
0.0
0.0
0.0
0.0
0.0
0.08930886883500905
0.10119991310309354
0.27132678215123646
0.35204076254721633
0.4250589316815395
0.410907609636264
0.38011029766911464
0.3326167567782269
0.24457551843827036
0.13986417545554494
0.03515283247281954
0.0
0.0
0.0
0.0
0.0
0.0
0.0
0.0
0.0
0.0
0.0
0.0
0.0
0.11406182600980107
0.26501194057283917
0.35062884563880814
0.3831186091007786
0.3796565390042719
0.3555731672463338
0.230440859433066
0.24204186509622502
0.17062370769329188
0.09920555029035877
0.025743268379550877
0.0
0.0
0.0
0.0
0.0
0.0
0.0
0.0
0.0
0.0
0.0
0.0
0.0
0.07945395488879459
0.18977633492315496
0.3892107914229111
0.48798468820924756
0.5221898121508897
0.334576697204901
0.29163497967041
0.37112314310352523
0.22391322175131742
0.033690285891699874
0.03835165019955478
0.0
0.0
0.0
0.0
0.0
0.0
0.0
0.0
0.0
0.0
0.0
0.0
0.0
0.1259238572181016
0.2971689208864573
0.3982514002864848
0.42404731913998994
0.19330890406575166
0.41888797460448296
0.36038003494475745
0.28049841433167344
0.20838173384681227
0.11999243970193643
0.015404650018950907
0.015801572778530292
0.0
0.0
0.0
0.0
0.0
0.0
0.0
0.0
0.0
0.0
0.0
0.0
0.14052692836814532
0.23624991104923648
0.3514463346771521
0.3592779921998513
0.3581831838712137
0.12875369970799574
0.3358569714424987
0.31462556734242136
0.0570798874654222
0.10699138984335727
0.024988477615534188
0.0
0.0
0.0
0.0
0.0
0.0
0.0
0.0
0.0
0.0
0.0
0.0
0.01583613721181327
0.03167227442362654
0.05974502484164422
0.138357407311616
0.2320720356541601
0.32502303116835934
0.32075472556992635
0.292163508652664
0.17221585418036356
0.19118311490442574
0.11467594756859634
0.03174944153049086
0.0
0.0
0.0
0.0
0.0
0.0
0.0
0.0
0.0
0.0
0.0
0.0
0.0
0.13022672724981754
0.3045247145834931
0.4102565121720962
0.45879221091766736
0.4653699029538213
0.19110041970599195
0.3930185058522477
0.31502024494107117
0.21683153204845587
0.1155794457781328
0.028834775598302907
0.0
0.0
0.0
0.0
0.0
0.0
0.0
0.0
0.0
0.0
0.0
0.0
0.0
0.1225530211489813
0.2366687033687814
0.34376097312788323
0.44241590395780384
0.3385667398243328
0.48573076562958545
0.44552911442536136
0.36958221243832823
0.25947439683129403
0.14688758791624332
0.03430077900119261
0.017150389500596306
0.0
0.0
0.0
0.0
0.0
0.0
0.0
0.0
0.0
0.0
0.0
0.0
0.08713291718624103
0.18256049453636722
0.27195456871853896
0.22373681500226958
0.3506489412395541
0.3596871386310382
0.30895217733983377
0.24122437605788108
0.05901903543142529
0.0987947962111122
0.02484298546613374
0.0
0.0
0.0
0.0
0.0
0.0
0.0
0.0
0.0
0.0
0.0
0.0
0.0
0.10124083273390536
0.06685511480895294
0.3338530381361158
0.4190463279383608
0.4400016184841893
0.4609569090300177
0.4177778936192785
0.1457080004002257
0.24394773187096785
0.13910858086749842
0.03426942986402899
0.0
0.0
0.0
0.0
0.0
0.0
0.0
0.0
0.0
0.0
0.0
0.0
0.0
0.07179273940083702
0.1396821093127869
0.13942327376893685
0.20867563976697517
0.4737361034563618
0.14238720838720537
0.40339024730923095
0.34316051657759516
0.2403015860716285
0.13744265556566182
0.03433695108253527
0.017168475541267634
0.0
0.0
0.0
0.0
0.0
0.0
0.0
0.0
0.0
0.0
0.0
0.0
0.15141753823638815
0.3028350764727763
0.42179058317622337
0.49139772503993434
0.5195500540369058
0.26910952338233385
0.44684577818623394
0.1901654097353599
0.25958130542726227
0.13824406812340903
0.06912203406170452
0.0
0.0
0.0
0.0
0.0
0.0
0.0
0.0
0.0
0.0
0.0
0.0
0.0
0.1164459680822968
0.22924579036525425
0.34204561264821165
0.38564100890640624
0.3937097945179073
0.3553034842843236
0.3168971740507399
0.24835751049865215
0.18835526196746014
0.12835301343626815
0.03428389869656605
0.0
0.0
0.0
0.0
0.0
0.0
0.0
0.0
0.0
0.0
0.0
0.0
0.0
0.03873749668548474
0.22273320807551708
0.2288097163433607
0.44093526009484457
0.46252999265640815
0.3509958332958287
0.4142225799353106
0.33342942287239175
0.23804042907569778
0.12653315583271782
0.03138932836512401
0.0
0.0
0.0
0.0
0.0
0.0
0.0
0.0
0.0
0.0
0.0
0.0
0.0
0.07252502309201828
0.14034767560949174
0.23181240049252286
0.3139865272387012
0.3961606539848795
0.366806608063302
0.31522120094853034
0.24597095695406687
0.1387335969575796
0.0550273816105325
0.002364564368810106
0.0
0.0
0.0
0.0
0.0
0.0
0.0
0.0
0.0
0.0
0.0
0.0
0.0
0.15503916740281753
0.31007833480563507
0.4047909106812214
0.4995034865568078
0.5080356767215097
0.36992895050996805
0.46529112819889723
0.3800930154524732
0.2595547792342776
0.034719426457744125
0.033410141976133526
0.0
0.0
0.0
0.0
0.0
0.0
0.0
0.0
0.0
0.0
0.0
0.0
0.0
0.05439879121920019
0.052252682684884984
0.22698543719335337
0.37553211790717966
0.5054895641070019
0.19986427696316847
0.2646445929912038
0.18304479851434385
0.09808019664858734
0.056406743645732324
0.012092728704863652
0.0
0.0
0.0
0.0
0.0
0.0
0.0
0.0
0.0
0.0
0.0
0.0
0.0
0.07303143223081542
0.13435195217093962
0.19567247211106384
0.23167575040745061
0.23975418190730968
0.24783261340716875
0.22775389296587728
0.18937611848535277
0.13676101278836028
0.07695328967238878
0.016863424321944598
0.0
0.0
0.0
0.0
0.0
0.0
0.0
0.0
0.0
0.0
0.0
0.0
0.0
0.13700859058954998
0.25670401731246173
0.3763994440353735
0.40614254078739187
0.394946879699826
0.4234424415575378
0.41310446070980766
0.36058179477624647
0.25023363578429103
0.13988547679233562
0.025979661326137646
0.0
0.0
0.0
0.0
0.0
0.0
0.0
0.0
0.0
0.0
0.0
0.0
0.0
0.14798078859682126
0.3190650874592096
0.4172521927037653
0.5154392979483209
0.546700014468671
0.23375900571605604
0.2798225733797688
0.3930305632126953
0.0657767569324715
0.12770834656433913
0.06385417328216957
0.0
0.0
0.0
0.0
0.0
0.0
0.0
0.0
0.0
0.0
0.0
0.0
0.0
0.15639963957331618
0.31279927914663236
0.43570799242881636
0.5102433794194562
0.5424968186166548
0.5000203454079929
0.4575438721993309
0.3661257691100303
0.25462010351511005
0.14943249479470638
0.03475493957805037
0.0
0.0
0.0
0.0
0.0
0.0
0.0
0.0
0.0
0.0
0.0
0.0
0.0
0.14718580663131273
0.31325263589946023
0.4169636198770538
0.5206746038546474
0.2963576443985675
0.5405403109280321
0.24917252194827516
0.39265598121479134
0.2759455550266783
0.14553314442596843
0.03490927379177902
0.0
0.0
0.0
0.0
0.0
0.0
0.0
0.0
0.0
0.0
0.0
0.0
0.0
0.02972742218343659
0.05945484436687318
0.19590517916770156
0.33235551396852997
0.4850266157794485
0.4947681591970397
0.4645419642030894
0.1597833313301568
0.278619877573945
0.1473642555659365
0.035057981237298814
0.0
0.0
0.0
0.0
0.0
0.0
0.0
0.0
0.0
0.0
0.0
0.0
0.0
0.04393758399255452
0.14203012819803426
0.3159004322537424
0.37413748321541296
0.4006572456077861
0.3961276971996561
0.23905872085829252
0.29843413990942025
0.2267137446712685
0.05092058127012009
0.03251468200689542
0.0
0.0
0.0
0.0
0.0
0.0
0.0
0.0
0.0
0.0
0.0
0.0
0.0
0.14533218841850923
0.304308485919467
0.11406008789465506
0.5084251294639657
0.5239497848642172
0.5394744402644687
0.49045082033278664
0.2953608889157284
0.28262613653865126
0.14816004135547484
0.034771016058647096
0.0
0.0
0.0
0.0
0.0
0.0
0.0
0.0
0.0
0.0
0.0
0.0
0.0
0.02290604897683277
0.01746379420230928
0.12039756701297412
0.18720900890091297
0.25171347582322046
0.31464325147107775
0.3424531514313388
0.32582203225401707
0.08914061704007178
0.1209530094175913
0.02689836351042624
0.0
0.0
0.0
0.0
0.0
0.0
0.0
0.0
0.0
0.0
0.0
0.0
0.06350772512530993
0.12701545025061986
0.25810869980460144
0.34212840652328474
0.38324722094555247
0.3918248271679402
0.3870625717031725
0.3823003162384048
0.3125356248648459
0.24277093349128687
0.07553497721847284
0.0329608043434548
0.0
0.0
0.0
0.0
0.0
0.0
0.0
0.0
0.0
0.0
0.0
0.0
0.015502952151445948
0.031005904302891896
0.059941961728954225
0.18600246903212808
0.3120629763353019
0.1823740073614451
0.24247834154442632
0.30258267572740755
0.1596293893127396
0.13717015921954717
0.09930200917393918
0.007536764414862888
0.014379608069749127
0.0
0.0
0.0
0.0
0.0
0.0
0.0
0.0
0.0
0.0
0.0
0.0
0.14410595486099334
0.26807330439047233
0.20998676536621283
0.1644264127009273
0.33987247438354806
0.2532423491279699
0.027685862093569658
0.08158251226021847
0.05799349228063001
0.03149623696109229
0.01585060604435033
0.0
0.0
0.0
0.0
0.0
0.0
0.0
0.0
0.0
0.0
0.0
0.0
0.07025703359183397
0.14051406718366793
0.1351043180579516
0.4299622582635434
0.5111918917746636
0.5348444138526092
0.50717277162548
0.4188461757549315
0.13532838818963724
0.15782509869965083
0.1468264972899757
0.009214448282977374
0.0
0.0
0.0
0.0
0.0
0.0
0.0
0.0
0.0
0.0
0.0
0.0
0.0
0.16699604984663877
0.3400874973115294
0.4564619250551707
0.5253689361888939
0.5282623007842912
0.5311556653796884
0.47883154398149685
0.38803238539517054
0.18397188666689754
0.14769221577010985
0.032216463291826
0.0
0.0
0.0
0.0
0.0
0.0
0.0
0.0
0.0
0.0
0.0
0.0
0.0
0.16383219846520142
0.3416895186029939
0.46515126281770564
0.5390524326488044
0.5372896465513726
0.5091188296017147
0.4798106016498379
0.38777275023353325
0.17191339994939864
0.13750053089581005
0.007234622309525367
0.0
0.0
0.0
0.0
0.0
0.0
0.0
0.0
0.0
0.0
0.0
0.0
0.0
0.0314470775320264
0.14115471493544782
0.19615074740881666
0.26331546995786875
0.3368806413444958
0.16686403222673302
0.40718590437811986
0.32193031821356255
0.2502404682885446
0.14243842191109704
0.030184396144398763
0.0
0.0
0.0
0.0
0.0
0.0
0.0
0.0
0.0
0.0
0.0
0.0
0.0
0.058483855388542005
0.35838092458255355
0.4510678639029514
0.5437548032233492
0.18660927338514594
0.5509795736035217
0.48844447555431414
0.38876386526232193
0.27510957803564806
0.05022785226686596
0.034193870405224334
0.0
0.0
0.0
0.0
0.0
0.0
0.0
0.0
0.0
0.0
0.0
0.0
0.0
0.09671811683002902
0.19343623366005805
0.4643201087708545
0.523404390259973
0.33238632014740793
0.48668128754486734
0.4433346748239072
0.36329871999709457
0.2849716950577148
0.11673614855706785
0.03310147354867623
0.0
0.0
0.0
0.0
0.0
0.0
0.0
0.0
0.0
0.0
0.0
0.0
0.0
0.16472524696235002
0.29724528416929175
0.406402979773059
0.4991490001596498
0.4927381016096871
0.4863272030597243
0.41106435532208213
0.34074582919196567
0.24026139487013665
0.1397295349305473
0.0043334153448497705
0.0
0.0
0.0
0.0
0.0
0.0
0.0
0.0
0.0
0.0
0.0
0.0
0.0
0.16619865640904072
0.30937981172370693
0.4525609670383731
0.5201802520762978
0.5286790835437616
0.5291903156267377
0.44251397048944385
0.39451844149192306
0.26236494804258687
0.13021145459325068
0.0277664934626499
0.01388324673132495
0.0
0.0
0.0
0.0
0.0
0.0
0.0
0.0
0.0
0.0
0.0
0.0
0.030838708904685857
0.059163056244042445
0.08251092901467988
0.07059284780467083
0.10271464409261098
0.10206314471642831
0.09747813245023966
0.08186224302260163
0.05625924193625728
0.03065624084991292
0.01452590404317941
0.0
0.0
0.0
0.0
0.0
0.0
0.0
0.0
0.0
0.0
0.0
0.0
0.0
0.12012748213894897
0.21919959764035485
0.23010588207717952
0.15337203533409527
0.333118342972845
0.32923426526067395
0.10201382422721521
0.08120632261425488
0.05602251575947037
0.030838708904685857
0.0017650468992744814
0.0
0.0
0.0
0.0
0.0
0.0
0.0
0.0
0.0
0.0
0.0
0.0
0.0
0.0993004015258795
0.22960268823450172
0.3647182732337862
0.4298979523411566
0.5478687746080536
0.4840451466390178
0.43848841974802166
0.3633485570869444
0.24114318983086755
0.139342091748166
0.009342846698792224
0.0
0.0
0.0
0.0
0.0
0.0
0.0
0.0
0.0
0.0
0.0
0.0
0.0
0.04599440558731046
0.24482068476737054
0.3686031547699871
0.4333969983430358
0.4981908419160845
0.48086361112892406
0.41737437395630045
0.3538851367836767
0.1580679763472423
0.12927741107058038
0.012084952970858051
0.0
0.0
0.0
0.0
0.0
0.0
0.0
0.0
0.0
0.0
0.0
0.0
0.015486875670849212
0.030973751341698424
0.23355187569308952
0.3229925716689918
0.032302105361933474
0.2812400423410825
0.45214860531106676
0.46970251447464123
0.3821435705525867
0.2590813268807038
0.13076689699786787
0.023024735510643077
0.0
0.0
0.0
0.0
0.0
0.0
0.0
0.0
0.0
0.0
0.0
0.0
0.0
0.1315888070683759
0.24546173443116534
0.36884189050684857
0.25905685843476656
0.15250165811001276
0.1266014176217343
0.23055280823776875
0.19141783152113803
0.13787430906968415
0.07572504655479827
0.013575784039912404
0.0
0.0
0.0
0.0
0.0
0.0
0.0
0.0
0.0
0.0
0.0
0.0
0.0
0.10068539032928818
0.14142078068932376
0.4069037621436472
0.523822378755488
0.33947975077282566
0.45621113195786167
0.3651531420339279
0.17561399189186003
0.2595941666117397
0.14379849216958077
0.0280028177274219
0.01400140886371095
0.0
0.0
0.0
0.0
0.0
0.0
0.0
0.0
0.0
0.0
0.0
0.0
0.16703302575201126
0.2730919797207579
0.3732082626369217
0.43894579562099867
0.5087201328829156
0.5361562546693026
0.4449760834928338
0.36150619241055865
0.14359662445954963
0.14916240992068125
0.031419873678257805
0.0
0.0
0.0
0.0
0.0
0.0
0.0
0.0
0.0
0.0
0.0
0.0
0.0
0.18644617989659795
0.3478323418390062
0.19401994333754913
0.5409607108956368
0.5823053998702886
0.5651308956487973
0.37552729496300064
0.4114654635129707
0.28881397392033437
0.16006949818153574
0.03132502244273707
0.0
0.0
0.0
0.0
0.0
0.0
0.0
0.0
0.0
0.0
0.0
0.0
0.0
0.17088294094291423
0.34176588188582846
0.47576013236349074
0.5383386369103094
0.5808697701530003
0.35051357005615513
0.4869730756676981
0.42450750839707146
0.27477759871132557
0.061622958584862865
0.027405576473253212
0.0
0.0
0.0
0.0
0.0
0.0
0.0
0.0
0.0
0.0
0.0
0.0
0.0
0.043846319871096794
0.1413387906382804
0.19450371197168126
0.31539643458703476
0.2521330719667952
0.24710595648419634
0.30591854545123
0.2516756960938181
0.2130736547089692
0.11487529592799585
0.057437647963997925
0.0
0.0
0.0
0.0
0.0
0.0
0.0
0.0
0.0
0.0
0.0
0.0
0.03724156921435027
0.07448313842870054
0.048204607217356026
0.3259667205793877
0.22500320713577598
0.3546507791720962
0.48429835120841647
0.4238905734541718
0.36348279569992714
0.13067194047785158
0.115228978501124
0.02112771080022841
0.0
0.0
0.0
0.0
0.0
0.0
0.0
0.0
0.0
0.0
0.0
0.0
0.0
0.19188646093053288
0.35421309698785014
0.4571717016735165
0.39898691766974154
0.5448592574403448
0.4067936382515596
0.41168932850528017
0.2010496554522227
0.2917615966377456
0.15408181298328197
0.030083918140669172
0.015041959070334586
0.0
0.0
0.0
0.0
0.0
0.0
0.0
0.0
0.0
0.0
0.0
0.09356190177687514
0.07683922418897794
0.3556881140826005
0.4862436053606213
0.5584929168104055
0.46632645354932695
0.45480685137773685
0.4715400562068479
0.41003385291583144
0.2938652041238283
0.15306095646538934
0.02936369180993547
0.0
0.0
0.0
0.0
0.0
0.0
0.0
0.0
0.0
0.0
0.0
0.0
0.0
0.029842770931718155
0.0859168026646685
0.08183089388543802
0.2358668888990193
0.2577863663686369
0.1066248460857517
0.0977241026033697
0.1942408615139246
0.13349869296326794
0.07275652441261127
0.0031196410597963196
0.0
0.0
0.0
0.0
0.0
0.0
0.0
0.0
0.0
0.0
0.0
0.0
0.0
0.07463264969825016
0.13947713418517857
0.19366693115662117
0.23489104652679751
0.25407993376705973
0.1726286837220109
0.2323983882102738
0.19225621998425776
0.13230019133478138
0.03810097390716708
0.01207825987232659
0.0
0.0
0.0
0.0
0.0
0.0
0.0
0.0
0.0
0.0
0.0
0.0
0.0
0.12668749004644647
0.23984260255059173
0.4217857602320444
0.4923317685626046
0.5207734742103174
0.5059099640746065
0.4811039545138453
0.37213073652492556
0.15641988010418126
0.14658374243296501
0.025102620627771004
0.012551310313885502
0.0
0.0
0.0
0.0
0.0
0.0
0.0
0.0
0.0
0.0
0.0
0.0
0.19136477913516883
0.3481104649533297
0.4787270468576181
0.2205013681266161
0.5373933398512215
0.5553813139909076
0.48843322201789646
0.37993626976665507
0.2714393175154136
0.14547124997567099
0.0271491566077353
0.0
0.0
0.0
0.0
0.0
0.0
0.0
0.0
0.0
0.0
0.0
0.0
0.0
0.19667966362044925
0.3543449241287433
0.4698351454395643
0.4940977699561559
0.5374672916619665
0.5440763328352839
0.4789191608007491
0.39015206936185
0.2818737572467241
0.14879345469098618
0.026473944422672452
0.0
0.0
0.0
0.0
0.0
0.0
0.0
0.0
0.0
0.0
0.0
0.0
0.0
0.16265781155760994
0.3253156231152199
0.431225065814417
0.27512079166646825
0.14343349226441046
0.44043849684440545
0.397319768235904
0.3171206371310345
0.23692150602616505
0.11108526562731567
0.01912699278996481
0.0
0.0
0.0
0.0
0.0
0.0
0.0
0.0
0.0
0.0
0.0
0.0
0.0
0.07518889592689718
0.1425774834682588
0.0818871615675266
0.23761681381197383
0.345061560408159
0.2546868209095865
0.16747151176028718
0.08025620261098787
0.05458809177822674
0.0289199809454656
0.0031493825489002786
0.0
0.0
0.0
0.0
0.0
0.0
0.0
0.0
0.0
0.0
0.0
0.0
0.0
0.07556990851703978
0.14176964031827288
0.19894805503264848
0.32246445928138906
0.3305545462296807
0.3598575493253635
0.37568805976896796
0.3113821373820302
0.21950746224378234
0.12763278710553447
0.021713698517979385
0.0
0.0
0.0
0.0
0.0
0.0
0.0
0.0
0.0
0.0
0.0
0.0
0.03730587513673721
0.07009626878586663
0.08886400967703169
0.18656688644185915
0.31356773491915624
0.24757860501374032
0.45539766203966686
0.4199104387704352
0.35765024853943195
0.29539005830842857
0.15249827964450363
0.07624913982225182
0.013527152686107283
0.0
0.0
0.0
0.0
0.0
0.0
0.0
0.0
0.0
0.0
0.0
0.0
0.19841833499698605
0.3671586829883705
0.20335855256442745
0.5330611302424163
0.5649858054114116
0.5608963506596173
0.4874236190364216
0.41395088741322583
0.09655483268334016
0.1411458728711196
0.0705729364355598
0.0
0.0
0.0
0.0
0.0
0.0
0.0
0.0
0.0
0.0
0.0
0.0
0.0
0.2013064747361894
0.3571695617695896
0.5130326488029897
0.5769647930160534
0.6048920512846707
0.1507209783069854
0.5110681028740688
0.38275608446332227
0.250868656767862
0.12928143019072957
0.018162403954160744
0.0
0.0
0.0
0.0
0.0
0.0
0.0
0.0
0.0
0.0
0.0
0.0
0.0
0.15158995849078813
0.32287119424048644
0.15378702070352918
0.12108378564091765
0.1806119265882945
0.5513501364812764
0.06987148745198762
0.1764401783731904
0.18353553308455917
0.07061915631727542
0.01007432656594364
0.0
0.0
0.0
0.0
0.0
0.0
0.0
0.0
0.0
0.0
0.0
0.0
0.0
0.02903492778173225
0.05548556130753944
0.08193619483334663
0.06253500431118514
0.10755004754409378
0.10690377302410506
0.03717299225773378
0.08043786684173097
0.05576609589395246
0.028409552686519284
0.002573040719507348
0.001286520359753674
0.0
0.0
0.0
0.0
0.0
0.0
0.0
0.0
0.0
0.0
0.0
0.0
0.09185815029070907
0.2833712814143099
0.33820252996156225
0.5278945512906409
0.5555682030778446
0.5832418548650483
0.5181505964009601
0.4037250400176579
0.28929948363435576
0.1281496459567195
0.024086587054057387
0.0
0.0
0.0
0.0
0.0
0.0
0.0
0.0
0.0
0.0
0.0
0.0
0.0
0.13188983916754973
0.3452424208148723
0.43304090429781816
0.46041071060174366
0.48778051690566915
0.47682921832317354
0.2153159422574754
0.411429291431628
0.2625261147605691
0.08121014725444156
0.002539280110254206
0.0
0.0
0.0
0.0
0.0
0.0
0.0
0.0
0.0
0.0
0.0
0.0
0.09792023566664984
0.19584047133329968
0.3626596798933744
0.31838655578790226
0.5710189066673512
0.5840714012638399
0.5657209024866974
0.5218690863629848
0.4243708583119993
0.2021076005110308
0.15117759676348191
0.015236770537553086
0.0
0.0
0.0
0.0
0.0
0.0
0.0
0.0
0.0
0.0
0.0
0.0
0.0
0.19707996798730792
0.36357443163932857
0.450887405408253
0.5223618304932748
0.5605732133996231
0.19732308584004005
0.3164711473149264
0.2931080018877221
0.07675969416549829
0.11356908187951116
0.01934804439816991
0.0
0.0
0.0
0.0
0.0
0.0
0.0
0.0
0.0
0.0
0.0
0.0
0.0
0.08287984552224337
0.3257320039626754
0.48620823710330846
0.526855206820062
0.5675021765368156
0.28575548929864014
0.4362248512800014
0.3425174573537258
0.1932835070943891
0.12763198328150463
0.019285346123842643
0.0
0.0
0.0
0.0
0.0
0.0
0.0
0.0
0.0
0.0
0.0
0.0
0.0
0.15052649929931416
0.2436688049326145
0.3368111105659149
0.422063079522338
0.48486343950139166
0.42224956669726016
0.09647576388503326
0.07922489638070737
0.09810591901754213
0.0938520822516462
0.008955403516410925
0.0
0.0
0.0
0.0
0.0
0.0
0.0
0.0
0.0
0.0
0.0
0.0
0.014137255124753355
0.02827451024950671
0.14045779950157936
0.19877040992205455
0.22663376418029976
0.254497118438545
0.1045228462477287
0.09592032148041608
0.19155608925426998
0.21505990388669574
0.09279666130047058
0.015914911966737267
0.0
0.0
0.0
0.0
0.0
0.0
0.0
0.0
0.0
0.0
0.0
0.0
0.0
0.16227237793530325
0.3245447558706065
0.43389376159347487
0.456864238982104
0.4798347163707331
0.4726577735203359
0.4575788385446288
0.35126708191849854
0.21725514731217982
0.12759822267225146
0.01179666510495127
0.0
0.0
0.0
0.0
0.0
0.0
0.0
0.0
0.0
0.0
0.0
0.0
0.0
0.13012785689414766
0.1962978472062768
0.274061391500741
0.23537173329663988
0.06748667962219664
0.2512311814053184
0.22862604203825007
0.18762056680418937
0.1395936886695049
0.0915668105348204
0.012648974933510663
0.006324487466755332
0.0
0.0
0.0
0.0
0.0
0.0
0.0
0.0
0.0
0.0
0.0
0.0
0.1975847694780454
0.2928636393826518
0.369366787598332
0.45077969298825493
0.27713119547068743
0.10348269795311996
0.37780452843952805
0.2545819218736928
0.13135931530785752
0.027498820060714278
0.008503654411642686
0.0
0.0
0.0
0.0
0.0
0.0
0.0
0.0
0.0
0.0
0.0
0.0
0.0
0.13065998840189955
0.234056677183827
0.20993135664287127
0.3216284822903589
0.5219623299504459
0.4860627449539081
0.45016315995737016
0.2380371442626361
0.24000256353252925
0.13761145861192753
0.021544091647683835
0.0
0.0
0.0
0.0
0.0
0.0
0.0
0.0
0.0
0.0
0.0
0.0
0.09932933919095363
0.19865867838190726
0.2321972639380476
0.5146226127340067
0.5484828961668489
0.582343179599691
0.5573346063834108
0.47059877826790913
0.10316521536770824
0.28631649265963166
0.14979823472828208
0.07489911736414104
0.0
0.0
0.0
0.0
0.0
0.0
0.0
0.0
0.0
0.0
0.0
0.0
0.0
0.12987972277526932
0.3643613753645388
0.46152360497105255
0.5517142687667924
0.590736710119246
0.5581882675030975
0.4299558276713048
0.38792065385502317
0.2458109959721294
0.04764842466535471
0.01829985786326282
0.0
0.0
0.0
0.0
0.0
0.0
0.0
0.0
0.0
0.0
0.0
0.0
0.0
0.18573158033407308
0.24493080865945818
0.11089749723355044
0.309310280945126
0.34472154284353806
0.41856885646463776
0.2904105608058962
0.34870609855943874
0.13389793751240037
0.08971399614604675
0.014106307899604641
0.0
0.0
0.0
0.0
0.0
0.0
0.0
0.0
0.0
0.0
0.0
0.0
0.0
0.07162715165069067
0.13807928419729248
0.19725403013310575
0.37154997366336856
0.2857534111588731
0.15936145725163897
0.22625636879829147
0.18734807045807472
0.13149114244875074
0.06582675745138887
0.014093446715127253
0.0
0.0
0.0
0.0
0.0
0.0
0.0
0.0
0.0
0.0
0.0
0.0
0.0
0.03646965149850126
0.1937143567743816
0.34687538933148554
0.5000364218885895
0.5207381059530045
0.5233850984832569
0.4490924663496277
0.10504015535759366
0.1773050930292947
0.09259449955696665
0.007883906084638572
0.0
0.0
0.0
0.0
0.0
0.0
0.0
0.0
0.0
0.0
0.0
0.0
0.0
0.2037380424264455
0.276273867311527
0.47526578058514113
0.5504884371212915
0.5508200145335992
0.2665897878010137
0.1724527980729463
0.41649418664362914
0.2893653972048023
0.14892447800784958
0.019353671166378768
0.009676835583189384
0.0
0.0
0.0
0.0
0.0
0.0
0.0
0.0
0.0
0.0
0.0
0.0
0.20948377659171838
0.37893631267353817
0.5156981292859283
0.3210481217187606
0.40494318420734693
0.19610845117803086
0.5160413621466685
0.41002822614762263
0.2802753531633938
0.15052248017916497
0.012491647567547602
0.009746768273785178
0.0
0.0
0.0
0.0
0.0
0.0
0.0
0.0
0.0
0.0
0.0
0.0
0.2072362846042949
0.38341843546390775
0.5035491328989761
0.5826606900914765
0.5888541542413684
0.5446370000960951
0.5004198459508217
0.41880759220149927
0.28876413683048446
0.1477324069716017
0.019304637900558724
0.0
0.0
0.0
0.0
0.0
0.0
0.0
0.0
0.0
0.0
0.0
0.0
0.0
0.20949583395216595
0.37195108185425707
0.4701703400600062
0.5282542625439929
0.5863381850279795
0.1911288765810558
0.15725199340541132
0.2538677242231828
0.17095649084164427
0.08804525746010572
0.04402262873005286
0.0
0.0
0.0
0.0
0.0
0.0
0.0
0.0
0.0
0.0
0.0
0.0
0.0
0.10085580102361356
0.1932995835749858
0.2706113787646818
0.32207219315482877
0.25300120191901887
0.25087187206398137
0.230492815707773
0.25315633995677733
0.052599029216395775
0.025711115418357404
0.006706303880927775
0.0
0.0
0.0
0.0
0.0
0.0
0.0
0.0
0.0
0.0
0.0
0.0
0.0
0.1511470514503481
0.145922143926885
0.4011009564722559
0.23708149843900642
0.14374027663575584
0.4249552383816905
0.27532608786545437
0.29775772198831263
0.0982042136995876
0.06388632624336302
0.00979057668341128
0.0
0.0
0.0
0.0
0.0
0.0
0.0
0.0
0.0
0.0
0.0
0.0
0.0
0.06954203211729419
0.1925544386993272
0.2557048640433747
0.3188552893874222
0.34127072628344907
0.3571036481991429
0.3574830531412259
0.27399226263417503
0.1750479551535132
0.08707825715221214
0.00379669037155327
0.0
0.0
0.0
0.0
0.0
0.0
0.0
0.0
0.0
0.0
0.0
0.0
0.0
0.14965113493082197
0.2870455610546936
0.48443741276557817
0.5032645791924139
0.5551482050222549
0.5555750355820982
0.49645136671551776
0.4090990055691313
0.28638481770216784
0.14404526614674065
0.017751649874914177
0.0
0.0
0.0
0.0
0.0
0.0
0.0
0.0
0.0
0.0
0.0
0.0
0.0
0.21342733728209734
0.3695665378697464
0.15251131295973674
0.5740517347319252
0.59746150195286
0.23301585679252193
0.4965180841099943
0.41989596993789824
0.2867449308675346
0.10422092533910692
0.017831228453868014
0.0
0.0
0.0
0.0
0.0
0.0
0.0
0.0
0.0
0.0
0.0
0.0
0.0
0.22790661953154623
0.4096480173815099
0.48760568517917957
0.5655633529768493
0.5931674739854723
0.5680431501088957
0.4988885611739827
0.3902380785330425
0.2857208590535226
0.15007796549066527
0.01806674889461017
0.0
0.0
0.0
0.0
0.0
0.0
0.0
0.0
0.0
0.0
0.0
0.0
0.0764874736470984
0.048524847121168335
0.09704969424233667
0.1096175334310038
0.1635251376858038
0.3399846078357103
0.08904443680100195
0.0920965305704828
0.11374051247567432
0.05237556613610116
0.06324246319546382
0.03162123159773191
0.0
0.0
0.0
0.0
0.0
0.0
0.0
0.0
0.0
0.0
0.0
0.0
0.0
0.026751665624981043
0.05350333124996209
0.27027698796826966
0.3790130778683875
0.4042535543172756
0.3026485892978542
0.1674962250990888
0.13362449142393737
0.2620820019840843
0.07137065649172022
0.06840462111507524
0.0
0.0
0.0
0.0
0.0
0.0
0.0
0.0
0.0
0.0
0.0
0.0
0.0
0.04789465851547728
0.3352806296131058
0.4867966362931489
0.23289049629569378
0.5995136647010332
0.16340790954974188
0.4657412696556058
0.39901021017065064
0.2783875724293222
0.15152243727228185
0.015369919274507968
0.0
0.0
0.0
0.0
0.0
0.0
0.0
0.0
0.0
0.0
0.0
0.0
0.0
0.15345241876791982
0.2446108866955832
0.33919203734229125
0.1795500528357913
0.5319490396971374
0.4899492341381686
0.3376362359325423
0.09051762920575696
0.2162519749229436
0.08594245379805285
0.012470525998886912
0.0
0.0
0.0
0.0
0.0
0.0
0.0
0.0
0.0
0.0
0.0
0.0
0.0
0.19011804806489208
0.3501055561953844
0.42338697769947903
0.5122995612877786
0.5100271507554301
0.5055755732781944
0.37421947326645627
0.31123061655240597
0.24824175983835567
0.03713599806281126
0.009707120587518422
0.0
0.0
0.0
0.0
0.0
0.0
0.0
0.0
0.0
0.0
0.0
0.0
0.0
0.17272409988325524
0.2867304620349976
0.2910064961493973
0.46733846800289136
0.44743216781599987
0.4275258676291084
0.4367095571699929
0.3571197246797397
0.28048635697122587
0.043097012639782196
0.014633616463177531
0.0
0.0
0.0
0.0
0.0
0.0
0.0
0.0
0.0
0.0
0.0
0.0
0.0
0.06801798175672377
0.015623170890937354
0.07597583965210733
0.16337924362438844
0.2507826475966695
0.3403238215763013
0.22467605075563246
0.17566609583245765
0.12665614090928284
0.06607714863668301
0.005498156364083181
0.0
0.0
0.0
0.0
0.0
0.0
0.0
0.0
0.0
0.0
0.0
0.0
0.0
0.2191481529024453
0.40005920052958754
0.507901840020542
0.5317303995610217
0.5287104326809251
0.5120551987827083
0.22230316221955443
0.1822654911174171
0.14331298245555937
0.10436047379370167
0.005375975111547999
0.0
0.0
0.0
0.0
0.0
0.0
0.0
0.0
0.0
0.0
0.0
0.0
0.0
0.20228472858050073
0.15019123337056023
0.4888504066893817
0.3929139916289699
0.5787975118040811
0.5507131059376308
0.5226287000711806
0.4171388535155582
0.2877352420722935
0.14296090753049093
0.07148045376524546
0.0
0.0
0.0
0.0
0.0
0.0
0.0
0.0
0.0
0.0
0.0
0.0
0.0
0.2132705915962792
0.40863117998376636
0.5484306476049094
0.4611675109258349
0.49205766456843025
0.47881385985284036
0.46062492970569513
0.3522807040201226
0.24667671445226355
0.07494453342182682
0.010014843587735724
0.0
0.0
0.0
0.0
0.0
0.0
0.0
0.0
0.0
0.0
0.0
0.0
0.0
0.22023251151869502
0.37482153746480396
0.529410563410913
0.5733524078259672
0.6172942522410215
0.5542977591986876
0.49130126615635394
0.47167349099580086
0.31162649988710056
0.16311679507864674
0.01460709027019292
0.0
0.0
0.0
0.0
0.0
0.0
0.0
0.0
0.0
0.0
0.0
0.0
0.0
0.22285297785596273
0.4133303352621919
0.5168918079702359
0.5285902609884646
0.5402887140066933
0.5496516563062315
0.5256575090156053
0.4233299061933607
0.2468141683613656
0.10327852664954146
0.012358794458739606
0.006179397229369803
0.0
0.0
0.0
0.0
0.0
0.0
0.0
0.0
0.0
0.0
0.0
0.0
0.19058346217816755
0.2397911121998989
0.469122153525099
0.5499989082871208
0.5923371237626509
0.5729328116823924
0.5137440330693952
0.45150554608719745
0.31062171984980463
0.1513351462733299
0.005560054771608058
0.0
0.0
0.0
0.0
0.0
0.0
0.0
0.0
0.0
0.0
0.0
0.0
0.0
0.10828389581790407
0.1413964065448724
0.5151306295208635
0.5444091159836364
0.531945824401018
0.5194825328183996
0.4297854169769794
0.3782040289823569
0.2630819590772012
0.13351275988379008
0.012188383764414222
0.0
0.0
0.0
0.0
0.0
0.0
0.0
0.0
0.0
0.0
0.0
0.0
0.0
0.1650793314474931
0.3301586628949862
0.4461006333105753
0.5497714260866772
0.536538874907505
0.37891018839256846
0.22128150187763196
0.2708627041472879
0.2707166797125904
0.14219968617423553
0.01144082741666607
0.005720413708333035
0.0
0.0
0.0
0.0
0.0
0.0
0.0
0.0
0.0
0.0
0.0
0.0
0.16423732577623912
0.32847465155247824
0.44363610883509597
0.5076968648929335
0.5318332890368408
0.4190961650282107
0.22271713159492035
0.18321319964859462
0.1262349371176484
0.06527734372699548
0.004319750336342546
0.0
0.0
0.0
0.0
0.0
0.0
0.0
0.0
0.0
0.0
0.0
0.0
0.0
0.19462468748817166
0.37316164084319114
0.26199117776872916
0.37578404535786203
0.43006675538742223
0.35219147955281077
0.27431620371819926
0.3809362268597719
0.21250856641599397
0.1333343109491663
0.011565420141290762
0.0
0.0
0.0
0.0
0.0
0.0
0.0
0.0
0.0
0.0
0.0
0.0
0.0
0.20609244300983726
0.37259012195797725
0.4792800777901457
0.5859700336223141
0.29720536782301865
0.41324084054754756
0.510683071163777
0.42341993448470233
0.33023502617782063
0.1513271080330315
0.012244651446502792
0.0
0.0
0.0
0.0
0.0
0.0
0.0
0.0
0.0
0.0
0.0
0.0
0.10266440509074619
0.20532881018149238
0.3364083947269667
0.46427469271316874
0.5439051183169287
0.5685342865911259
0.5556489873928432
0.42936582083340463
0.41939840286342933
0.32759607188786677
0.14099234248142076
0.012294488536352668
0.0
0.0
0.0
0.0
0.0
0.0
0.0
0.0
0.0
0.0
0.0
0.0
0.0
0.15619185106160338
0.3551141837252971
0.09184322056837375
0.24487950422212867
0.489691206624591
0.35196989941547796
0.38104313545574026
0.2464355672433125
0.17060521974060563
0.11694031986064637
0.00988140879878283
0.004940704399391415
0.0
0.0
0.0
0.0
0.0
0.0
0.0
0.0
0.0
0.0
0.0
0.06478861871685473
0.0644136348069359
0.1288272696138718
0.15184000183859647
0.248023423696116
0.5360296523846034
0.563201717977189
0.26029374396824445
0.3504737076010497
0.23783304247599993
0.13047591269906694
0.010367722336834046
0.0
0.0
0.0
0.0
0.0
0.0
0.0
0.0
0.0
0.0
0.0
0.0
0.0
0.2142046351189495
0.12229751782516035
0.5077008840130827
0.5835874991978782
0.5814163704932892
0.23130056511665337
0.5124233501883735
0.15544570379670394
0.3124576539339517
0.14402758201808424
0.012842696524701316
0.0
0.0
0.0
0.0
0.0
0.0
0.0
0.0
0.0
0.0
0.0
0.0
0.10783419933864107
0.21566839867728213
0.39916454438437926
0.4949667037324093
0.5847200872559181
0.6395907231806325
0.6067336121370266
0.5408698787802653
0.4613869548859803
0.16233035852197084
0.07875064186298596
0.012442392157842626
0.0
0.0
0.0
0.0
0.0
0.0
0.0
0.0
0.0
0.0
0.0
0.0
0.0
0.1210434396209479
0.2420868792418958
0.2675375556745862
0.1828510769231532
0.09816459817172021
0.3373448497217265
0.3057835030142174
0.24521214706990105
0.20901273571023407
0.11708581201004684
0.007486013189869396
0.0
0.0
0.0
0.0
0.0
0.0
0.0
0.0
0.0
0.0
0.0
0.0
0.0
0.06421227688746181
0.08967641353257974
0.29701981152892254
0.4656150692829215
0.4296029489222064
0.5179528556896202
0.5061776374765421
0.1385727720423994
0.1678770409833398
0.13059407483145294
0.008550276205373217
0.0
0.0
0.0
0.0
0.0
0.0
0.0
0.0
0.0
0.0
0.0
0.0
0.0
0.06397715835873458
0.12795431671746915
0.3345081547204327
0.3225647453874323
0.5935613477600923
0.31746486007903646
0.4317813120430639
0.3639128415558898
0.29604437106871573
0.1396073536780121
0.008558314445671584
0.0
0.0
0.0
0.0
0.0
0.0
0.0
0.0
0.0
0.0
0.0
0.0
0.0
0.2092916626485874
0.37464550000226976
0.508442813592622
0.5644958746652262
0.5614228553991605
0.2816529956495756
0.5246221836651755
0.41896674935940686
0.29673324826228575
0.13826255607609528
0.00988140879878283
0.0
0.0
0.0
0.0
0.0
0.0
0.0
0.0
0.0
0.0
0.0
0.0
0.03222892256428846
0.032530202405636185
0.1280692635537358
0.07251055425948122
0.15678507319562288
0.24331271088739687
0.16575936657673496
0.08820602226607306
0.07111913486383385
0.046730309974557856
0.022341485085281863
0.011170742542640931
0.0
0.0
0.0
0.0
0.0
0.0
0.0
0.0
0.0
0.0
0.0
0.0
0.0
0.13155544837113767
0.15515272365720165
0.23225369988490321
0.22594609272277444
0.16872105621466837
0.13875369255832554
0.10878632890198267
0.0703804205804139
0.08298277372019404
0.05660287670901249
0.003681909834446845
0.0
0.0
0.0
0.0
0.0
0.0
0.0
0.0
0.0
0.0
0.0
0.0
0.0
0.09942258277841468
0.18391574185067192
0.32723435107444016
0.4718109449049029
0.3729303099795236
0.5124956943510588
0.4643329699553318
0.35841468519180664
0.2524964004282814
0.11689771718706503
0.007983580264338326
0.0
0.0
0.0
0.0
0.0
0.0
0.0
0.0
0.0
0.0
0.0
0.0
0.0
0.2212943630621094
0.3733384821297552
0.49177150321380836
0.5595829021948641
0.5748627931780305
0.5327834090401079
0.45246531197882245
0.3543143788156095
0.2561634456523965
0.03467307405159833
0.01101158538473326
0.0
0.0
0.0
0.0
0.0
0.0
0.0
0.0
0.0
0.0
0.0
0.0
0.0
0.19655507089582455
0.3931101417916491
0.5152745140222043
0.5861725972778331
0.5846039346836067
0.5830352720893803
0.5212638068685178
0.3110945895409519
0.22504790531334132
0.14142640745753263
0.010079149510122662
0.005039574755061331
0.0
0.0
0.0
0.0
0.0
0.0
0.0
0.0
0.0
0.0
0.0
0.11395250594174328
0.22790501188348655
0.3826499796913838
0.5099274765757305
0.32077948732837297
0.40170748993872507
0.5786351393500541
0.5126829853500107
0.4216113304175697
0.27221098858405685
0.12152533212683503
0.008034221178218039
0.0
0.0
0.0
0.0
0.0
0.0
0.0
0.0
0.0
0.0
0.0
0.0
0.0
0.22865658735138392
0.38158893197199933
0.51293297462329
0.5921337562831022
0.6163722660787987
0.5970177910883901
0.5341635748993375
0.45768534522858223
0.3278179273201016
0.16923912080189812
0.003433354441941576
0.0
0.0
0.0
0.0
0.0
0.0
0.0
0.0
0.0
0.0
0.0
0.0
0.0
0.044678147226384704
0.08935629445276941
0.10002786227288173
0.10271022306044686
0.096570615120554
0.1842372714626066
0.1835912836138069
0.24154188654966657
0.21571260899892314
0.10839245512736266
0.007485209365839559
0.0
0.0
0.0
0.0
0.0
0.0
0.0
0.0
0.0
0.0
0.0
0.0
0.0
0.06502936401379084
0.12725579363554101
0.14071663083918678
0.12932081756819158
0.09596694327414662
0.09129150080460131
0.08661605833505602
0.07031450700996729
0.06984507377654266
0.04312515920074016
0.0027080831565199177
0.0
0.0
0.0
0.0
0.0
0.0
0.0
0.0
0.0
0.0
0.0
0.0
0.0
0.021796492393052567
0.048448081926318935
0.16971538653957638
0.37208612429126964
0.43143727535829385
0.49078842642531806
0.3665132122924116
0.2422379981595052
0.1779224298842093
0.03299540482343781
0.0061806029654145585
0.0
0.0
0.0
0.0
0.0
0.0
0.0
0.0
0.0
0.0
0.0
0.0
0.0
0.10803903657451053
0.29096982996835646
0.41948360821059194
0.5038168063009116
0.20299383199770096
0.3630638979195551
0.4653642761856124
0.3990158369388595
0.2695093360197756
0.14000283510069178
0.009756816074158136
0.0
0.0
0.0
0.0
0.0
0.0
0.0
0.0
0.0
0.0
0.0
0.0
0.0
0.06339277828904327
0.10292805937253263
0.1402592549662097
0.12902099120506247
0.09638573559369155
0.09180233097556256
0.08330229377205414
0.02972926695309522
0.04700843308888136
0.02350421654444068
0.0
0.0
0.0
0.0
0.0
0.0
0.0
0.0
0.0
0.0
0.0
0.0
0.0
0.0329366896225597
0.0658733792451194
0.15423212807686146
0.24259087690860348
0.3778382890487812
0.4997816096711313
0.5039936475874758
0.47308580981622395
0.40278014487058483
0.2901627906424004
0.13691132788193972
0.009206196613719981
0.0
0.0
0.0
0.0
0.0
0.0
0.0
0.0
0.0
0.0
0.0
0.0
0.0
0.09905684284483897
0.18578061359989315
0.28429648287265197
0.36941662468818187
0.43019536723219615
0.44900886865052464
0.45163737322809067
0.42515860586123916
0.2936377219233845
0.13137217649233487
0.002955683216857587
0.0
0.0
0.0
0.0
0.0
0.0
0.0
0.0
0.0
0.0
0.0
0.0
0.0
0.2554086548883799
0.399805995960189
0.5204977625680834
0.566825356703693
0.6131529508393027
0.35354240855576163
0.5321435651123578
0.4325107823501408
0.13621556822781616
0.14327841802227642
0.07163920901113821
0.0
0.0
0.0
0.0
0.0
0.0
0.0
0.0
0.0
0.0
0.0
0.0
0.1224959496428629
0.1942649762348197
0.3885299524696394
0.5056865009943119
0.23935466060582133
0.5669808966534664
0.5574800985328113
0.4828587023709788
0.19651399417622226
0.28816769940034564
0.13976008024368108
0.0033214105746165075
0.0
0.0
0.0
0.0
0.0
0.0
0.0
0.0
0.0
0.0
0.0
0.0
0.1172562227043722
0.2345124454087444
0.35810079190815536
0.4816891384075664
0.5359263609967694
0.5395797412123773
0.5299595752232914
0.4662191430413438
0.40247871085939607
0.25332916212319223
0.10869790825870064
0.006213559750637865
0.0
0.0
0.0
0.0
0.0
0.0
0.0
0.0
0.0
0.0
0.0
0.0
0.0
0.09789451329769508
0.1863280177642119
0.3015786995141415
0.4187850851286638
0.4968862355156595
0.49445788312152267
0.4512161694364562
0.3545796407454556
0.257943112054455
0.12653958642495652
0.008110584461052528
0.004055292230526264
0.0
0.0
0.0
0.0
0.0
0.0
0.0
0.0
0.0
0.0
0.0
0.0
0.1266577485573425
0.24076056959266523
0.3737970637387771
0.47914985829731216
0.5718637257227096
0.541210700168916
0.3011838873528589
0.3759083075531432
0.2322665610693806
0.04541094624402752
0.004602696394845072
0.0
0.0
0.0
0.0
0.0
0.0
0.0
0.0
0.0
0.0
0.0
0.0
0.0
0.18806508149268908
0.3582892886431521
0.4541453042011812
0.5004391377275377
0.5007952317727554
0.12495669828083349
0.43549377332486483
0.37364313143706335
0.2457523168179513
0.1032688807611834
0.006228028583174926
0.0
0.0
0.0
0.0
0.0
0.0
0.0
0.0
0.0
0.0
0.0
0.0
0.0
0.00760889624109658
0.04867636795079256
0.038355632083697924
0.26973681822021944
0.34600163261105304
0.40453690228779293
0.14062311514757078
0.3067247809531562
0.19440403779198145
0.08049493834784939
0.040247469173924695
0.00230536731757172
0.0
0.0
0.0
0.0
0.0
0.0
0.0
0.0
0.0
0.0
0.0
0.0
0.15578190080638665
0.29008401588747634
0.41913555240567263
0.5023128515410872
0.5066221521650419
0.5109314527889965
0.4434801669733076
0.35055489382806315
0.17042989589233504
0.11904473117075892
0.05952236558537946
0.0
0.0
0.0
0.0
0.0
0.0
0.0
0.0
0.0
0.0
0.0
0.0
0.05057700986934149
0.10115401973868297
0.18712380355375027
0.08021893229605338
0.4541935336429715
0.5416937984108479
0.5197333259157086
0.4472087047357053
0.09564470932563712
0.23111347549857983
0.08754286744145777
0.043771433720728885
0.0
0.0
0.0
0.0
0.0
0.0
0.0
0.0
0.0
0.0
0.0
0.0
0.0
0.12058325036386641
0.24116650072773282
0.3860549782817722
0.47909961929544737
0.5721442603091226
0.5390853894340277
0.5060265185589328
0.429959846791454
0.2603449382556072
0.11102015588089893
0.005739303573034198
0.0
0.0
0.0
0.0
0.0
0.0
0.0
0.0
0.0
0.0
0.0
0.0
0.0
0.11452598624574355
0.3769870394011841
0.17635461207284464
0.5930967374708467
0.5807001632827047
0.5683035890945627
0.472805275229811
0.37127747731725386
0.2548258824667482
0.11538411653888249
0.007627486219120659
0.0
0.0
0.0
0.0
0.0
0.0
0.0
0.0
0.0
0.0
0.0
0.0
0.0
0.2248086817205555
0.3904237618839348
0.5030997952662974
0.5665472335893695
0.5766641628288944
0.5306082612153696
0.2407553906396972
0.35019317301463665
0.2346064928202353
0.11901981262583398
0.008199808928364406
0.004099904464182203
0.0
0.0
0.0
0.0
0.0
0.0
0.0
0.0
0.0
0.0
0.0
0.0
0.08515057636077629
0.36875829280774564
0.5099138115672233
0.5800611231789844
0.5966657161633216
0.5793521503846685
0.5217838810158221
0.32142504910568287
0.32627538900684494
0.14274950181064386
0.006326787612283791
0.0
0.0
0.0
0.0
0.0
0.0
0.0
0.0
0.0
0.0
0.0
0.0
0.0
0.10653079867426082
0.18746221347031156
0.3333184951562743
0.49277547942707445
0.22254533484918182
0.5609932114552127
0.5293245542397205
0.4699460731556817
0.342186281853433
0.14655721623998041
0.006615795852444254
0.0
0.0
0.0
0.0
0.0
0.0
0.0
0.0
0.0
0.0
0.0
0.0
0.0
0.1364506153843329
0.1908429748311733
0.5011883017233456
0.18063484323058882
0.6121023528323061
0.5373447084974163
0.4625870641625265
0.34950188434897705
0.23433680985822508
0.11917173536747312
0.00823517718567722
0.00411758859283861
0.0
0.0
0.0
0.0
0.0
0.0
0.0
0.0
0.0
0.0
0.0
0.0
0.22400325004265914
0.3717613793832156
0.41507543723096735
0.4583894950787192
0.22265121157313583
0.249252181834697
0.466025823362168
0.4309622153566603
0.2706821152793074
0.1391515854530947
0.0076210556268819655
0.0038105278134409827
0.0
0.0
0.0
0.0
0.0
0.0
0.0
0.0
0.0
0.0
0.0
0.0
0.23808544322136863
0.3891296051958977
0.5142890257616245
0.588432950449734
0.6112808446738129
0.593729346982328
0.5332713302262186
0.4735464009853204
0.33828934295678464
0.052442319777579585
0.0720813122275484
0.0
0.0
0.0
0.0
0.0
0.0
0.0
0.0
0.0
0.0
0.0
0.0
0.0
0.2289065766246631
0.3748536904259975
0.14782088981083644
0.5559431869877636
0.5706443246694473
0.410994463365425
0.5322038519145956
0.4873054569040356
0.21381876297857175
0.14985048329022146
0.010481865349070859
0.0
0.0
0.0
0.0
0.0
0.0
